0,459,36,279,12,21,21,112,48,50,33,30,36,0,2,78,78,68,5,0,3,2,37,222,9,322,0,0,196,22,0,0,0,37,0,0,120,48,897,88,5,0,0,0,3,0,0,0,7,0,0,0,8,0,19,22,0,0,0,0,125,24,0,0,36,0,7,0,0,0,0,0,0,0,0,0,0,0,0,0,0,0,0,0,0,0,0,0,0,0,0,0,0,0,0,0,0,0,0,0,0,0,0,0,3,0,4,0,0,0,0,0,0,0,0,0,0,0,0,0,0,0,0,0,57,0,23,0,0,0,27,0,0,0,9,0,0,1,0,0,0,0,0,0,0,0,17,0,37,0,12,0,0,0,0,0,0,0,0,0,14,0,0,0,5,0,0,0,33,0,0,0,505,58,0,0,198,204,3,0,0,0,33,3,10,0,0,0,0,0,0,0,2,0,0,0,3,0,0,0,3,0,0,0,0,0,4,0,0,0,563,200,273,102,280,0,24,0,0,0,21,0,0,0,0
459,0,299,48,0,27,86,22,74,81,0,77,0,96,0,32,202,47,0,35,7,0,422,59,278,108,0,134,28,317,0,0,0,208,0,0,14,243,110,764,0,7,0,0,0,0,0,88,0,4,0,0,1,7,35,8,0,0,0,10,0,226,51,59,0,119,0,13,0,0,0,0,0,0,0,0,0,0,0,0,0,0,0,0,0,0,0,0,0,0,0,0,0,0,0,0,0,2,0,0,0,0,0,0,0,4,0,0,0,0,0,0,0,0,0,0,0,0,0,0,0,0,0,0,0,0,0,20,0,0,0,30,0,4,0,26,0,4,0,0,0,0,0,0,0,0,0,0,0,79,0,102,0,125,0,5,0,9,0,0,0,0,0,1,0,21,0,0,2,43,0,26,57,358,0,0,127,396,0,0,0,42,30,1,0,124,0,0,0,0,0,0,0,0,0,0,0,0,0,0,0,2,0,0,0,0,0,0,0,6,0,6,25,0,578,0,0,0,1018,186,358,168,2,17,0
36,299,0,0,315,0,29,0,0,0,68,61,145,0,147,0,59,42,68,0,8,0,603,0,154,125,89,0,499,0,62,0,124,0,0,2,48,43,719,0,42,0,0,0,0,0,80,0,15,0,0,0,0,0,114,0,0,0,24,0,60,0,90,0,0,0,0,0,0,0,0,0,0,0,0,0,0,0,0,0,0,0,0,0,0,0,0,0,0,0,0,0,0,0,0,0,0,0,0,0,0,0,0,0,0,0,0,0,0,0,0,0,0,0,0,0,0,0,0,0,0,0,0,0,56,0,48,0,0,0,14,0,0,0,67,0,66,0,0,0,0,0,70,0,0,0,13,0,26,0,24,0,0,0,1,0,0,0,0,0,9,0,0,0,0,0,0,2,26,2,0,0,360,0,0,0,33,88,0,0,0,0,3,0,0,0,0,0,0,0,0,0,0,0,0,0,7,0,0,0,0,0,0,0,0,0,13,0,49,0,603,68,356,0,476,2,0,3,0,0,0,0,0,0,0
279,48,0,0,0,68,0,37,0,5,39,31,0,32,0,144,106,20,0,162,0,0,222,265,103,398,0,116,18,455,0,0,0,279,0,0,21,60,97,407,0,0,0,0,0,0,0,44,0,0,0,0,0,2,0,27,0,0,0,0,0,0,0,0,0,5,0,0,0,0,0,0,0,0,0,0,0,0,0,0,0,0,0,0,0,0,0,0,0,0,0,0,0,0,0,0,0,0,0,0,0,0,0,0,0,0,0,0,0,0,0,0,0,0,0,0,0,0,0,0,0,0,0,0,0,5,0,0,0,0,0,17,0,1,0,112,0,54,0,0,0,0,0,0,0,0,0,0,0,0,0,0,0,0,0,0,0,0,0,0,0,6,0,0,0,0,0,18,0,15,0,8,0,95,0,0,50,59,0,2,0,1,15,0,0,0,0,0,0,0,0,0,0,0,0,0,0,0,0,9,0,0,0,0,0,0,0,9,0,31,8,0,0,0,221,0,0,0,275,54,285,90,0,7,0
12,0,315,0,0,337,17,0,9,1,110,223,287,69,224,218,0,0,98,138,45,55,146,32,10,0,230,0,0,0,274,0,471,88,75,47,335,44,0,0,84,0,7,0,22,0,137,0,14,0,58,0,0,0,24,0,0,0,0,0,0,0,0,0,18,0,0,0,0,0,0,0,0,0,0,0,0,0,0,0,0,0,0,0,0,0,0,0,0,0,0,0,0,0,0,0,0,0,0,0,0,0,0,0,0,0,34,0,0,0,0,0,0,0,0,0,0,0,0,0,0,0,0,0,45,0,48,0,0,0,17,0,0,0,65,0,38,0,0,0,0,0,67,0,0,0,65,0,131,0,122,0,151,0,0,0,0,0,0,0,0,0,0,0,82,0,336,0,117,0,4,0,129,0,0,0,64,94,86,0,59,0,23,0,51,0,3,0,0,0,0,0,0,0,0,0,13,0,0,0,15,0,0,0,0,0,0,0,30,0,551,342,634,125,257,0,9,0,0,21,0,0,0,0,0
21,27,0,68,337,0,0,14,0,0,172,70,229,213,297,109,0,5,190,288,235,287,167,215,0,11,0,282,0,35,0,160,111,380,0,198,95,151,0,29,0,6,0,25,0,0,0,91,0,0,0,63,0,0,0,0,0,0,0,0,0,0,0,0,0,16,0,0,0,0,0,0,0,0,0,0,0,0,0,0,0,0,0,0,1,0,0,0,0,1,0,0,0,0,0,0,0,0,0,0,0,0,0,0,0,0,0,0,0,0,0,0,0,0,0,0,0,0,0,0,0,0,0,0,0,0,0,0,0,0,0,6,0,0,0,43,0,12,0,0,0,0,0,0,0,0,0,0,0,30,0,53,0,88,0,0,0,8,0,0,0,0,0,0,0,0,0,307,0,231,0,0,0,77,0,0,40,211,15,9,0,57,0,7,0,0,0,0,0,0,0,0,0,0,0,0,0,0,0,0,0,0,0,0,0,0,0,0,0,16,20,0,0,0,330,0,0,0,538,394,718,0,1,0,0
21,86,29,0,17,0,0,0,126,374,5,0,0,0,0,0,12,0,0,0,0,0,9,0,109,244,0,0,0,0,0,0,0,0,0,0,0,0,75,0,0,0,0,0,0,0,0,0,69,0,0,0,122,160,43,226,3,0,10,0,447,0,281,132,6,0,0,10,1,1,0,0,0,0,0,0,0,0,0,0,0,0,0,0,0,0,0,0,0,0,0,0,0,0,0,0,0,0,0,0,0,0,0,0,0,0,0,0,0,0,0,0,0,0,0,0,0,0,0,0,0,0,0,0,74,0,17,0,0,0,30,0,3,0,10,0,20,0,0,0,0,0,12,0,0,0,0,0,7,0,0,0,1,0,1,0,0,0,0,0,12,0,0,0,12,1,0,0,90,0,169,0,369,0,0,0,43,93,0,0,0,0,4,0,0,24,0,0,0,0,0,0,0,0,0,0,0,0,0,0,0,0,0,0,0,0,2,0,13,0,965,83,402,332,733,0,186,6,0,0,22,0,0,0,0
112,22,0,37,0,14,0,0,130,41,0,20,0,16,0,46,0,11,0,0,0,0,0,0,0,39,0,36,0,0,0,0,0,0,0,0,0,0,0,244,0,0,0,0,0,4,0,21,0,4,0,0,21,87,0,387,0,27,0,42,0,313,35,314,0,118,0,32,0,0,0,0,0,0,0,0,0,0,0,0,0,0,0,0,0,0,0,1,0,0,0,0,0,0,0,0,0,0,0,0,0,0,0,0,0,0,0,0,0,0,0,0,0,0,0,0,0,0,0,0,0,0,0,0,0,33,0,0,0,6,0,191,0,6,0,0,0,10,0,1,0,0,0,0,0,0,0,0,0,32,0,0,0,0,0,7,0,31,0,0,0,22,0,0,0,18,0,0,0,54,0,55,0,236,0,0,0,28,0,0,0,0,0,0,0,1,0,0,0,0,0,0,0,0,0,0,0,0,0,2,0,0,0,0,0,0,0,2,0,5,0,0,0,0,801,0,0,0,593,52,405,439,2,93,0
48,74,0,0,9,0,126,130,0,427,13,0,27,0,0,0,0,0,0,0,0,0,0,0,8,222,6,0,8,0,0,0,0,0,0,0,0,0,40,0,0,0,0,0,0,0,0,0,15,0,0,0,102,175,88,335,17,8,33,75,139,34,70,88,289,3,209,52,0,0,0,0,0,0,0,0,0,0,0,0,0,0,0,0,0,0,0,0,0,0,0,0,0,0,0,0,0,0,0,0,0,0,0,0,6,0,0,0,0,0,0,0,0,0,0,0,0,0,0,0,0,0,0,0,95,0,31,0,0,0,89,0,2,0,14,0,5,0,0,0,0,0,0,0,0,0,48,0,184,0,40,0,38,0,0,0,0,11,2,0,69,0,0,0,6,0,0,0,27,0,49,0,61,0,4,0,276,104,0,0,0,0,8,0,189,45,0,0,0,0,0,0,0,0,1,0,3,0,0,0,0,0,0,0,0,0,0,0,16,0,223,28,127,0,151,0,56,0,14,0,11,0,1,0,0
50,81,0,5,1,0,374,41,427,0,0,7,0,0,0,0,8,9,0,7,0,0,0,0,125,4,0,0,0,0,0,0,0,0,0,0,0,0,13,0,0,0,0,1,0,5,0,10,0,3,0,0,153,148,362,55,0,39,0,99,38,256,86,219,0,287,23,120,0,0,0,0,0,0,0,0,0,0,0,0,0,0,0,0,0,1,0,0,0,0,0,0,0,0,0,0,0,0,0,0,0,0,0,0,0,4,0,0,0,0,0,0,0,0,0,0,0,0,0,0,0,0,0,0,0,23,0,0,0,0,0,82,0,5,0,33,0,3,0,0,0,0,0,0,0,0,0,0,0,76,0,36,0,36,0,22,0,82,0,2,0,15,0,0,0,13,0,0,1,34,0,42,31,86,0,0,42,264,0,0,0,17,0,1,0,86,0,0,0,0,0,0,0,2,0,0,0,0,0,6,0,2,0,0,0,0,0,5,0,12,0,9,0,0,491,0,0,0,396,101,286,327,7,78,0
33,0,68,39,110,172,5,0,13,0,0,123,218,0,24,220,0,0,0,0,26,24,24,82,0,0,29,0,22,0,92,0,367,0,2,8,208,13,78,0,30,0,0,0,9,0,45,0,4,0,0,0,0,0,0,0,0,0,2,0,0,0,0,0,15,0,0,0,0,0,0,0,0,0,0,0,0,0,0,0,0,0,0,0,0,0,0,0,0,0,0,0,0,0,0,0,0,0,0,0,0,0,0,0,0,0,0,0,0,0,0,0,0,0,0,0,0,0,0,0,0,0,0,0,74,0,70,0,0,0,12,0,1,0,17,0,0,0,0,0,0,0,0,0,0,0,0,0,70,0,81,0,80,0,0,0,0,0,0,0,4,0,0,0,0,0,175,0,0,0,0,0,102,0,0,0,141,71,80,0,54,0,28,0,46,0,3,0,0,0,0,0,0,0,0,0,0,0,0,0,0,0,0,0,0,0,0,0,22,0,310,178,223,75,114,0,0,0,0,0,0,0,0,0,0
30,77,61,31,223,70,0,20,0,7,123,0,56,335,201,16,11,4,69,25,173,71,205,118,1,0,0,182,0,87,80,84,74,553,0,34,65,199,0,74,0,87,0,0,0,59,0,226,2,14,0,0,0,0,0,0,0,0,0,0,0,1,0,0,0,36,0,0,0,0,0,0,0,0,0,0,0,0,0,0,0,0,0,0,0,0,0,0,0,0,0,1,0,0,0,0,0,2,0,0,0,0,0,0,0,0,0,0,0,0,0,0,0,0,0,0,0,0,0,0,0,0,0,0,0,13,0,7,0,0,0,39,0,0,0,19,0,4,0,0,0,0,0,0,0,0,0,23,0,46,0,52,0,90,0,0,0,0,0,0,0,0,0,3,0,0,16,119,0,0,0,11,0,100,0,52,54,211,4,31,0,97,0,14,1,79,1,4,0,0,0,0,0,0,0,0,0,0,0,2,0,0,0,0,0,0,0,9,0,6,20,17,0,0,203,0,0,0,436,322,300,82,0,1,0
36,0,145,0,287,229,0,0,27,0,218,56,0,555,53,43,0,0,51,411,17,76,1,0,3,0,124,717,0,0,19,0,13,0,124,42,99,28,0,0,148,71,150,88,47,64,297,154,17,0,154,137,0,0,0,0,0,0,0,0,0,0,0,0,15,0,0,0,0,0,0,0,0,0,0,0,0,0,0,0,0,0,0,0,0,0,0,0,0,0,0,0,0,0,0,0,0,0,0,0,0,0,0,0,0,0,0,0,0,0,0,0,0,0,0,0,0,0,0,0,0,0,0,0,38,0,54,0,0,0,0,0,0,0,45,0,0,0,0,0,0,0,0,0,0,0,0,0,92,0,93,0,157,0,1,0,0,0,0,0,0,0,0,0,191,0,25,0,0,0,1,0,13,0,0,0,55,77,171,0,77,0,58,0,121,0,157,60,0,0,0,0,0,0,0,0,14,0,0,0,0,0,0,0,0,0,0,0,27,0,125,242,357,0,31,0,0,0,0,52,0,0,0,0,0
0,96,0,32,69,213,0,16,0,0,0,335,555,0,26,0,0,0,434,29,123,50,0,0,0,0,214,76,0,0,0,0,0,0,142,43,54,15,0,0,46,133,81,90,12,45,0,312,0,102,64,191,0,0,0,0,0,0,0,0,0,0,0,0,0,0,0,0,0,0,0,0,0,0,0,0,0,0,0,0,0,0,0,0,0,0,0,0,0,0,0,0,0,0,0,0,0,0,0,0,0,0,0,0,0,0,0,0,0,0,0,0,0,0,0,0,0,0,0,0,0,0,0,0,0,0,0,0,0,0,0,0,0,0,0,0,0,0,0,0,0,0,0,0,0,0,0,0,0,0,0,0,0,0,0,0,0,0,0,0,0,0,0,0,0,0,0,23,0,0,0,0,0,0,0,0,12,172,0,52,0,39,0,0,0,0,29,68,0,0,0,0,0,0,0,0,0,0,0,0,0,0,0,0,0,0,0,0,0,0,0,42,0,0,35,0,0,0,99,442,269,0,0,0,0
2,0,147,0,224,297,0,0,0,0,24,201,53,26,0,343,4,0,259,109,77,73,175,22,26,0,207,0,0,0,206,35,157,106,18,53,76,41,0,2,10,0,0,0,22,0,29,0,0,0,11,5,0,0,82,0,10,0,0,0,0,0,1,0,0,0,0,0,0,0,0,0,0,0,0,0,0,0,0,0,0,0,0,0,29,0,0,0,0,0,0,0,0,0,0,0,0,0,0,0,0,0,0,0,0,0,0,0,0,0,0,0,0,0,0,0,0,0,0,0,0,0,0,0,0,0,0,0,0,0,0,0,0,0,39,0,93,0,0,0,0,0,187,0,0,0,0,0,37,0,28,0,24,0,0,0,0,0,0,0,0,0,0,0,22,0,95,0,20,0,0,0,17,0,0,0,12,25,0,2,4,0,0,0,6,0,0,0,0,0,0,0,0,0,0,0,0,0,0,0,31,0,0,0,0,0,0,0,0,0,63,92,110,23,27,0,2,0,0,0,0,0,0,0,0
78,32,0,144,218,109,0,46,0,0,220,16,43,0,343,0,24,33,57,186,224,162,327,258,0,76,0,38,0,10,107,25,166,114,13,26,78,59,22,10,0,0,0,0,0,4,0,0,0,0,5,0,0,0,0,75,0,12,0,0,0,3,0,0,0,0,0,0,0,0,0,0,0,0,0,0,0,0,0,0,0,0,0,0,0,207,0,0,0,0,0,0,0,0,0,0,0,55,0,76,0,101,0,0,0,0,0,80,0,0,0,0,0,0,0,0,0,0,0,0,0,0,0,0,0,9,0,0,0,0,0,16,0,16,0,535,0,189,0,0,0,0,0,239,0,0,0,0,0,26,0,34,0,24,0,15,0,1,0,0,0,0,0,0,0,7,0,46,0,15,0,3,0,23,0,0,23,41,14,11,0,36,6,0,0,8,0,0,0,0,0,0,0,0,0,0,0,0,0,0,0,36,0,0,0,0,0,20,0,0,0,13,31,0,45,0,0,0,87,323,50,26,0,0,0
78,202,59,106,0,0,12,0,0,8,0,11,0,0,4,24,0,42,65,0,166,0,44,105,100,154,135,0,431,0,37,0,24,16,6,0,0,30,151,44,0,0,5,0,39,0,0,0,7,0,0,0,148,0,7,0,5,0,0,0,8,0,146,0,0,0,0,0,0,0,13,0,0,0,19,0,0,0,0,0,56,0,0,0,283,0,27,0,0,0,67,0,0,0,0,0,252,0,254,0,127,0,0,0,0,0,128,0,0,0,0,0,0,0,0,0,0,0,0,0,59,0,117,0,0,0,0,0,191,0,0,0,0,0,0,0,326,0,221,0,183,0,613,0,0,0,0,0,0,0,0,0,0,0,73,0,0,0,50,0,0,0,0,0,0,0,0,0,0,0,0,0,19,19,0,0,19,13,0,0,0,0,33,0,0,0,0,0,0,0,0,0,0,0,0,0,0,0,0,0,21,0,0,0,0,0,0,0,2,0,0,185,13,0,0,0,0,0,0,0,0,4,0,0,0
68,47,42,20,0,5,0,11,0,9,0,4,0,0,0,33,42,0,0,0,0,237,50,106,80,92,0,0,0,557,0,38,0,22,0,14,3,13,19,187,0,0,0,11,0,0,0,0,0,0,0,0,0,79,0,0,0,16,0,0,0,21,21,140,0,0,0,0,0,0,0,0,0,0,0,0,0,0,0,0,0,0,0,0,0,130,0,0,0,0,0,0,0,0,0,0,0,0,0,22,1,15,0,0,0,0,0,0,0,0,0,0,0,0,0,0,0,0,0,0,0,6,0,0,0,0,0,0,0,53,0,9,0,93,0,19,0,233,0,194,0,60,0,371,0,0,0,0,0,0,0,0,0,0,0,22,0,0,0,42,0,0,0,0,0,0,0,0,0,0,0,0,7,12,0,0,8,13,0,0,0,0,0,34,0,0,0,0,0,0,0,0,0,0,0,0,0,0,0,0,0,0,0,0,0,0,0,0,0,0,0,0,0,0,2,0,0,0,0,121,12,0,0,0,0
5,0,68,0,98,190,0,0,0,0,0,69,51,434,259,57,65,0,0,341,173,114,124,0,49,0,71,280,0,0,24,0,4,0,182,85,43,43,0,0,9,17,25,53,11,0,22,51,0,0,141,127,4,0,0,0,0,0,0,0,0,0,4,0,0,0,2,0,0,0,0,0,0,0,0,0,0,0,0,0,0,0,0,0,132,0,0,0,0,0,0,0,0,0,0,0,0,0,0,0,0,0,0,0,0,0,0,0,0,0,0,0,0,0,0,0,0,0,0,0,0,0,0,0,0,0,0,0,0,0,0,0,0,0,33,0,0,0,0,0,0,0,363,0,0,0,0,0,73,0,0,0,0,0,0,0,0,0,0,0,0,0,0,0,75,0,0,0,0,0,0,0,0,0,0,0,4,16,0,0,0,0,10,0,23,0,10,18,0,0,0,0,0,0,0,0,0,0,0,0,64,0,0,0,0,0,0,0,26,0,108,177,70,0,16,0,0,0,0,0,35,0,0,0,0
0,35,0,162,138,288,0,0,0,7,0,25,411,29,109,186,0,0,341,0,183,254,0,120,0,87,0,208,0,0,51,10,0,9,137,133,61,20,0,0,15,0,32,64,7,38,0,30,2,0,35,197,0,6,0,0,0,0,0,0,0,0,0,45,0,57,0,0,0,0,0,0,0,0,0,0,0,0,0,0,0,0,0,0,0,322,0,0,0,0,0,0,0,0,0,0,0,75,0,0,0,144,0,0,0,0,0,0,0,0,0,0,0,0,0,0,0,0,0,0,0,0,0,0,0,0,0,0,0,0,0,25,0,0,0,637,0,236,0,0,0,0,0,394,1,2,0,0,0,0,0,0,0,0,0,0,0,0,0,0,0,0,0,0,0,71,0,74,0,87,0,0,0,2,0,0,3,21,0,0,0,102,0,0,0,0,2,19,0,0,0,0,0,0,0,0,0,0,0,0,0,54,0,0,0,0,0,0,0,79,6,37,71,0,97,0,0,0,185,325,186,90,4,6,0
3,7,8,0,45,235,0,0,0,0,26,173,17,123,77,224,166,0,173,183,0,83,144,57,13,0,217,104,36,0,217,17,119,58,16,44,6,31,15,0,0,0,13,15,11,5,0,12,0,0,25,39,20,0,0,0,0,0,0,0,0,0,0,0,0,0,0,0,0,0,27,0,0,0,19,0,0,0,0,0,0,0,0,0,304,0,0,0,0,0,0,0,0,0,0,0,367,0,316,0,0,0,0,0,0,0,235,0,0,0,0,0,0,0,0,0,0,0,0,0,44,0,85,0,0,0,0,0,0,0,0,0,0,0,0,0,200,0,0,0,101,0,552,0,34,0,0,0,0,0,0,0,0,0,26,0,0,0,0,0,2,0,0,0,0,0,17,0,0,0,0,0,0,0,0,0,0,12,21,0,0,0,0,0,0,0,3,0,0,0,0,0,0,0,0,0,0,0,0,0,95,0,0,0,0,0,0,0,0,0,61,141,58,0,12,0,2,0,0,0,0,0,0,0,0
2,0,0,0,55,287,0,0,0,0,24,71,76,50,73,162,0,237,114,254,83,0,20,345,0,0,16,40,0,53,37,25,0,26,0,24,27,7,0,0,0,0,0,31,0,38,0,8,0,2,11,46,0,39,0,10,0,0,0,0,0,0,0,167,0,0,0,0,0,0,0,0,0,0,0,0,0,0,0,0,0,136,0,0,0,561,0,0,0,0,0,0,0,0,0,0,0,39,0,207,0,178,0,8,0,0,0,0,0,0,0,0,0,0,0,0,0,0,0,0,0,0,0,23,0,0,0,0,0,0,0,0,0,67,0,0,0,436,0,343,0,225,0,1000,0,0,0,0,0,0,0,0,0,0,0,0,0,0,0,0,0,0,0,0,0,59,0,50,0,49,0,0,0,0,0,0,0,21,0,15,0,0,0,0,0,0,1,26,0,0,0,0,0,0,0,0,0,0,0,0,0,0,0,0,0,0,0,0,0,0,0,0,0,0,27,0,0,0,107,224,91,18,3,0,0
37,422,603,222,146,167,9,0,0,0,24,205,1,0,175,327,44,50,124,0,144,20,0,384,35,91,0,0,139,31,194,0,36,159,0,0,20,58,58,90,1,0,0,0,18,0,10,0,0,0,0,0,28,0,182,0,25,0,0,0,0,0,17,0,0,0,0,0,0,0,0,0,0,0,0,0,0,0,0,0,0,0,0,0,35,0,0,0,0,0,0,0,0,0,0,0,0,0,0,0,0,0,0,0,0,0,62,0,0,0,0,0,0,0,0,0,0,0,0,0,0,0,0,0,0,0,0,0,97,0,0,0,0,0,28,0,234,0,0,0,46,0,361,0,0,0,0,0,0,0,5,0,0,0,28,0,0,0,0,0,0,0,0,0,0,0,11,0,7,0,0,0,92,31,0,0,42,55,0,6,0,0,0,0,0,0,0,0,0,0,0,0,0,0,0,0,6,0,0,0,65,0,0,0,0,0,4,0,22,0,39,187,68,0,46,0,0,0,0,0,0,0,0,0,0
222,59,0,265,32,215,0,0,0,0,82,118,0,0,22,258,105,106,0,120,57,345,384,0,24,39,0,5,0,207,0,66,46,84,0,16,33,23,77,0,0,0,0,2,0,0,0,0,0,0,0,10,0,33,0,13,0,0,0,0,0,0,2,20,0,0,0,0,0,0,0,0,0,0,0,0,0,0,0,0,0,0,0,0,0,368,0,0,0,0,0,0,0,0,0,0,0,56,0,113,0,124,0,0,0,0,0,91,0,0,0,0,0,0,0,0,0,0,0,0,0,0,0,0,0,0,0,0,0,0,0,0,0,0,0,247,0,167,0,56,0,0,0,485,0,0,0,0,0,0,0,0,0,0,0,7,0,1,0,0,0,0,0,1,0,0,24,6,0,0,0,6,0,43,0,0,0,35,0,26,0,0,0,0,0,0,0,0,0,0,0,0,0,0,0,0,0,0,0,0,0,5,0,0,0,0,0,0,0,0,0,0,0,0,18,0,0,0,17,466,22,0,0,0,0
9,278,154,103,10,0,109,0,8,125,0,1,3,0,26,0,100,80,49,0,13,0,35,24,0,351,0,0,104,3,0,0,0,0,0,0,0,10,61,39,0,0,0,0,8,0,0,0,29,0,0,0,160,28,391,49,9,0,0,0,91,0,340,90,0,0,0,3,0,0,0,0,0,0,0,0,0,0,0,0,0,0,0,0,13,0,0,0,0,0,0,0,0,0,0,0,0,0,0,0,0,0,2,0,0,0,0,0,0,0,0,0,0,0,0,0,0,0,0,0,0,0,0,0,0,0,0,0,157,0,0,0,3,0,21,0,174,0,0,0,28,0,233,0,0,0,1,0,0,0,0,0,0,0,25,0,0,0,50,0,4,0,0,0,5,0,0,0,27,0,34,0,116,24,0,0,2,24,0,0,0,1,10,13,0,0,0,0,0,0,0,0,0,0,0,0,0,0,0,0,0,0,0,0,0,0,4,0,0,0,171,82,131,0,207,4,0,0,27,4,14,0,0,0,0
322,108,125,398,0,11,244,39,222,4,0,0,0,0,0,76,154,92,0,87,0,0,91,39,351,0,0,0,0,135,0,0,0,0,0,0,2,0,0,69,0,0,0,0,0,0,0,0,0,0,0,0,18,71,78,229,0,72,0,0,29,81,95,97,0,0,0,0,0,0,0,0,0,0,0,1,0,0,0,0,0,0,0,0,0,47,0,0,0,2,0,0,0,0,0,9,0,20,0,0,0,0,0,0,0,0,0,0,0,0,0,0,0,0,0,0,0,0,0,0,0,0,0,0,0,0,0,0,0,0,0,18,0,28,0,324,0,260,0,80,0,0,0,266,0,0,0,0,0,0,0,0,0,0,0,56,0,0,0,27,0,24,0,0,0,5,0,0,2,10,2,14,51,88,0,0,0,46,0,0,0,0,0,21,0,0,0,0,0,0,0,0,0,0,0,0,0,0,0,0,0,8,0,0,0,0,0,0,0,12,14,0,0,0,109,0,0,0,108,205,104,90,0,6,0
0,0,89,0,230,0,0,0,6,0,29,0,124,214,207,0,135,0,71,0,217,16,0,0,0,0,0,403,55,0,129,0,0,0,46,0,23,0,2,0,0,126,170,73,166,140,66,285,26,0,172,0,0,0,0,0,0,0,0,0,0,0,0,0,0,0,0,0,0,0,66,0,0,0,73,0,0,0,0,0,0,0,0,0,282,0,58,0,0,0,0,0,0,0,0,0,0,0,0,0,376,0,0,0,0,0,0,0,0,0,0,0,0,0,0,0,0,0,0,0,138,0,122,0,0,0,0,0,0,0,0,0,0,0,39,0,0,0,0,0,0,0,405,0,0,0,0,0,82,0,0,0,0,0,8,0,0,0,0,0,0,0,0,0,311,0,0,2,87,0,0,0,8,0,0,0,0,19,19,0,0,0,27,0,0,0,0,14,0,0,0,0,0,0,0,0,0,0,0,0,50,0,0,0,0,0,0,0,0,0,40,311,272,47,10,0,0,31,0,0,0,0,0,0,0
0,134,0,116,0,282,0,36,0,0,0,182,717,76,0,38,0,0,280,208,104,40,0,5,0,0,403,0,0,0,0,0,0,7,118,0,41,0,0,0,203,6,144,157,45,202,148,64,0,37,77,178,0,0,0,0,0,0,0,0,0,0,0,21,0,73,0,0,0,0,0,0,0,0,0,0,0,0,0,0,0,0,2,0,0,112,0,0,0,0,1,0,0,0,0,0,0,0,0,35,0,31,0,0,0,0,0,0,0,0,0,0,0,0,0,0,0,0,0,0,0,0,0,0,0,0,0,0,0,0,0,39,0,0,0,162,0,115,0,0,0,0,0,231,0,0,0,41,0,87,0,179,0,262,0,10,0,0,0,0,0,0,0,0,0,0,0,0,0,0,0,0,0,0,0,0,0,22,0,94,0,211,0,0,0,0,16,47,0,0,0,0,0,0,0,28,0,0,0,0,0,0,0,0,0,0,0,0,0,34,0,0,0,0,88,0,0,0,69,466,362,92,0,0,13
196,28,499,18,0,0,0,0,8,0,22,0,0,0,0,0,431,0,0,0,36,0,139,0,104,0,55,0,0,0,21,0,13,3,0,0,24,0,14,6,0,0,84,0,35,0,3,0,0,0,19,0,21,0,8,0,2,0,0,0,0,0,13,0,0,0,0,0,0,0,4,0,0,0,6,0,0,0,0,0,0,0,0,0,7,0,3,0,0,0,0,0,0,0,0,0,0,0,0,0,0,0,0,0,0,0,0,0,0,0,0,0,0,0,0,0,0,0,0,0,10,0,17,0,0,0,0,0,18,0,0,0,0,0,0,0,14,0,85,0,25,0,34,0,11,0,0,0,0,0,0,0,0,0,20,0,0,0,4,0,0,0,0,0,0,0,0,0,0,0,0,0,0,0,0,0,41,7,0,0,0,0,22,0,0,0,0,0,0,0,0,0,0,0,0,0,0,0,0,0,0,0,0,0,0,0,0,0,0,0,0,19,0,0,0,0,0,0,0,0,0,0,0,0,0
22,317,0,455,0,35,0,0,0,0,0,87,0,0,0,10,0,557,0,0,0,53,31,207,3,135,0,0,0,0,0,18,0,67,0,69,0,30,0,30,0,0,0,24,0,0,0,0,0,0,0,6,2,22,0,3,0,1,0,0,0,10,0,65,0,0,0,0,0,0,0,0,0,0,0,0,0,0,0,0,0,0,0,0,0,46,0,0,0,0,0,0,0,0,0,0,0,1,0,0,0,0,0,0,0,0,0,0,0,0,0,0,0,0,0,0,0,0,0,0,0,0,0,0,0,0,0,0,0,24,0,0,0,32,0,0,0,87,0,201,0,37,0,95,0,8,0,0,0,0,0,0,0,0,0,23,0,10,0,0,0,0,0,0,0,0,0,0,0,0,0,0,0,0,0,0,0,55,0,0,0,0,0,0,0,0,0,0,0,0,0,0,0,0,0,0,0,0,0,0,0,0,0,0,0,0,0,0,0,0,0,0,0,0,0,0,0,0,0,31,0,0,0,0,0
0,0,62,0,274,0,0,0,0,0,92,80,19,0,206,107,37,0,24,51,217,37,194,0,0,0,129,0,21,0,0,7,37,0,44,0,21,15,6,2,0,0,189,0,28,0,4,0,0,0,136,0,4,0,0,0,0,0,0,0,0,0,3,0,0,0,0,0,0,0,0,0,0,0,0,0,0,0,0,0,0,0,0,0,0,0,0,0,0,0,0,0,0,0,0,0,0,0,0,0,0,0,0,0,2,0,0,0,0,0,0,0,0,0,0,0,0,0,0,0,0,0,0,0,0,0,0,0,0,0,0,0,0,0,0,0,0,0,0,0,14,0,44,0,4,0,0,0,0,0,0,0,0,0,6,0,0,0,0,0,0,0,0,0,0,0,14,0,6,0,0,0,6,0,0,0,20,9,40,0,0,0,0,0,0,0,0,0,0,0,0,0,0,0,0,0,0,0,0,0,8,0,0,0,0,0,0,0,0,0,0,26,26,3,0,0,0,0,0,0,0,0,0,0,0
0,0,0,0,0,160,0,0,0,0,0,84,0,0,35,25,0,38,0,10,17,25,0,66,0,0,0,0,0,18,7,0,8,8,0,57,0,12,0,0,0,0,0,21,0,0,0,0,0,0,0,30,0,2,0,0,0,0,0,0,0,0,0,14,0,0,0,0,0,0,0,0,0,0,0,0,0,0,0,0,0,0,0,0,0,0,0,0,0,0,0,0,0,0,0,0,0,0,0,0,0,0,0,0,0,0,0,0,0,0,0,0,0,0,0,0,0,0,0,0,0,0,0,0,0,0,0,0,0,0,0,0,0,0,0,0,0,0,0,0,0,7,0,0,0,0,0,0,0,0,0,0,0,0,0,0,0,0,0,0,0,0,0,0,0,0,0,0,0,0,0,0,0,0,0,0,0,34,2,0,0,0,0,0,0,0,0,0,0,0,0,0,0,0,0,0,0,0,0,0,0,0,0,0,0,0,0,0,0,0,0,0,0,0,0,0,0,0,0,51,0,0,0,1,0
0,0,124,0,471,111,0,0,0,0,367,74,13,0,157,166,24,0,4,0,119,0,36,46,0,0,0,0,13,0,37,8,0,0,12,11,110,17,5,0,0,0,68,0,0,0,0,0,1,0,14,0,0,0,0,0,0,0,0,0,2,0,4,0,0,0,0,0,0,0,0,0,2,0,1,0,0,0,0,0,0,0,0,0,9,0,0,0,0,0,1,0,0,0,0,0,0,0,8,0,0,0,0,0,0,0,0,0,0,0,0,0,0,0,0,0,0,0,0,0,0,0,0,0,0,0,0,0,0,0,0,0,0,0,0,0,0,0,0,0,0,0,0,0,0,0,0,0,0,0,0,0,0,0,12,0,4,0,7,0,0,0,0,0,5,0,24,0,0,0,0,0,4,3,0,0,112,17,83,3,0,0,0,0,0,0,0,0,0,0,0,0,0,0,0,0,0,0,0,0,0,0,0,0,0,0,0,0,0,0,11,39,25,0,0,0,0,1,0,0,0,0,0,0,0
37,208,0,279,88,380,0,0,0,0,0,553,0,0,106,114,16,22,0,9,58,26,159,84,0,0,0,7,3,67,0,8,0,0,0,25,16,72,0,1,0,0,0,33,0,14,0,2,0,0,0,33,0,2,0,0,0,0,0,0,0,7,0,0,0,0,0,0,0,0,0,0,0,0,0,0,0,0,0,0,0,0,0,0,0,0,0,0,0,0,0,0,0,0,0,0,0,0,0,0,0,0,0,0,0,0,0,0,0,0,0,0,0,0,0,0,0,0,0,0,0,0,0,0,0,0,0,0,0,0,0,0,0,0,0,0,0,9,0,78,0,0,0,0,0,36,0,0,0,0,0,0,0,0,0,15,0,18,0,27,0,0,0,0,0,0,0,30,0,0,0,0,0,4,0,0,0,170,0,92,0,0,0,0,0,0,0,0,0,0,0,0,0,0,0,0,0,0,0,0,0,0,0,0,0,0,0,0,0,0,0,0,0,0,0,0,0,0,0,100,22,0,0,0,0
0,0,0,0,75,0,0,0,0,0,2,0,124,142,18,13,6,0,182,137,16,0,0,0,0,0,46,118,0,0,44,0,12,0,0,25,68,0,1,0,0,0,14,0,12,0,8,0,6,0,18,0,0,0,0,0,0,0,0,0,0,0,0,0,0,0,0,0,0,0,3,0,0,0,0,0,0,0,0,0,10,0,0,0,0,0,0,0,0,0,0,0,0,0,0,0,15,0,42,0,0,0,0,0,0,0,0,0,0,0,0,0,0,0,0,0,0,0,0,0,6,0,11,0,0,0,0,0,0,0,0,0,0,0,0,0,5,0,0,0,0,0,0,0,9,0,0,0,0,0,0,0,0,0,0,0,0,0,0,0,0,0,0,0,53,0,38,0,0,0,0,0,9,0,0,0,0,0,22,0,0,0,0,0,0,0,40,0,0,0,0,0,0,0,0,0,0,0,0,0,0,0,0,0,0,0,0,0,0,0,47,179,120,0,12,0,1,4,0,0,0,0,0,0,0
0,0,2,0,47,198,0,0,0,0,8,34,42,43,53,26,0,14,85,133,44,24,0,16,0,0,0,0,0,69,0,57,11,25,25,0,14,67,0,2,0,0,0,11,0,0,0,0,0,0,2,5,0,0,0,0,0,0,0,0,0,0,0,13,0,3,0,0,0,0,0,0,0,0,0,0,0,1,0,0,0,0,0,0,0,0,0,0,0,0,0,0,0,0,0,0,0,0,0,0,0,0,0,0,0,0,0,0,0,0,0,0,0,0,0,0,0,0,0,0,0,0,0,0,0,0,0,0,0,16,0,0,0,0,0,0,0,91,0,186,0,105,0,200,0,23,0,0,0,0,0,0,0,0,0,0,0,0,0,0,0,0,0,0,0,2,0,9,0,0,0,0,0,0,0,0,0,27,0,0,0,11,0,0,0,0,0,27,0,0,0,0,0,0,0,0,0,0,0,0,0,0,0,0,0,0,0,0,0,0,0,0,0,0,0,0,0,0,18,69,5,0,0,0,0
120,14,48,21,335,95,0,0,0,0,208,65,99,54,76,78,0,3,43,61,6,27,20,33,0,2,23,41,24,0,21,0,110,16,68,14,0,14,23,3,0,0,75,0,24,0,0,0,6,0,82,0,9,0,0,0,0,0,0,0,12,0,21,0,0,0,0,0,0,0,74,0,0,0,68,0,0,0,0,0,77,0,0,0,45,0,0,0,15,0,0,0,0,0,0,0,0,0,378,0,210,0,0,0,0,0,0,0,0,0,0,0,0,0,0,0,0,0,0,0,85,0,73,0,0,0,0,0,0,0,0,0,0,0,0,0,0,0,364,0,117,0,82,0,195,0,0,0,16,0,0,0,0,0,91,0,29,0,22,0,0,0,0,0,60,0,60,1,68,0,19,0,40,0,0,0,159,9,64,0,0,0,28,0,0,0,0,0,0,0,0,0,0,0,0,0,0,0,0,0,0,0,0,0,0,0,0,0,0,0,0,52,108,9,13,0,1,3,12,0,0,0,0,0,0
48,243,43,60,44,151,0,0,0,0,13,199,28,15,41,59,30,13,43,20,31,7,58,23,10,0,0,0,0,30,15,12,17,72,0,67,14,0,0,64,0,0,0,59,0,12,0,0,0,1,0,101,0,1,0,0,0,0,0,0,0,10,0,10,0,0,0,1,0,0,0,0,0,0,0,0,0,0,0,0,0,17,0,0,0,0,0,2,0,0,0,0,0,0,0,4,0,0,0,0,0,0,0,0,0,0,0,0,0,0,0,0,0,0,0,0,0,0,0,0,0,0,0,0,0,0,0,0,0,0,0,0,0,0,0,0,0,80,0,284,0,124,0,172,0,102,0,0,0,0,0,0,0,0,0,17,0,56,0,26,0,0,0,0,0,11,0,37,0,52,0,7,0,69,0,0,0,127,0,50,0,0,0,19,0,0,0,5,0,0,0,0,0,0,0,0,0,0,0,0,0,0,0,0,0,0,0,0,0,0,0,9,0,0,0,0,0,0,15,82,25,9,0,0,0
897,110,719,97,0,0,75,0,40,13,78,0,0,0,0,22,151,19,0,0,15,0,58,77,61,0,2,0,14,0,6,0,5,0,1,0,23,0,0,25,0,0,0,0,0,0,0,0,0,0,0,0,18,0,0,0,0,0,0,0,1,0,15,0,0,0,0,0,0,0,13,0,0,0,8,0,0,0,0,0,0,0,0,0,0,0,7,0,5,0,0,0,0,0,0,0,0,0,67,0,0,0,0,0,0,0,0,0,0,0,0,0,0,0,0,0,0,0,0,0,26,0,19,0,0,0,0,0,10,0,0,0,0,0,0,0,0,0,140,0,48,0,0,0,22,0,0,0,0,0,0,0,0,0,55,0,21,0,15,0,2,0,0,0,0,0,0,0,0,0,4,0,89,9,0,0,244,62,0,0,27,0,161,0,0,0,0,0,0,0,0,0,0,0,0,0,0,0,0,0,0,0,0,0,0,0,0,0,0,0,17,33,37,15,20,0,0,0,0,0,0,0,0,0,0
88,764,0,407,0,29,0,244,0,0,0,74,0,0,2,10,44,187,0,0,0,0,90,0,39,69,0,0,6,30,2,0,0,1,0,2,3,64,25,0,0,0,0,0,0,1,0,0,0,0,0,0,0,1,0,0,0,0,0,0,0,3,4,0,0,0,0,0,0,0,0,0,0,0,0,0,0,0,0,0,0,0,0,0,0,0,0,0,0,0,0,0,0,0,0,0,0,0,0,0,0,0,0,0,0,0,0,0,0,0,0,0,0,0,0,0,0,0,0,0,0,0,0,0,0,0,0,0,0,0,0,0,0,0,0,11,0,0,0,9,0,0,0,0,0,11,0,0,0,0,0,0,0,0,0,2,0,7,0,0,0,0,0,0,0,0,0,6,0,0,0,0,0,59,0,0,0,153,0,25,0,0,3,66,0,0,0,0,0,0,0,0,0,0,0,0,0,0,0,0,0,0,0,0,0,0,0,0,0,0,0,0,0,0,0,0,0,0,0,40,2,0,0,0,0
5,0,42,0,84,0,0,0,0,0,30,0,148,46,10,0,0,0,9,15,0,0,1,0,0,0,0,203,0,0,0,0,0,0,0,0,0,0,0,0,0,79,55,21,94,161,133,249,38,64,0,0,0,0,0,0,0,0,0,0,0,0,0,0,0,0,0,0,0,0,0,0,0,0,0,0,0,0,0,0,0,0,0,0,0,0,0,0,0,0,0,0,0,0,0,0,0,0,0,0,0,0,0,0,0,0,0,0,0,0,0,0,0,0,0,0,0,0,0,0,0,0,0,0,0,0,0,0,0,0,0,0,0,0,0,0,0,0,0,0,0,0,0,0,0,0,0,0,0,0,0,0,0,0,0,0,0,0,0,0,0,0,0,0,61,0,0,0,0,0,0,0,0,0,0,0,106,31,51,0,47,0,15,0,0,0,56,0,0,0,0,0,0,0,0,0,0,0,0,0,0,0,0,0,0,0,0,0,0,0,0,114,52,0,0,0,0,18,0,6,0,0,0,0,0
0,7,0,0,0,6,0,0,0,0,0,87,71,133,0,0,0,0,17,0,0,0,0,0,0,0,126,6,0,0,0,0,0,0,0,0,0,0,0,0,79,0,33,46,63,98,180,139,14,62,14,16,0,0,0,0,0,0,0,0,0,0,0,0,0,0,0,0,0,1,0,0,0,0,0,0,0,0,0,0,0,0,0,0,0,0,0,0,0,0,0,0,0,6,0,0,0,0,0,0,0,0,0,0,0,0,0,0,0,0,0,0,0,0,0,0,0,0,0,0,0,0,0,0,0,0,0,0,0,0,0,1,0,0,0,0,0,0,0,0,0,0,0,0,0,0,0,0,0,0,0,0,0,0,0,0,0,0,0,0,0,0,0,0,0,19,0,0,0,0,0,0,0,0,0,0,0,51,0,28,0,7,0,0,0,0,10,34,0,0,0,0,0,0,0,0,0,0,0,0,0,0,0,0,0,0,0,0,0,0,0,0,8,0,0,0,0,0,0,49,23,3,0,0,15
0,0,0,0,7,0,0,0,0,0,0,0,150,81,0,0,5,0,25,32,13,0,0,0,0,0,170,144,84,0,189,0,68,0,14,0,75,0,0,0,55,33,0,21,65,33,44,77,7,3,59,18,7,0,0,0,0,0,14,0,0,0,0,0,0,0,0,0,0,0,17,0,0,0,0,0,0,0,0,0,30,0,0,0,0,0,15,0,0,0,0,0,0,0,0,0,37,0,150,0,88,0,0,0,0,0,63,0,0,0,0,0,0,0,0,0,0,0,0,0,0,0,0,0,0,0,0,0,0,0,0,0,0,0,0,0,0,0,51,0,0,0,0,0,26,0,0,0,0,0,0,0,0,0,9,0,0,0,0,0,0,0,18,0,49,0,88,0,12,0,11,0,39,0,0,0,5,7,14,0,0,0,0,0,0,0,99,0,0,0,0,0,0,0,0,0,0,0,0,0,0,0,0,0,0,0,0,0,0,0,50,186,46,0,0,0,0,25,0,0,0,0,0,0,0
0,0,0,0,0,25,0,0,0,1,0,0,88,90,0,0,0,11,53,64,15,31,0,2,0,0,73,157,0,24,0,21,0,33,0,11,0,59,0,0,21,46,21,0,26,87,48,37,0,13,9,16,0,8,0,0,0,0,0,18,0,2,0,16,0,0,0,0,0,0,0,0,0,0,0,0,0,2,0,0,0,0,0,3,0,29,0,0,0,0,0,0,0,0,0,0,0,0,0,0,0,14,0,0,0,0,0,0,0,0,0,0,0,0,0,0,0,0,0,0,0,55,0,13,0,0,0,0,0,0,0,0,0,12,0,0,0,80,0,182,0,89,0,176,0,36,0,0,0,0,0,0,0,2,0,14,0,0,0,0,0,0,0,3,0,51,0,10,0,22,0,10,0,25,0,2,0,11,0,0,0,0,0,0,0,0,0,34,0,0,0,0,0,0,0,0,0,0,0,0,0,0,0,0,0,0,0,0,0,0,0,0,0,0,0,0,0,0,19,153,121,0,0,0,0
3,0,0,0,22,0,0,0,0,0,9,0,47,12,22,0,39,0,11,7,11,0,18,0,8,0,166,45,35,0,28,0,0,0,12,0,24,0,0,0,94,63,65,26,0,204,278,161,115,104,20,0,6,0,8,0,10,0,12,0,0,0,2,0,3,0,0,0,0,0,66,0,0,0,45,0,0,0,0,0,136,0,16,0,217,0,39,0,0,0,0,0,0,0,0,0,236,0,547,0,305,0,0,0,0,0,193,0,0,0,0,0,0,0,0,0,0,0,0,0,75,0,103,0,0,0,0,0,0,0,0,0,0,0,13,0,76,0,0,0,0,0,215,0,72,0,0,0,0,0,35,0,75,0,0,0,0,0,0,0,0,0,10,0,145,0,41,0,50,0,11,0,21,0,0,0,15,8,20,0,40,0,12,0,37,0,84,0,0,0,0,0,0,0,0,0,0,0,0,0,0,0,0,0,0,0,0,0,0,0,18,116,91,17,8,0,0,108,0,0,0,0,0,0,2
0,0,0,0,0,0,0,4,0,5,0,59,64,45,0,4,0,0,0,38,5,38,0,0,0,0,140,202,0,0,0,0,0,14,0,0,0,12,0,1,161,98,33,87,204,0,441,227,27,144,21,30,0,0,0,0,0,0,0,0,0,0,0,15,0,0,0,0,0,22,0,0,0,0,0,10,0,31,0,3,0,73,0,44,0,118,0,0,0,6,0,0,0,18,0,84,0,0,0,0,1,41,0,0,0,0,0,0,0,0,0,0,0,0,0,0,0,0,0,0,0,47,0,14,0,0,0,0,0,0,0,8,0,14,0,0,0,69,0,75,0,0,0,282,0,32,0,0,0,30,4,0,0,89,0,0,0,0,0,0,0,0,0,7,0,104,0,11,0,89,0,14,0,53,0,34,0,26,0,71,0,71,0,0,0,34,15,18,0,0,0,0,0,0,0,58,0,0,0,0,0,0,0,0,0,0,0,0,0,0,0,5,0,0,34,0,0,0,68,267,153,28,4,0,111
0,0,80,0,137,0,0,0,0,0,45,0,297,0,29,0,0,0,22,0,0,0,10,0,0,0,66,148,3,0,4,0,0,0,8,0,0,0,0,0,133,180,44,48,278,441,0,464,117,183,12,7,0,0,0,0,0,0,0,0,0,0,0,0,0,0,0,0,0,0,6,0,0,0,0,0,0,0,0,0,0,0,0,0,0,0,0,0,0,0,0,0,0,0,0,0,0,0,0,0,0,0,0,0,0,0,0,0,0,0,0,0,0,0,0,0,0,0,0,0,0,0,0,0,0,0,0,0,0,0,0,0,0,0,0,0,0,0,0,0,0,0,0,0,0,0,0,0,46,0,65,0,116,0,0,0,0,0,0,0,0,0,0,0,121,0,0,0,0,0,0,0,0,0,0,0,41,68,60,0,75,0,23,0,47,0,91,8,0,0,0,0,0,0,0,0,0,0,0,0,0,0,0,0,0,0,0,0,18,0,6,253,69,0,3,0,1,84,0,0,0,0,0,0,0
0,88,0,44,0,91,0,21,0,10,0,226,154,312,0,0,0,0,51,30,12,8,0,0,0,0,285,64,0,0,0,0,0,2,0,0,0,0,0,0,249,139,77,37,161,227,464,0,11,33,36,6,0,0,0,0,0,0,0,0,0,0,0,0,0,0,0,0,0,0,0,0,0,0,0,0,0,0,0,0,0,0,0,0,0,0,0,0,0,0,0,0,0,0,0,0,0,0,0,0,0,0,0,0,0,0,0,0,0,0,0,0,0,0,0,0,0,0,0,0,0,0,0,0,0,0,0,0,0,0,0,13,0,0,0,0,0,0,0,0,0,0,0,0,0,0,0,0,0,0,0,0,0,0,0,0,0,0,0,0,0,0,0,0,0,0,0,0,0,0,0,0,0,0,0,0,0,109,0,112,0,71,0,0,0,0,16,37,0,0,0,0,0,0,0,0,0,0,0,0,0,0,0,0,0,0,0,0,0,0,0,20,0,0,0,0,0,0,0,227,45,0,0,0,57
7,0,15,0,14,0,69,0,15,0,4,2,17,0,0,0,7,0,0,2,0,0,0,0,29,0,26,0,0,0,0,0,1,0,6,0,6,0,0,0,38,14,7,0,115,27,117,11,0,199,7,0,7,0,18,0,41,0,40,0,0,0,0,0,0,0,0,1,16,0,0,0,0,0,0,0,2,0,0,0,0,0,16,0,0,0,3,0,9,0,10,0,15,0,8,0,11,0,30,0,25,0,47,0,17,0,26,0,2,0,0,0,0,0,0,0,0,0,0,0,0,0,0,0,0,0,0,0,3,0,19,0,0,0,7,0,0,0,0,0,0,0,24,0,4,0,0,1,4,3,15,0,0,0,5,0,0,0,0,0,34,0,10,0,13,0,12,0,19,0,13,0,18,0,0,0,49,12,22,0,15,0,6,0,11,0,134,0,80,0,0,0,78,0,19,0,16,0,0,0,14,0,0,0,0,0,12,0,0,0,62,68,103,9,29,7,1,14,0,2,10,3,0,0,0
0,4,0,0,0,0,0,4,0,3,0,14,0,102,0,0,0,0,0,0,0,2,0,0,0,0,0,37,0,0,0,0,0,0,0,0,0,1,0,0,64,62,3,13,104,144,183,33,199,0,0,2,0,0,0,0,0,2,0,2,0,0,0,0,0,0,0,0,0,2,0,0,0,0,0,0,0,0,0,0,0,4,0,8,0,15,0,0,0,0,0,0,0,3,0,0,0,0,0,0,0,0,0,0,0,0,0,0,0,0,0,0,0,0,0,0,0,0,0,0,0,0,0,0,0,0,0,0,0,0,0,0,0,0,0,5,0,0,0,0,0,2,0,0,0,0,0,0,0,6,0,0,0,35,0,0,0,0,0,0,0,0,0,0,0,43,0,4,0,0,0,1,0,1,0,0,0,43,0,16,0,39,0,3,0,15,33,49,0,0,0,0,0,0,0,0,0,0,0,0,0,0,0,0,0,0,0,2,0,2,0,16,0,0,7,0,0,1,13,15,6,0,0,1,15
0,0,0,0,58,0,0,0,0,0,0,0,154,64,11,5,0,0,141,35,25,11,0,0,0,0,172,77,19,0,136,0,14,0,18,2,82,0,0,0,0,14,59,9,20,21,12,36,7,0,0,0,0,0,0,0,0,0,7,0,0,0,0,0,0,0,0,0,5,0,12,0,0,0,11,0,3,0,0,0,0,0,0,0,0,0,3,0,0,0,0,0,0,0,0,0,38,0,0,0,0,0,9,0,0,0,0,0,0,0,0,0,0,0,0,0,0,0,0,0,0,0,13,0,0,0,0,0,0,0,0,0,0,0,0,0,0,0,0,0,0,0,0,0,0,0,0,0,0,0,0,0,0,0,0,0,0,0,0,0,0,0,0,0,67,0,30,0,67,0,3,0,15,0,0,0,4,2,9,0,0,0,0,0,0,0,42,7,0,0,0,0,0,0,0,0,2,0,0,0,0,0,0,0,0,0,0,0,0,0,20,95,56,8,0,0,0,3,0,0,0,0,0,0,0
0,0,0,0,0,63,0,0,0,0,0,0,137,191,5,0,0,0,127,197,39,46,0,10,0,0,0,178,0,6,0,30,0,33,0,5,0,101,0,0,0,16,18,16,0,30,7,6,0,2,0,0,0,0,0,0,0,6,0,18,0,0,0,0,0,0,0,0,0,0,0,11,0,0,0,0,0,0,0,0,0,0,0,0,0,65,0,0,0,0,0,1,0,0,0,0,0,0,0,32,0,18,0,0,0,0,0,0,0,0,0,0,0,0,0,0,0,0,0,0,0,0,0,0,0,0,0,0,0,0,0,0,0,24,0,0,0,95,0,161,0,126,0,265,0,61,0,3,0,0,0,0,0,0,0,12,0,23,0,0,0,0,0,0,0,60,0,32,0,65,0,0,0,36,0,0,0,14,0,3,0,0,0,1,0,0,2,93,0,0,0,0,0,0,0,0,0,0,0,0,0,0,0,0,0,0,0,0,0,0,0,0,41,0,19,0,0,0,32,42,77,16,0,2,2
8,1,0,0,0,0,122,21,102,153,0,0,0,0,0,0,148,0,4,0,20,0,28,0,160,18,0,0,21,2,4,0,0,0,0,0,9,0,18,0,0,0,7,0,6,0,0,0,7,0,0,0,0,43,127,104,73,8,24,113,23,2,50,14,6,5,1,83,0,0,0,0,0,0,2,0,0,0,0,0,0,0,0,0,21,0,0,0,0,0,0,0,0,0,0,0,4,0,0,0,0,0,0,0,0,0,0,0,0,0,0,0,0,0,0,0,0,0,0,0,0,0,0,0,0,0,0,0,191,0,5,0,0,0,0,0,91,0,166,0,32,0,77,0,1,0,0,0,0,0,0,0,0,0,195,1,43,3,78,0,5,0,0,0,0,0,0,0,5,0,122,0,0,0,0,0,8,2,0,0,0,0,7,5,1,13,0,0,0,0,0,0,0,0,0,0,0,0,0,0,5,0,0,0,0,0,0,0,0,0,42,109,61,29,0,0,14,0,5,0,0,5,0,0,0
0,7,0,2,0,0,160,87,175,148,0,0,0,0,0,0,0,79,0,6,0,39,0,33,28,71,0,0,0,22,0,2,0,2,0,0,0,1,0,1,0,0,0,8,0,0,0,0,0,0,0,0,43,0,139,22,0,60,48,84,5,19,16,93,0,7,9,39,0,0,0,0,0,0,0,0,0,0,0,0,0,3,0,0,0,24,0,0,0,0,0,0,0,0,0,0,0,0,0,0,0,5,0,0,0,0,0,0,0,0,0,0,0,0,0,0,0,0,0,0,0,0,0,0,0,4,0,0,0,48,0,6,0,43,0,27,0,67,0,155,0,16,0,146,0,0,0,0,0,0,0,0,0,0,0,149,0,53,0,85,0,18,0,0,0,0,0,0,0,0,1,4,2,0,0,0,15,83,0,0,0,0,0,1,0,64,0,0,0,0,0,0,0,0,0,0,0,0,0,0,0,0,0,0,0,0,0,0,0,0,0,1,3,1,7,0,0,0,5,1,10,14,0,1,0
19,35,114,0,24,0,43,0,88,362,0,0,0,0,82,0,7,0,0,0,0,0,182,0,391,78,0,0,8,0,0,0,0,0,0,0,0,0,0,0,0,0,0,0,8,0,0,0,18,0,0,0,127,139,0,220,84,0,49,39,40,24,25,103,47,0,10,77,3,0,0,0,0,0,0,0,0,0,0,0,0,0,0,0,1,0,0,0,0,0,0,0,0,0,0,0,0,0,0,0,0,0,0,0,0,0,0,0,0,0,0,0,0,0,0,0,0,0,0,0,0,0,0,0,7,0,0,0,77,0,14,0,6,0,38,0,172,0,9,0,7,0,108,0,0,0,0,0,0,0,0,0,0,0,126,0,64,0,18,0,33,0,0,0,0,0,0,0,37,0,210,0,30,0,0,0,10,5,0,0,0,0,1,32,0,41,0,0,0,0,0,0,0,0,0,0,0,0,2,0,9,0,0,0,0,0,0,0,16,0,314,91,304,191,237,16,120,2,9,8,0,0,0,0,0
22,8,0,27,0,0,226,387,335,55,0,0,0,0,0,75,0,0,0,0,0,10,0,13,49,229,0,0,0,3,0,0,0,0,0,0,0,0,0,0,0,0,0,0,0,0,0,0,0,0,0,0,104,22,220,0,19,39,98,64,16,69,40,72,0,15,42,12,0,3,0,0,0,0,0,0,0,0,0,0,0,0,0,0,0,6,0,0,0,0,0,0,0,0,0,0,0,0,0,0,0,0,0,0,0,0,0,3,0,0,0,0,0,0,0,0,0,0,0,0,0,0,0,0,0,4,0,0,0,21,0,48,0,0,0,74,0,108,0,25,0,4,4,64,0,1,0,0,0,2,0,0,0,0,6,104,3,41,0,33,0,22,0,2,0,0,0,0,2,45,0,173,0,119,0,0,8,74,0,0,0,0,2,12,5,16,0,0,0,0,0,0,0,0,0,0,0,0,0,3,0,0,0,0,0,0,0,1,0,10,0,0,0,0,281,0,0,0,186,33,325,288,8,97,0
0,0,0,0,0,0,3,0,17,0,0,0,0,0,10,0,5,0,0,0,0,0,25,0,9,0,0,0,2,0,0,0,0,0,0,0,0,0,0,0,0,0,0,0,10,0,0,0,41,0,0,0,73,0,84,19,0,12,67,69,0,0,0,0,16,49,0,54,2,0,0,0,0,0,0,0,0,0,0,0,0,0,0,0,0,0,0,0,0,0,0,0,0,0,0,0,0,0,0,0,1,0,0,0,0,0,0,0,0,0,0,0,0,0,0,0,0,0,0,0,0,0,0,0,7,0,0,0,60,0,18,0,2,0,10,0,24,0,3,3,2,0,18,0,0,13,0,0,4,0,0,0,0,0,112,16,155,2,73,0,33,0,67,2,1,0,0,0,89,0,334,0,29,0,5,5,18,0,0,0,0,27,0,0,5,5,0,0,0,0,0,0,0,0,0,0,0,0,0,0,0,0,0,0,0,0,0,0,1,0,434,70,601,464,635,53,173,2,0,8,0,0,0,0,0
0,0,0,0,0,0,0,27,8,39,0,0,0,0,0,12,0,16,0,0,0,0,0,0,0,72,0,0,0,1,0,0,0,0,0,0,0,0,0,0,0,0,0,0,0,0,0,0,0,2,0,6,8,60,0,39,12,0,75,239,0,0,0,9,7,3,24,7,0,9,0,0,0,0,0,0,0,0,0,0,0,0,0,0,0,1,0,0,0,0,0,0,0,0,0,0,0,0,0,0,0,0,0,0,0,0,0,0,0,0,0,0,0,0,0,0,0,0,0,0,0,0,0,0,0,0,0,0,0,7,0,11,0,7,0,17,0,42,0,19,0,0,0,25,0,0,0,0,0,0,0,0,0,0,16,229,0,69,0,120,0,53,0,0,0,8,0,3,0,99,0,452,0,40,0,0,0,0,0,0,0,0,0,0,0,9,0,0,0,0,0,0,0,0,0,0,0,0,0,0,0,0,0,0,0,0,0,0,0,2,0,0,0,0,307,0,0,0,113,23,391,315,27,45,0
0,0,24,0,0,0,10,0,33,0,2,0,0,0,0,0,0,0,0,0,0,0,0,0,0,0,0,0,0,0,0,0,0,0,0,0,0,0,0,0,0,0,14,0,12,0,0,0,40,0,7,0,24,48,49,98,67,75,0,306,22,0,0,0,228,61,121,192,0,0,0,0,1,0,0,0,0,0,0,0,0,0,0,0,0,0,0,0,0,0,0,0,0,0,0,0,0,0,0,0,0,0,0,0,0,0,0,0,0,0,0,0,0,0,0,0,0,0,0,0,0,0,0,0,2,0,1,0,3,0,11,0,0,0,0,0,1,0,0,0,0,0,0,0,0,8,2,0,0,0,0,0,0,0,52,34,193,0,1,17,9,0,0,5,0,0,36,0,44,1,77,0,0,0,5,18,150,0,0,0,0,42,0,0,99,34,0,0,0,0,0,0,0,0,0,0,0,0,0,0,0,0,0,0,0,0,0,0,0,0,649,384,336,459,867,81,178,0,0,34,0,0,0,0,0
0,10,0,0,0,0,0,42,75,99,0,0,0,0,0,0,0,0,0,0,0,0,0,0,0,0,0,0,0,0,0,0,0,0,0,0,0,0,0,0,0,0,0,18,0,0,0,0,0,2,0,18,113,84,39,64,69,239,306,0,0,70,4,25,0,133,147,156,0,8,0,0,0,0,0,0,0,5,0,0,0,0,0,0,0,0,0,0,0,0,0,0,0,0,0,0,0,0,0,0,0,0,0,0,0,0,0,0,0,0,0,0,0,0,0,0,0,0,0,0,0,0,0,0,0,3,0,0,0,1,0,29,0,0,0,0,0,0,0,4,0,0,0,0,0,59,0,0,0,4,0,0,0,0,140,236,28,333,0,61,0,5,0,34,0,24,0,13,0,130,0,349,0,63,0,10,22,0,0,0,0,0,0,0,29,20,0,0,0,0,0,0,0,0,0,0,0,0,0,0,0,0,0,0,0,0,0,0,0,0,2,0,0,0,1655,0,0,0,884,302,920,890,131,201,0
125,0,60,0,0,0,447,0,139,38,0,0,0,0,0,0,8,0,0,0,0,0,0,0,91,29,0,0,0,0,0,0,2,0,0,0,12,0,1,0,0,0,0,0,0,0,0,0,0,0,0,0,23,5,40,16,0,0,22,0,0,0,12,0,2,0,0,1,0,0,2,0,0,0,9,0,0,0,0,0,0,0,0,0,3,1,0,0,0,0,0,0,0,0,0,0,0,0,0,0,0,0,0,0,0,0,0,0,0,0,0,0,0,0,0,0,0,0,0,0,6,0,0,0,0,0,0,0,0,0,0,0,0,0,0,0,12,0,312,0,54,0,17,0,93,0,0,0,0,0,0,0,0,0,47,0,107,0,5,0,5,0,8,0,0,0,0,0,0,0,64,0,118,0,0,0,35,16,0,0,0,0,105,0,0,0,0,0,0,0,0,0,0,0,0,0,0,0,0,0,0,0,0,0,0,0,0,0,0,0,26,80,23,15,28,0,0,1,6,0,0,0,0,0,0
24,226,0,0,0,0,0,313,34,256,0,1,0,0,0,3,0,21,0,0,0,0,0,0,0,81,0,0,0,10,0,0,0,7,0,0,0,10,0,3,0,0,0,2,0,0,0,0,0,0,0,0,2,19,24,69,0,0,0,70,0,0,17,30,0,0,0,0,0,1,0,0,0,0,0,0,0,0,0,0,0,0,0,0,0,0,0,0,0,0,0,0,0,0,0,0,0,0,0,0,0,0,0,0,0,0,0,0,0,0,0,0,0,0,0,0,0,0,0,0,0,0,0,0,0,0,0,0,0,0,0,0,0,0,0,0,0,0,0,113,0,27,0,0,0,115,0,0,0,0,0,0,0,0,0,9,0,138,0,30,0,0,0,0,0,2,0,0,0,0,0,18,0,60,0,0,6,177,0,0,0,0,0,126,0,2,0,0,0,0,0,0,0,0,0,0,0,0,0,0,0,0,0,0,0,0,0,0,0,0,0,0,0,0,8,0,0,0,9,16,15,27,0,9,0
0,51,90,0,0,0,281,35,70,86,0,0,0,0,1,0,146,21,4,0,0,0,17,2,340,95,0,0,13,0,3,0,4,0,0,0,21,0,15,4,0,0,0,0,2,0,0,0,0,0,0,0,50,16,25,40,0,0,0,4,12,17,0,42,0,0,0,0,0,0,2,0,0,0,0,0,0,0,0,0,0,0,0,0,16,0,0,0,0,0,0,0,0,0,0,0,9,0,0,0,6,0,0,0,0,0,0,0,0,0,0,0,0,0,0,0,0,0,0,0,0,0,0,0,0,0,0,0,29,0,0,0,3,0,0,0,0,0,114,0,37,0,0,0,0,0,0,0,0,0,0,0,0,0,29,0,30,0,19,0,0,0,0,0,0,0,0,0,0,0,0,0,3,7,0,0,10,6,0,0,0,0,60,7,0,0,0,0,0,0,0,0,0,0,0,0,0,0,0,0,0,0,0,0,0,0,0,0,0,0,0,81,0,0,0,0,0,0,0,0,0,0,0,0,0
0,59,0,0,0,0,132,314,88,219,0,0,0,0,0,0,0,140,0,45,0,167,0,20,90,97,0,21,0,65,0,14,0,0,0,13,0,10,0,0,0,0,0,16,0,15,0,0,0,0,0,0,14,93,103,72,0,9,0,25,0,30,42,0,0,0,0,0,0,0,0,0,0,0,0,0,0,0,0,0,0,0,0,0,0,0,0,0,0,0,0,0,0,0,0,0,0,0,0,0,0,0,0,0,0,0,0,0,0,0,0,0,0,0,0,0,0,0,0,0,0,0,0,0,0,0,0,0,0,0,0,0,0,7,0,0,0,15,0,95,0,4,0,8,0,29,0,0,0,0,0,0,0,0,0,84,0,22,0,55,0,0,0,0,0,0,0,0,0,0,3,0,0,14,0,0,3,114,0,0,0,0,0,42,0,0,0,0,0,0,0,0,0,0,0,0,0,0,0,0,0,0,0,0,0,0,0,0,0,0,0,0,0,0,14,0,0,0,2,2,7,15,0,0,0
36,0,0,0,18,0,6,0,289,0,15,0,15,0,0,0,0,0,0,0,0,0,0,0,0,0,0,0,0,0,0,0,0,0,0,0,0,0,0,0,0,0,0,0,3,0,0,0,0,0,0,0,6,0,47,0,16,7,228,0,2,0,0,0,0,52,121,0,0,0,0,0,0,0,0,0,0,0,0,0,0,0,0,0,0,0,0,0,0,0,0,0,0,0,0,0,0,0,0,0,0,0,0,0,0,0,0,0,0,0,0,0,0,0,0,0,0,0,0,0,0,0,0,0,21,0,14,0,0,0,15,25,0,0,0,0,0,0,0,0,0,0,0,0,34,62,13,0,38,0,8,0,0,0,3,12,18,0,0,19,187,94,10,0,0,0,0,0,0,0,0,0,0,0,40,3,0,0,0,0,37,106,3,0,210,0,0,0,0,0,0,0,0,0,0,0,0,0,0,0,0,0,0,0,0,0,0,0,0,0,49,12,0,0,53,0,0,0,0,0,0,0,0,0,0
0,119,0,5,0,16,0,118,3,287,0,36,0,0,0,0,0,0,0,57,0,0,0,0,0,0,0,73,0,0,0,0,0,0,0,3,0,0,0,0,0,0,0,0,0,0,0,0,0,0,0,0,5,7,0,15,49,3,61,133,0,0,0,0,52,0,0,469,0,1,9,18,0,6,0,0,0,0,0,0,0,0,0,0,0,2,0,0,0,0,0,0,0,0,0,0,0,0,0,0,0,0,0,0,0,0,4,0,0,0,0,0,0,0,0,0,0,0,0,0,3,0,0,0,0,109,4,5,0,0,55,113,0,0,0,4,0,0,62,7,0,0,0,0,95,169,0,16,0,231,0,6,0,0,88,11,18,20,72,17,124,198,0,0,0,0,0,0,0,0,0,17,0,0,7,17,10,0,0,0,21,163,0,0,17,120,0,0,0,0,0,0,0,0,0,0,0,0,0,4,0,0,0,0,0,1,0,7,0,7,0,0,0,0,155,0,0,0,128,0,0,0,0,0,0
7,0,0,0,0,0,0,0,209,23,0,0,0,0,0,0,0,0,2,0,0,0,0,0,0,0,0,0,0,0,0,0,0,0,0,0,0,0,0,0,0,0,0,0,0,0,0,0,0,0,0,0,1,9,10,42,0,24,121,147,0,0,0,0,121,0,0,73,0,0,0,0,0,0,0,0,0,0,0,0,0,0,0,0,0,0,0,0,0,0,0,0,0,0,0,0,0,0,0,0,0,0,0,0,0,0,0,0,0,0,0,0,0,0,0,0,0,0,0,0,0,0,0,0,3,0,0,0,0,0,7,0,0,0,0,0,0,0,0,0,0,0,0,0,0,4,1,0,4,0,0,0,0,0,3,15,12,0,0,0,56,12,0,0,0,0,0,0,0,0,5,0,3,0,5,18,134,0,0,0,1,24,0,0,173,20,0,0,0,0,0,0,0,0,0,0,0,0,0,0,0,0,0,0,0,0,0,0,0,0,21,20,0,0,0,0,2,0,0,11,0,0,0,0,0
0,13,0,0,0,0,10,32,52,120,0,0,0,0,0,0,0,0,0,0,0,0,0,0,3,0,0,0,0,0,0,0,0,0,0,0,0,1,0,0,0,0,0,0,0,0,0,0,1,0,0,0,83,39,77,12,54,7,192,156,1,0,0,0,0,469,73,0,0,0,0,0,0,0,0,0,0,0,0,0,0,0,0,0,0,0,0,0,0,0,0,0,0,0,0,0,0,0,0,0,0,0,0,0,0,0,0,0,0,0,0,0,0,0,0,0,0,0,0,0,0,0,0,0,0,0,0,0,0,0,0,0,0,0,0,0,0,0,0,0,0,0,0,0,0,24,0,0,0,0,0,0,0,0,74,42,15,27,0,21,0,22,0,11,0,0,0,0,0,14,0,0,0,0,0,22,42,10,0,0,0,25,1,0,18,166,0,0,0,0,0,0,0,0,0,0,0,0,0,0,0,0,0,0,0,0,0,0,0,0,0,2,0,0,121,0,0,0,91,74,71,90,0,2,0
0,0,0,0,0,0,1,0,0,0,0,0,0,0,0,0,0,0,0,0,0,0,0,0,0,0,0,0,0,0,0,0,0,0,0,0,0,0,0,0,0,0,0,0,0,0,0,0,16,0,5,0,0,0,3,0,2,0,0,0,0,0,0,0,0,0,0,0,0,0,0,0,7,0,0,0,84,0,60,0,35,0,47,0,0,0,15,0,17,0,22,0,0,0,32,0,0,0,128,0,38,0,142,0,0,0,64,0,39,0,5,0,10,0,2,0,3,0,0,0,10,0,0,0,0,0,0,0,0,0,0,0,0,0,0,0,0,0,0,0,0,0,0,0,0,0,0,0,0,0,0,0,0,0,0,0,0,0,0,0,0,0,0,0,26,0,4,0,84,0,1,0,5,0,14,0,0,1,0,0,0,0,0,0,0,0,2,0,0,0,0,0,0,0,62,0,23,0,0,0,0,0,0,0,0,0,0,0,0,0,74,9,42,0,0,31,45,2,0,0,0,0,0,0,0
0,0,0,0,0,0,1,0,0,0,0,0,0,0,0,0,0,0,0,0,0,0,0,0,0,0,0,0,0,0,0,0,0,0,0,0,0,0,0,0,0,1,0,0,0,22,0,0,0,2,0,0,0,0,0,3,0,9,0,8,0,1,0,0,0,1,0,0,0,0,0,0,0,0,0,0,0,74,0,0,0,6,0,36,0,0,0,7,0,21,0,3,0,6,0,23,0,3,0,0,0,12,0,199,0,0,0,13,0,11,0,9,0,10,0,0,0,1,0,2,0,0,0,0,0,0,0,0,0,0,0,0,0,1,0,2,0,0,0,0,0,0,0,0,0,0,0,5,0,0,0,0,0,4,0,0,0,1,0,0,0,2,0,0,0,37,0,0,0,44,0,5,0,0,0,0,0,1,0,0,0,0,0,0,0,0,0,0,0,0,0,0,0,0,0,70,0,0,0,0,0,5,0,0,0,0,0,0,0,0,0,0,0,0,0,0,0,0,28,0,41,0,21,82,0
0,0,0,0,0,0,0,0,0,0,0,0,0,0,0,0,13,0,0,0,27,0,0,0,0,0,66,0,4,0,0,0,0,0,3,0,74,0,13,0,0,0,17,0,66,0,6,0,0,0,12,0,0,0,0,0,0,0,0,0,2,0,2,0,0,9,0,0,0,0,0,0,243,0,282,0,0,0,187,0,9,0,0,0,0,0,30,0,0,0,0,0,0,0,0,0,0,0,0,0,0,0,0,0,0,0,0,2,0,0,0,0,0,0,0,0,0,0,0,0,13,0,0,0,58,13,19,3,64,9,28,0,27,0,8,0,24,0,8,0,43,0,14,1,64,3,0,0,63,0,26,0,20,0,0,0,14,0,0,0,0,1,71,0,0,0,22,0,36,0,20,0,44,0,72,0,0,0,0,0,45,14,0,0,0,0,0,0,0,0,0,0,0,0,0,0,0,0,0,0,0,0,0,0,0,0,0,0,11,0,34,1,0,0,11,0,2,0,0,0,0,0,0,0,0
0,0,0,0,0,0,0,0,0,0,0,0,0,0,0,0,0,0,0,0,0,0,0,0,0,0,0,0,0,0,0,0,0,0,0,0,0,0,0,0,0,0,0,0,0,0,0,0,0,0,0,11,0,0,0,0,0,0,0,0,0,0,0,0,0,18,0,0,0,0,0,0,0,101,0,159,0,20,0,5,0,0,0,10,0,0,0,43,0,0,0,0,0,0,0,0,0,0,0,0,0,0,0,0,0,0,0,0,0,0,0,0,0,0,0,0,0,0,0,0,0,0,0,3,0,88,0,53,0,0,0,0,0,21,0,0,0,10,15,9,0,29,0,4,14,67,0,41,38,41,1,49,0,39,0,0,0,0,0,0,0,6,0,19,0,0,0,0,0,3,0,19,0,22,0,80,0,0,0,0,17,104,0,0,0,15,0,0,0,0,0,0,0,0,0,0,0,0,0,0,0,0,0,0,0,0,0,0,0,0,2,0,0,0,8,0,0,0,31,4,2,0,0,0,0
0,0,0,0,0,0,0,0,0,0,0,0,0,0,0,0,0,0,0,0,0,0,0,0,0,0,0,0,0,0,0,0,2,0,0,0,0,0,0,0,0,0,0,0,0,0,0,0,0,0,0,0,0,0,0,0,0,0,1,0,0,0,0,0,0,0,0,0,7,0,243,0,0,0,107,0,16,0,136,0,9,0,9,0,0,0,7,0,0,0,0,1,0,0,0,0,0,0,0,0,0,0,0,0,0,0,0,0,0,0,0,0,0,0,0,0,0,0,0,0,20,0,7,0,63,8,22,0,60,0,20,0,40,0,134,1,41,0,11,0,32,0,131,0,59,0,0,0,0,0,26,0,0,0,0,0,0,0,0,0,0,0,85,0,0,0,0,0,3,0,2,0,0,0,30,0,0,0,0,0,26,10,0,0,0,0,0,0,0,0,0,0,0,0,0,0,30,0,72,0,58,0,0,0,0,0,0,0,93,0,77,0,16,0,10,0,0,0,0,0,0,0,0,0,0
0,0,0,0,0,0,0,0,0,0,0,0,0,0,0,0,0,0,0,0,0,0,0,0,0,0,0,0,0,0,0,0,0,0,0,0,0,0,0,0,0,0,0,0,0,0,0,0,0,0,0,0,0,0,0,0,0,0,0,0,0,0,0,0,0,6,0,0,0,0,0,101,0,0,0,292,0,105,0,23,0,9,0,22,0,33,0,99,0,0,0,0,0,0,3,0,0,0,0,0,0,0,0,4,0,0,0,0,0,0,0,0,0,0,1,0,0,3,0,0,0,37,0,25,0,81,10,0,4,4,24,0,0,13,0,120,1,12,0,0,0,22,0,4,0,46,0,0,0,26,9,74,0,0,0,0,0,0,0,1,0,0,0,79,0,0,0,0,0,6,0,0,0,2,0,43,0,0,0,0,0,95,0,0,0,0,0,0,0,176,0,0,0,0,0,26,0,0,0,0,0,59,0,132,0,0,0,0,0,106,0,0,0,0,13,0,0,0,81,3,6,1,0,0,0
0,0,0,0,0,0,0,0,0,0,0,0,0,0,0,0,19,0,0,0,19,0,0,0,0,0,73,0,6,0,0,0,1,0,0,0,68,0,8,0,0,0,0,0,45,0,0,0,0,0,11,0,2,0,0,0,0,0,0,0,9,0,0,0,0,0,0,0,0,0,282,0,107,0,0,0,12,0,190,0,9,0,16,0,34,0,46,0,0,0,0,0,0,0,10,0,7,0,21,0,0,0,1,0,0,0,0,0,0,0,0,0,0,0,0,0,0,0,0,0,117,0,28,0,42,0,17,0,16,6,18,0,0,0,57,0,27,0,5,2,93,0,120,0,126,0,0,0,44,0,45,0,40,0,0,0,0,0,0,0,0,0,38,0,0,0,0,0,12,0,11,0,17,0,91,0,0,0,0,0,55,11,0,0,18,0,0,0,0,0,0,0,0,0,0,0,0,0,29,0,46,0,0,0,0,0,52,0,51,0,20,1,7,4,0,0,0,0,0,0,0,0,0,1,0
0,0,0,0,0,0,0,0,0,0,0,0,0,0,0,0,0,0,0,0,0,0,0,0,0,1,0,0,0,0,0,0,0,0,0,0,0,0,0,0,0,0,0,0,0,10,0,0,0,0,0,0,0,0,0,0,0,0,0,0,0,0,0,0,0,0,0,0,0,0,0,159,0,292,0,0,0,35,0,79,0,2,0,4,0,5,0,118,0,0,0,0,0,0,0,0,0,0,7,0,0,0,0,0,0,0,15,0,0,0,0,0,0,0,0,0,0,0,0,0,0,150,0,75,0,125,0,77,0,0,64,0,15,39,0,142,0,31,13,0,0,32,0,21,0,143,18,49,55,76,0,124,0,85,0,0,0,0,0,0,0,0,0,65,0,0,0,10,7,10,0,13,0,9,0,151,0,0,0,0,43,207,0,0,0,0,0,0,0,13,0,0,0,0,0,0,0,0,0,54,0,24,0,41,0,0,0,147,0,162,0,0,0,0,12,0,0,0,68,1,5,0,0,0,0
0,0,0,0,0,0,0,0,0,0,0,0,0,0,0,0,0,0,0,0,0,0,0,0,0,0,0,0,0,0,0,0,0,0,0,0,0,0,0,0,0,0,0,0,0,0,0,0,2,0,3,0,0,0,0,0,0,0,0,0,0,0,0,0,0,0,0,0,84,0,0,0,16,0,12,0,0,0,18,0,0,0,35,0,0,0,23,0,0,0,0,0,6,0,0,0,0,0,26,0,0,0,24,0,0,0,0,0,21,0,0,0,0,0,7,0,6,0,0,0,0,0,0,0,0,6,0,1,0,0,0,0,0,0,0,0,0,0,0,0,3,0,8,0,0,0,5,1,0,0,0,0,11,0,0,0,0,0,0,0,0,0,0,0,20,0,0,0,28,3,0,0,0,0,0,0,0,0,0,0,5,0,0,0,0,0,0,0,127,0,0,0,0,0,54,0,0,0,0,0,41,0,0,0,0,0,0,0,0,0,49,0,34,4,0,5,3,0,0,0,0,0,0,0,0
0,0,0,0,0,0,0,0,0,0,0,0,0,0,0,0,0,0,0,0,0,0,0,0,0,0,0,0,0,0,0,0,0,0,0,1,0,0,0,0,0,0,0,2,0,31,0,0,0,0,0,0,0,0,0,0,0,0,0,5,0,0,0,0,0,0,0,0,0,74,0,20,0,105,0,35,0,0,0,3,0,28,0,86,0,15,0,120,0,2,0,0,0,35,0,18,0,0,0,4,0,14,0,162,0,0,0,0,0,28,0,0,0,0,0,3,0,39,0,0,0,15,0,4,20,0,0,0,0,0,0,0,0,1,0,0,0,0,0,1,0,2,0,0,0,0,13,0,3,0,0,0,0,9,0,0,0,0,0,0,0,2,0,0,0,11,0,0,0,50,0,0,0,0,0,0,0,0,0,0,0,38,0,0,0,0,0,0,0,119,0,0,0,0,0,123,0,0,0,0,0,0,0,0,0,0,0,0,0,0,0,0,0,0,11,0,0,0,40,19,51,6,12,2,0
0,0,0,0,0,0,0,0,0,0,0,0,0,0,0,0,0,0,0,0,0,0,0,0,0,0,0,0,0,0,0,0,0,0,0,0,0,0,0,0,0,0,0,0,0,0,0,0,0,0,0,0,0,0,0,0,0,0,0,0,0,0,0,0,0,0,0,0,60,0,187,0,136,0,190,0,18,0,0,0,44,2,47,0,60,0,80,0,0,0,0,0,24,0,0,0,9,0,24,0,1,0,0,0,0,0,0,0,0,0,0,0,0,0,0,0,2,0,0,0,93,0,20,0,0,0,0,0,0,0,0,0,0,0,171,0,35,0,0,0,50,2,209,0,24,0,0,0,0,0,0,0,25,0,0,0,0,0,0,0,0,1,27,0,3,0,0,0,40,0,0,0,0,0,30,0,0,0,0,0,0,9,0,0,0,0,0,0,158,0,0,0,0,0,0,0,0,0,0,0,151,0,102,0,0,0,0,0,0,0,159,2,22,0,11,11,10,0,0,0,0,0,0,0,0
