0,280,127,197,74,0,12,26,37,25,112,27,99,0,42,29,110,40,12,0,11,0,51,127,18,129,13,0,76,0,0,0,72,0,0,0,51,0,158,5,19,0,0,0,2,0,8,0,14,0,11,0,0,0,3,0,0,0,0,0,42,8,83,9,11,0,5,0,0,0,0,0,0,0,0,0,0,0,0,0,0,0,0,0,0,0,0,0,0,0,0,0,0,0,0,0,0,0,0,0,0,0,0,0,0,0,1,0,0,0,0,0,0,0,0,0,0,0,0,0,0,0,0,0,7,0,1,0,2,0,4,0,0,0,0,0,2,0,0,0,0,0,0,0,0,0,15,0,11,0,11,0,10,0,0,0,0,0,0,0,0,1,0,0,0,0,5,0,37,1,2,0,138,3,4,0,52,74,14,0,4,0,30,0,14,0,18,0,0,0,0,0,0,0,0,0,0,0,0,0,2,0,0,0,0,0,0,0,6,0,4,0,0,0,13,0,0,0,4,1,162,0,0,0,11,0,163,29,157,12,96,0,95,5,0,0,15,0,55,3,40,0,79,0,117,0,0,0,0
280,0,315,177,41,185,80,22,63,111,22,248,0,128,11,69,82,79,5,174,0,59,332,118,130,59,0,265,10,270,0,24,0,204,0,0,0,116,21,189,0,57,0,0,0,0,0,48,0,18,0,7,0,0,6,17,0,0,0,2,7,125,18,91,0,39,0,16,0,0,0,2,0,0,0,0,0,1,0,0,0,0,0,0,0,0,0,4,0,0,0,0,0,0,0,7,0,0,0,0,0,3,0,0,0,0,0,0,0,0,0,0,0,0,0,0,0,0,0,0,0,0,0,0,0,8,0,0,0,0,0,2,0,0,0,44,0,22,0,1,1,0,0,4,0,0,0,30,0,13,0,26,0,14,0,0,0,4,0,0,0,0,0,0,0,0,0,9,4,10,1,9,16,148,0,8,40,261,0,58,0,6,17,42,0,52,0,4,0,0,0,0,0,1,0,0,0,5,0,0,0,17,0,0,0,0,0,9,0,36,0,11,0,0,0,46,0,0,0,7,0,474,0,18,3,17,20,395,20,207,0,201,0,303,0,27,0,53,3,92,0,45,0,68,3,161,0,0,0
127,315,0,152,187,0,112,0,12,0,23,84,120,0,194,52,68,30,37,6,45,0,523,83,48,69,51,0,138,18,46,0,131,14,0,0,64,0,282,0,28,0,13,0,21,0,0,0,11,0,0,0,3,0,21,1,8,0,3,0,56,0,93,6,0,0,5,0,0,0,0,0,0,0,0,0,0,0,0,0,0,0,0,0,0,0,0,0,0,0,0,0,0,0,0,0,0,0,0,0,0,0,0,0,21,0,0,0,0,0,0,0,0,0,0,0,0,0,0,0,0,0,0,0,0,0,19,0,0,0,7,0,4,0,41,0,19,0,1,0,0,0,35,0,0,0,13,0,8,0,24,0,0,0,0,0,0,0,0,0,17,0,1,0,0,0,28,0,44,0,7,1,225,0,0,0,22,70,1,0,0,0,4,0,2,0,2,0,0,0,0,0,0,0,0,0,1,0,20,0,29,0,0,0,4,0,8,0,50,0,0,0,2,0,25,2,1,0,0,0,318,0,12,0,14,0,106,19,211,0,162,4,157,0,17,0,24,0,40,0,44,0,75,0,218,0,0,0,0
197,177,152,0,83,77,16,83,17,21,76,17,0,0,34,208,55,25,0,185,10,189,216,204,35,76,0,62,12,90,0,65,19,217,0,5,0,34,0,44,0,0,0,8,0,12,0,0,0,0,0,0,0,1,0,55,0,9,0,4,0,7,0,16,0,0,0,0,0,0,0,0,0,3,0,0,0,0,0,0,0,0,0,0,0,24,0,0,0,0,0,0,0,1,0,11,0,31,0,0,0,13,0,6,0,0,0,0,0,0,0,0,0,0,0,0,0,0,0,0,0,0,0,0,0,0,0,0,0,0,0,0,0,9,0,45,0,0,0,0,0,0,0,18,0,0,0,0,0,0,0,1,0,0,0,0,0,1,0,0,0,2,0,0,0,3,0,12,0,0,0,0,6,21,0,0,14,33,0,10,1,0,6,1,1,0,0,0,0,0,0,0,0,0,0,0,0,0,0,0,0,0,0,0,0,0,0,0,0,0,0,0,0,1,0,8,0,0,1,0,0,142,0,9,0,0,0,145,14,56,0,23,0,72,0,5,0,9,0,0,1,3,4,0,0,24,0,0,0
74,41,187,83,0,207,25,3,14,0,67,219,278,87,152,181,19,0,107,165,167,34,54,25,5,0,104,81,25,0,98,0,160,20,0,7,139,10,17,0,67,2,7,0,9,0,36,0,16,1,25,0,0,0,3,0,0,0,0,0,0,0,0,0,5,0,8,0,0,0,0,0,0,0,0,0,0,0,0,0,0,0,0,0,0,0,0,0,0,0,0,0,0,0,0,0,0,0,0,0,0,0,0,0,0,0,0,0,0,0,0,0,0,0,0,0,0,0,0,0,0,0,0,0,5,0,0,0,0,0,5,0,0,0,21,0,0,0,0,0,5,0,0,0,0,0,18,0,10,0,23,0,13,0,0,0,0,0,0,0,5,0,0,0,27,0,91,0,31,0,0,0,75,0,4,0,91,85,50,0,4,0,17,0,8,0,7,0,0,0,0,0,0,0,0,0,0,0,12,0,25,0,0,0,3,0,0,0,25,0,0,0,3,0,2,0,0,0,9,0,220,0,3,0,16,1,264,26,146,0,88,0,0,0,4,0,37,0,16,0,18,0,23,0,119,0,0,0,0
0,185,0,77,207,0,0,5,0,12,169,83,92,80,304,95,0,0,49,315,241,315,72,16,0,5,0,234,0,12,21,181,18,232,0,95,30,183,0,12,3,29,1,15,0,22,0,20,0,0,2,21,0,0,0,3,0,3,0,0,0,0,0,0,0,4,0,0,0,0,0,0,0,0,0,2,0,1,0,1,0,0,0,0,0,0,0,0,0,0,0,0,0,0,0,0,0,0,0,0,0,0,0,0,0,0,0,0,0,0,0,0,0,0,0,0,0,0,0,0,0,0,0,0,0,0,0,0,0,0,0,1,0,0,0,4,0,0,0,0,0,0,0,0,0,7,0,0,0,0,0,0,0,0,0,2,0,0,0,0,0,0,0,0,0,0,0,21,0,15,0,0,0,22,0,0,46,185,0,31,0,3,0,2,0,0,0,6,0,0,0,0,0,0,0,0,0,0,0,0,0,0,0,0,0,0,0,0,0,0,0,0,0,0,0,7,0,0,0,11,0,226,0,9,0,47,9,332,0,157,0,81,0,0,0,0,0,43,0,22,0,13,0,13,4,0,0,0,0
12,80,112,16,25,0,0,73,32,262,23,4,26,0,35,5,6,54,0,0,9,3,21,30,99,205,0,0,0,12,0,0,0,0,0,0,6,0,36,0,5,0,4,0,3,0,0,0,10,0,16,0,27,0,148,60,15,4,0,0,184,15,356,29,4,0,20,26,0,0,0,0,0,0,0,0,0,0,0,0,0,0,0,0,0,0,0,0,0,0,0,0,0,0,0,0,0,0,0,0,0,0,0,0,0,0,0,0,0,0,0,0,0,0,0,0,0,0,0,0,0,0,0,0,18,0,20,0,11,0,20,0,0,1,37,0,14,0,0,0,0,0,0,0,0,0,36,0,8,0,43,0,0,0,12,0,2,0,4,0,66,0,0,0,0,0,4,0,37,0,114,2,141,8,0,0,22,31,0,0,0,0,0,11,3,0,0,0,0,0,0,0,0,0,0,0,1,0,11,0,10,0,0,0,0,0,18,0,46,0,23,0,0,0,136,0,0,0,22,0,384,0,56,0,23,0,172,0,204,0,83,0,308,0,11,3,28,0,151,3,118,0,192,0,270,0,0,0,0
26,22,0,83,3,5,73,0,214,36,0,5,0,0,2,33,0,52,0,32,0,14,0,38,41,373,0,16,1,133,0,0,0,7,0,0,0,10,0,148,0,0,0,0,0,3,0,0,0,0,0,0,25,0,33,128,0,9,0,11,5,336,0,212,0,8,0,1,0,0,0,0,0,4,0,0,0,0,0,0,0,0,0,4,0,4,0,0,0,0,0,0,0,0,0,0,0,0,0,14,0,6,0,0,0,0,0,0,0,0,0,0,0,0,0,0,0,0,0,0,0,0,0,0,0,5,0,7,0,0,0,0,0,0,0,18,0,19,0,0,0,0,0,9,0,0,1,6,0,0,0,0,0,0,1,5,0,11,0,0,0,2,0,3,0,5,0,2,0,21,0,19,0,121,0,0,19,11,0,0,0,0,4,6,0,0,0,0,0,0,0,0,0,0,0,0,0,0,0,0,0,5,0,0,0,0,0,0,0,29,0,46,0,0,0,152,0,0,1,8,8,368,0,65,0,28,7,63,0,318,0,88,0,364,0,27,0,36,0,152,1,30,0,46,2,203,0,0,0
37,63,12,17,14,0,32,214,0,517,35,0,25,0,11,0,38,71,7,0,1,0,11,25,29,384,0,0,22,15,0,0,13,2,0,0,0,0,46,4,9,0,0,0,0,0,5,0,6,0,5,0,14,6,61,164,6,8,46,11,259,29,338,41,93,0,166,39,0,0,0,0,1,1,2,0,0,0,0,0,0,0,0,0,0,0,0,0,0,0,0,0,0,0,2,0,0,0,0,0,0,0,0,0,0,0,0,0,0,0,0,0,0,0,0,0,0,0,0,0,0,0,0,0,35,0,13,0,0,0,38,0,0,0,21,0,0,0,0,0,0,0,0,0,0,0,49,0,48,0,53,0,11,0,0,1,0,0,0,0,28,0,2,0,0,0,0,1,36,1,74,0,117,20,10,0,246,72,8,0,1,0,13,24,33,0,5,0,0,0,0,0,0,0,0,0,7,0,10,0,4,0,0,0,0,0,18,0,27,0,0,0,3,0,61,0,0,0,11,0,115,0,33,0,28,0,179,9,166,26,47,0,120,0,0,0,0,0,86,0,71,0,171,0,177,0,0,0,0
25,111,0,21,0,12,262,36,517,0,0,14,0,13,0,9,0,24,0,23,0,0,7,6,69,40,0,31,0,36,0,0,0,5,0,0,0,1,1,50,0,0,0,4,0,3,0,3,0,0,0,2,94,28,145,49,17,11,93,25,6,332,25,213,4,139,86,98,0,1,0,0,0,7,0,0,0,1,0,0,0,0,0,0,0,0,0,0,0,0,0,4,0,0,0,0,0,0,0,0,0,1,0,0,0,3,0,13,0,0,0,0,0,0,0,0,0,0,0,0,0,4,0,0,0,34,0,55,0,0,1,2,0,0,0,47,0,33,0,2,0,0,0,13,0,0,0,61,0,59,0,50,0,25,3,11,0,36,0,2,0,11,0,0,0,12,0,0,0,23,0,26,6,64,4,0,72,230,0,2,0,0,4,57,0,45,0,0,0,0,0,0,0,0,0,0,0,9,0,1,0,30,0,0,0,0,0,29,0,68,0,0,0,5,0,134,0,0,0,15,0,142,0,45,1,40,0,100,0,327,0,78,0,323,0,39,0,26,0,141,0,36,2,41,5,207,0,0,0
112,22,23,76,67,169,23,0,35,0,0,117,200,8,30,180,16,0,24,39,104,11,17,20,1,0,17,0,5,0,47,0,90,7,7,0,69,0,9,0,23,0,0,1,6,0,13,0,18,0,9,0,0,0,0,0,0,0,1,0,0,0,0,0,10,0,0,0,0,0,0,0,0,0,0,0,0,0,0,0,0,0,0,0,0,0,0,0,0,0,0,0,0,0,0,0,0,0,0,0,0,0,0,0,0,0,0,0,0,0,0,0,0,0,0,0,0,0,0,0,0,0,0,0,0,0,1,0,0,0,0,0,0,0,4,0,0,0,0,0,0,0,0,0,0,0,8,0,7,0,12,1,7,0,0,0,0,0,0,0,0,0,0,0,3,0,34,0,20,0,0,0,23,0,3,0,76,47,66,2,5,0,22,0,22,0,33,0,0,0,0,0,0,0,0,0,0,0,0,0,3,0,0,0,0,0,0,0,0,0,0,0,0,0,0,0,2,0,3,0,65,2,0,1,11,0,126,29,96,0,43,0,0,0,0,0,10,0,4,1,5,0,11,0,0,1,0,0,0
27,248,84,17,219,83,4,5,0,14,117,0,32,156,303,15,25,0,38,82,160,87,165,21,1,0,0,271,0,8,29,42,22,215,0,50,24,130,0,37,0,143,0,32,0,13,0,79,0,70,0,13,0,0,0,3,0,2,0,0,0,0,0,0,0,8,0,0,0,1,0,0,0,0,0,0,0,1,0,0,0,0,0,0,0,2,0,0,0,0,0,0,0,0,0,0,0,0,0,1,0,0,0,0,0,0,0,0,0,0,0,0,0,0,0,0,0,0,0,0,0,0,0,0,0,0,0,0,0,0,0,0,0,0,0,14,0,10,0,0,0,0,0,0,0,0,0,0,0,6,0,15,0,5,0,2,0,0,0,0,0,0,0,1,0,3,0,4,2,0,0,0,0,17,0,10,35,414,4,81,0,11,0,9,0,20,0,29,0,0,0,0,0,0,0,0,0,0,0,0,0,0,0,0,0,0,0,5,0,16,0,0,0,0,3,6,0,2,1,9,0,122,0,0,0,19,12,282,0,101,0,57,0,93,0,10,0,28,0,29,0,8,0,13,0,0,0,0,0
99,0,120,0,278,92,26,0,25,0,200,32,0,329,84,34,0,0,203,246,87,44,15,0,0,0,145,499,0,0,21,5,6,0,134,0,36,0,0,0,198,124,88,53,30,34,60,107,41,2,270,13,0,0,5,0,0,0,0,0,0,0,0,0,5,0,11,0,0,0,0,0,1,0,0,0,0,0,0,0,0,0,0,0,0,0,0,0,0,0,0,0,0,0,0,0,0,0,0,0,0,0,0,0,0,0,0,0,0,0,0,0,0,0,0,0,0,0,0,0,0,0,0,0,5,0,0,0,0,0,0,0,0,0,0,0,0,0,0,0,0,0,0,0,0,0,18,0,0,0,23,0,0,0,0,0,0,0,0,0,0,0,0,0,104,0,25,0,32,0,0,0,10,0,9,0,111,79,85,0,35,0,49,0,26,0,120,0,0,0,0,0,0,0,0,0,0,0,0,0,0,0,0,0,0,0,0,0,0,0,0,0,0,0,2,0,0,0,27,37,18,0,0,0,121,9,84,0,68,0,0,0,0,0,0,0,0,0,0,0,4,0,3,0,0,0,0,0,0
0,128,0,0,87,80,0,0,0,13,8,156,329,0,96,0,0,0,303,281,218,158,1,0,0,0,143,294,0,0,16,41,0,6,20,186,0,132,0,0,55,171,0,244,18,43,17,162,0,80,23,403,0,0,0,3,0,0,0,0,0,0,0,0,0,5,0,0,0,0,0,0,0,0,0,0,0,0,0,0,0,2,0,0,0,0,0,0,0,0,0,0,0,0,0,0,0,0,0,0,0,0,0,0,0,0,0,0,0,0,0,0,0,0,0,0,0,0,0,0,0,0,0,0,0,0,0,0,0,0,0,0,0,0,0,8,0,9,0,0,0,0,0,0,0,0,0,0,0,0,0,0,0,4,0,0,0,0,0,0,0,0,0,0,0,22,0,1,0,5,0,0,0,1,0,7,26,294,7,8,0,12,0,4,0,0,9,43,0,0,0,0,0,0,0,0,0,3,0,0,0,0,0,0,0,0,0,0,0,0,0,2,0,0,0,0,0,3,25,110,6,16,0,0,14,120,0,125,0,33,0,0,0,0,0,1,0,0,0,2,0,0,0,0,1,0,0,0,0
42,11,194,34,152,304,35,2,11,0,30,303,84,96,0,195,40,1,190,128,403,29,236,11,26,0,131,40,3,0,110,6,148,24,37,8,91,18,5,0,17,0,8,7,31,0,25,0,7,0,11,0,13,0,24,0,0,0,0,0,0,0,6,0,0,0,6,0,0,0,0,0,0,0,0,0,0,0,0,0,0,0,0,0,0,0,0,0,0,0,35,0,0,0,0,0,0,0,0,0,0,0,0,0,65,0,104,0,0,0,0,0,0,0,0,0,0,0,0,0,0,0,0,0,6,0,0,0,0,0,3,0,0,0,130,0,46,0,1,0,8,0,73,0,3,0,25,0,11,0,40,0,17,0,5,0,0,0,2,0,7,0,3,0,0,0,56,0,23,0,0,0,42,0,0,0,54,50,28,0,3,0,7,0,6,0,0,0,0,0,5,0,0,0,0,0,0,0,32,0,96,0,0,0,12,0,19,0,76,0,0,0,2,0,2,0,0,0,0,0,113,0,0,0,22,0,134,12,91,2,38,0,0,0,1,0,17,4,12,0,7,0,9,0,0,0,0,0,0
29,69,52,208,181,95,5,33,0,9,180,15,34,0,195,0,22,48,0,229,114,357,86,219,0,61,0,156,2,25,20,91,32,113,0,25,13,37,0,12,0,0,0,8,2,18,0,0,0,0,0,0,0,0,0,22,0,0,0,2,0,5,2,22,0,5,0,0,0,0,0,7,0,0,0,8,0,5,0,0,0,133,0,0,0,86,0,62,0,0,0,0,0,0,0,0,0,32,0,86,0,21,0,0,0,0,0,0,0,0,0,0,0,0,0,0,0,0,0,0,0,33,0,45,0,0,0,0,0,0,0,0,0,0,0,0,0,22,0,13,0,0,0,56,0,0,0,0,0,4,0,0,0,0,0,0,0,0,0,0,0,0,0,0,0,0,6,9,0,8,0,0,0,5,0,0,9,7,6,0,0,0,3,7,0,0,0,0,0,0,0,0,0,0,0,0,0,0,0,0,0,0,0,0,0,0,0,0,0,0,0,0,0,0,0,0,0,0,0,0,0,38,0,0,0,6,6,564,9,48,0,32,0,44,0,0,0,2,0,17,0,4,0,10,0,24,0,0,0
110,82,68,55,19,0,6,0,38,0,16,25,0,0,40,22,0,16,101,4,378,0,116,44,48,31,127,0,202,9,99,0,148,0,62,0,22,0,196,3,0,0,0,0,123,0,13,0,7,0,21,0,76,0,48,0,10,0,0,0,28,0,378,0,0,0,0,0,0,0,66,0,0,0,44,0,0,0,0,0,62,0,0,0,307,0,96,0,0,0,150,0,0,0,0,0,221,0,136,0,0,0,0,0,0,0,154,0,0,0,0,0,0,0,0,0,0,0,0,0,217,0,207,0,0,0,9,0,9,0,3,0,5,0,92,0,123,0,45,0,91,0,348,0,20,0,0,0,0,0,0,0,0,0,37,0,0,0,27,0,5,0,0,0,0,0,10,0,29,0,3,0,63,0,0,0,21,9,2,0,0,0,7,0,2,0,0,0,0,0,0,0,0,0,0,0,0,0,0,0,105,0,0,0,0,0,0,0,82,0,0,0,0,0,0,0,0,0,0,0,69,0,0,0,19,0,206,23,63,0,42,0,24,0,0,0,5,2,14,0,24,0,24,0,45,0,0,0,0
40,79,30,25,0,0,54,52,71,24,0,0,0,0,1,48,16,0,0,0,0,124,24,57,49,161,0,0,1,241,0,23,0,64,0,3,0,0,0,54,0,0,0,0,0,14,0,0,0,1,1,4,2,105,15,48,0,10,1,0,0,26,9,287,0,0,0,0,0,0,0,6,0,0,0,13,0,0,0,0,0,249,0,0,0,241,0,118,0,0,0,0,0,0,0,66,0,34,0,153,0,34,0,0,0,0,0,38,0,0,0,0,0,0,0,0,0,0,0,0,0,53,0,89,0,0,0,13,0,7,0,0,0,78,0,16,0,80,0,72,0,28,0,165,0,13,0,0,0,0,0,0,0,0,0,22,0,0,0,17,0,3,0,0,0,0,0,0,0,6,0,0,0,12,0,0,2,38,0,0,0,0,4,11,2,0,0,0,0,0,0,0,0,0,0,0,0,0,0,0,0,2,0,0,0,0,0,0,0,0,0,0,0,0,0,0,0,0,0,1,0,43,1,13,0,0,3,146,0,39,0,24,0,34,1,0,0,8,0,20,0,11,0,7,0,15,0,0,0
12,5,37,0,107,49,0,0,7,0,24,38,203,303,190,0,101,0,0,203,289,42,202,0,9,0,316,362,4,0,34,0,7,0,184,16,63,2,0,0,47,74,39,39,22,21,26,48,0,1,100,12,11,0,18,0,0,0,0,0,0,0,0,0,5,0,0,0,0,0,0,0,0,0,0,0,0,0,0,0,0,0,0,0,0,0,0,0,0,0,0,0,0,0,0,0,0,0,0,0,0,0,0,0,0,0,83,0,0,0,0,0,0,0,0,0,0,0,0,0,0,0,0,0,0,0,0,0,0,0,0,0,0,0,42,0,0,0,0,0,15,0,49,0,0,1,0,0,0,0,23,0,12,0,0,0,1,0,0,0,0,0,0,0,15,0,10,0,8,0,0,0,8,0,0,0,54,32,40,0,3,0,5,0,2,0,6,4,0,0,0,0,0,0,0,0,0,0,13,0,0,0,0,0,0,0,11,0,0,0,0,0,0,0,0,0,0,0,13,20,25,0,0,0,51,5,149,0,40,2,9,0,5,0,0,0,0,0,5,0,0,0,8,0,17,0,0,0,0
0,174,6,185,165,315,0,32,0,23,39,82,246,281,128,229,4,0,203,0,218,360,6,88,3,25,59,382,0,8,24,82,0,0,18,317,14,106,0,0,16,12,0,110,1,57,0,29,0,1,11,157,0,2,0,6,0,0,0,0,0,0,0,9,0,13,0,0,0,0,0,3,0,0,0,0,0,0,0,0,0,0,0,0,0,0,0,28,0,0,0,0,0,0,0,0,0,0,1,0,0,0,0,0,0,0,0,0,0,0,0,0,0,0,0,0,0,0,0,0,0,0,0,0,0,0,0,0,0,0,0,0,0,0,0,22,0,0,0,0,0,11,0,24,0,11,0,0,0,6,0,0,0,0,0,0,0,11,0,2,0,0,0,0,0,16,4,8,0,5,0,2,0,2,0,0,10,63,9,0,0,0,0,5,0,12,3,0,0,0,0,0,0,0,0,0,0,6,0,1,0,0,0,0,0,0,0,0,0,0,0,0,0,0,0,10,0,0,15,39,7,25,3,0,0,95,7,217,0,49,0,11,0,33,0,0,0,0,0,11,1,0,0,8,0,0,0,0,0
11,0,45,10,167,241,9,0,1,0,104,160,87,218,403,114,378,0,289,218,0,61,111,0,10,0,367,252,38,0,67,0,43,8,168,11,39,8,9,0,9,45,70,23,45,14,19,0,6,0,122,0,17,0,21,0,12,0,0,0,8,0,71,0,0,0,0,0,0,0,76,0,0,0,49,0,0,0,14,0,31,0,0,0,117,0,85,0,23,0,86,0,0,0,0,0,101,0,69,0,0,0,0,0,0,0,0,0,0,0,0,0,0,0,0,0,0,0,0,0,212,0,121,0,0,0,0,0,0,0,0,0,0,0,27,0,0,0,7,0,91,0,111,0,72,0,0,0,3,0,4,0,0,0,7,0,2,0,2,0,3,0,0,0,28,0,44,0,0,0,11,0,31,0,0,0,63,34,59,0,0,0,6,0,1,0,3,9,0,1,0,0,0,0,0,0,0,0,0,0,36,0,0,0,0,0,0,0,0,0,2,0,2,0,0,0,0,0,27,0,77,2,0,0,74,0,310,8,63,0,53,0,17,0,2,0,21,0,11,0,13,0,24,0,59,0,0,0,0
0,59,0,189,34,315,3,14,0,0,11,87,44,158,29,357,0,124,42,360,61,0,4,231,0,23,0,299,0,89,3,55,0,47,0,63,6,15,0,4,0,0,0,114,0,54,0,0,0,0,1,69,0,0,0,9,1,12,0,0,0,10,0,40,0,0,0,0,0,0,0,10,0,0,0,19,0,0,0,13,0,95,0,0,0,113,0,65,0,0,0,0,0,0,0,29,0,0,0,0,0,0,0,0,0,0,0,0,0,0,0,0,0,0,0,0,0,0,0,0,0,60,0,70,0,0,0,0,0,0,0,0,0,76,0,0,0,125,0,166,0,80,0,175,0,67,0,0,0,0,0,0,0,0,0,4,0,4,1,7,0,0,0,0,0,27,0,17,0,15,0,1,0,17,0,0,3,34,3,0,0,0,0,3,0,0,0,4,0,0,0,0,0,0,0,0,0,0,0,0,0,0,0,0,0,0,0,0,0,0,0,0,0,0,0,8,0,0,0,29,3,56,1,11,1,87,0,429,0,83,0,44,0,62,0,5,0,0,0,23,0,0,0,11,0,12,0,0,0
51,332,523,216,54,72,21,0,11,7,17,165,15,1,236,86,116,24,202,6,111,4,0,119,92,49,123,0,28,17,18,0,27,29,17,0,18,0,24,10,0,2,0,0,47,0,19,0,12,0,0,0,22,0,22,0,2,0,0,0,0,0,24,3,5,0,0,0,0,0,0,0,0,1,0,0,0,0,0,0,0,0,0,0,57,0,0,0,0,0,0,0,0,0,0,0,83,0,0,0,1,0,0,0,0,0,133,0,0,0,0,0,0,0,0,0,0,0,0,0,0,0,0,0,3,0,0,0,4,0,1,0,22,0,113,0,67,0,6,0,16,0,104,0,0,0,10,0,0,0,0,0,6,0,16,0,0,0,11,0,9,0,1,0,0,0,8,0,0,0,0,0,34,2,0,0,36,57,4,0,0,0,15,0,0,0,0,0,0,0,0,0,0,0,0,0,4,0,0,0,130,0,0,0,0,0,9,0,89,0,0,0,0,0,4,0,0,0,0,0,30,6,0,0,10,0,321,70,54,5,22,2,10,0,3,0,0,0,6,0,6,0,8,0,36,0,0,0,0
127,118,83,204,25,16,30,38,25,6,20,21,0,0,11,219,44,57,0,88,0,231,119,0,55,181,0,89,8,36,5,31,13,28,0,0,0,11,13,6,0,0,0,5,0,28,0,0,0,3,0,0,0,17,3,34,0,0,0,0,0,6,12,50,0,0,0,0,0,0,0,0,0,0,0,9,0,0,0,9,0,153,0,0,0,103,0,91,0,0,0,0,0,0,0,54,0,0,0,76,0,0,0,0,0,0,0,0,0,0,0,0,0,0,0,0,0,0,0,0,0,38,0,0,0,0,0,0,0,2,0,0,0,14,0,0,0,0,0,0,0,0,0,48,0,10,0,0,0,0,0,0,1,0,0,0,0,2,0,0,0,0,0,2,0,0,0,2,0,0,0,1,5,11,0,0,3,29,0,0,0,0,0,4,0,4,0,0,0,0,0,0,0,0,0,0,0,0,0,0,0,2,0,0,0,0,0,0,0,0,0,2,0,0,0,0,0,0,0,0,6,54,0,0,0,0,10,617,0,56,0,24,0,46,0,6,0,7,0,19,2,4,4,9,0,24,0,0,0
18,130,48,35,5,0,99,41,29,69,1,1,0,0,26,0,48,49,9,3,10,0,92,55,0,144,0,0,0,18,0,0,3,0,0,0,0,3,9,6,1,0,0,0,3,0,0,0,1,0,4,0,85,0,99,2,21,0,0,0,18,16,117,9,0,0,0,0,0,0,0,0,0,0,0,0,0,0,0,0,15,0,0,0,49,0,0,0,0,0,51,0,0,0,0,0,63,0,0,0,3,0,0,0,27,0,117,0,0,0,0,0,0,0,0,0,0,0,0,0,0,0,0,0,5,0,35,0,18,0,3,0,33,0,152,0,170,0,11,0,17,0,165,0,0,0,11,0,0,0,0,0,1,0,50,0,0,1,15,0,59,0,0,0,0,0,0,0,15,0,13,0,32,4,0,0,3,8,0,0,1,1,3,1,1,0,0,0,0,0,0,0,0,0,2,0,0,0,15,0,126,0,0,0,0,0,8,0,98,0,0,0,0,0,7,0,0,0,0,0,76,0,18,0,10,0,44,6,54,11,8,0,30,3,2,0,2,0,17,5,16,1,17,0,36,0,0,0,0
129,59,69,76,0,5,205,373,384,40,0,0,0,0,0,61,31,161,0,25,0,23,49,181,144,0,0,17,0,84,0,6,0,6,0,0,0,0,0,16,0,0,0,0,0,0,0,0,0,0,0,0,32,21,81,135,0,65,10,21,12,47,30,101,2,0,11,3,0,0,0,3,0,0,0,0,0,0,0,0,0,138,0,0,0,175,0,50,0,0,0,41,0,0,0,63,0,114,0,202,0,44,0,0,0,0,0,60,0,0,0,0,0,0,0,0,0,0,0,0,0,11,0,21,0,3,0,12,0,14,0,1,0,91,0,105,0,81,0,42,0,7,0,114,0,0,0,1,0,0,0,0,0,0,0,77,0,1,0,22,0,10,0,0,1,3,0,0,0,6,1,2,11,25,0,0,22,46,0,0,0,0,15,10,0,0,0,0,0,0,0,0,0,1,0,0,0,0,0,0,0,27,0,0,0,1,0,0,0,0,0,0,0,0,0,12,0,0,0,0,12,34,0,33,0,7,0,65,18,96,0,14,0,44,0,0,0,5,0,17,0,4,0,0,0,28,0,0,0
13,0,51,0,104,0,0,0,0,0,17,0,145,143,131,0,127,0,316,59,367,0,123,0,0,0,0,259,10,0,34,0,7,0,60,0,63,0,0,0,180,190,182,22,138,16,243,171,25,5,284,9,15,0,0,0,0,0,0,0,0,0,12,0,0,0,0,0,0,0,11,0,0,0,0,0,0,0,0,0,0,0,0,0,0,0,0,0,0,0,0,0,0,0,0,0,0,0,0,0,0,0,0,0,0,0,0,0,0,0,0,0,0,0,0,0,0,0,0,0,0,0,0,0,2,0,0,0,0,0,3,0,0,0,0,0,0,0,0,0,0,0,0,0,0,0,0,0,0,0,0,0,13,0,0,0,0,0,0,0,0,0,0,0,83,5,8,0,0,0,0,0,12,0,0,0,21,37,9,0,0,0,10,0,0,0,14,7,0,0,0,0,0,0,0,0,7,0,0,0,0,0,0,0,0,0,0,0,0,0,0,0,0,0,0,0,0,0,219,36,8,1,17,15,180,0,78,0,33,0,0,0,0,0,0,0,5,0,0,0,2,0,4,0,0,0,0,0,0
0,265,0,62,81,234,0,16,0,31,0,271,499,294,40,156,0,0,362,382,252,299,0,89,0,17,259,0,0,0,17,29,3,0,60,72,0,34,0,0,227,82,0,317,20,188,50,167,11,33,40,316,0,0,0,8,0,0,0,0,0,0,0,0,0,18,0,0,0,0,0,0,0,0,0,0,0,0,0,0,0,0,0,0,0,0,0,0,0,0,0,0,0,0,0,0,0,0,0,0,0,2,0,0,0,0,0,0,0,0,0,0,0,0,0,0,0,0,0,0,0,0,0,21,0,0,0,0,0,0,0,0,0,0,0,24,0,38,0,0,0,20,0,41,0,24,0,0,0,5,0,14,0,5,0,5,0,0,0,5,0,5,0,0,0,49,2,1,0,29,0,0,0,1,0,0,2,131,15,4,0,0,0,8,0,31,13,8,0,0,0,0,0,0,0,0,0,0,0,0,0,19,0,0,0,0,0,0,0,0,0,0,0,0,0,5,0,0,69,370,0,0,8,64,0,151,0,205,0,30,0,0,0,0,0,3,0,0,0,0,0,0,0,4,2,0,0,0,0
76,10,138,12,25,0,0,1,22,0,5,0,0,0,3,2,202,1,4,0,38,0,28,8,0,0,10,0,0,1,23,0,21,0,13,0,38,0,15,0,0,0,26,0,9,0,0,0,0,0,15,0,0,0,1,0,0,0,0,0,2,0,18,0,3,0,0,0,0,0,23,0,0,0,13,0,0,0,0,0,0,0,0,0,48,0,0,0,0,0,0,0,0,0,0,0,24,0,0,0,0,0,0,0,0,0,0,0,0,0,0,0,0,0,0,0,0,0,0,0,69,0,44,0,2,0,0,0,0,0,0,0,0,0,0,0,15,0,11,0,60,0,71,0,18,0,0,0,0,0,1,0,0,0,1,0,0,0,0,0,0,0,0,0,0,0,1,0,0,0,0,0,0,0,0,0,5,5,0,0,1,0,0,0,0,0,0,0,0,0,0,0,0,0,0,0,0,0,0,0,0,0,0,0,0,0,0,0,0,0,0,0,0,0,0,0,0,0,1,0,0,0,0,0,0,0,26,0,1,0,0,0,0,0,0,0,0,0,0,0,0,0,1,0,0,0,0,0,0
0,270,18,90,0,12,12,133,15,36,0,8,0,0,0,25,9,241,0,8,0,89,17,36,18,84,0,0,1,0,0,12,0,29,0,15,0,30,0,13,0,0,0,16,0,6,0,0,0,0,0,8,0,12,2,13,0,8,0,0,1,37,0,74,0,0,0,0,0,0,0,0,0,0,0,0,0,0,0,0,0,0,0,0,0,0,0,0,0,0,0,0,0,0,0,4,0,0,0,0,0,0,0,0,0,0,0,0,0,0,0,0,0,0,0,0,0,0,0,0,0,0,0,0,0,0,0,3,0,8,0,0,0,21,0,0,0,30,0,84,0,13,0,42,0,10,0,0,0,0,0,0,0,0,0,3,0,5,0,10,0,0,0,0,0,0,0,0,0,0,0,0,0,10,0,0,4,48,0,5,0,0,0,19,0,0,0,0,0,0,0,0,0,0,0,0,0,0,0,0,0,0,0,0,0,0,0,0,0,0,0,0,0,0,0,3,0,0,0,3,0,43,0,0,0,2,0,184,0,25,0,27,0,84,0,6,0,8,0,22,0,4,0,10,0,32,0,0,0
0,0,46,0,98,21,0,0,0,0,47,29,21,16,110,20,99,0,34,24,67,3,18,5,0,0,34,17,23,0,0,0,18,3,49,0,44,0,5,0,0,1,49,0,0,0,0,0,2,0,34,0,0,0,0,0,0,0,0,0,0,0,19,0,0,0,0,0,0,0,10,0,0,0,0,0,0,0,0,0,0,0,0,0,0,0,27,0,0,0,14,0,0,0,0,0,20,0,0,0,0,0,0,0,0,0,0,0,0,0,0,0,0,0,0,0,0,0,0,0,36,0,7,0,0,0,1,0,0,0,0,0,0,0,3,0,0,0,0,0,16,0,23,0,22,0,3,0,0,0,0,0,0,0,0,0,2,0,1,0,1,0,6,0,7,0,39,0,8,0,0,0,5,0,0,0,15,8,21,0,0,0,0,0,0,0,0,0,0,0,0,0,0,0,0,0,0,0,0,0,0,0,0,0,0,0,0,0,10,0,0,0,0,0,0,0,0,0,0,0,59,0,0,0,10,0,136,4,32,0,17,0,0,0,0,0,13,4,3,0,2,0,0,0,0,0,0,0,0
0,24,0,65,0,181,0,0,0,0,0,42,5,41,6,91,0,23,0,82,0,55,0,31,0,6,0,29,0,12,0,0,0,11,0,33,1,31,0,0,0,0,0,28,0,20,0,0,0,0,0,16,0,2,0,0,0,3,0,0,0,0,0,6,0,0,0,0,0,0,0,0,0,0,0,0,0,0,0,0,0,0,0,6,0,0,0,0,0,0,0,0,0,0,0,7,0,0,0,0,0,0,0,0,0,0,0,0,0,0,0,0,0,0,0,0,0,0,0,0,0,0,0,10,0,0,0,0,0,0,0,0,0,0,0,0,0,0,0,20,0,6,0,47,0,10,0,0,0,0,0,0,0,0,0,2,0,0,0,4,0,0,0,0,0,4,0,4,0,4,0,0,0,0,0,0,0,4,0,1,0,0,0,0,0,0,0,0,0,1,0,0,0,0,0,0,0,0,0,0,0,0,0,0,0,0,0,0,0,0,0,0,0,2,0,6,0,0,0,0,0,40,0,8,0,36,0,172,0,38,0,19,0,24,1,0,0,7,0,0,0,2,0,3,0,0,0,0,0
72,0,131,19,160,18,0,0,13,0,90,22,6,0,148,32,148,0,7,0,43,0,27,13,3,0,7,3,21,0,18,0,0,0,25,0,87,0,4,0,0,0,24,0,0,0,0,0,3,0,13,0,1,0,0,0,3,0,2,0,0,0,25,0,1,0,0,0,0,0,16,0,7,0,0,0,0,0,2,0,0,0,0,0,0,0,0,0,0,0,8,0,0,0,0,0,0,0,11,0,0,0,0,0,0,0,0,0,0,0,0,0,0,0,0,0,0,0,0,0,0,0,14,0,0,0,0,0,0,0,0,0,0,0,0,0,2,0,8,0,17,0,0,0,19,0,5,0,0,0,0,0,0,0,1,0,5,0,0,0,0,0,6,0,0,0,33,0,6,0,0,0,16,0,0,0,43,12,30,0,0,0,19,0,3,0,0,0,0,0,0,0,0,0,0,0,0,0,0,0,0,0,0,0,0,0,0,0,5,0,0,0,0,0,0,0,0,0,0,0,53,0,0,0,3,0,188,0,28,0,14,0,0,0,0,0,5,3,4,0,6,0,7,0,0,0,0,0,0
0,204,14,217,20,232,0,7,2,5,7,215,0,6,24,113,0,64,0,0,8,47,29,28,0,6,0,0,0,29,3,11,0,0,0,21,2,99,0,0,0,0,0,23,0,7,0,0,0,0,0,6,0,0,0,2,0,0,0,0,0,7,0,11,0,0,0,0,0,0,0,0,0,0,0,0,0,0,0,0,0,0,0,0,0,0,0,0,0,0,0,0,0,0,0,0,0,0,0,0,0,0,0,0,0,0,0,0,0,0,0,0,0,0,0,0,0,0,0,0,0,0,0,9,0,0,0,0,0,0,0,0,0,0,0,0,0,23,0,32,0,17,0,37,0,16,1,0,0,0,0,1,0,0,0,0,0,11,0,0,0,0,0,0,0,3,0,7,0,0,0,0,0,9,0,0,1,7,0,0,0,0,0,0,0,0,0,0,0,0,0,0,0,0,0,0,0,0,0,0,0,0,0,0,0,0,0,0,0,0,0,0,0,0,0,6,0,1,0,0,0,70,0,0,0,8,0,261,1,38,0,0,0,34,0,0,0,6,0,10,0,1,0,0,0,0,0,0,0
0,0,0,0,0,0,0,0,0,0,7,0,134,20,37,0,62,0,184,18,168,0,17,0,0,0,60,60,13,0,49,0,25,0,0,0,80,0,4,0,15,0,45,0,17,0,0,0,5,0,56,0,0,0,2,0,5,0,0,0,0,0,0,0,0,0,0,0,0,0,42,0,0,0,0,0,0,0,0,0,0,0,0,0,0,0,0,0,0,0,0,0,0,0,0,0,0,0,0,0,0,0,0,0,0,0,0,0,0,0,0,0,0,0,0,0,0,0,0,0,52,0,30,0,2,0,0,0,0,0,0,0,0,0,0,0,0,0,0,0,0,0,0,0,27,0,0,0,0,0,0,0,0,0,0,0,0,0,0,0,6,0,11,0,30,0,36,0,12,0,0,0,0,0,0,0,11,3,13,0,0,0,0,0,2,0,4,0,0,0,0,0,0,0,0,0,0,0,0,0,15,0,0,0,0,0,0,0,0,0,1,0,0,0,0,0,0,0,38,0,30,0,4,0,134,0,125,0,27,0,12,0,0,0,0,0,0,0,5,0,0,0,0,0,18,0,0,0,0
0,0,0,5,7,95,0,0,0,0,0,50,0,186,8,25,0,3,16,317,11,63,0,0,0,0,0,72,0,15,0,33,0,21,0,0,1,44,0,4,3,0,0,17,0,14,1,0,1,0,0,22,0,0,0,0,0,0,0,1,0,3,0,0,0,0,0,0,0,1,0,0,0,0,0,0,0,0,0,0,0,0,0,0,0,0,0,0,0,0,0,0,0,0,0,0,0,0,0,0,0,0,0,0,0,0,0,0,0,0,0,0,0,0,0,0,0,0,0,0,0,4,0,2,0,0,0,0,0,0,0,0,0,0,0,0,0,0,0,14,0,0,0,9,0,15,0,0,0,0,0,0,0,0,0,1,0,2,0,1,0,0,0,0,0,11,0,11,0,9,0,0,0,1,0,0,0,14,0,0,0,0,0,0,0,0,0,0,0,0,0,0,0,0,0,0,0,0,0,0,0,0,0,0,0,0,0,0,0,0,0,0,0,0,0,0,0,0,2,39,0,39,0,0,0,100,0,119,0,30,0,0,0,0,0,0,0,0,0,0,0,0,0,0,0,0,0,0,0
51,0,64,0,139,30,6,0,0,0,69,24,36,0,91,13,22,0,63,14,39,6,18,0,0,0,63,0,38,0,44,1,87,2,80,1,0,0,44,0,8,0,84,0,39,0,0,0,8,0,98,0,1,0,0,0,1,0,10,0,12,0,23,0,0,0,2,0,0,0,28,0,6,0,0,0,0,0,0,0,8,0,0,0,0,0,0,0,0,0,0,0,0,0,0,0,0,0,19,0,0,0,0,0,0,0,0,0,0,0,0,0,0,0,0,0,0,0,1,0,51,0,26,0,0,0,1,0,0,0,0,0,0,0,0,0,0,0,9,0,65,0,37,0,45,0,2,0,2,0,0,0,6,0,0,0,5,0,0,0,3,0,14,0,32,0,48,0,34,0,9,0,31,0,0,0,23,12,27,0,0,0,10,0,0,0,0,2,0,0,0,0,0,0,0,0,0,0,0,0,0,0,0,0,0,0,0,0,0,0,0,0,0,0,1,0,0,0,11,0,78,0,0,0,78,0,193,0,77,0,33,0,0,0,0,0,19,8,9,0,0,0,0,0,27,0,0,0,0
0,116,0,34,10,183,0,10,0,1,0,130,0,132,18,37,0,0,2,106,8,15,0,11,3,0,0,34,0,30,0,31,0,99,0,44,0,0,0,11,0,0,0,44,0,57,0,0,0,0,0,13,0,7,0,0,0,3,0,1,0,39,0,25,0,0,0,1,0,0,0,4,0,0,0,0,0,0,0,2,0,24,0,0,0,14,0,12,0,0,0,0,0,0,0,0,0,0,0,9,0,0,0,0,0,0,0,0,0,0,0,0,0,0,0,0,0,0,0,0,0,27,0,15,0,0,0,7,0,0,0,0,0,0,0,0,0,54,0,60,0,44,0,51,0,66,0,0,0,0,0,0,0,0,0,0,0,35,0,0,0,0,0,0,0,5,0,4,0,13,0,1,0,6,0,0,0,22,0,1,0,0,0,5,0,0,0,2,0,0,0,0,0,0,0,0,0,2,0,0,0,0,0,0,0,0,0,0,0,0,0,5,0,3,0,5,0,0,1,11,0,129,0,4,2,53,0,205,0,56,0,15,0,33,0,2,0,5,0,0,0,0,0,0,0,13,0,0,0
158,21,282,0,17,0,36,0,46,1,9,0,0,0,5,0,196,0,0,0,9,0,24,13,9,0,0,0,15,0,5,0,4,0,4,0,44,0,0,0,0,0,8,0,4,0,0,0,0,0,5,0,2,0,2,0,0,0,1,0,3,0,34,0,0,0,0,0,0,0,33,0,0,0,0,0,0,0,0,0,11,0,0,0,34,0,0,0,0,0,0,0,0,0,0,0,0,0,19,0,0,0,0,0,0,0,0,0,0,0,0,0,0,0,0,0,0,0,0,0,64,0,34,0,0,0,0,0,0,0,0,0,0,0,0,0,0,0,10,0,38,1,38,0,33,0,0,0,0,0,0,0,0,0,1,0,11,0,0,0,0,0,7,0,0,0,0,0,0,0,0,0,16,0,0,0,18,7,4,0,0,0,14,1,4,0,0,0,0,0,0,0,0,0,0,0,0,0,0,0,0,0,0,0,0,0,0,0,5,0,1,0,0,0,0,0,0,0,0,0,12,0,0,0,0,0,95,0,6,0,0,0,18,0,0,0,0,0,0,0,0,0,18,0,0,0,0,0,0
5,189,0,44,0,12,0,148,4,50,0,37,0,0,0,12,3,54,0,0,0,4,10,6,6,16,0,0,0,13,0,0,0,0,0,4,0,11,0,0,0,0,0,0,0,0,0,0,0,0,0,0,0,3,0,3,0,0,0,0,0,10,2,14,0,0,0,0,0,0,0,0,0,0,0,0,0,0,0,0,0,0,0,0,0,0,0,0,0,0,0,0,0,0,0,0,0,0,0,0,0,0,0,0,0,0,0,0,0,0,0,0,0,0,0,0,0,0,0,0,0,0,0,0,0,0,0,0,0,0,0,0,0,0,0,0,0,0,0,8,0,0,0,0,0,8,0,0,0,0,0,0,0,0,0,5,0,13,0,0,0,0,0,0,0,0,0,1,0,0,0,0,0,8,0,0,0,32,0,3,0,0,0,17,0,0,0,0,0,0,0,0,0,0,0,0,0,0,0,0,0,0,0,0,0,0,0,0,0,0,0,0,0,0,0,0,0,0,0,0,0,36,0,5,0,4,0,122,0,7,0,11,0,29,0,3,0,2,0,6,0,2,0,2,0,14,0,0,0
19,0,28,0,67,3,5,0,9,0,23,0,198,55,17,0,0,0,47,16,9,0,0,0,1,0,180,227,0,0,0,0,0,0,15,3,8,0,0,0,0,311,129,15,36,29,31,263,168,23,60,4,0,0,0,0,0,0,0,0,0,0,0,0,0,0,0,0,0,0,0,0,0,0,0,0,1,0,0,0,0,0,0,0,0,0,0,0,0,0,0,0,0,0,0,0,0,0,0,0,0,0,0,0,0,0,0,0,0,0,0,0,0,0,0,0,0,0,0,0,0,0,0,0,0,0,0,0,0,0,2,0,0,0,0,0,0,0,0,0,0,0,0,0,0,0,0,0,0,0,0,0,0,0,0,0,0,0,0,0,0,0,0,0,0,0,0,0,0,0,0,0,0,0,1,0,21,71,11,0,1,0,0,0,0,0,123,9,0,0,0,0,0,0,0,0,1,0,0,0,0,0,0,0,0,0,0,0,0,0,0,0,0,0,0,0,0,0,345,69,0,0,56,77,26,0,0,0,0,0,0,0,0,0,0,0,0,0,0,0,0,0,0,0,0,0,0,0,0
0,57,0,0,2,29,0,0,0,0,0,143,124,171,0,0,0,0,74,12,45,0,2,0,0,0,190,82,0,0,1,0,0,0,0,0,0,0,0,0,311,0,0,64,28,65,173,177,14,284,10,50,0,0,0,0,0,0,0,0,0,0,0,0,0,0,0,0,0,0,0,0,0,0,0,0,0,0,0,0,0,0,0,0,0,0,0,0,0,0,0,0,0,0,0,0,0,0,0,0,0,0,0,1,0,0,0,0,0,0,0,0,0,0,0,0,0,0,0,0,0,0,0,0,0,0,0,0,0,0,0,0,0,0,0,0,0,0,0,0,0,0,0,0,0,0,0,0,0,0,0,2,0,0,0,0,0,0,0,0,0,0,0,0,0,29,0,0,0,0,0,0,0,0,0,0,0,130,1,0,0,0,0,0,0,0,11,24,0,0,0,0,0,0,0,0,0,0,0,0,0,0,0,0,0,0,0,0,0,10,0,0,0,0,0,0,0,0,89,183,0,1,17,166,0,0,0,0,0,0,0,0,0,0,0,0,0,0,0,0,0,0,0,0,0,0,0,0,0
0,0,13,0,7,1,4,0,0,0,0,0,88,0,8,0,0,0,39,0,70,0,0,0,0,0,182,0,26,0,49,0,24,0,45,0,84,0,8,0,129,0,0,0,284,2,221,20,39,1,126,0,4,0,0,0,5,0,5,0,0,0,13,0,0,0,0,0,0,0,16,0,0,0,0,0,0,0,0,0,0,0,0,0,13,0,0,0,0,0,14,0,0,0,0,0,0,0,0,0,0,0,0,0,0,0,0,0,0,0,0,0,0,0,0,0,0,0,0,0,0,0,0,0,0,0,0,0,0,0,0,0,0,0,0,0,0,0,2,0,0,0,0,0,19,0,6,0,3,0,0,0,0,0,0,0,3,0,0,0,0,0,8,0,54,0,37,0,5,0,10,0,21,0,0,0,4,0,0,0,0,0,4,0,0,0,127,0,0,0,0,0,0,0,0,0,0,0,0,0,0,0,0,0,0,0,0,0,0,0,1,0,0,0,0,0,0,0,192,0,15,0,20,0,119,0,29,0,32,0,10,0,0,0,5,0,0,0,0,0,0,0,0,0,14,0,0,0,0
0,0,0,8,0,15,0,0,0,4,1,32,53,244,7,8,0,0,39,110,23,114,0,5,0,0,22,317,0,16,0,28,0,23,0,17,0,44,0,0,15,64,0,0,0,194,3,65,2,18,0,71,0,3,0,0,0,5,0,2,0,0,0,8,0,0,0,0,0,0,0,3,0,0,0,0,0,0,0,0,0,0,0,0,0,0,0,15,0,0,0,0,0,0,0,7,0,0,0,0,0,0,0,0,0,0,0,0,0,0,0,0,0,0,0,0,0,0,0,0,0,16,0,15,0,0,0,0,0,0,0,0,0,12,0,0,0,0,0,58,0,36,0,50,0,35,0,0,0,0,0,0,0,0,0,0,0,10,0,0,0,0,0,0,0,88,0,0,0,24,0,0,0,1,0,0,0,22,2,0,0,0,0,0,0,0,1,39,0,0,0,0,0,0,0,0,0,0,0,0,0,0,0,0,0,0,0,0,0,0,0,2,0,0,0,0,0,0,9,241,0,6,0,55,0,105,0,126,0,27,0,0,0,0,0,1,0,0,0,0,0,0,0,0,0,3,0,0,0
2,0,21,0,9,0,3,0,0,0,6,0,30,18,31,2,123,0,22,1,45,0,47,0,3,0,138,20,9,0,0,0,0,0,17,0,39,0,4,0,36,28,284,0,0,0,114,14,135,3,127,0,8,0,11,0,0,0,4,1,1,0,17,0,0,0,2,0,0,0,56,0,7,0,39,0,0,0,0,0,0,0,0,0,79,0,65,0,0,0,49,0,0,0,10,0,42,0,37,0,0,0,0,0,0,0,43,0,0,0,0,0,0,0,0,0,0,0,0,0,108,0,35,0,0,0,0,0,0,0,0,0,0,0,0,0,0,0,0,0,0,0,23,0,34,0,0,0,3,0,0,0,4,0,0,0,0,0,0,0,9,0,16,0,101,0,27,0,15,0,8,0,29,0,0,0,8,2,6,0,0,0,0,0,0,0,53,0,0,0,0,0,0,0,0,0,0,0,0,0,21,0,0,0,0,0,0,0,0,0,0,0,1,0,1,0,0,0,343,5,27,0,164,11,83,0,57,0,49,0,11,0,7,0,0,0,4,0,0,0,0,0,7,0,17,0,0,0,0
0,0,0,12,0,22,0,3,0,3,0,13,34,43,0,18,0,14,21,57,14,54,0,28,0,0,16,188,0,6,0,20,0,7,0,14,0,57,0,0,29,65,2,194,0,0,10,179,0,130,0,83,0,0,0,14,0,14,0,4,0,2,0,0,0,0,0,3,0,0,0,9,0,0,0,11,0,8,0,0,0,80,0,0,0,43,0,54,0,15,0,0,0,0,0,23,0,0,0,20,0,3,0,0,0,0,0,0,0,0,0,0,0,0,0,0,0,0,0,0,0,50,0,28,0,0,0,0,0,0,0,0,0,24,0,0,0,43,0,43,0,39,0,89,0,60,0,0,0,0,0,0,0,0,0,0,0,6,0,4,0,8,0,2,0,194,0,0,0,35,0,6,0,5,0,0,0,14,0,0,0,0,0,0,0,0,0,15,0,0,0,0,0,0,0,0,0,0,0,0,0,0,0,0,0,0,0,0,0,0,0,1,0,0,0,0,0,0,11,361,0,22,2,308,0,66,0,126,0,41,0,16,0,24,0,0,0,4,0,6,0,0,0,2,0,8,0,0,0
8,0,0,0,36,0,0,0,5,0,13,0,60,17,25,0,13,0,26,0,19,0,19,0,0,0,243,50,0,0,0,0,0,0,0,1,0,0,0,0,31,173,221,3,114,10,0,119,67,9,63,0,0,0,5,0,0,0,0,0,0,0,5,0,0,0,0,0,0,0,0,0,0,0,0,0,0,0,0,0,3,0,0,0,0,0,0,0,0,0,0,0,0,0,0,0,0,0,0,0,0,0,0,0,6,0,0,0,0,0,0,0,0,0,0,0,0,0,0,0,0,0,0,0,0,0,4,0,0,0,0,0,0,0,0,0,0,0,0,0,4,0,0,0,0,0,0,0,0,0,9,0,2,0,0,0,0,0,0,0,0,0,0,0,44,0,0,0,0,0,0,0,0,0,0,0,7,27,3,0,4,0,2,0,0,0,30,2,0,0,0,0,0,0,0,0,2,0,0,0,0,0,0,0,0,0,0,0,12,0,0,0,0,0,0,0,0,0,406,0,4,0,91,27,31,0,4,0,0,0,0,0,0,0,0,0,0,0,0,0,0,0,0,0,0,0,0,0,0
0,48,0,0,0,20,0,0,0,3,0,79,107,162,0,0,0,0,48,29,0,0,0,0,0,0,171,167,0,0,0,0,0,0,0,0,0,0,0,0,263,177,20,65,14,179,119,0,13,126,0,40,0,0,0,1,0,0,0,0,0,0,0,0,0,0,0,0,0,0,0,0,0,0,0,0,0,0,0,0,0,0,0,0,0,0,0,0,0,0,0,0,0,0,0,0,0,0,0,0,0,0,0,0,0,0,0,0,0,0,0,0,0,0,0,0,0,0,0,0,0,0,0,0,0,0,0,0,0,0,0,0,0,0,0,0,0,0,0,0,0,0,0,0,0,0,0,0,0,0,0,0,0,0,0,0,0,0,0,0,0,0,0,0,0,65,0,0,0,11,0,0,0,0,0,0,0,62,0,1,0,0,0,0,0,0,5,7,0,0,0,0,0,0,0,0,0,0,0,0,0,0,0,0,0,0,0,0,0,0,0,0,0,0,0,0,0,0,47,423,0,0,0,207,0,0,0,0,0,0,0,0,0,0,0,0,0,0,0,0,0,0,0,0,0,0,0,0,0
14,0,11,0,16,0,10,0,6,0,18,0,41,0,7,0,7,0,0,0,6,0,12,0,1,0,25,11,0,0,2,0,3,0,5,1,8,0,0,0,168,14,39,2,135,0,67,13,0,0,8,0,5,0,11,0,11,0,4,0,0,0,3,0,0,0,0,0,3,0,0,0,1,0,0,0,3,0,1,0,4,0,4,0,3,0,11,0,0,0,5,0,0,0,1,0,0,0,0,0,0,0,1,0,9,0,5,0,0,0,0,0,0,0,0,0,0,0,0,0,2,0,4,0,0,0,5,0,0,0,2,0,0,0,9,0,4,0,0,0,0,0,19,0,0,0,0,0,0,0,0,0,0,0,4,0,3,0,0,0,7,0,6,0,12,0,5,0,10,0,3,0,7,1,6,0,13,0,8,0,0,0,7,0,2,0,136,0,36,0,11,0,17,1,6,0,8,0,0,0,9,0,13,0,0,0,2,0,13,0,0,0,0,0,1,0,16,0,162,21,27,0,91,45,22,0,27,0,65,0,11,0,2,0,2,0,1,0,8,0,4,0,8,0,5,0,0,0,0
0,18,0,0,1,0,0,0,0,0,0,70,2,80,0,0,0,1,1,1,0,0,0,3,0,0,5,33,0,0,0,0,0,0,0,0,0,0,0,0,23,284,1,18,3,130,9,126,0,0,1,6,0,0,0,0,0,0,0,0,0,0,0,0,0,0,0,0,0,1,0,0,0,0,0,0,0,0,0,0,0,0,0,0,0,0,0,0,0,0,0,0,0,0,0,0,0,0,0,1,0,0,0,1,0,0,0,0,0,0,0,0,0,0,0,0,0,0,0,0,0,1,0,0,0,0,0,2,0,0,0,0,0,0,0,1,0,0,0,0,0,0,0,0,0,0,0,0,0,1,0,2,0,0,0,0,0,0,0,0,1,0,0,0,0,10,0,2,0,1,0,0,0,7,0,0,0,39,0,0,0,0,0,1,0,0,6,34,0,0,0,0,0,0,0,0,0,1,0,0,0,0,0,0,0,0,0,2,0,0,0,1,0,0,0,0,0,2,19,38,0,4,5,123,1,21,0,11,0,37,0,1,0,2,0,0,0,0,0,1,0,0,0,1,0,0,0,0,0
11,0,0,0,25,2,16,0,5,0,9,0,270,23,11,0,21,1,100,11,122,1,0,0,4,0,284,40,15,0,34,0,13,0,56,0,98,0,5,0,60,10,126,0,127,0,63,0,8,1,0,0,0,0,8,0,7,0,14,0,2,0,9,0,0,0,0,0,0,0,11,0,0,0,0,0,0,0,0,0,0,0,0,0,13,0,0,0,0,0,0,0,0,0,5,0,0,0,0,0,0,0,0,0,0,0,0,0,0,0,0,0,0,0,0,0,0,0,0,0,0,0,0,0,1,0,0,0,0,0,0,0,0,0,0,0,0,0,0,0,14,0,0,0,0,0,3,0,0,0,0,0,0,0,0,0,0,0,0,0,0,0,7,0,63,0,33,0,0,0,11,0,23,0,0,0,0,10,5,0,0,0,0,0,0,0,20,1,0,0,0,0,0,0,0,0,0,0,0,0,0,0,0,0,0,0,0,0,0,0,0,0,0,0,0,0,0,0,93,4,20,0,0,0,135,0,47,0,48,0,0,0,11,0,0,0,0,0,12,0,0,0,6,0,14,0,0,0,0
0,7,0,0,0,21,0,0,0,2,0,13,13,403,0,0,0,4,12,157,0,69,0,0,0,0,9,316,0,8,0,16,0,6,0,22,0,13,0,0,4,50,0,71,0,83,0,40,0,6,0,0,0,2,0,5,0,8,0,0,0,2,0,3,0,0,0,0,0,0,0,2,0,0,0,3,0,0,0,0,0,23,0,2,0,16,0,23,0,0,0,0,0,0,0,0,0,0,0,3,0,0,0,0,0,0,0,0,0,0,0,0,0,0,0,0,0,0,0,0,0,11,0,5,0,1,0,4,0,0,0,1,0,8,0,0,0,11,0,23,0,15,0,19,0,10,0,0,0,0,0,0,0,0,0,5,0,6,0,4,0,0,0,0,0,38,0,1,0,30,0,3,0,0,0,0,0,16,0,0,0,0,0,0,0,0,0,61,0,5,0,0,0,0,0,0,0,0,0,0,0,0,0,0,0,0,0,0,0,0,0,0,0,0,0,3,0,0,0,72,0,23,0,18,0,103,0,103,0,31,0,4,0,13,0,3,0,2,0,1,0,0,0,0,0,4,0,0,0
0,0,3,0,0,0,27,25,14,94,0,0,0,0,13,0,76,2,11,0,17,0,22,0,85,32,15,0,0,0,0,0,1,0,0,0,1,0,2,0,0,0,4,0,8,0,0,0,5,0,0,0,0,6,138,65,95,6,59,29,40,0,37,4,0,0,5,63,0,0,3,0,0,0,0,0,0,0,0,0,0,0,0,0,17,0,0,0,0,0,0,0,0,0,0,0,10,0,5,0,0,0,0,0,2,0,4,0,0,0,0,0,0,0,0,0,0,0,0,0,8,0,11,0,0,0,5,0,41,0,5,0,18,0,39,0,111,0,111,0,114,0,81,0,32,0,0,0,2,0,3,0,0,0,211,0,73,0,76,0,15,0,13,0,0,0,0,0,8,0,125,1,14,0,0,0,1,3,0,0,1,0,0,0,0,3,0,0,0,0,0,0,0,0,0,0,0,0,0,0,7,0,0,0,1,0,0,0,39,0,28,0,14,0,189,1,1,0,15,0,233,0,88,0,15,0,205,1,247,3,1,0,133,0,32,0,2,0,96,0,13,0,36,0,173,0,0,0,0
0,0,0,1,0,0,0,0,6,28,0,0,0,0,0,0,0,105,0,2,0,0,0,17,0,21,0,0,0,12,0,2,0,0,0,0,0,7,0,3,0,0,0,3,0,0,0,0,0,0,0,2,6,0,6,56,6,76,22,48,0,56,0,61,2,0,18,21,0,0,0,0,0,2,0,0,0,0,0,0,0,8,0,0,0,20,0,0,0,5,0,4,0,0,0,0,0,0,0,5,0,6,0,0,0,0,0,2,0,0,0,0,0,0,0,0,0,0,0,0,0,0,0,4,0,0,0,4,0,13,0,0,0,33,0,5,0,21,0,133,0,9,0,15,0,14,0,0,0,0,0,0,0,0,1,124,0,67,0,84,1,23,0,0,0,0,0,0,0,3,0,15,0,0,0,1,0,8,0,0,0,0,0,0,0,8,0,0,0,0,0,0,0,0,0,0,0,0,0,0,0,0,0,0,0,0,0,0,0,0,0,3,0,0,0,65,0,0,0,0,0,55,0,13,0,3,0,80,0,62,0,0,0,68,0,22,0,1,0,10,0,3,0,2,0,34,0,0,0
3,6,21,0,3,0,148,33,61,145,0,0,5,0,24,0,48,15,18,0,21,0,22,3,99,81,0,0,1,2,0,0,0,0,2,0,0,0,2,0,0,0,0,0,11,0,5,0,11,0,8,0,138,6,0,65,32,0,0,0,46,8,120,9,12,0,33,39,0,0,0,0,2,0,0,0,0,0,0,0,4,0,0,0,6,0,0,0,0,0,0,0,0,0,0,0,0,0,0,0,0,0,0,0,0,0,0,0,0,0,0,0,0,0,0,0,0,0,0,0,0,0,2,0,7,0,0,0,8,0,11,0,12,0,29,0,39,0,7,0,8,0,21,0,1,0,7,0,2,0,6,0,0,0,29,0,11,0,10,0,51,0,1,0,0,0,0,0,23,0,143,0,38,3,1,0,10,0,0,0,0,0,1,4,0,1,0,0,0,0,0,0,0,0,0,0,0,0,0,0,7,0,0,0,0,0,0,0,23,0,0,0,12,0,211,0,0,0,11,1,278,3,81,0,41,1,222,1,272,0,10,0,125,0,15,0,13,0,130,1,57,0,71,0,245,0,0,0,0
0,17,1,55,0,3,60,128,164,49,0,3,0,3,0,22,0,48,0,6,0,9,0,34,2,135,0,8,0,13,0,0,0,2,0,0,0,0,0,3,0,0,0,0,0,14,0,1,0,0,0,5,65,56,65,0,14,66,87,18,0,38,1,112,0,0,123,5,0,0,0,0,0,0,0,0,0,0,0,0,0,11,0,0,0,19,0,0,0,0,0,0,0,0,0,0,0,0,0,0,0,0,0,0,0,0,0,0,0,0,0,0,0,0,0,0,0,0,0,0,0,0,0,4,1,3,0,0,0,7,0,4,0,29,0,40,0,67,0,21,0,0,0,27,0,1,0,0,0,0,1,0,0,0,6,84,0,22,0,18,0,2,0,2,0,4,0,0,0,12,0,47,0,23,0,0,16,17,0,0,0,0,0,0,0,3,0,0,0,0,0,0,0,0,0,0,0,0,0,0,0,19,1,0,0,0,0,0,0,19,0,17,0,0,0,138,0,1,0,8,0,168,0,42,0,30,0,49,0,223,0,10,0,133,0,23,0,8,0,38,0,12,0,3,0,90,0,0,0
0,0,8,0,0,0,15,0,6,17,0,0,0,0,0,0,10,0,0,0,12,1,2,0,21,0,0,0,0,0,0,0,3,0,5,0,1,0,0,0,0,0,5,0,0,0,0,0,11,0,7,0,95,6,32,14,0,26,144,75,19,0,6,2,14,44,24,152,0,0,0,0,0,0,0,0,0,0,0,0,0,0,0,0,0,0,0,0,0,0,0,0,0,0,0,0,0,0,0,0,0,0,0,0,0,0,0,0,0,0,0,0,0,0,0,0,0,0,0,0,0,0,0,0,18,0,19,0,38,0,52,0,8,0,29,0,16,0,8,3,0,0,0,0,15,5,11,0,12,0,16,0,0,0,149,19,117,2,83,10,319,18,22,0,2,0,7,0,21,0,125,0,19,0,8,0,0,4,0,0,8,17,2,0,0,12,0,0,0,0,0,0,0,0,0,0,0,0,0,0,2,0,0,0,0,0,0,0,49,0,49,0,20,0,309,0,0,0,26,0,358,1,116,0,43,0,95,4,318,0,7,0,253,0,183,0,13,0,140,0,17,0,65,1,246,0,0,0,0
0,0,0,9,0,3,4,9,8,11,0,2,0,0,0,0,0,10,0,0,0,12,0,0,0,65,0,0,0,8,0,3,0,0,0,0,0,3,0,0,0,0,0,5,0,14,0,0,0,0,0,8,6,76,0,66,26,0,56,51,0,0,0,29,8,0,72,4,0,0,0,0,0,2,0,0,0,0,0,0,0,0,0,0,0,15,0,3,0,0,0,3,0,0,0,6,0,11,0,9,0,4,0,0,0,0,0,0,0,0,0,0,0,0,0,0,0,0,0,0,0,0,0,0,0,19,0,19,0,4,0,0,0,49,0,29,0,38,3,18,0,1,0,12,0,0,0,2,0,1,0,0,0,0,4,190,2,44,0,52,3,100,0,0,0,3,0,0,0,35,0,112,0,7,0,0,3,0,0,0,0,0,0,0,1,3,0,0,0,0,0,0,0,0,0,0,0,0,0,0,0,7,0,0,0,0,0,5,0,48,0,0,0,14,0,235,0,1,0,15,0,307,0,114,1,57,0,44,0,333,0,0,1,124,0,64,0,7,0,44,0,6,0,16,0,86,0,0,0
0,0,3,0,0,0,0,0,46,93,1,0,0,0,0,0,0,1,0,0,0,0,0,0,0,10,0,0,0,0,0,0,2,0,0,0,10,0,1,0,0,0,5,0,4,0,0,0,4,0,14,0,59,22,0,87,144,56,0,172,29,0,17,0,85,43,191,407,0,0,0,0,0,0,0,0,0,0,0,0,0,0,0,0,0,0,0,0,0,0,0,0,0,0,0,0,0,0,0,0,0,0,0,0,0,0,0,0,0,0,0,0,0,0,0,0,0,0,0,0,0,0,0,0,0,0,0,0,1,0,12,0,0,0,0,0,0,0,0,0,0,0,0,0,5,2,5,0,3,0,0,0,0,0,31,36,70,1,0,21,36,12,3,0,0,0,1,0,14,0,42,0,7,0,4,0,65,0,0,0,11,26,0,0,60,35,0,0,0,0,0,0,0,0,0,0,0,0,2,0,0,0,0,0,0,0,0,0,0,0,17,0,0,0,115,2,0,0,6,0,134,0,43,0,15,0,107,0,114,0,5,0,111,3,86,0,7,0,84,0,24,0,34,0,182,0,0,0,0
0,2,0,4,0,0,0,11,11,25,0,0,0,0,0,2,0,0,0,0,0,0,0,0,0,21,0,0,0,0,0,0,0,0,0,1,0,1,0,0,0,0,0,2,1,4,0,0,0,0,0,0,29,48,0,18,75,51,172,0,0,34,0,63,54,40,172,52,0,0,0,0,0,0,0,0,0,1,0,0,0,0,0,0,0,0,0,0,0,0,0,0,0,0,0,0,0,0,0,0,0,0,0,0,0,0,0,0,0,0,0,0,0,0,0,0,0,0,0,0,0,0,0,0,0,9,0,16,0,1,0,5,0,9,0,6,0,15,5,6,0,0,0,0,10,48,0,7,0,3,0,8,0,0,24,67,3,122,7,17,41,17,0,6,0,0,0,0,0,20,0,8,0,8,0,0,20,0,0,0,0,7,0,0,0,110,0,0,0,0,0,0,0,0,0,0,0,0,0,0,0,3,0,0,0,0,0,13,0,56,0,28,0,13,0,430,0,0,0,7,0,362,0,111,0,48,0,173,0,241,0,8,0,311,1,236,0,20,0,124,0,18,0,29,1,235,0,0,0
42,7,56,0,0,0,184,5,259,6,0,0,0,0,0,0,28,0,0,0,8,0,0,0,18,12,0,0,2,1,0,0,0,0,0,0,12,0,3,0,0,0,0,0,1,0,0,0,0,0,2,0,40,0,46,0,19,0,29,0,0,0,95,0,0,0,0,0,0,0,3,0,0,0,0,0,0,0,0,0,0,0,0,0,0,0,0,0,0,0,0,0,0,0,0,0,0,0,0,0,0,0,0,0,0,0,0,0,0,0,0,0,0,0,0,0,0,0,0,0,0,0,7,0,0,0,0,0,0,0,0,0,0,0,0,0,0,0,138,0,95,0,34,0,172,0,0,0,2,0,0,0,0,0,23,0,104,0,14,0,0,0,3,0,0,0,0,0,3,0,89,0,94,1,0,0,31,0,1,0,0,0,8,0,4,0,0,0,0,0,0,0,0,0,0,0,0,0,0,0,0,0,0,0,0,0,0,0,0,0,11,0,0,0,53,0,0,0,0,0,104,0,26,0,14,0,105,0,38,0,9,0,55,0,0,0,1,0,28,0,18,0,23,0,53,0,0,0,0
8,125,0,7,0,0,15,336,29,332,0,0,0,0,0,5,0,26,0,0,0,10,0,6,16,47,0,0,0,37,0,0,0,7,0,3,0,39,0,10,0,0,0,0,0,2,0,0,0,0,0,2,0,56,8,38,0,0,0,34,0,0,0,78,0,0,0,11,0,0,0,4,0,0,0,0,0,0,0,0,0,0,0,0,0,0,0,0,0,0,0,0,0,0,0,0,0,0,0,0,0,0,0,0,0,0,0,0,0,0,0,0,0,0,0,0,0,0,0,0,0,2,0,3,0,1,0,0,0,0,0,0,0,14,0,0,0,0,0,79,0,22,0,14,0,137,0,0,0,0,0,0,0,0,0,18,0,88,0,19,0,0,0,1,0,0,0,0,0,3,0,21,2,15,0,0,5,122,0,0,0,0,0,74,0,0,0,0,0,0,0,0,0,0,0,0,0,0,0,0,0,0,0,0,0,0,0,0,0,0,0,14,0,4,2,35,0,0,0,8,0,98,0,23,0,0,0,187,0,103,0,21,0,52,0,10,0,16,0,22,0,5,1,7,0,39,0,0,0
83,18,93,0,0,0,356,0,338,25,0,0,0,0,6,2,378,9,0,0,71,0,24,12,117,30,12,0,18,0,19,0,25,0,0,0,23,0,34,2,0,0,13,0,17,0,5,0,3,0,9,0,37,0,120,1,6,0,17,0,95,0,0,0,0,0,0,0,0,0,9,0,0,0,6,0,0,0,0,0,0,0,0,0,0,0,0,0,0,0,0,0,0,0,0,0,0,0,0,0,0,0,0,0,0,0,0,0,0,0,0,0,0,0,0,0,0,0,0,0,18,0,32,0,0,0,0,0,13,0,0,0,4,0,0,0,29,0,107,0,146,0,69,0,75,0,0,0,0,0,0,0,6,0,57,0,35,0,18,0,0,0,0,0,0,0,0,0,2,0,9,0,42,0,4,0,23,3,0,0,0,0,9,0,6,0,0,0,0,0,0,0,0,0,0,0,0,0,0,0,0,1,0,0,0,0,0,0,0,0,0,0,2,0,20,0,0,0,0,0,57,0,0,0,2,0,237,0,26,0,6,0,19,4,0,0,0,0,30,0,17,0,18,1,57,0,0,0,0
9,91,6,16,0,0,29,212,41,213,0,0,0,0,0,22,0,287,0,9,0,40,3,50,9,101,0,0,0,74,0,6,0,11,0,0,0,25,0,14,0,0,0,8,0,0,0,0,0,0,0,3,4,61,9,112,2,29,0,63,0,78,0,0,0,0,4,32,0,0,0,0,0,0,0,0,0,0,0,1,0,24,0,0,1,27,0,7,0,0,0,0,0,0,0,0,0,0,0,0,0,2,0,0,0,0,0,0,0,0,0,0,0,0,0,0,0,0,0,0,0,3,0,0,0,0,1,0,0,7,0,0,0,20,0,0,0,15,0,58,0,6,0,14,0,27,0,0,0,0,0,0,0,0,0,41,0,42,0,26,0,0,0,0,0,0,0,0,0,3,0,4,0,3,0,0,3,77,0,0,0,0,0,25,0,3,0,0,0,0,0,0,0,0,0,0,0,0,0,0,0,0,0,0,0,0,0,0,1,0,0,6,0,0,0,46,0,0,0,0,0,51,0,11,0,4,0,170,4,29,0,0,0,74,0,10,0,5,0,24,0,4,0,7,0,62,0,0,0
11,0,0,0,5,0,4,0,93,4,10,0,5,0,0,0,0,0,5,0,0,0,5,0,0,2,0,0,3,0,0,0,1,0,0,0,0,0,0,0,0,0,0,0,0,0,0,0,0,0,0,0,0,2,12,0,14,8,85,54,0,0,0,0,0,67,71,29,0,0,0,0,0,0,0,0,0,0,0,0,0,0,0,0,0,0,0,0,0,0,0,0,0,0,0,0,0,0,0,0,0,0,0,0,0,0,7,0,0,0,0,0,0,0,0,0,0,0,0,0,0,0,0,0,17,0,0,0,0,0,27,20,0,0,8,0,0,0,5,17,0,2,3,0,10,3,16,0,55,12,22,0,8,0,0,22,0,0,0,28,183,67,1,0,0,0,0,0,0,0,0,0,0,0,46,25,27,0,2,0,46,30,17,0,54,13,2,0,0,0,0,0,0,0,0,0,3,0,6,0,0,0,0,0,0,0,8,0,4,0,0,0,0,0,0,0,0,0,1,0,5,0,0,0,2,0,9,1,0,0,0,0,4,0,0,0,0,0,0,0,0,0,0,0,0,0,0,0,0
0,39,0,0,0,4,0,8,0,139,0,8,0,5,0,5,0,0,0,13,0,0,0,0,0,0,0,18,0,0,0,0,0,0,0,0,0,0,0,0,0,0,0,0,0,0,0,0,0,0,0,0,0,0,0,0,44,0,43,40,0,0,0,0,67,0,21,299,0,0,0,0,0,0,2,0,0,0,0,0,0,0,0,0,0,0,0,0,0,0,0,0,0,0,0,0,0,3,0,0,0,0,0,0,0,0,0,9,0,0,0,0,0,0,0,0,0,0,0,0,1,0,1,0,17,18,0,0,48,0,139,36,0,0,0,27,0,20,37,9,7,4,0,0,15,28,10,59,61,244,0,87,0,48,9,0,3,15,6,0,157,151,0,7,0,0,0,1,0,0,0,1,0,0,19,114,0,14,0,5,15,65,0,10,11,128,0,0,0,0,0,0,0,0,0,0,0,20,0,0,0,45,0,0,0,0,0,19,0,31,0,3,0,2,0,0,0,0,0,3,0,0,0,0,0,0,0,45,0,27,0,0,0,16,0,108,0,0,0,13,0,0,0,0,0,17,0,0,0
5,0,5,0,8,0,20,0,166,86,0,0,11,0,6,0,0,0,0,0,0,0,0,0,0,11,0,0,0,0,0,0,0,0,0,0,2,0,0,0,0,0,0,0,2,0,0,0,0,0,0,0,5,18,33,123,24,72,191,172,0,0,0,4,71,21,0,241,0,0,0,0,0,0,0,0,0,0,0,0,0,0,0,0,0,0,0,0,0,0,0,0,0,0,0,0,0,0,0,0,0,0,0,0,0,0,0,0,0,0,0,0,0,0,0,0,0,0,0,0,0,0,0,0,0,0,1,0,0,0,11,0,0,0,0,0,0,0,0,1,0,0,0,0,1,1,7,0,12,0,0,0,0,1,6,9,13,0,1,5,20,7,0,0,0,0,0,0,0,1,0,0,0,0,0,0,240,10,0,0,13,10,4,0,118,49,0,0,0,0,0,0,0,0,0,0,0,0,0,0,0,0,0,0,0,0,0,0,0,0,0,0,0,0,9,0,0,0,0,0,17,0,10,0,0,0,19,0,14,1,0,0,0,0,0,0,0,0,0,0,0,0,7,0,25,0,0,0,0
0,16,0,0,0,0,26,1,39,98,0,0,0,0,0,0,0,0,0,0,0,0,0,0,0,3,0,0,0,0,0,0,0,0,0,0,0,1,0,0,0,0,0,0,0,3,0,0,0,0,0,0,63,21,39,5,152,4,407,52,0,11,0,32,29,299,241,0,0,0,0,0,0,0,0,0,0,0,0,0,0,0,0,0,0,0,0,0,0,0,0,0,0,0,0,0,0,0,0,0,0,0,0,0,0,0,0,3,0,0,0,0,0,0,0,0,0,0,0,0,0,0,0,1,0,11,0,7,0,0,4,2,0,0,0,3,0,0,5,0,0,0,0,0,7,17,0,19,2,64,0,11,0,12,39,8,9,62,2,1,41,28,1,0,0,0,0,0,0,0,0,4,0,0,0,28,57,119,0,0,3,19,0,2,16,467,0,1,0,0,0,0,0,0,0,0,0,0,0,0,0,0,0,0,0,0,0,3,0,9,0,5,0,0,0,63,0,0,0,0,0,65,0,20,0,5,0,63,0,55,0,2,0,76,0,62,0,0,0,31,0,5,0,7,0,55,0,0,0
0,0,0,0,0,0,0,0,0,0,0,0,0,0,0,0,0,0,0,0,0,0,0,0,0,0,0,0,0,0,0,0,0,0,0,0,0,0,0,0,0,0,0,0,0,0,0,0,3,0,0,0,0,0,0,0,0,0,0,0,0,0,0,0,0,0,0,0,0,0,0,0,0,0,0,0,182,0,19,0,6,0,69,0,0,0,37,0,4,0,12,0,2,0,17,0,0,0,6,0,0,0,74,0,35,0,34,0,15,0,1,0,0,0,2,0,10,0,0,0,19,0,0,0,0,0,0,0,0,0,0,0,0,0,0,0,0,0,0,0,0,0,0,1,0,0,0,0,0,0,0,0,0,0,0,0,0,0,0,0,0,0,0,0,3,0,0,0,32,0,3,0,0,0,0,0,0,0,0,0,3,0,0,0,0,0,0,0,0,0,0,0,0,0,19,0,0,0,0,0,19,0,0,0,0,0,0,0,0,0,3,0,213,0,227,0,108,0,0,0,0,0,115,0,12,0,0,0,29,0,0,0,0,0,4,0,7,0,0,0,22,0,14,0,1,0,0,0,0
0,0,0,0,0,0,0,0,0,1,0,1,0,0,0,0,0,0,0,0,0,0,0,0,0,0,0,0,0,0,0,0,0,0,0,1,0,0,0,0,0,0,0,0,0,0,0,0,0,1,0,0,0,0,0,0,0,0,0,0,0,0,0,0,0,0,0,0,0,0,0,0,0,7,0,0,0,108,0,0,0,2,0,13,0,0,0,24,0,27,0,0,0,10,0,29,0,0,0,0,0,0,0,70,0,0,0,0,0,8,0,2,0,0,0,4,0,7,0,0,0,0,0,0,0,0,0,0,0,0,0,0,0,0,0,0,0,0,0,0,0,0,0,0,0,0,0,0,0,0,0,0,0,0,0,0,0,0,0,0,0,0,0,0,0,11,0,0,0,45,0,1,0,0,0,0,0,0,0,0,0,0,0,0,0,0,0,0,0,0,0,0,0,0,0,16,0,0,0,0,0,0,0,0,0,0,0,0,0,0,0,41,0,297,0,59,0,59,0,8,0,0,0,93,0,18,0,0,0,87,0,0,0,0,0,0,0,0,0,0,0,0,0,0,0,0,0,0,0
0,0,0,0,0,0,0,0,0,0,0,0,0,0,0,0,66,0,0,0,76,0,0,0,0,0,11,0,23,0,10,0,16,0,42,0,28,0,33,0,0,0,16,0,56,0,0,0,0,0,11,0,3,0,0,0,0,0,0,0,3,0,9,0,0,0,0,0,0,0,0,0,223,0,87,2,9,0,113,0,0,0,0,0,0,0,18,0,0,0,0,0,0,0,0,0,0,0,0,0,0,0,0,0,0,0,0,0,0,0,0,0,0,0,0,0,0,0,0,0,50,0,38,0,19,0,22,0,9,1,3,16,27,4,29,0,49,0,3,3,68,0,96,0,108,0,35,0,2,8,0,0,19,0,0,0,12,0,0,1,0,0,45,0,0,0,1,0,37,0,24,0,21,0,13,0,0,0,0,0,0,0,0,0,2,0,0,0,0,0,0,0,0,0,0,0,1,0,17,0,12,0,22,0,0,0,0,0,18,0,0,0,0,0,0,0,0,0,3,0,12,0,24,0,12,0,3,0,36,0,0,0,0,0,2,0,1,0,21,0,16,0,19,0,0,0,0,0,0
0,2,0,0,0,0,0,0,0,0,0,0,0,0,0,7,0,6,0,3,0,10,0,0,0,3,0,0,0,0,0,0,0,0,0,0,0,4,0,0,0,0,0,3,0,9,0,0,0,0,0,2,0,0,0,0,0,0,0,0,0,4,0,0,0,0,0,0,0,0,0,0,0,184,0,208,0,5,0,24,0,0,0,0,0,0,0,13,0,0,0,0,0,0,0,0,0,1,1,0,0,0,0,0,0,0,3,0,0,0,0,0,0,0,0,0,0,0,0,0,0,19,0,34,0,55,4,60,0,0,7,4,0,63,0,0,0,27,3,20,10,106,0,0,0,237,7,65,0,39,0,12,0,42,0,0,0,2,0,0,0,0,0,37,0,0,0,0,0,12,0,3,0,2,0,15,0,0,0,0,0,27,0,0,0,0,0,0,0,0,1,0,0,0,0,0,0,0,0,1,0,0,0,0,0,0,2,0,0,0,0,0,0,0,0,0,0,0,0,0,0,2,0,13,0,3,0,16,0,51,0,0,0,2,0,6,0,0,0,18,0,4,0,0,0,6,0,0,0
