0,371,64,93,37,0,29,208,143,97,183,12,111,0,9,0,7,61,11,0,0,0,13,71,7,376,51,0,0,0,0,0,0,1,0,0,31,0,437,0,0,0,0,0,0,0,0,0,0,0,0,0,0,0,0,59,0,0,0,0,83,28,117,65,16,0,7,0,0,0,0,0,0,0,0,0,3,0,0,0,0,0,0,0,0,0,0,0,0,0,0,0,0,0,0,0,0,0,0,0,0,0,0,0,0,0,0,0,0,0,0,0,0,0,0,0,0,0,0,0,0,0,0,0,0,0,0,0,0,0,0,0,0,0,0,0,0,0,0,0,0,0,0,0,0,0,8,0,21,0,11,0,0,0,0,0,0,0,0,0,18,0,0,0,0,0,0,0,49,0,0,0,187,0,0,0,664,99,11,0,0,0,167,0,18,0,0,0,0,0,0,0,0,0,0,0,0,0,0,0,0,0,0,0,0,0,0,0,0,0,802,106,296,157,390,0,0,1,0,0,0,0,0,0,0
371,0,331,36,0,242,90,39,0,183,20,373,0,113,36,68,205,46,0,198,40,0,412,19,313,57,0,244,10,193,0,0,0,155,0,0,0,83,0,433,0,0,0,0,0,0,0,100,0,0,0,44,1,0,0,13,0,0,0,39,0,295,20,370,0,74,0,11,0,0,0,0,0,0,0,0,0,0,0,0,0,0,0,0,1,0,0,0,0,0,0,0,0,0,0,0,0,0,0,0,0,0,0,0,0,0,0,0,0,0,0,0,0,0,0,0,0,0,0,0,0,0,0,0,0,24,0,19,0,0,0,46,0,6,0,0,0,9,0,0,0,0,0,3,0,0,0,24,0,119,0,57,0,57,0,10,0,0,0,0,0,35,0,6,0,13,0,0,0,42,0,21,0,154,0,0,160,605,0,6,1,31,13,7,0,163,0,0,0,0,0,0,0,0,0,0,0,0,0,0,0,0,0,0,0,0,0,1,0,7,21,2,0,0,765,0,0,0,1175,145,590,266,5,60,0
64,331,0,0,287,0,187,0,64,0,63,26,89,0,272,0,84,67,137,0,104,0,310,65,76,286,146,0,183,0,70,0,203,3,0,0,54,0,709,0,22,0,0,0,106,0,62,0,39,0,34,0,0,0,85,0,0,0,0,0,121,33,202,48,7,0,6,0,0,0,0,0,0,0,0,0,5,0,0,0,0,0,0,0,0,0,0,0,0,0,0,0,0,0,0,0,0,0,0,0,0,0,0,0,0,0,0,0,0,0,0,0,0,0,0,0,0,0,0,0,0,0,7,0,80,0,56,0,9,0,79,0,24,0,0,0,88,0,0,0,0,0,64,0,0,0,46,0,36,0,28,0,31,0,0,0,0,0,0,0,83,0,0,0,31,0,0,0,124,0,146,0,488,0,0,0,174,51,13,0,0,0,12,0,0,0,0,0,0,0,0,0,0,0,0,0,0,0,6,0,37,0,0,0,0,0,0,0,14,0,858,79,687,306,679,0,14,0,12,0,0,0,0,0,0
93,36,0,0,0,151,0,81,0,5,13,14,0,9,0,326,35,70,0,80,0,102,108,197,0,209,0,0,0,336,0,0,0,135,0,0,1,0,0,374,0,0,0,0,0,0,0,0,0,0,0,0,0,0,0,33,0,0,0,0,0,38,0,89,0,11,0,0,0,0,0,0,0,0,0,0,0,0,0,0,0,0,0,0,0,0,0,0,0,0,0,0,0,0,0,0,0,0,0,0,0,0,0,0,0,0,0,0,0,0,0,0,0,0,0,0,0,0,0,0,0,0,0,0,0,0,0,11,0,0,0,13,0,6,0,0,0,7,0,0,0,0,0,0,0,0,0,0,0,0,0,4,0,0,0,4,0,0,0,0,0,0,0,0,0,13,0,0,0,37,0,13,0,139,0,0,22,27,0,0,1,0,0,0,0,0,0,0,0,0,0,0,0,0,0,0,0,0,0,0,0,0,0,0,0,0,0,0,0,0,0,0,0,0,175,0,0,0,240,33,337,0,0,0,0
37,0,287,0,0,191,50,0,36,0,143,180,523,112,275,184,24,0,219,306,204,78,75,66,0,0,380,0,68,0,341,0,409,0,178,0,239,8,257,0,96,0,0,0,0,0,101,0,25,0,93,9,0,0,10,0,0,0,0,0,0,0,0,0,14,0,0,0,0,0,0,0,0,0,0,0,0,0,0,0,0,0,0,0,0,0,0,0,0,0,0,0,0,0,0,0,0,0,0,0,0,0,0,0,0,0,0,0,0,0,0,0,0,0,0,0,0,0,0,0,0,0,0,0,20,0,13,0,0,0,32,0,0,0,0,0,0,0,0,0,0,0,0,0,0,0,20,0,49,0,0,0,46,0,0,0,0,0,0,0,52,0,0,0,138,0,345,0,558,0,0,0,557,0,0,0,722,116,155,0,32,0,16,0,22,0,16,0,0,0,0,0,0,0,0,0,0,0,0,0,0,0,0,0,0,0,0,0,0,0,976,249,969,0,537,0,0,0,0,6,0,0,0,0,0
0,242,0,151,191,0,0,71,0,31,0,221,0,251,360,234,0,0,0,454,176,315,88,160,0,25,0,602,0,289,0,302,0,593,0,254,0,205,0,150,0,18,0,0,0,0,0,150,0,13,0,165,0,0,0,0,0,9,0,0,0,0,0,0,0,23,0,0,0,0,0,0,0,0,0,0,0,0,0,0,0,0,0,0,0,0,0,0,0,0,0,0,0,0,0,0,0,1,0,0,0,0,0,0,0,0,0,0,0,0,0,0,0,0,0,0,0,0,0,0,0,0,0,0,0,0,0,18,0,0,0,21,0,0,0,0,0,0,0,0,0,0,0,0,0,0,0,16,0,35,0,12,0,0,0,3,0,3,0,0,0,0,0,11,0,58,0,337,0,286,0,19,9,174,0,0,70,428,0,0,0,0,0,4,0,32,1,0,0,5,0,0,0,0,0,0,0,0,0,0,0,0,0,0,0,0,0,0,0,0,0,0,0,0,572,0,0,0,1033,191,1183,263,2,0,0
29,90,187,0,50,0,0,165,211,371,9,0,0,0,11,0,12,0,12,0,0,0,10,0,220,60,0,0,0,0,0,0,0,0,0,0,0,0,40,0,0,0,0,0,0,0,0,0,66,0,15,0,86,100,214,266,68,0,30,0,212,19,277,80,41,0,87,0,0,0,0,0,13,0,0,0,7,0,0,0,0,0,0,0,9,0,0,0,0,0,0,0,0,0,0,0,0,0,0,0,0,0,0,0,0,0,0,0,0,0,0,0,0,0,0,0,0,0,0,0,0,0,0,0,143,0,42,0,0,0,141,0,0,0,0,0,33,2,0,0,0,0,15,0,0,0,19,0,50,0,0,0,0,0,0,0,8,0,0,0,331,0,0,0,24,0,9,0,56,0,171,0,72,0,0,0,113,54,0,0,0,0,8,1,1,10,0,0,0,0,0,0,0,0,0,0,0,0,0,0,0,0,0,0,0,0,0,0,18,0,1239,265,769,671,1113,0,118,14,0,10,5,0,0,0,0
208,39,0,81,0,71,165,0,119,156,0,41,0,0,8,85,34,126,0,58,0,0,27,39,270,287,0,0,0,303,0,0,0,0,0,0,0,19,0,104,0,0,0,0,0,0,0,0,2,0,0,0,9,24,26,938,0,63,0,49,0,190,54,766,1,38,0,19,0,0,0,0,0,0,0,0,0,0,0,0,0,0,0,3,0,0,0,0,0,0,0,0,0,0,0,0,0,0,0,0,0,0,0,0,0,0,0,0,0,0,0,0,0,0,0,0,0,0,0,0,0,0,0,0,0,24,0,17,0,0,0,63,0,19,0,0,0,41,0,0,0,0,0,0,0,0,0,0,0,33,0,10,0,0,0,0,0,4,0,0,0,66,0,13,0,18,0,20,0,77,0,66,0,225,0,0,76,48,0,0,0,0,16,0,0,0,0,0,0,0,0,0,0,0,0,0,0,0,0,0,0,0,0,0,0,0,0,4,0,0,0,2,3,0,645,0,0,0,522,32,597,467,4,105,0
143,0,64,0,36,0,211,119,0,543,40,0,44,0,9,0,0,0,15,0,0,0,0,0,2,0,36,0,0,0,0,0,0,0,0,0,7,0,18,0,4,0,8,0,5,0,0,0,6,0,14,0,171,125,150,411,48,62,78,91,83,0,151,34,202,2,238,142,0,0,0,0,0,0,0,0,0,0,0,0,0,0,0,0,0,0,0,0,0,0,0,0,0,0,0,0,0,0,0,0,0,0,0,0,0,0,0,0,0,0,0,0,0,0,0,0,0,0,0,0,0,0,0,0,65,0,0,0,0,0,80,0,0,0,0,0,0,0,0,0,0,0,0,0,0,0,24,0,85,0,0,0,5,0,0,0,6,0,0,0,174,0,0,0,6,0,13,0,12,0,0,0,11,0,0,0,375,60,0,0,0,0,23,0,159,41,0,0,0,0,0,0,0,0,0,0,0,0,0,0,0,0,0,0,0,0,0,0,0,0,416,174,114,0,258,1,21,0,15,0,0,0,0,0,0
97,183,0,5,0,31,371,156,543,0,2,27,0,0,0,0,22,0,0,25,0,0,0,0,476,11,0,0,0,0,0,0,0,0,0,0,0,0,0,0,0,0,0,0,0,0,0,0,0,6,0,0,106,173,389,535,0,28,10,127,0,176,114,372,0,194,0,195,0,2,0,0,0,0,0,0,0,0,0,0,0,0,0,0,0,1,0,0,0,0,0,0,0,0,0,0,0,0,0,0,0,0,0,0,0,0,0,0,0,0,0,0,0,0,0,0,0,0,0,0,0,0,0,0,0,21,0,18,0,0,0,70,0,6,0,0,0,9,0,0,0,0,0,0,0,0,0,17,0,62,0,8,0,0,0,0,0,0,0,0,0,54,0,0,0,6,0,0,0,53,0,0,2,0,0,0,182,324,0,0,1,7,4,5,6,92,0,0,0,0,0,0,0,0,0,0,0,0,0,0,0,2,0,0,0,0,0,0,0,0,9,11,8,0,1097,0,0,0,1169,126,596,772,0,145,2
183,20,63,13,143,0,9,0,40,2,0,45,341,0,11,100,31,9,25,48,69,19,22,73,0,0,84,0,102,0,114,0,229,0,38,0,152,0,267,3,50,0,0,0,12,0,39,0,8,0,0,0,1,0,0,0,0,0,0,0,0,0,0,0,0,0,0,0,0,0,0,0,0,0,0,0,0,0,0,0,0,0,0,0,0,0,0,0,0,0,0,0,0,0,0,0,0,0,0,0,3,0,0,0,0,0,0,0,0,0,0,0,0,0,0,0,0,0,0,0,0,0,0,0,10,0,3,0,0,0,0,0,0,0,0,0,0,0,0,0,0,0,0,0,0,0,2,0,18,0,0,0,0,0,0,0,0,0,0,0,0,0,0,0,21,0,49,0,131,0,5,0,158,0,16,0,381,45,190,0,32,0,21,0,22,0,16,0,0,0,0,0,0,0,0,0,0,0,0,0,0,0,0,0,0,0,0,0,0,0,692,179,462,0,284,0,2,0,6,0,0,0,0,0,0
12,373,26,14,180,221,0,41,0,27,45,0,0,541,359,10,50,7,0,71,166,117,192,73,0,0,0,215,0,185,19,148,0,515,0,102,0,100,0,92,0,77,0,0,0,47,0,247,0,81,3,69,0,0,0,3,0,0,0,0,0,0,0,0,0,24,0,0,0,0,0,0,0,0,0,0,0,0,0,0,0,0,0,0,0,0,0,0,0,0,0,0,0,0,0,0,0,0,0,0,0,0,0,0,0,0,0,0,0,0,0,0,0,0,0,0,0,0,0,0,0,3,0,0,0,10,0,0,0,0,0,0,0,0,0,2,0,8,0,0,0,0,0,10,0,0,0,0,0,43,0,63,0,62,0,0,0,4,0,1,0,13,0,4,0,0,0,0,0,0,0,0,0,0,0,19,78,721,0,21,0,46,1,24,0,27,0,12,0,0,0,0,0,0,0,0,0,0,0,0,0,0,0,0,0,0,0,0,0,0,0,0,0,0,211,0,0,0,554,151,418,0,0,3,0
111,0,89,0,523,0,0,0,44,0,341,0,0,201,17,0,0,0,22,252,83,63,11,0,0,0,157,569,0,0,8,0,0,0,312,0,62,3,0,0,399,125,154,69,58,79,251,197,56,0,474,39,0,0,0,0,0,0,0,0,0,0,0,0,7,0,0,0,0,0,0,0,0,0,0,0,0,0,0,0,0,0,0,0,0,0,0,0,0,0,0,0,0,0,0,0,0,0,0,0,0,0,0,0,0,0,0,0,0,0,0,0,0,0,0,0,0,0,0,0,0,0,0,0,0,0,0,0,0,0,17,0,0,0,0,0,0,0,0,0,0,0,0,0,0,0,0,0,18,0,0,0,0,0,0,0,0,0,0,0,0,0,0,0,204,0,44,0,0,0,4,0,0,0,0,0,389,65,189,0,14,0,15,0,0,0,189,33,0,0,0,0,0,0,0,0,0,0,0,0,0,0,0,0,0,0,0,0,0,0,236,365,539,0,54,0,1,9,0,0,0,0,0,0,0
0,113,0,9,112,251,0,0,0,0,0,541,201,0,210,6,0,0,454,35,201,96,0,0,0,0,180,220,0,0,23,35,0,25,0,244,0,112,0,0,0,267,28,228,8,75,0,314,0,94,80,461,0,0,0,0,0,2,0,3,0,0,0,0,0,0,0,0,0,0,0,0,0,0,0,0,0,0,0,0,0,0,0,0,0,0,0,0,0,0,0,0,0,0,0,0,0,0,0,0,0,0,0,0,0,0,0,0,0,0,0,0,0,0,0,0,0,0,0,0,0,1,0,0,0,0,0,0,0,0,0,2,0,0,0,0,0,0,0,0,0,0,0,0,0,2,0,0,0,4,0,0,0,0,0,0,0,0,0,0,0,0,0,0,0,0,0,0,0,0,0,0,0,0,0,0,75,349,0,14,0,9,0,3,0,0,29,212,0,23,0,0,0,0,0,0,0,0,0,0,0,0,0,17,0,0,0,0,0,0,0,0,0,0,102,0,0,0,250,315,779,0,0,0,1
9,36,272,0,275,360,11,8,9,0,11,359,17,210,0,297,43,8,229,460,262,136,243,75,27,0,218,62,24,0,296,34,88,42,126,21,129,16,8,0,0,0,8,0,30,0,0,0,3,0,19,0,0,0,0,0,0,0,0,0,0,0,0,0,0,0,3,0,0,0,0,0,0,0,0,0,0,0,0,0,0,0,0,0,0,0,0,0,0,0,0,0,0,0,0,0,0,0,0,0,0,0,0,0,0,0,0,0,0,0,0,0,0,0,0,0,0,0,0,0,0,0,0,0,14,0,0,0,0,0,11,0,0,0,0,0,40,0,0,0,0,0,0,0,0,0,7,0,25,0,7,0,0,0,0,0,0,0,2,0,0,0,0,0,30,0,145,0,157,0,0,0,70,0,0,0,220,93,6,0,0,0,5,0,21,0,0,0,0,0,0,0,0,0,0,0,0,0,0,0,0,0,0,0,0,0,0,0,3,0,162,75,148,0,49,0,0,0,0,0,23,0,0,0,0
0,68,0,326,184,234,0,85,0,0,100,10,0,6,297,0,44,30,0,468,172,274,160,220,0,58,0,263,7,179,30,182,25,201,0,24,11,87,0,81,0,0,0,11,0,38,0,0,0,0,1,22,0,0,0,60,0,18,0,0,0,0,0,18,0,5,0,0,0,0,0,0,0,0,0,0,0,0,0,0,0,0,0,0,0,0,0,0,0,0,0,0,0,0,0,0,0,6,0,0,0,0,0,0,0,0,0,0,0,0,0,0,0,0,0,0,0,0,0,0,0,0,0,0,0,0,0,13,0,0,0,0,0,0,0,21,0,96,0,39,0,16,0,56,0,0,0,5,0,19,0,0,0,0,0,29,0,0,0,0,0,0,0,0,0,6,0,251,0,91,0,0,0,50,0,0,46,149,0,0,0,0,0,0,0,19,0,0,0,0,0,0,0,0,0,0,0,0,0,0,0,0,0,0,0,0,0,0,0,0,0,6,19,3,139,0,0,0,217,35,299,59,0,2,0
7,205,84,35,24,0,12,34,0,22,31,50,0,0,43,44,0,37,94,0,307,0,165,93,163,89,241,0,477,0,153,0,107,0,12,0,15,0,234,19,0,0,0,0,155,0,25,0,9,0,0,0,35,0,39,15,32,0,0,0,0,0,389,21,0,1,0,0,0,0,12,0,0,0,16,0,0,0,0,0,55,0,0,0,148,0,16,0,0,0,0,0,0,0,0,0,84,0,96,0,0,0,0,0,0,0,0,0,0,0,0,0,0,0,0,0,0,0,0,0,0,0,36,0,0,0,0,0,0,0,0,0,91,0,0,0,478,0,0,0,126,0,319,0,2,0,0,0,0,0,0,0,0,0,70,0,0,0,0,0,0,0,3,0,0,0,2,0,15,0,27,0,61,0,0,0,16,0,0,0,0,0,7,0,0,0,0,0,0,0,0,0,0,0,0,0,0,0,0,0,0,0,0,0,0,0,0,0,0,0,0,5,68,0,0,0,0,0,0,0,0,0,0,0,0
61,46,67,70,0,0,0,126,0,0,9,7,0,0,8,30,37,0,0,18,11,96,118,79,57,112,0,0,0,326,0,0,0,21,0,14,0,0,9,122,0,0,0,0,0,0,0,0,0,0,0,0,0,56,0,70,0,60,0,0,0,27,2,363,0,0,0,0,0,0,0,0,0,0,0,3,0,0,0,0,0,0,0,0,0,23,0,0,0,0,0,2,0,0,0,0,0,0,0,0,0,0,0,0,0,0,0,0,0,0,0,0,0,0,0,0,0,0,0,0,0,0,0,0,0,0,0,0,0,0,0,0,0,0,0,21,0,111,0,71,0,17,0,71,0,0,0,0,4,0,0,0,0,0,0,61,0,0,0,72,0,0,0,0,0,0,0,0,0,4,0,0,0,18,0,0,0,23,0,0,0,0,0,32,0,0,0,0,0,0,0,0,0,0,0,0,0,0,0,0,0,0,0,0,0,0,0,0,0,0,0,0,0,0,0,0,0,0,23,51,16,0,0,0,0
11,0,137,0,219,0,12,0,15,0,25,0,22,454,229,0,94,0,0,532,440,133,255,0,61,0,244,847,45,0,57,0,17,0,287,0,80,6,0,0,5,82,28,136,8,0,7,165,0,0,393,83,0,0,0,0,0,0,0,0,0,0,0,0,0,0,0,0,0,0,0,0,0,0,0,0,0,0,0,0,0,0,0,0,0,1,0,0,0,0,13,0,0,0,0,0,0,0,0,0,0,0,0,0,0,0,0,0,0,0,0,0,0,0,0,0,0,0,0,0,0,0,0,0,0,0,0,0,0,0,0,0,0,0,0,0,0,0,13,0,0,0,0,0,0,0,0,0,0,0,0,0,0,0,0,0,0,0,0,0,0,0,0,0,175,0,53,0,0,5,0,0,0,0,0,0,249,77,18,0,0,0,12,0,22,0,59,0,0,0,0,0,0,0,0,0,0,0,0,0,0,0,0,0,0,0,0,0,0,0,120,114,234,0,35,0,0,0,0,0,0,0,0,0,0
0,198,0,80,306,454,0,58,0,25,48,71,252,35,460,468,0,18,532,0,246,359,0,172,0,0,54,559,0,32,48,121,0,48,86,328,0,216,0,5,0,0,0,96,0,105,0,163,0,12,0,290,0,0,0,46,0,0,0,0,0,0,0,0,0,26,0,0,0,0,0,0,0,0,0,0,0,0,0,0,0,0,0,0,0,0,0,0,0,0,0,2,0,0,0,0,0,0,0,0,0,0,0,0,0,0,0,0,0,0,0,0,0,0,0,0,0,0,0,0,0,0,0,2,0,0,0,0,0,0,0,0,0,0,0,32,0,125,6,0,0,0,0,104,0,0,5,0,0,24,0,0,0,7,0,20,0,6,0,0,0,0,0,2,0,29,0,75,0,125,0,6,0,0,0,0,76,225,12,3,0,7,0,0,0,46,0,0,0,0,0,0,0,0,0,0,0,0,0,0,0,6,0,0,0,0,0,0,0,0,0,13,34,0,96,0,0,0,261,103,272,52,0,0,0
0,40,104,0,204,176,0,0,0,0,69,166,83,201,262,172,307,11,440,246,0,52,240,118,91,0,360,312,252,0,400,14,139,0,121,19,67,6,13,0,0,46,18,59,82,21,0,54,0,0,79,38,0,0,0,0,0,0,0,0,2,1,217,0,0,0,0,0,0,0,42,0,0,0,38,0,0,0,0,0,0,0,0,0,124,0,0,0,0,0,0,0,0,0,0,0,48,0,168,0,0,0,0,0,0,0,0,0,0,0,0,0,0,0,0,0,0,0,0,0,0,0,0,0,0,0,0,0,0,0,0,0,24,0,0,0,162,0,87,0,87,0,281,0,56,0,0,0,0,0,0,0,0,0,11,0,0,0,0,0,0,0,0,0,29,0,73,0,61,0,0,0,81,0,0,0,100,31,41,0,0,0,0,0,0,0,20,0,0,0,0,0,0,0,0,0,0,0,0,0,0,0,0,0,0,0,0,0,0,0,183,112,142,31,41,0,0,0,0,0,0,0,0,0,0
0,0,0,102,78,315,0,0,0,0,19,117,63,96,136,274,0,96,133,359,52,0,0,283,0,47,0,330,0,127,14,100,1,26,0,101,0,28,0,27,0,0,0,127,0,142,2,34,0,10,0,113,0,29,0,41,0,35,0,0,0,4,0,67,0,0,0,0,0,0,0,15,0,0,0,12,0,0,0,0,0,0,0,0,0,52,0,0,0,0,0,0,0,0,0,0,0,0,0,24,0,0,0,0,0,0,0,6,0,0,0,0,0,0,0,0,0,0,0,0,0,17,0,0,0,0,0,0,0,0,0,0,0,0,0,32,1,302,0,323,0,121,0,249,0,0,1,0,0,0,0,0,0,0,0,59,0,7,0,89,0,0,0,0,0,0,0,19,0,51,0,2,0,12,0,0,18,46,0,0,1,0,0,0,0,0,0,19,0,0,0,0,0,0,0,0,0,0,0,0,0,0,0,0,0,1,0,0,0,0,8,0,0,1,68,0,0,0,255,131,159,37,0,0,0
13,412,310,108,75,88,10,27,0,0,22,192,11,0,243,160,165,118,255,0,240,0,0,353,76,176,318,0,189,12,91,0,94,0,0,0,14,8,225,44,5,0,24,0,153,0,79,0,15,0,0,0,5,0,50,0,0,0,0,0,0,0,40,25,0,1,0,0,0,0,0,0,0,0,1,0,0,0,0,0,0,0,0,0,0,0,0,0,0,0,0,0,0,0,0,0,8,0,0,0,0,0,0,0,0,0,0,0,0,0,0,0,0,0,0,0,0,0,0,0,0,0,3,0,0,0,0,0,0,0,0,0,0,0,0,0,101,0,10,0,0,0,46,0,0,0,0,0,6,0,0,0,0,0,0,0,0,0,0,0,0,0,0,0,12,0,5,0,15,0,37,0,100,0,0,0,192,60,0,0,0,1,4,0,0,0,0,0,0,0,0,0,0,0,0,0,0,0,0,0,13,0,0,0,0,0,0,0,0,0,146,19,133,52,106,0,8,0,0,0,0,0,0,0,0
71,19,65,197,66,160,0,39,0,0,73,73,0,0,75,220,93,79,0,172,118,283,353,0,0,32,0,129,17,255,23,40,17,74,0,11,0,33,16,95,0,0,0,16,0,30,0,0,0,0,0,10,0,5,0,46,0,21,0,0,0,13,0,44,0,0,0,0,0,0,0,0,0,0,0,0,0,0,0,0,0,11,0,0,0,0,0,8,0,1,0,0,0,0,0,0,0,4,0,0,0,0,0,0,0,0,0,0,0,0,0,0,0,0,0,0,0,0,0,0,0,0,0,0,0,0,0,0,0,0,0,0,0,0,0,11,0,82,0,31,0,19,0,70,0,0,0,0,4,0,0,0,0,0,0,36,0,0,0,33,15,0,0,0,0,3,0,31,0,0,0,1,5,40,0,0,37,65,2,3,0,0,0,0,0,0,0,0,0,0,0,0,0,0,0,0,0,0,0,0,0,0,0,0,0,0,0,0,0,0,18,1,14,0,63,0,0,0,129,71,83,23,0,0,0
7,313,76,0,0,0,220,270,2,476,0,0,0,0,27,0,163,57,61,0,91,0,76,0,0,276,0,0,220,0,37,0,23,0,0,0,25,0,258,0,7,0,16,0,60,0,0,0,28,0,18,0,82,43,116,294,29,0,0,0,125,0,394,146,0,0,0,0,0,0,0,0,10,0,8,0,0,0,0,0,0,0,0,0,0,0,0,0,0,0,0,0,0,0,0,0,26,0,0,0,0,0,0,0,0,0,0,0,0,0,0,0,0,0,0,0,0,0,0,0,0,0,18,0,0,0,0,0,31,0,0,0,29,0,46,0,159,0,17,0,24,0,87,0,0,0,0,0,0,2,21,0,11,0,27,0,0,0,17,0,22,0,28,0,20,0,8,0,56,0,126,1,137,0,0,0,35,46,0,0,4,0,8,0,0,0,0,0,0,0,0,0,0,0,0,0,0,0,5,0,37,0,0,0,0,0,0,0,0,0,434,64,341,282,446,2,29,4,30,6,0,18,0,0,0
376,57,286,209,0,25,60,287,0,11,0,0,0,0,0,58,89,112,0,0,0,47,176,32,276,0,0,0,0,190,0,0,0,0,0,0,0,0,4,115,0,0,0,0,0,0,0,0,0,0,0,0,0,20,0,330,0,73,0,16,0,66,11,183,0,0,0,0,0,0,0,0,0,0,0,0,0,0,0,0,0,0,0,0,0,0,0,0,0,0,0,0,0,0,0,0,0,0,0,0,0,0,0,0,0,0,0,4,0,0,0,0,0,0,0,0,0,0,0,0,0,0,0,0,0,0,0,0,0,22,0,20,0,60,0,15,8,120,4,25,0,0,0,22,0,0,0,0,11,0,0,0,0,0,0,73,0,0,0,0,44,113,0,0,0,0,0,0,0,4,0,0,0,37,0,0,39,42,0,0,0,0,28,45,0,4,0,0,0,0,0,0,0,0,0,0,0,0,0,0,0,0,0,0,0,0,0,0,0,0,0,0,0,0,32,0,0,0,96,69,57,0,0,0,0
51,0,146,0,380,0,0,0,36,0,84,0,157,180,218,0,241,0,244,54,360,0,318,0,0,0,0,420,109,0,134,0,0,0,64,5,80,0,0,0,77,355,572,79,299,143,170,400,69,22,616,36,0,0,0,0,0,0,0,0,0,0,178,0,6,1,6,0,0,0,0,0,0,0,0,0,0,0,0,0,0,0,0,0,0,0,0,0,0,0,0,0,0,0,0,0,0,0,0,0,0,0,0,0,0,0,0,0,0,0,0,0,0,0,0,0,0,0,0,0,0,0,0,0,0,0,0,0,0,0,0,0,0,0,0,0,0,0,0,0,0,0,0,0,0,0,0,0,45,0,0,0,19,0,0,0,0,0,0,0,0,0,0,0,132,0,0,0,0,0,0,0,0,0,0,0,53,34,40,0,0,0,28,0,66,0,173,27,0,0,0,0,0,0,0,0,0,0,0,0,0,0,0,0,0,0,0,0,0,0,70,362,331,56,27,0,0,22,0,0,0,0,0,0,0
0,244,0,0,0,602,0,0,0,0,0,215,569,220,62,263,0,0,847,559,312,330,0,129,0,0,420,0,0,0,0,77,0,10,160,152,0,45,0,0,65,24,50,513,31,401,0,348,1,60,250,497,0,0,0,0,0,0,0,0,0,0,0,0,0,14,0,0,0,0,0,0,0,0,0,0,0,0,0,0,0,0,0,0,0,0,0,0,0,0,0,0,0,0,0,24,0,0,0,0,0,22,0,8,0,0,0,0,0,0,0,0,0,0,0,0,0,0,0,0,0,0,0,0,0,0,0,0,0,0,0,0,0,0,0,0,0,0,0,0,0,0,0,0,0,0,0,0,0,25,0,0,0,0,0,0,0,3,0,0,0,0,0,0,0,143,0,0,0,131,0,0,0,0,0,0,53,182,0,2,0,0,0,0,0,0,55,106,0,0,0,0,0,0,0,0,0,0,0,0,0,0,0,0,0,0,0,0,0,0,0,0,0,0,76,0,0,0,217,560,588,76,0,0,2
0,10,183,0,68,0,0,0,0,0,102,0,0,0,24,7,477,0,45,0,252,0,189,17,220,0,109,0,0,0,162,0,86,0,98,0,148,0,54,0,0,0,139,0,102,0,0,0,0,0,53,0,71,0,0,0,0,0,0,0,5,0,307,1,0,0,0,0,0,0,0,0,0,0,6,0,0,0,0,0,0,0,0,0,0,0,0,0,0,0,0,0,0,0,0,0,0,0,0,0,0,0,0,0,0,0,0,0,0,0,0,0,0,0,0,0,0,0,0,0,0,0,0,0,0,0,0,0,0,0,0,0,0,0,0,0,85,0,72,0,31,0,69,0,0,0,0,0,0,0,0,0,0,0,0,0,0,0,0,0,0,0,0,0,0,0,0,0,0,0,0,0,0,0,0,0,16,0,0,0,0,0,43,0,0,0,0,0,0,0,0,0,0,0,0,0,0,0,0,0,0,0,0,0,0,0,0,0,0,0,0,3,7,5,5,0,0,0,0,0,0,0,0,0,0
0,193,0,336,0,289,0,303,0,0,0,185,0,0,0,179,0,326,0,32,0,127,12,255,0,190,0,0,0,0,0,73,0,69,0,82,0,23,0,21,0,0,0,32,0,12,0,0,0,0,0,27,0,28,0,50,0,38,0,0,0,30,0,54,0,0,0,0,0,0,0,0,0,0,0,0,0,0,0,0,0,0,0,0,0,26,0,0,0,0,0,0,0,0,0,0,0,0,0,0,0,0,0,0,0,0,0,0,0,0,0,0,0,0,0,0,0,0,0,0,0,0,0,0,0,0,0,0,0,19,0,0,0,0,0,27,0,202,0,214,0,100,0,138,0,28,0,0,0,0,0,0,0,0,0,40,0,0,0,45,0,0,0,0,0,0,0,9,0,8,0,0,0,20,0,0,5,34,0,2,0,0,0,0,0,0,0,0,0,0,0,0,0,0,0,0,0,0,0,0,0,0,0,0,0,0,0,0,0,0,0,0,0,0,14,0,0,0,0,14,25,0,0,0,0
0,0,70,0,341,0,0,0,0,0,114,19,8,23,296,30,153,0,57,48,400,14,91,23,37,0,134,0,162,0,0,1,37,0,89,0,19,1,8,4,0,0,145,0,69,0,0,0,0,0,64,0,0,0,0,0,0,0,0,0,0,0,118,0,0,0,0,0,0,0,21,0,0,0,0,0,0,0,3,0,0,0,0,0,0,0,4,0,0,0,0,0,0,0,0,0,0,0,0,0,0,0,0,0,0,0,0,0,0,0,0,0,0,0,0,0,0,0,0,0,0,0,0,0,0,0,0,0,0,0,0,0,0,0,0,0,0,0,69,0,0,0,127,0,0,0,0,0,0,0,0,0,0,0,0,0,0,0,0,0,0,0,0,0,0,0,25,0,22,0,0,0,0,0,0,0,49,6,36,0,2,0,0,0,0,0,0,0,0,0,0,0,0,0,0,0,0,0,0,0,0,0,0,0,0,0,0,0,0,0,61,15,31,10,11,0,0,0,0,0,0,0,0,0,0
0,0,0,0,0,302,0,0,0,0,0,148,0,35,34,182,0,0,0,121,14,100,0,40,0,0,0,77,0,73,1,0,0,12,0,65,0,39,0,34,0,0,0,84,0,14,0,2,0,0,0,76,0,0,0,0,0,0,0,0,0,0,0,8,0,0,0,0,0,0,0,0,0,0,0,0,0,0,0,0,0,0,0,0,0,0,0,0,0,0,0,0,0,0,0,0,0,0,0,0,0,0,0,0,0,0,0,0,0,0,0,0,0,0,0,0,0,0,0,0,0,0,0,0,0,0,0,0,0,0,0,0,0,0,0,0,0,0,0,38,0,0,0,0,0,0,0,1,0,0,0,0,0,0,0,0,0,0,0,0,0,0,0,0,0,0,0,74,0,32,0,2,0,10,0,0,0,25,0,2,0,0,0,0,0,0,0,0,0,0,0,0,0,0,0,0,0,0,0,0,0,0,0,0,0,0,0,0,0,0,0,2,0,0,20,0,0,0,18,27,59,0,0,0,0
0,0,203,0,409,0,0,0,0,0,229,0,0,0,88,25,107,0,17,0,139,1,94,17,23,0,0,0,86,0,37,0,0,0,126,0,190,0,19,0,0,0,152,0,47,0,0,0,0,0,46,0,0,0,0,0,0,0,0,0,17,0,64,0,0,0,0,0,0,0,7,0,0,0,18,0,0,0,0,0,0,0,0,0,0,0,0,0,0,0,0,0,0,0,0,0,0,0,0,0,0,0,0,0,0,0,0,0,0,0,0,0,0,0,0,0,0,0,0,0,0,0,0,0,0,0,0,0,0,0,0,0,0,0,0,0,0,0,0,0,0,0,75,0,0,0,0,0,0,0,0,0,0,0,13,0,11,0,0,0,0,0,0,0,0,0,23,0,0,0,0,0,41,0,0,0,71,0,41,0,0,0,14,0,5,0,0,0,0,0,0,0,0,0,0,0,0,0,0,0,0,0,0,0,0,0,0,0,0,0,49,21,38,8,19,0,0,0,0,0,0,0,0,0,0
1,155,3,135,0,593,0,0,0,0,0,515,0,25,42,201,0,21,0,48,0,26,0,74,0,0,0,10,0,69,0,12,0,0,0,13,0,643,0,14,0,0,0,28,0,4,0,0,0,0,0,35,0,1,0,0,0,0,0,0,0,12,0,0,0,0,0,0,0,0,0,0,0,0,0,0,0,0,0,0,0,0,0,0,0,0,0,0,0,0,0,0,0,0,0,0,0,0,0,0,0,0,0,0,0,0,0,0,0,0,0,0,0,0,0,0,0,0,0,0,0,0,0,0,0,0,0,0,0,0,0,0,0,0,0,0,0,0,0,60,0,0,0,0,0,11,0,0,0,0,0,3,0,0,0,10,0,0,0,0,0,0,0,1,0,0,0,201,0,24,0,1,0,25,0,0,0,54,0,9,0,3,0,0,0,0,0,0,0,0,0,0,0,0,0,0,0,0,0,0,0,0,0,0,0,0,0,0,0,0,0,2,0,0,0,0,0,0,0,41,86,0,0,0,0
0,0,0,0,178,0,0,0,0,0,38,0,312,0,126,0,12,0,287,86,121,0,0,0,0,0,64,160,98,0,89,0,126,0,0,0,240,0,0,0,4,0,235,24,35,0,0,25,0,0,191,11,0,0,0,0,0,0,0,0,0,0,23,0,0,0,0,0,0,0,0,0,0,0,0,0,0,0,0,0,0,0,0,0,0,0,0,0,0,0,0,0,0,0,0,0,0,0,0,0,0,0,0,0,0,0,0,0,0,0,0,0,0,0,0,0,0,0,0,0,0,0,0,0,0,0,0,0,0,0,0,0,0,0,0,0,0,0,0,0,0,0,18,0,0,0,0,0,0,0,0,0,0,0,0,0,0,0,0,0,0,0,0,0,92,0,61,0,107,0,1,0,9,0,0,0,44,0,61,0,0,0,0,0,0,0,66,0,0,0,0,0,0,0,0,0,0,0,0,0,0,0,0,0,0,0,0,0,0,0,59,65,128,16,18,0,0,1,0,0,0,0,0,0,0
0,0,0,0,0,254,0,0,0,0,0,102,0,244,21,24,0,14,0,328,19,101,0,11,0,0,5,152,0,82,0,65,0,13,0,0,0,244,0,133,0,0,0,135,0,19,0,0,0,2,0,117,0,0,0,4,0,0,0,0,0,25,0,11,0,0,0,0,0,0,0,2,0,0,0,0,0,0,0,0,0,0,0,0,0,0,0,0,0,0,0,0,0,0,0,0,0,0,0,0,0,0,0,0,0,0,0,0,0,0,0,0,0,0,0,0,0,0,0,0,0,0,0,0,0,0,0,0,0,0,0,0,0,0,0,0,0,86,0,192,0,88,0,53,0,0,0,0,0,0,0,0,0,0,0,0,0,14,0,0,0,0,0,2,0,24,0,39,0,82,0,0,0,0,0,0,0,28,0,0,0,0,0,0,0,0,0,32,0,0,0,0,0,0,0,0,0,0,0,0,0,0,0,5,0,0,0,0,0,0,0,0,0,0,29,0,0,0,61,44,115,0,0,0,0
31,0,54,1,239,0,0,0,7,0,152,0,62,0,129,11,15,0,80,0,67,0,14,0,25,0,80,0,148,0,19,0,190,0,240,0,0,0,184,0,0,0,158,3,61,0,4,0,7,0,130,0,17,0,0,0,0,0,0,0,27,0,72,0,0,0,0,0,0,0,73,0,0,0,66,0,0,0,0,0,191,0,0,0,120,0,53,0,0,0,0,0,0,0,0,0,32,0,175,0,0,0,0,0,0,0,0,0,0,0,0,0,0,0,0,0,0,0,0,0,38,0,76,0,0,0,0,0,0,0,0,0,0,0,0,0,118,0,356,0,195,0,294,0,248,0,0,0,0,0,0,0,0,0,22,0,35,0,31,0,0,0,0,0,38,0,42,0,82,0,9,0,77,0,0,0,31,3,43,0,0,0,11,0,0,0,12,0,0,0,0,0,0,0,0,0,0,0,0,0,0,0,0,0,0,0,0,0,0,0,27,24,44,11,0,0,0,0,0,0,0,0,0,0,0
0,83,0,0,8,205,0,19,0,0,0,100,3,112,16,87,0,0,6,216,6,28,8,33,0,0,0,45,0,23,1,39,0,643,0,244,0,0,0,32,0,0,0,109,0,27,0,0,0,0,0,106,0,0,0,0,0,0,0,0,0,22,0,58,0,0,0,0,0,0,0,4,0,0,0,0,0,0,0,0,0,0,0,0,0,0,0,0,0,0,0,0,0,0,0,0,0,0,0,0,0,0,0,0,0,0,0,0,0,0,0,0,0,0,0,0,0,0,0,0,0,0,0,0,0,0,0,0,0,0,0,0,0,0,0,0,0,147,0,222,0,196,0,181,0,79,0,0,0,0,0,0,0,0,0,0,0,34,0,14,0,0,0,0,0,11,0,41,0,84,0,8,0,41,0,0,0,15,0,0,0,1,0,0,0,0,0,0,0,0,0,0,0,0,0,0,0,0,0,0,0,1,0,0,0,0,0,0,0,0,0,0,0,0,0,0,0,0,0,140,50,7,0,0,0
437,0,709,0,257,0,40,0,18,0,267,0,0,0,8,0,234,9,0,0,13,0,225,16,258,4,0,0,54,0,8,0,19,0,0,0,184,0,0,2,0,0,10,0,0,0,0,0,0,0,0,0,31,0,34,0,0,0,0,0,11,0,152,0,0,0,0,0,0,0,33,0,3,0,33,0,0,0,0,0,0,0,0,0,77,0,0,0,0,0,0,0,0,0,0,0,34,0,0,0,0,0,0,0,0,0,0,0,0,0,0,0,0,0,0,0,0,0,0,0,0,0,58,0,0,0,0,0,0,0,0,0,20,0,0,0,190,0,302,0,165,0,297,0,96,0,0,0,0,0,0,0,0,0,18,0,12,0,41,0,0,0,0,0,0,0,36,0,0,0,6,0,107,0,0,0,41,0,0,0,0,0,146,0,0,0,0,0,0,0,0,0,0,0,0,0,0,0,0,0,0,0,0,0,0,0,0,0,0,0,19,73,33,19,0,0,0,0,0,0,0,0,0,0,0
0,433,0,374,0,150,0,104,0,0,3,92,0,0,0,81,19,122,0,5,0,27,44,95,0,115,0,0,0,21,4,34,0,14,0,133,0,32,2,0,0,0,0,44,0,7,0,0,0,0,0,60,0,53,0,36,0,23,0,0,0,13,0,77,0,3,0,0,0,0,0,0,0,0,0,0,0,0,0,0,0,0,0,0,0,0,0,0,0,0,0,0,0,0,0,0,0,0,0,0,0,0,0,0,0,0,0,0,0,0,0,0,0,0,0,0,0,0,0,0,0,0,0,1,0,0,0,0,0,0,2,10,0,0,0,0,0,69,0,501,0,96,0,0,0,103,0,0,0,0,1,0,0,0,0,114,0,126,0,153,0,0,0,0,0,0,0,8,0,0,0,6,0,19,0,0,6,0,0,4,0,0,0,0,0,0,0,0,0,0,0,0,0,0,0,0,0,0,0,0,0,0,0,0,0,0,0,0,0,0,0,0,0,0,0,0,0,0,0,109,0,0,0,0,0
0,0,22,0,96,0,0,0,4,0,50,0,399,0,0,0,0,0,5,0,0,0,5,0,7,0,77,65,0,0,0,0,0,0,4,0,0,0,0,0,0,202,81,6,116,124,239,175,261,120,39,0,0,0,0,0,0,0,0,0,0,0,0,0,0,0,0,0,0,0,0,0,0,0,0,0,0,0,0,0,0,0,0,0,0,0,0,0,0,0,0,0,0,0,0,0,0,0,0,0,0,0,0,0,0,0,0,0,0,0,0,0,0,0,0,0,0,0,0,0,0,0,0,0,0,0,0,0,0,0,0,0,0,0,0,0,0,0,0,0,0,0,0,0,0,0,0,0,0,0,3,0,0,0,0,0,0,0,0,0,0,0,0,0,25,1,0,0,0,0,0,0,0,0,0,0,15,27,17,0,8,0,2,0,4,0,48,7,0,0,0,0,0,0,0,0,0,0,0,0,0,0,0,0,0,0,0,0,0,0,5,231,60,5,0,0,0,34,0,0,0,0,0,0,0
0,0,0,0,0,18,0,0,0,0,0,77,125,267,0,0,0,0,82,0,46,0,0,0,0,0,355,24,0,0,0,0,0,0,0,0,0,0,0,0,202,0,100,65,77,109,58,144,4,140,92,18,0,0,0,0,0,0,0,0,0,0,0,0,0,0,0,0,0,0,0,0,0,0,0,0,0,0,0,0,0,0,0,0,0,0,0,0,0,0,0,0,0,0,0,0,0,0,0,0,0,0,0,0,0,0,0,0,0,0,0,0,0,0,0,0,0,0,0,0,0,0,0,0,0,0,0,0,0,0,0,0,0,0,0,0,0,0,0,0,0,0,0,0,0,0,0,0,0,0,0,0,0,0,0,0,0,0,0,0,0,0,0,0,0,21,0,0,0,0,0,0,0,0,0,0,0,101,0,2,0,6,0,0,0,0,77,42,0,0,0,0,0,0,0,0,0,0,0,0,0,0,0,0,0,0,0,0,0,0,0,0,0,0,1,0,0,0,0,77,31,3,0,0,7
0,0,0,0,0,0,0,0,8,0,0,0,154,28,8,0,0,0,28,0,18,0,24,0,16,0,572,50,139,0,145,0,152,0,235,0,158,0,10,0,81,100,0,10,273,53,92,106,71,26,144,0,0,0,0,0,0,0,6,1,0,0,54,0,0,0,1,0,0,0,37,0,10,0,0,0,0,0,0,0,0,0,0,0,65,0,19,0,0,0,0,0,0,0,0,0,0,0,0,0,0,0,0,0,0,0,0,0,0,0,0,0,0,0,0,0,0,0,0,0,0,0,0,0,0,0,0,0,0,0,0,0,0,0,0,0,0,0,0,0,0,0,0,0,46,0,0,0,0,0,0,0,0,0,0,0,0,0,0,0,4,0,12,0,50,0,16,0,25,0,0,0,18,0,0,0,12,6,10,0,0,0,0,0,0,0,144,4,0,0,5,0,0,0,0,0,0,0,0,0,0,0,0,0,0,0,0,0,0,0,44,284,132,22,21,0,0,19,0,0,4,0,0,0,0
0,0,0,0,0,0,0,0,0,0,0,0,69,228,0,11,0,0,136,96,59,127,0,16,0,0,79,513,0,32,0,84,0,28,24,135,3,109,0,44,6,65,10,0,6,337,0,123,0,54,0,194,0,0,0,0,0,9,0,0,0,0,0,28,0,0,0,0,0,0,0,16,0,0,0,0,0,0,0,0,0,0,0,0,0,19,0,0,0,0,0,0,0,0,0,0,0,0,0,0,0,0,0,3,0,0,0,0,0,0,0,0,0,0,0,0,0,0,0,0,0,14,0,0,0,0,0,0,0,0,0,0,0,0,0,0,0,220,0,324,0,205,0,197,0,69,0,0,0,0,0,0,0,0,0,0,0,10,0,0,0,0,0,0,0,50,0,6,0,53,0,0,0,6,0,0,9,15,0,0,0,1,1,0,0,0,10,241,0,0,0,0,0,0,0,0,0,0,0,0,0,0,0,0,0,0,0,0,0,0,0,0,0,0,0,0,0,0,46,116,91,0,0,0,0
0,0,106,0,0,0,0,0,5,0,12,0,58,8,30,0,155,0,8,0,82,0,153,0,60,0,299,31,102,0,69,0,47,0,35,0,61,0,0,0,116,77,273,6,0,84,229,88,252,139,116,0,52,0,30,0,8,0,0,0,0,0,263,0,0,0,0,0,0,0,83,0,0,0,105,0,8,0,0,0,0,0,21,0,0,0,62,1,0,0,0,0,0,0,0,0,0,0,0,0,0,0,23,0,0,0,0,0,0,0,0,0,0,0,0,0,0,0,0,0,0,0,95,0,0,0,0,0,0,0,0,0,0,0,0,0,0,0,0,0,0,0,0,0,0,0,0,0,0,0,0,0,0,0,0,0,0,0,15,0,0,0,0,0,97,0,24,0,107,0,8,0,48,0,0,0,20,32,0,0,0,0,6,0,0,0,141,0,37,0,0,0,0,0,0,0,0,0,0,0,0,0,0,0,0,0,0,0,2,0,50,265,163,14,9,0,0,112,0,5,0,0,0,0,3
0,0,0,0,0,0,0,0,0,0,0,47,79,75,0,38,0,0,0,105,21,142,0,30,0,0,143,401,0,12,0,14,0,4,0,19,0,27,0,7,124,109,53,337,84,0,41,308,8,218,41,163,0,0,0,10,0,0,0,0,0,0,0,0,0,0,0,0,0,20,0,16,0,0,0,0,0,16,0,0,0,68,0,61,0,36,0,0,0,0,0,0,0,0,0,91,0,0,0,0,0,30,0,17,0,0,0,0,0,0,0,0,0,0,0,0,0,0,0,0,0,0,0,0,0,0,0,0,0,0,0,0,0,0,0,39,0,303,0,223,0,196,0,362,0,42,0,0,0,0,0,0,0,4,0,0,0,0,0,0,0,0,0,16,2,179,0,9,0,144,0,21,0,19,0,0,3,96,0,3,0,0,0,0,0,0,20,93,0,0,0,0,0,0,0,0,0,0,0,0,0,0,0,0,0,0,0,0,0,0,0,0,3,0,18,0,0,0,74,547,485,32,0,0,18
0,0,62,0,101,0,0,0,0,0,39,0,251,0,0,0,25,0,7,0,0,2,79,0,0,0,170,0,0,0,0,0,0,0,0,0,4,0,0,0,239,58,92,0,229,41,0,0,182,72,22,0,0,0,0,0,0,0,0,0,0,0,73,0,0,0,0,0,0,0,0,0,0,0,0,0,0,0,0,0,0,1,0,0,0,0,0,0,0,0,0,0,0,0,0,0,0,0,18,0,0,0,0,0,0,0,0,0,0,0,0,0,0,0,0,0,0,0,0,0,0,0,0,0,0,0,0,0,0,0,0,0,0,0,0,0,0,0,0,0,0,0,25,0,6,0,5,0,0,0,0,0,0,0,0,0,0,0,0,0,0,0,0,0,39,0,0,0,0,0,0,0,0,0,0,0,14,15,21,0,0,0,14,0,7,0,98,0,0,0,0,0,0,0,0,0,0,0,0,0,0,0,0,0,0,0,0,0,0,0,20,269,84,0,3,0,0,80,0,3,0,0,0,0,0
0,100,0,0,0,150,0,0,0,0,0,247,197,314,0,0,0,0,165,163,54,34,0,0,0,0,400,348,0,0,0,2,0,0,25,0,0,0,0,0,175,144,106,123,88,308,0,0,0,101,154,39,0,0,0,0,0,0,0,0,0,0,0,0,0,0,0,0,0,2,0,0,0,0,0,0,0,0,0,0,0,0,0,0,0,0,0,0,0,6,0,0,0,0,0,0,0,0,0,0,0,0,0,0,0,0,0,0,0,0,0,0,0,0,0,0,0,0,0,0,0,0,0,0,0,0,0,0,0,0,0,0,0,0,0,0,0,0,0,0,0,0,0,0,0,0,0,0,0,0,0,0,0,0,0,0,0,0,0,0,0,0,0,0,2,25,0,0,0,0,0,0,0,0,0,0,0,71,0,0,0,5,0,0,0,0,48,32,0,0,0,0,0,0,0,0,0,0,0,0,0,0,0,0,0,0,0,0,0,0,0,0,0,0,0,0,0,0,0,321,71,0,0,0,16
0,0,39,0,25,0,66,2,6,0,8,0,56,0,3,0,9,0,0,0,0,0,15,0,28,0,69,1,0,0,0,0,0,0,0,0,7,0,0,0,261,4,71,0,252,8,182,0,0,42,16,0,0,0,24,0,20,0,7,0,0,0,17,0,0,0,0,0,34,0,6,0,2,0,0,0,6,0,3,0,20,1,51,0,0,0,12,0,0,0,0,0,40,3,79,0,0,0,0,0,37,0,127,0,87,0,0,0,2,0,0,0,0,0,0,0,0,0,0,0,0,0,0,0,0,0,10,0,0,0,10,0,0,0,9,0,0,5,1,0,0,0,0,0,0,0,6,8,0,0,12,0,0,0,8,0,4,0,0,0,0,0,3,0,37,0,3,0,30,0,6,0,10,0,3,0,29,9,4,0,0,2,5,0,0,0,162,0,82,0,46,0,0,0,26,0,0,0,0,0,0,0,0,0,0,1,0,0,0,0,54,133,143,7,53,0,22,42,0,5,7,9,0,1,0
0,0,0,0,0,13,0,0,0,6,0,81,0,94,0,0,0,0,0,12,0,10,0,0,0,0,22,60,0,0,0,0,0,0,0,2,0,0,0,0,120,140,26,54,139,218,72,101,42,0,0,0,0,0,0,0,0,2,0,0,0,0,0,0,0,0,0,0,0,5,0,0,0,0,0,0,0,5,0,0,0,0,0,15,0,0,0,0,0,6,0,0,0,15,0,20,0,0,0,0,0,7,0,9,0,1,0,0,0,0,0,0,0,0,0,0,0,0,0,0,0,0,0,0,0,0,0,0,0,0,0,0,0,0,0,0,0,0,0,0,0,0,0,0,0,0,0,0,0,0,0,6,0,0,0,0,0,0,0,1,0,2,0,0,0,60,0,0,0,24,0,0,0,0,0,5,0,48,0,8,0,6,0,0,0,5,39,55,0,0,0,2,0,0,0,0,0,0,0,0,0,0,0,0,0,0,0,0,0,0,0,10,0,0,0,0,0,0,11,29,28,0,0,0,3
0,0,34,0,93,0,15,0,14,0,0,3,474,80,19,1,0,0,393,0,79,0,0,0,18,0,616,250,53,0,64,0,46,0,191,0,130,0,0,0,39,92,144,0,116,41,22,154,16,0,0,0,0,0,12,0,0,0,6,0,3,0,56,0,0,0,0,0,0,0,28,0,7,0,32,0,0,0,0,0,0,0,0,0,60,0,32,0,1,0,0,0,0,0,0,0,0,0,83,0,0,0,0,0,0,0,0,0,0,0,0,0,0,0,0,0,0,0,0,0,0,0,0,0,0,0,0,0,0,0,0,0,0,0,0,0,0,0,0,0,0,0,76,0,57,0,0,0,0,0,0,0,0,0,4,0,0,0,0,0,0,0,17,0,118,0,34,0,120,0,8,0,65,0,0,0,13,6,25,0,4,0,0,0,0,0,170,0,22,0,0,0,0,0,8,0,0,0,0,0,0,0,0,0,0,0,0,0,0,0,86,154,208,50,40,0,2,4,0,0,0,0,0,0,0
0,44,0,0,9,165,0,0,0,0,0,69,39,461,0,22,0,0,83,290,38,113,0,10,0,0,36,497,0,27,0,76,0,35,11,117,0,106,0,60,0,18,0,194,0,163,0,39,0,0,0,0,0,0,0,0,0,0,0,0,0,10,0,10,0,0,0,0,0,4,0,38,0,0,0,31,0,0,0,0,0,64,0,6,0,32,0,25,0,2,0,0,0,0,0,15,0,0,0,0,0,0,0,0,0,0,0,0,0,0,0,0,0,0,0,0,0,0,0,0,0,0,0,0,0,0,0,0,0,0,0,0,0,0,0,0,0,207,0,221,0,197,0,360,0,65,0,0,0,0,0,0,0,0,0,0,0,7,0,31,0,0,0,12,0,28,0,20,0,75,0,33,0,36,0,0,0,0,0,0,0,0,0,0,0,0,0,161,0,17,0,0,0,0,0,0,0,0,0,0,0,0,0,17,0,0,0,0,0,0,0,0,0,0,22,0,0,0,62,34,89,0,0,0,0
0,1,0,0,0,0,86,9,171,106,1,0,0,0,0,0,35,0,0,0,0,0,5,0,82,0,0,0,71,0,0,0,0,0,0,0,17,0,31,0,0,0,0,0,52,0,0,0,0,0,0,0,0,25,195,83,123,31,8,55,153,1,142,6,0,0,6,63,5,0,0,0,0,0,5,0,0,0,0,0,12,0,0,0,32,0,0,0,0,0,24,0,0,0,0,0,9,0,20,0,0,0,0,0,0,0,20,0,0,0,0,0,0,0,0,0,0,0,0,0,0,0,6,0,12,0,0,0,244,0,32,0,54,0,27,0,320,0,362,0,144,0,169,0,19,0,0,0,0,0,0,0,0,0,384,1,113,0,327,0,14,0,15,0,10,0,4,0,30,0,118,0,20,0,0,0,0,0,0,0,0,0,7,0,0,2,0,0,0,0,0,0,1,0,0,0,0,0,0,0,18,0,0,0,1,0,0,0,2,0,40,38,267,149,77,0,23,0,0,1,2,1,0,0,0
0,0,0,0,0,0,100,24,125,173,0,0,0,0,0,0,0,56,0,0,0,29,0,5,43,20,0,0,0,28,0,0,0,1,0,0,0,0,0,53,0,0,0,0,0,0,0,0,0,0,0,0,25,0,136,44,9,216,62,13,0,124,8,182,0,0,76,31,0,0,0,0,0,0,0,0,0,0,0,0,0,0,0,0,0,0,0,0,0,0,0,0,0,0,0,0,0,0,0,0,0,0,0,0,0,0,0,0,0,0,0,0,0,0,0,0,0,0,0,0,0,0,0,0,0,15,0,3,0,46,0,25,0,32,0,0,0,61,0,234,0,21,0,16,0,87,0,0,0,0,0,0,0,0,1,295,0,184,0,309,0,45,0,2,0,0,0,0,0,0,0,23,0,0,0,0,13,37,0,0,0,0,0,19,6,77,0,0,0,0,0,0,0,0,0,0,0,0,0,0,0,0,0,0,0,0,0,0,0,0,0,0,0,1,33,0,0,0,21,11,42,49,0,0,0
0,0,85,0,10,0,214,26,150,389,0,0,0,0,0,0,39,0,0,0,0,0,50,0,116,0,0,0,0,0,0,0,0,0,0,0,0,0,34,0,0,0,0,0,30,0,0,0,24,0,12,0,195,136,0,293,158,45,40,0,5,0,28,23,8,0,39,159,2,0,0,0,0,0,0,0,0,0,0,0,0,0,0,0,0,0,0,0,0,0,0,0,0,0,0,0,0,0,0,0,0,0,0,0,0,0,0,0,0,0,0,0,0,0,0,0,0,0,0,0,0,0,0,0,53,0,57,0,39,0,77,0,10,0,0,0,81,0,12,0,0,0,0,1,0,0,0,0,0,0,21,0,0,0,93,5,5,0,34,0,142,0,0,0,15,0,13,0,29,0,86,0,0,0,0,0,5,0,0,0,0,0,1,0,0,28,0,0,0,0,0,0,0,0,0,0,0,0,0,0,0,0,0,0,0,0,0,0,24,0,611,176,503,670,746,4,129,5,8,0,4,0,0,0,0
59,13,0,33,0,0,266,938,411,535,0,3,0,0,0,60,15,70,0,46,0,41,0,46,294,330,0,0,0,50,0,0,0,0,0,4,0,0,0,36,0,0,0,0,0,10,0,0,0,0,0,0,83,44,293,0,0,170,71,177,4,23,84,221,0,7,98,26,0,0,0,0,0,0,0,0,0,1,0,0,0,0,0,0,0,0,0,0,0,0,0,0,0,0,0,0,0,1,0,0,0,0,0,0,0,0,0,0,0,0,0,0,0,0,0,0,0,0,0,0,0,0,0,0,0,13,0,0,0,12,0,18,0,0,0,0,0,0,0,0,0,0,0,0,0,0,0,0,1,0,0,0,0,0,2,34,0,7,0,13,0,172,0,0,0,3,1,0,0,27,0,107,1,23,0,0,31,39,0,0,0,0,0,20,0,36,0,0,0,0,0,0,0,0,0,0,0,0,0,0,0,0,0,0,0,0,0,0,0,0,16,0,0,0,381,0,0,0,202,26,460,503,21,51,1
0,0,0,0,0,0,68,0,48,0,0,0,0,0,0,0,32,0,0,0,0,0,0,0,29,0,0,0,0,0,0,0,0,0,0,0,0,0,0,0,0,0,0,0,8,0,0,0,20,0,0,0,123,9,158,0,0,0,236,69,0,0,9,0,36,19,68,92,0,0,0,0,0,0,0,0,4,0,0,0,0,0,0,0,0,1,0,0,0,0,0,0,0,0,0,0,0,0,0,0,0,0,0,0,0,0,0,0,0,0,0,0,0,0,0,0,0,0,0,0,0,0,0,0,29,0,32,0,33,0,60,0,0,0,0,1,9,0,34,0,0,0,0,0,11,3,0,0,4,0,9,0,0,0,136,11,0,0,67,27,336,0,0,0,36,0,6,0,101,0,76,0,0,0,14,0,2,0,0,0,73,0,0,0,21,0,0,0,0,0,0,0,0,0,0,0,0,0,0,0,0,0,0,0,0,0,0,0,0,0,678,198,760,736,1458,5,93,0,0,0,1,0,0,0,0
0,0,0,0,0,9,0,63,62,28,0,0,0,2,0,18,0,60,0,0,0,35,0,21,0,73,0,0,0,38,0,0,0,0,0,0,0,0,0,23,0,0,0,9,0,0,0,0,0,2,0,0,31,216,45,170,0,0,85,225,0,6,0,106,0,23,115,33,0,8,0,0,0,0,0,0,0,2,0,0,0,0,0,0,0,0,0,2,0,0,0,0,0,0,0,1,0,0,0,0,0,0,0,0,0,0,0,0,0,0,0,0,0,0,0,0,0,0,0,0,0,0,0,0,0,11,0,0,0,0,0,28,0,0,0,0,0,0,0,3,0,0,0,0,0,6,0,0,0,3,0,0,0,0,3,201,1,13,0,195,0,203,0,24,0,8,0,0,0,62,0,275,0,0,0,0,0,0,0,0,0,0,0,0,0,10,0,0,0,0,0,0,0,0,0,0,0,0,0,0,0,0,0,0,0,0,0,0,0,0,0,0,0,0,685,0,0,0,353,60,778,694,62,39,4
0,0,0,0,0,0,30,0,78,10,0,0,0,0,0,0,0,0,0,0,0,0,0,0,0,0,0,0,0,0,0,0,0,0,0,0,0,0,0,0,0,0,6,0,0,0,0,0,7,0,6,0,8,62,40,71,236,85,0,382,1,0,0,0,237,39,199,383,0,0,0,0,0,0,0,0,0,0,0,0,0,0,0,0,0,0,0,0,0,0,0,0,0,0,0,0,0,0,0,0,0,0,0,0,0,0,0,0,0,0,0,0,0,0,0,0,0,0,0,0,0,0,0,0,3,0,0,0,0,0,0,0,0,0,0,0,0,4,3,0,0,3,0,0,6,0,0,0,0,0,0,0,0,0,2,30,5,0,0,16,26,0,0,0,0,0,0,0,0,0,0,0,0,0,41,0,0,0,0,0,51,0,0,0,132,23,0,0,0,0,0,0,0,0,0,0,0,0,0,0,0,0,0,0,0,0,0,0,0,0,679,525,125,0,1004,6,0,0,0,1,0,0,0,0,0
0,39,0,0,0,0,0,49,91,127,0,0,0,3,0,0,0,0,0,0,0,0,0,0,0,16,0,0,0,0,0,0,0,0,0,0,0,0,0,0,0,0,1,0,0,0,0,0,0,0,0,0,55,13,0,177,69,225,382,0,0,0,0,4,55,279,325,807,0,0,1,0,0,0,0,0,0,0,0,0,0,0,0,0,0,0,0,0,0,0,0,0,0,0,0,0,0,0,0,0,0,0,0,0,0,0,0,0,0,0,0,0,0,0,0,0,0,0,0,0,0,0,0,0,0,7,0,0,0,0,0,53,0,0,0,0,0,0,19,0,0,0,0,0,7,0,0,0,0,10,0,0,0,0,61,12,0,3,0,18,72,148,0,0,0,2,0,2,0,26,0,31,0,0,6,25,0,0,0,0,21,24,0,0,62,59,0,0,0,0,0,0,0,0,0,0,0,0,0,0,0,0,0,0,0,0,0,0,0,0,3,1,3,0,1640,0,0,0,1083,217,526,842,119,0,0
83,0,121,0,0,0,212,0,83,0,0,0,0,0,0,0,0,0,0,0,2,0,0,0,125,0,0,0,5,0,0,0,17,0,0,0,27,0,11,0,0,0,0,0,0,0,0,0,0,0,3,0,153,0,5,4,0,0,1,0,0,1,35,0,1,0,0,0,0,0,5,0,0,0,0,0,0,0,0,0,0,0,0,0,0,0,2,0,0,0,2,0,0,0,0,0,0,0,0,0,1,0,0,0,0,0,0,0,0,0,0,0,0,0,0,0,0,0,0,0,0,0,0,0,0,0,0,0,0,0,0,0,0,0,0,0,25,0,390,0,67,0,0,0,387,0,0,0,0,0,0,0,0,0,78,0,221,0,30,0,0,1,12,0,17,0,0,0,18,0,282,0,120,0,0,0,34,0,0,0,0,0,39,0,0,0,0,0,0,0,0,0,0,0,0,0,0,0,0,0,0,0,0,0,0,0,0,0,0,0,14,67,137,49,33,0,10,0,0,0,0,0,0,0,0
28,295,33,38,0,0,19,190,0,176,0,0,0,0,0,0,0,27,0,0,1,4,0,13,0,66,0,0,0,30,0,0,0,12,0,25,0,22,0,13,0,0,0,0,0,0,0,0,0,0,0,10,1,124,0,23,0,6,0,0,1,0,0,134,0,0,0,0,0,0,0,2,0,0,0,0,0,0,0,0,0,0,0,0,0,0,0,0,0,0,0,0,0,0,0,0,0,0,0,0,0,0,0,0,0,0,0,0,0,0,0,0,0,0,0,0,0,0,0,0,0,0,0,0,0,0,0,0,0,0,0,0,0,4,0,0,0,0,0,175,0,73,0,0,0,156,0,0,0,6,0,0,0,0,0,49,0,228,0,67,0,0,0,0,0,0,0,3,0,30,0,65,0,202,0,0,11,60,0,0,0,0,0,86,0,0,0,0,0,0,0,0,0,0,0,0,0,0,0,0,0,0,0,0,0,0,0,0,0,0,0,0,0,0,0,0,0,0,0,359,137,50,0,9,0
117,20,202,0,0,0,277,54,151,114,0,0,0,0,0,0,389,2,0,0,217,0,40,0,394,11,178,0,307,0,118,0,64,0,23,0,72,0,152,0,0,0,54,0,263,0,73,0,17,0,56,0,142,8,28,84,9,0,0,0,35,0,0,14,0,0,0,0,0,0,0,0,0,0,26,0,0,0,0,0,0,0,0,0,55,0,0,0,0,0,0,0,0,0,0,0,0,0,0,0,0,0,0,0,0,0,0,0,0,0,0,0,0,0,0,0,0,0,0,0,0,0,0,0,0,0,0,0,60,0,9,0,42,0,0,0,232,2,387,0,169,0,251,0,47,2,0,0,0,0,0,0,0,0,141,0,24,0,148,0,0,0,0,0,6,0,1,0,9,0,28,0,32,0,0,0,56,3,0,0,0,0,61,1,0,0,0,0,0,0,0,0,0,0,0,0,0,0,0,0,0,0,0,0,0,0,0,0,0,0,21,21,71,49,30,0,0,0,0,0,0,0,0,0,0
65,370,48,89,0,0,80,766,34,372,0,0,0,0,0,18,21,363,0,0,0,67,25,44,146,183,0,0,1,54,0,8,0,0,0,11,0,58,0,77,0,0,0,28,0,0,0,0,0,0,0,10,6,182,23,221,0,106,0,4,0,134,14,0,0,0,3,0,0,2,0,0,0,0,0,0,0,0,0,0,0,0,0,0,0,0,0,0,0,0,0,0,0,0,0,0,0,0,0,0,0,0,0,0,0,0,0,0,0,0,0,0,0,0,0,0,0,0,0,0,0,0,0,0,0,0,0,0,0,29,0,0,0,0,1,0,0,70,0,216,0,55,0,37,0,17,0,0,0,0,0,0,0,0,0,85,0,39,0,106,0,17,0,0,0,0,0,0,0,2,0,8,0,15,0,0,15,115,0,0,0,0,2,90,0,9,0,0,0,0,0,0,0,0,0,0,0,0,0,0,0,0,0,0,0,0,0,0,0,0,0,2,0,0,0,0,0,0,16,55,14,0,0,0,0
16,0,7,0,14,0,41,1,202,0,0,0,7,0,0,0,0,0,0,0,0,0,0,0,0,0,6,0,0,0,0,0,0,0,0,0,0,0,0,0,0,0,0,0,0,0,0,0,0,0,0,0,0,0,8,0,36,0,237,55,1,0,0,0,0,0,339,37,0,0,2,0,0,0,0,0,0,0,0,0,0,0,0,0,0,1,0,3,0,0,0,0,0,0,0,0,0,0,0,0,0,0,0,0,0,0,0,0,0,0,0,0,0,0,0,0,0,0,0,0,0,0,0,0,30,0,2,0,0,0,70,0,0,0,0,1,0,0,7,13,0,0,0,0,10,9,8,0,87,0,0,0,0,0,12,0,0,0,0,24,328,0,0,0,0,0,0,0,0,0,0,0,0,0,27,3,0,0,0,0,219,8,3,0,176,0,0,0,0,0,0,0,0,0,0,0,0,0,0,0,0,0,0,0,0,0,0,0,1,0,33,5,0,0,0,0,0,0,0,0,0,0,0,0,0
0,74,0,11,0,23,0,38,2,194,0,24,0,0,0,5,1,0,0,26,0,0,1,0,0,0,1,14,0,0,0,0,0,0,0,0,0,0,0,3,0,0,0,0,0,0,0,0,0,0,0,0,0,0,0,7,19,23,39,279,0,0,0,0,0,0,21,191,0,0,0,43,0,6,0,44,0,0,0,0,0,18,0,0,1,5,0,0,0,0,0,0,0,0,0,0,0,0,0,0,0,4,0,0,0,0,0,0,0,0,0,0,0,0,0,0,0,0,0,0,0,0,0,2,0,70,0,52,0,0,52,102,0,0,0,7,0,0,32,25,0,13,1,5,11,44,0,59,33,413,0,0,0,4,5,4,0,1,9,0,156,383,0,2,0,0,0,0,0,0,0,0,0,3,1,85,0,0,0,0,33,134,0,0,7,94,0,0,0,0,0,0,0,0,0,0,0,0,0,0,0,0,0,0,0,0,0,0,0,0,0,0,0,0,90,0,0,0,96,0,0,0,0,0,0
7,0,6,0,0,0,87,0,238,0,0,0,0,0,3,0,0,0,0,0,0,0,0,0,0,0,6,0,0,0,0,0,0,0,0,0,0,0,0,0,0,0,1,0,0,0,0,0,0,0,0,0,6,76,39,98,68,115,199,325,0,0,0,3,339,21,0,257,0,0,0,0,0,0,0,0,0,0,0,0,0,0,0,0,0,0,0,0,0,0,0,0,0,0,0,0,0,0,0,0,0,0,0,0,0,0,0,0,0,0,0,0,0,0,0,0,0,0,0,0,0,0,0,0,0,0,0,0,0,0,73,0,0,0,0,0,0,0,2,0,0,0,0,0,4,0,0,0,46,0,0,0,0,0,0,24,1,0,0,18,161,0,0,0,0,0,0,0,0,0,0,0,0,0,110,0,14,0,0,0,133,0,0,0,819,25,0,0,0,0,0,0,0,0,0,0,0,0,0,0,0,0,0,0,0,0,0,0,0,0,106,138,5,0,68,0,0,0,0,0,0,0,0,0,0
0,11,0,0,0,0,0,19,142,195,0,0,0,0,0,0,0,0,0,0,0,0,0,0,0,0,0,0,0,0,0,0,0,0,0,0,0,0,0,0,0,0,0,0,0,0,0,0,0,0,0,0,63,31,159,26,92,33,383,807,0,0,0,0,37,191,257,0,0,0,1,0,0,0,0,0,0,0,0,0,0,0,0,0,0,0,0,0,0,0,0,0,0,0,0,0,0,0,0,0,0,0,0,0,0,0,0,0,0,0,0,0,0,0,0,0,0,0,0,0,0,0,0,0,2,17,0,0,0,0,0,99,0,0,0,0,0,0,18,0,0,0,0,0,13,2,0,0,0,92,0,0,0,0,47,1,4,0,0,1,52,196,0,0,0,0,0,0,0,0,0,0,0,0,10,75,9,3,0,0,25,0,0,0,53,463,0,0,0,0,0,0,0,0,0,0,0,0,0,0,0,0,0,0,0,0,0,0,0,0,2,0,0,0,217,0,0,0,203,49,42,130,9,0,0
0,0,0,0,0,0,0,0,0,0,0,0,0,0,0,0,0,0,0,0,0,0,0,0,0,0,0,0,0,0,0,0,0,0,0,0,0,0,0,0,0,0,0,0,0,0,0,0,34,0,0,0,5,0,2,0,0,0,0,0,0,0,0,0,0,0,0,0,0,0,0,0,0,0,0,0,201,0,24,0,0,0,36,0,0,0,14,0,11,0,0,0,104,0,36,0,0,0,0,0,15,0,390,0,0,0,0,0,68,0,22,0,8,0,1,0,20,0,0,0,0,0,0,0,0,3,0,0,0,0,0,0,0,0,0,0,3,0,0,0,0,0,0,0,0,0,0,0,0,0,5,0,5,0,5,0,0,0,5,0,0,0,0,0,26,0,0,0,139,0,6,0,0,0,2,0,0,0,0,0,0,0,0,0,0,0,0,0,48,0,0,0,0,0,18,0,0,0,0,0,0,0,0,0,0,0,0,0,0,0,134,0,112,0,9,34,263,4,0,0,0,0,0,0,0
0,0,0,0,0,0,0,0,0,2,0,0,0,0,0,0,0,0,0,0,0,0,0,0,0,0,0,0,0,0,0,0,0,0,0,0,0,0,0,0,0,0,0,0,0,20,0,2,0,5,0,4,0,0,0,0,0,8,0,0,0,0,0,2,0,0,0,0,0,0,0,0,0,1,0,0,0,58,0,0,0,14,0,140,0,4,0,13,0,6,0,0,0,51,0,27,0,0,0,0,0,8,0,81,0,0,0,0,0,20,0,9,0,8,0,0,0,9,0,0,0,1,0,0,0,0,0,0,0,0,0,0,1,0,0,0,0,0,0,0,0,0,0,0,0,0,0,0,0,0,0,5,0,0,0,0,0,0,0,2,0,0,0,1,0,30,0,0,0,79,0,0,0,1,0,0,0,4,0,0,0,0,0,0,0,0,0,0,0,25,0,0,0,0,0,0,0,0,0,0,0,0,0,14,0,9,0,0,1,4,0,0,0,1,0,0,0,0,14,17,54,0,13,148,5
0,0,0,0,0,0,0,0,0,0,0,0,0,0,0,0,12,0,0,0,42,0,0,0,0,0,0,0,0,0,21,0,7,0,0,0,73,0,33,0,0,0,37,0,83,0,0,0,6,0,28,0,0,0,0,0,0,0,0,1,5,0,0,0,2,0,0,1,0,0,0,0,336,0,335,0,12,0,321,0,42,0,0,0,5,0,198,0,0,0,0,0,0,0,0,0,0,0,0,0,0,0,0,0,0,0,0,0,0,0,0,0,0,0,0,0,0,0,0,0,31,0,7,0,77,15,0,0,19,0,97,22,65,10,0,0,70,7,49,0,87,0,0,0,152,2,0,0,76,24,0,0,32,8,0,0,5,0,6,0,49,6,48,0,0,0,34,0,127,5,20,0,70,0,21,0,0,0,0,0,61,0,0,0,41,0,0,0,0,0,0,0,4,0,0,0,0,0,0,0,0,0,0,0,0,0,0,0,0,0,11,0,50,0,0,0,1,0,7,0,7,0,0,0,0
0,0,0,0,0,0,0,0,0,0,0,0,0,0,0,0,0,0,0,0,0,15,0,0,0,0,0,0,0,0,0,0,0,0,0,2,0,4,0,0,0,0,0,16,0,16,0,0,0,0,0,38,0,0,0,0,0,0,0,0,0,2,0,0,0,43,0,0,0,0,0,0,0,128,0,426,0,10,0,14,0,0,0,0,0,0,0,84,0,0,0,0,0,0,0,0,0,1,0,0,0,0,0,0,0,0,0,0,0,0,0,0,0,0,0,0,0,0,0,0,1,15,0,22,0,141,0,0,0,37,21,149,0,68,0,0,0,0,8,10,0,53,0,8,0,166,9,0,0,99,0,32,0,0,0,0,0,0,1,0,0,14,0,76,0,0,0,10,0,7,0,29,0,30,0,7,0,0,0,0,0,64,0,0,0,13,0,0,0,0,0,0,0,0,0,0,0,0,0,0,0,0,0,0,0,0,0,0,0,0,0,0,0,0,0,0,0,0,0,10,11,0,0,0,0
0,0,0,0,0,0,13,0,0,0,0,0,0,0,0,0,0,0,0,0,0,0,0,0,10,0,0,0,0,0,0,0,0,0,0,0,0,0,3,0,0,0,10,0,0,0,0,0,2,0,7,0,0,0,0,0,0,0,0,0,0,0,0,0,0,0,0,0,0,0,336,0,0,0,134,0,20,0,174,0,17,0,23,0,2,0,53,0,0,0,0,0,3,0,9,2,0,0,0,0,2,3,8,0,0,0,0,0,2,0,0,0,0,0,0,0,1,0,0,0,20,0,3,0,126,0,131,0,39,0,58,0,123,0,61,0,61,0,63,0,101,0,73,0,122,0,0,0,21,0,97,0,0,0,0,0,0,0,4,0,12,0,89,4,3,0,0,0,80,0,25,0,0,0,3,0,0,0,2,0,0,0,0,0,11,0,0,0,0,0,0,0,0,0,0,0,0,0,0,0,0,0,108,0,18,0,45,0,170,0,147,0,80,20,34,0,6,0,0,0,0,2,0,0,0
0,0,0,0,0,0,0,0,0,0,0,0,0,0,0,0,0,0,0,0,0,0,0,0,0,0,0,0,0,0,0,0,0,0,0,0,0,0,0,0,0,0,0,0,0,0,0,0,0,0,0,0,0,0,0,0,0,0,0,0,0,0,0,0,0,6,0,0,0,1,0,128,0,0,0,163,0,64,0,65,0,19,0,8,0,27,1,90,0,0,0,0,0,0,0,3,0,0,0,0,0,1,0,0,0,0,0,0,0,0,0,0,0,0,0,0,0,0,0,0,0,20,0,14,31,0,0,0,0,23,18,104,0,66,0,78,9,0,0,0,13,30,0,0,0,60,0,74,0,45,0,0,0,0,0,0,0,1,0,1,0,4,0,96,0,0,0,5,0,23,0,25,0,7,0,0,0,0,0,0,0,69,0,0,0,0,0,0,0,0,0,0,0,0,0,0,0,0,0,0,0,0,0,0,0,0,0,0,0,0,2,0,0,0,8,0,0,0,85,5,13,6,0,3,0
0,0,0,0,0,0,0,0,0,0,0,0,0,0,0,0,16,0,0,0,38,0,1,0,8,0,0,0,6,0,0,0,18,0,0,0,66,0,33,0,0,0,0,0,105,0,0,0,0,0,32,0,5,0,0,0,0,0,0,0,0,0,26,0,0,0,0,0,0,0,335,0,134,0,0,0,23,0,261,0,77,0,0,0,17,0,118,0,0,0,2,0,0,0,0,0,0,0,29,0,0,0,0,0,0,0,0,0,0,0,0,0,0,0,0,0,0,0,0,0,82,0,26,0,115,26,0,13,0,0,103,0,15,14,35,0,58,0,19,2,108,0,123,1,197,0,58,23,100,14,0,4,76,9,0,0,0,0,2,0,18,0,27,8,0,0,15,0,120,0,18,0,29,0,18,0,0,0,0,0,56,8,0,0,44,0,0,0,0,0,0,0,0,0,0,0,2,0,0,0,0,0,0,0,0,0,0,0,72,0,7,0,20,0,0,0,0,0,0,0,17,0,0,0,0
0,0,0,0,0,0,0,0,0,0,0,0,0,0,0,0,0,3,0,0,0,12,0,0,0,0,0,0,0,0,0,0,0,0,0,0,0,0,0,0,0,0,0,0,0,0,0,0,0,0,0,31,0,0,0,0,0,0,0,0,0,0,0,0,0,44,0,0,0,0,0,426,0,163,0,0,0,7,0,70,0,28,0,0,0,34,0,110,0,0,0,0,0,0,0,0,0,0,5,0,0,0,0,0,0,0,0,0,0,0,0,0,0,0,0,0,0,0,0,0,0,275,0,33,0,179,0,0,14,0,58,153,13,0,0,122,0,44,25,5,0,72,0,81,0,266,0,0,0,157,0,93,0,37,0,0,0,0,0,0,25,0,0,75,0,0,0,0,0,5,0,32,0,0,0,25,0,0,0,0,31,198,0,0,0,16,0,0,0,0,0,0,0,0,0,0,0,0,0,0,0,0,0,0,0,0,0,30,0,158,0,0,0,0,0,0,0,0,27,6,13,0,0,1,0
3,0,5,0,0,0,7,0,0,0,0,0,0,0,0,0,0,0,0,0,0,0,0,0,0,0,0,0,0,0,0,0,0,0,0,0,0,0,0,0,0,0,0,0,8,0,0,0,6,0,0,0,0,0,0,0,4,0,0,0,0,0,0,0,0,0,0,0,201,0,12,0,20,0,23,0,0,0,74,0,14,0,115,0,0,0,59,0,7,0,0,0,49,0,38,0,0,0,0,0,0,0,124,0,35,0,11,0,59,0,0,0,0,0,7,0,33,0,0,0,8,0,0,0,0,2,0,0,0,0,0,0,0,0,0,0,0,0,0,0,4,0,0,0,0,0,0,0,0,0,0,0,0,4,2,0,2,0,0,0,0,0,1,0,11,0,0,0,52,0,3,0,0,0,0,0,0,0,0,0,0,0,0,0,0,0,0,0,44,0,0,0,36,0,11,0,0,0,0,0,0,0,0,0,0,0,0,0,0,0,87,0,65,0,18,7,5,0,0,0,0,0,0,0,0
0,0,0,0,0,0,0,0,0,0,0,0,0,0,0,0,0,0,0,0,0,0,0,0,0,0,0,0,0,0,0,0,0,0,0,0,0,0,0,0,0,0,0,0,0,16,0,0,0,5,0,0,0,0,0,1,0,2,0,0,0,0,0,0,0,0,0,0,0,58,0,10,0,64,0,7,0,0,0,14,0,50,0,78,0,22,0,72,0,8,0,0,0,72,0,130,0,0,5,16,0,7,0,173,0,0,0,0,0,21,0,0,0,0,0,0,0,12,0,0,0,1,0,0,0,0,0,26,3,0,0,0,0,0,0,44,0,0,0,0,0,6,0,0,0,0,0,0,0,0,0,0,0,0,0,0,0,0,0,1,1,0,0,9,0,26,0,0,0,160,0,0,0,0,0,0,0,0,0,0,0,0,0,0,0,0,0,0,0,74,0,0,0,0,0,0,0,0,0,0,0,30,0,0,0,0,0,0,0,0,0,0,0,0,22,0,0,0,75,18,100,0,4,33,4
0,0,0,0,0,0,0,0,0,0,0,0,0,0,0,0,0,0,0,0,0,0,0,0,0,0,0,0,0,0,3,0,0,0,0,0,0,0,0,0,0,0,0,0,0,0,0,0,3,0,0,0,0,0,0,0,0,0,0,0,0,0,0,0,0,0,0,0,24,0,321,0,174,0,261,0,74,0,0,0,28,0,134,0,0,0,137,0,0,0,0,0,46,0,25,0,0,0,4,0,5,0,50,0,0,0,0,0,12,0,0,0,0,0,0,0,2,0,0,0,70,0,8,0,0,0,0,0,0,0,36,4,0,0,72,0,44,9,0,0,59,0,75,0,61,0,0,0,0,0,0,0,0,0,0,0,1,0,0,1,0,0,13,0,0,0,0,0,26,0,9,0,6,0,0,0,0,0,0,0,0,0,0,0,0,0,0,0,48,0,17,0,66,0,0,0,0,0,0,0,0,0,0,0,77,0,0,0,0,3,264,8,51,0,32,0,4,0,0,0,0,3,0,0,0
