0,446,52,162,91,12,15,79,52,16,229,13,186,0,16,38,31,116,13,0,21,0,38,107,4,55,30,0,36,2,17,0,82,1,0,0,87,17,260,14,32,0,0,0,8,0,0,1,0,0,3,0,0,0,4,0,0,0,0,0,15,6,7,0,17,0,5,0,0,0,0,0,0,0,0,0,0,0,0,0,0,0,0,0,0,0,0,0,0,0,1,0,0,0,0,0,0,0,0,0,2,0,0,0,0,0,0,0,0,0,0,0,0,0,0,0,0,0,0,0,0,0,0,0,3,0,5,0,0,0,4,0,0,0,0,0,1,0,0,0,0,0,0,0,0,0,9,0,22,0,51,0,63,0,3,0,0,1,0,0,0,0,0,0,0,0,56,0,23,0,6,0,133,6,21,0,151,107,23,1,103,0,11,7,97,0,0,0,0,0,0,0,0,0,0,0,0,0,0,0,0,0,0,0,0,0,0,0,7,0,0,0,0,0,25,2,4,0,2,2,262,24,18,1,16,0,167,8,181,17,169,0,181,34,31,0,26,0,178,0,106,0,83,0,336,9,0,0,0
446,0,235,42,49,337,144,34,71,57,30,305,0,139,9,54,72,59,0,139,7,23,342,30,202,4,0,197,0,60,0,17,0,106,0,0,9,269,14,287,0,149,0,0,0,18,0,112,0,5,0,0,0,17,2,20,0,1,0,16,0,76,2,25,1,52,0,21,0,0,0,8,0,2,0,0,0,0,0,0,0,0,0,0,0,0,0,0,0,0,0,0,0,0,0,0,0,0,0,0,0,0,0,0,0,5,0,0,0,0,0,0,0,0,0,0,0,0,0,0,0,0,0,0,0,9,0,10,0,0,0,3,0,2,0,0,0,17,0,0,0,0,0,0,0,0,0,7,0,56,0,185,0,76,0,0,1,11,0,0,0,0,0,5,0,11,0,19,0,16,0,18,0,113,0,0,34,282,0,21,0,105,0,48,0,166,1,0,0,0,0,0,0,0,0,0,0,6,0,0,0,15,0,1,0,0,0,12,0,18,0,5,0,0,0,97,0,13,0,0,10,411,0,24,0,39,0,186,0,253,0,120,0,482,2,38,1,17,0,93,0,25,0,42,6,368,0,0,0
52,235,0,71,313,0,49,15,4,0,76,28,131,0,217,75,107,55,135,0,77,12,409,57,21,20,62,0,96,0,41,3,181,3,0,0,75,12,261,6,28,0,0,0,21,0,24,0,0,0,14,0,6,0,26,0,14,0,0,0,0,0,5,0,17,0,1,0,0,0,1,0,0,0,0,0,0,0,0,0,0,0,0,0,11,0,0,0,0,0,0,0,0,0,0,0,41,0,0,0,0,0,0,0,9,0,0,0,0,0,0,0,0,0,0,0,0,0,0,0,0,0,0,0,5,0,14,0,18,0,7,0,1,0,135,1,39,0,14,0,6,0,88,0,0,0,22,0,53,0,104,0,15,0,0,0,0,0,0,0,6,0,0,0,0,0,119,0,40,0,0,0,181,0,0,0,22,42,0,2,20,0,0,4,22,0,0,0,0,0,0,0,0,0,0,0,0,0,41,0,27,0,0,0,0,0,9,0,92,1,2,0,0,0,18,1,0,0,0,0,266,0,15,0,17,0,70,3,193,8,130,0,184,10,21,0,22,0,105,0,49,0,53,0,267,0,0,0,0
162,42,71,0,39,134,11,97,0,1,51,10,3,0,11,540,10,140,0,298,0,41,101,448,11,130,0,72,0,95,0,36,0,104,0,0,2,135,6,281,0,5,0,0,0,7,0,0,0,2,0,11,0,0,0,64,0,9,0,0,0,5,0,0,1,0,0,0,0,0,0,4,0,0,0,0,0,0,0,0,0,0,0,0,0,34,0,0,0,0,0,0,0,0,0,0,0,43,0,36,0,0,0,0,0,0,0,0,0,0,0,0,0,0,0,0,0,0,0,0,0,0,0,0,0,2,0,0,0,2,0,10,0,9,0,95,0,55,0,4,0,11,0,30,0,4,0,0,0,0,0,0,0,0,0,0,0,0,0,0,0,1,0,0,0,0,0,53,0,21,0,16,2,79,2,0,7,33,2,0,0,0,1,0,1,0,0,0,0,0,0,0,0,0,0,0,0,0,0,0,0,27,0,0,0,0,0,4,0,0,0,0,0,0,0,29,0,0,0,0,5,294,0,9,0,9,1,56,0,155,0,44,0,130,0,8,0,7,0,14,0,5,0,9,0,85,0,0,0
91,49,313,39,0,244,33,0,21,0,75,194,191,110,154,400,5,6,152,100,201,61,100,50,4,0,161,28,0,3,81,16,123,26,72,3,183,25,0,0,75,0,24,0,36,0,55,3,9,0,77,0,0,0,0,0,0,0,0,0,1,0,0,0,14,0,0,0,0,0,0,0,0,0,0,0,0,0,0,0,0,0,0,0,12,0,0,0,0,0,0,0,0,0,0,0,0,0,0,0,0,0,0,0,0,0,0,0,0,0,0,0,0,0,0,0,0,0,1,0,0,0,0,0,3,0,5,0,0,0,6,0,0,0,37,0,3,0,0,0,0,0,0,0,0,0,15,0,62,0,82,0,41,0,0,0,4,0,0,0,1,0,0,0,56,0,201,0,92,0,5,0,85,1,8,0,117,114,7,0,61,0,0,0,50,0,2,0,0,0,0,0,0,0,0,0,8,0,0,0,0,0,0,0,0,0,0,0,24,0,0,0,0,0,18,4,0,0,16,2,234,32,14,0,130,13,67,8,232,22,116,0,94,0,18,3,27,0,36,0,17,0,17,0,173,6,0,0,0
12,337,0,134,244,0,2,57,0,18,142,132,137,41,197,81,0,2,77,161,76,161,35,45,0,3,0,146,0,6,0,118,6,103,0,68,17,136,0,7,11,36,0,26,0,24,0,52,0,1,15,52,0,0,0,9,0,0,0,4,0,19,0,7,0,19,0,3,0,0,0,3,0,0,0,0,0,0,0,0,0,0,0,0,0,0,0,0,0,0,0,18,0,0,0,0,0,0,0,12,0,0,0,0,0,34,0,0,0,0,0,0,0,0,0,0,0,0,0,0,0,0,0,0,0,0,0,0,0,0,0,0,0,0,0,59,0,47,0,0,0,0,0,5,0,0,0,0,0,35,0,69,0,28,0,0,0,0,0,0,0,0,0,3,0,30,0,120,0,49,0,0,0,62,0,8,19,186,0,1,0,30,0,12,0,37,0,3,0,0,0,0,0,0,0,0,0,4,0,0,0,38,0,0,0,0,0,0,0,18,0,0,0,0,1,12,0,0,0,0,12,222,0,0,24,111,11,68,12,199,0,60,0,123,0,11,0,7,0,14,0,5,0,5,0,93,0,0,0
15,144,49,11,33,2,0,93,21,165,10,0,27,0,11,0,6,54,0,0,0,2,23,7,138,60,10,0,109,0,0,0,7,0,0,0,3,0,223,1,12,0,0,0,4,0,0,0,0,0,0,0,32,6,50,7,15,0,3,0,124,7,141,26,37,0,32,9,0,0,0,0,0,0,0,0,0,0,0,0,0,0,0,0,0,0,1,0,0,0,0,1,0,0,0,0,0,0,0,0,0,0,0,0,5,0,1,0,0,0,0,0,0,0,0,0,0,0,0,0,0,0,0,0,12,0,20,0,13,0,26,0,9,0,24,0,12,0,1,0,0,1,9,0,1,0,23,0,12,0,24,0,0,0,11,0,0,0,0,0,17,0,0,0,4,0,0,0,13,1,87,1,151,1,0,0,14,18,0,0,0,0,0,9,0,0,0,0,0,0,0,0,0,0,0,0,0,0,4,0,4,0,0,0,0,0,0,0,27,0,0,0,0,0,159,0,2,0,4,0,191,0,38,0,44,0,143,5,136,8,59,0,240,0,26,0,5,0,273,0,86,0,68,0,497,0,0,0,0
79,34,15,97,0,57,93,0,144,5,0,11,0,15,0,38,25,17,1,71,0,22,18,28,136,236,0,38,0,87,0,9,0,29,0,0,0,140,0,181,0,0,0,5,0,4,0,0,0,0,0,0,9,25,12,135,0,8,0,9,0,178,13,171,0,7,0,9,0,0,0,0,0,0,0,0,0,0,0,0,1,0,0,0,0,11,0,0,0,0,0,17,0,0,0,0,0,35,1,0,0,0,0,0,0,0,0,13,0,0,0,0,0,0,0,0,0,0,0,0,1,0,0,0,0,10,0,36,0,0,0,28,0,21,0,69,0,90,0,16,0,7,0,14,0,0,0,0,0,30,0,19,0,8,1,4,0,0,0,1,1,24,0,0,0,0,0,2,0,0,1,22,3,90,0,0,0,24,0,0,0,0,3,9,0,4,0,0,0,0,0,0,0,0,0,0,0,0,0,0,0,41,0,0,0,0,0,0,0,68,0,0,0,0,0,87,0,0,0,6,2,264,0,40,0,46,6,67,0,209,0,26,0,352,0,32,0,0,1,85,1,10,0,13,2,244,0,0,0
52,71,4,0,21,0,21,144,0,799,26,0,26,0,3,0,3,32,0,0,0,0,4,0,62,176,15,2,6,0,0,0,0,0,0,0,0,0,44,0,6,0,3,0,0,0,5,0,0,0,0,0,12,18,64,139,2,4,120,18,145,7,177,94,119,0,69,79,0,0,0,0,0,0,0,0,0,0,0,0,4,0,0,0,0,0,0,0,0,0,0,0,0,0,0,0,6,0,0,0,4,0,0,0,0,0,0,0,0,0,0,0,0,0,0,0,0,0,0,0,1,0,0,0,23,0,28,0,0,0,36,0,2,0,5,0,0,0,1,0,0,0,0,0,0,0,34,0,85,0,63,0,22,0,0,5,0,0,1,0,9,0,0,0,4,0,0,0,14,0,78,0,68,0,15,0,270,65,10,0,32,0,13,17,84,8,1,0,0,0,0,0,0,0,0,0,0,0,0,0,4,0,0,0,0,0,0,0,6,0,0,0,0,0,77,0,5,0,5,0,118,3,19,0,44,0,186,6,145,0,9,0,102,0,12,0,1,0,178,0,50,0,61,0,349,0,0,0,0
16,57,0,1,0,18,165,5,799,0,0,30,0,3,0,4,16,0,2,16,0,0,5,0,229,20,0,19,0,0,0,0,0,3,0,0,0,11,0,11,0,0,0,0,0,0,0,7,0,0,0,0,72,10,164,42,10,0,39,52,0,186,102,141,0,223,37,75,0,0,0,0,0,3,0,0,0,0,0,0,1,0,0,0,0,0,0,0,0,0,0,0,0,0,0,0,0,0,0,0,0,0,0,0,0,24,0,10,0,0,0,0,0,0,0,0,0,0,0,0,0,0,0,0,0,22,1,56,0,0,0,24,0,11,0,45,0,55,0,2,0,0,2,0,0,0,0,23,0,128,0,143,0,53,0,0,0,3,0,0,1,20,0,1,0,3,0,0,0,14,0,31,0,40,9,0,70,230,0,0,0,0,3,57,0,41,0,0,0,0,0,0,0,0,0,0,0,4,0,16,0,39,0,0,0,0,0,11,0,105,0,0,0,0,0,78,0,0,0,0,0,109,0,36,0,22,4,52,0,168,0,9,1,183,0,21,0,0,0,96,0,11,0,16,0,167,0,0,0
229,30,76,51,75,142,10,0,26,0,0,67,185,2,31,238,3,0,21,25,82,29,26,43,0,0,39,4,0,4,81,2,115,0,16,3,97,9,2,3,67,0,11,0,23,0,21,0,21,0,11,0,0,0,1,0,0,0,0,0,0,0,0,0,7,0,3,0,0,0,0,0,0,0,0,0,0,0,0,0,0,0,0,0,0,0,0,0,0,0,0,0,0,0,0,0,0,0,0,0,0,0,0,0,0,0,0,0,0,0,0,0,0,0,0,0,0,0,0,0,0,0,0,0,0,0,2,0,0,0,0,0,0,0,0,0,0,0,0,0,0,0,0,0,0,0,0,0,7,0,18,0,21,0,1,0,0,0,0,0,3,0,0,0,14,0,67,0,0,0,0,0,20,0,19,0,133,63,58,0,60,0,15,0,30,0,31,0,0,0,0,0,0,0,0,0,0,0,0,0,0,0,0,0,0,0,1,0,0,0,0,0,0,0,16,1,6,0,5,0,126,13,5,0,28,0,49,4,111,0,55,0,104,15,13,0,13,0,34,0,0,0,13,2,124,11,0,0,0
13,305,28,10,194,132,0,11,0,30,67,0,46,197,172,23,0,2,31,52,26,40,45,20,0,2,0,167,0,20,0,43,2,125,0,12,5,102,0,24,0,267,0,0,0,18,0,129,0,4,0,18,0,2,0,2,0,0,0,0,0,4,0,0,0,0,0,1,0,0,0,0,0,0,0,0,0,0,0,0,0,4,0,0,0,0,0,6,0,0,0,0,0,0,0,0,0,0,0,0,0,0,0,0,0,0,0,0,0,0,0,0,0,9,0,0,0,0,0,6,0,0,0,0,0,0,0,0,0,0,0,1,0,0,0,0,0,8,0,0,0,0,0,1,0,0,0,0,0,0,0,0,1,72,0,0,0,0,0,0,0,0,0,0,0,4,0,36,0,14,0,0,0,27,0,39,10,187,3,19,0,108,0,18,0,54,3,12,0,0,0,0,0,0,0,0,0,0,0,0,0,0,0,0,0,0,0,0,0,4,0,0,0,0,0,0,0,0,0,12,3,159,0,20,0,41,0,58,0,130,3,55,0,103,0,12,0,8,0,13,0,4,0,13,0,101,0,0,0
186,0,131,3,191,137,27,0,26,0,185,46,0,495,20,51,8,0,45,291,76,40,30,0,6,0,83,283,0,0,17,7,22,5,53,18,68,12,0,3,232,57,92,19,40,16,62,26,17,0,168,22,2,0,4,0,0,0,0,0,0,0,0,0,8,0,0,0,1,0,2,0,0,0,0,0,4,0,0,0,0,0,0,0,0,0,0,0,0,0,0,0,0,0,0,0,0,0,0,0,4,0,0,0,0,0,0,0,1,0,0,0,0,0,0,0,0,0,3,0,0,0,0,0,0,0,13,0,0,0,0,0,0,0,0,0,0,0,0,0,0,0,0,0,0,0,0,0,19,0,66,0,41,0,0,0,0,0,0,0,0,0,0,0,78,0,0,0,52,5,0,0,0,1,42,0,149,75,80,0,134,0,37,0,50,0,10,3,0,0,0,0,0,0,0,0,4,0,0,0,0,0,0,0,0,0,0,0,16,0,0,0,0,0,0,0,0,0,63,0,14,0,12,0,241,13,42,0,30,0,21,0,0,10,0,0,9,0,0,0,0,0,0,0,49,0,0,0,0
0,139,0,0,110,41,0,15,0,3,2,197,495,0,50,0,0,0,175,35,57,63,0,0,0,0,297,54,0,0,0,24,0,0,17,86,10,115,0,0,194,276,35,161,18,46,45,113,0,23,30,185,0,0,0,0,0,0,0,0,0,0,0,0,0,6,0,0,0,0,0,0,0,0,0,0,0,0,0,0,1,0,0,0,0,0,0,0,0,0,0,0,0,0,0,0,0,0,0,0,0,1,0,0,0,0,0,0,0,0,0,0,0,1,0,0,0,0,0,0,0,0,0,0,0,0,0,0,0,0,0,2,0,0,0,9,0,0,0,1,0,0,0,0,0,0,0,0,0,0,0,30,0,13,0,0,0,0,0,0,1,0,0,0,8,23,0,12,0,38,0,0,0,0,0,0,0,368,0,20,0,47,0,8,0,11,25,37,0,0,0,0,0,0,0,14,0,3,0,0,0,17,0,0,0,0,0,0,0,11,0,0,0,0,0,0,0,0,21,99,0,10,0,27,49,174,0,20,0,48,0,11,0,0,0,3,0,0,0,0,0,0,0,0,0,19,0,0,0
16,9,217,11,154,197,11,0,3,0,31,172,20,50,0,333,21,0,203,45,447,58,326,24,15,0,102,7,0,0,140,10,44,17,107,4,119,20,0,0,2,0,19,0,11,2,4,0,0,0,54,3,2,0,0,0,0,0,2,0,0,0,6,0,8,0,0,0,0,0,0,0,0,0,0,0,0,0,0,0,0,0,0,0,0,0,0,0,0,0,24,0,0,0,0,0,57,0,0,0,0,0,0,0,0,0,18,0,0,0,0,0,0,0,0,0,0,0,0,0,0,0,0,0,0,0,0,0,0,0,0,0,0,0,60,0,10,0,0,0,0,0,51,0,0,0,14,0,35,0,46,0,20,0,0,0,0,0,0,0,0,0,0,0,0,0,66,0,15,0,0,0,0,4,0,0,15,46,19,5,24,2,0,0,18,0,3,0,0,0,0,0,0,0,0,0,3,0,0,0,0,0,0,0,0,0,0,0,46,0,0,0,0,0,3,1,0,0,0,0,30,18,0,0,31,0,45,0,48,18,31,0,16,0,4,0,6,0,7,0,7,0,10,0,45,0,0,0,0
38,54,75,540,400,81,0,38,0,4,238,23,51,0,333,0,1,11,25,355,66,351,104,76,0,68,0,100,0,7,24,97,11,49,8,18,11,91,0,6,0,0,0,13,0,16,0,0,0,0,3,28,0,3,0,43,0,0,0,0,0,0,0,5,0,15,0,0,0,3,0,0,0,0,0,0,0,0,0,0,0,45,0,0,0,132,0,33,0,0,0,0,0,0,0,0,0,89,0,109,0,91,0,0,0,0,0,27,0,0,0,0,0,1,0,0,0,0,0,0,0,0,0,0,0,0,1,0,0,2,0,0,0,0,0,155,0,68,0,14,0,26,0,71,0,0,0,0,0,13,0,22,0,0,0,0,0,0,0,0,0,0,0,0,0,6,0,28,0,8,0,2,3,10,0,0,14,63,8,10,0,0,0,2,0,0,0,4,0,0,0,0,0,0,0,0,0,5,0,4,0,53,0,0,0,0,0,8,0,0,0,0,0,0,0,0,2,0,0,2,9,38,0,0,8,11,4,94,6,55,0,25,0,37,0,0,0,3,0,1,0,2,2,0,14,42,0,0,0
31,72,107,10,5,0,6,25,3,16,3,0,8,0,21,1,0,24,135,0,334,0,82,7,150,21,146,0,246,0,150,1,161,0,16,0,13,0,241,0,0,0,11,0,41,0,0,0,4,0,15,0,122,0,11,2,11,0,0,0,25,0,479,1,0,0,0,0,0,0,22,0,0,0,30,0,12,0,0,0,317,0,0,0,169,0,101,0,26,0,171,0,0,0,69,0,304,0,351,0,64,0,12,0,0,0,59,0,0,0,0,0,0,0,0,0,0,0,0,0,111,0,61,0,0,0,0,0,24,0,0,0,8,0,10,0,80,0,140,0,109,0,218,0,10,0,0,0,0,0,0,0,1,0,25,0,0,0,0,0,0,0,0,0,0,0,19,0,10,1,0,0,45,1,0,0,0,5,4,0,0,0,26,0,0,0,0,0,0,0,0,0,0,0,0,0,0,0,0,0,19,0,0,0,0,0,0,0,0,0,0,0,0,0,21,0,0,0,0,0,64,0,0,0,20,0,105,0,29,2,0,0,52,5,9,0,0,0,17,0,10,0,7,0,44,5,0,0,0
116,59,55,140,6,2,54,17,32,0,0,2,0,0,0,11,24,0,0,16,0,137,57,77,59,44,0,8,0,232,0,54,0,62,0,2,0,23,4,142,0,0,0,0,0,4,0,0,0,0,0,5,0,29,0,21,0,18,0,0,0,14,1,313,0,0,0,0,0,0,0,0,0,0,0,9,0,0,0,7,0,85,0,0,0,134,0,42,0,0,0,15,0,0,0,14,0,10,0,82,0,38,0,0,0,0,0,0,0,0,0,0,0,0,0,0,0,0,0,0,0,30,0,12,0,0,0,0,0,11,0,2,0,0,0,58,0,88,0,43,0,99,0,220,0,10,0,0,0,0,0,0,0,0,0,25,0,0,0,19,0,0,0,0,0,0,0,0,0,0,0,0,0,5,0,0,0,11,0,5,0,0,2,23,0,2,0,0,0,0,0,0,0,0,0,0,0,0,0,0,0,0,0,0,0,0,0,0,0,6,0,0,0,0,0,0,0,0,0,2,0,14,0,0,0,2,0,113,4,18,0,1,0,10,0,0,0,0,0,4,1,1,0,0,3,5,0,0,0
13,0,135,0,152,77,0,1,0,2,21,31,45,175,203,25,135,0,0,122,213,26,401,0,43,0,129,66,11,0,8,8,0,0,64,1,44,11,0,0,3,12,64,0,22,2,11,0,1,0,197,4,9,0,0,0,0,0,0,0,0,0,32,0,11,0,0,0,0,0,12,0,0,0,0,0,0,0,0,0,0,1,0,0,0,0,0,1,0,0,66,0,11,0,0,0,135,0,64,0,0,0,0,0,0,0,56,0,0,0,0,0,0,0,0,0,0,0,0,0,0,0,0,0,0,0,4,0,0,0,1,0,0,0,70,0,0,0,0,0,0,0,75,0,0,0,0,0,36,0,51,0,0,0,3,0,5,0,0,0,0,0,0,0,51,0,7,0,28,0,0,0,4,0,0,0,0,9,7,0,25,2,0,0,25,0,0,0,0,0,0,0,0,0,0,0,0,0,29,0,33,0,0,0,0,0,0,0,37,0,0,0,0,0,0,0,0,0,18,6,15,5,7,0,147,12,30,0,16,0,15,0,8,0,0,0,3,0,5,0,0,0,3,0,20,0,0,0,0
0,139,0,298,100,161,0,71,0,16,25,52,291,35,45,355,0,16,122,0,38,282,0,100,0,53,104,198,0,5,0,164,0,8,17,153,9,136,0,0,83,2,28,110,11,60,10,50,0,2,34,199,0,0,0,0,0,0,0,0,0,28,0,30,0,25,0,3,0,0,0,6,0,0,0,0,0,0,0,0,0,74,0,0,0,105,0,46,0,0,0,71,0,0,3,26,0,0,0,125,0,77,0,15,0,52,0,22,0,0,0,0,0,0,0,0,0,0,0,0,0,0,0,0,0,0,0,0,0,1,0,0,0,0,0,125,0,81,0,0,0,11,0,47,0,0,0,0,0,48,0,123,0,45,0,4,0,0,0,0,0,0,0,0,7,24,1,27,0,35,0,5,0,10,0,0,0,28,4,0,0,82,0,18,1,0,5,3,0,0,0,0,0,0,0,8,0,0,0,0,0,96,0,0,0,0,0,0,0,32,0,0,0,0,0,0,0,0,3,77,0,39,0,14,28,118,0,25,6,83,0,16,0,50,0,5,0,0,0,0,0,0,0,0,6,40,0,0,0
21,7,77,0,201,76,0,0,0,0,82,26,76,57,447,66,334,0,213,38,0,10,177,6,23,0,93,19,64,0,57,0,15,0,55,0,28,2,0,0,0,0,41,0,19,0,0,0,0,0,69,0,13,0,0,0,0,0,0,0,1,0,75,0,0,0,0,0,0,0,75,0,0,0,51,0,0,0,0,0,155,0,0,0,24,0,89,0,0,0,75,0,0,0,0,0,93,0,286,0,67,0,0,0,0,0,0,0,0,0,0,0,0,0,0,0,0,0,0,0,105,0,0,0,0,0,0,0,0,0,0,0,0,0,0,0,0,0,0,0,40,0,41,0,43,0,0,0,0,0,0,0,0,0,3,0,0,0,0,0,0,0,0,0,27,0,28,0,20,0,2,1,17,0,0,0,15,0,81,1,0,0,6,0,0,0,0,1,0,0,0,0,0,0,0,0,0,0,0,0,0,0,0,0,0,0,0,0,0,0,0,0,0,0,10,0,0,0,6,1,42,3,6,0,66,0,57,0,33,0,32,0,41,0,0,0,0,0,14,0,9,0,8,0,42,0,0,0,0
0,23,12,41,61,161,2,22,0,0,29,40,40,63,58,351,0,137,26,282,10,0,14,243,0,75,7,177,0,55,3,45,2,13,3,23,0,26,0,3,0,0,0,56,0,138,1,13,0,0,1,65,0,27,0,15,0,0,0,0,0,4,0,94,0,0,0,0,0,0,0,35,0,3,0,25,0,0,0,13,0,194,0,12,0,129,0,134,0,0,0,0,0,0,0,0,0,49,0,192,0,113,0,0,0,0,0,0,0,0,0,0,0,0,0,0,0,0,0,0,0,70,0,43,0,0,0,0,0,0,0,0,0,0,0,62,0,70,0,47,0,167,0,258,0,101,0,0,0,0,0,0,0,0,0,6,0,0,0,0,0,0,0,0,0,3,2,12,0,18,0,3,0,6,0,0,5,11,0,20,0,0,0,0,0,0,0,3,0,0,0,0,0,0,0,0,0,0,0,0,0,0,0,0,0,0,0,0,0,0,0,0,0,0,0,3,0,0,1,44,0,34,0,0,3,57,2,84,0,40,0,32,0,29,0,3,0,0,0,6,0,5,0,0,0,50,0,0,0
38,342,409,101,100,35,23,18,4,5,26,45,30,0,326,104,82,57,401,0,177,14,0,134,66,17,130,0,31,12,51,0,62,9,7,0,38,19,97,17,1,0,10,0,54,0,4,0,2,0,9,0,21,0,26,0,20,0,0,0,0,1,45,0,3,0,0,0,0,0,2,0,0,0,0,0,0,0,0,0,0,1,0,0,31,0,8,0,0,0,68,0,0,0,0,0,154,0,47,0,0,0,0,0,19,0,36,0,0,0,1,0,0,0,0,0,0,0,0,0,0,0,0,0,0,0,0,0,37,0,1,0,4,0,121,0,43,0,28,0,20,0,145,0,3,0,3,0,9,0,50,0,5,0,8,0,0,0,0,0,3,0,0,0,5,0,31,0,0,0,1,0,51,1,0,0,5,41,8,8,6,0,3,2,3,0,0,0,0,0,0,0,0,0,0,0,4,0,44,0,22,0,0,0,0,0,0,0,62,0,0,0,0,0,12,0,1,0,0,0,54,20,7,0,0,1,79,4,43,7,34,8,36,16,0,0,4,0,46,0,28,0,12,2,91,13,0,0,0
107,30,57,448,50,45,7,28,0,0,43,20,0,0,24,76,7,77,0,100,6,243,134,0,13,111,1,26,0,49,0,98,2,48,0,8,2,25,1,8,0,0,0,7,0,4,0,0,0,0,0,8,0,10,1,19,0,6,0,0,0,2,0,39,0,0,0,0,0,0,0,0,0,0,0,8,0,0,0,0,0,66,0,5,0,80,0,35,0,13,0,0,0,0,0,0,0,31,0,90,0,39,0,0,0,0,0,0,0,0,0,0,0,0,0,0,0,0,0,0,0,23,0,0,0,0,0,0,0,3,0,0,0,0,0,60,0,0,0,9,0,43,0,73,0,0,0,0,1,3,0,0,0,0,0,0,0,0,0,0,0,0,0,0,0,0,0,5,0,0,0,0,0,2,0,0,4,10,1,0,0,0,0,2,0,0,0,0,0,0,0,0,0,0,0,0,0,0,0,0,0,0,0,0,0,0,0,0,0,0,0,0,0,0,0,0,0,0,0,0,0,10,0,0,0,0,0,132,5,20,0,2,0,9,0,0,0,0,0,0,0,1,0,0,0,10,0,0,0
4,202,21,11,4,0,138,136,62,229,0,0,6,0,15,0,150,59,43,0,23,0,66,13,0,107,0,0,78,1,8,0,0,0,0,0,0,0,102,0,0,0,0,0,5,0,0,0,6,0,4,0,64,0,82,7,32,0,0,1,55,10,165,14,0,0,0,0,0,0,0,0,0,0,0,0,0,0,0,0,0,0,0,0,30,0,0,0,0,0,37,0,0,0,0,0,106,0,0,0,0,0,0,0,7,0,25,0,0,0,0,0,0,0,0,0,0,0,0,0,3,0,0,0,0,0,7,0,70,0,4,0,0,0,140,0,101,0,46,0,27,0,176,0,0,0,2,0,2,1,11,0,2,0,31,0,2,0,12,1,10,0,1,0,0,0,0,0,0,0,20,0,56,1,0,0,0,13,0,0,5,0,5,18,0,0,0,0,0,0,0,0,0,0,0,0,1,0,31,0,27,0,0,0,0,0,0,0,40,0,5,0,0,0,45,2,0,0,2,0,104,2,17,1,17,1,152,1,92,0,9,1,128,9,7,0,2,0,75,2,35,0,12,0,183,0,0,0,0
55,4,20,130,0,3,60,236,176,20,0,2,0,0,0,68,21,44,0,53,0,75,17,111,107,0,0,20,0,80,0,19,0,10,0,0,0,31,2,49,0,0,0,0,1,3,0,0,0,0,0,0,3,24,18,120,0,29,0,3,1,84,20,271,0,0,3,0,0,0,0,0,0,0,0,0,0,0,0,0,0,29,0,0,0,102,0,0,0,7,0,0,0,0,0,0,0,0,1,58,0,40,0,0,0,0,0,6,0,0,0,0,0,0,0,0,0,0,0,0,0,0,0,0,0,0,0,0,0,5,0,0,0,17,0,120,0,99,0,65,0,73,0,107,0,2,0,0,0,0,0,0,0,0,0,40,0,4,0,15,0,1,0,6,0,3,0,2,0,8,0,6,5,30,0,0,2,8,0,0,0,0,6,8,0,1,0,0,0,0,0,0,0,0,0,0,0,0,0,1,0,17,0,0,0,0,0,0,0,0,0,1,0,0,0,30,0,0,0,4,0,123,0,13,0,15,0,119,0,131,2,5,0,131,0,7,0,0,2,44,0,11,0,6,1,75,0,0,0
30,0,62,0,161,0,10,0,15,0,39,0,83,297,102,0,146,0,129,104,93,7,130,1,0,0,0,242,68,0,20,0,3,0,55,1,60,0,0,0,10,125,225,0,285,14,5,39,2,0,144,0,0,0,0,0,0,0,4,0,0,0,32,0,8,0,2,0,0,0,57,0,5,0,0,0,0,0,0,0,0,0,0,0,0,0,0,0,0,0,0,0,0,0,0,0,93,0,0,0,0,0,0,0,0,0,39,0,0,0,0,0,0,0,0,0,0,0,1,0,77,0,0,0,0,0,0,0,0,0,0,0,0,0,37,0,0,0,0,0,0,0,0,0,0,1,0,0,21,0,0,0,19,0,0,0,4,0,0,0,0,0,0,0,100,0,0,0,48,0,0,0,0,0,0,0,7,13,9,0,0,0,0,0,0,0,7,4,0,0,0,0,0,0,0,0,0,0,0,0,0,0,0,0,0,0,0,0,0,0,0,0,0,0,0,0,0,0,208,6,17,0,36,0,242,0,14,0,21,0,0,0,0,0,2,0,3,0,0,0,0,0,0,0,0,0,0,0,0
0,197,0,72,28,146,0,38,2,19,4,167,283,54,7,100,0,8,66,198,19,177,0,26,0,20,242,0,0,0,0,18,0,0,0,47,0,17,0,0,277,17,20,157,18,259,48,52,2,5,16,175,0,0,0,13,0,0,0,0,0,0,0,20,0,28,0,0,0,0,0,7,0,0,0,12,0,0,0,7,0,74,0,0,0,0,0,49,0,16,0,0,0,0,0,0,0,0,0,63,0,0,0,0,1,30,0,0,0,0,0,0,0,0,0,0,0,0,0,0,0,0,0,0,0,0,0,0,0,0,0,8,0,0,0,78,0,0,0,0,0,0,0,31,0,0,0,0,0,35,0,148,0,42,0,0,0,6,0,0,0,0,0,0,0,45,0,1,0,35,0,0,0,7,0,0,0,32,2,0,0,99,1,19,0,49,33,2,0,0,0,2,0,0,0,0,0,0,0,0,0,52,0,0,0,0,0,0,0,30,0,0,0,0,0,0,2,0,14,394,0,0,0,124,0,107,0,20,0,48,0,11,0,17,0,0,0,8,0,7,0,5,0,5,0,32,0,0,0
36,0,96,0,0,0,109,0,6,0,0,0,0,0,0,0,246,0,11,0,64,0,31,0,78,0,68,0,0,0,78,0,4,0,11,0,35,0,11,0,0,0,30,0,27,0,0,0,0,0,56,0,7,0,6,0,2,0,0,0,5,0,59,0,0,0,0,0,0,0,54,0,2,0,55,0,0,0,0,0,93,0,0,0,18,0,52,0,0,0,0,0,0,0,0,0,0,0,80,0,19,0,0,0,0,0,0,0,0,0,0,0,0,0,0,0,0,0,0,0,111,0,39,0,0,0,0,0,0,0,3,0,0,0,2,0,0,0,122,0,131,0,62,0,59,0,0,0,0,0,0,0,0,0,10,0,0,0,4,0,0,0,0,0,8,0,0,0,0,0,0,0,0,0,0,0,2,0,0,0,0,0,7,0,0,0,0,0,0,0,0,0,0,0,0,0,0,0,0,0,4,0,0,0,0,0,0,0,0,0,0,0,0,0,0,0,0,0,0,0,0,0,5,0,0,0,3,0,0,0,0,0,0,0,0,0,0,0,0,0,0,0,0,0,0,0,0,0,0
2,60,0,95,3,6,0,87,0,0,4,20,0,0,0,7,0,232,0,5,0,55,12,49,1,80,0,0,0,0,0,15,0,10,0,4,0,44,0,2,0,0,0,7,0,2,0,0,0,0,0,11,0,0,0,9,0,0,0,0,0,1,0,29,0,0,0,0,0,0,0,6,0,0,0,0,0,0,0,0,0,20,0,0,0,20,0,0,0,0,0,0,0,0,0,10,0,16,0,31,0,19,0,0,0,0,0,0,0,0,0,0,0,0,0,0,0,0,0,0,0,10,0,0,0,0,0,0,0,7,0,0,0,8,0,11,0,72,0,69,0,88,0,94,0,40,0,0,0,0,0,0,0,0,0,4,0,2,0,0,0,1,0,0,0,0,0,0,0,0,0,0,0,0,0,0,0,10,0,3,0,0,0,1,0,0,0,0,0,0,0,0,0,0,0,0,0,0,0,0,0,0,0,0,0,0,0,0,0,0,0,0,0,0,0,0,0,0,0,0,0,3,0,0,0,0,0,19,0,1,0,0,0,0,0,0,0,0,0,1,0,0,1,0,0,0,0,0,0
17,0,41,0,81,0,0,0,0,0,81,0,17,0,140,24,150,0,8,0,57,3,51,0,8,0,20,0,78,0,0,1,4,0,7,0,17,0,21,0,3,0,26,0,3,0,0,0,0,0,21,0,5,0,0,0,1,0,1,0,4,0,10,0,0,0,0,0,0,0,30,0,1,0,21,0,0,0,0,0,45,0,0,0,9,0,36,0,0,0,0,0,0,0,0,0,0,0,75,0,23,0,0,0,0,0,6,0,0,0,0,0,0,0,0,0,0,0,0,0,44,0,11,0,0,0,0,0,0,0,0,0,0,0,0,0,0,0,0,0,0,0,17,0,20,0,0,0,0,0,0,0,2,0,0,0,1,0,0,0,0,0,0,0,4,0,67,0,0,0,1,0,10,0,0,0,10,0,44,0,0,0,6,0,0,0,0,0,0,0,0,0,0,0,0,0,0,0,0,0,0,0,0,0,0,0,0,0,0,0,0,0,0,0,0,0,0,0,0,0,33,0,8,0,0,0,17,0,30,0,10,0,11,0,0,0,4,0,4,0,0,0,0,0,27,0,0,0,0
0,17,3,36,16,118,0,9,0,0,2,43,7,24,10,97,1,54,8,164,0,45,0,98,0,19,0,18,0,15,1,0,0,1,0,5,0,9,0,0,1,0,0,25,0,17,0,0,0,0,0,23,0,6,0,9,0,0,0,0,0,0,0,31,0,0,0,0,0,0,0,19,0,0,0,11,0,0,0,0,0,89,0,0,0,45,0,52,0,0,0,0,0,0,0,0,0,0,0,28,0,33,0,0,0,0,0,0,0,0,0,0,0,0,0,0,0,0,0,0,0,0,0,25,0,0,0,0,0,0,0,0,0,8,0,29,0,55,0,22,0,68,0,146,0,43,0,0,0,0,0,0,0,0,0,4,0,0,0,0,0,0,0,1,0,4,0,11,0,0,0,0,0,6,0,0,0,20,0,10,0,0,0,0,0,0,0,1,0,0,0,0,0,0,0,0,0,0,0,0,0,0,0,0,0,0,0,0,0,5,0,0,0,0,0,0,0,0,0,6,1,21,0,0,0,14,0,26,0,26,0,0,0,23,0,1,0,0,0,3,0,4,0,0,0,25,0,0,0
82,0,181,0,123,6,7,0,0,0,115,2,22,0,44,11,161,0,0,0,15,2,62,2,0,0,3,0,4,0,4,0,0,0,1,0,33,0,0,0,0,0,8,0,8,0,0,0,1,0,5,0,0,0,0,0,0,0,0,0,0,0,6,0,0,0,1,0,0,0,17,0,0,0,15,0,0,0,0,0,35,0,0,0,0,0,24,0,0,0,18,0,0,0,0,0,0,0,54,0,0,0,0,0,1,0,0,0,0,0,0,0,0,0,0,0,0,0,0,0,27,0,0,0,0,0,2,0,0,0,0,0,0,0,0,0,0,0,0,0,0,0,0,0,26,0,0,0,0,0,4,0,0,0,0,0,0,0,0,0,0,0,5,0,5,0,74,0,20,0,3,0,18,0,0,0,12,2,50,0,0,0,34,0,4,0,1,0,0,0,0,0,0,0,0,0,0,0,0,0,2,0,0,0,0,0,0,0,7,0,0,0,0,0,4,0,2,0,0,0,61,0,0,0,7,0,35,0,49,0,9,0,23,0,1,0,0,0,0,0,0,0,0,0,17,0,0,0,0
1,106,3,104,26,103,0,29,0,3,0,125,5,0,17,49,0,62,0,8,0,13,9,48,0,10,0,0,0,10,0,1,0,0,0,3,0,50,0,0,0,0,0,13,0,6,0,0,0,0,0,15,0,0,0,5,0,0,0,0,0,6,0,24,0,9,0,0,0,0,0,5,0,0,0,6,0,0,0,3,0,27,0,0,0,17,0,0,0,0,0,0,0,0,0,0,0,6,0,0,0,14,0,0,0,0,0,0,0,0,0,0,0,0,0,0,0,0,0,0,0,18,0,15,0,0,0,0,0,0,0,0,0,0,0,16,0,28,0,14,0,31,0,86,0,24,0,0,0,0,0,0,0,0,0,1,0,5,0,0,0,0,0,0,0,2,1,8,0,0,0,3,0,3,0,0,0,47,0,33,0,0,0,0,0,0,0,2,0,0,0,0,0,0,0,0,0,0,0,0,0,6,0,0,0,0,0,0,0,0,0,0,0,0,0,0,0,2,0,2,0,40,0,0,0,2,0,34,0,43,0,11,0,7,0,0,0,0,0,0,0,0,0,0,0,14,0,0,0
0,0,0,0,72,0,0,0,0,0,16,0,53,17,107,8,16,0,64,17,55,3,7,0,0,0,55,0,11,0,7,0,1,0,0,1,6,1,0,0,0,0,6,0,7,0,0,0,1,0,18,0,0,0,0,0,0,0,0,0,0,0,6,0,0,0,1,1,0,0,11,0,2,0,5,0,0,0,2,0,10,0,0,0,0,0,0,0,0,0,0,0,0,0,0,0,0,0,32,0,0,0,0,0,0,0,6,0,0,0,0,0,0,0,0,0,0,0,0,0,14,0,8,0,0,0,0,0,0,0,0,0,0,0,0,0,0,0,3,0,0,0,0,0,0,0,0,0,0,0,0,0,0,0,0,0,0,0,0,0,0,0,0,0,16,0,12,0,0,0,0,0,0,0,0,0,11,2,44,0,0,0,1,0,0,0,1,0,0,0,0,0,0,0,0,0,0,0,0,0,0,0,0,0,0,0,0,0,0,0,0,0,0,0,0,0,0,0,5,0,15,0,4,0,35,0,15,0,11,0,10,0,0,0,0,0,6,0,0,0,0,0,0,0,13,0,0,0,0
0,0,0,0,3,68,0,0,0,0,3,12,18,86,4,18,0,2,1,153,0,23,0,8,0,0,1,47,0,4,0,5,0,3,1,0,0,21,0,0,0,3,0,9,0,17,0,0,0,0,0,7,0,0,0,0,0,0,0,0,0,0,0,0,0,1,0,0,0,0,0,6,0,0,0,0,0,0,0,4,0,0,0,0,0,10,0,0,0,0,0,0,0,0,0,0,0,0,0,0,0,0,0,0,0,0,0,0,0,0,0,0,0,0,0,0,0,0,0,0,0,10,0,0,0,0,0,0,0,0,0,0,0,2,0,0,0,16,0,15,0,19,0,51,0,36,0,0,0,0,0,0,0,0,0,0,0,3,0,0,0,0,0,0,0,2,0,4,0,5,0,0,0,0,0,0,0,11,0,5,0,0,0,0,0,0,0,4,0,0,0,0,0,0,0,0,0,0,0,0,0,0,0,0,0,0,0,0,0,0,0,0,0,0,0,0,0,0,0,12,0,0,0,0,1,21,1,11,0,12,0,7,0,0,0,2,0,1,0,0,0,0,0,0,0,0,0,0,0
87,9,75,2,183,17,3,0,0,0,97,5,68,10,119,11,13,0,44,9,28,0,38,2,0,0,60,0,35,0,17,0,33,0,6,0,0,0,4,0,4,0,59,0,17,0,0,0,1,0,74,0,4,0,0,0,6,0,3,0,10,0,8,0,2,1,0,0,0,0,73,0,0,0,51,0,0,0,0,0,46,0,0,0,4,0,42,0,0,0,0,0,0,0,40,0,0,0,128,0,36,0,0,0,0,0,0,0,0,0,0,0,0,0,0,0,0,0,0,0,53,0,0,0,0,0,0,0,0,0,5,0,0,0,0,0,0,0,101,0,58,0,21,0,150,0,2,0,0,0,3,0,0,0,0,0,14,0,3,0,2,0,14,0,31,0,119,0,56,0,12,0,44,0,0,0,26,4,80,0,0,0,50,0,0,0,2,0,0,0,0,0,0,0,0,0,0,0,0,0,0,0,0,0,0,0,0,0,0,0,0,0,0,0,0,0,5,0,0,0,71,0,0,0,61,0,30,0,96,2,13,0,20,0,0,0,3,0,3,0,3,0,0,0,16,0,0,0,0
17,269,12,135,25,136,0,140,0,11,9,102,12,115,20,91,0,23,11,136,2,26,19,25,0,31,0,17,0,44,0,9,0,50,1,21,0,0,2,17,0,2,0,75,0,36,0,0,0,0,0,54,0,2,0,4,0,1,0,0,0,37,0,15,0,0,0,0,0,0,0,23,0,0,0,14,0,0,0,8,0,34,0,0,0,27,0,38,0,0,0,0,0,0,0,0,0,0,0,23,0,14,0,4,0,0,0,0,0,0,0,0,0,0,0,0,0,0,0,0,0,28,0,27,0,3,0,0,0,0,0,0,0,0,0,0,0,28,0,22,0,67,0,106,0,125,0,0,0,7,0,0,0,0,0,0,0,18,0,0,0,0,0,0,1,5,0,28,2,29,0,2,0,13,0,0,0,82,0,23,0,0,0,12,0,4,0,17,0,0,0,0,0,0,0,0,0,0,0,0,0,0,0,0,0,0,0,0,0,0,0,0,0,0,0,2,0,0,0,9,0,40,0,0,0,39,0,99,1,78,0,8,0,11,0,3,0,0,0,0,0,0,0,0,0,16,0,0,0
260,14,261,6,0,0,223,0,44,0,2,0,0,0,0,0,241,4,0,0,0,0,97,1,102,2,0,0,11,0,21,0,0,0,0,0,4,2,0,0,0,0,4,0,1,0,0,0,0,0,0,0,2,0,1,0,0,0,0,0,1,0,21,0,0,0,0,0,0,0,11,0,0,0,0,0,0,0,0,0,0,0,0,0,0,0,4,0,0,0,4,0,3,0,0,0,0,0,0,0,0,0,0,0,0,0,0,0,0,0,0,0,0,0,0,0,0,0,0,0,0,0,0,0,0,0,0,0,0,0,0,0,0,0,0,0,0,0,38,0,17,0,9,0,22,0,0,0,0,0,0,0,0,0,0,0,3,0,2,0,0,0,0,0,0,0,2,0,2,0,2,0,11,0,2,0,15,0,4,0,30,0,116,1,0,0,0,0,0,0,0,0,0,0,0,0,0,0,0,0,0,0,0,0,0,0,0,0,0,0,0,0,0,0,5,0,0,0,0,0,11,0,0,0,0,0,29,0,5,0,0,0,12,0,0,0,0,0,0,0,0,0,0,0,0,0,0,0,0
14,287,6,281,0,7,1,181,0,11,3,24,3,0,0,6,0,142,0,0,0,3,17,8,0,49,0,0,0,2,0,0,0,0,0,0,0,17,0,0,0,0,0,0,0,0,0,0,0,0,0,1,0,3,0,0,0,0,0,0,0,0,0,14,0,0,0,0,0,0,0,0,0,0,0,0,0,0,0,0,0,9,0,0,0,0,0,0,0,0,0,0,0,0,0,4,0,0,0,10,0,9,0,0,0,0,0,0,0,0,0,0,0,0,0,0,0,0,0,0,0,5,0,0,0,0,0,0,0,0,0,0,0,0,0,13,0,9,0,10,0,6,0,16,0,28,0,0,0,0,0,0,0,0,0,7,0,13,0,1,0,1,0,0,0,0,0,1,0,0,0,0,0,0,0,0,0,31,0,7,0,2,0,10,0,3,0,0,0,0,0,0,0,0,0,0,0,0,0,0,0,0,0,0,0,0,0,0,0,0,0,0,0,0,0,0,0,0,0,0,0,0,0,0,0,0,1,26,0,2,0,0,0,0,0,0,0,0,0,0,0,0,0,0,0,0,0,0,0
32,0,28,0,75,11,12,0,6,0,67,0,232,194,2,0,0,0,3,83,0,0,1,0,0,0,10,277,0,0,3,1,0,0,0,0,4,0,0,0,0,249,21,4,37,6,11,168,50,6,5,4,0,0,0,0,1,0,0,0,0,0,0,0,2,0,0,0,2,0,0,0,0,0,0,0,0,0,0,0,0,0,0,0,0,0,0,0,0,0,0,0,0,0,0,0,0,0,0,0,0,0,0,0,0,0,0,0,0,0,0,0,0,0,0,0,0,0,0,0,1,0,0,0,0,0,2,0,0,0,0,0,0,0,0,0,0,0,0,0,0,0,0,0,0,0,0,0,7,0,18,0,18,0,0,0,0,0,0,0,0,0,0,0,22,0,0,0,0,0,0,0,0,0,16,0,20,99,70,0,48,0,14,0,22,0,33,0,0,0,0,0,0,0,0,0,0,0,0,0,0,0,0,0,0,0,0,0,0,0,0,0,0,0,1,0,0,0,224,41,0,1,81,68,16,1,2,0,0,0,0,0,0,0,0,0,0,0,0,0,0,0,0,0,0,0,0,0,0
0,149,0,5,0,36,0,0,0,0,0,267,57,276,0,0,0,0,12,2,0,0,0,0,0,0,125,17,0,0,0,0,0,0,0,3,0,2,0,0,249,0,10,16,31,15,72,93,3,95,6,5,0,0,0,0,0,0,0,0,0,0,0,0,0,0,0,0,0,0,0,0,0,0,0,0,0,0,0,0,0,0,0,0,0,0,0,0,0,0,0,0,0,0,0,0,0,0,0,0,0,0,0,0,0,0,0,0,0,0,0,0,0,0,0,0,0,0,0,0,0,0,0,0,0,0,0,0,0,0,0,0,0,0,0,4,0,0,0,0,0,0,0,0,0,0,0,0,0,0,0,25,0,13,0,0,0,0,0,0,0,0,0,0,2,13,0,0,0,0,0,0,0,0,0,13,2,123,0,17,0,21,0,0,0,0,20,7,0,0,0,0,0,0,0,0,0,0,0,0,0,0,0,0,0,0,0,0,0,0,0,0,0,0,0,0,0,0,88,71,0,0,15,188,5,0,0,0,0,0,0,0,0,0,0,0,0,0,0,0,0,0,0,0,0,0,0,0,0
0,0,0,0,24,0,0,0,3,0,11,0,92,35,19,0,11,0,64,28,41,0,10,0,0,0,225,20,30,0,26,0,8,0,6,0,59,0,4,0,21,10,0,0,103,2,18,3,3,0,43,0,2,0,0,0,0,0,0,0,7,0,0,0,2,0,0,2,0,0,34,0,0,0,17,0,0,0,0,0,0,0,0,0,0,0,0,0,7,0,0,0,0,0,24,0,0,0,39,0,0,0,0,0,0,0,0,0,0,0,0,0,0,0,0,0,0,0,0,0,0,0,0,0,1,0,0,0,0,0,0,0,0,0,0,0,0,0,0,0,19,0,0,0,25,0,0,0,8,0,10,0,0,0,0,0,2,0,0,0,0,0,7,0,50,0,12,0,16,0,11,0,13,0,0,0,6,1,25,0,0,0,0,0,0,0,20,0,0,0,0,0,0,0,0,0,0,0,0,0,0,0,0,0,0,0,0,0,0,0,2,0,0,0,5,0,0,0,86,0,33,0,42,0,88,0,8,0,63,0,5,0,2,0,8,0,0,0,0,0,0,0,0,0,11,0,0,0,0
0,0,0,0,0,26,0,5,0,0,0,0,19,161,0,13,0,0,0,110,0,56,0,7,0,0,0,157,0,7,0,25,0,13,0,9,0,75,0,0,4,16,0,0,0,55,0,9,0,3,0,55,0,2,0,0,0,0,0,2,0,6,0,4,0,0,0,0,0,1,0,17,0,0,0,13,0,3,0,13,0,39,0,0,0,16,0,37,0,0,0,0,0,0,0,0,0,0,0,27,0,0,0,0,0,0,0,0,0,0,0,0,0,0,0,0,0,0,0,0,0,35,0,29,0,0,0,0,0,0,0,0,0,0,0,0,0,0,0,0,0,26,0,72,0,64,0,0,0,0,0,0,0,0,0,0,0,0,0,0,0,5,0,0,0,23,0,5,0,16,0,0,0,4,0,0,0,9,1,6,0,0,0,0,0,0,0,12,0,0,0,0,0,0,0,0,0,0,0,0,0,0,0,0,0,0,0,0,0,0,0,0,0,0,0,0,0,0,0,105,0,8,0,31,1,77,0,42,0,18,0,0,0,27,0,0,0,0,0,0,0,0,0,4,0,0,0,0,0
8,0,21,0,36,0,4,0,0,0,23,0,40,18,11,0,41,0,22,11,19,0,54,0,5,1,285,18,27,0,3,0,8,0,7,0,17,0,1,0,37,31,103,0,0,0,45,25,13,3,31,0,0,0,0,0,0,0,2,0,2,0,19,0,1,0,0,0,0,0,65,0,4,0,37,0,10,0,0,0,103,0,20,0,0,0,0,0,29,0,42,0,0,0,62,0,50,0,191,0,0,0,0,0,0,0,20,0,0,0,0,0,0,0,0,0,0,0,0,0,80,0,0,0,1,0,0,0,0,0,0,0,0,0,18,0,5,0,15,0,25,0,22,0,36,0,0,0,8,0,0,0,16,0,0,0,0,0,0,0,0,0,0,0,123,0,6,0,14,0,0,0,0,0,3,0,5,7,8,0,23,0,4,0,14,0,11,0,0,0,0,0,0,0,0,0,0,0,0,0,0,0,0,0,0,0,0,0,0,0,0,0,2,0,2,0,6,0,145,9,12,0,136,9,63,1,5,0,25,0,0,0,0,0,0,0,0,0,0,0,0,0,0,0,8,0,0,0,0
0,18,0,7,0,24,0,4,0,0,0,18,16,46,2,16,0,4,2,60,0,138,0,4,0,3,14,259,0,2,0,17,0,6,0,17,0,36,0,0,6,15,2,55,0,0,2,89,1,17,0,82,0,0,0,0,0,0,0,3,0,6,0,0,0,0,0,0,0,7,0,16,0,3,0,11,0,0,0,6,0,31,0,5,0,0,0,0,0,8,0,0,0,0,0,11,0,0,0,11,0,5,0,3,0,0,0,0,0,0,0,0,0,0,0,0,0,0,0,0,0,0,0,0,0,0,0,0,0,0,0,0,0,0,0,0,0,0,0,0,0,32,0,42,0,31,0,0,0,0,0,0,0,0,0,0,0,0,0,3,0,0,0,3,0,61,0,5,0,27,0,5,0,4,0,0,2,16,1,5,0,0,0,0,0,9,0,24,0,5,0,0,0,0,0,2,0,0,0,0,0,0,0,0,0,0,0,0,0,5,0,0,0,0,0,0,0,0,3,182,0,33,0,140,0,42,0,36,0,41,0,9,0,14,0,0,0,0,0,0,0,0,0,0,0,15,0,0,0
0,0,24,0,55,0,0,0,5,0,21,0,62,45,4,0,0,0,11,10,0,1,4,0,0,0,5,48,0,0,0,0,0,0,0,0,0,0,0,0,11,72,18,0,45,2,0,45,0,0,0,1,0,0,0,0,0,0,0,0,0,0,0,0,3,0,0,0,0,0,5,0,0,0,0,0,0,0,0,0,0,0,0,0,0,0,0,0,0,0,0,0,0,1,0,0,0,0,0,0,0,0,0,0,0,0,0,0,0,0,0,0,0,0,0,0,0,0,0,0,2,0,0,0,0,0,1,0,0,0,0,0,0,0,0,0,0,0,0,0,1,0,1,0,0,0,0,0,5,0,0,0,0,0,0,0,0,0,0,0,0,0,0,0,17,0,0,0,9,0,0,0,0,0,1,0,0,20,5,0,9,0,1,0,6,0,7,0,0,0,0,0,0,0,0,0,0,0,0,0,0,0,0,0,0,0,0,0,2,0,0,0,0,0,0,0,0,0,145,8,0,0,36,11,26,0,0,0,5,0,0,0,0,0,0,0,0,0,0,0,0,0,0,0,0,0,0,0,0
1,112,0,0,3,52,0,0,0,7,0,129,26,113,0,0,0,0,0,50,0,13,0,0,0,0,39,52,0,0,0,0,0,0,0,0,0,0,0,0,168,93,3,9,25,89,45,0,14,22,0,11,0,0,0,0,0,0,0,0,0,0,0,0,0,6,0,1,0,3,0,0,0,0,0,0,0,0,0,0,0,0,0,0,0,0,0,0,0,0,0,0,0,7,0,0,0,0,0,0,0,0,0,0,0,0,0,0,0,0,0,0,0,0,0,0,0,0,0,0,0,0,0,0,0,0,0,0,0,0,0,0,0,0,0,0,0,12,0,0,0,0,0,0,0,0,0,0,0,0,0,26,0,0,0,0,0,3,0,0,0,0,0,0,2,40,0,0,0,0,0,0,0,0,0,2,0,27,0,4,0,18,0,5,0,7,21,3,0,0,0,0,0,0,0,0,0,1,0,0,0,7,0,0,0,0,0,0,0,0,0,0,0,0,0,0,0,0,50,201,0,0,9,304,0,0,0,0,0,0,0,0,0,0,0,0,0,0,0,2,0,0,0,0,0,0,0,0,0
0,0,0,0,9,0,0,0,0,0,21,0,17,0,0,0,4,0,1,0,0,0,2,0,6,0,2,2,0,0,0,0,1,0,1,0,1,0,0,0,50,3,3,0,13,1,0,14,0,1,0,0,5,0,8,0,8,0,0,0,2,0,0,0,0,0,0,0,1,0,0,0,0,0,0,0,1,0,0,0,0,0,0,0,0,0,2,0,7,0,0,0,2,0,12,0,0,0,0,0,1,0,4,0,0,0,2,0,0,0,0,0,0,0,0,0,0,0,0,0,0,0,0,0,1,0,0,0,0,0,0,0,0,0,3,0,0,0,1,0,0,0,2,0,0,0,0,0,0,1,0,0,3,0,3,0,0,0,0,0,6,0,0,0,3,0,1,0,2,0,0,0,2,0,6,0,3,3,16,0,8,0,0,0,5,0,12,0,1,0,0,0,0,0,0,0,0,0,0,0,0,0,0,0,0,0,0,0,0,0,1,0,0,0,1,0,0,0,23,1,36,0,46,14,18,0,7,0,32,0,10,0,1,0,2,0,1,0,3,0,1,0,0,0,6,0,0,0,0
0,5,0,2,0,1,0,0,0,0,0,4,0,23,0,0,0,0,0,2,0,0,0,0,0,0,0,5,0,0,0,0,0,0,0,0,0,0,0,0,6,95,0,3,3,17,0,22,1,0,0,5,0,0,0,0,0,0,0,0,0,0,0,0,0,0,0,0,0,2,0,0,0,0,0,0,0,1,0,0,0,0,0,1,0,0,0,0,0,1,0,0,0,4,0,2,0,0,0,0,0,0,0,1,0,0,0,0,0,0,0,0,0,0,0,0,0,0,0,1,0,0,0,0,0,0,0,0,0,0,0,0,0,0,0,0,0,0,0,0,0,0,0,0,0,0,0,0,0,0,0,4,0,0,0,0,0,0,0,0,0,0,0,0,0,3,0,0,0,1,0,3,0,2,0,4,0,35,0,4,0,9,0,1,0,0,3,8,0,0,0,0,0,0,0,0,0,1,0,0,0,0,0,0,0,0,0,0,0,0,0,0,0,0,0,0,0,1,12,0,0,21,10,25,0,4,0,5,0,8,0,1,0,0,0,0,0,0,0,0,0,0,0,0,0,2,0,0,0
3,0,14,0,77,15,0,0,0,0,11,0,168,30,54,3,15,0,197,34,69,1,9,0,4,0,144,16,56,0,21,0,5,0,18,0,74,0,0,0,5,6,43,0,31,0,0,0,0,0,0,0,0,0,3,0,8,0,11,3,5,0,0,0,0,0,0,0,3,0,36,0,4,0,14,0,0,0,0,0,26,0,0,0,0,0,33,0,12,0,0,0,0,0,0,0,0,0,50,0,20,0,0,0,0,0,0,0,0,0,0,0,0,0,0,0,0,0,0,0,21,0,0,0,0,0,0,0,0,0,0,0,0,0,0,0,0,0,0,0,9,0,0,0,15,0,0,0,0,0,0,0,0,0,0,0,2,0,0,0,7,0,19,0,62,0,31,0,69,1,27,0,33,0,0,0,11,6,40,0,0,0,0,0,0,0,2,0,0,0,4,0,0,0,0,0,0,0,0,0,0,0,0,0,0,0,0,0,0,0,1,0,2,0,4,0,0,0,17,2,43,0,19,0,69,0,8,0,33,0,4,1,8,0,9,0,0,0,5,0,3,0,0,0,19,0,0,0,0
0,0,0,11,0,52,0,0,0,0,0,18,22,185,3,28,0,5,4,199,0,65,0,8,0,0,0,175,0,11,0,23,0,15,0,7,0,54,0,1,4,5,0,55,0,82,1,11,0,5,0,0,0,4,0,0,0,0,0,8,0,5,0,0,0,0,0,0,0,0,0,43,0,0,0,38,0,6,0,12,0,61,0,5,0,0,0,58,0,0,0,0,0,0,0,17,0,0,0,21,0,0,0,0,0,0,0,0,0,0,0,0,0,0,0,0,0,0,0,0,0,45,0,31,0,0,0,0,0,0,0,0,0,0,0,0,0,18,0,15,0,39,0,80,0,75,0,0,0,0,0,0,0,0,0,4,0,3,0,10,0,20,0,7,1,16,0,11,0,33,0,16,0,15,0,0,0,10,1,4,0,0,0,0,0,0,0,11,0,0,0,0,0,0,0,0,0,0,0,0,0,0,0,0,0,0,0,0,0,0,0,0,0,0,0,3,0,5,0,30,0,52,0,6,0,49,0,29,0,43,0,0,0,56,0,7,0,5,0,5,0,0,0,2,0,30,0,0,0
0,0,6,0,0,0,32,9,12,72,0,0,2,0,2,0,122,0,9,0,13,0,21,0,64,3,0,0,7,0,5,0,0,0,0,0,4,0,2,0,0,0,2,0,0,0,0,0,5,0,0,0,0,15,88,78,121,4,129,77,54,0,48,18,7,2,0,108,0,0,0,0,0,0,2,0,0,0,0,0,30,0,0,0,40,0,0,0,0,0,19,0,0,0,0,0,60,0,19,0,0,0,0,0,0,0,7,0,0,0,0,0,0,0,0,0,0,0,0,0,13,0,9,0,7,0,4,0,107,0,14,0,8,0,0,0,50,0,181,1,51,0,106,0,26,0,0,0,1,0,0,0,0,0,269,3,58,0,74,0,26,0,6,0,0,0,1,0,9,0,112,0,3,0,1,0,19,3,0,0,0,0,0,0,6,10,0,0,0,0,0,0,0,0,0,0,0,0,3,0,7,0,0,0,0,0,0,0,7,0,2,0,0,0,91,0,0,0,9,0,137,0,30,0,48,0,136,0,138,0,0,0,40,0,10,0,0,0,32,0,6,0,6,0,80,0,0,0,0
0,17,0,0,0,0,6,25,18,10,0,2,0,0,0,3,0,29,0,0,0,27,0,10,0,24,0,0,0,0,0,6,0,0,0,0,0,2,0,3,0,0,0,2,0,0,0,0,0,0,0,4,15,0,13,97,5,94,47,107,0,16,4,14,1,0,33,7,0,0,0,0,0,0,0,0,0,0,0,0,0,1,0,0,0,15,0,1,0,0,0,1,0,0,0,0,0,5,0,5,0,2,0,0,0,0,0,0,0,0,0,0,0,0,0,0,0,0,0,0,0,3,0,0,0,0,0,4,0,18,0,0,0,12,0,11,0,20,0,55,0,24,0,31,2,55,0,0,0,0,0,0,0,0,4,92,0,26,0,26,0,11,0,2,0,0,0,0,0,0,0,3,0,0,0,0,3,13,0,0,0,1,0,3,1,39,0,0,0,0,0,0,0,0,0,0,0,0,0,0,0,0,0,0,0,0,0,0,0,0,0,0,0,0,0,11,0,0,0,0,0,34,0,0,0,1,0,73,0,28,0,0,0,21,1,3,0,0,0,5,0,0,0,0,0,32,0,0,0
4,2,26,0,0,0,50,12,64,164,1,0,4,0,0,0,11,0,0,0,0,0,26,1,82,18,0,0,6,0,0,0,0,0,0,0,0,0,1,0,0,0,0,0,0,0,0,0,8,0,3,0,88,13,0,56,27,0,5,25,75,0,63,22,38,1,55,68,0,0,0,0,0,0,0,0,0,0,0,0,0,0,0,0,0,0,0,0,0,0,0,0,0,0,0,0,10,0,0,0,0,0,0,0,0,0,0,0,0,0,0,0,0,0,0,0,0,0,0,0,0,0,0,0,12,0,0,0,40,0,28,0,4,0,42,0,38,0,7,0,6,0,44,0,0,0,5,0,3,0,4,0,0,0,32,0,14,0,4,0,22,0,0,0,4,0,4,0,13,0,135,0,16,0,0,0,0,9,0,0,0,0,1,0,2,9,0,0,0,0,0,0,0,0,0,0,0,0,11,0,5,0,0,0,0,0,0,0,14,0,0,0,5,0,118,0,0,0,10,0,137,0,42,0,54,0,151,0,190,0,4,0,66,0,22,0,0,0,117,0,16,0,21,0,208,0,0,0,0
0,20,0,64,0,9,7,135,139,42,0,2,0,0,0,43,2,21,0,0,0,15,0,19,7,120,0,13,0,9,0,9,0,5,0,0,0,4,0,0,0,0,0,0,0,0,0,0,0,0,0,0,78,97,56,0,15,53,83,35,4,149,35,104,0,3,99,9,0,0,0,0,0,0,0,0,0,0,0,0,0,0,0,0,0,11,0,0,0,0,0,0,0,0,0,0,0,15,0,9,0,0,0,0,0,0,0,6,0,0,0,0,0,0,0,0,0,0,0,0,0,0,0,0,0,5,0,13,0,5,1,9,0,17,0,45,0,59,0,26,0,23,0,30,0,1,0,1,0,11,0,0,1,4,3,70,0,38,0,18,0,15,0,0,0,2,0,3,0,10,0,80,0,29,0,0,8,0,0,0,0,0,0,9,0,25,0,0,0,0,0,0,0,0,0,0,0,0,0,0,0,0,0,0,0,0,0,0,0,12,0,0,0,1,0,148,0,0,0,4,0,363,0,62,0,31,0,72,0,347,0,0,0,237,0,26,0,4,0,55,0,5,0,7,0,228,0,0,0
0,0,14,0,0,0,15,0,2,10,0,0,0,0,0,0,11,0,0,0,0,0,20,0,32,0,0,0,2,0,1,0,0,0,0,0,6,0,0,0,1,0,0,0,0,0,0,0,8,0,8,0,121,5,27,15,0,14,107,45,47,0,7,7,12,15,13,81,0,0,0,0,0,0,0,0,0,0,0,0,0,0,0,0,0,0,0,0,0,0,0,0,0,0,0,0,0,0,0,0,0,0,0,0,0,0,0,0,0,0,0,0,0,0,0,0,0,0,0,0,0,0,0,0,8,0,31,0,93,0,111,0,18,0,26,0,22,0,16,3,6,0,20,0,29,0,6,0,5,1,31,0,0,0,161,32,147,0,59,6,116,0,10,0,0,0,5,0,36,0,86,0,11,0,0,0,0,0,0,0,9,0,0,0,2,11,0,0,0,0,0,0,0,0,0,0,0,0,0,0,0,0,0,0,0,0,0,0,38,0,4,0,6,0,284,0,0,0,24,0,355,0,71,2,112,0,103,0,298,0,0,0,178,0,170,0,9,0,132,0,7,0,27,0,286,0,0,0,0
0,1,0,9,0,0,0,8,4,0,0,0,0,0,0,0,0,18,0,0,0,0,0,6,0,29,0,0,0,0,0,0,0,0,0,0,0,1,0,0,0,0,0,0,0,0,0,0,0,0,0,0,4,94,0,53,14,0,25,113,0,36,2,13,5,0,36,0,0,0,0,0,0,0,0,0,0,0,0,0,0,0,0,0,0,7,0,0,0,0,0,8,0,0,0,0,0,12,0,3,0,0,0,0,0,0,0,0,0,0,0,0,0,0,0,0,0,0,0,0,0,0,0,0,0,5,0,12,0,14,0,30,0,35,0,43,0,73,0,27,0,16,0,8,0,0,0,0,0,7,0,0,0,0,6,175,0,48,0,51,0,33,0,5,0,0,0,0,0,12,0,58,0,0,0,0,0,0,0,0,0,0,0,0,0,5,0,0,0,0,0,0,0,0,0,0,0,0,0,3,0,0,0,0,0,0,0,0,0,18,0,2,0,10,0,86,0,0,0,2,0,219,0,40,0,6,0,28,0,376,0,0,0,94,0,59,0,0,0,8,0,0,0,0,0,70,0,0,0
0,0,0,0,0,0,3,0,120,39,0,0,0,0,2,0,0,0,0,0,0,0,0,0,0,0,4,0,0,0,1,0,0,0,0,0,3,0,0,0,0,0,0,0,2,0,0,0,0,0,11,0,129,47,5,83,107,25,0,186,82,0,0,30,134,19,117,223,0,0,0,0,0,0,0,0,1,0,0,0,0,0,0,0,0,0,1,0,0,0,0,0,0,0,0,0,0,0,0,0,1,0,0,0,0,0,0,0,0,0,0,0,0,0,0,0,0,0,0,0,0,0,0,0,14,0,16,0,6,0,66,0,7,0,6,0,3,0,2,1,1,0,0,0,0,0,13,0,6,0,20,0,0,0,80,23,104,0,4,3,41,10,0,0,0,0,0,0,10,0,0,0,2,0,4,1,36,0,0,0,8,9,0,0,34,49,0,0,0,0,0,0,0,0,0,0,0,0,0,0,0,0,0,0,0,0,0,0,16,0,3,0,0,0,258,0,2,0,16,0,223,2,39,0,45,0,81,0,146,0,3,0,173,1,115,0,0,0,143,3,9,0,50,0,237,0,0,0,0
0,16,0,0,0,4,0,9,18,52,0,0,0,0,0,0,0,0,0,0,0,0,0,0,1,3,0,0,0,0,0,0,0,0,0,0,0,0,0,0,0,0,0,2,0,3,0,0,0,0,3,8,77,107,25,35,45,113,186,0,0,204,5,60,51,99,199,112,0,0,0,3,0,0,0,0,0,0,0,0,0,0,0,0,0,0,0,2,0,0,0,0,0,0,0,0,0,0,0,0,0,0,0,0,0,0,0,0,0,0,0,0,0,0,0,0,0,0,0,0,0,0,0,0,0,10,0,7,0,2,0,24,0,0,0,10,0,0,0,0,0,2,0,4,3,14,0,14,0,97,0,3,0,11,71,114,19,311,18,0,20,20,0,2,0,0,0,0,0,15,0,36,0,0,0,20,5,4,0,0,0,22,0,0,0,80,0,0,0,0,0,0,0,0,0,0,0,0,0,0,0,5,0,0,0,0,0,0,0,6,0,0,0,7,0,297,0,0,0,3,0,446,0,103,0,20,0,118,0,407,0,0,0,370,0,360,0,0,0,125,0,7,0,20,1,506,0,0,0
15,0,0,0,1,0,124,0,145,0,0,0,0,0,0,0,25,0,0,0,1,0,0,0,55,1,0,0,5,0,4,0,0,0,0,0,10,0,1,0,0,0,7,0,2,0,0,0,2,0,5,0,54,0,75,4,47,0,82,0,0,0,29,0,0,0,11,0,0,0,7,0,0,0,4,0,0,0,0,0,0,0,0,0,0,1,0,0,0,0,0,0,0,0,0,0,0,0,0,0,0,0,0,0,0,0,0,0,0,0,0,0,0,0,0,0,0,0,0,0,0,0,0,0,0,0,0,0,3,0,0,0,0,0,0,0,0,0,79,0,22,0,0,0,215,0,0,0,0,0,0,0,0,0,43,0,70,0,13,0,0,0,3,0,0,0,0,0,2,0,110,0,29,0,2,0,10,0,0,0,0,0,20,0,0,1,0,0,0,0,0,0,0,0,0,0,0,0,0,0,0,0,0,0,0,0,0,0,0,0,2,0,0,0,32,0,0,0,4,0,60,0,16,0,7,0,74,0,25,0,1,0,45,0,0,0,0,0,26,0,0,0,4,0,61,0,0,0,0
6,76,0,5,0,19,7,178,7,186,0,4,0,0,0,0,0,14,0,28,0,4,1,2,10,84,0,0,0,1,0,0,0,6,0,0,0,37,0,0,0,0,0,6,0,6,0,0,0,0,0,5,0,16,0,149,0,36,0,204,0,0,0,19,0,0,0,0,0,0,0,0,0,0,0,2,0,0,0,2,0,0,0,0,0,0,0,0,0,0,0,0,0,0,0,0,0,1,0,0,0,0,0,0,0,0,0,0,0,0,0,0,0,0,0,0,0,0,0,0,0,4,0,4,0,0,0,0,0,0,0,0,0,0,0,0,0,6,0,24,0,16,0,3,0,89,0,0,0,0,0,0,0,0,0,16,0,78,0,5,0,11,0,4,0,1,0,0,0,6,0,62,0,8,0,0,7,85,0,0,0,0,0,63,0,0,0,0,0,0,0,0,0,0,0,0,0,0,0,0,0,0,0,0,0,0,0,0,0,0,0,0,0,0,0,4,0,0,0,0,0,50,0,0,0,0,0,80,0,64,0,0,0,16,0,0,0,0,0,0,0,0,0,0,0,16,0,0,0
7,2,5,0,0,0,141,13,177,102,0,0,0,0,6,0,479,1,32,0,75,0,45,0,165,20,32,0,59,0,10,0,6,0,6,0,8,0,21,0,0,0,0,0,19,0,0,0,0,0,0,0,48,4,63,35,7,2,0,5,29,0,0,13,0,1,2,19,0,0,8,0,0,0,16,0,0,0,0,0,29,0,0,0,18,0,8,0,0,0,0,0,0,0,0,0,0,0,26,0,0,0,0,0,0,0,0,0,0,0,0,0,0,0,0,0,0,0,0,0,36,0,32,0,1,0,1,0,16,0,0,0,0,0,0,0,14,0,138,0,61,0,32,0,41,0,0,0,0,0,0,0,0,0,44,0,32,0,10,0,6,0,0,0,2,0,0,0,2,0,25,0,27,0,3,0,12,3,0,0,0,0,24,3,0,4,0,0,0,0,0,0,1,0,0,0,0,0,0,0,0,0,0,0,0,0,0,0,4,0,1,0,0,0,46,0,0,0,2,0,67,1,8,0,7,0,186,0,24,0,0,0,49,0,2,0,0,0,12,0,3,0,0,0,47,0,0,0,0
0,25,0,0,0,7,26,171,94,141,0,0,0,0,0,5,1,313,0,30,0,94,0,39,14,271,0,20,0,29,0,31,0,24,0,0,0,15,0,14,0,0,0,4,0,0,0,0,0,0,0,0,18,14,22,104,7,13,30,60,0,19,13,0,0,0,23,6,0,0,0,0,0,0,0,0,0,1,0,0,0,4,0,0,0,13,0,0,0,0,0,3,0,0,0,1,0,0,0,7,0,0,0,0,0,0,0,0,0,0,0,0,0,0,0,0,0,0,0,0,0,0,0,0,0,0,0,0,0,0,0,0,0,5,0,12,0,22,0,57,0,38,0,29,0,58,0,0,0,0,0,1,0,0,1,25,0,42,0,16,0,2,0,2,0,0,0,0,0,0,0,5,0,0,0,0,7,45,0,0,0,0,0,57,0,24,0,0,0,0,0,0,0,0,0,0,0,0,0,0,0,0,0,0,0,0,0,0,0,0,0,0,0,0,0,7,0,0,0,0,0,13,0,5,0,0,0,172,0,19,0,0,0,20,0,4,0,1,0,5,0,0,1,0,0,11,0,0,0
17,1,17,1,14,0,37,0,119,0,7,0,8,0,8,0,0,0,11,0,0,0,3,0,0,0,8,0,0,0,0,0,0,0,0,0,2,0,0,0,2,0,2,0,1,0,3,0,0,0,0,0,7,1,38,0,12,5,134,51,0,0,0,0,0,47,91,23,0,0,4,0,3,0,0,0,0,0,0,0,0,0,0,0,0,0,0,0,0,0,0,0,0,0,0,0,0,0,0,0,0,0,0,0,0,0,0,0,0,0,0,0,0,0,0,0,0,0,0,0,0,0,0,0,9,0,4,0,0,5,12,3,1,0,3,0,0,0,0,18,0,0,1,0,18,4,20,0,51,0,37,0,6,0,0,34,14,1,2,15,204,47,9,0,0,0,2,0,0,0,1,0,3,0,57,21,9,0,0,0,90,16,2,0,48,10,0,0,0,0,0,0,0,0,0,0,0,0,3,0,0,0,0,0,0,0,0,0,2,0,0,0,0,0,0,0,0,0,0,0,0,0,0,0,2,0,6,0,0,0,2,0,0,0,31,3,0,0,12,0,0,0,0,0,17,0,0,0,0
0,52,0,0,0,19,0,7,0,223,0,0,0,6,0,15,0,0,0,25,0,0,0,0,0,0,0,28,0,0,0,0,0,9,0,1,1,0,0,0,0,0,0,0,0,0,0,6,0,0,0,0,2,0,1,3,15,0,19,99,0,0,1,0,47,0,12,221,0,0,0,5,0,0,0,0,0,0,0,2,0,0,0,0,0,0,0,0,0,0,0,0,0,0,0,0,0,0,3,0,0,0,0,0,0,0,0,0,0,0,0,0,0,0,0,0,0,0,0,0,0,0,0,0,0,21,0,17,2,0,33,26,0,0,0,0,0,0,41,23,10,9,0,0,62,54,0,36,47,209,0,48,10,17,42,2,0,8,37,2,130,134,4,0,0,0,0,0,0,0,0,0,0,0,41,123,0,0,0,0,13,76,0,14,0,79,0,0,0,0,0,0,0,0,0,0,0,3,0,1,0,0,0,0,0,0,0,4,0,17,0,0,0,0,0,12,0,0,0,0,0,0,0,0,0,0,0,51,0,18,0,0,0,0,0,85,0,0,0,6,0,0,0,0,0,27,0,0,0
5,0,1,0,0,0,32,0,69,37,3,0,0,0,0,0,0,0,0,0,0,0,0,0,0,3,2,0,0,0,0,0,1,0,1,0,0,0,0,0,0,0,0,0,0,0,0,0,0,0,0,0,0,33,55,99,13,36,117,199,11,0,2,23,91,12,0,107,0,0,0,0,0,0,0,0,0,0,0,0,0,0,0,0,0,0,0,0,0,0,0,0,0,0,0,0,0,0,0,0,0,0,0,0,0,0,0,0,0,0,0,0,0,0,0,0,0,0,0,0,0,0,0,0,2,0,0,0,0,0,10,1,0,0,0,0,0,0,0,0,0,0,0,0,0,0,0,0,7,0,13,0,0,0,10,21,14,0,0,8,34,0,1,0,0,0,2,0,0,0,4,0,0,0,24,0,142,9,0,0,48,7,0,0,79,73,0,0,0,0,0,0,0,0,0,0,1,0,0,0,0,0,0,0,0,0,0,0,3,0,0,0,0,0,31,0,0,0,1,0,24,0,6,0,0,0,10,0,14,0,1,0,40,0,34,0,0,0,26,0,2,0,7,0,32,0,0,0,0
0,21,0,0,0,3,9,9,79,75,0,1,0,0,0,0,0,0,0,3,0,0,0,0,0,0,0,0,0,0,0,0,0,0,1,0,0,0,0,0,0,0,2,0,0,0,0,1,0,0,0,0,108,7,68,9,81,0,223,112,0,0,19,6,23,221,107,0,0,0,0,0,0,1,0,0,0,0,0,0,0,0,0,0,0,0,0,0,0,0,0,0,0,0,0,0,0,0,0,0,0,0,0,0,0,4,0,0,0,0,0,0,0,0,0,0,0,0,0,0,0,0,0,0,0,6,0,0,0,0,0,0,0,0,0,0,0,5,0,0,0,0,0,0,0,8,0,6,0,88,0,9,0,26,60,5,12,36,17,4,32,21,0,0,0,0,0,0,0,0,0,1,0,0,0,32,39,122,0,0,4,60,0,1,12,418,0,0,0,0,0,0,0,1,0,0,0,0,0,0,0,0,0,0,0,0,0,1,0,8,0,1,0,0,0,59,0,0,0,0,0,57,0,0,0,0,0,47,0,40,0,2,1,41,0,105,0,1,0,16,0,0,0,5,0,81,0,0,0
0,0,0,0,0,0,0,0,0,0,0,0,1,0,0,0,0,0,0,0,0,0,0,0,0,0,0,0,0,0,0,0,0,0,0,0,0,0,0,0,2,0,0,0,0,0,0,0,1,0,3,0,0,0,0,0,0,0,0,0,0,0,0,0,0,0,0,0,0,0,0,0,0,0,0,0,42,0,0,0,0,0,7,0,0,0,3,0,0,0,0,0,26,0,16,0,0,0,0,0,0,0,84,0,0,0,6,0,12,0,1,0,27,0,0,0,0,0,1,0,0,0,0,0,0,0,0,0,0,0,0,0,0,0,0,0,0,0,0,0,0,0,0,0,0,0,0,0,0,0,0,0,0,0,0,0,1,0,0,0,0,0,0,0,13,0,0,0,36,0,0,0,0,0,0,0,0,0,0,0,0,0,0,0,0,0,1,0,0,0,1,0,0,0,0,0,0,0,0,0,0,0,0,0,0,0,0,0,0,0,0,0,101,0,80,0,37,0,11,0,0,0,60,0,29,0,2,0,27,0,0,0,0,0,0,0,0,0,0,0,11,0,0,0,3,0,0,0,0
0,0,0,0,0,0,0,0,0,0,0,0,0,0,0,3,0,0,0,0,0,0,0,0,0,0,0,0,0,0,0,0,0,0,0,0,0,0,0,0,0,0,0,1,0,7,0,3,0,2,0,0,0,0,0,0,0,0,0,0,0,0,0,0,0,0,0,0,0,0,0,0,0,4,0,0,0,16,0,3,0,12,0,34,0,0,0,13,0,13,1,0,0,24,0,17,0,0,0,4,0,4,0,50,0,8,0,0,0,8,0,0,0,0,0,1,0,1,0,0,0,0,0,0,0,0,0,3,0,0,0,0,0,0,0,0,0,0,0,0,0,0,0,0,0,0,0,0,0,0,0,0,0,0,0,0,0,0,0,0,0,0,0,0,0,40,0,0,0,24,0,0,0,0,0,0,0,1,0,0,0,0,0,0,0,0,0,0,0,15,0,2,0,0,0,6,0,0,0,0,0,0,0,0,0,0,0,0,0,0,0,0,0,346,0,36,0,80,1,17,0,0,0,92,0,13,0,0,0,98,0,0,0,0,0,0,0,0,0,9,0,0,0,0,0,0,0,0,0
0,0,1,0,0,0,0,0,0,0,0,0,2,0,0,0,22,0,12,0,75,0,2,0,0,0,57,0,54,0,30,0,17,0,11,0,73,0,11,0,0,0,34,0,65,0,5,0,0,0,36,0,0,0,0,0,0,0,0,0,7,0,8,0,4,0,0,0,0,0,0,0,257,0,245,0,27,0,228,1,10,3,11,0,0,0,52,0,0,0,0,1,3,0,0,1,0,0,7,0,7,0,0,0,0,0,0,2,0,0,0,0,0,0,0,0,0,0,0,0,33,0,11,0,13,6,31,0,5,1,61,15,12,0,20,1,31,2,27,6,52,0,54,0,92,0,14,6,59,19,79,0,11,0,0,0,10,0,0,0,16,0,63,0,0,0,9,0,34,0,43,0,36,0,45,12,0,0,0,0,53,16,0,0,19,1,0,0,0,0,0,0,0,0,0,0,0,0,0,1,0,1,0,0,0,0,0,0,59,0,0,0,0,0,6,0,0,0,0,1,9,0,13,0,9,0,1,0,63,0,0,0,2,0,0,0,0,0,0,0,4,0,2,0,3,0,0,0,0
0,8,0,4,0,3,0,0,0,0,0,0,0,0,0,0,0,0,0,6,0,35,0,0,0,0,0,7,0,6,0,19,0,5,0,6,0,23,0,0,0,0,0,17,0,16,0,0,0,0,0,43,0,0,0,0,0,0,0,3,0,0,0,0,0,5,0,0,0,0,0,0,0,189,0,143,0,44,0,91,0,4,0,6,0,0,0,38,0,0,0,0,1,0,0,0,0,0,3,0,0,0,0,0,0,0,0,0,0,0,0,1,0,0,0,0,0,0,0,0,0,8,0,10,0,43,0,88,1,16,8,31,0,69,1,44,1,77,0,36,0,19,0,21,0,167,0,66,0,75,0,46,0,50,0,0,0,9,0,0,0,6,0,50,0,0,0,4,0,15,0,9,0,0,1,32,0,1,0,1,0,40,0,0,0,0,0,0,0,0,0,0,0,0,0,0,0,0,0,9,0,0,0,0,0,0,0,0,0,52,0,0,0,0,0,1,0,0,0,0,0,6,0,6,0,0,0,14,0,54,0,0,0,0,0,24,0,0,0,13,0,1,0,2,0,8,0,0,0
