0,210,20,113,40,15,7,34,24,9,51,5,127,2,8,37,5,60,3,0,0,1,11,150,6,205,14,1,28,16,19,0,59,9,0,0,77,15,199,23,37,0,0,0,2,0,4,0,0,0,1,0,0,0,4,2,2,0,1,0,10,0,0,23,14,0,8,0,0,0,0,0,0,0,0,0,0,0,0,0,0,0,0,0,0,0,0,0,0,0,1,0,0,0,0,1,0,0,0,0,0,0,1,0,0,0,0,0,0,0,0,0,0,0,0,0,0,0,1,0,0,0,0,0,6,0,5,0,0,0,9,0,0,0,7,2,0,0,0,0,0,0,1,2,0,0,0,0,32,0,14,0,5,0,0,0,2,0,0,0,0,0,0,0,3,0,8,0,21,0,6,0,110,0,0,0,52,37,13,0,5,0,0,6,28,0,1,0,0,0,0,0,0,0,0,0,0,0,0,0,0,0,0,0,0,0,2,0,11,0,0,0,0,0,25,0,1,0,0,0,86,2,0,0,15,0,197,39,127,5,112,0,109,5,2,1,15,3,72,0,71,0,77,0,220,2,0,0,0
210,0,232,8,56,101,81,46,92,50,12,100,1,108,11,39,145,8,0,129,19,9,331,15,205,59,0,136,0,165,0,0,6,140,0,0,8,131,17,215,1,74,0,0,0,10,0,15,0,1,0,4,0,9,0,48,0,4,0,4,4,48,15,24,0,59,0,21,0,0,0,0,0,3,0,0,0,0,0,0,0,1,0,4,0,0,0,0,0,0,0,0,0,0,0,0,0,0,0,0,0,0,1,0,0,0,0,0,0,0,0,0,0,0,0,0,0,0,0,0,0,5,0,4,0,16,0,13,0,0,0,30,0,4,0,21,0,55,0,0,0,0,0,0,0,0,0,14,0,71,0,44,0,44,0,0,0,12,0,0,0,7,0,0,0,5,0,4,3,7,0,18,0,95,0,0,19,198,0,1,0,24,0,13,0,35,0,0,0,0,0,8,0,0,0,0,0,0,0,0,0,0,0,0,0,0,0,0,0,43,0,10,0,2,0,68,0,0,0,10,8,227,0,10,0,27,22,204,15,134,3,192,1,403,0,30,0,26,0,135,0,41,1,88,4,215,0,0,0
20,232,0,89,85,47,64,27,12,9,7,38,118,0,145,72,27,55,32,0,26,4,476,119,49,116,34,0,176,0,159,0,209,15,0,0,64,20,269,27,31,0,0,0,0,0,3,0,0,0,3,0,0,0,41,0,0,0,3,0,0,0,17,39,11,0,0,0,0,0,0,0,0,0,0,0,0,0,0,0,0,0,0,0,0,0,0,0,0,0,0,0,0,0,0,0,0,0,0,0,0,0,0,0,0,0,0,0,0,0,0,0,0,0,0,0,0,0,0,0,0,0,0,0,0,0,18,0,0,0,23,0,0,0,68,0,0,0,0,0,0,0,11,0,0,0,15,0,28,0,14,0,0,0,1,0,0,0,0,0,1,0,0,0,9,0,58,0,34,0,5,0,118,8,0,0,22,40,1,0,1,0,1,12,4,0,0,0,0,0,0,0,0,0,0,0,0,0,4,0,5,0,0,0,0,0,6,0,58,0,0,0,2,0,43,0,0,0,3,0,205,6,18,0,15,0,97,18,213,0,125,0,222,10,4,1,20,0,75,3,56,0,73,2,319,3,0,0,0
113,8,89,0,23,23,3,19,6,1,7,1,0,2,6,175,53,0,0,96,8,10,141,136,27,171,0,27,0,173,1,22,0,72,0,0,7,27,0,96,0,3,0,0,0,0,0,2,0,0,0,1,0,0,0,13,0,5,0,8,0,0,0,1,0,0,0,0,0,0,0,0,0,1,0,0,0,0,0,0,0,0,1,0,0,0,0,0,0,0,0,0,0,0,0,0,0,0,0,0,0,0,0,0,0,0,0,0,0,0,0,0,0,0,0,0,0,0,0,0,0,0,0,0,0,0,0,0,0,0,0,0,0,0,0,15,0,22,1,1,0,0,0,0,0,0,0,0,0,0,0,0,0,0,0,0,0,0,0,0,0,0,0,0,0,0,0,3,0,0,0,3,0,25,0,0,9,21,0,0,0,0,0,9,0,0,0,0,0,0,0,0,0,0,0,0,0,0,0,0,0,0,0,0,0,0,0,0,0,0,0,0,0,0,0,12,0,0,0,0,0,101,0,3,0,6,0,46,0,44,0,29,0,124,0,9,1,6,3,11,0,5,0,0,0,28,0,0,0
40,56,85,23,0,204,26,0,26,0,48,119,113,97,72,296,4,0,54,278,109,76,74,93,2,7,59,58,14,0,198,10,194,15,59,22,220,14,5,0,45,13,15,0,0,4,10,2,0,0,144,5,0,0,9,0,1,0,0,0,3,0,0,0,10,0,0,0,0,0,0,0,0,0,0,0,0,0,0,0,0,0,0,0,0,0,0,0,0,0,0,0,0,0,0,0,0,0,0,0,0,0,1,0,0,0,0,0,0,0,0,0,0,0,0,0,0,0,0,0,0,0,0,0,0,0,6,0,0,0,10,0,0,0,0,0,0,0,0,0,0,0,0,0,0,0,7,0,41,0,22,0,0,0,0,0,2,0,1,0,0,0,0,0,54,0,154,0,94,0,0,0,80,0,3,0,144,89,9,0,10,0,2,1,32,0,2,0,0,0,0,0,0,0,0,0,0,0,0,0,0,0,0,0,0,0,0,0,26,0,0,1,0,0,16,1,0,0,9,13,380,7,13,0,97,0,290,29,296,0,182,0,115,0,13,0,64,12,48,0,28,0,76,1,226,0,0,0,0
15,101,47,23,204,0,0,38,0,10,64,144,42,74,315,117,16,0,71,173,142,115,100,20,2,4,0,172,0,22,0,99,8,195,0,71,11,113,0,4,3,60,0,5,3,4,0,9,0,5,7,16,0,0,0,15,0,2,0,0,0,0,0,0,0,8,0,4,0,0,0,0,0,0,0,0,0,0,0,0,0,3,0,0,0,0,0,0,0,0,0,0,0,0,0,0,0,0,0,0,0,0,0,0,0,0,0,0,0,0,0,0,0,0,0,0,0,0,0,0,0,3,0,0,0,9,0,8,0,0,0,0,0,7,0,39,0,49,0,0,0,0,0,0,0,0,0,2,0,20,0,12,1,7,0,4,0,1,0,0,0,0,0,0,0,2,0,61,0,13,0,7,2,40,0,0,24,167,0,0,0,10,0,3,1,3,1,6,0,0,0,0,0,0,0,0,0,1,0,0,0,0,0,0,0,0,0,13,0,19,0,2,0,0,0,13,0,0,0,0,12,354,0,14,0,110,0,216,0,193,0,144,0,270,0,28,0,107,0,27,1,29,2,60,0,103,0,0,0
7,81,64,3,26,0,0,0,41,139,6,0,32,0,22,0,6,28,3,0,0,0,6,0,72,119,11,0,37,0,3,0,3,0,0,0,5,10,126,28,17,0,0,0,0,0,2,0,6,0,0,0,43,19,173,40,14,0,5,0,88,20,221,128,2,0,0,7,0,0,0,1,0,0,0,0,0,0,0,0,0,0,0,0,2,0,0,0,0,0,0,0,0,0,0,0,7,0,0,0,0,0,0,0,0,0,5,0,0,0,0,0,0,0,0,0,0,0,0,0,0,0,0,0,0,0,27,0,9,0,45,0,0,0,30,0,11,0,9,0,3,0,7,3,0,0,8,0,11,0,3,0,0,0,2,0,0,2,0,0,5,0,1,0,3,0,0,0,14,0,35,0,86,5,0,0,16,23,0,0,0,0,0,21,0,0,0,0,0,0,0,0,0,0,0,0,0,0,0,0,0,0,0,0,0,0,0,0,46,0,22,0,0,0,183,0,0,0,0,2,140,0,29,0,51,0,102,0,97,5,62,0,213,4,13,6,23,0,171,0,86,0,96,1,415,12,0,0,0
34,46,27,19,0,38,0,0,215,46,0,19,0,17,0,9,0,0,0,34,4,2,24,6,105,261,0,36,2,120,0,2,0,24,0,0,0,26,0,158,0,13,0,0,0,0,0,1,0,0,0,2,19,15,67,308,1,29,0,9,6,124,51,99,0,14,31,16,0,0,0,0,0,0,0,0,0,0,0,0,0,0,0,0,0,0,0,0,0,1,0,0,0,0,0,0,0,0,0,0,0,0,0,0,0,0,0,0,0,0,0,0,0,0,0,0,0,0,0,0,0,0,0,1,0,15,0,16,0,14,0,38,0,10,0,0,0,15,0,5,0,0,0,0,0,1,0,0,0,5,0,0,0,0,0,7,0,14,0,0,0,20,0,0,0,3,0,1,0,8,0,20,3,63,0,0,8,14,0,0,0,0,0,9,0,8,0,0,0,0,0,0,0,0,0,0,0,0,0,0,0,0,0,0,0,0,0,0,0,14,0,21,0,6,0,192,0,0,0,8,0,342,0,40,1,58,9,88,0,177,0,59,0,454,0,23,0,15,0,138,0,29,1,36,0,299,0,0,0
24,92,12,6,26,0,41,215,0,426,9,0,32,0,16,0,2,25,6,0,0,0,0,2,0,263,12,0,0,4,0,0,2,0,0,0,3,9,46,0,16,0,4,0,5,0,0,0,0,0,3,0,13,105,157,284,37,29,22,64,91,22,54,218,37,0,75,61,0,0,0,0,0,0,0,0,0,0,0,0,0,0,0,0,0,0,0,0,0,0,0,0,0,0,0,0,0,0,0,0,0,0,0,0,0,0,0,0,0,0,0,0,0,0,0,0,0,0,1,0,0,0,0,0,25,0,42,0,0,0,72,0,3,0,0,0,2,0,0,0,0,0,0,0,0,0,29,0,102,0,25,0,9,0,4,2,3,0,0,2,6,0,0,0,0,1,0,0,8,0,38,0,46,5,0,0,270,99,3,0,4,0,2,16,47,23,0,0,0,0,0,0,0,0,0,0,4,0,0,0,0,0,0,0,0,0,4,0,66,0,7,0,0,0,90,0,1,0,6,0,0,0,4,0,5,1,105,2,60,0,24,0,96,4,11,0,8,2,164,0,74,0,96,1,227,8,0,0,0
9,50,9,1,0,10,139,46,426,0,0,19,0,4,0,7,0,0,2,14,0,0,5,1,113,13,0,0,0,0,0,0,0,0,0,0,0,20,0,31,0,0,0,2,0,0,0,0,0,3,0,0,63,19,246,64,16,23,43,14,0,181,128,98,0,197,26,147,0,0,0,0,0,3,0,0,0,0,0,0,0,0,0,0,0,0,0,0,0,0,0,0,0,0,0,0,0,0,0,0,0,0,0,0,0,0,0,0,0,0,0,0,0,0,0,0,0,0,0,0,0,0,0,0,0,25,0,47,0,11,0,73,0,11,1,6,0,21,0,0,0,1,0,1,0,0,0,23,0,68,0,48,0,9,0,8,2,39,0,3,0,16,0,0,0,0,0,1,0,0,3,21,0,47,0,0,37,277,0,1,0,0,0,21,0,56,0,0,0,1,0,0,0,6,0,0,0,2,0,2,0,0,0,0,0,0,0,21,0,97,0,0,0,5,0,143,0,0,0,7,1,189,0,19,0,21,11,147,0,149,0,29,0,244,0,18,0,6,0,140,0,11,3,35,0,317,0,0,0
51,12,7,7,48,64,6,0,9,0,0,30,181,0,2,172,0,0,0,25,1,11,0,45,0,3,10,0,0,0,9,0,71,7,0,0,77,1,0,0,53,2,2,0,8,0,0,0,1,0,14,1,0,0,1,0,0,0,0,0,0,0,0,0,0,0,0,0,0,0,0,0,0,0,0,0,0,0,0,0,0,0,0,0,0,0,0,0,0,0,0,0,0,0,0,0,0,0,0,0,0,0,0,0,0,0,0,0,0,0,0,0,0,0,0,0,0,0,0,0,0,0,0,0,0,0,0,0,0,0,2,0,0,0,0,0,0,0,0,0,0,0,0,0,0,0,5,0,4,0,18,0,13,0,0,0,0,0,0,0,0,0,0,0,15,0,28,0,35,0,0,0,20,0,0,0,60,26,12,0,16,0,0,0,7,0,1,0,0,0,0,0,0,0,0,0,0,0,1,0,0,0,0,0,0,0,0,0,0,0,0,0,0,0,4,0,0,0,6,0,75,0,0,0,23,0,149,0,119,0,60,0,45,5,0,0,24,3,20,0,5,0,26,1,83,0,0,0,0
5,100,38,1,119,144,0,19,0,19,30,0,7,202,304,11,21,2,38,39,156,29,135,10,0,1,6,104,0,6,4,44,4,79,2,34,8,86,0,13,0,129,0,1,0,12,0,15,0,3,0,4,0,0,0,16,0,0,0,1,0,0,0,4,0,4,0,0,0,0,0,0,0,0,0,0,0,0,0,0,0,0,0,0,0,0,0,0,0,0,0,0,0,0,0,0,0,0,0,0,0,0,0,0,0,0,0,0,0,0,0,0,0,0,0,0,0,0,0,0,0,0,0,0,0,0,0,4,0,0,0,7,0,0,0,6,0,6,0,0,0,0,0,1,0,0,0,0,0,14,0,9,0,27,0,0,0,0,0,0,0,0,0,0,0,0,3,21,0,4,0,2,0,18,0,7,14,141,0,3,0,36,0,5,0,10,0,7,0,0,0,0,0,0,0,0,0,0,0,0,0,0,0,0,0,0,0,0,0,8,0,0,0,0,0,0,0,0,0,0,10,150,0,9,0,23,6,209,7,65,0,91,0,137,0,15,0,43,0,11,1,25,0,29,0,73,0,0,0
127,1,118,0,113,42,32,0,32,0,181,7,0,149,41,24,0,0,35,231,40,39,1,0,1,0,59,181,0,0,4,0,12,0,40,5,41,0,0,0,142,78,52,7,31,11,10,17,8,1,126,13,0,0,11,0,0,0,0,0,0,0,0,1,7,0,2,0,0,0,0,0,0,0,0,0,0,0,0,0,0,0,0,0,0,0,0,0,0,0,0,0,0,0,0,0,2,0,0,0,0,0,0,0,0,0,0,0,0,0,0,0,0,0,0,0,0,0,0,0,0,0,0,0,5,0,0,0,0,0,10,0,0,0,8,0,0,0,0,0,0,0,0,0,0,0,11,0,20,0,24,0,19,0,0,0,0,0,0,0,1,0,0,0,31,0,0,0,0,1,0,0,6,0,10,0,47,40,17,0,50,0,9,0,18,0,35,9,0,0,0,0,0,0,0,0,1,0,0,0,0,0,0,0,0,0,3,0,0,0,0,0,0,0,2,0,4,0,47,48,86,4,0,10,155,0,108,3,57,0,29,0,0,2,5,0,16,6,0,0,7,0,10,0,0,0,0,0,0
2,108,0,2,97,74,0,17,0,4,0,202,149,0,64,0,0,0,322,24,51,47,0,0,0,0,210,44,0,0,0,8,0,0,0,53,0,49,0,0,66,239,60,72,16,18,7,14,0,13,63,105,0,0,0,9,0,4,0,0,0,0,0,0,0,4,0,0,0,0,0,0,0,0,0,0,0,0,0,0,0,0,0,0,0,0,0,0,0,0,0,0,0,0,0,0,0,0,0,0,0,0,0,0,0,0,0,0,0,0,0,0,0,0,0,0,0,0,0,0,0,0,0,0,0,0,0,3,0,0,1,11,0,0,0,0,0,7,0,0,0,0,0,0,0,0,0,0,0,10,0,15,0,0,0,0,0,0,0,0,0,0,0,0,0,0,0,2,0,0,0,0,0,2,0,0,3,132,0,4,0,27,0,1,0,4,3,34,0,0,0,0,0,0,0,0,0,0,0,0,0,0,0,0,0,0,0,0,0,12,0,3,0,0,0,0,0,0,0,132,3,8,0,12,5,110,0,110,2,24,0,0,0,38,0,8,0,5,0,6,0,5,0,10,0,0,0,0,0
8,11,145,6,72,315,22,0,16,0,2,304,41,64,0,675,25,0,189,304,106,144,119,78,42,1,96,40,0,0,131,25,20,36,133,32,112,39,0,0,35,0,0,4,13,0,10,0,0,0,81,0,10,0,67,0,0,0,1,0,0,0,21,0,15,0,0,0,0,0,2,0,0,0,0,0,0,0,0,0,0,0,0,0,0,0,0,0,0,0,47,0,0,0,0,0,59,0,0,0,0,0,0,0,0,0,92,0,0,0,0,0,0,0,0,0,0,0,0,0,0,0,0,0,15,0,0,0,0,0,34,0,4,0,232,0,38,0,8,0,0,0,85,0,0,0,32,0,74,0,56,0,20,0,0,0,5,0,0,0,0,0,0,0,18,0,22,0,0,0,7,0,2,2,0,0,25,40,3,0,0,0,2,0,36,0,0,1,0,0,0,0,0,0,0,0,0,0,24,0,64,0,0,0,0,0,34,0,130,0,0,0,0,0,21,0,0,0,0,4,0,0,0,0,0,0,120,55,59,0,16,0,29,0,1,0,6,5,24,2,10,0,16,0,28,0,0,0,0
37,39,72,175,296,117,0,9,0,7,172,11,24,0,675,0,42,39,53,295,296,177,202,24,2,47,0,69,1,2,20,91,8,32,14,28,22,18,0,0,4,1,0,5,0,7,0,0,0,0,5,10,0,0,0,114,0,20,0,16,0,7,0,35,0,7,0,0,0,0,0,0,0,0,0,0,0,0,0,0,0,0,0,0,0,131,0,26,0,34,0,0,0,0,0,0,0,0,0,0,0,0,0,0,0,0,0,57,0,0,0,0,0,0,0,0,0,0,0,0,0,0,0,7,0,6,0,19,0,21,0,0,0,27,0,277,0,261,0,38,0,0,0,118,0,2,0,2,0,13,0,11,0,2,5,12,0,0,0,0,0,0,0,0,0,3,5,24,0,0,0,3,0,10,0,0,20,39,0,1,3,0,0,0,0,2,0,0,0,0,0,0,0,0,0,1,0,0,0,9,0,32,0,0,0,0,0,21,0,52,0,0,0,0,0,5,0,0,0,0,19,32,0,0,0,0,18,418,19,51,0,23,0,49,0,0,0,5,0,23,0,4,3,18,10,40,0,0,0
5,145,27,53,4,16,6,0,2,0,0,21,0,0,25,42,0,66,70,0,244,0,61,131,62,148,34,0,426,15,133,0,151,10,0,0,27,23,155,35,0,0,8,0,14,0,0,0,2,0,4,0,18,0,8,8,0,0,0,0,7,0,277,58,0,0,0,0,0,0,0,0,4,0,13,0,0,0,0,0,93,0,0,0,131,6,51,0,0,0,177,0,0,0,22,0,225,0,134,0,0,0,0,0,17,0,221,0,0,0,0,0,0,0,0,0,0,0,0,0,39,0,60,0,0,0,0,0,15,0,0,0,0,0,47,0,37,0,74,0,23,0,118,0,0,0,0,0,0,0,0,0,0,0,6,0,0,0,12,0,0,0,0,0,3,0,11,0,17,0,9,0,38,4,0,0,0,0,0,0,0,0,0,6,0,0,0,0,0,0,0,0,0,0,1,0,0,0,0,0,38,0,0,0,0,0,0,0,9,0,3,1,0,0,28,1,0,0,0,0,79,0,6,0,12,0,435,24,61,0,13,0,66,0,0,0,1,0,22,0,12,0,5,0,69,0,0,0,0
60,8,55,0,0,0,28,0,25,0,0,2,0,0,0,39,66,0,1,28,4,69,77,43,85,10,0,14,0,142,0,6,0,30,0,0,0,5,14,92,0,0,0,2,0,0,0,0,0,0,0,0,0,2,0,12,0,0,0,2,0,7,0,77,0,0,0,0,0,0,0,0,0,0,0,0,0,0,0,0,0,8,0,0,0,87,0,0,0,6,0,0,0,0,0,0,0,21,0,0,0,0,0,0,0,0,0,0,0,0,0,0,0,0,0,0,0,0,0,0,0,6,0,4,0,0,0,0,0,23,0,0,0,0,0,75,0,110,1,27,0,0,0,75,2,0,0,0,0,0,0,0,0,0,0,9,0,0,0,0,1,0,0,0,0,0,0,1,0,0,0,1,0,5,0,0,0,0,0,3,0,0,1,0,0,0,0,0,0,0,0,0,0,0,0,0,0,0,0,0,0,6,0,0,0,0,0,0,0,0,0,1,0,0,0,5,0,0,0,0,0,30,0,0,0,7,4,308,0,13,0,0,0,11,0,0,0,0,0,5,3,0,0,0,1,4,0,0,0
3,0,32,0,54,71,3,0,6,2,0,38,35,322,189,53,70,1,0,372,233,89,135,0,12,0,90,293,0,0,2,0,2,0,91,24,21,13,0,0,46,76,78,14,17,10,18,17,1,2,246,25,7,0,13,0,0,0,0,0,0,0,96,0,12,0,0,0,0,0,0,0,0,0,0,0,0,0,0,0,0,0,0,0,0,0,0,0,12,0,58,0,0,0,0,0,54,0,0,0,0,0,0,0,0,0,151,0,0,0,0,0,2,0,0,0,0,0,0,0,0,0,9,0,0,0,5,0,0,0,0,0,0,0,133,0,0,0,0,0,0,0,48,0,0,0,0,0,0,0,24,0,0,0,1,0,0,0,0,0,0,0,0,0,31,0,7,0,20,0,0,0,6,0,1,0,8,21,4,0,0,0,0,0,13,0,1,7,0,0,0,0,0,0,0,0,3,0,0,0,32,0,0,0,0,0,17,0,41,0,0,0,0,0,0,0,0,0,20,40,44,3,2,5,161,18,109,7,39,0,21,0,14,0,0,2,0,0,9,0,6,0,12,0,38,0,0,0,0
0,129,0,96,278,173,0,34,0,14,25,39,231,24,304,295,0,28,372,0,134,107,0,122,0,24,56,119,0,3,6,44,0,0,22,102,8,45,0,0,15,40,15,17,10,9,3,18,0,0,36,68,0,0,0,71,0,0,0,9,0,6,0,39,0,15,0,2,0,0,0,0,0,0,0,0,0,0,0,9,0,0,0,0,0,160,0,27,0,0,0,0,0,0,0,0,0,0,0,35,0,0,0,0,0,0,0,56,0,0,0,0,0,0,0,0,0,0,0,0,0,0,0,25,0,0,0,27,0,6,0,11,0,16,0,254,0,215,3,27,0,11,0,85,0,4,0,0,0,27,0,24,0,0,0,3,0,0,0,0,0,0,0,0,0,2,0,10,0,0,0,0,1,4,0,3,15,59,3,1,0,0,0,0,0,0,0,7,0,0,0,0,0,0,0,0,0,3,0,0,0,0,0,0,0,0,0,30,0,44,0,2,0,0,0,0,0,0,0,32,13,34,0,13,0,127,0,254,0,79,0,24,1,60,0,7,0,28,0,19,0,4,0,16,0,49,0,0,0
0,19,26,8,109,142,0,4,0,0,1,156,40,51,106,296,244,4,233,134,0,67,38,90,8,3,93,42,88,0,157,9,32,22,28,19,48,27,2,4,0,0,68,2,45,0,6,3,0,0,45,4,18,0,0,0,0,0,0,0,0,0,214,0,0,0,0,0,0,0,83,0,0,0,54,0,0,0,0,0,199,0,0,0,63,0,145,0,0,0,148,0,9,0,0,0,136,0,232,0,43,0,0,0,0,0,183,0,0,0,0,0,0,0,0,0,0,0,0,0,124,0,73,0,0,0,0,0,0,0,0,0,0,0,31,0,24,0,40,0,59,0,89,0,70,0,0,0,0,0,2,0,0,0,0,0,0,0,0,0,0,0,0,0,21,0,22,0,0,0,4,0,0,0,0,0,4,0,17,0,0,0,0,0,0,0,1,0,0,0,0,0,0,0,0,0,2,0,0,0,10,0,0,0,0,0,9,0,9,1,0,0,0,0,0,0,0,0,3,10,63,0,5,1,33,0,250,18,41,0,32,0,19,0,3,0,0,5,14,0,9,0,15,0,47,0,0,0,0
1,9,4,10,76,115,0,2,0,0,11,29,39,47,144,177,0,69,89,107,67,0,9,164,0,11,11,184,0,76,0,14,0,8,0,15,1,14,0,0,0,3,3,16,0,56,0,0,0,2,7,14,0,7,0,22,0,11,0,0,0,5,0,183,0,0,0,0,0,0,0,13,0,0,0,5,0,8,0,0,0,42,0,0,0,183,0,27,0,0,0,0,0,0,0,39,0,32,0,32,0,0,0,7,0,0,0,0,0,0,0,0,0,0,0,0,0,0,0,0,0,53,0,45,0,1,0,19,0,20,0,0,0,17,0,107,0,286,0,242,0,195,0,291,0,48,0,2,0,0,0,0,0,0,0,9,0,1,0,6,0,0,0,2,0,1,0,10,0,4,0,0,0,8,0,1,0,33,2,0,0,0,0,0,0,0,0,4,0,0,0,0,0,0,0,0,0,0,0,0,0,0,0,0,0,0,0,5,0,0,0,0,0,0,0,3,0,0,0,42,2,56,0,15,2,64,2,446,0,51,0,49,0,74,0,5,1,17,0,12,0,11,0,20,0,27,0,0,0
11,331,476,141,74,100,6,24,0,5,0,135,1,0,119,202,61,77,135,0,38,9,0,374,54,180,45,0,41,25,33,11,24,30,0,0,24,24,68,42,0,0,0,0,15,0,0,0,0,0,0,0,0,0,99,0,0,0,0,0,0,0,34,0,0,0,0,0,0,0,0,0,0,0,0,0,0,0,0,0,0,0,0,0,35,0,0,0,0,0,116,0,0,0,0,0,110,0,0,0,0,0,0,0,0,0,169,0,0,0,0,0,0,0,0,0,0,0,0,0,0,0,0,0,3,0,0,0,0,0,0,0,0,0,206,0,78,0,40,0,0,0,170,0,0,0,4,0,3,0,11,0,0,0,7,0,0,0,12,0,0,0,0,0,0,0,0,0,17,0,1,1,32,2,0,0,14,43,0,0,0,1,1,5,0,0,0,0,0,0,0,0,0,0,0,0,0,0,0,0,71,0,0,0,0,0,28,0,85,1,6,0,0,0,26,0,0,0,4,0,49,0,15,0,0,0,302,69,58,0,10,0,55,14,0,1,2,0,16,0,10,1,9,0,52,3,0,0,0
150,15,119,136,93,20,0,6,2,1,45,10,0,0,78,24,131,43,0,122,90,164,374,0,23,28,0,43,3,53,10,37,0,54,0,7,11,15,4,28,0,0,0,3,0,5,0,0,0,0,0,0,0,10,0,34,0,5,0,0,0,0,0,108,0,0,0,0,0,0,0,4,0,0,0,1,0,0,0,0,0,25,0,0,0,134,0,20,0,0,0,0,0,0,0,36,0,31,0,12,0,0,0,0,0,0,0,0,0,0,0,0,0,0,0,0,0,0,0,0,0,14,0,7,0,0,0,0,0,5,0,0,0,6,0,108,0,68,0,24,0,5,0,77,0,6,0,0,0,0,0,0,0,0,0,0,0,0,0,1,0,2,0,0,0,0,0,4,0,0,0,1,0,6,0,0,3,0,0,0,0,0,1,1,0,0,0,0,0,0,0,0,0,0,0,0,0,0,0,0,0,9,0,0,0,0,0,0,0,4,0,0,0,0,0,0,0,0,0,0,0,25,0,5,0,0,12,740,0,25,0,8,0,28,0,3,0,4,0,0,0,4,1,6,0,10,0,0,0
6,205,49,27,2,2,72,105,0,113,0,0,1,0,42,2,62,85,12,0,8,0,54,23,0,297,0,0,69,19,0,0,0,10,0,0,6,39,73,82,0,0,0,0,5,0,0,0,0,0,3,0,37,9,40,17,2,1,0,2,13,38,77,187,0,0,0,0,0,0,0,0,0,0,0,1,0,0,0,0,0,0,0,0,25,0,0,0,0,0,0,0,0,0,0,0,67,0,33,0,4,0,9,0,0,0,69,0,0,0,0,0,0,0,0,0,0,0,0,0,0,0,0,0,2,0,0,0,28,1,3,0,0,0,82,0,64,0,64,0,17,0,102,0,1,0,0,0,0,0,1,0,0,0,13,0,0,2,14,0,3,0,2,0,0,0,0,0,7,0,4,0,46,2,0,0,0,10,0,0,0,0,0,25,0,0,0,0,0,0,0,0,0,0,0,0,0,0,10,0,33,0,0,0,0,0,0,0,40,0,0,0,0,0,24,2,0,0,0,0,40,0,7,0,7,2,194,11,63,0,17,0,85,7,0,0,3,0,34,6,30,0,15,0,116,0,0,0,0
205,59,116,171,7,4,119,261,263,13,3,1,0,0,1,47,148,10,0,24,3,11,180,28,297,0,0,0,3,12,0,2,0,0,0,0,4,8,25,0,0,0,0,0,0,1,0,0,0,0,0,0,0,0,24,88,0,25,0,9,0,7,95,17,6,0,0,0,0,0,0,0,0,0,0,0,0,0,0,0,0,0,0,0,0,19,0,0,0,0,0,0,0,0,0,0,0,3,0,0,0,0,0,0,0,0,0,0,0,0,0,0,0,0,0,0,0,0,0,0,0,0,0,0,0,4,0,0,0,10,2,0,0,21,0,108,0,138,0,41,0,0,0,28,6,0,0,0,0,0,0,2,0,0,3,27,0,0,0,5,0,0,0,0,0,0,0,0,0,0,0,1,6,11,0,0,0,7,0,0,0,0,0,12,0,0,0,0,0,0,0,0,0,0,0,0,0,0,0,0,0,0,0,0,0,0,0,0,0,13,0,0,0,0,0,0,0,0,0,0,0,9,0,2,0,0,12,289,10,16,0,4,0,9,0,0,0,2,0,9,0,0,1,1,0,9,0,0,0
14,0,34,0,59,0,11,0,12,0,10,6,59,210,96,0,34,0,90,56,93,11,45,0,0,0,0,254,19,0,9,0,0,2,22,0,38,0,0,0,142,261,200,6,103,47,22,63,12,2,139,17,8,0,8,0,0,0,0,0,0,0,71,0,4,0,0,0,0,0,20,0,0,0,0,0,0,0,0,0,0,0,0,0,28,0,0,0,0,0,55,0,0,0,0,0,0,0,46,0,0,1,0,0,0,0,0,0,0,0,0,0,0,0,0,0,0,0,0,0,0,0,0,0,0,0,0,0,0,0,0,0,0,0,71,0,11,0,0,0,0,0,31,0,0,0,10,0,12,0,14,0,0,0,0,0,0,0,0,0,0,0,0,0,60,0,0,0,0,1,0,0,9,0,0,0,8,35,7,0,0,0,0,0,20,0,13,9,0,0,0,0,0,0,0,0,0,0,0,0,0,0,0,0,0,0,0,0,28,0,0,0,0,0,0,0,0,0,255,68,0,0,15,21,247,6,28,0,23,0,0,0,4,0,1,0,0,0,0,0,0,0,2,0,0,0,0,0,0
1,136,0,27,58,172,0,36,0,0,0,104,181,44,40,69,0,14,293,119,42,184,0,43,0,0,254,0,0,0,1,7,0,0,0,65,0,37,0,0,103,61,84,147,15,115,8,30,0,8,55,126,0,4,0,37,0,0,0,0,0,7,0,41,0,0,1,3,0,0,0,5,0,0,0,0,0,0,0,0,0,0,0,0,0,94,0,23,0,0,0,0,0,0,0,0,0,22,0,0,0,0,0,0,0,0,0,0,0,0,0,0,0,0,0,0,0,0,0,0,0,0,0,27,0,9,0,12,0,0,0,14,0,7,0,95,0,106,0,0,0,0,0,81,0,15,0,0,0,0,0,27,0,15,0,4,0,0,0,0,0,8,0,0,0,7,0,0,0,8,0,2,0,0,0,0,5,33,2,0,0,0,0,0,0,14,0,19,0,0,0,0,0,0,0,0,0,9,0,0,0,0,0,0,0,0,0,0,0,33,0,0,0,0,0,0,0,0,0,362,0,18,0,36,0,173,0,130,0,38,0,0,0,0,0,0,0,11,0,14,0,0,0,6,0,31,0,0,0
28,0,176,0,14,0,37,2,0,0,0,0,0,0,0,1,426,0,0,0,88,0,41,3,69,3,19,0,0,0,47,0,4,0,36,0,84,0,21,0,0,0,46,0,7,0,0,0,0,0,23,0,1,0,0,0,0,0,0,0,1,0,36,2,0,0,0,0,0,0,12,0,0,0,0,0,0,0,0,0,34,0,0,0,29,0,32,0,0,0,16,0,0,0,9,0,23,0,42,0,0,0,0,0,0,0,0,0,0,0,0,0,0,0,0,0,0,0,0,0,18,0,21,0,0,0,0,0,0,0,0,0,0,0,0,0,15,0,34,0,44,0,47,0,14,0,0,0,0,0,0,0,0,0,0,0,0,0,0,0,0,0,0,0,0,0,0,0,0,0,1,0,1,0,0,0,2,0,0,0,0,0,0,0,0,0,0,0,0,0,0,0,0,0,0,0,0,0,0,0,0,0,0,0,0,0,0,0,0,0,0,0,0,0,0,0,0,0,0,0,0,0,0,0,0,0,88,0,0,0,0,0,0,0,0,0,0,0,1,0,0,0,0,0,1,0,0,0,0
16,165,0,173,0,22,0,120,4,0,0,6,0,0,0,2,15,142,0,3,0,76,25,53,19,12,0,0,0,0,0,63,0,0,0,65,0,32,0,1,0,0,0,2,0,0,0,0,0,0,0,6,0,0,0,5,0,0,0,0,0,3,1,75,0,0,0,0,0,0,0,0,0,0,0,0,0,0,0,4,0,0,0,0,0,15,0,4,0,2,0,0,0,0,0,0,0,0,0,0,0,0,0,0,0,0,0,6,0,0,0,0,0,0,0,0,0,0,0,0,0,0,0,0,0,0,0,8,0,4,0,0,0,6,0,38,0,57,0,90,0,25,0,18,0,5,0,0,0,0,0,0,0,0,0,5,0,0,0,9,0,2,0,0,0,0,0,0,0,0,0,0,0,0,0,0,0,27,0,3,0,0,0,5,0,0,0,0,0,0,0,0,0,0,0,0,0,0,0,0,0,3,0,0,0,0,0,0,0,2,0,0,0,0,0,0,0,0,0,0,0,0,0,0,0,0,0,140,0,0,0,0,0,0,0,0,0,0,0,0,0,0,0,0,0,0,0,0,0
19,0,159,1,198,0,3,0,0,0,9,4,4,0,131,20,133,0,2,6,157,0,33,10,0,0,9,1,47,0,0,0,7,0,28,0,6,0,2,0,0,0,23,0,3,0,0,1,0,0,13,0,0,0,0,0,0,0,0,0,0,0,17,0,0,0,0,0,0,0,9,0,0,0,0,0,0,0,0,0,0,0,0,0,0,0,21,0,0,0,15,0,0,0,10,0,14,0,27,0,8,0,0,0,0,0,25,0,0,0,0,0,0,0,0,0,0,0,0,0,0,0,9,0,0,0,0,0,0,0,2,0,0,0,0,0,5,0,0,0,5,0,15,0,12,0,0,0,0,0,0,0,0,0,0,0,0,0,0,0,0,0,0,0,0,0,27,0,10,0,3,0,6,0,0,0,6,1,2,0,0,0,0,0,0,0,0,0,0,0,0,0,0,0,0,0,0,0,0,0,2,0,0,0,0,0,0,0,4,0,0,0,0,0,0,0,0,0,0,0,17,0,0,0,4,0,91,0,18,0,14,0,8,0,1,0,8,0,0,0,0,0,5,0,15,0,0,0,0
0,0,0,22,10,99,0,2,0,0,0,44,0,8,25,91,0,6,0,44,9,14,11,37,0,2,0,7,0,63,0,0,0,5,0,15,0,2,0,0,0,0,0,10,0,3,0,0,0,0,0,6,0,0,0,0,0,1,0,0,0,2,0,21,0,0,0,1,0,0,0,1,0,0,0,0,0,0,0,0,0,4,0,0,0,0,0,0,0,6,0,0,0,0,0,0,0,6,0,0,0,3,0,0,0,0,0,3,0,0,0,0,0,0,0,0,0,0,0,0,0,0,0,0,0,0,0,0,0,0,0,0,0,0,0,19,0,54,0,30,0,22,0,39,0,7,0,0,0,0,0,0,0,0,0,0,0,0,0,3,0,1,0,0,0,0,0,3,0,0,0,0,0,0,0,0,0,10,0,0,0,0,0,0,0,0,0,1,0,0,0,0,0,0,0,0,0,0,0,0,0,0,0,0,0,0,0,0,0,0,0,0,0,0,0,0,0,0,0,0,0,19,0,3,0,10,0,101,0,26,0,12,0,17,0,0,0,0,0,0,0,0,0,4,0,6,0,0,0
59,6,209,0,194,8,3,0,2,0,71,4,12,0,20,8,151,0,2,0,32,0,24,0,0,0,0,0,4,0,7,0,0,0,86,1,38,0,0,0,0,0,6,0,0,0,0,0,0,0,5,0,0,0,0,0,1,0,0,0,0,0,9,0,0,0,0,0,0,0,0,0,0,0,0,0,0,0,0,0,0,0,0,0,0,0,0,0,0,0,2,0,0,0,0,0,0,0,0,0,0,0,0,0,0,0,0,0,0,0,0,0,0,0,0,0,0,0,0,0,2,0,2,0,0,0,0,0,0,0,0,0,0,0,0,0,5,0,46,0,19,0,0,0,45,0,0,0,0,0,0,0,0,0,2,0,12,0,3,0,0,0,0,0,4,0,22,0,7,0,1,0,8,0,0,0,15,6,11,0,0,0,2,0,0,0,0,0,0,0,0,0,0,0,0,0,0,0,0,0,0,0,0,0,0,0,0,0,0,0,0,0,0,0,0,0,0,0,0,0,16,0,0,0,0,0,180,1,6,0,0,0,0,0,0,0,0,0,0,0,0,0,1,0,0,2,0,0,0
9,140,15,72,15,195,0,24,0,0,7,79,0,0,36,32,10,30,0,0,22,8,30,54,10,0,2,0,0,0,0,5,0,0,0,31,0,24,0,0,0,0,0,2,0,1,0,0,0,0,0,5,0,1,0,0,0,0,0,0,0,1,0,11,0,0,0,0,0,0,0,0,0,0,0,0,0,0,0,0,0,0,0,0,0,32,0,0,0,0,0,0,0,0,0,0,0,5,0,0,0,0,0,0,0,0,0,0,0,0,0,0,0,0,0,0,0,0,0,0,0,0,0,0,0,0,0,0,0,0,0,0,0,2,0,20,0,24,0,9,0,2,0,12,0,0,0,0,0,0,0,0,0,0,0,0,0,0,0,0,0,2,0,0,0,0,0,7,0,0,0,1,0,2,0,0,0,47,0,4,0,0,0,18,0,0,0,0,0,0,0,0,0,0,0,0,0,0,0,0,0,0,0,0,0,0,0,0,0,0,0,0,0,0,0,0,0,0,0,0,0,15,0,0,0,0,1,267,0,11,0,8,1,8,0,0,0,3,0,2,0,0,0,0,0,6,0,0,0
0,0,0,0,59,0,0,0,0,0,0,2,40,0,133,14,0,0,91,22,28,0,0,0,0,0,22,0,36,0,28,0,86,0,0,0,34,0,0,0,1,0,40,0,16,0,0,0,1,0,22,0,0,0,0,0,0,0,0,0,0,0,0,0,0,0,0,0,0,0,32,0,6,0,0,0,0,0,0,0,49,0,0,0,0,0,0,0,0,0,19,0,0,0,0,0,0,0,73,0,0,0,0,0,0,0,20,0,0,0,0,0,0,0,0,0,0,0,0,0,39,0,13,0,0,0,0,0,2,0,0,0,0,0,0,0,4,0,0,0,0,0,11,0,0,0,0,0,0,0,0,0,0,0,0,0,2,0,0,0,0,0,0,0,13,0,14,0,12,0,0,0,12,0,0,0,5,0,48,0,0,0,0,0,0,0,1,0,0,0,0,0,0,0,0,0,0,0,0,0,0,0,0,0,0,0,0,0,0,0,0,0,0,0,0,0,0,0,8,0,39,0,4,0,30,0,66,0,20,0,17,0,0,0,3,0,12,0,0,0,0,0,8,0,0,0,0,0,0
0,0,0,0,22,71,0,0,0,0,0,34,5,53,32,28,0,0,24,102,19,15,0,7,0,0,0,65,0,65,0,15,1,31,0,0,1,56,0,0,0,2,0,0,0,21,0,0,0,3,0,6,0,0,0,0,0,0,0,0,0,0,0,6,0,0,0,0,0,0,0,0,0,0,0,0,0,0,0,0,0,0,0,0,0,26,0,9,0,0,0,0,0,0,0,0,0,0,0,0,0,0,0,0,0,0,0,2,0,0,0,0,0,0,0,0,0,0,0,0,0,0,0,7,0,0,0,0,0,0,0,0,0,0,0,9,0,24,0,35,0,30,0,35,0,10,0,0,0,0,0,0,0,0,0,0,0,0,0,0,0,0,0,2,0,4,0,10,0,6,0,0,0,6,0,0,0,27,0,0,0,0,0,0,0,0,0,19,0,0,0,0,0,0,0,0,0,0,0,0,0,0,0,0,0,0,0,0,0,1,0,0,0,0,0,0,0,0,0,21,0,16,0,6,0,75,0,101,0,30,0,0,0,25,0,3,0,0,0,6,0,0,0,4,0,13,0,0,0
77,8,64,7,220,11,5,0,3,0,77,8,41,0,112,22,27,0,21,8,48,1,24,11,6,4,38,0,84,0,6,0,38,0,34,1,0,0,7,0,11,0,64,0,30,0,0,0,0,0,87,0,0,0,0,0,2,0,4,0,20,0,23,1,0,0,0,0,0,0,58,0,0,0,28,0,0,0,0,0,50,0,0,0,11,0,50,0,0,0,0,0,0,0,0,0,0,0,43,0,0,0,0,0,0,0,0,0,0,0,0,0,0,0,0,0,0,0,0,0,50,0,18,0,0,0,0,0,1,0,0,0,0,0,9,0,27,0,91,0,119,0,59,0,115,0,0,0,0,0,0,0,0,0,1,0,26,0,0,0,0,0,7,0,36,0,41,0,29,0,25,0,37,0,0,2,18,4,41,1,0,0,0,0,1,0,1,0,0,0,0,0,0,0,0,0,0,0,0,0,0,0,0,0,0,0,0,0,0,0,0,0,0,0,1,0,0,0,2,0,48,0,0,0,21,0,139,0,31,0,17,0,12,0,1,0,0,1,2,0,3,0,0,0,18,0,0,0,0
15,131,20,27,14,113,10,26,9,20,1,86,0,49,39,18,23,5,13,45,27,14,24,15,39,8,0,37,0,32,0,2,0,24,0,56,0,0,0,1,0,0,2,22,0,5,0,0,0,1,0,22,0,0,0,0,0,4,0,0,0,19,1,22,0,0,0,3,0,0,0,2,0,0,0,0,0,0,0,2,0,3,0,0,0,27,0,4,0,0,0,0,0,0,0,9,0,0,0,6,0,0,0,0,0,0,0,1,0,0,0,0,0,0,0,0,0,0,0,0,0,9,0,7,0,0,0,0,0,0,0,0,0,0,0,6,0,46,0,97,0,85,0,53,0,84,0,0,0,0,0,0,0,0,0,20,0,69,0,15,0,3,0,1,0,1,0,12,0,1,0,0,0,27,0,0,1,98,0,4,0,0,0,36,0,0,0,13,0,0,0,0,0,0,0,0,0,0,0,0,0,0,0,0,0,0,0,0,0,0,0,1,0,0,0,1,0,0,0,5,0,46,0,3,0,33,0,340,0,66,3,5,0,18,0,0,0,4,0,0,0,0,0,0,0,8,0,0,0
199,17,269,0,5,0,126,0,46,0,0,0,0,0,0,0,155,14,0,0,2,0,68,4,73,25,0,0,21,0,2,0,0,0,0,0,7,0,0,1,0,0,0,0,0,0,0,0,0,0,0,0,1,0,0,0,0,0,0,0,2,0,16,4,0,0,0,0,0,0,0,0,0,0,2,0,0,0,0,0,0,0,0,0,1,0,0,0,0,0,0,0,0,0,0,0,0,0,1,0,0,0,0,0,0,0,0,0,0,0,0,0,0,0,0,0,0,0,0,0,5,0,0,0,0,0,0,0,1,0,0,0,0,0,0,0,2,0,23,0,37,0,7,0,28,0,0,0,1,0,0,0,0,0,2,0,13,0,3,0,0,0,0,0,0,0,1,0,0,0,0,0,45,0,0,0,39,4,0,0,0,0,2,0,0,0,0,0,0,0,0,0,0,0,0,0,0,0,0,0,0,0,0,0,0,0,0,0,0,0,0,0,0,0,3,0,0,0,0,0,18,0,0,0,2,0,171,0,10,0,0,0,0,0,0,0,0,0,0,0,1,0,0,1,3,0,0,0,0
23,215,27,96,0,4,28,158,0,31,0,13,0,0,0,0,35,92,0,0,4,0,42,28,82,0,0,0,0,1,0,0,0,0,0,0,0,1,1,0,0,0,0,0,0,0,0,0,0,0,0,1,2,0,0,7,0,0,0,0,0,20,15,26,0,0,0,0,0,0,0,0,0,0,0,0,0,0,0,0,0,0,0,0,0,0,0,0,0,0,1,0,0,0,0,0,0,0,0,0,0,0,0,0,0,0,0,0,0,0,0,0,0,0,0,0,0,0,0,0,0,0,0,0,0,0,0,0,0,2,0,0,0,0,0,0,0,0,0,11,0,0,0,2,0,0,0,0,0,0,0,0,0,0,0,0,0,11,0,3,0,0,0,0,0,0,0,2,0,0,0,2,0,11,0,0,0,74,0,0,0,0,0,50,0,0,0,0,0,0,0,0,0,0,0,0,0,0,0,0,0,0,0,0,0,0,0,0,0,0,0,0,0,2,0,0,0,0,0,0,0,8,0,0,0,0,0,269,3,10,0,1,1,0,0,0,0,0,1,0,0,0,0,3,0,0,0,0,0
37,1,31,0,45,3,17,0,16,0,53,0,142,66,35,4,0,0,46,15,0,0,0,0,0,0,142,103,0,0,0,0,0,0,1,0,11,0,0,0,0,252,36,0,42,44,15,53,54,4,14,5,0,0,0,0,0,0,1,0,0,0,0,0,5,0,0,0,0,0,0,0,0,0,0,0,0,0,0,0,0,0,0,0,0,0,0,0,0,0,0,0,0,0,0,0,0,0,0,0,0,0,0,0,0,0,0,0,0,0,0,0,0,0,0,0,0,0,3,0,0,0,0,0,0,0,7,0,0,0,0,0,0,0,22,0,0,0,0,0,0,0,0,0,0,0,11,0,27,0,29,0,22,0,0,0,0,0,0,0,0,0,0,0,17,1,0,0,6,0,3,0,0,0,6,0,23,64,34,0,28,0,5,0,29,0,50,3,0,0,0,0,0,0,0,0,0,0,0,0,0,0,0,0,0,0,0,0,12,0,0,0,0,0,3,0,0,0,274,40,6,0,77,95,22,0,11,0,3,0,0,0,6,0,0,0,0,0,0,0,0,0,0,0,0,0,0,0,0
0,74,0,3,13,60,0,13,0,0,2,129,78,239,0,1,0,0,76,40,0,3,0,0,0,0,261,61,0,0,0,0,0,0,0,2,0,0,0,0,252,0,51,13,73,22,29,69,3,19,13,9,0,0,0,14,0,0,0,0,0,0,0,0,0,0,0,0,0,0,0,0,0,0,0,0,0,0,0,0,0,0,0,0,0,0,0,0,0,0,0,0,0,2,0,2,0,0,0,0,0,0,0,0,0,0,0,1,0,0,0,0,0,0,0,0,0,0,0,0,0,0,0,0,0,0,0,4,0,0,0,0,0,0,0,0,0,0,0,0,0,0,0,0,0,0,0,3,0,0,0,7,0,7,0,0,0,0,0,0,0,0,0,0,1,9,0,0,0,0,0,0,0,0,0,8,2,94,0,1,0,14,0,2,0,6,5,12,0,0,0,0,0,0,0,0,0,1,0,0,0,0,0,0,0,0,0,0,0,0,0,0,0,0,0,2,0,0,101,154,0,3,11,228,0,13,0,0,1,0,0,0,0,0,0,2,0,0,0,0,0,1,0,0,2,0,0,0,0
0,0,0,0,15,0,0,0,4,0,2,0,52,60,0,0,8,0,78,15,68,3,0,0,0,0,200,84,46,0,23,0,6,0,40,0,64,2,0,0,36,51,0,0,116,12,15,12,5,0,59,4,0,0,1,0,3,0,2,0,0,0,23,0,0,0,0,0,2,0,37,0,0,0,0,0,0,0,0,0,0,0,0,0,0,0,0,0,0,0,15,0,0,0,0,0,0,0,49,0,0,0,0,0,0,0,0,0,0,0,0,0,0,0,0,0,0,0,0,0,0,0,12,0,3,0,0,0,0,0,0,0,0,0,0,0,0,0,0,0,0,0,26,0,0,0,0,0,0,0,0,0,0,0,0,0,2,0,0,0,0,0,3,0,49,1,50,0,28,0,17,0,17,0,0,0,0,0,10,0,0,0,0,0,0,0,11,0,0,0,0,0,0,0,0,0,0,0,0,0,0,0,0,0,0,0,0,0,0,0,1,0,1,0,4,0,1,0,77,21,19,0,13,0,125,0,13,0,29,3,0,0,0,1,0,0,0,0,3,0,4,0,3,0,17,0,0,0,0
0,0,0,0,0,5,0,0,0,2,0,1,7,72,4,5,0,2,14,17,2,16,0,3,0,0,6,147,0,2,0,10,0,2,0,0,0,22,0,0,0,13,0,0,0,38,0,4,0,4,2,17,0,0,0,0,0,0,0,0,0,0,0,4,0,0,0,0,0,0,0,2,0,2,0,0,0,0,0,0,0,4,0,0,0,15,0,0,0,0,0,0,0,0,0,0,0,0,0,0,0,0,0,0,0,0,0,0,0,0,0,0,0,0,0,0,0,0,0,0,0,3,0,14,0,0,0,0,0,0,0,0,0,0,0,8,0,20,0,12,0,13,0,14,0,9,0,0,0,0,0,0,0,0,0,0,0,2,0,1,0,3,0,0,0,3,0,0,0,3,0,0,0,4,0,0,0,22,0,0,0,0,0,0,0,0,1,18,0,0,0,0,0,0,0,0,0,0,0,0,0,0,0,0,0,0,0,0,0,0,0,0,0,0,1,0,0,0,0,100,0,1,0,23,0,109,0,50,0,32,0,6,0,0,0,0,0,7,0,0,0,0,0,0,0,5,0,0,0
2,0,0,0,0,3,0,0,5,0,8,0,31,16,13,0,14,0,17,10,45,0,15,0,5,0,103,15,7,0,3,0,0,0,16,0,30,0,0,0,42,73,116,0,0,6,9,20,12,0,105,0,4,0,2,0,0,0,0,0,0,0,32,0,0,0,0,0,0,0,21,0,0,0,0,0,1,0,4,0,41,0,0,0,18,0,36,0,0,0,28,0,0,0,22,0,25,0,56,0,0,0,13,0,0,0,47,0,0,0,0,0,0,0,0,0,0,0,0,0,0,0,15,0,0,0,0,0,0,0,0,0,0,0,21,0,0,0,0,0,14,0,0,0,21,0,3,1,0,0,5,0,4,0,0,0,0,0,0,0,0,0,0,0,108,0,15,0,43,0,14,0,9,0,0,0,4,9,5,0,1,0,1,0,3,0,4,0,0,0,0,0,0,0,0,0,0,0,0,0,0,0,0,0,0,0,4,0,11,0,1,0,0,0,0,0,5,0,234,14,9,0,77,20,195,0,13,0,16,0,0,0,0,0,0,0,5,0,0,0,0,0,0,0,15,0,0,0,0
0,10,0,0,4,4,0,0,0,0,0,12,11,18,0,7,0,0,10,9,0,56,0,5,0,1,47,115,0,0,0,3,0,1,0,21,0,5,0,0,44,22,12,38,6,0,3,13,0,36,6,33,0,0,0,0,0,12,0,23,0,0,0,19,0,0,0,8,0,7,0,9,0,5,0,4,0,7,0,4,0,22,0,9,0,31,0,14,0,23,0,0,0,0,0,23,0,9,0,12,0,0,0,7,0,5,0,4,0,0,0,0,0,0,0,0,0,0,0,0,0,20,0,22,0,0,0,3,0,0,0,0,0,0,0,22,0,12,0,5,0,5,0,20,0,21,0,0,0,6,1,0,0,6,0,0,0,1,0,0,0,0,0,0,0,37,0,19,0,31,0,0,0,7,0,0,0,82,0,0,0,1,0,0,0,1,0,89,0,0,0,0,0,0,0,3,0,0,0,0,0,0,0,8,0,0,0,1,0,6,0,0,0,2,0,0,0,6,8,392,0,34,2,186,0,118,0,40,0,73,0,0,0,13,0,13,0,0,0,5,0,0,0,2,0,4,0,0,0
4,0,3,0,10,0,2,0,0,0,0,0,10,7,10,0,0,0,18,3,6,0,0,0,0,0,22,8,0,0,0,0,0,0,0,0,0,0,0,0,15,29,15,0,9,3,0,10,10,0,12,1,0,0,0,0,0,0,0,0,0,0,0,0,0,0,0,0,0,0,0,0,0,0,0,0,0,0,0,0,0,0,0,0,0,0,0,0,0,0,0,0,0,0,0,0,1,0,0,0,0,0,0,0,0,0,0,0,0,0,0,0,0,0,0,0,0,0,0,0,0,0,0,0,1,0,0,0,0,0,0,0,0,0,0,0,0,0,0,0,0,0,0,0,0,0,0,0,0,0,2,0,4,0,0,0,0,0,0,0,0,0,0,0,0,0,0,0,0,0,0,0,0,0,0,0,3,7,0,0,0,0,0,0,0,0,1,0,0,0,0,0,0,0,0,0,0,0,0,0,0,0,0,0,0,0,0,0,0,0,0,0,0,0,1,0,0,0,72,2,1,0,14,14,20,0,4,0,0,0,0,0,0,0,0,0,0,0,1,0,0,0,0,0,0,0,0,0,0
0,15,0,2,2,9,0,1,0,0,0,15,17,14,0,0,0,0,17,18,3,0,0,0,0,0,63,30,0,0,1,0,0,0,0,0,0,0,0,0,53,69,12,4,20,13,10,0,2,0,0,4,0,0,0,1,0,0,0,0,0,0,0,0,0,1,0,0,0,0,0,0,0,0,0,0,0,2,0,0,0,0,0,0,0,0,0,0,0,0,0,0,0,0,0,0,0,0,0,0,0,0,0,1,0,0,0,0,0,0,0,0,0,0,0,0,0,0,0,0,0,0,0,0,0,0,0,0,0,0,0,0,0,0,0,0,0,0,0,0,0,0,0,0,0,0,0,0,0,0,0,0,0,0,0,0,0,0,0,0,0,0,0,0,0,0,0,0,0,2,0,0,0,0,0,0,0,6,0,0,0,0,0,1,0,0,0,2,0,0,0,0,0,0,0,0,0,0,0,0,0,0,0,0,0,0,0,0,0,0,0,0,0,0,0,1,0,0,24,196,0,0,0,114,0,5,0,0,0,0,0,0,0,0,0,0,0,0,0,0,0,0,0,0,0,0,0,0,0
0,0,0,0,0,0,6,0,0,0,1,0,8,0,0,0,2,0,1,0,0,0,0,0,0,0,12,0,0,0,0,0,0,0,1,0,0,0,0,0,54,3,5,0,12,0,10,2,0,0,0,0,0,1,1,0,0,0,0,0,2,0,0,0,0,0,0,0,3,0,1,0,0,0,0,0,0,0,0,0,0,0,0,0,0,0,2,0,4,0,0,0,0,0,2,0,2,0,0,0,0,0,2,0,0,0,0,0,0,0,0,0,0,0,0,0,0,0,0,0,0,0,0,0,0,0,0,0,0,0,0,0,0,0,0,0,0,0,0,0,0,0,0,0,2,0,3,0,0,0,0,0,2,0,1,0,0,0,0,0,2,0,2,0,6,0,2,0,8,0,2,0,2,0,2,0,4,1,10,0,5,1,0,0,0,0,16,0,3,0,3,0,3,0,0,0,0,0,4,0,0,0,9,0,6,0,4,0,0,1,4,0,1,0,5,1,7,0,53,0,12,0,86,15,13,0,10,0,18,1,0,0,4,0,0,1,2,0,5,0,0,0,0,0,3,0,0,0,0
0,1,0,0,0,5,0,0,0,3,0,3,1,13,0,0,0,0,2,0,0,2,0,0,0,0,2,8,0,0,0,0,0,0,0,3,0,1,0,0,4,19,0,4,0,36,0,0,0,0,0,0,0,0,0,1,0,0,0,4,0,0,0,2,0,0,0,2,0,13,0,1,0,0,0,0,0,3,0,0,0,0,0,8,0,0,0,0,0,3,0,0,0,0,0,2,0,0,0,0,0,1,0,4,0,0,0,0,0,0,0,0,0,0,0,0,0,0,0,0,0,0,0,0,0,0,0,0,0,0,0,0,0,0,0,0,0,1,0,0,0,0,0,1,0,0,0,3,0,0,0,0,0,1,0,0,0,0,0,0,0,0,0,0,0,3,0,3,0,2,0,2,0,0,0,0,0,15,0,0,0,7,0,0,0,0,0,8,0,0,0,0,0,0,0,0,0,0,0,0,0,0,0,0,0,3,0,1,0,0,1,1,0,0,0,0,0,0,9,13,1,21,6,18,0,0,0,5,0,10,0,0,0,5,0,6,0,1,1,3,1,0,0,0,0,1,0,0,0
1,0,3,0,144,7,0,0,3,0,14,0,126,63,81,5,4,0,246,36,45,7,0,0,3,0,139,55,23,0,13,0,5,0,22,0,87,0,0,0,14,13,59,2,105,6,12,0,0,0,0,3,0,0,0,0,6,0,6,0,4,0,8,0,0,0,0,0,0,0,59,0,0,0,24,0,7,0,0,0,73,0,0,0,13,0,66,0,0,0,34,0,0,0,36,0,26,0,93,0,20,0,9,0,0,0,31,0,0,0,0,0,0,0,0,0,0,0,0,0,29,0,13,0,0,0,0,0,0,0,0,0,0,0,0,0,4,0,0,0,16,0,18,0,28,0,0,0,1,0,0,0,0,0,0,0,0,0,0,0,2,0,10,0,65,0,88,0,73,0,30,0,50,0,0,0,3,0,95,0,0,0,0,0,0,0,9,1,0,0,0,0,0,0,0,0,0,0,0,0,0,0,0,0,0,0,0,0,3,0,1,0,0,0,6,0,0,0,38,8,81,0,17,0,174,0,90,0,69,0,29,1,18,0,13,0,9,0,14,0,2,0,9,0,43,0,0,0,0
0,4,0,1,5,16,0,2,0,0,1,4,13,105,0,10,0,0,25,68,4,14,0,0,0,0,17,126,0,6,0,6,0,5,0,6,0,22,0,1,5,9,4,17,0,33,1,4,0,0,3,0,0,0,0,0,0,11,0,16,0,1,0,0,0,0,0,5,0,0,0,9,0,2,0,0,0,0,0,2,0,9,0,1,0,25,0,6,0,0,0,0,0,0,0,10,0,5,0,4,0,0,0,0,0,0,0,0,0,0,0,0,0,0,0,0,0,0,0,0,0,18,0,13,0,0,0,0,0,0,0,0,0,1,0,9,0,25,0,15,0,19,0,29,0,19,0,0,0,0,0,0,0,1,0,2,0,0,0,0,0,10,0,0,0,0,0,1,0,9,0,0,0,6,0,0,0,82,0,1,0,0,0,0,0,0,0,103,0,0,0,0,0,0,0,0,0,0,0,0,0,0,0,0,0,7,0,0,0,0,0,0,0,0,0,0,0,4,0,26,0,15,0,10,0,43,0,40,0,27,0,0,0,9,0,4,0,2,0,0,0,0,0,3,0,8,0,0,0
0,0,0,0,0,0,43,19,13,63,0,0,0,0,10,0,18,0,7,0,18,0,0,0,37,0,8,0,1,0,0,0,0,0,0,0,0,0,1,2,0,0,0,0,4,0,0,0,0,0,0,0,0,67,41,141,53,64,9,74,24,3,43,23,0,0,2,189,0,0,0,0,2,0,0,0,0,0,0,0,21,0,0,0,41,0,0,0,0,0,68,0,0,0,0,0,100,0,28,0,2,0,0,0,0,0,93,0,0,0,0,0,0,0,0,0,0,0,0,0,0,0,12,0,0,0,2,0,96,0,2,0,4,0,40,0,110,1,209,2,72,0,118,0,36,0,0,0,1,0,0,0,0,0,161,45,59,1,76,5,5,0,0,0,4,0,0,0,5,0,39,0,1,0,0,0,5,4,0,0,0,3,0,0,2,25,0,0,0,0,0,0,0,0,0,0,0,0,0,0,19,0,0,0,0,0,0,0,2,0,8,0,0,0,90,0,0,0,0,0,61,0,15,0,8,0,616,0,92,0,3,0,49,0,12,0,3,0,36,0,4,0,5,1,55,0,0,0,0
0,9,0,0,0,0,19,15,105,19,0,0,0,0,0,0,0,2,0,0,0,7,0,10,9,0,0,4,0,0,0,0,0,1,0,0,0,0,0,0,0,0,0,0,0,0,0,0,1,0,0,0,67,0,122,29,14,62,85,9,0,15,25,27,0,0,27,6,0,0,0,0,0,0,0,0,0,0,0,0,0,4,0,0,0,26,0,0,0,0,0,1,0,0,0,0,0,9,0,1,0,1,0,0,0,0,0,14,0,0,0,0,0,0,0,0,0,0,0,0,0,0,0,1,0,0,0,7,0,129,0,9,0,28,0,94,0,204,0,154,0,17,0,61,0,2,0,0,0,0,0,0,0,0,1,56,0,28,0,77,0,41,0,0,0,1,0,0,0,0,0,0,0,0,0,1,1,0,0,0,0,0,0,0,1,3,0,0,0,0,0,0,0,0,0,0,0,0,0,0,0,0,0,0,0,0,0,0,0,6,0,0,0,0,0,8,0,0,0,0,0,17,0,3,0,0,0,197,0,12,0,0,0,26,0,4,0,0,0,0,0,0,1,1,0,12,0,0,0
4,0,41,0,9,0,173,67,157,246,1,0,11,0,67,0,8,0,13,0,0,0,99,0,40,24,8,0,0,0,0,0,0,0,0,0,0,0,0,0,0,0,1,0,2,0,0,0,1,0,0,0,41,122,0,219,25,28,29,29,30,42,21,138,4,0,16,146,0,0,0,0,0,0,0,0,1,0,0,0,2,0,0,0,7,0,0,0,0,0,0,0,0,0,0,0,0,0,0,0,0,0,0,0,0,0,0,0,0,0,0,0,0,0,0,0,0,0,0,0,0,0,0,0,2,0,26,0,68,0,63,0,11,0,130,0,86,4,34,0,5,0,61,0,1,0,0,0,7,1,5,0,0,0,28,8,7,6,20,1,23,0,0,0,0,0,0,0,5,0,47,0,3,0,0,0,0,23,0,0,0,0,0,0,0,15,0,0,0,0,0,0,0,0,0,0,0,0,0,0,21,0,0,0,0,0,0,0,76,0,15,0,6,0,140,0,0,0,0,0,88,0,16,0,13,0,105,0,51,0,6,0,70,0,3,0,0,0,82,3,15,0,21,0,97,0,0,0,0
2,48,0,13,0,15,40,308,284,64,0,16,0,9,0,114,8,12,0,71,0,22,0,34,17,88,0,37,0,5,0,0,0,0,0,0,0,0,0,7,0,14,0,0,0,0,0,1,0,1,0,0,141,29,219,0,28,65,97,71,0,37,76,52,0,4,80,5,0,0,0,0,0,0,0,0,0,0,0,0,0,0,0,0,0,7,0,0,0,0,0,0,0,0,0,0,0,2,0,0,0,0,0,0,0,2,0,0,0,0,0,0,0,0,0,0,0,0,0,0,0,0,0,0,0,12,0,22,0,61,0,9,0,40,0,55,0,140,0,51,0,0,0,12,0,0,0,0,0,0,0,0,0,0,0,97,0,13,0,19,4,35,0,0,0,0,0,0,0,0,0,19,1,0,0,0,10,8,0,0,0,0,0,0,2,9,0,0,0,0,0,0,0,0,0,0,0,0,0,2,0,0,0,0,0,0,0,5,0,15,0,8,0,0,0,101,0,0,0,0,0,180,1,11,0,10,3,155,7,145,0,8,0,97,0,13,0,4,0,21,0,2,0,3,0,90,0,0,0
2,0,0,0,1,0,14,1,37,16,0,0,0,0,0,0,0,0,0,0,0,0,0,0,2,0,0,0,0,0,0,0,1,0,0,0,2,0,0,0,0,0,3,0,0,0,0,0,0,0,6,0,53,14,25,28,0,30,92,22,10,0,3,0,10,12,10,120,0,0,0,0,3,0,0,0,0,0,0,0,0,0,0,0,0,0,0,0,0,0,0,0,0,0,0,0,0,0,0,0,0,0,0,0,0,0,0,0,0,0,0,0,0,0,0,0,0,0,0,0,0,0,0,0,0,0,8,0,66,0,35,0,2,0,23,0,29,0,23,5,2,0,18,0,26,12,4,0,9,0,2,0,0,0,59,76,115,4,37,32,23,0,0,0,0,0,0,0,10,0,60,0,3,0,0,3,0,2,0,0,4,13,0,0,5,22,0,0,0,0,0,0,0,0,0,0,0,0,0,0,0,0,0,0,0,0,0,0,23,0,0,0,10,0,223,0,0,0,0,0,224,0,49,0,30,0,85,0,310,0,10,0,315,0,148,1,8,0,102,0,11,0,32,0,333,0,0,0,0
0,4,0,5,0,2,0,29,29,23,0,0,0,4,0,20,0,0,0,0,0,11,0,5,1,25,0,0,0,0,0,1,0,0,0,0,0,4,0,0,0,0,0,0,0,12,0,0,0,0,0,11,64,62,28,65,30,0,91,71,0,19,0,38,0,32,49,41,0,0,0,0,0,0,0,0,0,0,0,0,0,0,0,0,0,3,0,0,0,0,0,0,0,0,0,0,0,0,0,0,0,0,0,0,0,0,0,0,0,0,0,0,0,0,0,0,0,0,0,0,0,0,0,0,0,18,0,22,0,107,0,81,0,21,0,32,0,76,0,37,0,6,0,0,0,0,0,0,0,8,0,0,0,0,18,324,4,42,0,146,0,96,0,0,0,1,0,2,0,5,0,81,0,0,0,0,2,0,0,0,0,0,0,0,0,12,0,0,0,0,0,0,0,0,0,0,0,0,0,0,0,0,0,0,0,0,0,4,0,18,0,0,0,10,0,176,0,0,0,10,0,326,0,44,0,28,0,48,0,353,0,0,0,190,0,122,0,0,0,25,0,0,0,11,0,156,0,0,0
1,0,3,0,0,0,5,0,22,43,0,0,0,0,1,0,0,0,0,0,0,0,0,0,0,0,0,0,0,0,0,0,0,0,0,0,4,0,0,0,1,0,2,0,0,0,0,0,0,0,6,0,9,85,29,97,92,91,0,65,16,0,2,0,73,0,153,249,0,0,0,0,0,0,0,0,0,0,0,0,0,0,0,0,0,0,0,0,0,0,0,0,0,0,0,0,0,0,0,0,0,0,0,0,0,0,0,0,0,0,0,0,0,0,0,0,0,0,0,0,0,0,0,0,0,0,5,0,2,0,3,0,0,0,0,0,0,0,0,5,0,0,0,0,8,5,0,0,33,0,0,0,0,0,11,87,64,0,1,45,8,16,0,0,0,0,0,0,3,0,11,0,0,0,2,10,56,15,0,0,7,17,0,0,34,88,0,0,0,0,0,0,0,0,0,0,0,0,0,0,0,0,0,0,0,0,0,0,2,0,5,0,0,0,105,0,0,0,4,0,78,0,0,0,4,0,87,0,95,0,3,0,154,0,99,0,3,0,85,0,8,0,27,0,188,0,0,0,0
0,4,0,8,0,0,0,9,64,14,0,1,0,0,0,16,0,2,0,9,0,0,0,0,2,9,0,0,0,0,0,0,0,0,0,0,0,0,0,0,0,0,0,0,0,23,0,0,0,4,0,16,74,9,29,71,22,71,65,0,0,75,0,13,4,71,96,37,0,0,0,0,0,0,0,0,0,5,0,0,0,0,0,0,0,0,0,0,0,0,0,0,0,0,0,0,0,0,0,0,0,0,0,0,0,0,0,0,0,0,0,0,0,0,0,0,0,0,0,0,0,0,0,0,0,5,0,8,0,13,0,51,0,4,0,0,0,7,2,0,0,0,0,1,5,10,0,0,0,3,0,0,0,0,30,63,18,119,0,15,0,27,0,0,0,2,0,0,0,9,0,42,0,22,0,1,0,0,0,0,0,0,0,0,0,46,0,0,0,0,0,0,0,0,0,0,0,0,0,0,0,0,0,0,0,0,0,0,0,6,0,0,0,0,0,312,0,0,0,12,0,401,1,65,0,35,2,101,0,391,0,12,0,318,0,248,0,7,0,94,0,6,0,47,0,359,0,0,0
10,4,0,0,3,0,88,6,91,0,0,0,0,0,0,0,7,0,0,0,0,0,0,0,13,0,0,0,1,0,0,0,0,0,0,0,20,0,2,0,0,0,0,0,0,0,0,0,2,0,4,0,24,0,30,0,10,0,16,0,0,0,50,0,0,0,2,0,0,0,2,0,0,0,0,0,0,0,0,0,0,0,0,0,0,0,0,0,0,0,0,0,0,0,0,0,0,0,0,0,0,0,0,0,0,0,0,0,0,0,0,0,0,0,0,0,0,0,0,0,0,0,2,0,0,0,0,0,0,0,0,0,0,0,0,0,9,0,66,0,62,0,12,0,241,0,0,0,0,0,0,0,0,0,17,0,51,0,14,0,0,0,4,0,0,0,2,0,2,0,119,0,51,0,1,0,32,0,0,0,0,0,0,0,0,0,0,0,0,0,0,0,0,0,0,0,0,0,0,0,0,0,0,0,0,0,0,0,0,0,11,0,0,0,49,0,0,0,3,0,72,0,17,0,9,0,179,0,57,0,1,0,21,0,0,0,2,0,16,0,0,0,0,0,16,0,0,0,0
0,48,0,0,0,0,20,124,22,181,0,0,0,0,0,7,0,7,0,6,0,5,0,0,38,7,0,7,0,3,0,2,0,1,0,0,0,19,0,20,0,0,0,0,0,0,0,0,0,0,0,1,3,15,42,37,0,19,0,75,0,0,20,21,0,0,0,13,0,0,0,5,0,3,0,0,0,0,0,1,0,0,0,0,0,1,0,0,0,0,0,0,0,0,0,1,0,0,0,0,0,0,0,0,0,0,0,0,0,0,0,0,0,0,0,0,0,0,0,0,0,0,0,0,0,0,0,0,0,0,0,0,0,0,0,0,0,7,0,77,0,37,0,9,0,78,0,0,0,0,0,0,0,0,0,36,0,120,0,34,0,4,0,1,0,0,0,1,1,2,0,34,0,23,0,0,1,66,0,0,0,0,0,17,0,0,0,0,0,0,0,0,0,0,0,0,0,0,0,0,0,0,0,0,0,0,0,0,0,0,0,0,0,0,0,51,0,0,0,1,0,78,0,1,0,0,0,192,0,62,0,2,0,74,0,5,0,0,0,27,0,0,0,0,0,58,0,0,0
0,15,17,0,0,0,221,51,54,128,0,0,0,0,21,0,277,0,96,0,214,0,34,0,77,95,71,0,36,1,17,0,9,0,0,0,23,1,16,15,0,0,23,0,32,0,0,0,0,0,8,0,43,25,21,76,3,0,2,0,50,20,0,113,0,0,0,8,0,0,0,1,0,0,20,0,0,0,0,0,83,0,0,0,71,0,49,0,0,0,51,0,0,0,0,0,83,0,53,0,0,0,0,0,0,0,0,0,0,0,0,0,0,0,0,0,0,0,0,0,36,0,99,0,0,0,0,0,25,0,0,0,0,0,21,0,66,0,192,1,133,0,77,1,80,0,0,0,0,0,0,0,0,0,40,0,25,0,30,0,0,0,2,0,0,0,1,0,0,0,7,0,15,0,0,0,6,0,0,0,0,0,0,0,0,0,0,0,0,0,0,0,0,0,0,0,0,0,0,0,5,0,0,0,0,0,0,0,0,0,0,0,0,0,7,0,0,0,0,0,17,4,0,0,0,0,656,0,16,0,0,0,5,3,0,0,1,0,2,0,0,0,1,0,0,3,0,0,0
23,24,39,1,0,0,128,99,218,98,0,4,1,0,0,35,58,77,0,39,0,183,0,108,187,17,0,41,2,75,0,21,0,11,0,6,1,22,4,26,0,0,0,4,0,19,0,0,0,2,0,0,23,27,138,52,0,38,0,13,0,21,113,0,0,1,7,0,0,0,0,0,0,0,0,0,0,0,0,0,0,0,0,0,0,23,0,4,0,0,0,0,0,0,0,0,0,8,1,0,0,0,0,4,0,0,0,7,0,0,0,0,0,0,0,0,0,0,0,0,0,2,0,0,0,1,0,0,0,35,0,3,0,8,0,40,0,64,0,64,0,13,0,32,0,6,0,0,0,0,0,0,0,0,0,38,0,10,0,33,0,10,0,0,0,0,0,0,1,1,0,3,0,5,0,0,0,44,0,0,0,0,0,20,0,0,0,0,0,0,0,0,0,0,0,0,0,0,0,0,0,0,0,0,0,0,0,0,0,0,0,0,0,0,0,14,0,0,0,3,0,27,0,0,0,0,1,346,0,19,0,3,0,27,0,0,0,0,2,10,0,1,2,2,0,18,0,0,0
14,0,11,0,10,0,2,0,37,0,0,0,7,0,15,0,0,0,12,0,0,0,0,0,0,6,4,0,0,0,0,0,0,0,0,0,0,0,0,0,5,0,0,0,0,0,0,0,0,0,0,0,0,0,4,0,10,0,73,4,0,0,0,0,0,21,23,7,0,0,1,0,0,0,0,0,0,0,1,0,0,0,0,0,0,0,0,1,0,0,0,0,0,0,0,0,0,0,0,0,0,0,0,0,0,0,0,0,0,0,0,0,0,0,0,0,0,0,0,0,0,0,0,1,7,0,3,0,0,14,9,40,0,0,0,0,0,0,9,26,0,2,0,0,32,24,12,0,33,32,2,0,0,0,1,9,0,0,4,15,25,44,0,0,0,0,1,0,0,0,0,0,0,0,28,53,2,0,0,0,50,17,0,0,14,5,0,0,0,0,0,0,0,0,0,0,0,0,0,0,0,0,0,0,0,0,0,0,1,0,0,0,0,0,3,0,0,0,0,0,0,0,8,0,0,0,4,0,17,0,0,0,0,0,72,0,1,0,27,0,0,0,3,0,18,0,0,0,0
0,59,0,0,0,8,0,14,0,197,0,4,0,4,0,7,0,0,0,15,0,0,0,0,0,0,0,0,0,0,0,0,0,0,0,0,0,0,0,0,0,0,0,0,0,0,0,1,0,0,0,0,0,0,0,4,12,32,0,71,0,0,0,1,21,0,19,241,0,0,0,0,0,0,0,0,0,0,0,0,0,0,0,0,0,0,0,0,0,0,0,0,0,0,0,0,0,0,0,0,0,0,0,0,0,0,0,0,0,0,0,0,0,0,0,0,0,0,0,0,0,0,0,1,0,32,0,12,0,0,16,54,0,2,0,4,0,4,24,5,0,0,0,0,42,16,2,41,0,200,0,37,0,17,48,2,11,0,52,0,51,88,0,3,0,0,0,0,0,0,0,0,0,0,0,61,0,1,0,0,8,135,0,19,3,92,0,0,0,1,0,7,0,6,0,0,0,3,0,0,0,0,0,0,0,0,0,26,0,40,0,0,0,3,0,15,0,0,0,1,0,0,0,0,0,3,0,32,0,0,0,0,0,16,0,87,0,0,0,9,0,4,0,9,0,37,0,0,0
8,0,0,0,0,0,0,31,75,26,0,0,2,0,0,0,0,0,0,0,0,0,0,0,0,0,0,1,0,0,0,0,0,0,0,0,0,0,0,0,0,0,0,0,0,0,0,0,0,0,0,0,2,27,16,80,10,49,153,96,2,0,0,7,23,19,0,112,0,0,0,0,0,0,0,0,0,0,0,0,0,0,0,0,0,0,0,0,0,0,0,0,0,0,0,0,0,0,0,0,0,0,0,0,0,0,0,0,0,0,0,0,0,0,0,0,0,0,0,0,0,0,0,0,0,0,0,0,0,0,3,0,0,0,3,0,0,0,0,7,0,0,0,0,8,4,2,0,44,0,5,0,2,0,4,53,14,0,0,39,4,41,0,0,0,0,0,0,0,0,1,0,2,0,5,12,142,7,0,0,25,19,0,0,72,55,0,0,0,0,0,0,0,0,0,0,0,0,0,0,1,0,0,0,0,0,0,0,1,0,0,0,0,0,20,0,0,0,0,0,0,0,0,0,0,0,14,1,10,1,0,0,40,0,37,0,0,0,12,0,0,0,2,0,39,0,0,0,0
0,21,0,0,0,4,7,16,61,147,0,0,0,0,0,0,0,0,0,2,0,0,0,0,0,0,0,3,0,0,0,1,0,0,0,0,0,3,0,0,0,0,0,0,0,8,0,0,0,2,0,5,189,6,146,5,120,41,249,37,0,13,8,0,7,241,112,0,0,0,0,0,0,0,0,0,0,0,0,0,0,1,0,0,0,0,0,0,0,0,0,0,0,0,0,0,0,0,0,0,0,0,0,0,0,0,0,0,0,0,0,0,0,0,0,0,0,0,0,0,0,0,0,0,0,12,0,3,0,0,0,44,0,0,0,0,0,2,0,0,0,0,0,0,5,4,0,8,0,28,0,7,0,2,88,25,30,51,24,11,0,68,0,0,0,0,0,0,0,3,0,14,0,6,0,9,26,105,0,0,0,64,0,3,19,482,0,0,0,0,0,0,0,0,0,0,0,2,0,1,0,0,0,0,0,0,0,0,0,8,0,0,0,5,0,135,0,0,0,4,0,128,0,0,0,17,0,107,0,200,0,3,0,163,0,228,0,2,0,55,0,6,0,19,0,219,0,0,0
0,0,0,0,0,0,0,0,0,0,0,0,0,0,0,0,0,0,0,0,0,0,0,0,0,0,0,0,0,0,0,0,0,0,0,0,0,0,0,0,0,0,2,0,0,0,0,0,3,0,0,0,0,0,0,0,0,0,0,0,0,0,0,0,0,0,0,0,0,0,0,0,4,0,0,0,27,0,6,0,0,0,6,0,0,0,6,0,28,0,0,0,6,0,4,0,0,0,3,0,0,0,88,0,10,0,16,0,2,0,0,0,0,0,1,0,2,0,0,0,0,0,0,0,0,0,0,0,0,0,0,0,0,0,0,0,3,0,0,0,0,0,0,0,0,0,0,0,0,0,0,0,0,0,0,0,0,0,0,0,0,0,0,0,19,0,1,0,59,0,3,0,0,0,0,0,0,0,0,0,0,0,0,0,0,0,0,0,0,0,5,0,0,0,11,0,4,0,0,0,1,0,0,0,0,0,0,0,3,0,2,0,90,0,120,0,44,0,5,0,2,0,63,0,16,0,3,0,48,0,1,0,0,0,3,0,0,0,9,0,9,0,4,0,0,0,0,0,0
0,0,0,0,0,0,0,0,0,0,0,0,0,0,0,0,0,0,0,0,0,0,0,0,0,0,0,0,0,0,0,0,0,0,0,0,0,0,0,0,0,0,0,0,0,7,0,0,0,13,0,0,0,0,0,0,0,0,0,0,0,0,0,0,0,0,0,0,0,0,0,0,0,0,0,0,0,10,0,1,0,6,0,5,0,0,0,0,0,42,0,0,0,0,0,38,0,0,0,3,0,7,0,64,0,11,0,9,0,0,0,2,0,3,0,0,0,0,0,1,0,0,0,0,0,0,0,0,0,0,0,0,0,0,0,0,0,3,0,0,0,0,0,3,0,0,0,0,0,0,0,0,0,0,0,0,0,0,0,1,0,0,0,0,0,23,0,0,0,21,0,0,0,0,0,0,0,1,0,0,0,0,0,0,0,0,0,0,0,21,0,0,0,1,0,0,0,0,0,5,1,0,0,10,0,0,0,0,0,4,0,0,0,130,0,45,0,82,0,11,0,0,0,122,0,12,0,0,0,102,0,0,0,3,0,0,0,0,0,5,0,6,0,0,0,0,0,0,0
0,0,0,0,0,0,0,0,0,0,0,0,0,0,2,0,0,0,0,0,83,0,0,0,0,0,20,0,12,0,9,0,0,0,32,0,58,0,0,0,0,0,37,0,21,0,0,0,1,0,59,0,0,0,0,0,0,0,0,0,2,0,0,0,1,0,0,0,0,0,0,0,168,0,117,0,7,0,57,0,0,0,0,0,0,0,9,0,0,2,0,0,0,0,0,0,0,0,0,0,0,0,0,0,0,0,0,0,0,0,0,0,0,0,0,0,0,0,0,0,79,0,18,1,0,0,0,0,14,11,6,11,2,0,13,0,6,0,5,13,24,0,33,0,93,0,0,0,10,5,16,0,9,0,0,0,10,0,0,0,0,0,98,0,0,0,9,0,28,0,37,0,63,0,6,0,0,0,0,0,14,0,0,0,6,0,0,0,0,0,0,0,0,0,0,0,3,0,0,0,0,0,0,0,0,0,0,0,18,0,0,0,0,0,0,0,0,0,0,0,0,0,0,0,0,0,0,0,65,0,0,0,1,0,0,0,0,0,0,0,0,0,2,0,0,0,0,0,0
0,0,0,0,0,0,1,0,0,0,0,0,0,0,0,0,0,0,0,0,0,13,0,4,0,0,0,5,0,0,0,1,0,0,0,0,0,2,0,0,0,0,0,2,0,9,0,0,0,1,0,9,0,0,0,0,0,0,0,0,0,5,1,0,0,0,0,0,0,0,0,0,0,165,0,70,0,11,0,51,0,2,0,0,0,5,0,10,0,0,0,0,0,0,0,0,0,0,0,1,0,0,0,0,0,0,0,0,0,0,0,0,0,0,0,0,0,0,0,0,0,17,0,155,0,23,0,28,0,5,0,0,0,0,0,28,0,49,8,4,0,37,0,83,0,123,0,0,0,50,0,0,1,16,0,0,0,3,0,0,2,1,0,55,0,0,0,1,0,0,0,10,0,32,3,46,0,0,0,0,0,35,0,0,0,1,0,0,0,0,0,0,0,0,0,0,0,0,0,12,0,0,0,0,0,0,0,24,0,33,0,0,0,0,0,5,0,0,0,0,0,0,0,0,0,0,0,24,0,20,0,0,0,2,0,17,0,0,0,20,0,3,0,7,0,22,0,0,0
0,0,0,0,0,0,0,0,0,0,0,0,0,0,0,0,4,0,0,0,0,0,0,0,0,0,0,0,0,0,0,0,0,0,6,0,0,0,0,0,0,0,0,0,0,0,0,0,0,0,0,0,2,0,0,0,3,0,0,0,0,0,0,0,0,0,0,0,4,0,168,0,0,0,123,0,54,0,89,0,2,0,11,0,12,0,13,0,0,0,0,0,10,0,2,0,6,0,0,0,0,0,0,0,0,0,0,0,0,0,0,0,0,0,0,0,0,0,0,0,69,0,23,0,0,0,13,0,0,0,0,0,2,0,58,0,15,0,7,0,27,0,96,0,33,2,10,2,0,0,44,0,0,0,0,0,3,0,1,0,1,0,78,0,0,0,0,0,7,0,23,0,19,0,7,0,0,0,0,0,0,7,0,0,0,0,0,0,0,0,0,0,0,0,2,0,5,0,42,0,42,0,0,0,0,0,75,0,53,0,1,0,0,0,3,0,4,0,0,0,6,0,8,0,3,0,6,0,13,0,0,0,1,0,10,0,1,0,120,0,35,0,57,0,6,0,0,0,0
