0,161,71,48,122,17,22,46,37,17,198,0,92,0,47,20,93,8,60,0,29,0,78,14,37,76,32,0,136,0,19,0,111,0,0,0,66,0,316,2,6,0,0,0,0,0,5,0,4,0,13,0,2,1,1,6,2,0,0,0,84,5,52,12,0,0,0,0,0,0,0,0,0,0,0,0,0,0,0,0,0,0,0,0,0,2,0,0,0,0,0,0,0,0,0,0,0,0,0,0,0,0,0,0,0,0,0,0,0,0,0,0,0,0,0,0,0,0,0,0,0,0,0,1,0,0,0,0,0,0,4,0,0,0,2,0,0,0,0,0,0,0,0,0,0,0,2,0,8,0,10,0,12,0,0,0,0,0,0,0,2,0,0,0,5,0,7,0,10,0,13,0,162,0,0,0,148,24,36,0,3,0,5,13,19,0,9,0,0,0,0,0,0,0,0,0,0,0,0,0,4,0,0,0,0,0,0,0,2,0,3,0,0,0,80,1,0,0,6,0,90,0,15,0,13,0,126,7,160,0,222,0,282,0,18,0,52,0,117,0,74,0,121,0,281,1,0,0,0
161,0,202,88,9,170,55,47,12,92,4,393,3,111,23,69,57,82,0,129,21,19,189,56,75,59,0,202,7,40,0,12,0,62,0,5,0,144,6,298,0,50,0,0,0,5,0,43,0,7,0,5,0,19,0,38,2,0,0,5,0,147,4,159,0,53,0,14,0,0,0,0,0,2,0,0,0,0,0,0,0,6,0,0,1,7,0,0,0,0,0,0,0,1,0,1,0,0,0,4,0,0,0,0,0,0,0,0,0,0,0,0,0,0,0,0,0,0,0,0,0,0,0,0,0,7,0,6,0,0,0,0,0,0,0,20,0,12,0,0,0,0,0,7,0,0,3,9,2,25,1,38,0,82,0,0,0,0,0,0,0,10,0,0,0,0,0,5,0,10,0,20,0,61,0,24,15,323,0,50,0,42,0,35,4,91,2,0,0,0,0,0,0,0,0,0,0,1,0,0,0,0,0,0,0,0,0,0,0,25,0,23,0,0,0,121,0,8,0,29,0,375,0,38,0,43,6,113,0,213,0,128,0,499,9,47,0,18,1,132,0,48,0,55,3,410,0,0,0
71,202,0,82,122,58,59,9,36,0,30,17,61,0,189,50,38,14,83,0,98,0,366,20,41,63,64,0,184,0,35,0,112,0,9,0,20,4,231,5,0,1,3,0,12,0,5,0,0,0,0,0,0,0,10,0,0,0,12,0,33,5,52,4,21,0,0,0,0,0,0,0,0,0,4,0,0,0,0,0,0,0,0,0,11,0,0,0,0,0,0,0,0,0,0,0,9,0,0,0,0,0,0,0,0,0,0,0,0,0,0,0,0,0,0,0,0,0,0,0,0,0,0,0,21,0,0,0,0,0,17,0,19,0,20,0,38,0,0,0,9,0,38,0,0,0,30,0,67,0,9,0,21,0,0,0,0,0,0,0,17,0,0,0,3,0,48,0,10,0,19,0,170,0,0,0,99,32,0,0,5,0,2,14,17,0,0,0,0,0,0,0,0,0,0,0,0,0,0,0,17,0,0,0,0,0,0,0,8,0,0,0,0,0,61,0,0,0,0,0,98,2,20,0,28,0,97,13,157,0,158,0,253,4,18,0,33,9,75,1,55,0,82,0,221,1,0,0,0
48,88,82,0,12,82,3,176,3,22,12,19,0,16,25,285,30,10,2,104,26,100,84,141,10,152,0,71,3,55,5,34,5,111,0,0,0,49,3,285,0,7,0,0,0,6,0,0,0,0,0,10,0,0,0,41,0,0,0,2,0,21,0,11,0,14,0,0,0,0,0,0,0,0,0,0,0,1,0,0,0,0,0,0,0,0,0,4,0,0,0,0,0,0,0,0,0,0,0,0,0,0,0,0,0,0,1,0,0,0,0,0,0,0,0,0,0,0,0,0,0,2,0,0,0,3,0,4,0,0,0,0,0,3,0,96,0,89,0,0,0,15,3,58,0,0,0,8,0,0,0,6,0,7,0,0,0,0,0,1,0,0,0,0,0,5,0,3,0,9,0,11,0,44,1,4,6,72,0,2,0,4,1,3,0,3,0,0,0,0,0,0,0,0,0,0,0,0,0,10,0,0,0,0,0,0,0,0,0,28,0,0,0,1,0,22,0,0,0,7,0,189,0,10,0,18,0,117,0,114,0,40,0,151,1,9,0,7,0,13,0,5,0,7,1,75,0,0,0
122,9,122,12,0,211,14,0,19,0,85,80,202,170,185,89,19,0,187,125,155,37,61,11,3,0,145,56,27,0,106,0,199,0,88,0,176,3,21,7,48,13,26,0,7,3,10,0,16,0,54,0,0,0,0,1,4,0,5,0,0,0,0,0,14,0,0,0,2,0,0,0,0,0,0,0,0,0,0,0,0,0,0,0,0,0,0,0,0,0,0,0,0,0,0,0,0,0,0,0,0,0,0,0,0,0,0,0,0,0,0,0,0,0,0,0,0,0,0,0,0,0,0,0,0,0,0,0,2,0,4,0,0,0,7,0,25,0,0,0,5,0,21,0,0,0,14,1,33,1,9,0,9,1,0,0,0,0,0,0,5,0,0,0,8,0,155,0,27,0,0,0,82,0,4,0,127,38,14,4,14,0,0,0,23,0,6,10,0,0,0,0,0,0,0,0,0,0,2,0,0,0,0,0,0,0,0,0,3,0,0,0,0,0,18,0,3,0,19,0,139,4,25,0,61,0,273,10,253,0,260,0,197,0,22,0,93,10,91,0,46,0,129,0,336,0,0,0,0
17,170,58,82,211,0,2,61,0,30,75,170,158,193,284,148,20,0,101,270,170,90,88,63,4,54,24,356,0,0,25,57,0,228,0,58,0,142,0,113,0,38,0,12,0,7,0,46,0,0,0,24,0,0,0,18,0,0,0,2,0,3,0,1,0,16,0,0,0,0,0,0,0,0,0,0,0,1,0,0,0,0,0,1,0,0,0,0,0,0,0,0,0,0,0,0,0,0,0,0,0,0,0,0,0,0,0,0,0,0,0,0,0,0,0,0,0,0,0,0,0,0,0,0,0,0,0,8,0,0,0,0,0,0,0,48,0,92,0,0,0,11,0,34,0,0,0,11,0,12,0,20,0,22,0,0,0,0,0,0,0,0,0,0,0,10,0,40,0,17,0,8,0,58,0,11,21,325,17,102,0,28,0,6,2,9,0,14,0,0,0,0,0,0,0,0,0,3,0,0,0,0,0,0,0,0,0,10,0,42,0,0,0,0,0,26,0,0,0,0,0,308,0,20,0,46,6,301,0,178,1,155,1,234,2,18,0,36,1,37,1,0,0,26,2,176,0,0,0
22,55,59,3,14,2,0,49,35,85,20,0,19,0,6,0,28,4,0,0,0,0,12,0,94,68,15,0,25,0,0,0,14,0,0,0,0,0,33,0,0,0,0,0,6,0,0,0,10,0,8,0,82,6,112,33,6,0,10,0,167,5,428,40,3,0,1,0,0,0,0,0,0,0,0,0,0,0,0,0,0,0,0,0,0,0,0,0,0,0,0,0,0,0,0,0,0,0,5,0,0,0,0,0,0,0,0,0,0,0,0,0,0,0,0,0,0,0,0,0,0,0,3,0,26,0,0,0,0,0,32,0,14,0,11,0,18,0,0,0,0,0,21,0,1,0,9,0,21,0,0,0,5,0,12,0,6,0,0,0,22,0,4,0,0,0,0,0,21,0,91,0,204,0,5,0,60,30,0,0,0,0,2,11,11,0,0,0,0,0,0,0,0,0,0,0,0,0,0,0,0,0,0,0,0,0,0,0,1,0,0,0,4,0,242,0,5,0,15,1,163,0,80,0,99,0,130,2,329,0,87,0,294,1,0,0,14,0,188,1,77,0,80,0,350,0,0,0,0
46,47,9,176,0,61,49,0,27,60,0,20,0,13,0,64,17,38,0,44,0,16,13,45,46,103,0,62,0,32,0,0,0,10,0,6,0,11,0,127,0,6,0,6,1,9,0,0,0,7,0,0,0,39,9,199,0,15,0,12,3,202,11,301,0,14,0,0,0,0,0,0,0,0,0,0,0,0,0,0,0,0,0,0,0,8,0,0,0,0,0,0,0,0,0,0,0,0,0,4,0,0,0,0,0,0,0,3,0,0,0,0,0,0,0,0,0,0,0,0,0,0,0,0,0,11,0,27,0,0,2,6,0,12,0,41,0,76,0,11,0,12,0,31,0,0,0,24,0,2,0,0,0,0,1,7,0,14,0,0,0,15,0,1,0,0,0,2,0,13,0,35,0,54,0,2,8,26,0,0,0,0,0,4,1,0,0,0,0,0,0,0,0,0,0,0,0,0,0,0,0,0,0,0,0,0,0,6,0,48,0,41,0,2,0,151,0,0,0,28,1,394,0,66,0,75,0,96,2,321,0,41,0,309,2,22,0,2,0,57,0,21,0,24,2,247,0,0,0
37,12,36,3,19,0,35,27,0,182,63,0,12,0,11,0,4,0,26,0,5,0,4,0,14,27,23,0,4,0,0,0,5,0,0,0,2,0,14,0,0,0,0,0,3,0,2,0,0,0,0,0,133,20,81,69,8,2,57,13,131,0,269,15,29,0,43,18,1,0,0,0,0,0,0,0,0,0,0,0,2,0,0,0,0,0,0,0,0,0,0,0,0,0,0,0,0,0,0,0,0,0,0,0,0,0,0,0,0,0,0,0,0,0,0,0,0,0,0,0,0,0,0,0,25,0,0,0,0,0,37,0,0,0,1,0,6,0,0,0,1,0,2,0,0,0,7,0,42,0,0,0,3,0,4,2,16,0,0,0,14,0,2,0,5,0,5,0,8,0,42,0,60,0,14,0,255,21,14,0,0,0,8,0,11,15,0,0,0,0,0,0,0,0,0,0,0,0,0,0,0,0,0,0,0,0,0,0,0,0,9,0,7,0,186,0,0,0,18,0,95,0,34,0,41,0,97,0,184,0,49,0,161,1,16,0,7,0,155,0,65,0,55,0,258,0,0,0,0
17,92,0,22,0,30,85,60,182,0,1,23,0,8,0,13,15,0,0,26,0,0,0,0,93,17,0,34,0,3,1,0,0,0,0,0,0,12,0,0,0,0,0,0,0,7,0,4,0,4,0,0,40,91,98,40,1,2,25,17,0,100,48,209,0,191,7,138,0,0,0,0,0,1,0,0,0,0,0,1,0,0,0,0,0,0,0,0,0,0,0,0,0,0,0,0,0,2,0,0,0,0,0,0,0,0,0,0,0,0,0,0,0,0,0,0,0,0,0,0,0,0,0,0,0,41,0,22,0,0,0,12,0,2,0,10,0,28,0,0,0,1,0,6,0,0,0,62,0,27,0,31,0,37,1,8,0,50,0,0,0,15,0,0,0,5,0,5,1,12,3,31,0,27,0,0,55,406,0,10,0,5,0,14,0,109,0,1,0,0,0,0,0,0,0,0,0,0,0,6,0,0,0,0,0,0,0,12,0,40,0,49,0,0,1,300,0,0,0,35,1,388,0,110,0,69,2,138,1,336,0,26,0,379,1,34,0,0,3,97,0,29,0,49,2,372,0,0,0
198,4,30,12,85,75,20,0,63,1,0,29,360,12,24,59,7,1,45,32,36,7,6,6,0,0,55,3,3,0,47,0,122,8,22,0,121,0,2,0,25,0,0,0,3,0,3,3,0,0,10,0,0,0,0,0,2,0,0,0,0,0,0,0,4,0,0,0,0,0,0,0,0,0,0,0,0,0,1,0,0,0,0,0,0,0,0,0,0,0,0,0,0,0,0,0,0,0,0,0,0,0,0,0,0,0,0,0,0,0,0,0,0,0,0,0,0,0,0,0,0,0,0,0,0,0,0,0,0,0,0,0,0,0,0,0,0,0,0,0,0,0,0,0,0,0,3,0,5,0,2,0,5,0,0,0,0,0,2,0,2,0,0,0,2,0,55,0,0,0,0,0,22,0,2,0,66,7,30,1,7,0,5,0,6,0,16,0,0,0,0,0,0,0,0,0,0,0,0,0,0,0,0,0,0,0,0,0,1,0,0,0,0,0,2,0,0,0,4,0,52,0,0,0,0,0,109,7,87,0,91,0,0,0,10,0,28,6,18,0,0,0,51,0,122,0,0,0,0
0,393,17,19,80,170,0,20,0,23,29,0,39,299,111,25,5,0,21,102,48,29,43,21,0,3,0,215,0,0,9,14,3,72,3,17,0,75,1,80,0,156,0,15,0,6,0,48,0,5,0,12,0,0,0,0,0,0,0,0,0,4,0,1,0,6,0,0,0,0,0,0,0,1,0,0,0,0,0,0,0,0,0,0,0,0,0,2,0,0,0,0,0,0,0,0,0,0,0,2,0,0,0,0,0,0,0,0,0,0,0,0,0,0,0,0,0,0,0,0,0,1,0,1,0,0,0,0,0,0,0,0,0,0,0,7,0,7,0,0,0,0,0,2,0,0,0,0,0,5,0,0,0,14,0,0,0,0,0,0,0,0,0,0,0,0,0,4,0,0,0,0,0,17,0,9,8,347,0,121,0,22,0,15,0,9,0,14,0,0,0,0,0,0,0,0,0,2,0,0,0,0,0,0,0,0,0,0,0,11,0,0,0,0,0,7,0,0,0,0,0,106,0,0,0,0,1,97,0,65,0,76,0,111,1,3,0,13,1,17,0,0,0,15,0,108,0,0,0
92,3,61,0,202,158,19,0,12,0,360,39,0,422,50,24,0,0,90,250,27,35,0,0,0,0,186,304,0,1,11,0,21,6,50,7,62,3,3,0,217,39,87,6,19,0,103,28,87,0,104,15,0,0,0,0,0,0,0,0,0,0,2,0,3,0,0,0,0,0,0,0,0,0,0,0,0,0,0,0,0,0,0,0,0,0,0,0,0,0,0,0,0,0,0,0,0,0,0,0,0,0,0,0,0,0,0,0,0,0,0,0,0,0,0,0,0,0,0,0,5,0,0,0,0,0,0,0,0,0,0,0,0,0,2,0,0,0,0,0,0,0,5,0,0,0,0,0,8,0,3,0,15,0,0,0,0,0,0,0,0,0,1,0,14,0,34,0,0,0,0,0,3,0,7,0,140,89,77,3,18,0,6,0,6,0,113,21,0,0,0,0,0,0,0,0,0,0,0,0,0,0,0,0,0,0,0,0,0,0,0,0,0,0,0,0,0,0,69,32,20,2,18,2,76,0,83,0,37,0,37,0,0,0,0,0,12,0,12,0,9,0,25,0,41,2,0,0,0
0,111,0,16,170,193,0,13,0,8,12,299,422,0,57,2,0,0,357,38,80,0,0,0,0,0,318,213,0,0,8,0,0,16,41,35,0,37,0,0,136,287,35,67,32,21,56,157,0,13,42,113,0,0,0,0,0,0,0,0,0,0,0,1,0,0,0,0,0,0,0,0,0,0,0,0,0,0,0,0,0,0,0,0,0,0,0,0,0,0,0,0,0,0,0,0,0,0,0,0,0,0,0,0,0,0,0,0,0,0,0,0,0,0,0,0,0,0,0,0,0,0,0,0,0,0,0,0,0,0,0,0,0,1,0,0,0,8,0,0,0,0,0,0,0,0,0,0,0,3,0,0,0,8,0,0,0,0,0,0,0,0,0,0,0,24,0,15,0,17,0,0,0,0,0,11,20,507,11,113,0,25,0,1,0,0,33,148,0,0,0,0,0,0,0,0,0,0,0,0,0,0,0,0,0,0,0,0,0,0,0,0,0,0,0,0,0,0,0,106,0,30,0,18,0,101,2,123,0,43,0,20,0,0,1,1,0,5,1,0,0,0,0,7,1,24,0,0,0
47,23,189,25,185,284,6,0,11,0,24,111,50,57,0,103,26,0,277,82,354,37,394,27,48,1,109,0,15,0,152,7,112,27,66,4,132,10,0,5,6,2,12,0,0,0,3,0,0,0,32,0,0,0,27,0,0,0,6,0,0,0,0,0,25,0,5,0,0,0,3,0,0,0,0,0,0,0,0,0,0,0,0,0,22,0,0,0,0,0,13,0,0,0,0,0,13,0,29,0,0,0,0,0,0,0,0,0,0,0,0,0,0,0,0,0,0,0,0,0,0,0,0,0,15,0,11,0,0,0,0,0,12,0,43,0,97,0,0,0,0,0,109,0,7,0,24,0,45,0,12,0,28,0,0,0,0,0,0,0,0,0,0,0,9,0,162,0,20,0,6,0,68,0,0,0,75,28,12,4,8,0,1,0,30,1,0,3,0,0,0,0,0,0,1,0,1,0,0,0,42,0,0,0,1,0,0,0,0,0,0,0,0,0,4,0,0,0,7,0,72,0,22,0,32,0,88,11,114,0,64,0,0,0,12,0,28,7,21,0,0,0,28,0,115,0,0,0,0
20,69,50,285,89,148,0,64,0,13,59,25,24,2,103,0,14,55,0,242,67,210,66,398,1,214,1,64,1,22,15,52,0,88,2,12,4,48,1,37,0,1,0,10,0,0,0,0,0,0,0,7,0,0,1,74,0,0,2,0,0,4,0,8,0,10,0,0,0,2,0,0,0,0,0,0,0,1,0,0,0,4,0,5,0,31,0,14,0,0,0,0,0,0,0,8,0,0,0,19,0,0,0,0,0,0,0,10,0,0,0,0,0,0,0,0,0,0,0,0,0,4,0,0,0,0,0,3,0,0,0,0,0,0,0,77,1,85,0,0,0,39,0,105,0,4,0,0,0,5,0,0,0,0,0,0,0,0,0,0,2,6,0,0,0,0,0,28,0,0,0,4,0,26,0,2,7,39,8,20,0,0,0,0,0,2,0,0,0,0,0,0,0,0,0,0,0,0,0,0,0,7,0,0,0,0,0,8,0,37,0,0,0,0,0,12,0,0,0,3,0,114,0,7,1,18,0,288,2,83,0,63,0,81,1,8,0,9,0,31,0,15,0,8,0,78,0,0,0
93,57,38,30,19,20,28,17,4,15,7,5,0,0,26,14,0,1,50,2,408,0,112,0,167,26,79,0,322,2,331,0,137,0,32,0,5,0,109,0,0,0,11,0,7,0,0,0,3,0,31,0,55,0,34,2,7,0,3,0,20,0,328,2,0,0,0,0,0,0,0,0,0,0,5,0,0,0,0,0,112,0,0,0,161,0,27,0,0,0,52,0,0,0,0,0,57,0,112,0,0,0,0,0,0,0,6,0,0,0,0,0,0,0,0,0,0,0,0,0,37,0,84,0,0,0,0,0,0,0,0,0,28,0,0,0,114,0,86,0,242,0,170,0,8,0,7,0,0,0,2,0,3,1,151,0,0,0,40,0,0,0,0,0,0,0,16,0,0,0,0,0,52,0,0,0,8,9,0,0,0,0,1,0,1,0,0,0,0,0,0,0,0,0,0,0,0,0,0,0,0,0,0,0,0,0,0,0,0,0,0,0,0,0,19,0,0,0,0,0,40,0,6,0,6,0,61,6,30,0,14,0,60,0,2,0,0,1,10,0,12,0,17,0,29,0,0,0,0
8,82,14,10,0,0,4,38,0,0,1,0,0,0,0,55,1,0,0,21,3,107,17,134,2,333,0,19,0,111,0,58,0,39,0,23,0,8,0,144,0,1,0,9,0,6,0,0,0,0,0,0,0,19,0,81,0,23,0,0,0,25,0,453,0,0,0,0,0,0,0,0,0,0,0,3,0,0,0,3,0,33,0,0,0,171,0,41,0,0,0,0,0,0,0,15,0,19,0,54,0,2,0,0,0,0,0,11,0,0,0,0,0,0,0,0,0,0,0,0,0,33,0,0,0,0,0,4,0,31,0,0,0,0,0,48,0,19,0,97,0,87,0,285,0,0,0,0,0,0,0,0,0,0,0,66,0,0,0,37,0,8,0,0,0,0,0,0,0,0,0,2,0,11,0,1,0,24,0,48,0,1,0,19,0,2,0,0,0,0,0,0,0,0,0,0,0,0,0,0,0,0,0,0,0,0,0,0,0,0,0,2,0,0,0,0,0,1,0,0,0,27,0,4,0,2,0,116,0,30,0,12,0,40,0,0,0,0,1,15,0,6,0,5,0,30,0,0,0
60,0,83,2,187,101,0,0,26,0,45,21,90,357,277,0,50,0,0,137,238,25,277,0,32,1,142,169,0,0,39,4,8,0,158,0,113,0,1,0,21,40,123,19,41,8,25,0,7,0,208,9,2,0,0,0,0,0,0,0,0,0,16,0,16,0,0,0,0,0,0,0,0,0,0,0,0,0,0,0,45,0,0,0,0,0,18,0,0,0,0,0,0,0,0,0,0,0,0,0,0,0,0,0,0,0,0,0,0,0,0,0,0,0,0,0,0,0,0,0,0,0,26,0,0,0,0,0,0,0,0,0,0,0,0,0,91,0,0,0,0,0,0,0,0,0,22,0,25,0,6,0,7,0,0,0,0,0,0,0,0,0,0,0,56,0,58,0,33,0,0,0,0,0,0,0,31,32,6,0,0,0,2,0,25,0,8,27,0,0,0,0,0,0,0,0,0,0,0,0,0,0,0,0,0,0,0,0,0,0,0,0,0,0,0,0,0,0,84,20,94,0,21,2,198,0,188,0,101,1,60,0,0,0,4,0,36,0,0,0,0,0,30,0,0,0,0,0,0
0,129,0,104,125,270,0,44,0,26,32,102,250,38,82,242,2,21,137,0,63,267,0,111,0,21,89,277,0,6,9,93,2,46,20,146,0,67,0,8,19,17,12,107,0,30,5,43,1,3,16,235,0,0,0,23,0,0,1,6,0,0,0,6,0,30,0,0,0,0,0,0,0,0,0,0,0,3,0,0,0,3,0,0,0,25,0,15,0,0,0,0,0,0,0,0,0,0,0,0,0,0,0,0,0,0,0,0,0,0,0,0,0,0,0,0,0,0,0,0,0,0,0,0,0,5,0,9,0,0,0,0,0,3,0,49,0,56,0,0,0,13,0,40,0,0,0,0,0,8,0,0,0,0,0,0,0,1,0,0,0,0,0,0,0,14,0,42,0,13,0,0,0,11,0,0,11,40,19,20,0,0,0,0,0,0,8,22,0,0,0,0,0,0,0,0,0,0,0,0,0,0,0,0,0,0,0,0,0,39,0,0,0,0,0,9,0,0,0,82,0,149,0,0,0,206,1,221,0,102,0,77,0,94,3,8,0,16,0,0,0,10,0,24,0,53,0,0,0
29,21,98,26,155,170,0,0,5,0,36,48,27,80,354,67,408,3,238,63,0,19,380,19,143,0,170,32,107,0,205,0,64,11,161,3,86,7,0,5,0,3,28,0,4,0,0,0,4,0,102,0,0,0,20,0,0,0,0,0,8,0,62,0,1,0,0,0,0,0,0,0,0,0,0,0,0,0,0,0,72,0,0,0,85,0,22,0,0,0,0,0,0,0,0,0,0,0,98,0,0,0,0,0,0,0,7,0,0,0,0,0,0,0,0,0,0,0,0,0,47,0,45,0,0,0,0,0,0,0,0,0,13,0,10,0,119,0,0,0,94,0,146,0,36,0,0,0,6,0,0,0,0,0,36,0,0,0,0,0,0,0,3,0,29,0,70,0,19,0,0,0,37,0,0,0,8,8,5,0,0,0,0,0,7,0,4,3,0,0,0,0,0,0,0,0,0,0,0,0,24,0,0,0,0,0,0,0,0,0,0,0,0,0,0,0,0,0,0,2,66,0,14,0,61,0,143,9,82,0,79,1,0,2,0,0,25,0,24,0,15,0,38,0,118,0,0,0,0
0,19,0,100,37,90,0,16,0,0,7,29,35,0,37,210,0,107,25,267,19,0,0,290,0,91,9,151,0,44,2,167,0,41,3,128,0,27,0,25,0,3,0,86,0,24,1,3,0,0,3,117,0,0,0,20,0,0,0,0,0,3,0,72,0,8,0,0,0,0,0,0,0,0,0,0,0,0,0,0,0,16,0,0,0,56,0,28,0,5,0,0,0,0,0,0,0,0,0,25,0,0,0,0,0,0,0,0,0,0,0,0,0,0,0,0,0,0,0,0,0,17,0,0,0,0,0,0,0,0,0,3,0,0,0,0,0,0,0,27,0,31,0,163,0,14,0,0,0,0,0,0,0,0,0,0,0,9,0,0,0,0,0,0,0,20,0,6,0,6,0,0,0,7,0,0,1,6,3,7,0,0,0,0,0,0,2,4,0,0,0,0,0,0,0,0,0,0,0,0,0,0,0,0,0,0,0,0,0,0,0,3,0,0,0,6,0,0,0,41,0,61,0,0,0,76,2,298,0,50,0,88,0,100,3,9,0,11,0,12,0,0,0,25,1,85,0,0,0
78,189,366,84,61,88,12,13,4,0,6,43,0,0,394,66,112,17,277,0,380,0,0,35,135,33,134,1,108,0,42,0,32,1,25,0,15,0,100,0,0,0,0,0,24,0,5,0,0,0,22,0,0,1,120,0,0,0,0,0,6,0,29,3,5,0,0,0,0,0,0,0,0,0,4,0,0,0,0,0,0,0,0,0,68,0,0,0,0,0,37,0,0,0,0,0,25,0,35,0,0,0,0,0,0,0,0,0,0,0,0,0,0,0,0,0,0,0,0,0,0,0,9,0,0,0,17,0,0,0,5,0,23,0,30,0,302,0,10,0,83,0,222,0,0,0,26,0,28,0,6,1,13,0,67,0,0,0,0,0,0,0,3,0,4,0,9,0,0,0,0,0,62,0,0,0,23,25,1,0,4,0,0,4,19,0,1,0,0,0,0,0,0,0,0,0,2,0,0,0,52,0,0,0,0,0,0,0,0,0,0,0,0,0,12,0,0,0,6,0,19,3,0,0,0,0,82,14,34,1,27,0,67,0,4,0,0,0,13,0,15,0,19,0,50,0,0,0,0
14,56,20,141,11,63,0,45,0,0,6,21,0,0,27,398,0,134,0,111,19,290,35,0,3,180,0,56,1,32,1,175,0,28,1,61,0,21,0,34,0,3,0,34,0,11,0,0,0,0,0,32,0,5,0,38,0,13,0,0,0,5,0,83,0,7,0,0,0,0,0,0,0,4,0,0,0,4,0,3,0,21,0,0,0,68,0,0,0,0,0,0,0,0,0,14,1,0,0,31,0,0,0,2,0,0,0,2,0,0,0,0,0,0,0,0,0,0,0,0,0,17,0,0,0,0,0,0,0,0,0,0,0,0,0,0,0,0,0,23,0,24,0,106,0,2,0,0,0,3,0,0,0,0,0,19,0,2,0,0,0,0,0,0,0,0,0,4,0,0,0,0,0,8,0,2,1,32,1,44,0,0,1,11,0,0,0,0,0,0,0,0,0,0,0,0,0,1,0,0,0,0,0,1,0,0,0,0,0,0,0,0,0,0,0,13,0,0,0,0,0,45,0,6,0,6,0,387,0,40,0,53,0,92,0,0,0,8,0,26,0,17,0,15,1,87,0,0,0
37,75,41,10,3,4,94,46,14,93,0,0,0,0,48,1,167,2,32,0,143,0,135,3,0,63,29,0,63,0,24,0,7,0,14,0,12,0,61,0,0,0,11,0,5,0,2,0,2,0,26,0,59,0,196,14,9,1,0,0,49,0,129,26,0,0,0,0,0,0,0,0,0,0,0,0,0,0,0,0,0,0,0,0,57,0,0,0,0,0,18,0,0,0,0,0,14,0,10,0,0,0,0,0,0,0,0,0,0,0,0,0,0,0,0,0,0,0,0,0,3,0,0,0,16,1,10,0,30,0,17,0,33,0,15,0,280,0,22,0,62,0,220,1,2,0,11,0,9,2,0,0,0,0,54,0,0,0,16,0,17,0,2,0,1,0,0,0,7,0,19,0,79,0,2,3,16,10,0,0,0,0,0,9,3,0,0,0,0,0,0,0,0,0,0,0,0,0,0,0,33,0,0,0,0,0,0,0,0,0,3,0,1,0,43,0,0,0,12,0,42,3,6,0,25,0,28,0,125,0,20,0,94,0,8,0,3,0,29,0,17,0,14,0,86,1,0,0,0
76,59,63,152,0,54,68,103,27,17,0,3,0,0,1,214,26,333,1,21,0,91,33,180,63,0,0,14,2,79,0,31,2,15,0,8,0,6,0,139,0,0,0,7,0,0,0,0,0,3,0,10,0,19,2,277,0,63,2,0,0,60,8,185,0,0,0,0,0,0,0,0,0,0,0,0,0,0,0,0,0,10,0,0,1,64,0,0,0,0,0,0,0,3,0,0,0,18,0,28,0,0,0,0,0,0,0,5,0,0,0,0,0,0,0,0,0,0,0,0,0,0,0,0,0,0,0,9,0,11,0,11,0,22,0,134,0,98,0,66,0,59,2,238,0,0,0,0,0,0,0,0,1,3,0,87,0,3,0,25,2,12,0,0,0,0,0,0,0,0,0,6,0,26,2,1,11,32,0,4,0,3,1,22,1,2,0,0,0,0,0,0,0,0,0,0,0,1,0,0,0,7,0,0,0,0,0,0,0,13,0,14,0,0,0,29,0,0,0,5,0,110,0,15,0,15,0,221,0,93,0,9,0,117,0,7,0,3,0,27,0,8,0,8,0,71,0,0,0
32,0,64,0,145,24,15,0,23,0,55,0,186,318,109,1,79,0,142,89,170,9,134,0,29,0,0,295,43,0,60,0,13,0,39,0,77,0,0,0,52,147,225,19,133,6,54,65,72,0,146,9,0,0,0,0,0,0,0,0,0,0,0,0,5,0,2,0,0,0,0,0,0,0,14,0,0,0,0,0,0,0,0,0,78,0,0,0,0,0,0,0,0,0,0,0,0,0,110,0,0,0,0,0,0,0,0,0,0,0,0,0,0,0,0,0,0,0,0,0,0,0,0,0,0,0,0,0,0,0,0,0,6,0,0,0,70,0,0,0,75,0,0,0,0,0,12,0,0,0,0,0,0,0,0,0,0,0,0,0,0,0,0,0,39,0,15,0,0,0,13,0,14,0,2,0,32,61,21,0,0,0,4,0,12,0,27,29,0,0,0,0,0,0,0,0,0,0,0,0,0,0,0,0,0,0,0,0,0,0,0,0,0,0,0,0,0,0,322,31,0,1,39,2,175,0,66,0,24,0,0,0,0,0,0,1,15,0,7,0,0,0,0,0,0,0,0,0,0
0,202,0,71,56,356,0,62,0,34,3,215,304,213,0,64,0,19,169,277,32,151,1,56,0,14,295,0,0,5,7,14,0,6,32,43,0,0,0,0,232,150,65,220,48,236,80,210,2,44,28,280,0,0,0,0,1,0,0,0,0,0,0,15,0,20,0,0,0,0,0,0,0,0,0,0,0,0,0,0,0,0,0,5,0,42,0,0,0,0,0,0,0,0,0,0,0,12,0,22,0,0,0,0,0,0,0,0,0,0,0,0,0,0,0,0,0,0,0,0,0,0,0,10,0,12,0,0,0,0,0,0,0,0,0,0,0,54,0,0,0,6,0,32,0,0,0,0,0,0,0,0,0,0,0,0,0,3,0,0,1,0,0,0,0,75,0,12,0,40,0,0,0,0,0,2,0,60,2,14,0,0,0,0,0,0,39,30,0,0,0,0,0,0,0,0,0,0,0,0,0,0,0,0,0,0,0,0,0,42,0,0,0,0,0,0,0,0,0,618,0,0,0,59,0,220,3,355,0,65,0,20,1,0,1,6,0,20,1,7,0,0,0,25,1,0,0,0,0
136,7,184,3,27,0,25,0,4,0,3,0,0,0,15,1,322,0,0,0,107,0,108,1,63,2,43,0,0,0,179,0,86,0,70,0,29,0,13,1,0,0,35,0,2,0,0,0,0,0,42,0,22,0,0,0,0,0,0,0,2,0,215,1,0,0,1,0,0,0,0,0,4,0,6,0,0,0,0,0,98,0,0,0,60,0,28,0,0,0,23,0,0,0,0,0,0,0,84,0,2,0,0,0,0,0,4,0,0,0,0,0,0,0,0,0,0,0,0,0,36,0,71,0,0,0,0,0,4,0,0,0,15,0,0,0,18,0,105,0,119,0,37,0,46,0,0,0,0,0,0,0,1,0,22,0,4,0,10,0,0,0,1,0,0,0,1,0,0,0,5,0,4,0,0,0,0,0,0,0,0,0,0,0,6,0,0,0,0,0,0,0,0,0,0,0,0,0,0,0,0,0,0,0,0,0,0,0,0,0,0,0,0,0,0,0,0,0,0,0,0,0,0,0,0,0,10,0,2,0,3,0,2,0,0,0,0,0,0,0,0,0,0,0,0,0,0,0,0
0,40,0,55,0,0,0,32,0,3,0,0,1,0,0,22,2,111,0,6,0,44,0,32,0,79,0,5,0,0,0,52,0,14,0,79,0,0,0,18,0,0,0,20,0,0,0,0,0,1,0,33,0,8,0,18,0,9,0,0,0,6,0,165,0,0,0,1,0,0,0,0,0,0,0,0,0,0,0,0,0,10,0,0,0,59,0,19,0,0,0,2,0,0,0,0,0,0,0,13,0,0,0,0,0,0,0,0,0,0,0,0,0,0,0,0,0,0,0,0,0,11,0,13,0,0,0,0,0,0,0,0,0,0,0,24,0,13,0,59,0,63,0,124,0,24,0,0,0,0,0,0,0,0,0,8,0,5,0,20,0,2,0,0,0,0,0,0,0,0,0,0,0,1,0,0,0,5,0,11,0,0,0,5,0,0,0,0,0,0,0,0,0,0,0,0,0,0,0,0,0,0,0,0,0,0,0,0,0,0,0,0,0,0,0,0,0,0,0,0,0,10,0,0,0,0,0,67,0,9,0,20,0,25,0,0,0,0,0,0,0,0,0,7,0,27,0,0,0
19,0,35,5,106,25,0,0,0,1,47,9,11,8,152,15,331,0,39,9,205,2,42,1,24,0,60,7,179,0,0,0,16,4,85,0,36,0,2,0,0,0,39,0,0,0,0,0,0,0,86,0,0,0,0,0,2,0,3,0,1,0,59,0,0,0,0,0,0,0,17,0,0,0,0,0,0,0,0,0,103,0,0,0,51,0,23,0,0,0,16,0,0,0,0,0,0,0,98,0,0,0,1,0,0,0,0,0,0,0,0,0,0,0,0,0,0,0,0,0,59,0,41,0,0,0,0,0,0,0,0,0,0,0,0,0,17,0,25,0,47,0,0,0,33,0,0,0,0,0,3,0,0,0,0,0,0,0,0,0,0,0,0,0,0,0,66,0,0,0,5,0,18,0,0,0,1,2,3,0,0,0,0,0,3,0,1,0,0,0,0,0,0,0,0,0,0,0,0,0,0,0,0,0,0,0,0,0,0,0,0,0,0,0,0,0,0,0,2,0,33,0,0,0,6,0,67,0,36,0,44,0,31,0,0,0,14,0,12,0,6,0,34,0,88,0,0,0,0
0,12,0,34,0,57,0,0,0,0,0,14,0,0,7,52,0,58,4,93,0,167,0,175,0,31,0,14,0,52,0,0,0,6,2,23,0,4,0,8,0,0,0,17,0,7,0,0,0,0,0,30,0,0,0,0,1,0,0,2,0,1,0,22,0,0,0,0,0,0,0,0,0,0,0,0,0,0,0,0,0,0,0,0,0,0,0,0,0,0,0,0,0,0,0,0,0,0,0,0,0,0,0,0,0,0,0,0,0,0,0,0,0,0,0,0,0,0,0,0,0,0,0,0,0,0,0,0,0,0,0,0,0,0,0,0,0,0,0,8,0,16,0,28,0,5,0,0,0,0,0,0,0,0,0,0,0,0,0,0,0,0,0,0,0,0,0,6,0,0,0,0,0,5,0,0,1,10,0,0,0,0,0,0,0,0,0,0,0,0,0,0,0,0,0,0,0,0,0,0,0,0,0,0,0,0,0,0,0,0,0,0,0,0,0,0,0,1,0,5,0,42,0,0,0,14,0,127,0,21,0,48,0,41,1,3,0,7,0,0,0,0,0,0,0,34,0,0,0
111,0,112,5,199,0,14,0,5,0,122,3,21,0,112,0,137,0,8,2,64,0,32,0,7,2,13,0,86,0,16,0,0,0,49,0,72,0,2,0,0,0,27,0,0,0,0,0,0,0,50,0,0,0,0,0,0,0,0,0,9,0,42,0,0,0,0,0,0,0,16,0,0,0,0,0,0,0,0,0,83,0,0,0,39,0,38,0,0,0,0,0,0,0,0,0,0,0,85,0,0,0,0,0,0,0,0,0,0,0,0,0,0,0,0,0,0,0,0,0,43,0,29,0,0,0,0,0,0,0,0,0,0,0,0,0,7,0,25,0,39,0,12,0,52,0,0,0,0,0,0,0,0,0,10,0,17,0,0,0,0,0,0,0,0,0,62,0,0,0,0,0,31,0,0,0,3,0,13,0,0,0,0,0,3,0,0,0,0,0,0,0,0,0,0,0,0,0,0,0,0,0,0,0,0,0,0,0,0,0,0,0,0,0,0,0,0,0,0,0,0,0,4,0,0,0,71,0,35,0,0,0,34,1,0,0,0,1,16,0,13,0,12,0,55,0,0,0,0
0,62,0,111,0,228,0,10,0,0,8,72,6,16,27,88,0,39,0,46,11,41,1,28,0,15,0,6,0,14,4,6,0,0,0,51,0,66,0,2,0,0,0,5,0,0,0,0,0,0,0,18,0,0,0,0,0,1,0,0,0,5,0,17,0,0,0,0,0,0,0,0,0,0,0,0,0,0,0,0,0,0,0,0,0,0,0,17,0,0,0,2,0,0,0,3,0,0,0,0,0,0,0,0,0,0,0,0,0,0,0,0,0,0,0,0,0,0,0,0,0,12,0,0,0,0,0,0,0,0,0,1,0,0,0,0,0,0,0,10,0,10,0,38,0,14,0,0,0,0,0,0,0,0,0,0,0,7,0,0,0,0,0,0,0,4,0,24,0,6,0,0,0,18,0,0,0,55,0,41,0,4,0,4,0,4,0,0,0,0,0,0,0,0,0,0,0,0,0,0,0,0,0,0,0,0,0,0,0,0,0,0,0,0,0,7,0,0,0,1,0,51,0,3,0,7,0,114,0,29,0,0,0,0,0,10,0,4,0,15,0,0,0,14,0,48,0,0,0
0,0,9,0,88,0,0,0,0,0,22,3,50,41,66,2,32,0,158,20,161,3,25,1,14,0,39,32,70,0,85,2,49,0,0,0,140,0,0,0,1,0,21,0,2,0,0,0,0,0,60,0,0,0,0,0,0,0,2,0,0,0,30,0,0,0,0,0,0,0,8,0,0,0,0,0,5,0,0,0,60,0,0,0,0,0,26,0,0,0,0,0,0,0,0,0,0,0,0,0,0,0,0,0,0,0,0,0,0,0,0,0,0,0,0,0,0,0,0,0,27,0,0,0,0,0,0,0,0,0,0,0,0,0,0,0,13,0,0,0,25,0,0,0,31,0,2,0,0,0,0,0,0,0,3,0,0,0,0,0,0,0,0,0,34,0,53,0,20,0,10,0,16,0,0,0,2,0,0,0,0,0,0,0,0,0,5,3,0,0,0,0,0,0,0,0,0,0,0,0,0,0,0,0,0,0,0,0,0,0,0,0,0,0,0,0,1,0,24,1,47,0,16,0,95,0,121,0,70,0,50,0,0,0,0,0,25,0,0,0,10,0,26,0,90,0,0,0,0
0,5,0,0,0,58,0,6,0,0,0,17,7,35,4,12,0,23,0,146,3,128,0,61,0,8,0,43,0,79,0,23,0,51,0,0,0,85,0,12,0,0,0,31,0,22,0,0,0,0,0,78,0,0,0,0,0,3,0,0,0,22,0,14,0,0,0,0,0,0,0,3,0,0,0,1,0,0,0,0,0,5,0,0,0,0,0,0,0,0,0,0,0,0,0,4,0,0,0,12,0,0,0,0,0,0,0,0,0,0,0,0,0,0,0,0,0,0,0,0,0,15,0,5,0,1,0,0,0,0,0,0,0,0,0,0,0,0,0,0,0,22,0,55,0,14,0,0,0,0,0,0,0,0,0,0,0,17,0,0,0,0,0,0,0,10,0,9,0,0,0,1,0,3,0,0,0,9,0,3,0,0,0,0,0,0,0,15,0,0,0,0,0,0,0,0,0,0,0,0,0,0,0,0,0,0,0,0,0,0,0,0,0,0,0,0,0,0,0,13,0,13,1,0,0,36,0,80,0,22,0,20,0,12,0,0,0,0,1,0,0,0,0,0,0,23,0,0,0
66,0,20,0,176,0,0,0,2,0,121,0,62,0,132,4,5,0,113,0,86,0,15,0,12,0,77,0,29,0,36,0,72,0,140,0,0,0,57,0,0,0,131,0,11,0,0,0,10,0,181,0,2,0,0,0,0,0,6,0,36,0,48,0,0,0,0,0,0,0,24,0,4,0,14,0,4,0,0,0,81,0,0,0,20,0,38,0,0,0,0,0,3,0,0,0,6,0,68,0,0,0,0,0,0,0,1,0,0,0,0,0,0,0,0,0,0,0,0,0,37,0,40,0,0,0,0,0,0,0,0,0,0,0,0,0,0,0,81,0,67,0,28,0,118,0,0,0,0,0,0,0,0,0,5,0,38,0,0,0,2,0,11,0,31,0,105,0,26,0,34,0,54,0,0,0,4,0,6,0,0,0,0,0,1,0,9,0,0,0,0,0,0,0,0,0,0,0,0,0,0,0,0,0,0,0,0,0,0,0,0,0,0,0,4,0,1,0,8,0,76,0,15,0,53,0,72,1,88,0,31,1,51,0,0,0,22,0,11,0,12,0,20,0,64,0,0,0,0
0,144,4,49,3,142,0,11,0,12,0,75,3,37,10,48,0,8,0,67,7,27,0,21,0,6,0,0,0,0,0,4,0,66,0,85,0,0,0,25,0,0,0,76,0,10,0,1,0,0,0,72,0,0,0,3,0,0,0,0,0,41,0,12,0,15,0,0,0,0,0,2,0,0,0,0,0,0,0,0,0,8,0,0,0,33,0,12,0,0,0,0,0,0,0,7,0,0,0,0,0,0,0,0,0,0,0,0,0,0,0,0,0,0,0,0,0,0,0,0,0,19,0,9,0,0,0,0,0,2,0,0,0,0,0,9,0,0,0,19,0,43,0,86,0,50,0,3,0,1,0,7,0,7,0,0,0,75,0,4,0,1,0,0,0,4,0,12,0,8,0,2,0,16,0,1,0,25,0,86,0,0,0,8,0,6,0,5,0,0,0,0,0,0,0,0,0,1,0,0,0,0,0,0,0,0,0,0,0,0,0,0,0,0,0,3,0,1,0,0,0,22,0,1,0,13,0,69,0,42,0,9,0,12,0,0,0,0,0,0,0,0,0,3,0,8,0,0,0
316,6,231,3,21,0,33,0,14,0,2,1,3,0,0,1,109,0,1,0,0,0,100,0,61,0,0,0,13,0,2,0,2,0,0,0,57,0,0,0,0,0,6,0,0,0,0,0,0,0,14,0,4,0,0,0,0,0,0,0,39,0,35,0,4,0,0,0,0,0,7,0,0,0,0,0,0,0,0,0,15,0,1,0,0,0,0,0,0,0,0,0,0,0,0,0,3,0,23,0,0,0,0,0,0,0,0,0,0,0,0,0,0,0,0,0,0,0,0,0,11,0,10,0,0,0,0,0,0,0,0,0,0,0,0,0,0,0,36,0,46,0,12,0,31,0,8,0,0,0,0,0,0,0,5,0,18,0,0,0,0,0,1,0,0,0,8,0,0,0,10,0,62,0,0,0,5,0,0,0,0,0,0,1,7,0,0,0,0,0,0,0,0,0,0,0,0,0,0,0,0,0,0,0,0,0,0,0,0,0,0,0,0,0,5,0,0,0,0,0,10,0,0,0,0,0,63,0,11,0,8,0,18,0,0,0,0,0,2,0,0,0,4,0,8,0,0,0,0
2,298,5,285,7,113,0,127,0,0,0,80,0,0,5,37,0,144,0,8,5,25,0,34,0,139,0,0,1,18,0,8,0,2,0,12,0,25,0,0,0,0,0,0,0,0,0,0,0,0,0,0,0,4,0,18,0,0,0,0,0,20,0,73,0,16,0,0,0,0,0,0,0,0,0,0,0,0,0,0,0,6,0,0,0,54,0,9,0,0,0,0,0,0,0,0,0,0,0,18,0,0,0,0,0,0,0,4,0,0,0,0,0,0,0,0,0,0,0,0,0,9,0,4,0,0,0,0,0,3,0,0,0,0,0,30,0,0,0,48,0,50,0,100,0,49,0,0,0,5,0,4,0,16,0,6,0,48,0,13,0,2,0,0,0,2,0,0,0,3,0,3,0,5,0,0,0,43,0,94,0,0,0,45,0,0,0,0,0,0,0,0,0,0,0,0,0,0,0,0,0,0,0,0,0,0,0,0,0,0,0,0,0,0,0,4,0,0,0,0,0,25,0,0,0,0,0,220,0,12,0,52,0,37,0,6,0,5,0,19,0,13,0,8,2,64,0,0,0
6,0,0,0,48,0,0,0,0,0,25,0,217,136,6,0,0,0,21,19,0,0,0,0,0,0,52,232,0,0,0,0,0,0,1,0,0,0,0,0,0,160,33,7,43,12,89,101,171,0,0,0,0,0,0,0,0,0,0,0,0,0,3,0,0,0,0,0,0,0,0,0,0,0,0,0,0,0,0,0,0,0,0,0,0,0,0,0,0,0,0,0,0,0,0,0,0,0,0,0,0,0,0,0,0,0,0,0,0,0,0,0,0,0,0,0,0,0,0,0,0,0,0,0,0,0,0,0,0,0,0,0,0,0,0,0,1,0,0,0,0,0,0,0,0,0,1,0,0,0,0,0,0,0,0,0,0,0,0,0,0,0,0,0,0,0,0,0,0,0,0,0,0,0,2,0,21,46,17,0,0,0,0,0,1,0,125,9,0,0,0,0,0,0,0,0,0,0,0,0,0,0,0,0,0,0,0,0,0,0,0,0,0,0,0,0,0,0,161,52,0,0,65,21,10,0,4,0,0,0,0,0,0,0,0,0,0,0,0,0,0,0,0,0,0,0,0,0,0
0,50,1,7,13,38,0,6,0,0,0,156,39,287,2,1,0,1,40,17,3,3,0,3,0,0,147,150,0,0,0,0,0,0,0,0,0,0,0,0,160,0,20,14,98,76,108,113,7,138,0,18,0,0,0,3,0,0,0,0,0,0,0,0,0,8,0,0,0,0,0,0,0,0,0,0,0,0,0,1,0,0,0,0,0,2,0,0,0,0,0,0,0,0,0,0,0,0,0,1,0,0,0,0,0,0,0,0,0,0,0,0,0,0,0,0,0,0,0,0,0,2,0,0,0,1,0,0,0,0,0,0,0,0,0,0,0,0,0,0,0,1,0,5,0,0,0,0,0,0,0,0,0,0,0,1,0,0,0,0,0,0,0,0,0,22,0,0,0,0,0,0,0,0,0,0,2,230,0,16,0,4,0,1,0,1,16,28,0,0,0,0,0,0,0,0,0,0,0,0,0,0,0,0,0,0,0,0,0,0,0,0,0,0,0,0,0,0,84,179,0,0,6,301,0,19,0,0,0,0,0,0,0,0,0,0,0,0,1,0,0,0,0,1,0,0,0,0,0
0,0,3,0,26,0,0,0,0,0,0,0,87,35,12,0,11,0,123,12,28,0,0,0,11,0,225,65,35,0,39,0,27,0,21,0,131,0,6,0,33,20,0,0,179,0,53,16,34,0,110,0,0,0,4,0,0,0,3,0,13,0,15,0,3,0,0,0,1,0,19,0,0,0,0,0,8,0,0,0,0,0,0,0,0,0,0,0,0,0,0,0,0,0,0,0,0,0,0,0,0,0,0,0,0,0,0,0,0,0,0,0,0,0,0,0,0,0,0,0,21,0,0,0,0,0,0,0,0,0,0,0,0,0,0,0,0,0,0,0,41,0,0,0,40,0,0,0,0,0,0,0,0,0,0,0,0,0,0,0,0,0,5,0,56,0,11,0,26,0,7,0,9,0,1,0,1,3,2,0,0,0,0,0,0,0,90,0,0,0,0,0,0,0,0,0,0,0,0,0,0,0,0,0,0,0,0,0,0,0,0,0,0,0,0,0,0,0,261,3,0,0,69,2,134,0,25,0,54,0,0,0,0,0,3,0,0,0,4,0,0,0,0,0,0,0,0,0,0
0,0,0,0,0,12,0,6,0,0,0,15,6,67,0,10,0,9,19,107,0,86,0,34,0,7,19,220,0,20,0,17,0,5,0,31,0,76,0,0,7,14,0,0,0,30,4,10,0,15,2,54,0,0,0,4,0,0,0,0,0,9,0,13,0,0,0,0,0,0,0,0,0,0,0,0,0,0,0,2,0,6,0,1,0,29,0,15,0,3,0,0,0,0,0,0,0,0,0,0,0,1,0,0,0,0,0,0,0,0,0,0,0,0,0,0,0,0,0,0,0,16,0,11,0,0,0,0,0,0,0,0,0,0,0,5,0,0,0,14,0,21,0,65,0,14,0,0,0,0,0,0,0,0,0,0,0,14,0,5,0,0,0,1,0,25,0,5,0,13,0,3,0,2,0,0,0,4,0,3,0,0,0,0,0,0,0,63,0,0,0,0,0,0,0,0,0,0,0,0,0,0,0,0,0,0,0,0,0,1,0,0,0,0,0,0,0,0,0,132,0,13,0,19,0,68,1,80,0,24,0,17,0,0,0,0,0,5,0,0,0,0,0,0,1,16,0,0,0
0,0,12,0,7,0,6,1,3,0,3,0,19,32,0,0,7,0,41,0,4,0,24,0,5,0,133,48,2,0,0,0,0,0,2,0,11,0,0,0,43,98,179,0,0,0,77,43,181,2,30,0,0,0,0,0,0,0,2,0,0,0,4,0,0,0,0,0,0,0,2,0,1,0,0,0,3,0,0,0,20,0,0,0,21,0,0,0,2,0,0,0,0,0,9,0,0,0,14,0,0,0,0,0,0,0,0,0,1,0,0,0,0,0,0,0,0,0,0,0,3,0,0,0,0,0,0,0,0,0,0,0,0,0,0,0,9,0,0,0,13,0,0,0,0,0,3,0,0,0,0,0,0,0,0,0,0,0,0,0,0,0,0,0,82,0,16,0,35,0,3,0,7,0,0,0,8,5,5,0,1,0,0,0,3,0,43,0,0,0,4,0,0,0,3,0,0,0,0,0,0,0,0,0,0,0,0,0,0,0,0,0,0,0,4,0,0,0,291,29,8,0,295,34,99,0,0,0,38,0,0,0,1,0,2,0,0,0,0,0,5,0,0,0,0,0,0,0,0
0,5,0,6,3,7,0,9,0,7,0,6,0,21,0,0,0,6,8,30,0,24,0,11,0,0,6,236,0,0,0,7,0,0,0,22,0,10,0,0,12,76,0,30,0,0,11,167,0,120,1,71,0,0,0,0,0,4,0,0,0,0,0,5,0,1,0,0,0,0,0,0,0,2,0,0,0,0,0,3,0,13,0,0,0,46,0,26,0,2,0,0,0,0,0,11,0,2,0,13,0,0,0,0,0,0,0,0,0,0,0,0,0,0,0,0,0,0,0,0,0,18,0,17,0,0,0,0,0,0,0,0,0,0,0,0,0,0,0,2,0,4,0,45,0,5,0,0,0,0,0,0,0,0,0,0,0,2,0,0,0,0,0,1,0,72,0,4,0,57,0,3,0,1,0,0,0,14,0,2,0,0,0,0,0,0,0,128,0,0,0,0,0,0,0,0,0,0,0,0,0,0,0,0,0,0,0,0,0,0,0,0,0,0,0,0,0,0,9,321,0,12,0,214,0,80,0,13,0,21,0,0,0,0,0,2,0,3,0,0,0,0,0,0,0,0,0,0,0
5,0,5,0,10,0,0,0,2,0,3,0,103,56,3,0,0,0,25,5,0,1,5,0,2,0,54,80,0,0,0,0,0,0,0,0,0,0,0,0,89,108,53,4,77,11,0,66,69,0,8,4,0,0,4,0,0,0,0,0,0,0,0,0,0,0,0,0,0,0,0,0,0,0,0,0,0,0,0,0,0,0,0,0,0,0,0,0,0,0,0,0,0,0,0,0,0,0,0,0,0,0,0,0,0,0,0,0,0,0,0,0,0,0,0,0,0,0,0,0,0,0,0,0,0,0,0,0,0,0,0,0,0,0,0,0,0,0,0,0,0,0,0,0,0,0,0,0,0,0,0,0,0,0,0,0,0,0,0,0,0,0,0,0,0,0,0,0,0,0,0,0,0,0,0,0,8,29,8,0,0,0,0,0,0,0,33,0,0,0,0,0,0,0,0,0,0,0,0,0,0,0,0,0,0,0,0,0,0,0,0,0,0,0,0,0,0,0,266,30,2,0,81,24,26,0,4,0,0,0,0,0,0,0,0,0,0,0,0,0,0,0,0,0,4,0,0,0,0
0,43,0,0,0,46,0,0,0,4,3,48,28,157,0,0,0,0,0,43,0,3,0,0,0,0,65,210,0,0,0,0,0,0,0,0,0,1,0,0,101,113,16,10,43,167,66,0,0,72,0,29,0,0,0,0,0,0,0,0,0,0,0,1,0,0,0,0,0,1,0,0,0,0,0,0,0,0,0,0,0,0,0,0,0,0,0,5,0,0,0,0,0,0,0,0,0,0,0,0,0,0,0,0,0,0,0,0,0,0,0,0,0,0,0,0,0,0,0,0,0,0,0,0,0,0,0,0,0,0,0,0,0,0,0,0,0,0,0,0,0,0,0,0,0,0,0,0,0,0,0,0,0,0,0,0,0,0,0,0,0,0,0,0,0,41,0,2,0,21,0,0,0,0,0,0,0,60,0,1,0,0,0,0,0,0,8,6,0,0,0,0,0,0,0,0,0,0,0,0,0,0,0,0,0,0,0,0,0,0,0,0,0,0,0,0,0,0,39,296,0,0,0,262,0,41,0,0,0,5,0,0,0,0,0,0,0,0,0,0,0,0,0,0,0,0,0,0,0
4,0,0,0,16,0,10,0,0,0,0,0,87,0,0,0,3,0,7,1,4,0,0,0,2,0,72,2,0,0,0,0,0,0,0,0,10,0,0,0,171,7,34,0,181,0,69,0,0,0,10,0,0,0,16,0,11,0,10,0,0,0,6,0,0,0,0,0,3,0,0,0,0,0,0,0,7,0,5,0,10,0,10,0,4,0,12,0,2,0,7,0,4,0,16,0,2,0,5,0,1,0,1,0,5,0,0,0,0,0,0,0,0,0,0,0,0,0,0,0,3,0,1,0,0,0,0,0,0,0,3,0,0,0,0,0,0,0,0,0,4,0,0,0,4,0,0,0,0,0,0,0,0,0,13,0,5,0,0,0,20,0,0,0,42,0,12,0,38,0,3,0,12,0,2,0,13,4,11,0,0,0,0,0,3,0,239,0,0,0,5,0,0,0,0,0,6,0,0,0,10,0,0,0,13,0,0,0,0,0,0,0,5,0,0,0,10,0,156,0,35,0,152,21,60,0,38,0,48,0,3,0,2,0,11,0,10,0,3,0,10,0,4,0,17,0,0,0,0
0,7,0,0,0,0,0,7,0,4,0,5,0,13,0,0,0,0,0,3,0,0,0,0,0,3,0,44,0,1,0,0,0,0,0,0,0,0,0,0,0,138,0,15,2,120,0,72,0,0,0,18,0,0,0,3,0,0,0,2,0,0,0,0,0,2,0,0,0,4,0,0,0,0,0,0,0,2,0,2,0,1,0,4,0,2,0,6,0,0,0,0,0,1,0,0,0,0,0,0,0,0,0,5,0,0,0,0,0,0,0,0,0,0,0,0,0,0,0,0,0,2,0,0,0,0,0,0,0,0,0,0,0,0,0,0,0,0,0,0,0,0,0,0,0,0,0,0,0,0,0,0,0,0,0,0,0,0,0,0,0,0,0,0,0,36,0,6,0,30,0,1,0,0,0,0,0,67,0,3,0,0,0,0,0,0,0,86,0,0,0,0,0,0,0,0,0,0,0,0,0,0,0,0,0,0,0,0,0,0,0,0,0,2,0,0,0,3,5,17,0,23,3,98,0,7,0,3,0,19,0,0,0,3,0,0,0,0,0,0,0,0,0,0,0,3,0,0,0
13,0,0,0,54,0,8,0,0,0,10,0,104,42,32,0,31,0,208,16,102,3,22,0,26,0,146,28,42,0,86,0,50,0,60,0,181,0,14,0,0,0,110,2,30,1,8,0,10,0,0,0,0,0,5,0,3,0,0,0,0,0,11,0,0,0,0,0,0,0,18,0,0,0,9,0,4,0,0,0,59,0,0,0,34,0,23,0,0,0,0,0,0,0,5,0,7,0,69,0,0,0,0,0,0,0,0,0,0,0,0,0,0,0,0,0,0,0,0,0,28,0,0,0,0,0,0,0,0,0,0,0,0,0,0,0,0,0,0,0,32,0,0,0,23,0,1,0,2,0,0,0,0,0,3,0,0,0,0,0,3,0,10,0,53,0,33,0,32,0,15,0,19,0,1,0,1,0,5,0,0,0,0,0,0,0,42,0,0,0,0,0,0,0,0,0,0,0,0,0,0,0,0,0,2,0,0,0,0,0,0,0,0,0,11,0,0,0,70,0,58,0,19,1,119,0,68,0,67,0,33,0,24,1,8,0,11,0,23,0,3,0,12,0,43,0,0,0,0
0,5,0,10,0,24,0,0,0,0,0,12,15,113,0,7,0,0,9,235,0,117,0,32,0,10,9,280,0,33,0,30,0,18,0,78,0,72,0,0,0,18,0,54,0,71,4,29,0,18,0,0,0,0,0,13,0,4,0,4,0,19,0,15,0,0,0,0,0,0,0,6,0,2,0,10,0,2,0,0,0,31,0,0,0,99,0,42,0,0,0,0,0,3,0,16,0,0,0,22,0,0,0,0,0,0,0,0,0,0,0,0,0,0,0,0,0,0,0,0,0,50,0,26,0,1,0,0,0,0,0,0,0,0,0,0,0,0,0,20,0,15,0,129,0,17,0,0,0,0,0,0,0,0,0,0,0,20,0,0,0,0,0,0,0,19,0,18,0,18,0,14,0,16,0,0,0,6,0,0,0,0,0,0,0,0,0,131,0,0,0,0,0,0,0,0,0,0,0,0,0,0,0,0,0,0,0,0,0,0,0,0,0,0,0,3,0,0,0,47,0,55,0,16,0,68,0,64,0,66,0,23,0,27,0,9,0,3,0,8,0,0,0,8,0,16,0,0,0
2,0,0,0,0,0,82,0,133,40,0,0,0,0,0,0,55,0,2,0,0,0,0,0,59,0,0,0,22,0,0,0,0,0,0,0,2,0,4,0,0,0,0,0,0,0,0,0,0,0,0,0,0,1,335,6,91,2,64,9,50,0,122,0,0,1,6,9,1,0,0,0,0,0,0,0,0,0,0,0,0,0,1,0,11,0,4,0,0,0,0,0,0,0,0,0,7,0,0,0,0,0,0,0,0,0,0,0,0,0,0,0,0,0,0,0,0,0,0,0,4,0,10,0,5,0,0,0,75,0,10,0,24,0,0,0,74,0,293,0,126,0,70,0,35,0,7,2,4,0,0,0,6,2,529,1,83,0,151,0,55,0,14,0,1,0,0,0,8,0,85,0,8,0,2,3,49,0,0,0,1,0,0,0,18,3,0,0,0,0,0,0,0,0,0,0,0,0,0,0,3,0,0,0,0,0,0,0,0,0,8,0,0,0,80,0,0,0,10,0,56,0,50,0,19,0,51,0,123,0,2,0,42,0,0,0,0,0,25,0,7,0,10,0,34,0,0,0,0
1,19,0,0,0,0,6,39,20,91,0,0,0,0,0,0,0,19,0,0,0,0,1,5,0,19,0,0,0,8,0,0,0,0,0,0,0,0,0,4,0,0,0,0,0,0,0,0,0,0,0,0,1,0,14,103,0,161,10,16,2,26,0,65,0,0,3,3,0,0,0,0,0,0,0,0,0,0,0,0,0,4,0,0,0,37,0,7,0,0,0,0,0,0,0,0,0,4,0,14,0,0,0,0,0,0,0,0,0,0,0,0,0,0,0,0,0,0,0,0,0,0,0,0,0,0,0,0,0,53,0,10,0,24,0,28,0,29,0,179,0,73,0,134,0,47,0,0,0,0,0,0,0,0,0,273,0,45,0,172,0,11,0,0,0,0,0,0,0,1,0,10,0,2,0,0,1,6,0,0,0,0,0,0,0,8,0,0,0,0,0,0,0,0,0,0,0,0,0,0,0,0,0,0,0,0,0,0,0,0,0,0,0,2,0,36,0,0,0,1,0,41,0,6,0,6,0,45,0,36,0,0,0,32,0,5,0,0,0,3,0,1,0,2,0,16,0,0,0
1,0,10,0,0,0,112,9,81,98,0,0,0,0,27,1,34,0,0,0,20,0,120,0,196,2,0,0,0,0,0,0,0,0,0,0,0,0,0,0,0,0,4,0,0,0,4,0,16,0,5,0,335,14,0,26,83,3,60,15,44,0,43,2,29,0,3,22,0,0,0,0,0,0,0,0,0,0,0,0,0,0,0,0,0,0,0,0,0,0,0,0,0,0,0,0,0,0,0,0,0,0,0,0,0,0,3,0,0,0,0,0,0,0,0,0,0,0,0,0,0,0,3,0,52,1,23,0,69,0,36,0,93,0,16,0,131,0,24,0,14,0,79,0,4,0,19,0,15,0,6,0,0,0,202,2,43,0,16,0,175,0,14,0,2,0,0,0,33,0,172,0,13,0,1,0,17,5,0,0,0,0,0,0,3,7,0,0,0,0,0,0,0,0,0,0,0,0,0,0,11,0,0,0,0,0,0,0,0,0,17,0,29,0,351,0,0,0,31,0,236,0,100,0,69,0,91,1,365,0,5,0,151,0,25,0,5,0,91,0,30,0,29,0,149,0,0,0,0
6,38,0,41,1,18,33,199,69,40,0,0,0,0,0,74,2,81,0,23,0,20,0,38,14,277,0,0,0,18,0,0,0,0,0,0,0,3,0,18,0,3,0,4,0,0,0,0,0,3,0,13,6,103,26,0,0,247,37,31,0,39,9,124,0,0,6,2,0,0,1,0,0,0,0,0,0,0,0,0,0,0,0,0,0,20,0,0,0,0,0,0,0,0,0,0,0,5,0,7,0,0,0,0,0,0,0,0,0,0,0,0,0,0,0,0,0,0,0,0,0,0,0,0,0,7,0,21,0,17,0,29,0,22,0,72,0,73,0,49,0,41,0,103,0,0,0,3,0,0,0,0,0,0,1,196,1,21,0,41,2,60,0,2,0,0,0,0,0,6,0,69,1,22,0,0,12,19,0,0,0,0,0,4,1,15,0,0,0,0,0,0,0,0,0,0,0,0,0,0,0,2,0,0,0,0,0,1,0,25,0,18,0,5,0,223,0,0,0,15,0,242,0,59,0,42,0,64,3,335,0,14,1,193,1,29,0,4,0,35,0,3,0,6,0,120,0,0,0
2,2,0,0,4,0,6,0,8,1,2,0,0,0,0,0,7,0,0,0,0,0,0,0,9,0,0,1,0,0,2,1,0,0,0,0,0,0,0,0,0,0,0,0,0,0,0,0,11,0,3,0,91,0,83,0,0,0,373,17,6,0,4,0,31,19,5,22,0,0,0,0,1,0,0,0,0,0,0,0,0,0,0,0,0,0,0,0,0,0,0,0,0,0,0,0,0,0,0,0,0,0,0,0,0,0,0,0,0,0,0,0,0,0,0,0,0,0,0,0,0,0,0,0,23,0,0,0,25,0,34,0,29,0,2,0,13,0,11,0,0,0,0,0,23,0,0,0,9,4,0,1,0,0,129,4,44,0,57,0,238,12,53,0,0,0,0,0,30,0,43,0,7,0,11,17,0,0,0,0,0,3,0,0,1,3,0,0,0,0,0,0,0,0,0,0,0,0,0,0,0,0,0,0,0,0,0,0,3,0,0,0,47,0,546,0,0,0,37,1,225,0,235,0,120,0,181,0,479,0,9,0,328,1,224,0,0,0,129,0,32,0,30,0,219,0,0,0,0
0,0,0,0,0,0,0,15,2,2,0,0,0,0,0,0,0,23,0,0,0,0,0,13,1,63,0,0,0,9,0,0,0,1,0,3,0,0,0,0,0,0,0,0,0,4,0,0,0,0,0,4,2,161,3,247,0,0,17,259,0,0,0,39,0,0,4,4,0,0,0,0,0,0,0,0,0,0,0,0,0,0,0,0,0,0,0,0,0,0,0,0,0,0,0,0,0,0,0,0,0,0,0,0,0,0,0,0,0,0,0,0,0,0,0,0,0,0,0,0,0,0,0,0,0,5,0,26,0,20,0,45,0,35,0,26,0,42,0,39,0,15,0,23,0,0,0,9,1,0,0,5,0,0,0,393,0,16,0,133,0,141,0,5,0,2,0,0,0,7,0,110,0,4,0,0,0,0,0,0,0,0,0,0,0,7,0,0,0,0,0,0,0,0,0,0,0,0,0,0,0,0,0,0,0,0,0,1,0,9,0,0,0,0,0,203,0,0,0,17,0,256,0,75,0,43,0,92,0,442,0,10,0,150,0,154,0,5,0,32,0,15,1,6,1,83,0,0,0
0,0,12,0,5,0,10,0,57,25,0,0,0,0,6,2,3,0,0,1,0,0,0,0,0,2,0,0,0,0,3,0,0,0,2,0,6,0,0,0,0,0,3,0,2,0,0,0,10,0,0,0,64,10,60,37,373,17,0,136,46,0,5,0,190,49,173,185,0,0,0,0,1,0,0,0,0,0,0,0,0,0,0,0,0,0,2,0,0,0,0,0,0,0,0,0,0,0,0,0,0,0,0,0,0,0,0,0,0,0,0,0,0,0,0,0,0,0,0,0,0,0,0,0,0,2,0,0,0,0,4,0,2,0,0,0,0,0,0,4,0,0,0,0,8,0,1,0,3,4,0,0,0,4,90,29,77,0,4,9,9,14,0,0,0,0,7,0,15,0,20,0,7,0,33,33,65,2,0,0,65,28,0,0,42,44,0,0,0,0,0,0,0,0,0,0,0,0,0,0,0,0,0,0,0,0,0,0,0,0,14,0,18,0,423,0,0,0,17,0,197,0,104,0,33,0,158,1,160,0,16,0,342,0,145,0,3,0,150,0,68,0,53,0,292,0,0,0,0
0,5,0,2,0,2,0,12,13,17,0,0,0,0,0,0,0,0,0,6,0,0,0,0,0,0,0,0,0,0,0,2,0,0,0,0,0,0,0,0,0,0,0,0,0,0,0,0,0,2,0,4,9,16,15,31,17,259,136,0,0,4,0,4,7,85,36,116,0,0,0,0,0,0,0,0,0,0,0,0,0,0,0,0,0,0,0,0,0,0,0,0,0,0,0,0,0,0,0,0,0,0,0,0,0,0,0,0,0,0,0,0,0,0,0,0,0,0,0,0,0,0,0,1,0,27,0,23,0,0,0,16,0,12,0,0,0,19,0,3,0,0,0,2,0,9,0,10,0,28,0,8,0,0,6,29,0,24,1,8,2,62,0,1,0,0,0,0,0,2,0,10,0,3,0,16,0,5,0,0,0,55,0,0,7,105,0,0,0,0,0,0,0,0,0,0,0,0,0,0,0,1,0,2,0,0,0,6,0,18,0,0,0,5,0,450,0,3,0,24,0,415,0,100,0,41,2,270,2,335,0,23,1,504,5,523,0,19,0,141,0,13,0,25,5,376,0,0,0
84,0,33,0,0,0,167,3,131,0,0,0,0,0,0,0,20,0,0,0,8,0,6,0,49,0,0,0,2,0,1,0,9,0,0,0,36,0,39,0,0,0,13,0,0,0,0,0,0,0,0,0,50,2,44,0,6,0,46,0,0,0,123,0,0,0,6,2,0,0,5,0,0,0,2,0,0,0,0,0,0,0,0,0,2,0,0,0,0,0,0,0,0,0,0,0,0,0,0,0,0,0,0,0,0,0,0,0,0,0,0,0,0,0,0,0,0,0,0,0,5,0,0,0,0,0,0,0,3,0,0,0,1,0,1,0,0,0,118,0,48,0,6,0,173,0,3,0,5,0,0,0,0,0,56,0,142,0,22,0,0,0,8,0,1,0,0,0,0,0,72,0,67,0,1,0,28,2,0,0,0,0,0,0,18,0,0,0,0,0,0,0,0,0,0,0,0,0,0,0,2,0,0,0,0,0,0,0,0,0,0,0,0,0,22,0,0,0,0,0,23,0,7,0,9,0,146,0,31,0,5,0,25,0,5,0,0,0,22,0,11,0,8,0,38,0,0,0,0
5,147,5,21,0,3,5,202,0,100,0,4,0,0,0,4,0,25,0,0,0,3,0,5,0,60,0,0,0,6,0,1,0,5,0,22,0,41,0,20,0,0,0,9,0,0,0,0,0,0,0,19,0,26,0,39,0,0,0,4,0,0,0,102,0,1,0,0,0,0,0,0,0,11,0,0,0,0,0,0,0,0,0,0,0,3,0,0,0,0,0,0,0,0,0,0,0,0,0,0,0,0,0,0,0,0,0,0,0,0,0,0,0,0,0,0,0,0,0,0,0,0,0,6,0,0,0,1,0,0,0,0,0,0,0,0,0,0,0,38,0,35,0,25,0,116,0,1,0,0,0,0,0,0,0,28,0,156,0,28,0,0,0,3,0,1,0,0,0,0,0,22,0,13,0,0,0,0,0,13,0,0,0,9,0,0,0,0,0,0,0,0,0,0,0,0,0,0,0,0,0,0,0,0,0,0,0,0,0,0,0,1,0,0,0,5,0,0,0,1,0,13,0,4,0,0,0,336,0,31,0,0,0,8,0,2,0,0,0,8,0,1,0,0,0,12,0,0,0
52,4,52,0,0,0,428,11,269,48,0,0,2,0,0,0,328,0,16,0,62,0,29,0,129,8,0,0,215,0,59,0,42,0,30,0,48,0,35,0,3,0,15,0,4,0,0,0,6,0,11,0,122,0,43,9,4,0,5,0,123,0,0,3,0,0,3,3,0,0,3,0,0,0,0,0,0,0,0,0,0,0,0,0,24,0,10,0,0,0,3,0,0,0,0,0,0,0,18,0,0,0,0,0,0,0,0,0,0,0,0,0,0,0,0,0,0,0,0,0,19,0,28,0,0,0,0,0,21,0,0,0,14,0,0,0,55,0,296,0,150,0,44,0,48,0,9,0,0,0,0,0,6,0,249,0,68,0,75,0,0,0,0,0,1,0,2,0,2,0,17,0,35,0,0,0,45,5,0,0,0,0,0,0,26,0,0,0,0,0,0,0,0,0,0,0,0,0,0,0,3,0,1,0,0,0,0,0,0,0,1,0,0,0,28,0,1,0,3,0,25,0,11,0,9,0,96,0,43,0,0,0,31,0,0,0,0,0,16,0,9,0,7,0,42,0,0,0,0
12,159,4,11,0,1,40,301,15,209,0,1,0,1,0,8,2,453,0,6,0,72,3,83,26,185,0,15,1,165,0,22,0,17,0,14,0,12,0,73,0,0,0,13,0,5,0,1,0,0,0,15,0,65,2,124,0,39,0,4,0,102,3,0,0,0,1,0,0,0,0,0,0,1,0,0,0,0,0,0,0,0,0,0,0,40,0,5,0,3,0,3,0,0,0,0,0,5,0,14,0,0,0,0,0,0,0,4,0,0,0,0,0,0,0,0,0,0,0,0,0,2,0,0,0,0,0,0,0,15,0,0,0,14,0,0,0,15,0,102,0,60,0,83,0,42,0,0,0,0,0,0,0,0,0,141,0,58,0,76,0,1,0,0,0,1,0,0,0,0,0,2,0,4,0,0,0,34,0,2,0,1,0,35,0,0,0,0,0,0,0,0,0,0,0,0,0,0,0,0,0,0,0,0,0,0,0,0,0,0,0,0,0,0,0,25,0,0,0,0,0,28,0,0,0,5,0,147,0,24,0,1,0,18,0,0,0,0,0,7,0,0,0,0,0,19,0,0,0
0,0,21,0,14,0,3,0,29,0,4,0,3,0,25,0,0,0,16,0,1,0,5,0,0,0,5,0,0,0,0,0,0,0,0,0,0,0,4,0,0,0,3,0,0,0,0,0,0,0,0,0,0,0,29,0,31,0,190,7,0,0,0,0,0,34,135,7,0,0,0,0,0,0,0,0,0,0,0,0,0,0,0,0,0,2,0,0,0,0,0,1,0,0,0,0,0,0,0,2,0,0,0,0,0,0,0,2,0,0,0,0,0,0,0,0,0,0,0,0,0,0,0,0,13,10,0,3,0,0,75,15,1,0,0,8,1,0,5,6,1,2,0,10,9,4,13,9,58,16,0,4,1,14,3,3,2,0,1,3,295,22,0,0,0,0,0,0,0,0,0,0,0,0,113,95,3,0,0,0,86,4,0,0,29,1,0,0,0,0,0,0,0,0,0,0,0,0,0,1,0,0,0,0,0,0,0,0,3,1,0,0,0,0,8,0,0,0,0,0,6,0,0,0,0,0,12,0,14,0,4,0,15,0,45,0,0,0,29,1,1,0,6,0,21,0,0,0,0
0,53,0,14,0,16,0,14,0,191,0,6,0,0,0,10,0,0,0,30,0,8,0,7,0,0,0,20,0,0,0,0,0,0,0,0,0,15,0,16,0,8,0,0,0,1,0,0,0,2,0,0,1,0,0,0,19,0,49,85,0,1,0,0,34,0,8,407,0,0,0,27,0,0,0,8,0,0,0,0,0,0,0,0,0,0,0,0,0,2,0,0,0,0,0,0,0,0,0,0,0,0,0,0,0,0,0,0,0,0,0,0,0,0,0,0,0,0,0,0,0,8,0,0,3,57,0,14,0,0,10,57,3,0,1,5,2,16,7,22,1,17,0,0,3,90,0,33,7,125,0,22,0,8,13,0,0,0,10,2,40,302,0,5,0,0,0,0,0,4,0,0,0,0,0,117,0,0,0,0,0,63,0,12,0,50,0,0,0,0,0,6,0,0,0,0,0,3,0,2,1,0,0,0,0,0,0,6,0,53,0,0,0,0,0,19,0,0,0,0,0,33,0,0,0,8,0,41,1,55,0,11,0,43,1,101,0,0,0,3,0,0,0,0,1,51,0,0,0
0,0,0,0,0,0,1,0,43,7,0,0,0,0,5,0,0,0,0,0,0,0,0,0,0,0,2,0,1,0,0,0,0,0,0,0,0,0,0,0,0,0,0,0,0,0,0,0,0,0,0,0,6,3,3,6,5,4,173,36,6,0,3,1,135,8,0,62,0,0,0,0,0,0,0,0,0,0,0,0,0,0,0,0,0,0,0,0,0,0,0,0,0,0,0,0,0,0,0,0,0,0,0,0,0,0,0,0,0,0,0,0,0,0,0,0,0,0,0,0,0,0,0,0,7,0,0,0,0,0,11,0,0,0,0,0,0,0,0,2,0,0,0,0,1,0,0,0,8,0,0,0,0,0,12,0,5,0,0,0,23,2,0,0,0,0,0,0,1,0,1,0,0,0,22,3,31,0,0,0,65,5,0,0,40,12,0,0,0,0,0,0,0,0,0,0,0,0,0,0,0,0,0,0,0,0,0,0,0,0,0,0,0,0,28,0,0,0,0,0,12,0,0,0,3,0,10,0,10,0,0,0,34,0,10,0,0,0,11,0,5,0,5,0,14,0,0,0,0
0,14,0,0,0,0,0,0,18,138,0,0,0,0,0,0,0,0,0,0,0,0,0,0,0,0,0,0,0,1,0,0,0,0,0,0,0,0,0,0,0,0,0,0,0,0,0,0,0,0,0,0,9,3,22,2,22,4,185,116,2,0,3,0,7,407,62,0,0,0,0,1,0,0,0,1,0,0,0,0,0,0,0,0,0,0,0,0,0,0,0,0,0,0,0,0,0,0,0,0,0,0,0,0,0,0,0,0,0,0,0,0,0,0,0,0,0,0,0,0,0,0,0,0,0,30,0,4,0,0,0,17,0,0,0,2,0,0,0,5,0,0,0,0,0,13,0,0,0,63,0,1,0,1,3,7,0,2,2,4,0,77,0,0,0,0,0,0,0,0,0,2,0,0,0,44,8,40,0,0,1,127,0,0,4,358,0,0,0,0,0,0,0,0,0,0,0,0,0,0,0,0,0,0,0,0,0,5,0,5,0,0,0,0,1,45,0,0,0,0,0,0,0,0,0,0,0,114,0,32,0,5,0,106,2,110,0,3,0,36,0,12,0,12,0,82,0,0,0
0,0,0,0,2,0,0,0,1,0,0,0,0,0,0,0,0,0,0,0,0,0,0,0,0,0,0,0,0,0,0,0,0,0,0,0,0,0,0,0,0,0,1,0,0,0,0,0,3,0,0,0,1,0,0,0,0,0,0,0,0,0,0,0,0,0,0,0,0,0,0,0,0,0,0,0,116,0,33,0,2,0,23,0,0,0,0,0,1,0,11,0,14,0,14,0,0,0,0,0,1,0,101,0,16,0,0,0,40,0,0,0,0,0,0,0,6,0,0,0,0,0,0,0,0,0,0,0,0,0,0,0,0,0,0,0,0,0,0,0,0,0,0,0,0,0,0,0,0,0,0,0,0,0,0,0,0,0,0,0,0,0,0,0,15,0,0,0,77,0,1,0,0,0,1,0,0,0,0,0,0,0,0,0,0,0,0,0,17,0,0,0,22,0,0,0,6,0,0,0,20,0,0,0,0,0,0,0,0,0,11,0,179,0,147,0,39,0,9,0,0,0,95,0,31,0,1,0,59,0,0,0,0,0,0,0,0,0,0,0,25,0,0,0,6,0,0,0,0
0,0,0,0,0,0,0,0,0,0,0,0,0,0,0,2,0,0,0,0,0,0,0,0,0,0,0,0,0,0,0,0,0,0,0,0,0,0,0,0,0,0,0,0,0,0,0,1,0,4,0,0,0,0,0,0,0,0,0,0,0,0,0,0,0,0,0,0,0,0,0,0,0,0,0,0,0,35,0,0,0,0,0,4,0,1,0,0,0,53,0,0,0,24,0,10,0,2,0,0,0,1,0,103,0,20,0,13,0,7,0,1,0,1,0,7,0,9,0,0,0,0,0,0,0,0,0,0,0,0,0,0,0,0,0,0,0,0,0,0,0,1,0,0,0,0,0,0,0,0,0,0,0,0,0,0,0,0,0,0,0,0,0,0,0,6,0,0,0,14,0,2,0,0,0,0,0,0,0,0,0,0,0,0,0,0,0,0,0,0,0,0,0,0,0,12,0,0,0,0,0,16,0,0,0,0,0,0,0,0,0,2,0,216,0,56,0,109,0,11,0,3,0,133,0,9,0,0,0,38,0,0,0,4,0,0,0,1,0,11,0,12,0,0,0,0,0,0,0
0,0,0,0,0,0,0,0,0,0,0,0,0,0,3,0,0,0,0,0,0,0,0,0,0,0,0,0,0,0,17,0,16,0,8,0,24,0,7,0,0,0,19,0,2,0,0,0,0,0,18,0,0,0,0,1,0,0,0,0,5,0,3,0,0,0,0,0,0,0,0,0,295,0,349,0,5,0,216,0,7,2,0,0,3,1,48,0,0,0,0,0,0,0,0,0,0,0,0,0,2,0,0,0,0,0,0,0,0,0,0,0,0,0,0,0,0,0,0,0,80,0,30,0,25,0,23,6,33,0,14,0,38,3,0,0,31,0,0,0,37,0,41,1,119,0,27,5,25,0,0,0,41,0,0,0,3,0,0,0,0,0,30,0,0,0,0,0,11,0,30,0,12,0,33,3,0,0,0,0,5,0,0,0,5,0,0,0,0,0,0,0,0,0,0,0,0,0,0,0,2,0,0,0,0,0,0,0,0,0,0,0,0,0,1,0,0,0,0,0,0,0,0,0,0,0,3,0,17,0,0,0,0,0,2,0,0,0,26,0,15,0,16,0,0,0,0,0,0
0,0,0,0,0,0,0,0,0,0,0,0,0,0,0,0,0,0,0,0,0,0,0,0,0,0,0,0,0,0,0,0,0,0,0,3,0,2,0,0,0,0,0,0,0,0,0,0,0,0,0,6,0,0,0,0,0,0,0,0,0,0,0,0,0,27,0,1,0,0,0,0,0,253,0,164,0,12,0,115,0,0,0,0,0,3,0,30,0,0,0,0,0,0,0,0,0,0,0,1,0,0,0,0,0,0,0,0,0,0,0,0,0,0,0,0,0,0,0,0,0,25,0,36,0,28,0,34,0,0,1,33,0,30,0,23,0,85,0,21,0,38,0,52,0,210,0,21,0,9,0,0,0,0,0,0,0,0,1,1,0,7,0,60,0,0,0,2,0,7,0,10,0,2,0,9,0,0,0,0,0,0,0,0,0,2,0,0,0,0,0,0,0,0,0,0,0,0,0,0,0,0,0,0,0,1,0,0,0,0,0,0,0,0,0,0,0,0,0,0,0,0,0,0,0,0,0,21,0,33,0,0,0,0,0,7,0,0,0,36,0,0,0,0,0,22,0,0,0
