0,168,41,53,80,18,33,97,85,0,189,0,105,0,21,19,104,0,11,0,17,0,83,18,20,153,67,0,0,0,0,0,0,0,0,0,9,0,231,0,15,0,0,0,0,0,12,0,37,0,0,0,13,0,9,42,0,0,7,0,408,0,308,7,53,0,20,1,0,0,0,0,0,0,0,0,0,0,0,0,0,0,2,0,0,0,0,0,0,0,0,0,0,0,0,0,0,0,0,0,0,0,0,0,0,0,0,0,0,0,0,0,0,0,0,0,0,0,0,0,0,0,0,0,40,0,43,0,0,0,59,0,5,0,18,0,7,0,0,0,0,0,0,0,0,0,29,0,98,0,51,0,0,0,0,0,0,0,0,0,20,0,0,0,10,0,7,0,88,0,34,0,314,0,2,0,410,69,34,0,0,0,29,0,154,0,0,0,0,0,0,0,0,0,0,0,0,0,0,0,0,0,0,0,0,0,0,0,33,0,629,141,183,0,399,0,0,3,0,0,0,0,0,0,0
168,0,201,142,0,55,17,70,0,88,26,370,0,171,0,172,12,26,0,130,3,0,199,34,184,62,0,463,0,121,0,0,0,122,0,0,0,225,0,680,0,9,0,10,0,239,0,83,0,13,0,0,0,0,10,20,0,0,0,0,0,425,9,226,0,174,0,3,0,0,0,0,0,0,0,0,0,1,0,0,0,0,0,0,0,0,0,0,0,0,0,0,0,0,0,0,0,0,0,0,0,0,0,0,0,0,0,6,0,0,0,0,0,0,0,0,0,0,0,0,0,0,0,0,0,26,0,0,0,0,0,21,0,8,0,65,0,46,0,0,0,0,0,0,0,0,0,100,0,90,0,50,0,61,0,0,0,0,0,1,0,12,0,32,0,0,0,0,0,42,0,93,0,386,0,0,42,764,0,22,0,15,0,44,0,118,0,0,0,0,0,0,0,0,0,0,0,0,0,0,0,26,0,0,0,0,0,0,0,44,0,0,0,0,670,0,0,0,901,199,346,401,20,160,2
41,201,0,65,351,0,85,88,45,0,142,0,151,0,282,67,24,19,70,0,47,0,589,35,85,136,222,0,121,0,0,0,41,0,0,0,26,0,477,0,17,0,0,0,111,0,25,0,84,0,16,0,0,0,137,24,0,0,20,3,325,0,291,7,22,0,0,0,0,0,0,0,0,0,0,0,0,0,9,0,0,0,0,0,0,0,0,0,0,0,0,0,0,0,0,0,0,0,0,0,0,0,0,0,0,0,0,0,0,0,0,0,0,0,0,0,0,0,0,0,0,0,0,0,64,0,83,0,0,0,150,0,20,0,219,0,64,0,0,0,6,0,70,0,0,0,50,0,147,0,74,0,18,0,0,0,0,0,0,0,60,0,7,1,0,0,0,0,219,0,46,0,341,0,0,0,234,62,1,0,0,0,7,0,21,0,0,0,0,0,0,0,0,0,0,0,0,0,0,0,0,0,0,0,0,0,0,0,106,0,715,129,477,415,680,0,63,6,3,0,0,0,0,0,0
53,142,65,0,38,271,0,159,0,11,48,30,0,14,41,341,0,59,0,164,0,83,112,266,16,181,0,156,0,130,0,0,0,114,0,0,0,51,0,451,0,0,0,0,0,75,0,19,0,1,0,0,0,0,0,36,0,5,0,0,0,26,0,28,0,19,0,0,0,0,0,0,0,0,0,0,0,0,0,0,0,0,0,0,0,0,0,0,0,0,0,0,0,0,0,0,0,0,0,0,0,0,0,0,0,0,0,0,0,0,0,0,0,0,0,0,0,0,0,0,0,0,0,0,0,0,0,0,0,2,0,48,0,0,0,115,0,139,0,0,0,0,0,0,0,0,0,0,0,51,0,0,0,6,0,0,0,0,0,0,0,0,0,15,0,0,0,8,0,26,0,14,0,79,0,0,16,116,2,0,0,0,0,0,0,0,0,0,0,0,0,0,0,0,0,0,0,1,0,0,0,55,0,0,0,0,0,0,0,78,0,0,0,0,147,0,0,0,129,43,147,0,0,0,0
80,0,351,38,0,246,14,0,16,0,187,207,309,0,334,275,16,0,74,0,88,20,177,30,13,18,362,0,40,0,107,0,200,0,74,0,301,0,418,0,61,0,38,0,37,10,41,0,26,1,38,0,0,0,0,0,0,0,0,0,0,0,0,0,7,0,0,0,0,0,6,0,0,0,0,0,0,0,0,0,0,0,0,0,0,0,0,0,0,0,0,0,0,0,0,0,0,0,0,0,0,0,0,0,0,0,0,0,0,0,0,0,0,0,0,0,0,0,0,0,0,0,0,0,0,0,0,0,0,0,0,0,0,0,0,0,0,0,0,0,0,0,0,0,0,0,0,0,0,0,35,0,0,0,0,0,0,0,0,0,0,0,9,0,18,0,95,0,136,0,11,0,224,0,0,0,391,110,182,0,0,0,48,0,63,0,0,0,0,0,0,0,0,0,0,0,0,0,0,0,0,0,0,0,0,0,0,0,0,0,603,202,432,0,329,0,20,0,0,0,0,0,0,0,0
18,55,0,271,246,0,0,39,0,11,80,78,156,77,319,316,0,0,85,198,162,99,73,82,0,45,0,390,0,41,0,37,9,705,7,187,0,323,0,275,0,3,0,34,0,34,0,121,0,5,0,0,0,0,0,0,0,0,0,0,0,2,0,0,0,16,0,3,0,0,0,0,0,0,0,0,0,0,0,0,0,0,0,0,0,0,0,0,0,0,0,0,0,0,0,0,0,0,0,0,0,0,0,0,0,0,0,0,0,0,0,0,0,0,0,0,0,0,0,0,0,0,0,9,0,0,0,0,0,0,0,0,0,0,0,0,0,0,0,0,0,0,0,0,0,0,0,0,0,0,0,0,0,0,0,0,0,0,0,0,0,0,0,26,0,38,0,169,0,234,0,36,0,109,0,0,75,316,0,8,0,0,0,0,0,15,0,1,0,0,0,0,0,0,0,0,0,0,0,0,0,0,0,0,0,0,0,0,0,0,0,0,0,0,343,0,0,0,418,188,518,0,17,0,0
33,17,85,0,14,0,0,0,20,111,26,0,0,0,4,0,0,0,0,0,0,0,11,0,143,19,0,0,0,0,0,0,0,0,0,0,0,0,0,0,3,0,0,0,0,0,0,0,149,0,14,0,131,11,144,147,18,2,15,0,353,0,311,0,31,0,46,0,9,0,0,0,0,0,0,0,0,0,0,0,0,0,0,0,0,0,0,0,0,0,0,0,0,0,0,0,0,0,0,0,0,0,0,0,1,0,0,0,0,0,0,0,0,0,0,0,0,0,0,0,0,0,0,0,21,0,46,0,3,0,172,0,7,0,25,0,0,0,0,0,0,0,7,0,0,0,9,0,41,0,23,0,0,0,5,0,13,0,0,0,57,0,0,0,0,0,15,0,91,0,280,0,133,0,0,0,103,0,0,0,0,0,0,0,14,0,0,0,0,0,0,0,0,0,0,0,0,0,0,0,0,0,0,0,0,0,0,0,39,0,568,133,475,414,725,3,0,19,0,0,0,0,0,0,0
97,70,88,159,0,39,0,0,22,28,0,33,0,15,0,62,0,41,0,35,0,0,26,72,131,286,0,129,0,71,0,0,0,0,0,0,0,0,0,219,0,0,0,0,0,68,0,0,0,8,0,8,6,28,26,706,0,48,0,57,0,331,13,398,0,61,0,18,0,0,0,0,0,0,0,0,0,0,0,0,0,0,0,0,0,0,0,0,0,0,0,0,0,0,0,0,0,0,0,0,0,0,0,0,0,0,0,0,0,0,0,0,0,0,0,0,0,0,0,0,0,0,0,0,0,56,0,38,0,0,1,105,0,86,0,422,0,501,1,0,0,0,0,0,0,0,0,0,0,82,0,0,0,0,0,0,0,15,0,0,2,23,0,12,0,39,0,0,0,47,0,126,0,317,0,1,27,126,0,0,0,0,2,4,1,10,0,0,0,0,0,0,0,0,0,0,1,0,0,0,0,158,0,0,0,0,0,0,0,165,0,0,0,0,684,0,0,0,629,104,518,0,41,338,5
85,0,45,0,16,0,20,22,0,105,43,0,15,0,8,0,0,0,0,0,0,0,0,0,16,0,25,0,0,0,0,0,0,0,0,0,0,0,0,0,2,0,0,0,0,0,4,0,85,0,8,0,169,23,80,240,10,13,67,41,339,0,173,8,77,0,100,24,0,0,0,0,0,0,0,0,0,0,0,0,0,0,1,0,0,0,0,0,0,0,0,0,0,0,0,0,0,0,0,0,0,0,0,0,0,0,0,0,0,0,0,0,0,0,0,0,0,0,0,0,0,0,0,0,0,0,0,0,0,0,0,0,0,0,9,0,0,0,0,0,0,0,0,0,0,0,24,0,52,0,16,0,12,0,0,0,73,10,0,0,10,0,11,0,28,0,7,0,42,0,254,0,53,0,0,0,371,40,6,0,0,0,27,0,118,0,0,0,0,0,0,0,0,0,0,0,0,0,0,0,0,0,0,0,0,0,0,0,4,0,598,187,308,0,556,1,0,0,0,0,0,0,0,0,0
0,88,0,11,0,11,111,28,105,0,0,37,0,0,0,22,1,8,0,7,0,0,0,0,69,0,0,42,0,0,0,0,0,0,0,0,0,0,0,0,0,3,0,0,0,36,0,0,0,16,0,0,31,132,147,220,13,38,26,113,0,318,21,261,0,412,18,213,0,0,0,0,0,0,0,0,0,0,0,0,0,0,0,0,0,0,0,0,0,0,0,0,0,0,0,0,0,0,0,0,0,0,0,0,0,0,0,0,0,0,0,0,0,0,0,0,0,0,0,0,0,0,0,0,0,58,0,34,0,0,0,89,0,13,0,70,0,99,0,0,0,0,0,0,0,0,0,77,0,140,0,0,0,14,0,15,0,169,0,0,0,24,0,12,0,37,0,0,0,27,0,214,0,165,0,0,66,308,0,1,0,0,0,61,3,91,0,0,0,0,0,0,0,0,0,0,0,1,0,0,0,0,0,0,0,0,0,0,0,110,0,0,0,2,1049,0,0,0,1016,141,443,0,78,429,4
189,26,142,48,187,80,26,0,43,0,0,0,457,0,56,106,19,0,23,0,51,0,31,31,0,11,124,11,16,0,24,0,75,0,0,0,132,0,293,0,51,0,5,0,29,0,46,0,9,0,7,0,0,0,0,0,0,0,0,0,0,0,0,0,0,0,0,0,0,0,0,0,0,0,0,0,0,0,0,0,0,0,0,0,0,0,0,0,0,0,0,0,0,0,0,0,0,0,0,0,0,0,0,0,0,0,0,0,0,0,0,0,0,0,0,0,0,0,0,0,0,0,0,0,15,0,12,0,0,0,0,0,0,0,0,0,0,0,0,0,0,0,0,0,0,0,0,0,41,0,32,0,0,0,0,0,0,0,0,0,0,0,0,0,0,0,53,0,80,0,0,0,90,0,10,0,340,54,177,0,0,0,111,0,84,0,11,0,0,0,0,0,0,0,0,0,0,0,0,0,0,0,0,0,0,0,0,0,0,0,323,190,196,0,152,0,10,0,0,0,0,0,0,0,0
0,370,0,30,207,78,0,33,0,37,0,0,0,373,312,59,0,0,53,62,154,0,79,15,0,0,31,275,0,0,0,11,0,387,0,0,0,210,0,299,0,51,0,7,0,171,0,204,1,35,0,0,0,0,0,0,0,0,0,0,0,0,0,0,0,15,0,0,0,0,0,0,0,0,0,0,0,0,0,0,0,0,0,0,0,0,0,0,0,0,0,0,0,0,0,0,0,0,0,0,0,0,0,2,0,0,0,0,0,0,0,0,0,0,0,0,0,0,0,5,0,0,0,0,0,0,0,0,0,0,0,0,0,0,0,0,0,0,0,0,0,0,0,0,0,0,0,54,1,0,0,170,0,110,0,0,0,0,0,0,0,0,0,0,0,0,0,62,0,115,0,0,0,78,0,0,64,738,0,101,0,120,0,27,0,79,0,4,0,0,0,0,0,0,0,0,0,12,0,0,0,0,0,0,0,0,0,0,0,16,0,0,0,0,308,0,0,0,366,121,294,0,10,36,0
105,0,151,0,309,156,0,0,15,0,457,0,0,499,52,18,0,0,34,157,45,34,0,0,0,0,234,380,0,0,101,0,0,0,128,0,69,0,0,0,69,75,67,0,484,147,52,92,0,0,93,0,0,0,0,0,0,0,0,0,0,0,0,0,0,0,0,0,0,0,0,0,0,0,0,0,0,0,0,0,0,0,0,0,0,0,0,0,0,0,0,0,0,0,0,0,2,0,0,0,0,0,0,0,0,0,0,0,0,0,0,0,0,0,0,0,0,0,0,0,0,0,0,0,0,0,0,0,0,0,0,0,0,0,0,0,0,0,0,0,0,0,0,0,0,0,0,0,0,0,46,0,42,0,0,0,0,0,0,0,5,0,0,0,0,0,5,0,0,0,0,0,0,0,0,0,437,53,187,0,0,0,56,0,43,0,134,0,0,0,0,0,0,0,0,0,0,0,0,0,0,0,0,0,0,0,0,0,0,0,0,34,16,0,0,0,0,0,0,0,0,0,0,0,0
0,171,0,14,0,77,0,15,0,0,0,373,499,0,117,10,0,0,367,97,367,8,0,0,0,0,336,153,0,0,29,4,0,0,23,73,0,167,0,0,0,47,20,47,64,127,0,162,0,15,19,110,0,0,0,0,0,0,0,0,0,0,0,0,0,0,0,0,0,0,0,0,0,0,0,0,0,0,0,0,0,0,0,0,0,0,0,0,0,0,0,0,0,0,0,0,0,0,0,0,0,0,0,0,0,0,0,0,0,0,0,0,0,0,0,0,0,0,0,1,0,0,0,0,0,0,0,0,0,0,0,0,0,0,0,0,0,0,0,0,0,0,0,0,0,0,0,0,0,0,0,27,0,24,0,0,0,0,0,0,0,0,0,0,0,0,0,0,0,0,0,0,0,0,0,0,80,371,0,12,0,41,0,0,0,0,0,28,0,0,0,0,0,0,0,0,0,0,0,0,0,0,0,0,0,0,0,0,0,0,0,0,0,0,0,0,0,0,42,109,76,0,1,0,4
21,0,282,41,334,319,4,0,8,0,56,312,52,117,0,296,7,0,139,89,81,19,297,25,42,0,362,43,22,0,80,0,190,0,14,0,55,0,147,0,5,0,12,0,60,0,8,0,0,0,2,0,0,0,71,0,0,0,0,0,0,0,0,0,13,0,0,0,0,0,0,0,0,0,1,0,0,0,0,0,0,0,0,0,0,0,0,0,0,0,0,0,0,0,0,0,0,0,0,0,0,0,0,0,0,0,0,0,0,0,0,0,0,0,0,0,0,0,0,0,0,0,0,0,0,0,0,0,0,0,0,0,0,0,0,0,0,0,0,0,0,0,0,0,0,0,57,0,69,0,0,0,31,0,0,0,0,0,0,0,0,0,0,0,0,0,12,0,0,0,0,0,34,0,0,0,216,94,52,0,0,0,19,0,52,0,0,0,0,0,0,0,0,0,0,0,0,0,0,0,0,0,0,0,0,0,0,0,28,0,100,119,57,0,48,0,0,0,6,0,0,0,0,0,0
19,172,67,341,275,316,0,62,0,22,106,59,18,10,296,0,3,27,24,338,80,148,106,132,2,79,6,210,0,5,0,14,7,161,0,6,0,37,0,20,0,1,0,10,0,96,0,12,0,0,0,3,1,0,0,19,0,3,0,0,0,0,0,15,0,44,0,0,0,0,0,0,0,0,0,0,0,0,0,0,0,0,0,0,0,71,0,0,0,0,0,0,0,7,0,0,0,0,0,0,0,0,0,0,0,0,0,0,0,0,0,0,0,0,0,0,0,0,0,0,0,0,0,0,0,15,0,0,0,0,0,0,0,10,0,154,0,89,0,0,0,0,0,0,0,0,0,91,0,79,0,0,0,18,0,0,0,0,0,0,0,0,0,0,0,13,0,25,0,65,0,31,0,22,0,0,24,183,2,0,0,0,0,0,0,38,0,0,0,0,0,0,0,0,0,0,0,0,0,0,0,0,0,0,0,0,0,0,0,52,0,3,0,0,157,0,0,0,276,374,137,39,7,0,0
104,12,24,0,16,0,0,0,0,1,19,0,0,0,7,3,0,0,7,0,128,0,63,3,81,8,88,0,157,0,66,0,138,0,6,0,12,0,118,0,7,0,57,0,167,0,3,0,11,0,0,0,91,0,16,0,0,0,0,0,72,0,344,0,0,0,0,0,0,0,112,0,0,0,99,0,0,0,0,0,368,0,0,0,527,0,77,0,0,0,610,0,0,0,0,0,553,0,999,0,72,0,0,0,0,0,191,0,0,0,0,0,0,0,0,0,0,0,0,0,160,0,163,0,0,0,12,0,0,1,0,0,0,0,191,0,113,0,53,0,332,0,719,0,25,0,0,0,0,0,0,0,0,0,27,0,0,0,31,0,0,0,10,0,0,0,5,0,49,0,7,0,55,0,0,0,9,0,1,0,0,0,0,0,0,0,0,0,0,0,0,0,0,0,0,0,0,0,0,0,285,0,0,0,0,0,0,0,21,0,80,310,63,37,46,0,0,0,0,0,0,0,0,0,0
0,26,19,59,0,0,0,41,0,8,0,0,0,0,0,27,0,0,0,0,0,188,14,102,6,132,0,4,0,136,0,43,0,70,0,33,0,0,0,194,0,0,0,0,0,0,0,0,0,0,0,6,0,83,0,32,1,34,0,0,0,11,0,318,0,0,0,0,0,0,0,0,0,0,0,4,0,0,0,0,0,447,0,119,0,777,0,118,0,166,0,0,0,0,0,85,0,126,0,202,0,231,0,0,0,0,0,0,0,0,0,0,0,0,0,0,0,0,0,0,0,69,0,32,0,0,0,0,0,50,0,0,0,82,0,188,0,224,0,145,0,24,0,604,0,14,0,0,0,0,0,0,0,0,0,21,0,0,0,22,0,0,0,0,0,0,0,0,0,52,0,4,0,31,0,0,0,0,0,0,0,0,0,0,0,0,0,0,0,0,0,0,0,0,0,0,0,0,0,0,0,0,0,0,0,0,0,0,0,14,0,0,0,0,50,0,0,0,52,481,77,0,0,27,1
11,0,70,0,74,85,0,0,0,0,23,53,34,367,139,24,7,0,0,97,29,18,106,0,0,0,49,190,1,0,40,0,10,0,51,0,92,0,0,0,146,34,59,0,38,49,21,62,0,0,17,1,0,0,0,0,0,0,1,0,0,0,0,0,0,0,0,0,0,0,0,0,0,0,0,0,0,0,0,0,0,0,0,0,0,0,0,0,0,0,0,0,0,0,0,0,0,0,0,0,0,0,0,0,0,0,0,0,0,0,0,0,0,0,0,0,0,0,0,0,0,0,0,0,0,0,0,0,0,0,0,0,0,0,0,0,0,0,0,0,0,0,0,0,0,0,0,0,0,0,0,0,0,0,0,0,0,0,0,0,0,0,0,0,0,0,0,0,0,0,0,0,0,0,0,0,109,18,14,0,0,0,0,0,12,0,213,3,0,0,0,0,0,0,0,0,0,0,0,0,0,0,0,0,0,0,0,0,0,0,52,47,0,0,19,0,0,0,0,0,0,0,0,0,0
0,130,0,164,0,198,0,35,0,7,0,62,157,97,89,338,0,0,97,0,91,175,0,176,0,51,0,269,0,0,0,57,0,141,5,159,0,179,0,0,0,0,0,32,0,82,0,12,0,0,2,89,0,0,0,0,0,0,0,0,0,0,0,0,0,0,0,0,0,0,0,0,0,0,0,0,0,0,0,0,0,0,0,0,0,0,0,0,0,0,0,0,0,0,0,0,0,0,0,0,0,0,0,0,0,0,0,0,0,0,0,0,0,0,0,0,0,0,0,0,0,0,0,0,0,0,0,0,0,0,0,0,0,0,0,0,0,0,0,0,0,0,0,0,0,0,0,0,0,0,0,0,0,0,0,0,0,0,0,0,0,0,0,0,0,24,0,35,0,0,0,0,0,0,0,0,21,19,0,0,0,0,0,0,0,0,0,0,0,0,0,0,0,0,0,0,0,0,0,0,0,0,0,0,0,0,0,0,0,0,0,0,0,0,83,0,0,0,130,120,154,0,0,12,0
17,3,47,0,88,162,0,0,0,0,51,154,45,367,81,80,128,0,29,91,0,15,356,0,51,0,158,207,32,0,12,0,20,1,7,0,3,0,9,0,11,84,55,0,97,138,0,84,9,1,2,0,0,0,0,0,0,0,0,0,0,0,10,0,0,0,0,0,0,0,0,0,0,0,22,0,0,0,0,0,0,0,0,0,0,0,0,0,0,0,0,0,0,0,0,0,0,0,124,0,0,0,0,0,0,0,0,0,0,0,0,0,0,0,0,0,0,0,0,0,0,0,0,0,0,0,0,0,0,0,0,0,0,0,0,0,0,0,0,0,49,0,191,0,0,0,0,0,0,0,0,0,0,0,0,0,0,0,0,0,7,0,0,0,38,0,73,0,0,0,9,0,54,0,0,0,64,43,13,0,0,0,0,0,0,0,38,0,0,0,0,0,0,0,0,0,0,0,0,0,0,0,0,0,0,0,0,0,0,0,550,458,219,116,272,0,0,2,0,0,0,0,0,0,0
0,0,0,83,20,99,0,0,0,0,0,0,34,8,19,148,0,188,18,175,15,0,0,534,0,125,16,73,0,44,0,31,4,45,0,123,0,121,0,18,0,22,0,31,6,131,0,2,0,2,0,28,0,5,0,36,0,0,0,0,0,0,0,90,0,0,0,0,0,0,0,80,0,0,0,76,0,0,0,0,0,899,0,0,0,547,0,237,0,0,0,0,0,0,0,0,0,0,0,0,0,0,0,0,0,0,0,0,0,0,0,0,0,0,0,0,0,0,0,0,0,0,0,86,0,0,0,0,0,0,0,0,0,0,0,0,0,0,0,0,0,50,0,327,0,99,0,0,0,0,0,0,0,0,0,0,0,21,0,0,0,0,0,16,0,92,0,74,0,234,0,0,0,57,0,0,0,0,0,0,0,0,0,0,0,0,0,0,0,0,0,0,0,0,0,0,0,0,0,0,0,0,0,0,0,0,0,0,0,0,0,0,0,0,155,0,0,0,219,179,247,90,4,0,0
83,199,589,112,177,73,11,26,0,0,31,79,0,0,297,106,63,14,106,0,356,0,0,52,121,75,417,0,89,0,42,0,37,0,0,0,0,0,105,0,16,0,0,0,283,0,10,0,13,0,0,0,15,0,150,0,0,0,0,0,33,0,57,0,0,0,0,0,0,0,0,0,0,0,0,0,0,0,0,0,0,0,0,0,109,0,0,0,0,0,0,0,0,0,0,0,0,0,0,0,0,0,0,0,8,0,0,0,0,0,0,0,0,0,0,0,0,0,0,0,0,0,0,0,38,0,0,0,0,0,25,0,17,0,362,0,254,0,0,0,113,0,506,0,0,0,52,0,37,0,28,0,24,0,13,0,0,0,10,0,0,0,0,0,0,0,0,0,0,0,3,0,43,0,9,0,121,63,9,0,0,0,22,0,17,0,0,0,0,0,0,0,0,0,0,0,0,0,0,0,239,0,0,0,0,0,0,0,46,0,77,454,49,55,80,0,0,1,0,0,0,0,0,0,0
18,34,35,266,30,82,0,72,0,0,31,15,0,0,25,132,3,102,0,176,0,534,52,0,7,132,2,54,0,87,0,49,0,42,0,22,0,11,3,68,0,0,0,14,0,61,0,0,0,2,0,0,0,10,0,25,0,0,0,0,0,0,0,58,0,0,0,0,0,0,0,13,0,0,0,5,0,0,0,2,0,269,0,0,0,420,0,94,0,0,0,20,0,0,0,56,0,91,0,0,0,0,0,0,0,0,0,0,0,0,0,0,0,0,0,0,0,0,0,0,0,0,0,15,0,0,0,0,0,0,0,0,0,0,0,229,0,117,0,0,0,0,0,189,0,10,0,0,0,0,0,0,0,0,0,0,0,0,0,0,0,0,0,0,0,0,0,0,0,48,0,9,0,48,0,0,0,29,1,0,0,0,0,0,0,0,0,0,0,0,0,0,0,0,0,0,0,0,0,0,0,123,0,0,0,0,0,0,0,0,0,0,0,0,135,0,0,0,195,516,119,76,4,0,0
20,184,85,16,13,0,143,131,16,69,0,0,0,0,42,2,81,6,0,0,51,0,121,7,0,98,72,0,28,0,0,0,6,0,1,0,2,0,35,0,3,0,0,0,62,0,1,0,15,0,4,0,49,0,441,79,0,0,9,0,45,0,192,12,0,0,0,0,0,0,1,0,0,0,0,0,0,0,0,0,0,0,0,0,65,0,0,0,0,0,0,0,0,0,0,0,0,0,0,0,0,0,0,0,0,0,0,0,0,0,0,0,0,0,0,0,0,0,0,0,0,0,0,0,27,0,28,0,84,0,18,0,24,0,339,0,317,0,12,0,108,0,421,0,0,0,44,0,31,0,27,0,14,0,51,0,0,0,0,0,20,0,3,0,0,0,0,0,34,0,19,0,54,0,0,0,66,40,0,0,0,0,0,0,4,0,0,0,0,0,0,0,0,0,0,0,0,0,6,0,148,0,0,0,0,0,6,0,57,0,29,148,83,70,72,0,0,2,0,0,0,0,0,0,0
153,62,136,181,18,45,19,286,0,0,11,0,0,0,0,79,8,132,0,51,0,125,75,132,98,0,0,53,0,29,0,9,0,15,0,0,0,9,0,62,0,0,0,0,0,77,0,0,0,0,0,0,0,31,0,131,0,30,0,8,0,33,6,94,0,0,0,0,0,0,0,0,0,0,0,0,0,0,0,0,0,0,0,0,0,648,0,0,0,0,0,25,0,0,0,0,0,134,0,0,0,102,0,0,0,0,0,0,0,0,0,0,0,0,0,0,0,0,0,0,0,0,0,0,0,0,0,0,0,86,0,0,0,110,0,651,0,536,4,201,3,20,0,673,0,0,0,12,0,0,2,0,0,0,0,30,0,0,4,18,0,0,0,0,0,0,0,0,0,0,0,6,0,40,0,0,24,74,0,0,0,0,0,2,0,2,0,0,0,0,0,0,0,0,0,0,0,6,0,0,0,244,0,0,0,0,0,0,0,90,4,0,0,0,38,0,0,0,47,399,49,0,0,0,0
67,0,222,0,362,0,0,0,25,0,124,31,234,336,362,6,88,0,49,0,158,16,417,2,72,0,0,336,0,0,12,0,0,0,6,0,93,0,6,0,33,122,33,0,58,304,6,135,8,10,30,2,0,0,0,0,0,0,0,0,0,0,0,0,0,0,0,0,1,0,0,0,0,0,0,0,0,0,0,0,0,0,0,0,0,0,0,0,0,0,0,0,0,0,0,0,0,0,0,0,0,0,0,0,0,0,0,0,0,0,0,0,0,0,0,0,0,0,0,0,0,0,0,0,0,0,0,0,0,0,0,0,0,0,0,0,0,0,0,0,0,0,0,0,0,0,0,0,66,0,0,0,0,0,0,0,0,0,0,0,0,0,0,0,58,0,23,0,36,0,0,0,11,0,0,0,56,57,28,0,0,0,0,0,49,0,86,13,0,0,0,0,0,0,0,0,0,0,0,0,0,0,0,0,0,0,0,0,0,0,272,188,253,0,114,0,0,0,0,0,0,0,0,0,0
0,463,0,156,0,390,0,129,0,42,11,275,380,153,43,210,0,4,190,269,207,73,0,54,0,53,336,0,0,0,0,0,0,0,0,62,0,95,0,0,38,24,17,53,134,150,39,68,0,0,15,135,0,0,0,0,0,0,0,0,0,0,0,10,0,71,0,0,0,0,0,0,0,0,0,0,0,0,0,0,0,0,0,0,0,0,0,0,0,0,0,0,0,0,0,5,0,0,0,12,0,0,0,0,0,0,0,0,0,0,0,0,0,0,0,0,0,0,0,0,0,0,0,0,0,0,0,0,0,0,0,0,0,0,0,0,0,0,0,0,0,0,0,0,0,3,0,0,0,0,0,0,0,18,0,0,0,0,0,0,0,7,0,0,0,57,0,10,0,35,0,0,0,0,0,0,0,59,0,0,0,0,0,0,0,0,5,2,0,0,0,0,0,0,0,0,0,0,0,0,0,0,0,0,0,8,0,0,0,0,0,0,0,0,95,0,0,0,132,197,257,50,0,0,0
0,0,121,0,40,0,0,0,0,0,16,0,0,0,22,0,157,0,1,0,32,0,89,0,28,0,0,0,0,0,15,0,10,0,53,0,6,0,0,0,0,0,149,0,29,0,0,0,0,0,0,0,0,0,0,0,0,0,0,0,4,0,15,0,0,0,0,0,0,0,71,0,0,0,59,0,0,0,0,0,81,0,0,0,33,0,0,0,0,0,69,0,0,0,0,0,0,0,267,0,23,0,0,0,0,0,0,0,0,0,0,0,0,0,0,0,0,0,0,0,60,0,0,0,0,0,0,0,0,0,0,0,0,0,0,0,0,0,83,0,95,0,46,0,92,0,0,0,7,0,0,0,0,0,5,0,0,0,0,0,0,0,0,0,0,0,0,0,0,0,0,0,0,0,0,0,0,0,0,0,0,0,0,0,0,0,0,0,0,0,0,0,0,0,0,0,0,0,0,0,0,0,0,0,0,0,0,0,0,0,14,27,8,0,0,0,0,0,0,0,0,0,0,0,0
0,121,0,130,0,41,0,71,0,0,0,0,0,0,0,5,0,136,0,0,0,44,0,87,0,29,0,0,0,0,0,51,0,42,0,60,0,10,0,17,0,0,0,30,0,0,0,0,0,0,0,0,0,23,0,5,0,4,0,0,0,3,0,107,0,10,0,0,0,0,0,18,0,0,0,0,0,0,0,0,0,287,0,0,0,202,0,0,0,0,0,0,0,0,0,38,0,36,0,99,0,0,0,0,0,0,0,0,0,0,0,0,0,0,0,0,0,0,0,0,0,106,0,64,0,0,0,0,0,12,0,0,0,34,0,0,0,122,0,165,0,71,0,426,0,72,0,0,0,0,0,0,0,0,0,0,0,6,0,0,0,0,0,0,0,0,0,0,0,0,0,0,0,1,0,0,0,0,0,0,0,0,0,0,0,0,0,0,0,0,0,0,0,0,0,0,0,0,0,0,0,0,0,0,0,0,0,0,0,0,0,0,0,0,0,0,0,0,7,23,0,0,0,0,0
0,0,0,0,107,0,0,0,0,0,24,0,101,29,80,0,66,0,40,0,12,0,42,0,0,0,12,0,15,0,0,0,0,0,0,0,0,0,4,0,0,0,16,0,12,0,0,0,3,0,0,0,0,0,0,0,0,0,0,0,0,0,0,0,0,0,0,0,0,0,6,0,0,0,7,0,0,0,0,0,0,0,0,0,0,0,0,0,0,0,0,0,0,0,0,0,0,0,48,0,0,0,2,0,2,0,0,0,0,0,0,0,0,0,0,0,0,0,0,0,0,0,0,0,0,0,0,0,0,0,0,0,0,0,0,0,0,0,1,0,0,0,34,0,5,0,0,0,0,0,0,0,0,0,0,0,0,0,0,0,0,0,0,0,44,0,94,0,0,0,0,0,27,0,0,0,14,0,0,0,0,0,0,0,0,0,0,0,0,0,0,0,0,0,0,0,0,0,0,0,0,0,0,0,0,0,0,0,0,0,174,159,189,0,78,0,0,0,0,0,0,0,0,0,0
0,0,0,0,0,37,0,0,0,0,0,11,0,4,0,14,0,43,0,57,0,31,0,49,0,9,0,0,0,51,0,0,0,4,0,23,0,0,0,11,0,1,0,4,0,9,0,0,0,0,0,2,0,0,0,0,0,1,0,0,0,0,0,19,0,0,0,0,0,0,0,23,0,0,0,0,0,0,0,3,0,0,0,0,0,0,0,0,0,0,0,0,0,0,0,0,0,0,0,0,0,0,0,0,0,0,0,0,0,0,0,0,0,0,0,0,0,0,0,0,0,0,0,35,0,0,0,0,0,0,0,0,0,0,0,0,0,0,0,0,0,0,0,0,0,61,0,0,0,4,0,0,0,0,0,0,0,0,0,0,0,0,0,0,0,0,0,0,0,0,0,0,0,0,0,0,0,0,0,0,0,0,0,0,0,0,0,0,0,0,0,0,0,0,0,0,0,0,0,0,0,0,0,0,0,0,0,0,0,0,0,0,0,0,0,0,0,0,21,0,16,0,0,1,0
0,0,41,0,200,9,0,0,0,0,75,0,0,0,190,7,138,0,10,0,20,4,37,0,6,0,0,0,10,0,0,0,0,0,3,0,24,0,0,0,0,0,5,0,0,0,0,0,1,0,0,0,0,0,0,0,0,0,3,0,0,0,3,0,0,0,0,0,0,0,0,0,0,0,0,0,0,0,0,0,0,0,0,0,0,0,0,0,0,0,0,0,0,0,0,0,0,0,51,0,0,0,0,0,0,0,0,0,0,0,0,0,0,0,0,0,0,0,0,0,0,0,0,0,0,0,0,0,0,0,0,0,1,0,0,0,0,0,0,0,4,0,0,0,0,0,0,0,0,0,0,0,0,0,0,0,0,0,0,0,0,0,0,0,11,0,40,0,0,0,5,0,20,0,0,0,9,0,18,0,0,0,0,0,0,0,0,0,0,0,0,0,0,0,0,0,1,0,0,0,0,0,0,0,0,0,0,0,0,0,76,79,127,0,41,0,4,0,0,0,0,0,0,0,0
0,122,0,114,0,705,0,0,0,0,0,387,0,0,0,161,0,70,0,141,1,45,0,42,0,15,0,0,0,42,0,4,0,0,0,23,0,45,0,0,0,0,0,13,0,9,0,0,0,0,0,9,0,0,0,3,0,0,0,0,0,5,0,39,0,0,0,0,0,0,0,13,0,0,0,0,0,0,0,0,0,108,0,0,0,84,0,28,0,0,0,0,0,0,0,0,0,0,0,0,0,0,0,0,0,0,0,0,0,0,0,0,0,0,0,0,0,0,0,0,0,0,0,0,0,0,0,0,0,0,0,0,0,0,0,0,0,0,0,0,0,0,0,44,0,12,0,0,0,0,0,0,0,0,0,1,0,3,0,0,0,0,0,0,0,0,0,39,0,35,0,5,0,9,0,0,0,16,0,3,0,0,0,4,0,24,0,0,0,0,0,0,0,0,0,0,0,0,0,0,0,0,0,0,0,0,0,0,0,0,0,0,0,0,0,0,0,0,53,140,27,24,0,4,0
0,0,0,0,74,7,0,0,0,0,0,0,128,23,14,0,6,0,51,5,7,0,0,0,1,0,6,0,53,0,0,0,3,0,0,0,29,0,8,0,6,6,5,0,7,0,2,0,3,0,10,0,0,0,0,0,0,0,3,0,5,0,0,0,0,0,0,0,0,0,0,0,0,0,5,0,0,0,0,0,10,0,0,0,0,0,0,0,0,0,9,0,0,0,0,0,0,0,0,0,0,0,0,0,0,0,0,0,0,0,0,0,0,0,0,0,0,0,0,0,0,0,0,0,0,0,0,0,0,0,0,0,0,0,0,0,5,0,0,0,0,0,4,0,0,0,0,0,0,0,0,0,0,0,0,0,0,0,0,0,0,0,4,0,35,0,36,0,0,0,5,0,5,0,0,0,0,0,0,0,0,0,3,0,2,0,6,0,0,0,0,0,0,0,0,0,0,0,0,0,0,0,0,0,0,0,0,0,0,0,56,47,122,17,33,0,0,2,0,0,0,0,0,0,0
0,0,0,0,0,187,0,0,0,0,0,0,0,73,0,6,0,33,0,159,0,123,0,22,0,0,0,62,0,60,0,23,0,23,0,0,0,26,0,77,0,5,0,19,0,27,0,4,0,0,0,12,0,0,0,0,0,1,0,0,0,6,0,27,0,0,0,0,0,0,0,0,0,0,0,21,0,0,0,0,0,178,0,0,0,0,0,0,0,0,0,0,0,0,0,0,0,12,0,0,0,0,0,0,0,0,0,0,0,0,0,0,0,0,0,0,0,0,0,0,0,0,0,0,0,0,0,0,0,0,0,0,0,0,0,0,0,0,0,0,0,0,0,127,0,84,0,0,0,0,0,0,0,0,0,0,0,16,0,0,0,0,0,2,0,19,0,19,0,23,0,8,0,3,0,0,0,0,0,0,0,0,0,0,0,0,0,1,0,0,0,0,0,0,0,0,0,0,0,0,0,0,0,0,0,0,0,0,0,0,0,0,0,0,19,0,0,0,47,48,77,0,0,2,0
9,0,26,0,301,0,0,0,0,0,132,0,69,0,55,0,12,0,92,0,3,0,0,0,2,0,93,0,6,0,0,0,24,0,29,0,0,0,25,0,0,0,0,0,54,0,0,0,2,0,11,0,0,0,0,0,14,0,14,0,104,0,15,0,0,0,0,1,0,0,89,0,0,0,67,0,0,0,0,0,107,0,0,0,43,0,42,0,0,0,0,0,0,0,0,0,0,0,277,0,0,0,0,0,0,0,0,0,0,0,0,0,0,0,0,0,0,0,0,0,0,0,14,0,0,0,0,0,0,0,0,0,0,0,0,0,0,0,93,0,119,0,33,0,160,0,0,0,0,0,0,0,0,0,1,0,26,0,0,0,0,0,19,0,47,0,55,0,46,0,28,0,94,0,0,0,0,0,28,0,0,0,0,0,0,0,9,0,0,0,0,0,0,0,0,0,0,0,0,0,0,0,0,0,0,0,0,0,0,0,0,22,134,24,0,0,2,0,0,0,0,0,0,0,0
0,225,0,51,0,323,0,0,0,0,0,210,0,167,0,37,0,0,0,179,0,121,0,11,0,9,0,95,0,10,0,0,0,45,0,26,0,0,0,57,0,0,0,74,0,34,0,8,0,2,0,30,0,0,0,0,0,0,0,2,0,36,0,45,0,0,0,0,0,0,0,55,0,0,0,47,0,0,0,0,0,254,0,0,0,56,0,0,0,0,0,0,0,0,0,0,0,11,0,0,0,0,0,10,0,0,0,0,0,0,0,0,0,0,0,0,0,0,0,0,0,116,0,31,0,0,0,0,0,0,0,0,0,0,0,0,0,0,0,98,0,87,0,102,0,196,0,0,0,0,0,12,0,0,0,2,0,86,0,0,0,0,0,4,0,28,0,35,0,76,0,27,0,57,0,0,0,6,0,23,0,3,0,0,0,19,0,35,0,0,0,0,0,0,0,0,0,0,0,0,0,0,0,0,0,0,0,0,0,0,0,0,0,0,8,0,0,0,0,89,45,10,0,0,0
231,0,477,0,418,0,0,0,0,0,293,0,0,0,147,0,118,0,0,0,9,0,105,3,35,0,6,0,0,0,4,0,0,0,8,0,25,0,0,0,0,0,2,0,6,0,1,0,0,0,0,0,3,0,0,0,0,0,4,0,14,0,0,0,2,0,0,0,0,0,10,0,0,0,11,0,0,0,0,0,0,0,0,0,18,0,0,0,0,0,0,0,0,0,0,0,0,0,0,0,0,0,0,0,0,0,0,0,0,0,0,0,0,0,0,0,0,0,0,0,0,0,0,0,0,0,0,0,0,0,0,0,0,0,0,0,0,0,37,0,29,0,0,0,66,0,0,0,14,0,10,0,0,0,0,0,28,0,0,0,0,0,3,0,0,0,29,0,13,0,0,0,26,0,0,0,32,0,17,0,0,0,35,0,0,0,0,0,0,0,0,0,0,0,0,0,0,0,0,0,0,0,0,0,0,0,0,0,0,0,30,181,51,13,17,0,0,0,0,0,0,0,0,0,0
0,680,0,451,0,275,0,219,0,0,0,299,0,0,0,20,0,194,0,0,0,18,0,68,0,62,0,0,0,17,0,11,0,0,0,77,0,57,0,0,0,0,0,57,0,0,0,0,0,0,0,13,0,6,0,8,0,1,1,0,0,7,0,25,0,0,0,0,0,0,0,9,0,0,0,0,0,0,0,0,0,0,0,0,0,42,0,0,0,0,0,0,0,0,0,5,0,0,0,0,0,0,0,0,0,0,0,0,0,0,0,0,0,0,0,0,0,0,0,0,0,0,0,0,0,0,0,0,0,0,0,0,0,0,0,0,0,0,0,73,0,48,0,67,0,51,0,0,0,0,0,0,0,21,0,0,0,14,0,0,0,0,0,0,0,0,0,9,0,0,0,0,0,11,0,0,0,0,0,15,0,0,0,3,0,0,0,0,0,0,0,0,0,0,0,0,0,0,0,0,0,0,0,0,0,0,0,0,0,0,0,0,0,0,0,0,0,0,11,110,0,0,0,0,0
15,0,17,0,61,0,3,0,2,0,51,0,69,0,5,0,7,0,146,0,11,0,16,0,3,0,33,38,0,0,0,0,0,0,6,0,0,0,0,0,0,0,3,0,56,71,22,0,16,7,3,0,0,0,12,0,2,0,0,0,0,0,0,0,0,0,0,0,0,0,0,0,0,0,0,0,0,0,0,0,0,0,0,0,0,0,0,0,0,0,0,0,0,0,0,0,0,0,5,0,0,0,0,0,0,0,0,0,0,0,0,0,0,0,0,0,0,0,0,0,0,0,0,0,0,0,0,0,0,0,0,0,1,0,19,0,7,0,0,0,0,0,13,0,0,0,0,0,0,0,120,0,0,0,0,0,0,0,0,0,0,0,0,0,0,0,0,0,0,0,0,0,0,0,0,0,135,17,146,0,122,0,68,0,61,0,48,0,0,0,0,0,0,0,0,0,0,0,0,0,0,0,0,0,0,0,0,0,0,0,4,7,0,0,0,0,0,6,0,0,0,0,0,0,0
0,9,0,0,0,3,0,0,0,3,0,51,75,47,0,1,0,0,34,0,84,22,0,0,0,0,122,24,0,0,0,1,0,0,6,5,0,0,0,0,0,0,16,33,84,76,9,111,0,78,0,9,0,0,0,0,0,0,0,0,0,0,0,0,0,3,0,0,0,0,0,4,0,1,0,0,0,0,0,0,0,6,0,0,0,1,0,0,0,0,0,0,0,1,0,2,0,0,0,0,0,0,0,0,0,0,0,0,0,0,0,0,0,0,0,0,0,0,0,0,0,0,0,0,0,0,0,0,0,0,0,0,0,0,0,0,0,0,0,0,0,0,0,0,0,0,0,0,0,0,0,133,0,62,0,0,0,0,0,0,0,0,0,0,0,4,0,1,0,3,0,0,0,0,0,0,0,237,0,64,0,166,0,0,0,27,0,9,0,0,0,0,0,0,0,0,0,0,0,0,0,0,0,0,0,0,0,9,0,0,0,0,0,0,9,0,0,0,29,24,39,4,4,1,44
0,0,0,0,38,0,0,0,0,0,5,0,67,20,12,0,57,0,59,0,55,0,0,0,0,0,33,17,149,0,16,0,5,0,5,0,0,0,2,0,3,16,0,0,0,85,4,10,13,5,1,0,0,0,0,0,0,0,8,0,12,0,0,0,2,0,0,0,0,0,0,0,0,0,51,0,0,0,0,0,0,0,0,0,0,0,0,0,0,0,0,0,0,0,0,0,0,0,0,0,0,0,0,0,0,0,0,0,0,0,0,0,0,0,0,0,0,0,0,0,0,0,0,0,0,0,0,0,0,0,0,0,0,0,0,0,0,0,0,0,0,0,0,0,0,0,0,0,2,0,0,0,0,0,0,0,1,0,0,0,0,1,22,0,8,0,8,0,10,0,0,0,33,0,0,0,0,6,0,0,0,0,0,0,0,0,43,0,0,0,0,0,0,0,0,0,0,0,0,0,0,0,0,0,0,0,0,0,0,0,0,9,52,0,0,0,0,0,0,0,0,0,0,0,0
0,10,0,0,0,34,0,0,0,0,0,7,0,47,0,10,0,0,0,32,0,31,0,14,0,0,0,53,0,30,0,4,0,13,0,19,0,74,0,57,0,33,0,0,5,10,0,14,0,3,0,10,0,3,0,0,0,0,0,1,0,24,0,24,0,0,0,0,0,0,0,0,0,0,0,24,0,0,0,0,0,246,0,0,0,74,0,0,0,0,0,0,0,0,0,0,0,0,0,0,0,0,0,0,0,0,0,0,0,0,0,0,0,0,0,0,0,0,0,0,0,0,0,0,0,0,0,0,0,0,0,0,0,0,0,0,0,0,0,85,0,73,0,165,0,114,0,0,0,0,0,0,0,0,0,0,0,55,0,4,0,0,0,0,0,22,0,20,0,26,0,18,0,0,0,0,0,15,0,0,0,0,0,0,0,0,0,5,0,0,0,0,0,0,0,0,0,0,0,0,0,0,0,0,0,0,0,0,0,0,0,0,0,0,0,0,0,0,0,14,49,8,0,0,0
0,0,111,0,37,0,0,0,0,0,29,0,484,64,60,0,167,0,38,0,97,6,283,0,62,0,58,134,29,0,12,0,0,0,7,0,54,0,6,0,56,84,0,5,0,624,21,69,336,211,12,7,0,0,0,0,59,0,47,0,0,0,15,0,3,0,0,0,0,0,80,0,0,0,81,0,0,0,0,0,0,0,17,0,217,0,0,0,0,0,0,0,31,0,0,0,348,0,0,0,0,0,0,0,0,0,0,0,0,0,0,0,0,0,0,0,0,0,0,0,0,0,0,0,0,0,0,0,0,0,0,0,0,0,0,0,0,0,0,0,0,0,0,0,0,0,0,0,0,0,29,0,0,0,6,0,2,0,0,0,0,0,42,0,235,0,90,0,95,0,39,0,85,0,14,0,30,45,20,0,15,0,29,0,36,1,278,0,0,0,0,0,89,0,0,0,0,0,0,0,0,0,0,0,0,0,0,0,0,0,224,585,930,90,176,0,7,157,0,0,0,0,0,0,0
0,239,0,75,10,34,0,68,0,36,0,171,147,127,0,96,0,0,49,82,138,131,0,61,0,77,304,150,0,0,0,9,0,9,0,27,0,34,0,0,71,76,85,10,624,0,135,146,43,112,41,20,0,0,0,24,0,0,0,0,0,8,0,21,0,0,0,0,0,2,0,13,0,0,0,21,0,0,0,0,0,131,0,48,0,85,0,68,0,0,0,0,0,22,0,87,0,0,0,0,0,0,0,21,0,0,0,0,0,0,0,0,0,2,0,0,0,0,0,0,0,0,0,9,0,0,0,9,0,0,0,16,0,0,0,0,0,0,0,0,0,0,0,0,0,23,0,0,0,53,0,42,0,23,0,0,0,0,0,0,0,0,0,0,1,264,0,42,0,138,0,25,0,52,0,0,0,262,0,7,0,11,0,4,0,62,63,11,0,0,0,22,0,0,0,18,0,32,0,0,0,145,0,69,0,0,0,0,0,0,0,19,0,0,135,0,0,1,204,394,970,54,0,16,54
12,0,25,0,41,0,0,0,4,0,46,0,52,0,8,0,3,0,21,0,0,0,10,0,1,0,6,39,0,0,0,0,0,0,2,0,0,0,1,0,22,9,4,0,21,135,0,14,99,36,0,0,0,0,0,0,0,0,0,0,0,0,0,0,0,0,0,0,0,0,0,0,0,0,0,0,0,0,0,0,0,0,0,0,0,0,0,0,0,0,0,0,0,0,0,0,6,0,0,0,0,0,0,0,0,0,0,0,0,0,0,0,0,0,0,0,0,0,0,0,0,0,0,0,0,0,0,0,0,0,0,0,0,0,0,0,0,0,0,0,0,0,0,0,0,0,0,0,0,0,0,0,0,0,0,0,0,0,0,0,0,0,0,0,0,0,0,0,0,0,0,0,0,0,0,0,18,9,15,0,0,0,8,0,8,0,125,0,0,0,0,0,0,0,0,0,0,0,0,0,0,0,0,0,0,0,0,0,0,0,0,46,2,2,0,0,0,51,0,0,1,0,0,0,0
0,83,0,19,0,121,0,0,0,0,0,204,92,162,0,12,0,0,62,12,84,2,0,0,0,0,135,68,0,0,0,0,0,0,0,4,0,8,0,0,0,111,10,14,69,146,14,0,0,37,12,3,0,0,0,0,0,0,0,0,0,0,0,0,0,0,0,0,0,0,0,0,0,0,0,0,0,0,0,0,0,0,0,0,0,0,0,0,0,0,0,0,0,0,0,0,0,0,0,0,0,0,0,0,0,0,0,0,0,0,0,0,0,0,0,0,0,0,0,0,0,0,0,0,0,0,0,0,0,0,0,0,0,0,0,0,0,0,0,0,0,0,0,0,0,0,0,0,0,0,0,0,0,0,0,0,0,0,0,0,0,0,0,0,0,0,0,0,0,0,0,0,0,0,0,0,0,61,0,0,0,0,0,0,0,0,5,5,0,0,0,0,0,0,0,0,0,0,0,0,0,0,0,0,0,0,0,0,0,0,0,0,0,0,0,0,0,0,0,13,8,0,1,0,4
37,0,84,0,26,0,149,0,85,0,9,1,0,0,0,0,11,0,0,0,9,0,13,0,15,0,8,0,0,0,3,0,1,0,3,0,2,0,0,0,16,0,13,0,336,43,99,0,0,89,21,0,53,0,58,0,143,0,56,4,12,0,0,0,0,0,3,0,7,0,2,0,0,0,0,0,0,0,0,0,0,2,36,0,19,0,8,0,3,0,0,0,24,0,23,1,0,0,0,0,0,0,18,0,6,0,11,0,1,0,0,0,0,0,0,0,1,0,0,0,0,0,0,0,46,0,28,0,0,0,43,0,0,0,64,0,0,0,0,0,0,0,32,0,0,1,16,5,0,0,44,0,16,0,19,0,5,0,27,0,49,0,21,0,28,0,5,0,8,0,14,0,18,0,0,0,124,10,0,0,16,2,0,0,6,0,133,0,0,2,0,0,74,0,0,0,9,0,37,1,44,0,71,3,18,0,0,0,31,2,235,203,213,24,291,12,4,57,4,7,41,2,0,0,1
0,13,0,1,1,5,0,8,0,16,0,35,0,15,0,0,0,0,0,0,1,2,0,2,0,0,10,0,0,0,0,0,0,0,0,0,0,2,0,0,7,78,5,3,211,112,36,37,89,0,4,16,0,1,0,7,0,8,0,8,0,0,0,0,0,0,0,2,0,1,0,0,0,0,0,0,0,0,0,0,0,0,0,2,0,2,0,3,0,0,0,0,0,0,0,10,0,0,0,0,0,0,0,6,0,1,0,2,0,0,0,0,0,0,0,0,0,0,0,0,0,0,0,0,0,6,0,0,0,0,0,5,0,0,0,7,0,0,0,0,0,1,0,1,0,0,0,4,0,2,0,8,0,9,0,0,0,0,0,0,0,0,0,0,0,68,0,13,0,18,0,5,0,6,0,2,0,85,0,2,1,0,0,2,0,3,78,41,0,11,0,0,0,0,0,0,0,0,0,7,1,7,0,9,0,0,0,6,0,8,0,11,1,0,131,0,0,0,53,63,38,10,0,8,133
0,0,16,0,38,0,14,0,8,0,7,0,93,19,2,0,0,0,17,2,2,0,0,0,4,0,30,15,0,0,0,0,0,0,10,0,11,0,0,0,3,0,1,0,12,41,0,12,21,4,0,0,0,0,6,0,0,0,0,0,0,0,0,0,0,0,0,0,0,0,3,0,1,0,0,0,0,0,8,0,0,0,0,0,6,0,2,0,0,0,0,0,1,0,0,0,0,0,7,0,0,0,0,0,0,0,0,0,0,0,0,0,0,0,0,0,0,0,0,0,0,0,0,0,0,0,0,0,0,0,4,0,0,0,0,0,0,0,0,0,0,0,0,0,0,0,3,0,0,0,0,0,0,0,0,0,0,0,0,0,0,0,14,0,60,0,14,0,66,0,12,0,35,0,0,0,9,5,0,0,0,0,0,0,0,0,22,1,5,0,0,0,0,0,0,0,0,0,0,0,0,0,0,0,0,0,0,0,0,0,38,54,111,41,43,0,2,0,0,0,0,0,0,0,0
0,0,0,0,0,0,0,8,0,0,0,0,0,110,0,3,0,6,1,89,0,28,0,0,0,0,2,135,0,0,0,2,0,9,0,12,0,30,0,13,0,9,0,10,7,20,0,3,0,16,0,0,0,0,0,0,0,0,0,0,0,0,0,0,0,0,0,0,0,0,0,10,0,0,0,0,0,0,0,0,0,53,0,12,0,0,0,14,0,0,0,0,0,0,0,19,0,2,0,0,0,0,0,6,0,0,0,0,0,0,0,0,0,0,0,0,0,0,0,0,0,0,0,0,0,0,0,0,0,0,0,0,0,0,0,0,0,0,0,0,0,14,0,0,0,20,0,0,0,0,0,0,0,0,0,0,0,9,0,0,0,0,0,8,0,17,0,14,0,69,0,30,0,59,0,0,0,14,0,0,0,0,0,0,0,0,0,33,0,0,0,12,0,0,0,0,0,0,0,0,0,0,0,0,0,0,0,0,0,0,0,0,0,0,0,0,0,0,9,22,64,4,0,0,0
13,0,0,0,0,0,131,6,169,31,0,0,0,0,0,1,91,0,0,0,0,0,15,0,49,0,0,0,0,0,0,0,0,0,0,0,0,0,3,0,0,0,0,0,0,0,0,0,53,0,0,0,0,4,115,20,83,1,56,8,19,0,64,0,0,0,24,12,1,0,0,0,0,0,0,0,1,0,8,0,29,0,0,0,84,0,0,0,0,0,45,0,0,0,0,0,57,0,65,0,5,0,2,0,0,0,29,0,0,0,0,0,0,0,0,0,0,0,0,0,30,0,41,0,0,0,0,0,143,0,16,0,12,0,52,0,179,0,170,0,266,0,292,0,36,0,1,0,5,0,0,0,0,0,174,0,55,1,112,0,24,0,48,0,15,0,8,0,38,0,147,0,7,0,0,0,33,4,0,0,0,0,3,0,0,0,0,0,0,0,0,0,0,0,0,0,0,0,0,0,0,0,0,0,0,0,0,0,0,0,143,514,46,221,180,0,0,5,0,0,0,0,0,0,0
0,0,0,0,0,0,11,28,23,132,0,0,0,0,0,0,0,83,0,0,0,5,0,10,0,31,0,0,0,23,0,0,0,0,0,0,0,0,0,6,0,0,0,3,0,0,0,0,0,1,0,0,4,0,8,144,2,102,10,3,0,37,0,99,0,2,0,0,0,0,0,0,0,0,0,0,0,0,0,0,0,0,0,0,0,32,0,0,0,0,0,2,0,0,0,0,0,6,0,0,0,0,0,0,0,0,0,0,0,0,0,0,0,0,0,0,0,0,0,0,0,0,0,0,0,13,0,0,0,75,0,0,0,59,0,27,0,99,0,351,0,25,0,167,0,93,0,0,0,0,0,0,0,0,0,41,0,131,0,109,0,2,0,0,0,0,0,0,0,0,0,5,0,0,0,0,13,24,0,0,0,0,0,5,0,12,0,0,0,0,0,0,0,0,0,0,0,0,0,0,0,0,0,0,0,0,0,0,0,0,1,1,0,0,21,0,0,0,20,233,14,0,0,0,0
9,10,137,0,0,0,144,26,80,147,0,0,0,0,71,0,16,0,0,0,0,0,150,0,441,0,0,0,0,0,0,0,0,0,0,0,0,0,0,0,12,0,0,0,0,0,0,0,58,0,6,0,115,8,0,104,61,0,152,14,31,0,43,4,0,0,5,15,3,0,0,0,0,0,0,0,0,0,0,0,0,0,0,0,6,0,0,0,0,0,0,0,0,0,0,0,0,0,2,0,0,0,0,0,0,0,0,0,0,0,0,0,0,0,0,0,0,0,0,0,0,0,2,0,0,0,0,0,95,0,42,0,47,0,171,0,144,0,0,0,34,0,95,0,0,0,0,0,7,0,0,0,0,0,47,2,49,0,21,0,116,0,0,0,14,0,0,0,26,0,120,0,16,0,0,0,59,19,0,0,0,1,2,0,0,0,0,0,0,0,0,0,0,0,0,0,0,0,0,0,36,0,0,0,0,0,0,0,43,0,221,130,223,258,292,0,0,0,0,0,0,0,0,0,0
42,20,24,36,0,0,147,706,240,220,0,0,0,0,0,19,0,32,0,0,0,36,0,25,79,131,0,0,0,5,0,0,0,3,0,0,0,0,0,8,0,0,0,0,0,24,0,0,0,7,0,0,20,144,104,0,4,238,53,145,0,55,11,136,0,5,16,9,0,4,0,0,0,0,0,0,0,1,0,0,0,0,0,0,0,59,0,0,0,0,0,2,0,0,0,0,0,0,0,0,0,9,0,0,0,0,0,0,0,0,0,0,0,0,0,0,0,0,0,0,0,0,0,0,0,13,0,0,0,103,0,36,0,126,0,195,0,406,0,146,0,9,3,191,0,0,0,0,0,0,0,0,0,0,0,88,0,26,0,47,0,34,0,5,0,0,0,0,0,18,0,194,2,66,0,0,45,105,0,0,0,0,0,5,3,7,0,0,0,0,0,0,0,0,0,0,0,0,0,7,0,68,0,0,0,0,0,0,6,0,0,0,5,0,282,0,0,0,163,198,220,212,0,179,1
0,0,0,0,0,0,18,0,10,13,0,0,0,0,0,0,0,1,0,0,0,0,0,0,0,0,0,0,0,0,0,0,0,0,0,0,14,0,0,0,2,0,0,0,59,0,0,0,143,0,0,0,83,2,61,4,0,4,187,25,0,0,6,0,75,5,58,32,4,0,0,0,1,0,0,0,0,0,5,0,0,0,0,0,0,0,0,0,0,0,0,0,0,0,0,0,0,0,0,0,0,0,0,0,0,0,0,0,0,0,0,0,0,0,0,0,0,0,0,0,0,0,0,0,13,0,0,0,108,0,42,1,12,0,0,0,15,0,34,0,0,0,8,0,22,0,0,0,7,0,0,0,0,0,94,8,90,0,139,7,184,3,97,0,59,0,23,0,72,0,137,0,28,0,0,0,3,0,0,0,23,0,0,0,19,0,0,0,0,0,0,0,0,0,0,0,0,0,0,0,0,0,0,0,0,0,0,0,13,0,597,237,577,640,998,26,109,10,2,0,0,0,0,0,0
0,0,0,5,0,0,2,48,13,38,0,0,0,0,0,3,0,34,0,0,0,0,0,0,0,30,0,0,0,4,0,1,0,0,0,1,0,0,0,1,0,0,0,0,0,0,0,0,0,8,0,0,1,102,0,238,4,0,24,129,0,2,0,21,0,10,16,62,0,0,0,0,0,0,0,0,0,0,0,0,0,0,0,11,0,0,0,0,0,0,0,0,0,5,0,0,0,0,0,0,0,0,0,0,0,0,0,0,0,0,0,0,0,0,0,0,0,0,0,0,0,0,0,0,0,20,0,0,0,56,0,84,0,62,0,18,0,69,2,32,0,0,0,23,2,5,0,5,0,15,0,0,0,0,0,217,0,26,0,129,8,61,0,125,0,9,0,2,0,25,0,452,0,0,0,1,1,4,0,0,3,0,0,0,4,3,0,0,0,0,0,0,0,0,0,0,0,0,0,0,0,0,0,0,0,0,0,0,0,11,0,0,0,0,681,0,0,0,288,180,520,485,162,233,9
7,0,20,0,0,0,15,0,67,26,0,0,0,0,0,0,0,0,1,0,0,0,0,0,9,0,0,0,0,0,0,0,3,0,3,0,14,0,4,1,0,0,8,0,47,0,0,0,56,0,0,0,56,10,152,53,187,24,0,93,36,0,0,0,265,4,183,112,0,0,0,0,0,0,0,0,0,0,2,0,0,0,0,0,0,0,0,0,0,0,0,0,0,0,0,0,0,0,0,0,0,0,0,0,0,0,0,0,1,0,0,0,0,0,0,0,0,0,0,0,0,0,0,0,0,0,6,0,7,0,44,0,3,0,0,0,0,0,0,0,0,0,0,0,0,0,5,0,17,0,3,0,0,0,36,11,231,4,0,0,62,0,0,0,0,0,22,0,23,0,75,0,34,0,0,0,78,3,2,0,12,0,0,0,140,0,0,0,0,0,0,0,0,0,0,0,0,0,0,0,0,0,0,0,0,0,0,0,4,0,487,276,251,430,599,13,59,0,1,0,0,0,0,0,0
0,0,3,0,0,0,0,57,41,113,0,0,0,0,0,0,0,0,0,0,0,0,0,0,0,8,0,0,0,0,0,0,0,0,0,0,0,2,0,0,0,0,0,1,0,0,0,0,4,8,0,0,8,3,14,145,25,129,93,0,0,0,0,0,9,175,63,351,0,6,0,0,0,0,0,0,0,0,0,0,0,0,0,0,0,0,0,0,0,0,0,0,0,6,0,0,0,0,0,0,0,0,0,0,0,0,0,0,0,0,0,0,0,0,0,0,0,0,0,0,0,0,0,0,0,13,0,6,0,3,0,79,0,13,0,0,0,19,0,0,1,0,0,0,0,6,0,6,0,19,0,0,0,0,6,6,0,34,5,17,0,66,0,33,0,11,0,0,0,12,1,206,0,0,0,2,9,0,0,0,0,0,0,0,0,79,0,0,0,0,0,0,0,0,0,0,0,0,0,0,0,0,0,0,0,0,0,0,0,6,1,2,0,0,1041,0,0,0,496,223,412,564,242,339,5
408,0,325,0,0,0,353,0,339,0,0,0,0,0,0,0,72,0,0,0,0,0,33,0,45,0,0,0,4,0,0,0,0,0,5,0,104,0,14,0,0,0,12,0,0,0,0,0,12,0,0,0,19,0,31,0,0,0,36,0,0,0,53,0,0,0,0,0,0,0,13,0,0,0,14,0,0,0,0,0,0,0,0,0,0,0,8,0,0,0,0,0,0,0,0,0,0,0,0,0,0,0,0,0,0,0,0,0,0,0,0,0,0,0,0,0,0,0,0,0,41,0,0,0,0,0,0,0,0,0,0,0,0,0,0,0,29,0,161,0,152,0,13,0,379,0,15,0,0,0,0,0,0,0,7,0,96,0,18,0,0,0,12,0,0,0,0,0,3,0,122,0,181,0,0,0,89,0,0,0,0,0,58,0,30,0,0,0,0,0,0,0,0,0,0,0,0,0,1,0,0,0,0,0,0,0,0,0,0,0,49,417,46,30,30,0,0,0,0,0,0,0,0,0,0
0,425,0,26,0,2,0,331,0,318,0,0,0,0,0,0,0,11,0,0,0,0,0,0,0,33,0,0,0,3,0,0,0,5,0,6,0,36,0,7,0,0,0,24,0,8,0,0,0,0,0,0,0,37,0,55,0,2,0,0,0,0,0,109,0,0,0,0,0,0,0,12,0,1,0,10,0,0,0,5,0,0,0,0,0,0,0,0,0,0,0,0,0,0,0,0,0,0,0,0,0,0,0,0,0,0,0,0,0,0,0,0,0,0,0,0,0,0,0,0,0,0,0,9,0,0,0,0,0,3,0,0,0,0,0,0,0,21,0,81,0,50,0,37,0,158,0,0,0,0,0,0,0,0,0,17,0,112,0,39,0,0,0,0,0,0,0,0,0,0,0,20,0,17,0,0,0,41,0,0,0,0,0,12,0,0,0,0,0,0,0,0,0,0,0,0,0,0,0,0,0,0,0,0,0,0,0,0,0,0,0,0,0,0,0,0,0,0,3,279,29,16,3,15,0
308,9,291,0,0,0,311,13,173,21,0,0,0,0,0,0,344,0,0,0,10,0,57,0,192,6,0,0,15,0,0,0,3,0,0,0,15,0,0,0,0,0,0,0,15,0,0,0,0,0,0,0,64,0,43,11,6,0,0,0,53,0,0,0,3,0,0,0,0,0,33,0,0,0,36,0,0,0,0,0,93,0,0,0,60,0,25,0,0,0,38,0,0,0,0,0,25,0,215,0,16,0,0,0,0,0,0,0,0,0,0,0,0,0,0,0,0,0,0,0,0,0,30,0,0,0,0,0,0,0,0,0,0,0,40,0,55,0,93,0,141,0,86,0,75,0,0,0,7,0,0,0,0,0,36,0,8,0,39,0,4,0,4,0,0,0,1,0,6,0,13,0,15,0,0,0,36,0,0,0,0,0,26,0,8,0,0,0,0,0,0,0,0,0,0,0,0,0,0,0,0,0,0,0,0,0,0,0,0,0,26,433,24,20,25,0,0,0,0,0,0,0,0,0,0
7,226,7,28,0,0,0,398,8,261,0,0,0,0,0,15,0,318,0,0,0,90,0,58,12,94,0,10,0,107,0,19,0,39,0,27,0,45,0,25,0,0,0,24,0,21,0,0,0,0,0,0,0,99,4,136,0,21,0,0,0,109,0,0,0,0,0,0,0,0,0,0,0,0,0,0,0,0,0,0,0,0,0,0,0,38,0,0,0,0,0,0,0,0,0,0,0,0,0,0,0,0,0,0,0,0,0,0,0,0,0,0,0,0,0,0,0,0,0,0,0,0,0,4,0,0,0,0,0,16,0,0,0,29,0,0,0,78,0,270,0,101,0,161,0,170,0,0,0,0,0,0,0,0,0,47,0,90,0,80,0,0,0,0,0,0,0,0,0,0,0,7,0,7,0,0,0,31,0,0,0,0,0,6,0,0,0,0,0,0,0,0,0,0,0,0,0,0,0,0,0,0,0,0,0,0,0,0,0,0,0,0,0,0,7,0,0,0,11,443,10,6,0,0,0
53,0,22,0,7,0,31,0,77,0,0,0,0,0,13,0,0,0,0,0,0,0,0,0,0,0,0,0,0,0,0,0,0,0,0,0,0,0,2,0,0,0,2,0,3,0,0,0,0,0,0,0,0,0,0,0,75,0,265,9,0,0,3,0,0,20,33,10,0,0,0,0,0,0,0,0,0,0,0,0,0,0,0,0,0,0,0,0,0,0,0,0,0,0,0,0,0,0,0,0,0,0,0,0,0,0,0,0,0,0,0,0,0,0,0,0,0,0,0,0,0,0,0,0,17,0,7,0,0,0,42,0,0,0,0,0,0,0,0,17,0,0,0,0,9,23,14,0,70,0,12,0,5,0,0,7,0,0,1,12,274,44,2,0,0,0,0,0,0,0,2,0,0,0,30,0,3,0,0,0,145,2,12,0,143,0,0,0,0,0,0,0,0,0,0,0,0,0,0,0,0,0,0,0,0,0,0,0,4,0,93,28,37,0,109,0,0,0,1,0,0,0,0,0,0
0,174,0,19,0,16,0,61,0,412,0,15,0,0,0,44,0,0,0,0,0,0,0,0,0,0,0,71,0,10,0,0,0,0,0,0,0,0,0,0,0,3,0,0,0,0,0,0,0,0,0,0,0,2,0,5,5,10,4,175,0,0,0,0,20,0,4,281,0,0,0,3,0,0,6,3,0,0,2,0,0,4,0,0,0,0,1,0,0,0,0,0,0,0,0,0,0,0,0,1,1,0,0,0,0,0,0,0,0,0,0,0,0,0,0,0,0,0,0,0,0,0,0,0,0,35,0,13,24,0,0,104,0,0,0,20,0,26,20,0,11,0,0,0,13,28,0,101,0,370,0,0,10,15,0,2,0,0,14,3,41,291,0,0,0,0,0,0,0,0,0,0,0,0,3,24,0,0,0,0,30,160,0,0,0,124,0,0,0,0,0,0,0,0,0,0,0,0,0,0,0,0,0,0,0,0,0,11,0,61,0,0,0,0,235,0,0,0,116,66,82,0,0,0,1
20,0,0,0,0,0,46,0,100,18,0,0,0,0,0,0,0,0,0,0,0,0,0,0,0,0,0,0,0,0,0,0,0,0,0,0,0,0,0,0,0,0,0,0,0,0,0,0,3,0,0,0,24,0,5,16,58,16,183,63,0,0,0,0,33,4,0,74,0,0,0,0,0,0,0,0,0,0,0,0,0,0,0,0,0,0,0,0,0,0,0,0,0,0,0,0,0,0,0,0,0,0,0,0,0,0,0,0,0,0,0,0,0,0,0,0,0,0,0,0,0,0,0,0,0,0,6,0,0,0,11,0,0,0,0,0,0,0,0,0,0,0,0,0,3,1,3,0,16,0,2,0,0,0,1,4,16,0,0,4,46,2,0,0,0,0,0,0,0,0,12,0,4,0,1,0,124,0,0,0,26,0,0,0,517,0,0,0,0,0,0,0,0,0,0,0,0,0,0,0,0,0,0,0,0,0,0,0,0,0,53,88,0,0,76,0,11,0,0,0,0,0,0,0,0
1,3,0,0,0,3,0,18,24,213,0,0,0,0,0,0,0,0,0,0,0,0,0,0,0,0,0,0,0,0,0,0,0,0,0,0,1,0,0,0,0,0,0,0,0,0,0,0,0,2,0,0,12,0,15,9,32,62,112,351,0,0,0,0,10,281,74,0,0,0,0,0,0,0,0,0,0,0,0,0,0,0,0,0,0,0,0,0,0,0,0,0,0,0,0,0,0,0,0,0,0,0,0,0,0,0,0,0,0,0,0,0,0,0,0,0,0,0,0,0,0,0,0,0,0,9,0,0,0,0,0,44,0,0,0,0,0,0,2,0,0,0,0,0,6,6,0,6,0,14,0,0,2,0,6,4,0,31,12,2,19,25,0,0,0,0,0,0,0,4,0,55,0,6,1,24,7,0,0,0,0,7,0,0,16,342,0,0,0,0,0,0,0,0,0,0,0,0,0,0,0,0,0,0,0,0,0,0,0,4,0,0,0,0,526,0,0,0,285,240,168,0,128,121,6
0,0,0,0,0,0,9,0,0,0,0,0,0,0,0,0,0,0,0,0,0,0,0,0,0,0,1,0,0,0,0,0,0,0,0,0,0,0,0,0,0,0,0,0,0,0,0,0,7,0,0,0,1,0,3,0,4,0,0,0,0,0,0,0,0,0,0,0,0,0,0,0,11,0,0,0,4,0,15,0,13,0,9,0,26,0,7,0,2,0,0,0,2,0,6,0,17,0,11,0,0,0,33,0,15,0,19,0,0,0,0,0,0,0,0,0,0,0,0,0,8,0,12,0,0,0,1,0,0,0,0,0,0,0,0,0,0,0,0,0,0,0,19,0,0,0,0,0,0,0,0,0,0,0,0,0,1,0,2,0,0,0,0,0,0,0,0,0,50,0,2,0,4,0,0,0,0,0,0,0,0,0,0,0,1,0,0,0,41,0,12,0,83,0,11,0,3,0,25,0,54,0,67,0,18,0,0,0,0,0,70,28,42,7,2,20,0,0,0,0,2,0,0,0,0
0,0,0,0,0,0,0,0,0,0,0,0,0,0,0,0,0,0,0,0,0,0,0,0,0,0,0,0,0,0,0,0,0,0,0,0,0,0,0,0,0,0,0,0,0,2,0,0,0,1,0,0,0,0,0,4,0,0,0,6,0,0,0,0,0,0,0,0,0,0,0,0,0,4,0,1,0,9,0,0,0,19,0,2,0,0,0,36,0,1,0,0,0,2,0,5,0,0,0,0,0,1,0,18,0,4,0,8,0,1,0,0,0,0,0,0,0,0,0,0,0,2,0,0,0,1,0,0,0,1,0,0,0,0,0,16,0,0,0,0,0,0,0,0,0,2,0,0,0,0,2,0,0,0,0,0,0,0,0,0,0,3,0,0,0,2,0,0,0,68,0,12,0,0,0,0,0,0,0,0,0,4,0,1,0,0,0,0,0,49,0,29,0,0,0,19,0,8,0,26,0,27,0,0,0,20,0,0,0,0,0,0,0,0,4,0,0,0,15,21,17,0,6,2,1
0,0,0,0,6,0,0,0,0,0,0,0,0,0,0,0,112,0,0,0,0,0,0,0,1,0,0,0,71,0,6,0,0,0,0,0,89,0,10,0,0,0,0,0,80,0,0,0,2,0,3,0,0,0,0,0,0,0,0,0,13,0,33,0,0,0,0,0,0,0,0,0,338,0,226,1,18,0,242,0,0,0,0,0,0,0,34,0,0,0,0,0,0,0,0,0,0,0,4,0,0,0,0,0,0,0,0,0,0,0,0,0,0,0,0,0,0,0,0,0,8,0,0,0,0,0,30,0,0,0,1,0,10,0,0,0,0,0,1,8,65,0,0,0,71,6,0,0,0,0,0,0,0,0,0,0,14,0,0,0,0,0,90,0,0,0,0,0,27,0,51,0,33,0,30,0,0,0,0,0,54,0,0,0,0,0,0,0,0,0,0,0,0,0,0,0,0,0,0,0,0,0,0,0,0,0,0,0,0,0,7,0,20,0,0,0,2,0,0,0,0,0,0,0,0
0,0,0,0,0,0,0,0,0,0,0,0,0,0,0,0,0,0,0,0,0,80,0,13,0,0,0,0,0,18,0,23,0,13,0,0,0,55,0,9,0,4,0,0,0,13,0,0,0,0,0,10,0,0,0,0,0,0,0,0,0,12,0,0,0,3,0,0,0,0,0,0,0,225,0,306,0,20,0,16,0,5,0,4,0,0,0,84,0,0,0,0,0,0,0,2,0,0,0,0,0,1,0,0,0,0,0,0,0,0,0,0,0,0,0,0,0,0,0,0,0,6,0,10,0,0,7,0,0,13,0,35,0,77,0,0,0,32,1,0,2,62,0,17,0,102,8,62,0,23,0,0,0,27,0,0,0,0,0,0,1,4,0,69,0,0,0,0,0,16,0,38,0,60,0,16,0,0,0,0,9,0,0,0,0,5,0,0,0,0,0,0,0,0,0,0,0,4,0,0,0,6,0,0,0,0,0,0,0,0,1,0,0,0,4,0,0,0,31,1,7,0,0,0,1
0,0,0,0,0,0,0,0,0,0,0,0,0,0,0,0,0,0,0,0,0,0,0,0,0,0,0,0,0,0,0,0,0,0,0,0,0,0,0,0,0,0,0,0,0,0,0,0,0,0,1,0,0,0,0,0,1,0,0,0,0,0,0,0,0,0,0,0,11,0,338,0,0,0,237,0,90,0,291,0,0,0,15,0,31,0,0,0,0,0,21,0,3,0,0,0,16,2,0,0,0,0,0,0,0,0,27,2,1,0,0,0,0,0,0,0,0,0,0,0,35,0,0,0,27,0,76,0,6,0,5,0,10,0,86,0,0,0,0,0,52,0,104,0,40,0,13,0,0,0,81,0,7,0,0,0,0,0,0,0,0,0,42,0,9,0,0,0,12,0,16,0,4,0,0,0,0,0,0,0,0,0,0,0,0,0,0,0,1,0,0,0,0,0,0,0,0,0,0,0,0,0,0,0,0,0,0,0,66,0,197,0,10,2,57,0,0,0,0,0,0,0,0,0,0
0,0,0,0,0,0,0,0,0,0,0,0,0,0,0,0,0,0,0,0,0,0,0,0,0,0,0,0,0,0,0,0,0,0,0,0,0,0,0,0,0,1,0,0,0,0,0,0,0,0,0,0,0,0,0,0,0,0,0,0,0,1,0,0,0,0,0,0,0,4,0,225,0,0,0,390,0,152,0,39,0,11,0,77,0,18,0,114,0,0,0,0,0,3,0,0,0,0,0,0,0,0,0,1,0,0,0,0,0,0,0,0,0,0,0,0,0,0,0,0,0,25,0,38,0,86,0,90,0,0,0,33,0,0,0,159,0,0,0,0,0,43,0,61,0,67,0,32,0,8,0,0,0,0,0,0,0,1,0,0,0,0,0,31,0,2,0,0,0,6,0,12,0,0,0,7,0,0,0,0,0,0,0,0,0,0,0,0,0,0,0,0,0,0,0,0,0,0,0,0,0,139,0,0,0,0,0,0,0,107,0,0,0,0,30,0,0,0,99,0,5,0,0,0,0
0,0,0,0,0,0,0,0,0,0,0,0,0,0,1,0,99,0,0,0,22,0,0,0,0,0,0,0,59,0,7,0,0,0,5,0,67,0,11,0,0,0,51,0,81,0,0,0,0,0,0,0,0,0,0,0,0,0,0,0,14,0,36,0,0,6,0,0,0,0,226,0,237,0,0,0,25,0,187,0,21,0,0,0,30,0,27,0,0,0,5,0,7,0,3,0,0,0,29,0,0,0,3,0,3,0,0,0,0,0,0,0,0,0,0,0,0,0,0,0,74,0,41,0,0,26,5,10,0,6,0,0,0,0,43,0,6,0,0,16,90,39,86,0,114,9,19,9,28,0,15,0,76,0,0,0,0,0,0,0,0,0,44,0,0,0,0,0,15,0,23,0,31,0,123,0,0,0,0,0,99,10,0,0,0,0,0,0,0,0,0,0,0,0,0,0,0,0,0,0,0,0,0,0,0,0,0,0,0,0,3,0,6,0,6,0,2,0,0,0,0,0,0,1,0
0,0,0,0,0,0,0,0,0,0,0,0,0,0,0,0,0,4,0,0,0,76,0,5,0,0,0,0,0,0,0,0,0,0,0,21,0,47,0,0,0,0,0,24,0,21,0,0,0,0,0,0,0,0,0,0,0,0,0,0,0,10,0,0,0,3,0,0,0,1,1,306,0,390,0,0,0,25,0,75,0,12,0,0,0,4,1,169,0,4,0,0,0,2,0,0,0,5,0,0,0,3,0,0,0,0,0,0,0,0,0,0,0,0,0,0,0,0,0,0,0,59,0,32,18,69,0,78,0,3,12,0,0,0,0,118,1,101,0,0,0,72,0,71,0,238,11,98,4,39,0,0,2,26,0,0,0,0,0,1,1,5,0,92,0,0,0,22,0,0,0,36,0,60,0,15,0,0,0,0,7,64,0,0,0,10,0,0,0,0,0,0,2,0,0,0,0,0,0,0,0,64,0,0,0,0,0,67,1,155,2,0,0,0,0,0,0,0,37,0,0,0,0,0,0
0,0,0,0,0,0,0,0,0,0,0,0,0,0,0,0,0,0,0,0,0,0,0,0,0,0,0,0,0,0,0,0,0,0,0,0,0,0,0,0,0,0,0,0,0,0,0,0,0,0,0,0,1,0,0,0,0,0,0,0,0,0,0,0,0,0,0,0,4,0,18,0,90,0,25,0,0,0,116,0,15,0,7,0,61,0,15,0,0,0,5,0,2,0,0,0,0,0,7,0,0,0,23,0,0,0,7,0,0,0,0,0,0,0,0,0,0,0,0,0,24,0,38,0,0,0,0,0,0,0,0,0,0,0,0,0,0,0,0,0,0,0,0,0,0,0,0,0,0,0,3,0,0,0,0,0,0,0,0,0,0,0,2,0,12,0,0,0,27,0,0,0,0,0,0,0,0,0,0,0,0,0,0,0,0,0,0,0,0,0,0,0,0,0,0,0,0,0,0,0,37,0,0,0,0,0,0,0,0,0,0,6,10,2,0,4,0,0,0,0,0,0,0,0,0
0,1,0,0,0,0,0,0,0,0,0,0,0,0,0,0,0,0,0,0,0,0,0,0,0,0,0,0,0,0,0,0,0,0,0,0,0,0,0,0,0,0,0,0,0,0,0,0,0,0,0,0,0,0,0,1,0,0,0,0,0,0,0,0,0,0,0,0,0,9,0,20,0,152,0,25,0,0,0,19,0,8,0,15,0,0,0,228,0,0,0,0,0,18,0,4,0,0,0,1,0,0,0,48,0,0,0,0,0,26,0,0,0,0,0,0,0,17,0,0,0,5,0,0,0,0,0,0,0,0,0,0,0,0,0,0,0,3,0,0,0,0,0,0,0,1,0,0,0,0,0,0,0,0,0,0,0,0,0,0,0,0,0,0,0,5,0,0,0,21,0,3,0,0,0,0,0,0,0,0,0,0,0,0,0,0,0,0,0,0,0,0,0,0,0,0,0,0,0,0,0,0,0,0,0,0,0,0,0,0,0,0,0,0,0,0,0,0,0,0,0,0,1,2,0
0,0,9,0,0,0,0,0,0,0,0,0,0,0,0,0,0,0,0,0,0,0,0,0,0,0,0,0,0,0,0,0,0,0,0,0,0,0,0,0,0,0,0,0,0,0,0,0,0,0,8,0,8,0,0,0,5,0,2,0,0,0,0,0,0,2,0,0,15,0,242,0,291,0,187,0,116,0,0,0,35,0,55,0,114,0,53,0,0,0,0,0,38,0,36,0,0,0,16,0,5,0,23,0,17,0,0,0,1,0,0,0,0,0,0,0,0,0,0,0,87,0,70,0,0,0,0,0,0,0,0,0,0,0,171,0,0,0,0,0,64,0,191,0,72,0,0,0,0,0,0,0,0,0,0,0,0,0,0,0,0,5,31,0,69,0,0,0,71,0,0,0,0,0,0,0,0,0,0,0,17,0,0,0,3,0,0,0,0,0,0,0,0,0,0,0,0,0,0,0,152,0,0,0,0,0,0,0,55,0,289,0,27,7,61,10,0,0,0,0,0,0,0,0,0
0,0,0,0,0,0,0,0,0,0,0,0,0,0,0,0,0,0,0,0,0,0,0,2,0,0,0,0,0,0,0,3,0,0,0,0,0,0,0,0,0,0,0,0,0,0,0,0,0,0,0,0,0,0,0,0,0,0,0,0,0,5,0,0,0,0,0,0,0,0,0,16,0,39,0,75,0,19,0,0,0,5,0,6,0,4,0,41,0,0,0,0,0,0,0,0,0,0,0,0,0,0,0,0,0,0,0,0,0,0,0,0,0,0,0,0,0,0,0,0,0,7,0,24,0,0,0,0,0,0,0,0,0,0,1,105,0,61,0,0,0,77,0,75,1,41,0,0,0,0,0,0,2,4,0,0,0,0,0,0,0,0,0,8,0,0,0,0,0,0,0,9,0,0,0,0,0,0,0,0,0,0,0,0,0,0,0,0,0,0,0,0,0,0,0,0,0,0,0,23,0,53,0,6,0,0,0,0,0,74,0,0,0,0,0,0,0,0,19,0,0,0,0,1,0
