0,240,22,146,89,78,68,0,118,0,184,0,114,0,7,121,162,40,0,0,0,0,14,105,81,113,0,0,96,0,10,0,52,0,0,0,90,0,705,0,22,0,0,0,0,0,23,0,15,0,7,0,17,0,0,0,0,0,0,0,157,0,206,20,54,0,49,0,1,0,0,0,0,0,0,0,0,0,0,0,0,0,0,0,0,0,0,0,0,0,0,0,0,0,0,0,0,0,0,0,0,0,0,0,0,0,0,0,0,0,0,0,0,0,0,0,0,0,0,0,0,0,0,0,41,0,60,0,0,0,49,0,0,0,27,0,0,0,2,0,3,0,0,0,0,0,34,0,86,0,54,0,0,0,4,0,0,0,0,0,0,0,9,0,17,0,0,0,30,0,54,0,538,0,0,0,468,64,46,0,3,0,89,0,96,0,0,0,0,0,0,0,0,0,0,0,0,0,0,0,0,0,0,0,0,0,0,0,32,0,968,87,291,0,259,0,3,0,0,0,0,0,0,0,0
240,0,120,83,0,194,162,19,104,91,0,188,0,74,0,95,59,120,0,83,0,0,123,69,575,75,0,132,0,26,0,18,0,0,0,0,0,57,0,144,0,0,0,0,0,21,0,28,0,0,0,0,18,111,41,49,0,10,2,12,0,385,28,524,0,104,0,41,0,2,0,0,0,0,0,0,0,2,0,0,0,20,0,0,0,0,0,0,0,0,0,0,0,0,0,0,0,0,0,0,0,9,0,0,0,0,0,0,0,0,0,0,0,0,0,0,0,0,0,0,0,0,0,0,0,46,0,0,0,0,0,78,0,0,0,106,0,264,0,0,0,0,0,81,0,10,0,16,0,97,0,123,0,109,0,65,0,108,0,27,0,20,0,9,0,6,0,0,0,0,0,31,0,118,0,0,151,534,0,2,0,45,23,26,0,113,0,2,0,0,0,0,0,0,0,0,0,0,0,0,0,0,0,0,0,0,0,33,0,168,0,0,0,0,398,0,0,0,1478,210,327,0,0,14,0
22,120,0,82,306,185,122,0,44,0,94,105,201,0,195,169,133,26,29,0,127,23,361,115,184,31,85,0,473,0,144,0,350,0,0,0,109,0,1210,0,32,0,0,0,0,0,64,0,12,0,0,0,0,0,54,0,14,0,17,0,78,0,122,0,43,0,55,0,0,0,0,0,0,0,24,0,0,0,0,0,0,0,0,0,110,0,0,0,0,0,0,0,0,0,0,0,0,0,0,0,0,0,0,0,0,0,0,0,0,0,0,0,0,0,0,0,0,0,0,0,0,0,0,0,232,0,334,0,0,0,184,0,0,0,371,0,186,0,0,0,0,0,0,0,20,0,163,0,166,0,250,0,105,0,10,0,7,0,0,0,0,0,0,0,0,0,69,0,38,0,55,0,516,0,0,0,216,71,7,0,0,0,22,0,45,0,0,0,0,0,0,0,0,0,0,0,0,0,0,0,0,0,0,0,0,0,0,0,281,0,1036,93,609,0,565,0,0,0,0,0,0,0,0,0,0
146,83,82,0,30,91,0,51,0,13,0,4,0,6,0,321,36,100,0,111,0,43,129,320,150,92,0,36,0,85,0,0,0,55,0,0,0,75,0,318,0,0,0,0,0,0,0,0,0,0,0,0,0,9,0,94,0,24,0,29,0,145,11,109,0,30,0,0,0,0,0,0,0,0,0,0,0,0,0,0,0,0,0,0,0,0,0,0,0,0,0,0,0,0,0,0,0,0,0,0,0,0,0,0,0,0,0,0,0,0,0,0,0,0,0,0,0,0,0,0,0,0,0,0,0,89,0,158,0,0,0,83,0,0,0,0,0,0,0,7,0,0,0,0,0,0,0,0,0,0,0,78,0,15,0,0,0,0,0,0,0,24,0,0,0,10,0,0,0,0,0,22,0,98,0,0,36,95,0,3,0,0,19,0,0,0,0,0,0,0,0,0,0,0,0,0,0,0,0,0,0,0,0,0,0,0,0,0,0,0,0,0,0,0,141,0,0,0,662,41,374,0,0,0,0
89,0,306,30,0,354,70,0,62,0,165,101,519,163,231,292,0,0,51,315,278,215,39,62,0,0,197,153,0,0,324,0,706,24,250,0,447,0,195,0,117,20,0,0,41,0,109,12,29,0,183,0,0,0,0,0,0,0,0,0,0,0,0,0,26,0,40,0,0,0,48,0,0,0,0,0,0,0,0,0,0,0,0,0,0,0,0,0,0,0,0,0,0,0,0,0,0,0,0,0,0,0,0,0,0,0,0,0,0,0,0,0,0,0,0,0,0,0,0,0,0,0,0,0,63,0,112,0,0,0,0,0,0,0,0,0,36,0,0,0,0,0,0,0,0,0,52,0,61,0,0,0,52,0,0,0,0,0,0,0,0,0,0,0,66,0,198,0,0,0,0,0,339,0,0,0,551,145,98,2,0,0,55,0,69,0,48,0,0,0,0,0,0,0,0,0,0,0,0,0,0,0,0,0,0,0,0,0,0,0,767,289,777,0,298,0,5,0,0,0,0,0,0,0,0
78,194,185,91,354,0,0,55,0,16,189,308,0,212,685,216,15,28,187,426,117,182,204,143,0,20,0,599,0,123,0,365,0,519,0,175,0,196,0,132,0,67,0,0,0,52,0,142,0,0,0,60,0,4,0,15,0,10,0,12,0,0,0,0,0,18,0,0,0,0,0,7,0,0,0,0,0,0,0,0,0,0,0,0,0,46,0,0,0,0,0,0,0,0,0,0,0,0,0,0,0,0,0,0,0,0,0,0,0,0,0,0,0,0,0,0,0,0,0,0,0,22,0,0,0,0,0,0,0,0,0,0,0,0,0,0,0,0,0,0,0,0,0,0,0,0,0,9,0,0,0,0,0,66,0,0,0,0,0,0,0,0,0,6,0,0,0,125,0,0,0,0,0,146,0,0,96,700,0,51,0,53,0,0,0,0,0,31,0,0,0,0,0,0,0,0,0,0,0,0,0,0,0,0,0,0,0,0,0,0,0,0,0,0,191,0,0,0,1033,276,663,0,0,0,0
68,162,122,0,70,0,0,0,25,63,35,0,39,0,10,0,17,27,0,0,0,0,17,0,347,142,0,0,0,0,0,0,0,0,0,0,0,0,131,0,0,0,0,0,0,0,0,0,37,0,1,0,168,0,163,32,9,0,0,0,285,0,513,39,17,0,23,0,5,0,0,0,0,0,0,0,0,0,0,0,0,0,0,0,0,0,0,0,0,0,0,0,0,0,0,0,0,0,0,0,0,0,0,0,0,0,0,0,0,0,0,0,0,0,0,0,0,0,0,0,0,0,0,0,68,0,55,0,0,0,142,0,0,0,0,0,0,0,0,0,0,0,0,0,0,0,8,0,25,0,0,0,0,0,0,0,0,0,0,0,5,0,0,0,14,0,0,0,28,0,273,0,269,0,0,0,98,29,0,0,0,0,0,0,0,0,0,0,0,0,0,0,0,0,0,0,0,0,0,0,0,0,0,0,0,0,0,0,26,0,948,37,450,633,722,0,0,0,0,0,0,0,0,0,0
0,19,0,51,0,55,0,0,173,13,0,19,0,6,0,21,0,112,0,10,0,0,0,0,80,147,0,0,0,0,0,0,0,0,0,0,0,0,0,0,0,0,0,0,0,0,0,0,0,0,0,0,52,151,95,372,0,28,0,25,0,279,0,410,0,17,0,8,0,0,0,0,0,0,0,0,0,0,0,0,0,0,0,0,0,11,0,0,0,0,0,0,0,0,0,0,0,0,0,0,0,0,0,0,0,0,0,0,0,0,0,0,0,0,0,0,0,0,0,0,0,0,0,0,0,80,0,143,0,27,0,83,0,0,0,0,0,0,0,6,0,0,0,0,0,0,0,32,0,0,0,40,0,0,0,9,0,0,0,0,0,14,0,0,0,0,0,0,0,41,0,102,0,209,0,0,35,58,0,0,0,0,0,0,0,0,0,0,0,0,0,0,0,0,0,0,0,0,0,0,0,0,0,0,0,0,0,0,0,91,0,0,0,0,630,0,0,0,793,43,522,617,0,84,0
118,104,44,0,62,0,25,173,0,269,59,0,41,0,30,0,0,34,8,0,0,0,4,0,52,210,34,0,0,0,0,0,0,0,5,0,0,0,20,0,23,0,0,0,0,0,27,0,15,0,3,0,254,72,61,208,12,0,68,38,284,0,338,68,64,0,157,0,0,0,0,0,0,0,0,0,0,0,0,0,0,0,0,0,0,0,0,0,0,0,0,0,0,0,0,0,0,0,0,0,0,0,0,0,0,0,0,0,0,0,0,0,0,0,0,0,0,0,0,0,0,0,0,0,53,0,54,0,0,0,86,0,0,0,16,0,0,0,0,0,0,0,0,0,4,0,27,0,114,0,33,0,48,0,21,2,52,0,0,1,14,0,2,0,0,0,0,0,23,0,348,0,100,0,5,0,702,110,11,0,0,0,40,0,108,4,1,0,0,0,0,0,0,0,0,0,0,0,0,0,0,0,0,0,0,0,0,0,18,0,902,57,295,382,457,0,56,1,0,0,0,0,0,0,0
0,91,0,13,0,16,63,13,269,0,0,27,0,0,3,14,0,17,1,41,0,0,0,0,51,54,0,20,0,0,0,0,0,0,0,0,0,0,0,0,0,0,0,0,0,4,0,0,0,1,0,0,189,181,277,173,0,12,104,67,0,0,16,117,0,249,0,194,0,0,0,0,0,0,0,0,0,0,0,0,0,0,0,0,0,0,0,0,0,0,0,0,0,0,0,0,0,0,0,0,0,0,0,0,0,0,0,0,0,0,0,0,0,0,0,0,0,0,0,0,0,4,0,0,0,60,0,76,0,0,0,101,0,15,0,0,0,113,0,8,0,0,0,0,0,0,0,14,0,77,0,44,0,48,5,41,0,96,0,14,0,28,0,0,0,0,0,0,0,22,0,109,0,76,0,7,93,367,0,4,0,5,0,10,0,89,0,0,0,0,0,0,0,0,0,0,0,0,0,0,0,0,0,0,0,0,0,15,0,84,0,0,0,1,345,0,0,0,564,85,316,415,0,49,0
184,0,94,0,165,189,35,0,59,0,0,24,303,0,16,170,52,0,0,87,145,44,30,35,0,0,24,0,0,0,144,0,390,9,37,0,218,0,110,0,47,0,0,0,0,0,46,0,0,0,8,0,0,0,0,0,2,0,0,0,0,0,0,0,0,0,0,0,0,0,0,0,0,0,0,0,0,0,0,0,0,0,0,0,0,0,0,0,0,0,0,0,0,0,0,0,0,0,0,0,0,0,0,0,0,0,0,0,0,0,0,0,0,0,0,0,0,0,0,0,0,0,0,0,0,0,0,0,0,0,0,0,0,0,0,0,0,0,0,0,0,0,0,0,0,0,0,0,0,0,0,0,29,0,0,0,0,0,0,0,0,0,0,0,6,0,25,0,0,0,0,0,90,1,33,0,287,52,139,0,43,0,52,0,42,0,7,0,0,0,0,0,0,0,0,0,0,0,0,0,0,0,0,0,0,0,0,0,0,0,352,139,225,0,93,0,0,0,0,0,0,0,0,0,0
0,188,105,4,101,308,0,19,0,27,24,0,0,188,191,17,11,83,0,65,19,62,129,120,27,7,0,135,0,51,0,95,0,203,0,0,0,100,0,129,0,79,0,0,0,85,0,87,0,50,0,0,0,16,0,10,0,0,0,0,0,59,1,56,0,20,0,8,0,0,0,3,0,0,0,0,0,0,0,0,0,0,0,0,0,0,0,0,0,0,0,0,0,0,0,0,0,0,0,0,0,0,0,0,0,0,0,0,0,0,0,0,0,0,0,0,0,0,0,0,0,0,0,0,0,0,0,0,0,0,0,23,0,0,0,17,0,0,0,0,0,0,0,50,0,0,0,0,0,0,0,0,0,227,0,0,0,0,0,9,0,0,0,0,0,0,0,0,0,0,0,0,0,27,0,155,23,555,1,31,0,235,0,80,0,98,0,16,0,0,0,0,0,0,0,0,0,0,0,0,0,0,0,0,0,0,0,0,0,0,0,0,0,0,37,0,0,0,536,159,116,0,0,0,0
114,0,201,0,519,0,39,0,41,0,303,0,0,288,52,11,0,0,108,257,105,90,0,0,0,0,173,611,0,0,12,0,0,0,279,0,57,0,0,0,154,200,194,0,98,89,122,314,46,14,514,0,2,0,0,0,0,0,0,0,0,0,0,0,15,0,0,0,0,0,0,0,0,0,0,0,0,0,0,0,0,0,0,0,0,0,0,0,0,0,0,0,0,0,0,0,0,0,0,0,0,0,2,0,0,0,0,0,0,0,0,0,0,0,0,0,0,0,0,0,0,0,0,0,0,0,0,0,0,0,0,0,0,0,0,0,0,0,0,0,0,0,0,0,0,0,0,0,0,0,0,0,0,0,0,0,0,0,0,0,0,0,0,0,98,0,0,0,0,0,0,0,0,0,0,0,260,61,212,0,18,0,24,0,37,0,324,15,0,0,0,0,0,0,0,0,8,0,0,0,0,0,0,0,0,0,0,0,16,0,29,153,382,0,15,0,0,0,0,0,0,0,0,0,0
0,74,0,6,163,212,0,6,0,0,0,188,288,0,205,0,0,0,524,80,99,55,2,0,0,0,171,128,0,0,0,0,0,41,0,144,0,77,0,0,0,211,0,102,0,102,9,221,0,49,0,198,0,0,0,0,0,0,0,0,0,0,0,0,0,0,0,0,0,2,0,0,0,0,0,0,0,0,0,0,0,0,0,0,0,0,0,0,0,0,0,0,0,0,0,0,0,0,0,0,0,0,0,0,0,0,0,0,0,0,0,0,0,0,0,0,0,0,0,0,0,0,0,0,0,0,0,0,0,0,0,0,0,0,0,0,0,0,0,0,0,0,0,0,0,0,0,0,0,0,0,0,0,0,0,0,0,0,0,0,0,0,0,1,0,27,0,16,0,79,0,0,0,0,0,0,51,592,23,42,0,45,0,0,0,0,32,55,0,0,0,0,0,0,0,0,0,0,0,0,0,0,0,0,0,0,0,0,0,0,0,0,0,0,0,0,0,0,0,73,292,0,0,0,2
7,0,195,0,231,685,10,0,30,3,16,191,52,205,0,449,140,0,180,546,249,393,248,107,45,0,214,0,46,0,271,0,277,62,113,0,161,16,24,0,26,8,0,0,42,0,54,0,9,0,24,0,0,0,33,0,0,0,0,0,0,0,0,0,32,0,8,0,0,0,0,0,0,0,20,0,0,0,0,0,0,0,0,0,0,0,0,0,0,0,0,0,0,0,0,0,0,0,0,0,0,0,0,0,0,0,0,0,0,0,0,0,0,0,0,0,0,0,0,0,0,0,0,0,0,0,115,0,0,0,0,0,0,0,317,0,0,0,7,0,0,0,0,0,15,0,75,0,77,0,0,0,139,0,30,0,17,0,0,0,0,0,0,0,21,0,142,0,100,0,0,0,143,0,22,0,181,145,44,16,24,0,27,0,85,0,0,40,0,0,0,0,0,0,0,0,0,0,0,0,42,0,0,0,0,0,0,0,134,0,220,126,276,0,112,1,0,0,0,0,5,0,0,0,0
121,95,169,321,292,216,0,21,0,14,170,17,11,0,449,0,20,61,16,281,55,261,264,285,93,57,0,97,1,109,0,90,0,159,0,0,0,63,0,115,0,0,0,9,0,20,0,0,1,0,0,0,0,0,0,160,0,0,0,0,0,34,0,24,0,25,0,0,0,0,0,0,0,0,0,0,0,0,0,0,0,0,0,0,0,0,0,0,0,0,0,0,0,0,0,0,0,0,0,0,0,0,0,0,0,0,0,0,0,0,0,0,0,0,0,0,0,0,0,0,0,0,0,0,0,41,0,0,0,0,0,95,0,0,0,0,0,269,0,26,0,0,0,155,0,0,0,0,0,0,0,50,0,0,0,0,0,0,0,0,0,0,0,0,0,0,0,43,0,13,0,0,0,68,0,0,61,134,20,20,0,0,9,0,0,0,0,1,0,0,0,0,0,0,0,0,0,0,0,0,0,0,0,0,0,0,0,0,0,217,0,0,0,0,71,0,0,0,303,85,229,0,0,0,0
162,59,133,36,0,15,17,0,0,0,52,11,0,0,140,20,0,23,91,1,376,0,115,15,105,38,75,0,170,0,63,0,13,0,10,0,0,0,205,0,0,0,23,0,0,0,0,0,0,0,9,0,102,0,33,0,29,0,0,0,16,0,290,0,0,0,0,0,0,0,9,0,0,0,0,0,0,0,0,0,0,0,0,0,304,0,0,0,0,0,0,0,0,0,0,0,73,0,0,0,0,0,0,0,0,0,128,0,0,0,0,0,0,0,0,0,0,0,0,0,22,0,61,0,0,0,0,0,0,0,0,0,0,0,195,0,616,0,71,0,109,0,849,0,0,0,0,0,0,0,0,0,0,0,66,0,0,0,0,0,11,0,2,0,0,0,0,0,0,0,0,0,99,0,0,0,7,0,0,0,0,0,15,0,0,0,0,0,0,0,0,0,0,0,0,0,0,0,0,0,0,0,0,0,0,0,0,0,0,0,107,43,114,65,58,0,0,0,0,0,0,0,0,0,0
40,120,26,100,0,28,27,112,34,17,0,83,0,0,0,61,23,0,0,27,0,161,38,164,142,47,0,40,0,177,0,38,0,36,0,18,0,36,0,165,0,0,0,0,0,0,0,0,0,0,0,0,12,46,14,146,0,95,0,0,0,154,19,443,0,0,0,0,0,0,0,0,0,0,0,0,0,0,0,0,0,17,0,0,0,27,0,0,0,0,0,0,0,0,0,0,0,0,0,0,0,0,0,0,0,0,0,0,0,0,0,0,0,0,0,0,0,0,0,0,0,0,0,0,0,0,0,0,0,446,0,0,0,213,0,272,0,933,0,210,0,0,0,198,0,0,0,0,0,0,0,0,0,4,0,107,0,0,0,94,0,24,0,6,0,0,0,8,0,0,0,15,0,101,0,0,12,25,0,43,0,0,5,12,0,0,0,0,0,1,0,0,0,0,0,0,0,0,0,0,0,0,0,0,0,0,0,0,0,328,0,0,0,0,74,0,0,0,145,41,206,98,0,11,0
0,0,29,0,51,187,0,0,8,1,0,0,108,524,180,16,91,0,0,491,198,186,99,0,29,2,90,711,9,0,40,0,15,0,169,0,52,0,0,0,4,121,66,28,32,53,12,163,8,0,238,0,0,0,0,0,0,0,0,0,0,0,0,0,0,0,0,0,0,0,0,0,0,0,0,0,0,0,0,0,0,0,0,0,0,0,0,0,0,0,0,0,0,0,0,0,0,0,0,0,0,0,0,0,0,0,0,0,0,0,0,0,0,0,0,0,0,0,0,0,0,0,0,0,0,0,0,0,0,0,0,0,0,0,0,0,0,0,0,0,0,0,0,0,0,0,0,0,0,0,0,0,0,0,0,0,0,0,7,0,0,0,0,0,117,0,32,0,150,0,0,0,26,0,0,0,202,59,19,0,0,0,0,0,10,0,49,16,0,0,0,0,0,0,0,0,0,0,0,0,0,0,0,0,0,0,0,0,0,0,0,168,450,35,42,0,0,1,0,0,0,0,0,0,0
0,83,0,111,315,426,0,10,0,41,87,65,257,80,546,281,1,27,491,0,167,364,0,116,0,23,0,287,0,30,0,470,0,214,0,254,0,168,0,15,0,0,0,51,0,61,0,5,0,0,27,132,0,0,0,30,0,0,0,0,0,0,0,0,0,0,0,0,0,0,0,0,0,0,0,0,0,0,0,0,0,0,0,0,0,0,0,0,0,0,0,0,0,0,0,0,0,0,0,0,0,0,0,0,0,0,0,0,0,0,0,0,0,0,0,0,0,0,0,0,0,0,0,0,0,0,0,0,0,0,0,51,0,0,0,0,0,0,0,0,0,0,0,0,0,0,0,0,0,0,0,0,0,0,0,0,0,0,0,0,0,0,0,0,1,9,0,66,0,0,0,0,0,58,0,0,47,228,30,18,0,0,0,0,0,0,0,83,0,0,0,0,0,0,0,0,0,0,0,0,0,0,0,0,0,0,0,0,0,0,3,0,0,0,66,0,0,0,281,150,301,0,0,0,0
0,0,127,0,278,117,0,0,0,0,145,19,105,99,249,55,376,0,198,167,0,76,105,0,40,0,183,77,78,0,181,0,109,0,33,0,91,0,17,0,0,12,52,0,114,0,21,0,11,0,102,0,0,0,18,0,0,0,8,0,0,0,196,0,0,0,0,0,0,0,154,0,0,0,110,0,0,0,0,0,113,0,0,0,610,0,112,0,0,0,0,0,0,0,0,0,343,0,482,0,0,0,0,0,0,0,0,0,0,0,0,0,0,0,0,0,0,0,0,0,171,0,193,0,0,0,0,0,0,0,0,0,0,0,0,0,196,0,78,0,158,0,887,0,102,0,0,0,0,0,0,0,0,0,0,0,0,0,0,0,0,0,0,0,78,0,144,0,210,0,0,0,124,0,0,0,35,0,78,0,0,0,0,0,0,0,0,10,0,0,0,0,0,0,0,0,0,0,0,0,0,0,0,0,0,0,0,0,0,0,222,153,407,0,90,0,0,0,0,0,0,0,0,0,0
0,0,23,43,215,182,0,0,0,0,44,62,90,55,393,261,0,161,186,364,76,0,21,248,0,80,16,227,0,98,0,39,0,42,0,72,0,56,0,25,0,0,5,74,0,77,0,0,0,0,7,54,0,0,0,0,0,0,0,0,0,14,0,59,0,0,0,2,0,0,0,0,0,0,0,8,0,2,0,0,0,0,0,0,0,132,0,0,0,0,0,0,0,0,0,0,0,0,0,0,0,0,0,0,0,0,0,0,0,0,0,0,0,0,0,0,0,0,0,0,0,22,0,0,0,0,0,0,0,332,0,0,0,0,0,311,0,598,0,305,0,338,0,777,0,38,0,0,0,0,0,0,0,0,0,0,0,0,0,39,0,0,0,0,0,4,0,151,0,72,0,36,0,110,0,0,0,110,17,34,0,0,1,0,0,0,0,40,0,0,0,0,0,0,0,0,0,0,0,0,0,0,0,0,0,0,0,0,0,0,0,0,0,0,111,0,0,0,457,213,489,0,0,0,0
14,123,361,129,39,204,17,0,4,0,30,129,0,2,248,264,115,38,99,0,105,21,0,120,170,11,60,0,38,7,22,0,37,7,0,0,0,0,40,3,0,0,0,0,0,0,0,0,0,0,4,0,8,0,146,2,20,0,0,0,0,0,18,0,0,0,0,0,0,0,0,0,0,0,7,0,3,0,0,0,0,0,0,0,100,0,0,0,0,0,0,0,0,0,0,0,30,0,19,0,0,0,0,0,0,0,0,0,0,0,0,0,0,0,0,0,0,0,0,0,0,0,0,0,69,0,82,0,50,0,17,0,116,0,419,0,418,0,7,0,0,0,363,0,3,0,29,0,18,0,62,0,40,0,24,0,3,0,0,0,8,0,2,0,0,0,6,0,0,0,0,0,29,1,11,0,128,68,4,11,21,0,23,0,28,0,0,0,0,0,0,0,0,0,0,0,0,0,0,0,54,0,0,0,0,0,0,0,125,0,63,50,38,19,11,0,0,0,0,0,0,0,0,0,0
105,69,115,320,62,143,0,0,0,0,35,120,0,0,107,285,15,164,0,116,0,248,120,0,152,94,0,75,0,94,0,26,0,26,0,38,1,41,0,85,0,0,0,21,1,0,0,0,1,0,0,0,0,0,4,131,0,25,0,0,0,57,6,117,0,0,0,0,0,0,0,0,0,0,0,0,0,0,0,0,0,0,0,0,0,63,0,0,0,0,0,0,0,0,0,0,0,19,0,0,0,0,0,0,0,0,0,0,0,0,0,0,0,0,0,0,0,0,0,0,0,0,0,0,0,47,0,0,0,0,0,86,0,0,0,346,0,951,0,100,0,0,0,271,0,0,0,0,0,0,0,0,0,0,0,0,0,0,0,0,0,0,0,3,0,4,0,20,0,0,0,13,0,57,0,0,21,36,0,117,0,0,11,0,0,0,0,0,0,0,0,0,0,0,0,0,0,0,0,0,0,0,0,0,0,0,0,0,0,412,0,0,0,0,84,0,0,0,375,107,244,0,0,0,0
81,575,184,150,0,0,347,80,52,51,0,27,0,0,45,93,105,142,29,0,40,0,170,152,0,427,0,0,35,0,0,0,0,0,0,0,0,0,0,0,0,0,0,0,0,0,0,0,4,0,0,0,41,15,187,22,50,0,0,0,16,0,19,130,0,0,0,0,0,0,0,0,0,0,0,0,0,0,0,0,0,0,0,0,52,0,0,0,0,0,0,0,0,0,0,0,0,0,0,0,0,0,0,0,0,0,34,0,0,0,0,0,0,0,0,0,0,0,0,0,0,0,0,0,34,0,67,0,0,0,0,0,191,0,285,0,403,0,0,0,0,0,314,0,0,0,0,0,0,0,40,0,11,0,42,0,0,0,0,0,18,0,0,0,0,0,0,0,0,0,26,0,45,0,0,0,119,49,0,2,0,0,8,0,5,0,0,0,0,0,0,0,0,0,0,0,0,0,0,0,33,0,0,0,0,0,0,0,113,0,48,15,61,0,46,0,4,0,5,0,0,0,0,0,0
113,75,31,92,0,20,142,147,210,54,0,7,0,0,0,57,38,47,2,23,0,80,11,94,427,0,0,0,0,44,0,18,0,0,0,0,0,6,0,0,0,0,0,5,0,0,0,0,0,0,0,0,54,35,91,293,0,35,0,27,0,93,63,182,0,15,0,0,0,0,0,0,0,0,0,0,0,0,0,0,0,0,0,0,0,0,0,0,0,0,0,0,0,0,0,0,0,0,0,0,0,0,0,0,0,0,0,0,0,0,0,0,0,0,0,0,0,0,0,0,0,0,0,0,0,0,0,259,0,133,0,115,0,97,0,0,0,207,0,25,0,0,0,0,0,0,0,0,0,0,0,97,0,0,0,8,0,0,0,0,0,15,0,0,0,0,0,2,0,0,0,5,0,41,0,0,51,73,0,0,0,0,6,6,0,1,0,0,0,0,0,0,0,0,0,0,0,0,0,0,0,0,0,0,0,0,0,0,0,295,7,0,0,0,77,0,0,0,318,132,103,96,0,6,0
0,0,85,0,197,0,0,0,34,0,24,0,173,171,214,0,75,0,90,0,183,16,60,0,0,0,0,340,31,0,47,0,46,0,22,4,89,0,0,0,21,191,174,0,161,75,155,395,26,19,108,0,0,0,0,0,0,0,0,0,0,0,0,0,0,0,0,0,9,0,0,0,0,0,0,0,0,0,0,0,0,0,0,0,0,0,0,0,0,0,0,0,0,0,0,0,0,0,0,0,0,0,6,0,0,0,0,0,0,0,0,0,0,0,0,0,0,0,0,0,0,0,0,0,0,0,0,0,0,0,0,0,0,0,0,0,0,0,0,0,0,0,0,0,0,0,0,0,0,0,0,0,0,0,0,0,0,0,0,0,0,0,0,0,108,0,0,0,121,0,0,0,0,0,0,0,18,40,31,0,0,0,18,0,0,0,111,0,0,0,0,0,0,0,7,0,0,0,0,0,0,0,0,0,0,0,0,0,0,0,0,156,371,0,14,0,0,0,0,0,0,0,0,0,0
0,132,0,36,153,599,0,0,0,20,0,135,611,128,0,97,0,40,711,287,77,227,0,75,0,0,340,0,0,0,0,0,0,6,0,112,0,33,0,0,69,8,86,245,31,310,0,128,0,13,107,434,0,0,0,0,0,0,0,0,0,0,0,0,0,0,0,0,0,0,0,0,0,0,0,0,0,0,0,0,0,0,0,0,0,0,0,0,0,0,0,0,0,0,0,0,0,0,0,0,0,0,0,0,0,0,0,0,0,0,0,0,0,0,0,0,0,0,0,0,0,0,0,0,0,0,0,0,0,0,0,0,0,0,0,0,0,0,0,0,0,0,0,0,0,10,0,0,0,0,0,0,0,0,0,0,0,0,0,0,0,0,0,0,0,92,0,44,0,223,0,0,0,0,0,0,39,301,0,0,0,0,0,0,0,0,51,41,0,0,0,0,0,0,0,0,0,0,0,0,0,0,0,0,0,0,0,0,0,0,0,0,0,0,26,0,0,0,124,200,777,0,0,0,0
96,0,473,0,0,0,0,0,0,0,0,0,0,0,46,1,170,0,9,0,78,0,38,0,35,0,31,0,0,0,27,0,5,0,19,0,24,0,7,0,0,0,39,0,0,0,0,0,0,0,0,0,11,0,4,0,0,0,0,0,0,0,85,0,0,0,0,0,0,0,25,0,0,0,0,0,0,0,0,0,0,0,0,0,119,0,0,0,0,0,0,0,0,0,0,0,0,0,85,0,0,0,0,0,0,0,0,0,0,0,0,0,0,0,0,0,0,0,0,0,46,0,33,0,0,0,0,0,0,0,0,0,0,0,0,0,125,0,147,0,179,0,363,0,27,0,0,0,0,0,0,0,0,0,29,0,2,0,35,0,0,0,0,0,0,0,0,0,0,0,0,0,0,0,0,0,0,0,0,0,0,0,6,0,0,0,0,0,0,0,0,0,0,0,0,0,0,0,0,0,0,0,0,0,0,0,0,0,0,0,18,13,0,0,0,0,0,0,0,0,0,0,0,0,0
0,26,0,85,0,123,0,0,0,0,0,51,0,0,0,109,0,177,0,30,0,98,7,94,0,44,0,0,0,0,0,50,0,31,0,56,0,15,0,27,0,0,0,0,1,0,0,0,0,0,0,0,0,29,0,24,0,0,0,0,0,10,0,152,0,0,0,0,0,0,0,0,0,0,0,0,0,0,0,0,0,0,0,0,0,38,0,0,0,0,0,0,0,0,0,0,0,0,0,0,0,0,0,0,0,0,0,0,0,0,0,0,0,0,0,0,0,0,0,0,0,0,0,0,0,0,0,0,0,294,0,0,0,0,0,206,0,740,0,327,0,121,0,432,0,0,0,0,0,0,0,0,0,0,0,52,0,0,0,47,0,0,0,0,0,0,0,0,0,0,0,0,0,4,0,0,0,8,0,39,0,0,0,0,0,0,0,0,0,0,0,0,0,0,0,0,0,0,0,0,0,0,0,0,0,0,0,0,0,0,0,0,0,0,10,0,0,0,39,11,41,0,0,1,0
10,0,144,0,324,0,0,0,0,0,144,0,12,0,271,0,63,0,40,0,181,0,22,0,0,0,47,0,27,0,0,0,23,0,33,0,41,0,8,0,3,0,131,0,37,0,0,0,0,0,31,0,1,0,0,0,3,0,0,0,0,0,58,0,0,0,0,0,0,0,34,0,0,0,16,0,0,0,0,0,0,0,0,0,85,0,13,0,0,0,0,0,0,0,0,0,0,0,0,0,0,0,0,0,0,0,0,0,0,0,0,0,0,0,0,0,0,0,0,0,0,0,28,0,0,0,0,0,0,0,0,0,0,0,0,0,0,0,45,0,71,0,168,0,28,0,0,0,0,0,0,0,0,0,0,0,0,0,0,0,0,0,0,0,0,0,36,0,26,0,0,0,23,0,0,0,38,0,60,0,0,0,3,0,0,0,0,0,0,0,0,0,0,0,0,0,0,0,0,0,0,0,0,0,0,0,0,0,0,0,36,20,55,0,0,0,0,0,0,0,0,0,0,0,0
0,18,0,0,0,365,0,0,0,0,0,95,0,0,0,90,0,38,0,470,0,39,0,26,0,18,0,0,0,50,0,0,0,9,0,11,0,24,0,24,0,0,0,15,0,9,0,0,0,0,0,13,0,0,0,4,0,0,0,0,0,10,0,36,0,0,0,0,0,0,0,0,0,0,0,0,0,0,0,0,0,0,0,0,0,38,0,0,0,0,0,0,0,0,0,0,0,0,0,0,0,0,0,0,0,0,0,0,0,0,0,0,0,0,0,0,0,0,0,0,0,0,0,0,0,0,0,0,0,0,0,0,0,0,0,0,0,0,0,81,0,84,0,210,0,24,0,0,0,0,0,0,0,0,0,0,0,0,0,11,0,0,0,0,0,0,0,63,0,0,0,0,0,34,0,0,0,0,0,38,0,0,0,0,0,0,0,15,0,0,0,0,0,0,0,0,0,0,0,0,0,0,0,0,0,0,0,0,0,0,0,0,0,0,0,0,0,0,79,18,153,0,0,0,0
52,0,350,0,706,0,0,0,0,0,390,0,0,0,277,0,13,0,15,0,109,0,37,0,0,0,46,0,5,0,23,0,0,0,22,0,108,0,0,0,0,0,43,0,58,0,0,0,13,0,19,0,0,0,0,0,0,0,0,0,16,0,12,0,0,0,0,0,0,0,16,0,0,0,0,0,0,0,0,0,0,0,0,0,0,0,0,0,0,0,0,0,0,0,0,0,15,0,0,0,0,0,0,0,0,0,0,0,0,0,0,0,0,0,0,0,0,0,0,0,0,0,0,0,0,0,0,0,0,0,0,0,0,0,0,0,0,0,39,0,0,0,68,0,0,0,0,0,0,0,0,0,0,0,7,0,18,0,0,0,0,0,0,0,0,0,72,0,0,0,0,0,57,0,0,0,61,7,73,0,0,0,7,0,0,0,0,0,0,0,0,0,0,0,0,0,0,0,0,0,0,0,0,0,0,0,0,0,0,0,43,0,84,0,0,0,0,0,0,0,0,0,0,0,0
0,0,0,55,24,519,0,0,0,0,9,203,0,41,62,159,0,36,0,214,0,42,7,26,0,0,0,6,0,31,0,9,0,0,0,82,0,220,0,27,0,0,0,15,0,11,0,0,0,0,0,23,0,0,0,0,0,0,0,0,0,22,0,31,0,0,0,0,0,0,0,0,0,0,0,0,0,0,0,0,0,0,0,0,0,0,0,0,0,0,0,0,0,0,0,0,0,0,0,0,0,0,0,0,0,0,0,0,0,0,0,0,0,0,0,0,0,0,0,0,0,0,0,0,0,0,0,0,0,0,0,0,0,0,0,0,0,0,0,120,0,89,0,199,0,19,0,0,0,0,0,0,0,0,0,11,0,38,0,0,0,0,0,0,0,2,0,52,0,0,0,14,0,25,0,0,0,47,0,108,0,0,0,0,0,0,0,0,0,0,0,0,0,0,0,0,0,0,0,0,0,0,0,0,0,0,0,0,0,0,0,0,0,0,0,0,0,0,81,33,135,0,0,0,0
0,0,0,0,250,0,0,0,5,0,37,0,279,0,113,0,10,0,169,0,33,0,0,0,0,0,22,0,19,0,33,0,22,0,0,0,179,0,0,0,0,0,11,0,12,0,0,0,4,0,83,0,0,0,0,0,0,0,0,0,2,0,0,0,0,0,0,0,0,0,0,0,0,0,6,0,0,0,0,0,0,0,0,0,0,0,0,0,0,0,0,0,0,0,0,0,0,0,0,0,0,0,0,0,0,0,0,0,0,0,0,0,0,0,0,0,0,0,0,0,0,0,0,0,0,0,0,0,0,0,0,0,0,0,0,0,0,0,0,0,0,0,0,0,0,0,0,0,0,0,0,0,0,0,3,0,1,0,0,0,0,0,0,0,24,0,21,0,50,0,0,0,0,0,0,0,28,0,122,0,0,0,0,0,0,0,2,0,0,0,0,0,0,0,0,0,0,0,0,0,0,0,0,0,0,0,0,0,0,0,33,36,108,0,0,0,0,0,0,0,0,0,0,0,0
0,0,0,0,0,175,0,0,0,0,0,0,0,144,0,0,0,18,0,254,0,72,0,38,0,0,4,112,0,56,0,11,0,82,0,0,0,194,0,55,0,0,0,26,0,52,0,0,0,0,3,50,0,0,0,0,0,0,0,0,0,28,0,11,0,0,0,0,0,0,0,0,0,0,0,0,0,0,0,0,0,0,0,0,0,0,0,0,0,0,0,0,0,0,0,0,0,0,0,0,0,0,0,0,0,0,0,0,0,0,0,0,0,0,0,0,0,0,0,0,0,0,0,0,0,0,0,0,0,123,0,0,0,0,0,0,0,0,0,133,0,164,0,196,0,0,0,0,0,0,0,0,0,0,0,0,0,0,0,0,0,0,0,0,0,15,0,97,0,0,0,0,0,56,0,0,0,76,0,19,0,0,0,0,1,0,0,102,0,0,0,0,0,0,0,0,0,0,0,0,0,0,0,0,0,0,0,0,0,0,0,0,0,0,0,0,0,0,0,54,198,0,0,0,0
90,0,109,0,447,0,0,0,0,0,218,0,57,0,161,0,0,0,52,0,91,0,0,1,0,0,89,0,24,0,41,0,108,0,179,0,0,0,33,0,0,0,74,0,142,0,12,0,12,0,76,0,1,0,0,0,0,0,0,0,62,0,31,0,0,0,0,0,0,0,93,0,8,0,64,0,0,0,0,0,54,0,0,0,134,0,0,0,0,0,86,0,0,0,0,0,85,0,252,0,0,0,0,0,0,0,0,0,0,0,0,0,0,0,0,0,0,0,0,0,101,0,60,0,0,0,0,0,0,0,0,0,0,0,0,0,61,0,195,0,218,0,217,0,174,0,0,0,0,0,0,0,0,0,9,0,47,0,0,0,0,0,36,0,22,0,49,0,61,0,58,0,101,0,0,0,52,0,61,0,0,0,14,0,0,0,6,0,0,0,0,0,0,0,0,0,0,0,0,0,0,0,0,0,0,0,0,0,0,0,10,23,83,7,8,0,0,0,0,0,0,0,0,0,0
0,57,0,75,0,196,0,0,0,0,0,100,0,77,16,63,0,36,0,168,0,56,0,41,0,6,0,33,0,15,0,24,0,220,0,194,0,0,0,17,0,0,0,38,0,29,0,0,0,0,0,76,0,0,0,0,0,0,0,0,0,57,0,35,0,0,0,2,0,0,0,0,0,0,0,0,0,0,0,0,0,0,0,0,0,0,0,0,0,0,0,0,0,0,0,0,0,0,0,0,0,0,0,0,0,0,0,0,0,0,0,0,0,0,0,0,0,0,0,0,0,0,0,0,0,0,0,0,0,140,0,0,0,0,0,0,0,0,0,150,0,250,0,218,0,86,0,0,0,0,0,0,0,0,0,0,0,79,0,0,0,0,0,0,0,4,0,77,0,49,0,30,0,97,0,0,0,46,0,45,0,0,0,13,0,0,0,49,0,0,0,0,0,0,0,0,0,0,0,0,0,0,0,0,0,0,0,0,0,0,0,0,0,0,0,0,0,0,0,223,107,0,0,1,0
705,0,1210,0,195,0,131,0,20,0,110,0,0,0,24,0,205,0,0,0,17,0,40,0,0,0,0,0,7,0,8,0,0,0,0,0,33,0,0,0,0,0,5,0,0,0,0,0,0,0,2,0,9,0,0,0,0,0,0,0,81,0,43,0,0,0,0,0,0,0,0,0,0,0,9,0,0,0,0,0,0,0,0,0,41,0,0,0,0,0,17,0,0,0,0,0,0,0,0,0,0,0,0,0,0,0,0,0,0,0,0,0,0,0,0,0,0,0,0,0,0,0,20,0,0,0,0,0,0,0,0,0,0,0,0,0,0,0,159,0,0,0,0,0,36,0,0,0,0,0,0,0,0,0,42,0,67,0,18,0,0,0,0,0,0,0,13,0,0,0,1,0,72,0,0,0,28,0,15,0,0,0,35,0,0,0,0,0,0,0,0,0,0,0,0,0,0,0,0,0,0,0,0,0,0,0,0,0,0,0,99,194,24,25,26,0,0,0,1,0,0,0,0,0,0
0,144,0,318,0,132,0,0,0,0,0,129,0,0,0,115,0,165,0,15,0,25,3,85,0,0,0,0,0,27,0,24,0,27,0,55,0,17,0,0,0,0,0,0,0,2,0,0,0,0,0,5,0,13,0,10,0,0,0,0,0,13,0,43,0,0,0,0,0,0,0,0,0,0,0,0,0,0,0,0,0,0,0,0,0,0,0,0,0,0,0,0,0,0,0,0,0,0,0,0,0,0,0,0,0,0,0,0,0,0,0,0,0,0,0,0,0,0,0,0,0,0,0,0,0,0,0,0,0,121,0,0,0,0,0,0,0,0,0,186,0,98,0,0,0,74,0,0,0,0,0,0,0,0,0,40,0,72,0,10,0,0,0,0,0,0,0,5,0,1,0,2,0,13,0,0,2,19,0,69,0,0,0,28,0,0,0,0,0,0,0,0,0,0,0,0,0,0,0,0,0,0,0,0,0,0,0,0,0,0,0,0,0,0,4,0,0,0,0,105,0,0,0,0,0
22,0,32,0,117,0,0,0,23,0,47,0,154,0,26,0,0,0,4,0,0,0,0,0,0,0,21,69,0,0,3,0,0,0,0,0,0,0,0,0,0,88,70,0,71,65,162,199,160,38,0,0,0,0,0,0,0,0,0,0,0,0,0,0,0,0,0,0,0,0,0,0,0,0,0,0,0,0,0,0,0,0,0,0,0,0,0,0,0,0,0,0,0,0,0,0,0,0,0,0,0,0,0,0,0,0,0,0,0,0,0,0,0,0,0,0,0,0,0,0,0,0,0,0,0,0,11,0,0,0,0,0,0,0,0,0,0,0,0,0,0,0,0,0,0,0,0,0,0,0,0,0,0,0,0,0,0,0,0,0,0,0,0,0,32,0,0,0,0,0,0,0,0,0,0,0,24,31,45,0,0,0,13,0,0,0,208,0,0,0,0,0,0,0,0,0,0,0,0,0,0,0,0,0,0,0,0,0,0,0,0,136,71,0,0,0,0,14,0,2,0,0,0,0,0
0,0,0,0,20,67,0,0,0,0,0,79,200,211,8,0,0,0,121,0,12,0,0,0,0,0,191,8,0,0,0,0,0,0,0,0,0,0,0,0,88,0,44,69,31,0,35,76,0,171,21,22,0,0,0,0,0,0,0,0,0,0,0,0,0,0,0,0,0,0,0,0,0,0,0,0,0,0,0,0,0,0,0,0,0,0,0,0,0,0,0,0,0,0,0,0,0,0,0,0,0,0,0,0,0,0,0,0,0,0,0,0,0,0,0,0,0,0,0,0,0,0,0,0,0,0,0,0,0,0,0,0,0,0,0,0,0,0,0,0,0,0,0,0,0,0,0,0,0,0,0,0,0,0,0,0,0,0,0,0,0,0,0,0,0,4,0,0,0,0,0,0,0,0,0,0,0,384,0,36,0,21,0,9,0,0,67,8,0,0,0,0,0,0,0,0,0,0,0,0,0,0,0,0,0,0,0,0,0,0,0,0,0,0,0,0,0,0,0,66,21,0,0,0,53
0,0,0,0,0,0,0,0,0,0,0,0,194,0,0,0,23,0,66,0,52,5,0,0,0,0,174,86,39,0,131,0,43,0,11,0,74,0,5,0,70,44,0,0,239,18,48,64,57,0,84,0,1,0,0,0,0,0,4,0,0,0,8,0,0,0,2,0,2,0,0,0,1,0,18,0,0,0,0,0,13,0,0,0,0,0,0,0,0,0,0,0,9,1,0,0,0,0,0,0,0,0,0,0,0,0,0,0,0,0,0,0,0,0,0,0,0,0,0,0,0,0,0,0,0,0,0,0,0,0,0,0,0,0,0,0,0,0,0,0,0,0,0,0,0,0,0,0,0,0,0,0,0,0,0,0,0,0,0,0,0,0,0,0,36,0,22,0,17,0,15,0,7,0,0,0,20,3,21,0,0,0,0,0,0,0,48,3,0,0,0,0,0,0,0,0,0,0,0,0,0,0,0,0,0,0,0,0,0,0,19,30,84,7,7,0,0,0,0,1,0,0,0,0,0
0,0,0,0,0,0,0,0,0,0,0,0,0,102,0,9,0,0,28,51,0,74,0,21,0,5,0,245,0,0,0,15,0,15,0,26,0,38,0,0,0,69,0,0,0,183,0,29,0,17,3,65,0,0,0,0,0,0,0,0,0,8,0,0,0,0,0,0,0,0,0,0,0,1,0,0,0,0,0,0,0,0,0,0,0,0,0,0,0,0,0,0,0,0,0,6,0,0,0,0,0,0,0,0,0,0,0,0,0,0,0,0,0,0,0,0,0,0,0,0,0,0,0,0,0,0,0,0,0,0,0,0,0,0,0,0,0,0,0,0,0,0,0,0,0,0,0,0,0,0,0,0,0,0,0,0,0,0,0,0,0,0,0,0,0,32,0,30,0,54,0,0,0,0,0,0,0,34,0,0,0,0,0,0,0,0,0,84,0,0,0,1,0,0,0,1,0,0,0,0,0,0,0,0,0,0,0,0,0,0,0,0,0,0,0,0,0,0,35,43,203,0,0,0,0
0,0,0,0,41,0,0,0,0,0,0,0,98,0,42,0,0,0,32,0,114,0,0,1,0,0,161,31,0,1,37,0,58,0,12,0,142,0,0,0,71,31,239,0,0,53,236,92,234,32,166,0,0,0,0,0,0,0,9,0,1,0,0,0,0,0,3,0,11,0,126,0,0,0,0,0,0,0,0,0,0,0,0,1,0,0,0,0,0,0,0,0,77,0,0,0,0,0,0,0,0,0,0,0,0,0,0,0,0,0,0,0,0,0,0,0,0,0,0,0,0,0,0,0,0,0,0,0,0,0,0,0,0,0,0,0,0,0,0,0,0,0,0,0,0,0,0,0,0,0,0,0,0,0,0,0,0,0,0,0,0,0,38,0,204,0,34,0,113,0,0,0,50,0,7,0,54,15,45,0,0,0,0,0,8,0,151,0,0,0,0,0,0,0,2,0,0,0,0,0,0,0,0,0,0,0,0,0,0,0,29,89,184,10,13,0,0,56,0,2,0,0,0,0,0
0,21,0,0,0,52,0,0,0,4,0,85,89,102,0,20,0,0,53,61,0,77,0,0,0,0,75,310,0,0,0,9,0,11,0,52,0,29,0,2,65,0,18,183,53,0,43,227,4,86,0,112,0,0,0,0,0,0,0,0,0,0,0,0,0,3,0,0,0,69,0,0,0,0,0,0,0,14,0,0,0,37,0,97,0,0,0,0,0,0,0,0,0,0,0,79,0,0,0,39,0,26,0,0,0,0,0,0,0,0,0,0,0,21,0,0,0,0,0,0,0,0,0,0,0,0,0,0,0,0,0,0,0,0,0,80,0,0,0,0,0,0,0,215,0,29,0,0,0,0,0,0,0,0,0,0,0,0,0,0,0,0,0,0,0,213,0,23,0,282,0,6,0,0,0,0,0,67,0,7,0,0,0,0,0,0,54,10,0,0,0,0,0,0,0,0,0,0,0,0,0,0,0,0,0,0,0,0,0,0,0,0,0,0,0,0,0,0,37,206,491,0,44,0,123
23,0,64,0,109,0,0,0,27,0,46,0,122,9,54,0,0,0,12,0,21,0,0,0,0,0,155,0,0,0,0,0,0,0,0,0,12,0,0,0,162,35,48,0,236,43,0,66,205,45,0,0,0,0,0,0,0,0,0,0,0,0,0,0,0,0,0,0,0,0,0,0,0,0,0,0,0,0,0,0,0,0,3,0,0,0,0,0,0,0,0,0,30,0,0,2,0,0,0,0,0,0,0,0,0,0,0,0,0,0,0,0,0,0,0,0,0,0,0,0,0,0,0,0,0,0,0,0,0,0,0,0,0,0,0,0,0,0,0,0,0,0,0,0,0,0,0,0,0,0,0,0,0,0,0,0,0,0,0,0,5,0,5,0,103,0,0,0,0,0,0,0,8,0,0,0,25,18,50,0,0,0,18,0,22,0,154,1,0,0,0,0,0,0,0,0,0,0,0,0,0,0,0,0,0,0,0,0,0,0,0,244,164,0,0,0,0,54,0,0,0,0,0,0,0
0,28,0,0,12,142,0,0,0,0,0,87,314,221,0,0,0,0,163,5,0,0,0,0,0,0,395,128,0,0,0,0,0,0,0,0,0,0,0,0,199,76,64,29,92,227,66,0,0,135,37,22,0,0,0,0,0,0,0,1,0,0,0,0,0,0,0,0,0,10,0,0,0,0,0,0,0,0,0,0,0,0,0,0,0,0,0,0,0,0,0,0,0,0,0,0,0,0,0,0,0,3,0,0,0,0,0,0,0,0,0,0,0,0,0,0,0,0,0,0,0,0,0,0,0,0,0,0,0,0,0,0,0,0,0,0,0,0,0,0,0,0,0,0,0,0,0,0,0,0,0,0,0,0,0,0,0,0,0,0,0,0,0,0,0,27,0,0,0,0,0,0,0,0,0,0,0,177,0,0,0,0,0,0,0,0,110,0,0,0,0,0,0,0,0,0,0,0,0,0,0,0,0,0,0,0,0,0,0,0,0,0,0,0,0,0,0,0,0,279,161,0,0,0,63
15,0,12,0,29,0,37,0,15,0,0,0,46,0,9,1,0,0,8,0,11,0,0,1,4,0,26,0,0,0,0,0,13,0,4,0,12,0,0,0,160,0,57,0,234,4,205,0,0,0,16,0,6,0,11,0,35,0,43,0,0,0,0,0,4,0,0,0,31,0,0,0,0,0,0,0,0,0,5,0,4,0,14,0,16,0,7,0,2,0,0,0,64,1,40,0,0,0,0,0,17,0,21,0,0,0,0,0,0,0,0,0,0,0,0,0,0,0,0,0,0,0,0,0,3,0,0,0,0,1,3,0,0,0,26,0,0,0,0,0,0,0,21,0,7,0,0,0,0,0,0,0,0,0,12,0,4,0,4,0,14,0,10,0,25,0,6,0,37,0,0,0,7,0,0,0,124,0,79,0,0,0,3,0,0,0,268,0,18,0,14,0,33,0,10,0,9,0,0,0,0,0,44,0,38,0,0,0,12,0,63,76,215,8,59,23,17,38,0,2,22,15,0,0,0
0,0,0,0,0,0,0,0,0,1,0,50,14,49,0,0,0,0,0,0,0,0,0,0,0,0,19,13,0,0,0,0,0,0,0,0,0,0,0,0,38,171,0,17,32,86,45,135,0,0,0,14,0,0,0,0,0,0,0,0,0,0,0,0,0,0,0,1,0,68,0,0,0,0,0,0,0,0,0,0,0,0,0,49,0,0,0,3,0,0,0,0,0,35,0,0,0,0,0,0,0,5,0,10,0,0,0,2,0,0,0,0,0,0,0,0,0,0,0,0,0,0,0,0,0,0,0,0,0,0,0,0,0,0,0,0,0,0,0,0,0,7,0,0,0,0,0,0,0,0,0,0,0,15,0,0,0,0,0,0,0,0,0,0,0,31,0,3,0,36,0,0,0,0,0,8,0,234,0,0,0,15,0,0,0,0,46,47,0,6,0,0,0,0,0,0,0,0,0,0,0,0,0,0,0,0,0,0,0,0,0,0,1,0,0,0,0,0,9,33,23,0,5,0,90
7,0,0,0,183,0,1,0,3,0,8,0,514,0,24,0,9,0,238,27,102,7,4,0,0,0,108,107,0,0,31,0,19,0,83,3,76,0,2,0,0,21,84,3,166,0,0,37,16,0,0,0,0,0,0,0,9,0,0,0,0,0,0,0,0,0,1,0,9,0,27,0,0,0,0,0,0,0,0,0,0,0,11,0,0,0,0,0,0,0,0,0,0,0,28,0,30,0,0,0,0,0,0,0,0,0,0,0,0,0,0,0,0,0,0,0,0,0,0,0,21,0,0,0,0,0,0,0,0,0,0,0,0,0,7,0,0,0,0,0,0,0,0,0,0,0,0,0,0,0,0,0,0,0,0,0,0,0,0,0,0,0,0,0,102,0,55,0,134,0,0,0,54,0,0,0,20,0,69,0,0,0,0,0,0,0,26,0,0,0,0,0,0,0,0,0,0,0,0,0,0,0,0,0,0,0,0,0,0,0,42,60,143,15,0,0,0,0,0,0,0,0,0,0,0
0,0,0,0,0,60,0,0,0,0,0,0,0,198,0,0,0,0,0,132,0,54,0,0,0,0,0,434,0,0,0,13,0,23,0,50,0,76,0,5,0,22,0,65,0,112,0,22,0,14,0,0,0,0,0,0,0,0,0,0,0,11,0,9,0,0,0,0,0,0,0,9,0,0,0,0,0,0,0,0,0,0,0,0,0,0,0,0,0,0,0,0,0,0,0,0,0,0,0,0,0,0,0,0,0,0,0,0,0,0,0,0,0,0,0,0,0,0,0,0,0,0,0,0,0,0,0,0,0,0,0,0,0,0,0,0,0,0,0,0,0,190,0,294,0,75,0,0,0,0,0,0,0,0,0,0,0,12,0,0,0,0,0,0,0,19,0,57,0,139,0,22,0,90,0,0,2,40,0,0,0,0,0,0,0,0,0,96,0,0,0,0,0,0,0,0,0,0,0,0,0,0,0,0,0,0,0,0,0,0,0,0,0,0,10,0,0,0,89,30,136,0,0,0,0
17,18,0,0,0,0,168,52,254,189,0,0,2,0,0,0,102,12,0,0,0,0,8,0,41,54,0,0,11,0,1,0,0,0,0,0,1,0,9,0,0,0,1,0,0,0,0,0,6,0,0,0,0,22,223,127,298,0,71,62,40,4,229,14,0,0,15,85,0,0,0,0,0,0,0,0,0,0,0,0,0,0,0,0,0,0,0,0,0,0,0,0,0,0,0,0,0,0,0,0,0,0,0,0,0,0,0,0,0,0,0,0,0,0,0,0,0,0,0,0,0,0,0,0,0,0,0,0,120,0,33,0,146,0,0,0,282,0,220,0,63,0,129,0,8,0,0,0,0,0,0,0,0,0,306,0,125,0,169,0,35,0,3,0,4,0,0,0,7,0,103,0,3,0,0,0,76,12,0,0,0,0,2,0,0,0,0,0,0,0,0,0,0,0,0,0,0,0,0,0,0,0,0,0,0,0,0,0,30,0,274,143,132,187,207,0,23,0,0,0,0,0,0,0,0
0,111,0,9,0,4,0,151,72,181,0,16,0,0,0,0,0,46,0,0,0,0,0,0,15,35,0,0,0,29,0,0,0,0,0,0,0,0,0,13,0,0,0,0,0,0,0,0,0,0,0,0,22,0,50,150,0,125,23,36,0,41,0,61,0,0,11,0,0,0,0,0,0,0,0,0,0,0,0,0,0,0,0,0,0,0,0,0,0,0,0,0,0,0,0,0,0,0,0,0,0,0,0,0,0,0,0,0,0,0,0,0,0,0,0,0,0,0,0,0,0,0,0,0,0,16,0,41,0,276,0,14,0,80,0,24,0,244,0,237,0,41,0,40,0,75,0,0,0,0,0,3,0,0,1,184,0,93,0,203,1,13,0,2,0,0,0,0,0,1,0,33,0,0,0,0,0,39,0,0,0,1,0,18,0,0,0,0,0,0,0,0,0,0,0,0,0,0,0,0,0,0,0,0,0,0,0,0,0,82,3,0,1,0,146,0,0,0,259,337,47,145,0,9,0
0,41,54,0,0,0,163,95,61,277,0,0,0,0,33,0,33,14,0,0,18,0,146,4,187,91,0,0,4,0,0,0,0,0,0,0,0,0,0,0,0,0,0,0,0,0,0,0,11,0,0,0,223,50,0,157,125,0,294,0,36,0,51,37,0,0,0,0,0,0,0,0,0,0,0,0,0,0,0,0,0,0,0,0,0,0,0,0,0,0,0,0,0,0,0,0,0,0,0,0,0,0,0,0,0,0,0,0,0,0,0,0,0,0,0,0,0,0,0,0,0,0,0,0,110,0,163,0,68,0,107,0,92,0,155,0,156,0,8,0,8,0,64,0,0,0,23,0,0,0,47,0,0,0,50,0,33,0,18,0,78,0,0,0,4,0,0,0,14,0,234,0,11,0,0,0,61,34,0,0,0,0,1,0,1,0,0,0,0,0,0,0,0,0,0,0,0,0,0,0,0,0,0,0,0,0,0,0,168,0,230,0,254,0,176,0,52,0,0,0,0,0,0,0,0
0,49,0,94,0,15,32,372,208,173,0,10,0,0,0,160,0,146,0,30,0,0,2,131,22,293,0,0,0,24,0,4,0,0,0,0,0,0,0,10,0,0,0,0,0,0,0,0,0,0,0,0,127,150,157,0,22,269,102,48,0,34,5,144,0,13,89,9,0,2,0,0,0,0,0,0,0,0,0,0,0,0,0,0,0,0,0,0,0,0,0,0,0,0,0,0,0,0,0,0,0,0,0,0,0,0,0,0,0,0,0,0,0,0,0,0,0,0,0,0,0,0,0,0,0,95,0,172,0,96,0,125,0,65,0,26,0,43,1,26,0,0,0,0,0,11,0,0,0,0,0,24,0,0,3,120,2,56,0,53,0,78,0,10,0,11,0,0,0,28,0,182,0,48,0,0,27,49,0,0,0,0,0,10,12,0,0,0,0,1,0,0,0,0,0,0,0,0,0,0,0,0,0,0,0,0,0,0,0,89,3,0,0,0,315,0,0,0,294,214,424,511,48,58,0
0,0,14,0,0,0,9,0,12,0,2,0,0,0,0,0,29,0,0,0,0,0,20,0,50,0,0,0,0,0,3,0,0,0,0,0,0,0,0,0,0,0,0,0,0,0,0,0,35,0,9,0,298,0,125,22,0,0,477,39,0,0,19,0,92,4,32,39,0,0,0,0,0,0,0,0,0,0,0,0,0,0,0,0,0,0,0,0,0,0,0,0,0,0,0,0,0,0,0,0,0,0,0,0,0,0,0,0,0,0,0,0,0,0,0,0,0,0,0,0,0,0,0,0,19,0,27,0,25,0,39,0,22,0,19,0,0,0,3,0,0,0,0,0,27,0,0,0,0,1,0,0,0,0,275,0,93,0,115,0,107,9,27,0,11,0,0,0,30,0,236,0,12,0,0,0,8,0,0,0,0,13,0,0,0,4,0,0,0,0,0,0,0,0,0,0,0,0,0,0,0,0,0,0,0,0,0,0,17,0,406,106,688,592,616,21,0,0,0,0,0,0,0,0,0
0,10,0,24,0,10,0,28,0,12,0,0,0,0,0,0,0,95,0,0,0,0,0,25,0,35,0,0,0,0,0,0,0,0,0,0,0,0,0,0,0,0,0,0,0,0,0,0,0,0,0,0,0,125,0,269,0,0,19,409,0,0,0,20,5,10,40,0,0,0,0,0,0,0,0,0,0,0,0,0,0,0,0,0,0,0,0,0,0,0,0,0,0,0,0,1,0,0,0,0,0,0,0,0,0,0,0,0,0,0,0,0,0,0,0,0,0,0,0,0,0,0,0,0,0,59,0,44,0,65,0,105,0,21,0,0,0,0,0,0,0,0,0,0,0,0,0,0,0,5,0,6,1,0,3,301,0,0,0,138,3,122,0,56,0,0,0,0,0,50,0,223,0,31,0,0,0,0,0,0,0,0,0,0,6,3,0,0,0,0,0,0,0,0,0,0,0,0,0,0,0,0,0,0,0,0,0,0,0,7,0,0,0,0,627,0,0,0,515,108,677,707,131,35,0
0,2,17,0,0,0,0,0,68,104,0,0,0,0,0,0,0,0,0,0,8,0,0,0,0,0,0,0,0,0,0,0,0,0,0,0,0,0,0,0,0,0,4,0,9,0,0,0,43,0,0,0,71,23,294,102,477,19,0,252,50,0,0,0,0,8,130,236,1,0,0,0,0,0,0,0,0,0,0,0,0,0,0,0,0,0,0,0,0,0,0,0,0,0,0,0,0,0,0,0,0,0,0,0,0,0,0,0,0,0,0,0,0,0,0,0,0,0,0,0,0,0,0,0,0,0,0,0,5,0,0,0,0,0,0,0,3,0,0,0,0,0,0,0,8,0,0,0,2,0,0,0,0,0,167,4,234,0,0,0,16,0,0,0,5,0,0,0,26,0,162,0,8,0,0,0,102,0,0,0,0,8,0,0,40,27,0,0,0,0,0,0,0,0,0,0,0,0,0,0,0,0,0,0,0,0,0,0,0,0,726,330,602,927,764,37,193,0,0,0,0,0,0,0,0
0,12,0,29,0,12,0,25,38,67,0,0,0,0,0,0,0,0,0,0,0,0,0,0,0,27,0,0,0,0,0,0,0,0,0,0,0,0,0,0,0,0,0,0,0,0,0,1,0,0,0,0,62,36,0,48,39,409,252,0,0,0,0,0,37,21,293,288,0,0,0,0,0,0,0,0,0,0,0,0,0,0,0,0,0,0,0,0,0,0,0,0,0,0,0,0,0,0,0,0,0,0,0,0,0,0,0,0,0,0,0,0,0,0,0,0,0,0,0,0,0,0,0,0,0,24,0,16,0,6,1,83,0,4,0,0,0,0,0,1,0,0,0,6,0,11,0,0,0,0,0,0,1,0,8,128,0,103,2,0,10,97,0,0,0,7,0,0,0,26,0,82,0,0,0,1,26,0,0,0,0,89,0,0,46,118,0,0,0,0,0,0,0,0,0,0,0,0,0,0,0,0,0,0,0,0,0,0,0,0,2,0,0,0,663,0,0,0,966,354,537,760,140,56,0
157,0,78,0,0,0,285,0,284,0,0,0,0,0,0,0,16,0,0,0,0,0,0,0,16,0,0,0,0,0,0,0,16,0,2,0,62,0,81,0,0,0,0,0,1,0,0,0,0,0,0,0,40,0,36,0,0,0,50,0,0,0,76,0,0,0,0,0,1,0,0,0,0,0,0,0,0,0,0,0,0,0,0,0,9,0,0,0,0,0,0,0,0,0,0,0,0,0,0,0,0,0,0,0,0,0,0,0,0,0,0,0,0,0,0,0,0,0,0,0,0,0,0,0,0,0,0,0,0,0,0,0,0,0,1,0,0,0,207,0,136,0,55,0,102,0,0,0,0,0,0,0,0,0,77,0,156,0,0,0,0,0,8,0,0,0,0,0,0,0,82,0,46,0,0,0,17,0,0,0,0,0,2,0,0,0,0,0,0,0,0,0,0,0,0,0,0,0,0,0,0,0,0,0,0,0,0,0,0,0,96,166,45,67,51,0,4,0,0,0,0,0,0,0,0
0,385,0,145,0,0,0,279,0,0,0,59,0,0,0,34,0,154,0,0,0,14,0,57,0,93,0,0,0,10,0,10,0,22,0,28,0,57,0,13,0,0,0,8,0,0,0,0,0,0,0,11,4,41,0,34,0,0,0,0,0,0,0,66,0,0,0,0,0,0,0,0,0,0,0,0,0,0,0,0,0,0,0,0,0,0,0,0,0,0,0,0,0,0,0,0,0,0,0,0,0,0,0,0,0,0,0,0,0,0,0,0,0,0,0,0,0,0,0,0,0,0,0,0,0,0,0,0,0,0,0,0,0,0,0,0,0,0,0,124,0,93,0,0,0,211,0,0,0,0,0,0,0,0,0,30,0,221,0,16,0,0,0,0,0,0,0,10,0,3,0,38,0,91,0,0,0,0,0,22,0,0,0,92,0,0,0,0,0,0,0,0,0,0,0,0,0,0,0,0,0,0,0,0,0,0,0,0,0,0,0,0,0,0,87,0,0,0,141,581,128,141,0,12,0
206,28,122,11,0,0,513,0,338,16,0,1,0,0,0,0,290,19,0,0,196,0,18,6,19,63,0,0,85,0,58,0,12,0,0,0,31,0,43,0,0,0,8,0,0,0,0,0,0,0,0,0,229,0,51,5,19,0,0,0,76,0,0,16,0,0,0,0,0,0,17,0,0,0,0,0,0,0,0,0,0,0,0,0,179,0,0,0,0,0,0,0,0,0,0,0,0,0,0,0,0,0,0,0,0,0,0,0,0,0,0,0,0,0,0,0,0,0,0,0,0,0,71,0,0,0,0,0,80,0,0,1,0,0,36,0,433,0,397,0,250,0,595,0,0,0,0,0,0,0,0,0,0,0,179,0,46,0,125,0,14,0,0,0,0,0,0,0,0,0,15,0,37,0,0,0,28,1,0,0,0,0,0,0,0,0,0,0,0,0,0,0,0,0,0,0,0,0,0,0,0,0,0,0,0,0,0,0,0,0,123,75,53,67,54,0,0,0,0,0,0,0,0,1,0
20,524,0,109,0,0,39,410,68,117,0,56,0,0,0,24,0,443,0,0,0,59,0,117,130,182,0,0,0,152,0,36,0,31,0,11,0,35,0,43,0,0,0,0,0,0,0,0,0,0,0,9,14,61,37,144,0,20,0,0,0,66,16,0,0,0,0,0,0,0,0,0,0,0,0,0,0,0,0,0,0,0,0,0,0,0,0,0,0,0,0,0,0,0,0,0,0,0,0,0,0,0,0,0,0,0,0,0,0,0,0,0,0,0,0,0,0,0,0,0,0,0,0,0,0,9,0,0,0,90,0,0,0,0,0,11,0,101,0,111,0,30,0,22,0,45,0,0,0,0,0,0,0,0,0,43,0,31,0,43,0,0,0,0,0,0,0,0,0,0,0,6,0,3,0,0,10,48,0,20,0,0,0,106,0,0,0,0,0,0,0,0,0,0,0,0,0,0,0,0,0,0,0,0,0,0,0,0,0,0,8,0,0,0,48,0,0,0,138,339,19,47,0,0,0
54,0,43,0,26,0,17,0,64,0,0,0,15,0,32,0,0,0,0,0,0,0,0,0,0,0,0,0,0,0,0,0,0,0,0,0,0,0,0,0,0,0,0,0,0,0,0,0,4,0,0,0,0,0,0,0,92,5,0,37,0,0,0,0,0,20,124,18,0,0,0,0,0,0,1,0,0,0,0,0,0,0,0,0,0,0,0,0,0,0,0,0,0,0,0,0,0,0,0,0,0,0,0,0,0,0,0,0,0,0,0,0,0,0,0,0,0,0,0,0,0,0,0,0,41,0,52,0,0,0,63,0,0,0,0,0,0,0,0,0,0,0,0,0,12,0,35,0,102,0,58,0,31,1,47,3,37,0,0,0,275,34,0,0,0,0,0,0,0,0,1,0,0,0,8,0,21,0,0,0,38,41,0,0,190,4,0,0,0,0,0,0,0,0,0,0,0,0,0,0,0,0,0,0,1,0,0,0,0,0,29,0,0,0,48,0,0,0,0,0,0,0,0,0,0
0,104,0,30,0,18,0,17,0,249,0,20,0,0,0,25,0,0,0,0,0,0,0,0,0,15,0,0,0,0,0,0,0,0,0,0,0,0,0,0,0,0,0,0,0,3,0,0,0,0,0,0,0,0,0,13,4,10,8,21,0,0,0,0,20,0,19,252,0,0,0,0,0,0,0,0,0,0,0,0,0,0,0,0,0,0,0,0,0,0,0,0,0,1,0,0,0,0,0,0,0,0,0,0,0,0,0,0,0,0,0,0,0,0,0,0,0,0,0,0,0,0,0,1,0,114,0,106,23,1,60,126,0,6,0,0,0,10,26,0,0,6,0,4,15,12,0,69,0,212,0,84,0,39,0,2,0,0,0,0,45,297,0,0,0,0,0,0,0,0,0,0,0,0,2,7,0,0,0,0,20,254,0,12,23,86,0,0,0,0,0,0,0,0,0,0,0,0,0,0,0,0,0,0,0,0,0,18,0,26,0,0,0,0,0,0,0,0,57,0,33,23,0,0,0
49,0,55,0,40,0,23,0,157,0,0,0,0,0,8,0,0,0,0,0,0,0,0,0,0,0,0,0,0,0,0,0,0,0,0,0,0,0,0,0,0,0,2,0,3,0,0,0,0,0,1,0,15,11,0,89,32,40,130,293,0,0,0,0,124,19,0,145,0,0,0,0,0,0,0,0,0,0,0,0,0,0,0,0,0,0,0,0,0,0,0,0,0,0,0,0,0,0,0,0,0,0,0,0,0,0,0,0,0,0,0,0,0,0,0,0,0,0,0,0,0,0,0,0,0,0,8,0,0,0,82,0,0,0,0,0,0,0,0,0,0,0,0,0,6,0,0,0,80,0,0,0,0,0,53,5,60,0,0,3,37,12,0,0,1,0,0,0,2,0,19,0,0,0,0,0,269,0,0,0,0,10,5,0,267,25,0,0,0,0,0,0,0,0,0,0,0,0,0,0,0,0,0,0,0,0,0,0,0,0,148,86,91,0,144,0,0,0,0,0,0,0,0,0,0
0,41,0,0,0,0,0,8,0,194,0,8,0,0,0,0,0,0,0,0,0,2,0,0,0,0,0,0,0,0,0,0,0,0,0,0,0,2,0,0,0,0,0,0,0,0,0,0,0,1,0,0,85,0,0,9,39,0,236,288,0,0,0,0,18,252,145,0,0,0,0,0,0,0,0,0,0,0,0,0,0,0,0,0,0,0,0,0,0,0,0,0,0,0,0,0,0,0,0,0,0,0,0,0,0,0,0,0,0,0,0,0,0,0,0,0,0,0,0,0,0,0,0,0,0,24,0,20,0,0,1,89,0,0,0,0,0,0,0,1,0,0,0,5,0,2,0,0,0,41,0,4,0,0,7,71,0,30,0,25,7,120,0,0,0,0,0,0,0,0,0,0,0,0,0,8,44,23,0,0,0,78,0,0,20,374,0,0,0,0,0,0,0,0,0,0,0,0,0,0,0,0,0,0,0,0,0,0,0,0,0,0,0,0,75,0,0,0,132,123,73,82,0,5,0
1,0,0,0,0,0,5,0,0,0,0,0,0,0,0,0,0,0,0,0,0,0,0,0,0,0,9,0,0,0,0,0,0,0,0,0,0,0,0,0,0,0,2,0,11,0,0,0,31,0,9,0,0,0,0,0,0,0,1,0,1,0,0,0,0,0,0,0,0,0,0,0,11,0,0,0,85,0,22,0,0,0,32,0,0,0,0,0,34,0,0,0,133,0,23,0,0,0,0,0,28,0,159,0,60,0,39,0,37,0,2,0,0,0,5,0,7,0,0,0,0,0,0,0,0,0,0,0,0,0,0,0,0,0,0,0,0,0,0,0,0,0,0,0,0,0,0,0,0,0,0,0,0,0,0,0,0,0,0,0,0,0,0,0,45,0,0,0,191,0,4,0,0,0,0,0,1,0,0,0,0,0,0,0,0,0,0,0,0,0,0,0,0,0,0,0,0,0,0,0,0,0,0,0,0,0,0,0,0,0,31,13,110,3,0,21,78,0,0,0,0,0,0,0,0
0,2,0,0,0,0,0,0,0,0,0,0,0,2,0,0,0,0,0,0,0,0,0,0,0,0,0,0,0,0,0,0,0,0,0,0,0,0,0,0,0,0,0,0,0,69,0,10,0,68,0,0,0,0,0,2,0,0,0,0,0,0,0,0,0,0,0,0,0,0,0,0,0,4,0,0,0,51,0,0,0,7,0,77,0,0,0,22,0,59,0,0,0,87,0,36,0,0,0,0,0,14,0,143,0,0,0,0,0,10,0,18,0,21,0,5,0,1,0,0,0,0,0,0,0,0,0,0,0,3,0,0,0,0,0,0,0,0,0,0,0,0,0,0,0,0,0,0,0,0,0,0,0,0,0,0,0,0,0,0,0,0,0,0,0,28,0,0,0,32,0,0,0,0,0,0,0,14,0,0,0,0,0,0,0,0,0,0,0,0,0,0,0,0,0,0,0,0,0,0,0,0,0,0,0,0,0,0,0,0,0,0,0,0,3,0,0,0,7,29,71,8,25,53,2
0,0,0,0,48,0,0,0,0,0,0,0,0,0,0,0,9,0,0,0,154,0,0,0,0,0,0,0,25,0,34,0,16,0,0,0,93,0,0,0,0,0,0,0,126,0,0,0,0,0,27,0,0,0,0,0,0,0,0,0,0,0,17,0,0,0,0,0,0,0,0,0,393,0,545,0,37,0,525,0,27,0,0,0,0,0,80,0,0,0,0,0,0,0,0,0,0,0,0,0,0,0,0,0,0,0,0,0,0,0,0,0,0,0,0,0,0,0,0,0,16,0,3,0,15,12,13,0,0,0,21,14,0,6,0,0,34,0,9,0,161,7,74,9,117,2,9,0,19,0,9,0,39,0,0,0,0,0,0,0,8,2,67,0,0,0,25,0,56,0,46,0,60,0,15,0,2,0,0,0,7,8,0,0,0,0,0,0,0,0,0,0,0,0,0,0,0,0,0,0,0,0,0,0,0,0,0,0,20,0,14,0,32,0,0,0,0,0,0,0,0,0,0,0,0
0,0,0,0,0,7,0,0,0,0,0,3,0,0,0,0,0,0,0,0,0,0,0,0,0,0,0,0,0,0,0,0,0,0,0,0,0,0,0,0,0,0,0,0,0,0,0,0,0,0,0,9,0,0,0,0,0,0,0,0,0,0,0,0,0,0,0,0,0,0,0,0,0,157,0,388,0,12,0,0,0,0,0,0,0,0,0,85,0,1,0,0,0,0,0,0,0,0,0,0,0,0,0,0,0,0,0,0,0,0,0,0,0,0,0,0,0,0,0,0,0,13,0,27,0,210,0,0,0,216,0,69,0,124,0,61,0,0,0,66,0,54,0,38,0,139,0,0,0,24,0,0,0,0,0,0,0,3,0,8,0,0,0,49,0,0,0,7,0,11,0,12,0,0,0,17,0,0,0,0,0,0,0,0,0,4,0,0,0,0,0,0,0,0,0,0,0,0,0,0,0,0,0,0,0,0,0,0,0,0,0,0,0,0,5,0,0,0,36,24,32,0,0,0,0
0,0,0,0,0,0,0,0,0,0,0,0,0,0,0,0,0,0,0,0,0,0,0,0,0,0,0,0,0,0,0,0,0,0,0,0,8,0,0,0,0,0,1,0,0,0,0,0,0,0,0,0,0,0,0,0,0,0,0,0,0,0,0,0,0,0,0,0,11,0,393,0,0,0,318,3,121,0,459,0,0,0,64,0,18,0,16,0,0,0,0,0,11,0,0,0,3,0,0,0,0,0,0,0,0,0,0,0,0,0,0,0,0,0,0,0,3,0,0,0,27,0,10,0,31,0,40,0,28,0,22,0,70,0,168,0,86,0,38,0,174,0,188,0,143,0,0,0,0,0,29,4,20,0,0,0,0,0,0,0,0,0,27,0,0,0,4,0,14,0,4,0,15,0,0,0,0,0,0,0,0,0,0,0,0,0,0,0,0,0,0,0,0,0,0,0,3,0,57,0,0,0,0,0,0,0,0,0,129,0,306,4,8,6,0,0,4,0,0,0,0,0,0,0,0
0,0,0,0,0,0,0,0,0,0,0,0,0,0,0,0,0,0,0,0,0,0,0,0,0,0,0,0,0,0,0,0,0,0,0,0,0,0,0,0,0,0,0,1,0,0,0,0,0,0,0,0,0,0,0,0,0,0,0,0,0,0,0,0,0,0,0,0,0,4,0,157,0,0,0,577,0,175,0,29,0,12,0,72,0,0,0,269,0,0,0,0,0,0,0,27,0,0,0,0,0,0,0,0,0,0,0,0,0,0,0,0,0,0,0,0,0,0,0,0,0,28,0,54,0,84,0,0,0,84,0,33,0,59,0,0,0,145,0,15,0,32,0,55,2,29,0,0,0,0,0,20,0,0,0,0,0,0,0,4,0,0,0,38,0,0,0,0,0,27,0,1,0,0,0,0,0,0,0,0,0,0,0,0,0,0,0,0,0,0,0,0,0,0,0,0,0,0,0,0,0,5,0,0,0,0,0,0,0,0,0,0,0,0,12,0,0,0,104,0,0,0,0,0,0
0,0,24,0,0,0,0,0,0,0,0,0,0,0,20,0,0,0,0,0,110,0,7,0,0,0,0,0,0,0,16,0,0,0,6,0,64,0,9,0,0,0,18,0,0,0,0,0,0,0,0,0,0,0,0,0,0,0,0,0,0,0,0,0,1,0,0,0,0,0,545,0,318,0,0,0,23,0,396,0,14,0,0,0,19,0,35,0,0,0,0,0,0,0,0,0,0,0,16,0,0,0,0,0,0,0,0,0,0,0,0,0,0,0,0,0,0,0,0,0,91,0,56,0,44,25,22,0,0,0,26,0,66,0,171,0,88,0,10,0,168,20,274,13,146,3,16,7,0,16,35,0,62,0,0,0,0,0,0,0,3,4,50,0,0,0,15,0,28,0,9,0,41,0,62,0,1,0,0,0,26,0,0,0,0,0,0,0,0,0,0,0,0,0,0,0,0,0,0,0,21,0,37,0,0,0,0,0,128,0,14,0,20,0,2,0,0,0,0,0,0,0,0,0,0
0,0,0,0,0,0,0,0,0,0,0,0,0,0,0,0,0,0,0,0,0,8,0,0,0,0,0,0,0,0,0,0,0,0,0,0,0,0,0,0,0,0,0,0,0,0,0,0,0,0,0,0,0,0,0,0,0,0,0,0,0,0,0,0,0,0,0,0,0,0,0,388,3,577,0,0,0,14,0,87,0,0,0,0,0,15,0,190,0,0,0,0,0,0,0,0,0,0,0,0,0,0,0,0,0,0,0,0,0,0,0,0,0,0,0,0,0,0,0,0,0,168,0,119,0,236,0,181,6,143,0,69,0,136,0,265,0,269,0,50,0,73,0,107,0,165,0,0,0,50,0,0,0,0,0,0,0,0,0,0,0,0,0,163,0,0,0,0,0,11,0,0,0,0,0,24,0,0,0,0,0,0,0,0,0,3,0,0,0,0,0,0,0,0,0,0,0,0,0,0,0,0,2,0,0,0,0,0,0,295,0,0,0,0,17,0,0,0,114,17,52,8,0,0,0
0,0,0,0,0,0,0,0,0,0,0,0,0,0,0,0,0,0,0,0,0,0,3,0,0,0,0,0,0,0,0,0,0,0,0,0,0,0,0,0,0,0,0,0,0,0,0,0,0,0,0,0,0,0,0,0,0,0,0,0,0,0,0,0,0,0,0,0,85,0,37,0,121,0,23,0,0,0,195,0,11,0,79,0,0,0,42,0,11,0,0,0,30,0,40,0,0,0,0,0,0,0,36,0,19,0,0,0,68,0,0,0,0,0,8,0,35,0,0,0,18,0,0,0,0,0,0,0,0,0,0,0,0,0,0,0,0,0,0,0,0,0,0,0,0,0,0,0,0,0,0,0,0,0,0,0,0,0,0,0,0,0,0,0,0,0,0,0,64,0,1,0,0,0,0,0,0,0,0,0,0,0,0,0,0,0,0,0,0,0,0,0,0,0,19,0,19,0,0,0,0,0,125,0,0,0,0,0,0,0,40,3,71,0,0,8,10,0,0,0,0,0,0,0,0
0,2,0,0,0,0,0,0,0,0,0,0,0,0,0,0,0,0,0,0,0,2,0,0,0,0,0,0,0,0,0,0,0,0,0,0,0,0,0,0,0,0,0,0,0,14,0,0,0,0,0,0,0,0,0,0,0,0,0,0,0,0,0,0,0,0,0,0,0,51,0,12,0,175,0,14,0,0,0,9,0,36,0,149,0,0,0,173,0,52,0,0,0,124,0,93,0,16,0,19,0,0,0,104,0,0,0,0,0,61,0,0,0,18,0,0,0,7,0,0,0,0,0,0,0,0,0,0,0,0,0,0,0,0,0,0,0,0,0,0,0,0,0,0,0,0,0,0,0,0,4,0,0,0,0,0,0,0,0,0,0,0,0,0,0,10,0,0,0,117,0,0,0,0,0,0,0,3,0,0,0,0,0,0,0,0,0,0,0,70,0,0,0,0,0,22,0,0,0,0,0,0,0,0,0,0,0,0,0,0,0,0,0,0,0,0,0,0,106,0,109,5,56,7,0
0,0,0,0,0,0,0,0,0,0,0,0,0,0,0,0,0,0,0,0,0,0,0,0,0,0,0,0,0,0,0,0,0,0,0,0,0,0,0,0,0,0,0,0,0,0,0,0,5,0,0,0,0,0,0,0,0,0,0,0,0,0,0,0,0,0,0,0,22,0,525,0,459,0,396,0,195,0,0,0,0,0,146,0,105,0,127,0,0,0,0,0,31,0,54,0,0,0,28,0,0,0,17,0,0,0,0,0,23,0,0,0,0,0,2,0,18,0,0,0,87,0,60,0,0,15,0,0,0,0,0,0,0,0,0,0,0,0,0,0,59,0,248,0,36,0,0,0,0,0,0,0,0,0,0,0,0,0,0,3,0,0,14,0,0,0,0,0,91,0,0,0,0,0,0,0,0,0,0,0,0,0,0,0,0,0,0,0,64,0,0,0,0,0,16,0,35,0,0,0,0,0,313,0,0,0,0,0,113,0,247,0,48,6,11,16,9,0,0,0,0,0,0,0,0
