0,92,17,27,55,0,7,113,17,45,126,0,52,0,36,0,33,57,4,0,0,0,20,42,6,190,14,0,77,8,43,0,69,0,6,0,30,0,280,23,8,0,0,0,13,0,18,0,0,0,0,0,0,0,0,5,0,0,0,0,58,0,32,14,0,0,3,0,0,0,0,0,0,0,0,0,0,0,0,0,0,0,0,0,0,0,0,0,0,0,0,0,0,0,0,0,0,0,0,0,0,0,0,0,0,0,0,0,0,0,0,0,0,0,0,0,0,0,0,0,0,0,0,0,0,0,0,0,0,0,1,0,0,0,5,0,0,0,0,0,0,0,2,0,0,0,1,0,6,0,6,0,0,0,0,0,0,0,0,0,0,0,0,0,17,0,0,0,45,0,20,0,156,11,0,0,269,55,27,0,0,0,6,0,21,0,0,0,0,0,0,0,0,0,0,0,0,0,0,0,0,0,0,0,0,0,0,0,0,0,458,226,180,209,213,0,7,0,0,0,0,0,0,0,0
92,0,112,40,23,111,31,15,14,47,0,77,0,30,29,59,29,16,0,90,7,0,126,51,75,14,0,39,0,64,0,10,0,208,0,19,0,183,0,219,0,14,0,0,0,0,0,27,0,0,0,0,0,9,0,5,0,12,0,6,0,35,0,8,0,10,0,3,0,0,0,0,0,0,0,7,0,0,0,0,0,0,0,0,0,13,0,0,0,0,0,0,0,0,0,0,0,4,0,0,0,0,0,0,0,0,0,0,0,0,0,0,0,4,0,0,0,0,0,11,0,0,0,0,0,15,0,0,0,0,0,13,0,0,0,0,0,46,0,0,0,0,0,18,0,0,0,12,0,22,0,0,0,64,0,4,0,19,0,0,0,28,0,0,0,0,0,47,0,57,0,32,0,203,0,15,25,319,2,6,0,72,0,6,0,51,0,2,0,0,0,2,0,0,0,0,0,0,0,0,0,0,0,0,0,0,0,0,0,38,0,4,7,0,320,0,0,0,758,182,416,143,13,0,0
17,112,0,108,170,0,38,59,52,0,17,12,28,0,171,68,68,43,43,0,41,0,388,72,144,124,0,0,199,17,92,0,175,24,0,0,72,19,386,23,14,0,0,0,33,0,16,0,56,0,0,0,0,0,33,0,20,0,4,0,24,0,13,8,0,0,38,0,2,0,0,0,0,0,0,1,0,0,0,0,0,0,0,0,0,0,0,0,0,0,0,0,0,0,0,0,0,0,0,0,0,0,0,0,0,0,0,0,0,0,0,0,0,0,0,0,3,0,0,0,0,0,0,0,24,0,0,0,22,0,24,0,39,0,265,0,325,0,0,0,10,0,165,0,0,0,36,0,65,1,58,0,63,0,0,0,0,0,0,0,29,0,0,0,41,0,127,2,102,0,34,0,347,12,2,0,124,51,5,0,0,0,12,0,22,0,0,0,0,0,0,0,0,0,0,0,0,0,0,0,249,0,0,0,0,0,9,0,43,0,688,109,354,414,419,0,0,0,0,0,0,0,0,0,0
27,40,108,0,88,64,0,36,0,9,26,2,0,0,177,323,16,8,0,80,25,97,129,265,0,235,0,0,0,37,0,38,18,287,0,0,0,80,0,99,0,0,0,0,0,41,0,0,0,0,0,12,0,3,0,0,0,12,0,1,0,0,0,0,0,0,0,0,0,0,0,0,0,0,0,0,0,0,0,0,0,0,0,0,0,0,0,0,0,0,0,0,0,0,0,0,0,14,0,0,0,0,0,0,0,0,0,0,0,0,0,0,0,0,0,0,0,0,0,0,0,0,0,0,0,0,0,9,0,0,0,0,0,40,0,225,0,226,0,0,0,0,0,65,0,1,0,0,0,0,0,12,0,0,0,4,0,0,0,0,0,26,0,4,0,0,0,146,0,0,0,0,0,188,0,0,19,150,0,8,0,0,0,1,0,6,0,0,0,0,0,0,0,0,0,0,0,0,0,0,0,42,0,0,0,0,0,12,0,108,0,0,0,0,94,0,0,0,204,46,319,57,0,0,0
55,23,170,88,0,191,4,0,38,0,66,54,188,56,140,168,0,0,97,236,79,0,119,36,0,0,127,0,0,0,110,0,133,26,147,0,128,0,55,0,73,0,15,0,58,0,74,0,0,0,62,0,0,0,0,0,0,0,0,0,0,0,0,0,11,1,4,0,0,0,0,0,0,0,0,0,0,0,0,0,0,0,0,0,0,0,0,0,0,0,0,0,0,0,0,0,75,0,0,0,0,0,0,0,0,0,0,0,0,0,0,0,0,0,0,0,0,0,1,0,0,0,0,0,0,0,0,0,0,0,0,0,0,0,13,0,0,0,0,0,0,0,0,3,0,0,14,0,0,0,0,0,0,0,0,0,0,0,0,0,0,0,0,0,77,0,238,0,275,0,20,0,320,0,0,0,388,85,215,0,36,0,61,0,41,0,41,0,0,0,0,0,0,0,0,0,0,0,0,0,0,0,0,0,0,0,0,0,0,0,746,456,426,0,238,0,0,0,0,0,0,0,0,0,0
0,111,0,64,191,0,0,17,0,19,0,111,50,148,364,209,0,0,111,318,102,449,22,89,0,21,0,118,0,0,29,117,16,185,51,172,0,113,0,0,0,46,0,46,0,30,0,73,0,0,0,77,0,6,0,0,0,15,0,0,0,0,0,0,0,0,0,0,0,0,0,6,0,0,0,0,0,0,0,0,0,0,0,0,0,41,0,0,0,0,0,0,0,0,0,0,0,0,0,0,0,0,0,0,0,0,0,0,0,0,0,0,0,0,0,0,0,0,0,0,0,0,0,16,0,0,0,0,0,0,0,0,0,0,0,117,0,123,0,6,0,13,0,0,0,0,0,0,0,0,0,17,0,29,0,0,0,0,0,0,0,0,0,0,0,117,0,204,0,0,0,0,0,228,0,0,25,443,0,70,0,47,0,8,0,21,0,11,0,0,0,0,0,0,0,0,0,0,0,0,0,0,0,0,0,0,0,0,0,42,0,0,0,0,174,0,0,0,649,349,714,0,0,0,0
7,31,38,0,4,0,0,80,7,97,5,0,0,0,12,0,15,24,0,0,0,0,13,0,253,109,0,0,50,0,0,0,3,0,0,0,3,0,60,0,0,0,0,0,0,0,0,0,55,0,6,0,24,0,82,0,12,0,0,0,145,0,148,47,3,0,24,0,4,0,0,0,0,0,0,0,0,0,0,0,0,0,0,0,0,0,0,0,0,0,0,0,0,0,0,0,0,0,0,0,0,0,0,0,0,0,0,0,0,0,0,0,0,0,0,0,0,0,0,0,0,0,0,0,10,0,0,0,0,0,18,0,7,0,24,0,25,0,0,0,0,0,0,0,0,0,1,0,12,0,0,0,0,0,1,0,0,0,0,0,8,0,0,0,44,0,8,0,102,0,125,0,196,0,1,0,33,38,0,0,0,0,0,0,1,0,0,0,0,0,0,0,0,0,0,0,0,0,5,0,19,0,0,0,0,0,0,0,4,0,543,112,340,471,544,0,46,1,0,0,0,0,0,0,0
113,15,59,36,0,17,80,0,98,7,0,4,0,0,1,32,53,34,0,20,0,0,34,15,150,343,0,0,25,216,0,0,0,67,0,0,0,0,0,423,0,0,0,0,0,0,0,0,0,0,0,0,6,12,0,35,0,13,0,3,0,71,54,101,0,0,0,1,0,0,0,0,0,0,0,0,0,0,0,0,0,0,0,0,0,0,0,0,0,0,0,0,0,0,0,0,0,0,0,0,0,0,0,0,0,0,0,0,0,0,0,0,0,0,0,0,0,0,0,0,0,0,0,0,0,0,0,0,0,1,0,0,0,0,0,0,0,31,0,0,0,0,0,0,0,0,0,0,0,0,0,0,0,0,0,0,0,0,0,0,0,11,0,0,0,24,0,0,0,66,0,0,0,239,0,0,36,75,0,0,0,0,0,0,0,0,0,0,0,0,0,0,0,0,0,0,0,0,0,0,0,0,0,0,0,0,0,0,0,0,0,0,0,0,319,0,0,0,488,65,441,269,0,102,0
17,14,52,0,38,0,7,98,0,228,11,0,10,0,13,0,0,20,0,0,0,0,0,0,8,143,0,0,0,0,0,0,0,0,0,0,0,0,34,0,0,0,0,0,0,0,0,0,18,0,4,0,84,88,9,177,6,9,6,53,184,0,93,88,40,0,33,36,0,0,0,0,0,0,0,0,0,0,0,0,0,0,0,0,0,0,0,0,0,0,0,0,0,0,0,0,0,0,0,0,0,0,0,0,0,0,0,0,1,0,0,0,0,0,0,0,0,0,0,0,0,0,0,0,25,0,8,0,0,0,33,0,8,0,47,0,31,0,0,0,0,0,19,0,0,0,11,0,48,0,12,0,0,0,5,0,15,0,0,0,7,0,0,0,32,0,0,0,51,4,119,0,64,0,0,0,326,58,5,0,2,0,22,1,22,0,0,0,0,0,0,0,0,0,0,0,0,0,9,0,0,0,0,0,0,0,0,0,16,0,429,136,206,0,319,0,0,0,7,0,0,0,0,0,0
45,47,0,9,0,19,97,7,228,0,0,30,0,4,0,10,23,8,0,35,0,0,0,0,128,40,0,0,0,0,0,0,0,18,0,0,0,29,0,148,0,0,0,0,0,0,0,0,0,0,0,0,68,179,147,34,0,9,0,15,28,261,169,255,0,40,0,84,0,0,0,0,0,0,0,0,0,0,0,0,0,0,0,0,0,0,0,0,0,0,0,0,0,0,0,0,0,0,0,0,0,0,0,0,0,0,0,0,0,0,0,0,0,0,0,0,0,0,0,5,0,0,0,0,0,27,0,3,0,0,0,24,0,0,0,56,0,63,0,0,0,0,0,0,0,0,0,27,0,58,0,70,0,51,2,15,0,71,0,2,0,9,0,2,0,0,0,0,0,0,0,84,0,106,0,0,59,260,0,1,0,0,0,8,3,52,0,0,0,0,0,0,0,0,0,0,0,0,0,29,0,0,0,0,0,0,0,21,0,83,0,0,0,0,428,0,0,0,710,118,355,0,22,91,0
126,0,17,26,66,0,5,0,11,0,0,0,94,0,34,46,0,0,15,0,17,5,14,9,0,0,23,0,0,0,27,2,56,7,13,0,50,0,16,3,30,0,0,0,15,0,33,0,5,0,19,0,0,0,0,0,0,0,0,0,0,0,0,0,0,0,0,0,0,0,0,0,0,0,0,0,0,0,0,0,0,0,0,0,0,0,0,0,0,0,0,0,0,0,0,0,0,0,0,0,0,0,0,0,0,0,0,0,0,0,0,0,0,0,0,0,0,0,0,0,0,0,0,0,0,0,0,0,0,0,0,0,0,0,0,0,0,0,0,0,0,0,0,0,0,0,0,0,0,0,0,0,0,0,0,0,0,0,0,0,0,0,3,0,0,0,52,0,0,0,0,0,88,0,0,0,123,19,92,0,0,0,19,0,6,0,24,0,0,0,0,0,0,0,0,0,0,0,0,0,0,0,0,0,0,0,0,0,0,0,201,151,159,0,56,0,0,0,0,0,0,1,0,0,0
0,77,12,2,54,111,0,4,0,30,0,0,0,154,179,41,0,0,36,57,42,126,0,44,0,0,0,95,0,0,0,77,0,204,6,107,2,128,0,0,0,87,0,30,1,23,0,82,0,19,0,22,0,0,0,0,0,0,0,3,0,0,0,4,0,5,0,0,0,0,0,10,0,0,0,26,0,0,0,0,0,63,0,0,0,59,0,0,0,0,0,0,0,0,0,0,0,6,0,0,0,0,0,0,0,0,0,0,0,0,0,0,0,0,0,0,0,0,0,6,0,30,0,23,0,16,0,0,0,0,0,0,0,0,0,0,0,21,0,0,0,0,0,58,0,0,0,0,0,7,0,13,0,29,0,4,0,8,0,0,0,9,0,0,0,0,0,62,0,0,0,11,0,0,0,37,15,372,0,46,0,80,0,47,0,35,0,0,0,0,0,0,0,0,0,0,0,0,0,0,0,0,0,0,0,0,0,0,0,25,0,0,0,0,0,0,0,0,429,238,256,0,0,0,0
52,0,28,0,188,50,0,0,10,0,94,0,0,219,54,21,9,0,77,177,85,52,55,0,0,0,133,497,0,0,6,0,0,0,108,28,40,0,0,0,138,73,79,111,113,172,224,157,19,0,254,0,0,0,0,0,0,0,0,0,0,0,0,0,0,0,2,0,0,0,11,0,0,0,0,0,0,0,0,0,0,0,0,0,0,0,0,0,0,0,0,0,0,0,0,0,0,0,0,0,0,0,0,0,0,0,0,0,0,0,0,0,0,0,0,0,0,0,0,0,20,0,0,0,0,0,0,0,0,0,0,0,0,0,0,0,0,0,0,0,5,0,0,0,0,0,0,0,0,0,0,0,0,0,0,0,0,0,0,0,0,0,0,0,54,0,16,0,0,0,0,0,0,0,0,0,160,72,136,0,56,0,48,0,14,0,462,0,0,0,0,0,0,0,0,0,0,0,0,0,0,0,0,0,0,0,0,0,0,0,76,226,211,0,0,0,0,0,0,0,0,0,0,0,0
0,30,0,0,56,148,0,0,0,4,0,154,219,0,36,0,0,0,567,44,141,74,0,0,0,0,251,71,0,0,0,0,0,2,48,180,0,38,0,0,36,135,20,117,0,54,0,271,0,72,41,196,0,0,0,0,0,0,0,0,0,0,0,0,0,0,0,0,0,0,0,0,0,0,0,0,0,0,0,10,0,0,0,0,0,20,0,0,0,0,0,0,0,1,0,0,0,0,0,0,0,0,0,0,0,0,0,0,0,0,0,0,0,0,0,0,0,0,0,0,0,27,0,0,0,0,0,0,0,0,0,0,0,0,0,0,0,0,0,0,0,0,0,69,0,0,0,0,0,0,0,0,0,0,0,0,0,0,0,0,0,0,0,0,0,63,0,7,0,0,0,0,0,0,0,0,7,368,0,26,0,40,0,10,0,13,23,75,0,0,0,0,0,0,0,0,0,0,0,0,0,0,0,0,0,0,0,0,0,0,0,6,0,0,43,0,0,0,107,460,418,0,1,0,0
36,29,171,177,140,364,12,1,13,0,34,179,54,36,0,343,56,0,232,250,228,77,366,73,58,6,96,0,3,4,222,0,27,94,118,83,43,57,2,0,19,0,0,8,53,0,45,0,0,0,32,5,8,0,44,0,0,0,0,0,0,0,5,0,0,0,6,0,0,0,0,0,0,0,0,0,0,0,0,0,0,0,0,0,0,0,0,0,0,0,0,0,0,0,0,0,293,0,0,0,0,0,0,0,0,0,0,0,0,0,0,0,0,0,0,0,0,0,0,0,0,2,0,0,0,0,0,0,0,0,7,0,0,0,57,0,147,0,0,0,0,0,182,0,0,0,0,0,39,0,0,0,55,0,34,0,0,0,0,0,13,0,0,0,21,0,277,0,0,0,0,1,121,0,0,0,244,107,37,0,0,1,43,0,43,0,0,0,0,0,0,0,0,0,0,0,0,0,0,0,255,0,0,0,16,0,0,0,0,0,226,390,186,0,0,0,0,0,25,18,35,0,0,0,0
0,59,68,323,168,209,0,32,0,10,46,41,21,0,343,0,4,20,16,333,54,336,72,107,0,23,0,108,0,11,15,51,20,28,12,61,0,44,0,0,0,0,0,26,0,21,0,0,0,0,0,31,0,16,0,51,0,51,0,0,0,0,0,12,0,0,0,0,0,0,0,0,0,0,0,0,0,0,0,0,0,0,0,0,0,214,0,0,0,0,0,0,0,0,0,0,0,73,0,0,0,0,0,0,0,0,0,0,0,0,0,0,0,0,0,0,0,0,0,0,0,0,0,0,0,0,0,0,0,0,0,0,0,0,0,304,0,305,0,0,0,0,0,216,0,0,0,0,0,0,0,0,0,0,0,25,0,0,0,0,0,0,0,0,0,9,0,88,0,47,0,10,0,91,0,0,18,118,0,7,0,0,0,0,0,0,0,0,0,0,0,0,0,0,0,0,0,0,0,0,0,78,0,0,0,0,0,0,0,53,0,0,0,0,0,0,0,0,81,224,140,39,0,0,0
33,29,68,16,0,0,15,53,0,23,0,0,9,0,56,4,0,23,53,0,164,0,74,13,55,65,57,0,225,0,37,0,30,6,15,0,6,0,89,13,0,0,8,0,53,0,23,0,0,0,0,0,73,0,18,0,0,1,0,0,27,0,99,0,0,0,0,0,0,0,0,0,0,0,6,0,0,0,0,0,43,0,0,0,430,0,22,0,0,0,143,0,0,0,0,0,474,0,88,0,0,0,0,0,0,0,102,0,0,0,0,0,0,0,0,0,0,0,0,0,0,0,158,0,0,0,0,0,20,0,0,0,11,0,0,0,106,0,64,0,212,0,383,0,0,0,0,0,0,0,0,0,0,0,50,0,0,0,0,0,0,0,0,0,0,0,4,0,0,0,0,0,46,0,0,0,51,11,0,0,0,0,13,0,0,0,0,0,0,0,0,0,0,0,0,0,0,0,0,0,0,0,0,0,0,0,0,0,0,0,0,115,39,0,0,0,0,0,0,0,0,0,0,0,0
57,16,43,8,0,0,24,34,20,8,0,0,0,0,0,20,23,0,0,0,0,80,40,98,45,177,0,0,5,143,0,12,0,81,0,6,0,0,0,117,0,0,0,0,0,0,0,0,0,0,0,0,0,34,0,11,0,68,0,0,0,0,9,77,0,0,0,0,0,0,0,0,0,0,0,0,0,0,0,0,0,0,0,0,0,90,0,0,0,0,0,0,0,0,0,0,0,7,0,0,0,0,0,0,0,0,0,0,0,0,0,0,0,0,0,0,0,0,0,0,0,4,0,0,0,0,0,0,0,114,0,0,0,46,0,36,0,165,0,141,0,121,0,192,0,0,0,0,0,0,0,0,0,0,0,69,0,0,0,30,0,0,0,0,0,0,0,0,0,0,0,0,4,23,0,0,0,30,0,4,0,0,0,0,0,0,0,0,0,0,0,0,0,0,0,0,0,0,0,1,0,0,0,0,0,0,0,0,0,0,0,1,0,0,0,0,0,0,0,89,30,0,0,0,0
4,0,43,0,97,111,0,0,0,0,15,36,77,567,232,16,53,0,0,432,204,122,146,0,0,0,177,794,0,0,44,0,0,0,203,110,36,0,0,0,50,66,24,159,52,88,33,129,3,0,152,78,0,0,0,0,0,0,0,0,0,0,3,0,0,0,0,0,0,0,0,0,0,0,0,0,0,0,0,0,0,0,0,0,0,0,0,0,0,0,0,0,0,0,0,0,0,0,103,0,0,0,0,0,0,0,0,0,0,0,0,0,0,0,0,0,0,0,0,0,0,0,0,0,0,0,0,0,0,0,0,0,0,0,0,0,0,0,0,0,0,0,0,0,0,0,0,0,9,0,0,0,0,0,0,0,0,0,0,0,0,0,0,1,64,0,69,0,95,0,0,0,0,0,0,0,78,62,18,0,0,0,13,0,0,0,113,0,0,0,0,0,0,0,0,0,0,0,0,0,0,0,0,0,0,0,0,0,0,0,100,166,160,23,41,0,0,0,0,68,0,0,0,0,0
0,90,0,80,236,318,0,20,0,35,0,57,177,44,250,333,0,0,432,0,192,672,0,33,0,0,23,221,0,0,35,88,0,13,120,308,0,47,0,0,0,8,0,111,0,44,0,113,0,2,0,138,0,0,0,0,0,0,0,3,0,0,0,20,0,0,0,0,0,0,0,0,0,0,0,0,0,0,0,0,0,0,0,0,0,157,0,0,0,0,0,0,0,0,0,0,0,0,0,0,1,0,0,0,0,0,0,0,0,0,0,0,0,0,0,0,0,0,0,0,0,57,0,34,0,0,0,0,0,0,0,0,0,17,0,0,0,202,0,0,0,0,0,236,0,0,0,0,0,27,0,0,0,0,0,0,0,0,0,0,0,0,0,0,0,98,0,59,0,0,0,0,0,31,0,0,0,157,9,21,0,0,0,0,0,43,3,17,0,0,0,0,0,0,0,0,0,0,0,0,0,0,0,0,0,0,0,0,0,120,0,0,32,0,87,0,0,0,174,186,264,68,0,0,0
0,7,41,25,79,102,0,0,0,0,17,42,85,141,228,54,164,0,204,192,0,0,108,8,10,9,200,188,0,2,168,16,88,18,90,0,11,16,6,0,5,9,36,25,82,8,42,0,0,2,58,17,0,0,4,0,0,0,0,0,0,0,12,0,0,0,0,0,0,0,51,0,0,0,58,0,0,0,0,0,163,0,0,0,510,0,127,0,0,0,0,0,0,0,0,0,418,0,271,0,0,0,0,0,0,0,0,0,0,0,0,0,0,0,0,0,0,0,0,0,166,0,240,0,0,0,0,0,0,0,0,0,0,0,0,0,0,0,32,0,149,0,205,0,32,0,0,0,0,0,0,0,0,1,13,0,0,0,9,0,0,0,0,0,0,0,35,0,75,0,0,0,24,0,0,0,35,24,14,0,0,0,0,0,0,0,22,0,0,0,0,0,0,0,0,0,0,0,0,0,0,0,0,0,0,0,0,0,0,0,90,315,102,0,27,0,0,0,0,15,0,0,0,0,0
0,0,0,97,0,449,0,0,0,0,5,126,52,74,77,336,0,80,122,672,0,0,4,153,0,20,0,221,0,117,0,27,0,61,29,131,0,78,0,3,0,0,0,53,0,24,0,22,0,0,0,64,0,38,0,0,0,49,0,0,0,8,0,105,0,0,0,0,0,0,0,9,0,0,0,17,0,0,0,0,0,0,0,0,0,295,0,0,0,0,0,0,0,0,0,0,0,21,0,0,0,0,0,0,0,0,0,0,0,0,0,0,0,0,0,0,0,0,0,0,0,63,0,0,0,0,0,0,0,0,0,0,0,0,0,0,0,193,0,188,0,395,0,714,0,18,0,0,0,0,0,0,0,0,0,0,0,0,0,0,0,0,0,0,0,12,2,10,0,0,0,0,0,0,0,0,0,191,0,12,0,0,0,0,0,0,0,23,0,0,0,0,0,0,0,0,0,0,0,0,0,0,0,0,0,0,0,0,0,0,0,0,0,1,0,0,0,0,41,245,32,0,0,0,0
20,126,388,129,119,22,13,34,0,0,14,0,55,0,366,72,74,40,146,0,108,4,0,90,51,150,0,0,76,10,48,0,29,33,0,0,0,32,52,41,45,0,0,0,140,0,86,0,0,0,21,0,26,0,53,0,10,0,0,0,0,0,21,1,0,0,0,0,0,0,0,0,0,0,0,0,0,0,0,0,0,0,0,0,307,0,0,0,0,0,214,0,0,0,0,0,568,0,0,0,0,0,0,0,0,0,211,0,0,0,0,0,0,0,0,0,2,0,0,0,0,0,0,0,0,0,0,0,0,0,0,3,0,0,0,0,147,0,8,0,30,0,245,0,0,0,0,0,0,0,0,0,0,0,84,0,0,0,32,0,20,0,0,0,0,0,8,0,49,0,2,0,30,0,0,0,145,42,17,0,0,0,24,0,6,0,0,0,0,0,0,0,0,0,0,0,0,0,0,0,193,0,0,0,0,0,0,0,0,0,40,196,82,0,0,0,0,0,20,0,15,0,0,0,0
42,51,72,265,36,89,0,15,0,0,9,44,0,0,73,107,13,98,0,33,8,153,90,0,6,37,0,0,0,183,0,32,6,149,1,12,0,37,0,29,0,0,0,0,0,0,0,0,0,0,0,0,0,21,0,4,0,29,0,0,0,0,0,36,0,0,0,0,0,0,0,0,0,0,0,0,0,0,0,0,0,127,0,0,0,158,0,0,0,0,0,0,0,0,0,0,0,23,0,94,0,14,0,0,0,0,0,0,0,0,0,0,0,0,0,0,0,0,0,0,0,0,0,10,0,0,0,0,0,0,0,0,0,0,0,0,0,101,0,0,0,38,0,257,0,4,0,0,0,0,0,0,0,0,0,19,0,0,0,0,0,0,0,0,0,5,0,86,2,0,0,8,0,115,0,0,0,122,0,18,0,0,0,0,0,0,0,0,0,0,0,0,0,0,0,0,0,0,0,0,0,0,0,0,0,0,0,0,0,0,17,0,0,0,19,0,0,0,76,341,119,0,0,2,0
6,75,144,0,0,0,253,150,8,128,0,0,0,0,58,0,55,45,0,0,10,0,51,6,0,221,0,0,108,0,23,0,0,0,0,0,1,8,78,0,0,0,0,0,0,0,0,0,12,0,0,0,119,12,78,27,22,0,6,0,34,15,53,68,0,0,0,0,0,0,0,0,0,0,0,0,0,0,0,0,0,0,0,0,0,0,0,0,0,0,88,0,0,0,0,0,237,0,23,0,0,0,0,0,0,0,81,0,0,0,0,0,0,0,0,0,0,0,0,0,0,1,0,0,0,1,0,0,27,0,0,0,0,0,0,0,118,0,0,0,31,0,150,0,0,0,1,0,0,0,0,0,0,0,79,0,0,0,36,0,14,2,0,0,0,0,0,0,25,0,11,0,82,0,1,0,58,0,0,0,0,0,0,0,0,0,0,0,0,0,0,0,0,0,0,0,0,0,0,0,106,0,0,0,0,0,0,0,0,0,73,116,96,0,94,0,0,0,0,0,0,0,0,0,0
190,14,124,235,0,21,109,343,143,40,0,0,0,0,6,23,65,177,0,0,9,20,150,37,221,0,0,0,30,155,4,0,0,0,0,0,0,21,34,108,0,0,0,0,0,0,0,0,0,0,0,0,0,72,19,140,0,166,0,11,0,17,73,19,0,0,1,0,0,0,0,0,0,0,0,0,0,0,0,0,0,0,0,0,0,116,0,8,0,0,0,0,0,0,0,0,0,25,0,0,0,0,0,0,0,0,0,0,0,0,0,0,0,0,0,0,0,0,0,0,0,0,0,0,0,0,0,0,0,29,0,0,0,74,0,262,0,249,0,43,0,54,0,187,0,0,0,0,0,0,0,0,0,0,0,28,0,0,0,0,0,16,0,0,0,0,0,0,0,32,0,42,7,69,0,0,33,146,0,0,0,0,0,0,0,0,0,0,0,0,0,0,0,0,0,0,0,0,0,0,0,32,0,0,0,0,0,0,0,22,0,0,0,0,52,0,0,0,60,291,128,79,0,0,1
14,0,0,0,127,0,0,0,0,0,23,0,133,251,96,0,57,0,177,23,200,0,0,0,0,0,0,520,0,0,51,0,7,0,45,0,48,0,0,0,36,187,160,187,293,432,120,339,40,0,194,0,0,0,0,0,0,0,0,0,0,0,0,0,0,0,0,0,0,0,40,0,0,0,0,0,0,0,0,0,0,0,0,0,0,1,0,0,0,0,0,0,0,0,0,0,0,0,0,0,0,0,0,0,0,0,0,0,0,0,0,0,0,0,0,0,0,0,0,0,85,0,0,0,0,0,0,0,0,0,0,0,0,0,0,0,0,0,0,0,0,0,0,0,0,0,0,0,0,0,0,0,0,0,0,0,2,0,0,0,0,0,0,0,45,0,0,0,0,0,0,0,0,0,0,0,0,16,0,0,0,0,8,0,5,0,106,2,0,0,0,0,0,0,0,0,0,0,0,0,0,0,0,0,0,0,0,0,0,0,24,223,119,0,0,0,0,4,0,0,0,0,0,0,0
0,39,0,0,0,118,0,0,0,0,0,95,497,71,0,108,0,0,794,221,188,221,0,0,0,0,520,0,0,0,0,27,0,0,33,182,0,0,0,0,117,5,50,287,38,300,0,109,0,19,76,335,0,0,0,0,0,0,0,4,0,0,0,0,0,0,0,0,0,0,0,0,0,0,0,0,0,0,0,0,0,0,0,0,0,174,0,0,0,0,0,0,0,0,0,0,0,0,0,0,0,0,0,0,0,0,0,0,0,0,0,0,0,0,0,0,0,0,0,0,0,60,0,0,0,0,0,0,0,0,0,0,0,0,0,0,0,0,0,0,0,0,0,433,0,0,0,0,0,0,0,0,0,0,0,0,0,0,0,0,0,0,0,0,0,41,0,0,0,0,0,0,0,0,0,0,0,143,0,16,0,10,0,0,0,0,15,39,0,0,0,0,0,0,0,0,0,0,0,0,0,0,0,0,0,0,0,0,0,0,0,0,0,0,0,0,0,0,0,304,341,0,0,0,0
77,0,199,0,0,0,50,25,0,0,0,0,0,0,3,0,225,5,0,0,0,0,76,0,108,30,0,0,0,0,0,0,4,0,0,0,1,0,0,0,0,0,3,0,0,0,0,0,0,0,0,0,3,0,0,0,0,0,0,0,13,0,16,3,0,0,0,0,0,0,5,0,0,0,0,0,0,0,0,0,0,0,0,0,41,0,4,0,0,0,0,0,0,0,0,0,0,0,0,0,6,0,2,0,0,0,0,0,0,0,0,0,0,0,0,0,0,0,0,0,35,0,61,0,0,0,0,0,3,0,0,0,0,0,0,0,14,0,82,0,129,0,70,0,32,0,0,0,0,0,0,0,0,0,8,0,0,0,5,0,0,0,0,0,0,0,0,0,0,0,0,0,0,0,0,0,41,0,0,0,0,0,34,0,0,0,0,0,0,0,0,0,0,0,0,0,0,0,0,0,0,0,0,0,0,0,0,0,0,0,0,29,0,0,0,0,0,0,0,0,0,0,0,0,0
8,64,17,37,0,0,0,216,0,0,0,0,0,0,4,11,0,143,0,0,2,117,10,183,0,155,0,0,0,0,2,21,0,60,0,36,0,7,0,19,0,0,0,0,0,0,0,0,0,0,0,0,0,31,0,23,0,20,0,0,0,19,0,39,0,0,0,0,0,0,0,0,0,0,0,0,0,0,0,0,0,21,0,0,0,31,0,0,0,0,0,0,0,0,0,0,0,0,0,0,0,0,0,0,0,0,0,0,0,0,0,0,0,0,0,0,0,0,0,0,0,0,0,0,0,0,0,0,0,82,0,0,0,0,0,0,0,74,0,132,0,183,0,109,0,11,0,0,0,0,0,0,0,0,0,28,0,4,3,13,0,0,0,0,0,0,0,0,0,0,0,0,0,0,0,0,0,58,0,0,0,0,0,6,0,0,0,0,0,0,0,0,0,0,0,0,0,0,0,0,0,8,0,0,0,0,0,0,0,0,0,0,0,0,0,0,0,0,0,28,0,0,0,0,0
43,0,92,0,110,29,0,0,0,0,27,0,6,0,222,15,37,0,44,35,168,0,48,0,23,4,51,0,0,2,0,0,15,0,142,0,53,0,1,0,6,0,99,0,45,0,0,0,4,0,51,0,0,0,0,0,0,0,0,0,0,0,10,0,0,0,0,0,4,0,36,0,0,0,34,0,0,0,0,0,101,0,0,0,189,0,0,0,0,0,0,0,0,0,0,0,145,0,158,0,0,0,0,0,0,0,0,0,0,0,0,0,0,0,0,0,0,0,0,0,124,0,124,0,0,0,0,0,0,0,0,0,0,0,0,0,13,0,40,0,142,0,107,0,40,0,0,0,0,0,0,0,0,0,0,0,1,0,0,0,0,0,0,0,0,0,13,0,0,0,0,0,7,0,0,0,26,8,24,0,0,0,12,0,0,0,0,0,0,0,0,0,0,0,0,0,0,0,0,0,0,0,0,0,0,0,0,0,0,0,37,201,29,0,13,0,0,0,0,0,0,0,0,0,0
0,10,0,38,0,117,0,0,0,0,2,77,0,0,0,51,0,12,0,88,16,27,0,32,0,0,0,27,0,21,0,0,1,2,0,1,0,17,0,0,0,0,0,0,0,0,0,0,0,0,0,8,0,7,0,0,0,0,0,0,0,6,0,13,0,0,0,0,0,0,0,0,0,0,0,0,0,0,0,0,0,0,0,0,0,0,0,0,0,0,0,0,0,0,0,0,0,0,0,27,0,0,0,0,0,0,0,0,0,0,0,0,0,0,0,0,0,0,0,0,0,13,0,0,0,0,0,0,0,9,0,0,0,0,0,0,0,0,0,76,0,160,0,216,0,0,0,0,0,0,0,0,0,0,0,5,0,0,0,0,0,0,0,0,0,4,0,15,0,0,0,0,0,0,0,0,0,78,0,6,0,0,0,0,0,0,0,11,0,0,0,0,0,0,0,0,0,0,0,0,0,0,0,0,0,0,0,0,0,0,0,0,0,0,0,0,0,0,0,48,20,0,0,0,0
69,0,175,18,133,16,3,0,0,0,56,0,0,0,27,20,30,0,0,0,88,0,29,6,0,0,7,0,4,0,15,1,0,0,26,0,151,0,3,0,0,0,13,0,30,1,0,0,0,0,23,0,0,0,0,1,0,0,0,0,9,0,14,0,0,0,0,0,0,0,34,0,0,0,26,0,0,0,0,0,0,0,0,0,72,0,31,0,0,0,0,0,0,0,0,0,0,0,0,0,0,0,0,0,0,0,0,0,0,0,0,0,0,0,0,0,0,0,0,0,53,0,72,0,0,0,0,0,0,0,0,0,0,0,0,0,0,0,64,0,92,0,43,0,61,0,0,0,0,0,0,0,0,0,0,0,12,0,0,0,0,0,0,0,0,0,21,0,23,0,0,0,30,0,0,0,34,6,36,0,0,0,17,0,0,0,0,0,0,0,0,0,0,0,0,0,0,0,0,0,0,0,0,0,0,0,0,0,0,0,38,193,20,6,18,0,0,0,0,0,0,0,0,0,0
0,208,24,287,26,185,0,67,0,18,7,204,0,2,94,28,6,81,0,13,18,61,33,149,0,0,0,0,0,60,0,2,0,0,1,10,0,109,0,0,0,0,0,3,0,0,0,0,0,0,0,6,0,6,0,0,0,0,0,0,0,9,0,11,0,0,0,0,0,0,0,0,0,0,0,0,0,0,0,0,0,0,0,0,0,0,0,0,0,0,0,0,0,0,0,0,0,0,0,0,0,0,0,0,0,0,0,0,0,0,0,0,0,0,0,0,0,0,0,0,0,0,0,0,0,0,0,0,0,10,0,0,0,0,0,0,0,0,0,44,0,60,0,102,0,6,0,0,0,0,0,0,0,0,0,9,0,0,0,0,0,0,0,2,0,0,0,36,0,0,0,0,0,21,0,0,0,224,2,71,0,0,0,6,0,0,0,4,0,0,0,0,0,0,0,0,0,0,0,0,0,0,0,0,0,0,0,0,0,0,0,0,0,0,0,0,0,0,8,288,22,0,3,0,0
6,0,0,0,147,51,0,0,0,0,13,6,108,48,118,12,15,0,203,120,90,29,0,1,0,0,45,33,0,0,142,0,26,1,0,25,147,0,0,0,3,3,82,0,13,0,0,0,5,0,151,0,0,0,0,0,0,0,0,0,0,0,0,0,0,0,0,0,0,0,38,0,0,0,43,0,0,0,0,0,0,0,0,0,105,0,0,0,0,0,0,0,0,0,0,0,0,0,145,0,0,0,0,0,0,0,0,0,0,0,0,0,0,0,0,0,0,0,0,0,0,0,0,0,0,0,0,0,0,0,0,0,0,0,0,0,0,0,3,0,0,0,0,0,0,0,0,0,0,0,0,0,0,0,0,0,0,0,0,0,0,0,0,0,90,0,71,0,77,0,0,0,22,0,0,0,36,0,34,0,0,0,0,0,0,0,16,1,0,0,0,0,0,0,0,0,0,0,0,0,0,0,0,0,0,0,0,0,0,0,70,179,180,21,23,0,1,0,3,8,0,0,0,1,0
0,19,0,0,0,172,0,0,0,0,0,107,28,180,83,61,0,6,110,308,0,131,0,12,0,0,0,182,0,36,0,1,0,10,25,0,0,201,0,3,0,0,0,46,0,0,0,11,0,0,0,71,0,0,0,0,0,0,0,0,0,9,0,9,0,0,0,0,0,0,0,5,0,0,0,0,0,0,0,0,0,0,0,0,0,0,0,0,0,0,0,0,0,0,0,0,0,0,0,0,0,0,0,0,0,0,0,0,0,0,0,0,0,0,0,0,0,0,0,0,0,19,0,0,0,0,0,0,0,29,0,0,0,0,0,0,0,0,0,120,0,343,0,424,0,40,0,0,0,0,0,0,0,0,0,0,0,0,0,0,0,0,0,0,0,54,0,82,0,45,0,0,0,63,0,0,0,119,0,32,0,0,0,0,0,0,0,73,0,0,0,0,0,0,0,0,0,0,0,0,0,0,0,0,0,0,0,0,0,0,0,0,0,0,14,0,0,0,0,158,97,0,0,0,0
30,0,72,0,128,0,3,0,0,0,50,2,40,0,43,0,6,0,36,0,11,0,0,0,1,0,48,0,1,0,53,0,151,0,147,0,0,0,22,0,10,0,112,0,111,0,0,0,9,0,52,0,0,0,0,0,0,0,0,0,0,0,4,0,0,0,0,0,0,0,130,0,0,0,114,0,0,0,30,0,0,0,0,0,0,0,96,0,0,0,0,0,0,0,0,0,0,0,195,0,0,0,0,0,0,0,0,0,0,0,0,0,0,0,0,0,0,0,0,0,173,0,0,0,0,0,0,0,1,0,0,0,0,0,0,0,0,0,112,0,125,0,37,0,174,0,0,0,0,0,0,0,0,0,14,0,42,0,0,0,0,0,38,0,29,0,37,0,83,0,22,0,37,0,0,0,13,0,16,0,0,0,0,0,4,0,0,0,0,0,0,0,0,0,0,0,0,0,0,0,0,0,0,0,0,0,0,0,0,0,43,125,64,17,9,0,0,0,0,0,0,0,0,0,0
0,183,19,80,0,113,0,0,0,29,0,128,0,38,57,44,0,0,0,47,16,78,32,37,8,21,0,0,0,7,0,17,0,109,0,201,0,0,0,25,0,3,0,62,0,7,0,0,0,0,0,70,0,0,0,0,0,0,0,0,0,22,0,5,0,0,0,0,0,0,0,1,0,0,0,0,0,1,0,3,0,0,0,0,0,0,0,0,0,0,1,0,0,0,0,0,0,0,0,0,0,0,0,0,0,0,0,0,0,0,0,0,0,0,0,0,0,0,0,0,0,0,0,0,0,0,0,0,0,0,0,3,0,0,0,0,0,0,0,124,0,286,0,180,0,136,0,0,0,0,0,0,0,0,0,0,0,13,0,0,0,0,0,0,0,19,0,34,0,50,0,11,0,99,0,0,0,157,0,35,0,0,0,12,0,6,0,13,0,0,0,0,0,0,0,0,0,0,0,0,0,0,0,0,0,0,0,0,0,0,0,0,0,0,0,0,0,0,14,201,75,15,0,0,0
280,0,386,0,55,0,60,0,34,0,16,0,0,0,2,0,89,0,0,0,6,0,52,0,78,34,0,0,0,0,1,0,3,0,0,0,22,0,0,0,0,0,0,0,7,0,1,0,0,0,5,0,4,0,0,1,0,0,0,0,9,0,18,2,0,0,0,0,0,0,2,0,0,0,0,0,0,0,0,0,0,0,0,0,0,0,0,0,0,0,0,0,0,0,0,0,0,0,0,0,0,0,0,0,0,0,0,0,0,0,0,0,0,0,0,0,0,0,0,0,0,0,16,0,0,0,0,0,0,0,0,0,0,0,0,0,0,0,88,0,55,0,0,0,53,0,0,0,0,0,0,0,0,0,21,0,51,0,3,0,0,0,6,0,1,0,10,0,0,1,6,0,15,0,0,0,72,13,0,0,0,0,60,0,8,0,0,0,0,0,0,0,0,0,0,0,0,0,0,0,0,0,0,0,0,0,0,0,0,0,17,215,10,12,0,0,0,0,0,0,0,0,0,0,0
23,219,23,99,0,0,0,423,0,148,3,0,0,0,0,0,13,117,0,0,0,3,41,29,0,108,0,0,0,19,0,0,0,0,0,3,0,25,0,0,0,0,0,0,0,0,0,0,0,0,0,0,0,4,0,14,0,0,0,0,0,9,0,23,0,0,0,0,0,0,0,0,0,0,0,0,0,0,0,0,0,0,0,0,0,0,0,0,0,0,0,0,0,0,0,0,0,0,0,0,0,0,0,0,0,0,0,0,0,0,0,0,0,1,0,0,0,0,0,0,0,0,0,0,0,0,0,0,0,4,0,0,0,0,0,0,0,0,0,51,0,26,0,0,0,25,0,0,0,0,0,0,1,0,0,7,0,9,0,4,0,0,0,0,0,0,0,0,0,0,0,9,0,15,0,0,0,193,0,6,0,0,0,28,0,0,0,0,0,0,0,0,0,0,0,0,0,0,0,0,0,0,0,0,0,0,0,0,0,0,0,0,0,0,0,0,0,0,0,198,19,13,1,0,0
8,0,14,0,73,0,0,0,0,0,30,0,138,36,19,0,0,0,50,0,5,0,45,0,0,0,36,117,0,0,6,0,0,0,3,0,10,0,0,0,0,105,67,0,81,206,178,202,96,27,71,0,0,0,0,0,0,0,2,0,0,0,0,0,0,0,0,0,0,0,0,0,0,0,0,0,0,0,0,0,0,0,0,0,0,0,0,0,0,0,0,0,0,0,0,0,0,0,46,0,0,0,0,0,0,0,0,0,0,0,0,0,0,0,0,0,0,0,0,0,18,0,0,0,0,0,0,0,0,0,0,0,0,0,0,0,0,0,0,0,0,0,0,0,1,0,0,0,0,0,0,0,0,0,0,0,0,0,0,0,0,0,0,0,0,0,6,0,0,0,0,0,0,0,0,0,21,18,22,0,0,0,26,0,0,0,152,0,0,0,0,0,0,0,0,0,0,0,0,0,0,0,0,0,0,0,0,0,0,0,17,113,73,3,8,0,0,4,0,0,0,0,0,0,0
0,14,0,0,0,46,0,0,0,0,0,87,73,135,0,0,0,0,66,8,9,0,0,0,0,0,187,5,0,0,0,0,0,0,3,0,0,3,0,0,105,0,37,59,57,153,82,69,0,79,16,50,0,0,0,0,0,0,0,1,0,0,0,0,0,0,0,0,0,5,0,0,0,0,0,0,0,0,0,0,0,0,0,0,0,0,0,0,0,0,0,0,0,0,0,7,0,0,0,0,0,0,0,0,0,0,0,0,0,0,0,0,0,0,0,0,0,0,0,0,0,0,0,0,0,0,0,0,0,0,0,0,0,0,0,0,0,0,0,0,0,0,0,0,0,0,0,0,0,1,0,0,0,0,0,0,0,0,0,0,0,0,0,0,0,25,0,0,0,0,0,0,0,0,0,0,0,119,0,22,0,0,0,0,0,4,20,22,0,0,0,0,0,0,0,0,0,0,0,0,0,0,0,0,0,0,0,0,0,3,0,3,0,0,0,0,0,0,0,166,48,4,0,0,40
0,0,0,0,15,0,0,0,0,0,0,0,79,20,0,0,8,0,24,0,36,0,0,0,0,0,160,50,3,0,99,0,13,0,82,0,112,0,0,0,67,37,0,0,153,65,125,48,34,3,64,0,0,0,0,0,1,0,0,0,0,0,0,0,0,1,0,0,0,0,52,0,15,0,55,0,0,0,0,0,121,0,0,0,0,0,0,0,0,0,0,0,0,0,0,0,0,0,126,0,0,0,0,0,0,0,0,0,0,0,0,0,0,0,0,0,0,0,0,0,84,0,0,0,0,0,0,0,0,0,0,0,0,0,0,0,0,0,0,0,0,0,0,0,36,0,0,0,0,0,0,0,0,0,0,0,7,0,1,0,0,0,15,0,15,0,29,0,21,0,0,0,11,0,0,0,0,0,0,0,0,0,4,0,0,0,21,0,0,0,0,0,0,0,0,0,0,0,0,0,0,0,0,0,0,0,0,0,0,0,39,156,68,0,13,0,0,8,0,0,0,0,0,0,0
0,0,0,0,0,46,0,0,0,0,0,30,111,117,8,26,0,0,159,111,25,53,0,0,0,0,187,287,0,0,0,0,0,3,0,46,0,62,0,0,0,59,0,0,13,205,0,109,0,13,26,67,0,0,0,0,0,0,0,0,0,0,0,0,0,0,0,0,0,0,0,0,0,0,0,0,0,0,0,0,0,0,0,0,0,68,0,0,0,0,0,0,0,0,0,0,0,0,2,0,0,0,0,0,0,0,0,0,0,0,0,0,0,0,0,0,0,0,0,0,0,0,0,0,0,0,0,0,0,0,0,0,0,0,0,0,0,0,0,0,0,204,0,328,0,37,0,0,0,0,0,0,0,0,0,0,0,0,0,0,0,0,0,3,0,19,0,24,0,0,0,11,0,11,0,0,0,30,0,0,0,0,0,0,0,0,0,29,0,0,0,0,0,0,0,0,0,0,0,0,0,0,0,0,0,0,0,0,0,0,0,0,0,0,0,0,0,0,38,179,116,0,0,0,0
13,0,33,0,58,0,0,0,0,0,15,1,113,0,53,0,53,0,52,0,82,0,140,0,0,0,293,38,0,0,45,0,30,0,13,0,111,0,7,0,81,57,153,13,0,131,183,109,223,49,98,0,0,0,0,0,0,0,0,0,0,0,4,0,0,0,0,0,0,0,163,0,33,0,178,0,0,0,64,0,390,0,0,0,506,0,235,0,0,0,0,0,0,0,0,0,588,0,645,0,0,0,0,0,0,0,0,0,0,0,0,0,1,0,0,0,1,0,0,0,256,0,0,0,0,0,0,0,0,0,0,0,0,0,0,0,0,0,0,0,0,0,0,0,47,0,0,0,0,0,0,0,0,0,0,0,5,0,0,0,0,0,41,0,74,0,76,0,133,0,18,0,20,0,0,0,21,16,31,0,0,0,12,0,14,0,79,2,0,0,0,0,0,0,0,0,0,0,0,0,0,0,0,0,0,0,0,0,0,0,82,195,138,43,42,0,6,27,0,9,0,0,0,0,1
0,0,0,41,0,30,0,0,0,0,0,23,172,54,0,21,0,0,88,44,8,24,0,0,0,0,432,300,0,0,0,0,1,0,0,0,0,7,0,0,206,153,65,205,131,0,165,436,10,129,47,115,0,0,0,0,0,23,0,0,0,0,0,0,0,0,0,0,0,27,0,12,0,0,0,0,0,19,0,0,0,116,0,43,0,107,0,0,0,0,0,0,0,18,0,22,0,0,0,0,0,0,0,0,0,0,0,0,0,0,0,0,0,0,0,0,0,0,0,0,0,0,0,0,0,0,0,0,0,0,0,0,0,0,0,0,0,0,0,0,0,0,0,343,0,0,0,0,0,0,0,0,0,0,0,0,0,0,0,0,0,0,0,0,0,68,0,0,0,137,0,16,0,14,0,0,0,12,0,0,0,0,0,0,0,0,14,17,0,0,0,0,0,0,0,0,0,0,0,0,0,0,0,0,0,0,0,0,0,0,0,12,0,0,12,0,0,0,25,246,173,15,0,0,62
18,0,16,0,74,0,0,0,0,0,33,0,224,0,45,0,23,0,33,0,42,0,86,0,0,0,120,0,0,0,0,0,0,0,0,0,0,0,1,0,178,82,125,0,183,165,0,163,118,72,55,0,0,0,0,0,0,0,0,0,0,0,0,0,0,0,0,0,0,0,0,0,0,0,0,0,0,0,0,0,0,0,0,0,0,0,0,0,0,0,0,0,0,0,0,0,0,0,0,0,0,0,0,0,0,0,0,0,0,0,0,0,0,0,0,0,0,0,0,0,0,0,0,0,0,0,0,0,0,0,0,0,0,0,0,0,0,0,0,0,0,0,0,0,0,0,0,0,0,0,0,0,0,0,0,0,0,0,0,0,0,0,0,0,0,0,0,0,0,0,0,0,0,0,0,0,11,19,39,0,0,0,0,0,0,0,152,0,0,0,0,0,0,0,0,0,0,0,0,0,0,0,0,0,0,0,0,0,0,0,0,268,58,0,0,0,0,20,0,6,0,0,0,0,0
0,27,0,0,0,73,0,0,0,0,0,82,157,271,0,0,0,0,129,113,0,22,0,0,0,0,339,109,0,0,0,0,0,0,0,11,0,0,0,0,202,69,48,109,109,436,163,0,6,89,39,86,0,0,0,0,0,0,0,0,0,0,0,0,0,0,0,0,0,6,0,0,0,0,0,0,0,0,0,0,0,0,0,0,0,0,0,0,0,0,0,0,0,0,0,0,0,0,0,0,0,0,0,0,0,0,0,0,0,0,0,0,0,0,0,0,0,0,0,0,0,0,0,0,0,0,0,0,0,0,0,0,0,0,0,0,0,0,0,0,0,0,0,0,0,0,0,0,0,0,0,0,0,0,0,0,0,0,0,0,0,0,0,0,0,28,0,0,0,0,0,0,0,0,0,0,0,94,0,0,0,0,0,0,0,0,24,21,0,0,0,0,0,0,0,0,0,0,0,0,0,0,0,0,0,0,0,0,0,0,0,5,0,0,0,0,0,0,0,374,158,0,0,0,78
0,0,56,0,0,0,55,0,18,0,5,0,19,0,0,0,0,0,3,0,0,0,0,0,12,0,40,0,0,0,4,0,0,0,5,0,9,0,0,0,96,0,34,0,223,10,118,6,0,17,18,0,0,0,40,0,84,0,59,0,12,0,2,0,0,0,0,0,26,0,0,0,0,0,0,0,8,0,9,0,5,0,85,0,0,0,14,0,1,0,0,0,16,0,68,0,0,0,11,0,17,0,80,0,0,0,0,0,0,0,0,0,0,0,0,0,0,0,0,0,0,0,4,0,0,5,4,0,0,0,0,0,0,0,0,0,0,0,0,0,0,0,0,0,0,0,0,0,0,0,0,0,0,3,0,0,0,0,6,0,13,0,15,0,39,0,2,0,56,0,9,0,17,0,0,0,49,9,30,0,0,0,7,0,7,0,112,0,129,0,0,0,43,0,23,0,0,0,0,0,20,0,47,0,0,0,0,0,0,0,43,132,145,8,91,25,12,7,0,0,0,0,0,0,1
0,0,0,0,0,0,0,0,0,0,0,19,0,72,0,0,0,0,0,2,2,0,0,0,0,0,0,19,0,0,0,0,0,0,0,0,0,0,0,0,27,79,3,13,49,129,72,89,17,0,0,2,0,0,0,0,0,0,0,0,0,0,0,0,0,0,0,0,0,18,0,0,0,0,0,0,0,8,0,0,0,15,0,29,0,0,0,8,0,0,0,0,0,11,0,14,0,0,0,0,0,0,0,2,0,0,0,0,0,0,0,0,0,0,0,0,0,0,0,0,0,0,0,0,0,0,0,0,0,0,0,0,0,0,0,0,0,0,0,0,0,0,0,0,0,0,0,0,0,0,0,0,0,0,0,0,0,0,0,0,0,0,0,0,0,45,0,0,0,28,0,0,0,0,0,0,0,51,0,8,0,0,0,3,0,0,9,34,0,1,0,0,0,0,0,1,0,0,0,0,0,0,0,0,0,0,0,0,0,0,0,4,0,0,3,0,0,0,0,14,7,1,0,0,3
0,0,0,0,62,0,6,0,4,0,19,0,254,41,32,0,0,0,152,0,58,0,21,0,0,0,194,76,0,0,51,0,23,0,151,0,52,0,5,0,71,16,64,26,98,47,55,39,18,0,0,0,0,0,0,0,0,0,0,0,0,0,0,0,0,0,0,0,0,0,31,0,13,0,0,0,6,0,0,0,46,0,0,0,0,0,37,0,0,0,0,0,0,0,0,0,0,0,95,0,0,0,0,0,0,0,0,0,0,0,0,0,0,0,0,0,0,0,0,0,38,0,0,0,0,0,0,0,0,0,0,0,0,0,0,0,0,0,0,0,0,0,0,0,0,0,0,0,0,0,0,0,0,0,0,0,0,0,0,0,0,0,16,0,60,0,37,0,52,0,8,0,35,0,0,0,0,0,0,0,0,0,3,0,0,0,29,0,0,0,0,0,0,0,0,0,0,0,0,0,0,0,0,0,0,0,0,0,0,0,49,129,98,28,32,0,1,0,0,2,0,0,0,0,0
0,0,0,12,0,77,0,0,0,0,0,22,0,196,5,31,0,0,78,138,17,64,0,0,0,0,0,335,0,0,0,8,0,6,0,71,0,70,0,0,0,50,0,67,0,115,0,86,0,2,0,0,0,1,0,0,0,0,0,0,0,0,0,4,0,0,0,0,0,0,0,0,0,0,0,40,0,0,0,20,0,71,0,15,0,58,0,37,0,0,0,0,0,0,0,0,0,0,0,0,0,0,0,0,0,0,0,0,0,0,0,0,0,0,0,0,0,0,0,0,0,80,0,78,0,0,0,0,0,0,0,0,0,0,0,0,0,0,0,24,0,156,0,393,0,62,0,0,0,0,0,0,0,0,0,0,0,6,0,0,0,0,0,26,0,31,0,35,0,38,0,33,0,46,0,0,0,46,0,0,0,0,0,0,0,0,0,24,0,0,0,0,0,0,0,2,0,0,0,0,0,0,0,0,0,0,0,0,0,0,0,0,0,0,14,0,0,0,52,121,69,0,0,0,0
0,0,0,0,0,0,24,6,84,68,0,0,0,0,8,0,73,0,0,0,0,0,26,0,119,0,0,0,3,0,0,0,0,0,0,0,0,0,4,0,0,0,0,0,0,0,0,0,0,0,0,0,0,92,149,224,65,37,38,84,12,0,117,29,0,0,31,113,0,0,0,0,0,0,1,0,0,0,0,0,0,0,0,0,88,0,0,0,0,0,17,0,0,0,0,0,108,0,0,0,0,0,0,0,0,0,0,0,0,0,0,0,0,0,0,0,0,0,0,0,0,0,0,0,0,0,1,0,21,0,0,0,0,0,0,0,103,0,85,0,64,0,125,0,6,0,0,0,0,0,0,0,0,0,164,0,31,0,65,0,34,0,20,0,0,0,0,0,14,0,35,0,0,0,0,0,77,4,0,0,0,0,0,0,18,0,0,0,0,0,0,0,0,0,0,0,0,0,0,0,0,0,0,0,0,0,0,0,0,0,0,3,88,0,14,0,0,0,7,2,8,11,0,1,0
0,9,0,3,0,6,0,12,88,179,0,0,0,0,0,16,0,34,0,0,0,38,0,21,12,72,0,0,0,31,0,7,0,6,0,0,0,0,0,4,0,0,0,0,0,0,0,0,0,0,0,1,92,0,114,196,13,149,53,82,0,35,63,81,0,0,47,88,0,0,0,0,0,0,0,0,0,0,0,0,0,0,0,0,0,3,0,0,0,0,0,0,0,0,0,0,0,0,0,0,0,0,0,0,0,1,0,0,0,0,0,0,0,0,0,0,0,0,0,0,0,0,0,0,0,0,0,0,0,31,0,3,0,12,0,18,0,41,0,53,0,23,0,25,0,11,0,0,0,0,0,0,0,0,6,106,0,68,1,37,0,7,0,0,0,1,0,0,0,0,0,7,0,0,0,0,17,63,0,0,0,0,0,37,5,37,0,0,0,0,0,0,0,0,0,0,0,0,0,1,0,0,0,0,0,0,0,0,0,0,0,0,0,0,0,0,0,0,1,27,13,0,0,1,0
0,0,33,0,0,0,82,0,9,147,0,0,0,0,44,0,18,0,0,0,4,0,53,0,78,19,0,0,0,0,0,0,0,0,0,0,0,0,0,0,0,0,0,0,0,0,0,0,40,0,0,0,149,114,0,209,49,26,124,74,26,0,45,62,0,0,8,95,0,0,0,0,0,0,0,0,0,0,0,0,0,0,0,0,0,0,0,0,0,0,12,0,0,0,0,0,46,0,0,0,0,0,0,0,0,0,0,0,0,0,0,0,0,0,0,0,0,0,0,0,0,0,0,0,0,0,0,0,64,0,13,0,18,0,0,0,115,0,22,0,13,0,93,0,0,0,0,0,0,0,0,0,0,0,86,5,3,0,26,0,65,0,24,0,16,0,0,0,49,0,185,0,13,0,0,0,61,5,0,0,0,0,0,0,4,3,0,0,0,0,0,0,0,0,0,0,0,0,0,0,98,0,0,0,0,0,0,0,0,0,114,52,294,222,155,6,49,0,0,6,0,0,0,0,0
5,5,0,0,0,0,0,35,177,34,0,0,0,0,0,51,0,11,0,0,0,0,0,4,27,140,0,0,0,23,0,0,1,0,0,0,0,0,1,14,0,0,0,0,0,0,0,0,0,0,0,0,224,196,209,0,30,150,102,44,0,101,127,107,0,3,94,7,0,0,0,0,0,0,0,0,0,2,0,0,0,0,0,0,0,8,0,0,0,0,0,0,0,0,0,0,0,4,0,0,0,0,0,1,0,0,0,0,0,0,0,0,0,0,0,0,0,0,0,0,0,0,0,0,0,3,0,0,0,17,0,7,0,69,0,92,0,164,0,31,0,17,0,36,0,0,0,0,0,0,0,2,0,0,16,86,0,29,0,10,0,63,0,7,0,38,0,0,0,92,0,159,0,80,0,0,24,10,0,0,0,0,0,5,26,13,0,0,0,0,0,0,0,0,0,0,0,0,0,9,0,24,0,0,0,0,0,0,0,33,0,2,0,0,270,0,0,0,338,28,536,379,43,133,0
0,0,20,0,0,0,12,0,6,0,0,0,0,0,0,0,0,0,0,0,0,0,10,0,22,0,0,0,0,0,0,0,0,0,0,0,0,0,0,0,0,0,1,0,0,0,0,0,84,0,0,0,65,13,49,30,0,46,326,50,6,0,0,0,80,72,111,129,0,0,0,0,0,0,0,0,0,0,0,0,0,0,0,0,0,0,0,0,0,0,0,0,0,0,0,0,0,0,0,0,0,0,0,0,0,0,0,0,0,0,0,0,0,0,0,0,0,0,0,0,0,0,0,0,11,0,0,0,26,0,28,0,17,0,27,0,26,0,19,18,0,0,19,0,0,4,4,0,8,0,0,0,0,0,109,24,16,0,35,8,162,28,48,0,15,0,7,0,91,0,79,0,0,0,0,0,8,0,0,0,0,0,0,0,20,0,0,0,0,0,0,0,0,0,0,0,0,0,0,0,0,0,0,0,0,0,0,0,4,1,365,76,589,637,672,16,166,0,9,4,4,0,0,0,0
0,12,0,12,0,15,0,13,9,9,0,0,0,0,0,51,1,68,0,0,0,49,0,29,0,166,0,0,0,20,0,0,0,0,0,0,0,0,0,0,0,0,0,0,0,23,0,0,0,0,0,0,37,149,26,150,46,0,71,143,0,25,6,21,25,95,86,88,0,0,0,0,0,0,0,0,0,4,0,0,0,0,0,0,0,0,0,0,0,0,0,0,0,0,0,0,0,0,0,3,0,0,0,0,0,0,0,0,0,0,0,0,0,0,0,0,0,1,0,0,0,0,0,0,0,46,0,7,0,15,0,14,0,88,0,0,0,139,1,83,0,37,0,36,0,23,0,0,0,4,0,0,0,0,28,227,0,69,6,58,0,102,0,71,0,0,0,0,0,131,0,265,0,20,0,0,0,0,0,0,5,0,0,0,0,5,0,0,0,0,0,0,0,0,0,0,0,0,0,0,0,0,0,0,0,0,0,1,0,29,3,0,0,0,496,0,0,0,507,34,794,699,159,163,0
0,0,4,0,0,0,0,0,6,0,0,0,0,0,0,0,0,0,0,0,0,0,0,0,6,0,0,0,0,0,0,0,0,0,0,0,0,0,0,0,2,0,0,0,0,0,0,0,59,0,0,0,38,53,124,102,326,71,0,63,97,0,14,11,18,26,10,199,4,0,0,0,0,0,0,0,0,0,0,0,1,0,0,0,0,0,0,0,0,0,0,0,0,0,0,0,0,0,0,0,0,2,0,0,0,0,0,0,0,0,0,0,0,0,0,0,0,0,0,0,0,0,0,0,0,0,0,0,13,0,34,0,0,0,37,0,15,0,4,0,0,0,0,0,0,2,0,0,3,0,0,0,0,0,27,15,44,0,0,2,84,0,9,0,0,0,0,0,35,0,117,0,9,0,2,0,44,0,0,0,0,0,0,0,126,2,0,0,1,0,0,0,0,0,0,0,0,0,0,0,0,0,0,0,0,0,0,0,0,0,437,170,368,581,645,20,107,0,12,0,0,0,0,0,0
0,6,0,1,0,0,0,3,53,15,0,3,0,0,0,0,0,0,0,3,0,0,0,0,0,11,0,4,0,0,0,0,0,0,0,0,0,0,0,0,0,1,0,0,0,0,0,0,0,0,0,0,84,82,74,44,50,143,63,0,0,107,36,38,27,77,101,60,0,0,0,0,0,0,0,0,0,0,0,0,0,4,0,0,0,0,0,2,0,0,0,0,0,0,0,0,0,0,0,0,0,0,0,3,0,0,0,0,0,0,0,0,0,0,0,0,0,0,0,0,0,0,0,0,0,58,0,0,0,2,0,45,0,13,0,0,0,44,3,4,0,0,0,0,0,20,1,14,0,15,0,7,0,1,37,48,5,116,10,10,0,77,0,0,0,0,0,0,0,49,0,0,0,0,0,0,13,0,0,0,2,0,0,0,9,18,0,0,0,0,0,0,0,0,0,0,0,0,0,8,0,0,0,0,0,0,0,13,0,34,0,4,0,0,502,0,0,0,552,52,334,454,115,93,0
58,0,24,0,0,0,145,0,184,28,0,0,0,0,0,0,27,0,0,0,0,0,0,0,34,0,0,0,13,0,0,0,9,0,0,0,0,0,9,0,0,0,0,0,0,0,0,0,12,0,0,0,12,0,26,0,6,0,97,0,0,0,53,4,0,0,16,0,0,0,0,0,4,0,3,0,0,0,0,0,0,0,0,0,0,0,0,0,0,0,0,0,0,0,0,0,0,0,0,0,0,0,0,0,0,0,0,0,0,0,0,0,0,0,0,0,0,0,0,0,0,0,0,0,0,0,0,0,0,0,0,0,0,0,0,0,0,0,104,0,38,0,0,0,132,0,0,0,0,0,0,0,0,0,60,0,164,0,0,0,0,0,9,0,0,0,1,0,8,0,116,0,89,0,0,0,113,0,0,0,0,0,30,0,47,0,0,0,0,0,0,0,0,0,0,0,0,0,0,0,0,0,0,0,0,0,0,0,0,0,27,118,51,38,0,0,9,0,0,0,0,0,0,0,0
0,35,0,0,0,0,0,71,0,261,0,0,0,0,0,0,0,0,0,0,0,8,0,0,15,17,0,0,0,19,0,6,0,9,0,9,0,22,0,9,0,0,0,0,0,0,0,0,0,0,0,0,0,35,0,101,0,25,0,107,0,0,10,68,0,5,0,73,0,0,0,0,0,0,0,0,0,0,0,0,0,0,0,0,0,0,0,0,0,0,0,0,0,0,0,0,0,0,0,0,0,0,0,0,0,0,0,0,0,0,0,0,0,0,0,0,0,0,0,0,0,0,0,0,0,0,0,0,0,0,0,0,0,0,0,0,0,0,0,72,0,96,0,0,0,227,0,0,0,0,0,0,0,0,0,12,0,131,0,13,0,0,0,5,0,3,0,0,0,16,0,131,0,29,0,0,8,71,0,0,0,0,0,49,0,30,0,0,0,0,0,0,0,0,0,0,0,0,0,0,0,0,0,0,0,0,0,0,0,0,0,0,0,0,7,0,0,0,0,206,40,0,1,10,0
32,0,13,0,0,0,148,54,93,169,0,0,0,0,5,0,99,9,3,0,12,0,21,0,53,73,0,0,16,0,10,0,14,0,0,0,4,0,18,0,0,0,0,0,4,0,0,0,2,0,0,0,117,63,45,127,0,6,14,36,53,10,0,71,0,0,12,15,0,1,0,0,0,0,0,0,0,0,0,0,0,0,0,0,0,0,0,0,0,0,0,0,0,0,0,0,0,0,0,0,0,0,0,0,0,0,0,0,0,0,0,0,0,0,0,0,0,0,0,0,0,0,43,0,0,0,0,0,5,0,0,0,0,0,0,0,33,2,95,0,133,0,0,0,15,0,0,0,0,0,0,0,0,0,95,0,28,2,24,0,0,0,0,0,1,0,0,0,4,0,9,4,23,0,0,0,122,10,0,0,0,0,6,0,0,1,0,0,0,0,0,0,0,0,0,0,0,0,0,0,0,0,0,0,0,0,0,0,0,0,7,32,15,24,0,0,3,0,0,0,0,0,0,0,0
14,8,8,0,0,0,47,101,88,255,0,4,0,0,0,12,0,77,0,20,0,105,1,36,68,19,0,0,3,39,0,13,0,11,0,9,0,5,2,23,0,0,0,0,0,0,0,0,0,0,0,4,29,81,62,107,0,21,11,38,4,68,71,0,0,0,4,24,0,0,0,0,0,0,0,0,0,0,0,0,0,0,0,0,0,0,0,0,0,0,0,0,0,0,0,0,0,0,0,0,0,0,0,0,0,0,0,0,0,0,0,0,0,0,0,0,0,0,0,0,0,0,0,0,0,1,0,0,0,41,0,0,0,0,0,0,0,12,0,80,0,35,0,0,0,43,0,0,0,0,0,0,0,0,0,26,0,19,0,19,7,3,0,0,0,0,0,0,0,8,0,37,2,9,0,0,12,106,0,1,0,0,0,40,0,12,0,0,0,0,0,0,0,0,0,0,0,0,0,0,0,0,0,0,0,0,0,0,0,0,0,0,0,0,6,0,0,0,0,52,14,6,0,0,0
0,0,0,0,11,0,3,0,40,0,0,0,0,0,0,0,0,0,0,0,0,0,0,0,0,0,0,0,0,0,0,0,0,0,0,0,0,0,0,0,0,0,0,0,0,0,0,0,0,0,0,0,0,0,0,0,80,25,18,27,0,0,0,0,0,57,127,37,0,0,0,0,0,0,13,3,0,0,0,5,0,0,0,6,2,0,0,0,0,0,0,0,0,0,0,0,0,0,0,0,3,0,0,0,0,0,0,0,0,0,0,0,0,0,0,0,0,0,0,0,0,0,0,0,0,0,0,0,0,0,19,0,0,0,0,0,0,0,16,52,5,0,0,0,28,0,0,0,17,0,0,0,0,0,2,22,0,0,3,0,331,92,6,0,0,0,0,0,0,1,0,0,5,0,32,0,0,0,0,0,87,11,7,0,83,0,0,0,0,0,0,0,0,0,0,0,0,0,0,0,0,0,0,0,0,0,0,0,0,0,43,0,0,0,0,0,0,0,15,0,0,0,0,0,0
0,10,0,0,1,0,0,0,0,40,0,5,0,0,0,0,0,0,0,0,0,0,0,0,0,0,0,0,0,0,0,0,0,0,0,0,0,0,0,0,0,0,1,0,0,0,0,0,0,0,0,0,0,0,0,3,72,95,26,77,0,5,0,0,57,0,32,121,0,0,10,0,5,0,0,45,0,0,0,0,0,43,0,0,0,20,0,29,0,0,0,0,0,0,0,0,0,0,4,0,0,0,0,0,0,0,0,0,0,0,0,0,0,0,0,0,0,0,0,0,0,21,0,8,0,45,1,11,0,0,40,26,0,0,0,0,0,7,25,72,0,34,0,0,0,103,0,59,23,37,0,16,0,8,67,6,0,0,39,7,135,126,0,0,0,0,0,0,0,9,0,0,0,0,0,61,0,0,0,0,26,24,0,0,10,38,0,0,0,0,0,0,0,0,0,0,0,0,0,0,0,0,0,0,0,0,0,6,0,26,0,0,0,0,144,0,1,0,148,5,66,0,47,0,0
3,0,38,0,4,0,24,0,33,0,0,0,2,0,6,0,0,0,0,0,0,0,0,0,0,1,0,0,0,0,0,0,0,0,0,0,0,0,0,0,0,0,0,0,0,0,0,0,0,0,0,0,31,47,8,94,111,86,10,101,16,0,12,4,127,32,0,163,0,0,0,0,0,0,0,0,0,0,0,0,0,0,0,0,0,0,0,0,0,0,0,0,1,0,0,0,0,0,1,0,0,0,0,0,0,0,0,0,0,0,0,0,0,0,0,0,0,0,0,0,0,0,0,0,0,0,0,0,0,0,9,0,0,0,0,0,0,0,0,0,0,0,2,0,2,0,0,0,5,0,0,0,0,0,12,20,26,0,3,0,106,0,0,0,1,0,0,0,5,1,23,0,0,0,0,0,79,1,0,0,0,0,3,0,469,3,0,0,0,0,0,0,0,0,0,0,0,0,0,0,0,0,0,0,0,0,0,0,0,0,122,57,73,141,161,2,20,0,0,0,0,5,0,0,0
0,3,0,0,0,0,0,1,36,84,0,0,0,0,0,0,0,0,0,0,0,0,0,0,0,0,0,0,0,0,0,0,0,0,0,0,0,0,0,0,0,0,0,0,0,0,0,0,0,0,0,0,113,88,95,7,129,88,199,60,0,73,15,24,37,121,163,0,0,0,0,0,0,0,0,0,0,1,0,0,0,0,0,0,0,0,0,0,0,0,0,0,0,0,0,0,0,0,0,0,0,0,0,0,0,0,0,0,0,0,0,0,0,0,0,0,0,0,0,0,0,0,0,0,0,23,0,8,0,0,0,62,0,4,0,0,0,7,0,4,0,0,0,0,0,29,0,13,0,34,0,10,0,5,67,45,3,101,11,0,29,47,0,0,0,0,0,0,0,17,2,45,0,0,0,5,17,0,0,0,6,0,0,0,10,164,0,0,0,0,0,0,0,0,0,0,0,0,0,0,0,0,0,0,0,0,0,0,0,10,0,6,0,0,267,0,0,0,310,64,188,286,66,51,0
0,0,2,0,0,0,4,0,0,0,0,0,0,0,0,0,0,0,0,0,0,0,0,0,0,0,0,0,0,0,4,0,0,0,0,0,0,0,0,0,0,0,0,0,0,0,0,0,26,0,0,0,0,0,0,0,0,0,4,0,0,0,0,0,0,0,0,0,0,0,0,0,9,0,0,0,61,0,11,0,8,2,39,0,0,0,0,0,0,0,0,0,36,0,27,0,22,0,0,1,13,0,69,0,0,0,0,0,50,0,17,0,5,0,19,0,10,0,0,0,0,0,0,0,0,0,0,0,0,0,0,0,0,0,0,0,0,0,0,0,0,0,0,0,0,0,0,4,0,0,4,0,0,0,0,0,1,0,0,0,4,0,0,0,11,0,0,0,270,0,3,0,2,0,5,0,0,0,0,0,0,0,0,0,3,0,0,0,105,0,0,0,50,0,26,0,0,0,38,0,0,0,82,0,0,0,0,0,0,0,71,20,149,5,16,84,56,0,0,0,0,0,0,0,0
0,0,0,0,0,0,0,0,0,0,0,0,0,0,0,0,0,0,0,0,0,0,0,0,0,0,0,0,0,0,0,0,0,0,0,0,0,0,0,0,0,5,0,0,0,27,0,6,0,18,0,0,0,0,0,0,0,0,0,0,0,0,1,0,0,0,0,0,0,0,0,0,0,0,0,0,0,63,0,0,0,0,0,60,0,0,0,21,0,8,0,0,0,44,0,54,0,0,0,0,0,0,0,70,0,0,0,0,0,5,0,35,0,27,0,0,0,6,0,3,0,0,0,0,0,0,0,0,0,0,0,1,0,0,0,0,0,0,0,0,0,0,0,0,0,0,0,0,0,0,0,0,0,0,0,0,0,0,0,0,0,4,0,2,0,36,0,0,0,92,0,0,0,0,0,1,0,0,0,0,0,0,0,1,0,0,0,0,0,0,0,0,0,0,0,0,0,0,0,0,0,0,0,0,0,0,0,0,0,0,0,0,0,0,7,0,0,0,23,15,108,18,26,11,1
0,0,0,0,0,0,0,0,0,0,0,0,11,0,0,0,0,0,0,0,51,0,0,0,0,0,40,0,5,0,36,0,34,0,38,0,130,0,2,0,0,0,52,0,163,0,0,0,0,0,31,0,0,0,0,0,0,0,0,0,0,0,0,0,0,10,0,0,0,0,0,0,249,0,88,0,13,0,222,0,17,0,0,1,4,0,55,0,0,0,0,0,0,0,0,0,0,0,5,0,0,0,0,0,0,0,0,0,0,0,0,0,0,0,0,0,0,0,0,0,20,0,6,0,0,0,0,0,0,0,32,0,0,0,0,0,18,0,2,8,50,0,60,4,30,0,0,0,46,0,0,0,0,0,0,0,0,0,1,0,0,34,83,0,0,0,50,0,10,0,10,0,47,0,34,0,0,0,0,0,0,3,0,0,0,0,0,0,0,0,0,0,0,0,0,0,0,0,0,0,8,0,0,0,2,0,0,0,19,0,10,0,16,0,8,0,0,0,2,0,0,0,0,0,0
0,0,0,0,0,6,0,0,0,0,0,10,0,0,0,0,0,0,0,0,0,9,0,0,0,0,0,0,0,0,0,0,0,0,0,5,0,1,0,0,0,0,0,0,0,12,0,0,0,0,0,0,0,0,0,0,0,0,0,0,0,0,0,0,0,0,0,0,0,0,0,0,0,125,2,218,0,13,0,3,0,7,0,0,0,0,0,113,0,0,0,0,0,0,0,0,0,0,0,0,0,0,0,0,0,0,0,0,0,0,0,0,0,0,0,0,0,0,0,0,0,7,0,11,0,0,0,0,0,9,0,0,0,0,0,0,0,0,0,0,0,35,0,0,0,95,0,0,0,0,0,0,0,0,0,0,0,0,0,0,0,0,0,38,0,1,0,0,0,3,0,17,0,11,0,23,0,7,0,0,0,0,0,0,0,0,0,0,0,0,0,0,0,0,0,0,0,0,0,0,0,2,0,0,0,0,0,0,0,0,0,0,0,0,0,0,0,0,13,23,17,0,0,0,0
0,0,0,0,0,0,0,0,0,0,0,0,0,0,0,0,0,0,0,0,0,0,0,0,0,0,0,0,0,0,0,0,0,0,0,0,0,0,0,0,0,0,15,0,33,0,0,0,0,0,13,0,0,0,0,0,0,0,0,0,4,0,0,0,0,5,0,0,9,0,249,0,0,0,268,0,87,0,187,0,7,0,39,0,5,0,11,2,0,0,0,0,26,0,0,0,0,0,0,0,0,0,14,0,0,0,0,0,0,0,0,0,0,0,0,0,0,0,0,0,34,0,12,0,0,0,0,0,0,2,41,0,0,0,0,0,81,0,0,0,38,0,64,0,17,0,0,0,0,0,22,0,0,0,0,0,6,0,4,0,43,0,106,0,0,0,21,0,14,0,18,0,37,0,19,0,0,0,0,0,0,0,0,0,0,0,0,0,0,0,0,0,0,0,4,0,0,0,88,0,35,0,0,0,0,0,0,0,88,0,152,0,30,5,16,0,0,0,0,0,0,0,0,0,0
0,0,0,0,0,0,0,0,0,0,0,0,0,0,0,0,0,0,0,0,0,0,0,0,0,0,0,0,0,0,0,0,0,0,0,0,0,0,0,0,0,0,0,0,0,0,0,0,0,0,0,0,0,0,0,0,0,0,0,0,0,0,0,0,0,0,0,0,0,0,0,125,0,0,0,332,0,135,0,72,0,40,0,45,0,0,0,112,0,0,0,0,0,0,0,0,0,8,0,8,0,0,0,0,0,0,25,0,0,0,0,0,0,0,0,0,0,0,0,0,0,15,0,33,0,0,0,0,0,0,0,35,0,0,5,0,0,0,0,2,0,12,0,0,0,24,0,0,0,0,0,43,0,33,0,0,0,0,0,0,0,0,0,45,0,0,0,0,0,0,0,6,0,5,0,9,0,0,0,0,10,0,0,0,0,0,0,0,0,111,0,0,0,0,0,0,0,0,0,0,0,86,0,0,0,0,0,0,0,0,0,0,0,0,0,0,0,0,177,12,22,0,0,4,0
0,0,0,0,0,0,0,0,0,0,0,0,0,0,0,0,6,0,0,0,58,0,0,0,0,0,0,0,0,0,34,0,26,0,43,0,114,0,0,0,0,0,55,0,178,0,0,0,0,0,0,0,1,0,0,0,0,0,0,0,3,0,0,0,13,0,0,0,0,0,88,2,268,0,0,0,14,0,200,0,9,5,0,0,13,0,22,0,1,0,0,0,0,0,3,0,0,1,0,0,0,0,0,0,0,0,0,0,0,0,0,0,0,0,0,0,0,0,0,0,55,0,84,0,0,0,0,0,0,15,76,117,0,0,38,0,45,0,5,0,103,0,112,0,65,0,0,0,0,17,26,0,21,12,0,2,3,0,0,0,62,0,103,6,0,0,0,0,0,0,17,0,33,0,59,0,0,0,0,0,90,0,0,0,0,0,0,0,0,0,0,0,0,0,0,0,0,0,98,0,51,0,85,0,25,0,0,0,85,0,6,8,13,0,0,0,0,0,0,0,0,0,0,0,0
0,7,1,0,0,0,0,0,0,0,0,26,0,0,0,0,0,0,0,0,0,17,0,0,0,0,0,0,0,0,0,0,0,0,0,0,0,0,0,0,0,0,0,0,0,0,0,0,0,0,0,40,0,0,0,0,0,0,0,0,0,0,0,0,3,45,0,0,0,0,0,218,0,332,0,0,0,0,0,47,0,11,0,2,0,0,0,63,0,0,0,0,0,0,0,0,0,0,5,0,0,0,0,0,0,0,0,0,0,0,0,0,0,0,0,0,0,0,0,0,0,103,0,67,0,0,0,120,0,0,0,0,0,0,0,0,0,45,0,0,12,82,0,36,0,181,2,0,0,69,0,0,0,44,0,0,0,0,0,0,0,25,0,128,0,0,0,8,0,9,0,33,0,0,0,63,0,11,0,0,0,0,0,0,0,44,0,0,0,0,0,0,0,0,0,0,0,0,0,0,0,0,0,0,0,0,0,0,0,121,0,0,0,0,0,0,0,0,70,36,29,7,0,0,0
0,0,0,0,0,0,0,0,0,0,0,0,0,0,0,0,0,0,0,0,0,0,0,0,0,0,0,0,0,0,0,0,0,0,0,0,0,0,0,0,0,0,0,0,0,0,0,0,8,0,6,0,0,0,0,0,0,0,0,0,0,0,0,0,0,0,0,0,61,0,13,0,87,0,14,0,0,0,42,0,13,0,25,0,0,0,14,0,0,0,0,0,24,0,5,0,16,0,12,0,4,0,45,0,0,0,0,0,14,0,0,0,0,0,5,0,3,0,0,0,0,0,0,0,0,0,0,0,0,0,0,0,0,0,0,0,0,0,0,0,3,0,0,0,2,0,3,0,0,0,0,0,0,0,0,0,0,0,2,0,0,0,2,0,16,0,0,0,23,0,0,0,0,0,0,0,0,0,0,0,0,0,0,0,0,0,0,0,0,0,0,0,0,0,0,0,0,0,0,0,0,0,0,0,0,0,0,0,0,0,40,28,31,0,4,5,10,0,0,0,0,0,0,0,0
0,0,0,0,0,0,0,0,0,0,0,0,0,0,0,0,0,0,0,0,0,0,0,0,0,0,0,0,0,0,0,0,0,0,0,0,0,1,0,0,0,0,0,0,0,19,0,0,0,8,0,0,0,0,0,2,0,4,0,0,0,0,0,0,0,0,0,1,0,63,0,13,0,135,0,0,0,0,0,9,0,116,0,155,0,20,0,160,0,2,4,0,0,18,0,30,0,54,2,31,0,0,0,30,0,26,0,18,0,2,0,0,0,4,0,0,0,13,0,0,0,8,0,8,0,0,0,0,0,0,0,0,0,0,0,0,0,0,0,0,0,0,0,0,0,3,0,0,4,0,0,12,0,0,0,1,0,0,0,0,0,0,0,13,0,0,0,0,0,27,0,0,0,0,0,0,0,0,0,0,0,0,0,0,0,0,0,0,0,180,0,0,0,0,0,88,0,0,0,0,8,65,0,0,0,0,0,0,0,0,0,0,0,0,36,0,0,0,165,16,98,0,12,0,0
0,0,0,0,0,0,0,0,0,0,0,0,0,0,0,0,0,0,0,0,0,0,0,0,0,0,0,0,0,0,0,0,0,0,0,0,30,0,0,0,0,0,0,0,64,0,0,0,9,0,0,0,0,0,0,0,0,0,0,0,0,0,0,0,0,0,0,0,11,0,222,0,187,0,200,0,42,0,0,0,21,0,76,0,33,0,47,0,0,0,0,0,76,0,9,0,28,0,9,0,0,0,34,0,0,0,7,0,8,0,0,0,0,0,0,0,0,0,0,0,93,0,33,0,0,0,0,0,0,0,0,0,0,0,49,0,0,0,0,0,49,0,99,0,29,0,0,0,0,0,0,0,0,0,0,0,3,0,0,0,35,0,45,0,8,0,0,0,47,0,6,0,0,0,0,0,1,0,0,0,0,0,0,0,0,0,0,0,0,0,0,0,0,0,0,0,0,0,194,0,146,0,336,0,90,0,0,0,0,0,145,6,34,0,20,7,20,0,0,0,0,0,0,0,0
0,0,0,0,0,0,0,0,0,0,0,0,0,10,0,0,0,0,0,0,0,0,0,0,0,0,0,0,0,0,0,0,0,0,0,0,0,3,0,0,0,0,0,0,0,0,0,0,0,0,0,20,0,0,0,0,0,0,0,0,0,0,0,0,5,0,0,0,0,0,0,3,0,72,0,47,0,9,0,0,0,0,0,0,0,7,0,40,0,0,0,0,0,0,0,0,0,1,0,0,0,0,0,0,0,0,0,0,0,0,0,0,0,0,0,0,0,0,0,0,0,2,0,13,0,71,5,0,0,0,0,0,0,0,0,60,0,43,0,0,0,18,0,21,0,52,0,0,0,29,0,40,0,0,0,0,0,0,0,0,0,0,0,17,0,0,0,2,0,11,0,0,0,0,0,16,0,0,0,1,4,0,0,0,0,0,0,0,0,0,0,0,0,0,0,0,0,0,0,0,0,15,1,26,0,3,0,0,0,92,0,0,0,0,0,0,0,0,26,12,10,0,0,1,0
