0,79,137,46,155,0,38,32,65,26,277,0,132,0,51,11,118,19,54,0,51,0,64,30,9,97,81,0,264,0,31,0,294,0,0,0,152,0,489,0,25,0,0,1,0,1,11,0,27,0,0,0,0,0,0,2,0,0,0,0,59,0,64,11,7,0,0,0,0,0,0,0,0,0,0,0,0,0,0,0,0,0,0,0,0,0,0,0,0,0,0,0,0,0,0,0,0,0,0,0,0,0,0,0,0,0,0,0,0,0,0,0,0,0,0,0,0,0,0,0,0,0,0,0,3,0,0,0,0,0,6,0,1,0,1,0,0,0,0,0,0,0,4,0,0,0,0,0,11,0,0,0,1,0,0,0,0,0,0,0,0,0,0,0,2,0,83,0,47,0,58,0,459,0,0,0,144,116,15,0,0,0,224,8,11,0,11,0,0,0,0,0,0,0,0,0,0,0,0,0,0,0,0,0,0,0,0,0,4,0,414,172,124,163,313,0,14,3,0,0,0,0,0,0,0
79,0,71,104,0,184,28,78,0,83,0,315,0,109,5,68,70,144,0,124,16,15,229,121,114,28,0,250,0,96,0,23,0,90,0,0,0,56,0,565,0,28,0,0,0,23,0,57,0,14,0,0,0,36,0,12,0,8,0,22,0,215,0,271,0,31,0,5,0,0,0,0,0,2,0,0,0,0,0,0,0,0,0,0,0,16,0,4,0,0,0,0,0,3,0,0,0,0,0,7,0,0,0,0,0,0,0,3,0,0,0,0,0,0,0,0,0,0,0,21,0,0,0,0,0,9,0,0,0,4,0,0,0,0,0,17,0,20,0,1,0,6,0,14,0,0,0,0,0,22,0,0,0,0,0,0,0,20,0,0,0,0,0,4,0,9,0,0,0,32,0,70,0,214,0,0,24,518,0,22,0,0,20,53,0,72,0,1,0,0,0,0,0,0,0,0,0,0,0,0,0,0,0,0,0,0,0,2,0,11,0,0,0,0,494,0,0,0,807,186,200,186,0,3,0
137,71,0,60,197,43,108,14,59,0,33,16,55,0,197,68,87,17,99,0,167,0,359,45,51,76,67,0,310,0,46,0,185,0,0,0,77,0,334,0,14,0,0,0,0,0,9,0,48,0,19,0,3,0,19,0,4,0,0,0,28,0,47,8,9,0,5,0,0,0,0,0,0,0,0,0,0,0,0,0,0,0,0,0,0,0,0,0,0,0,0,0,0,0,0,0,0,0,0,0,0,0,0,0,0,0,0,0,0,0,0,0,0,0,0,0,0,0,0,0,13,0,0,0,10,0,3,0,0,0,9,0,7,0,25,0,108,0,0,0,0,0,46,0,0,0,7,0,30,0,0,0,7,0,0,0,0,0,0,0,9,0,0,0,0,0,73,0,27,0,37,0,324,0,0,0,190,99,15,0,0,0,39,9,31,0,1,0,0,0,0,0,0,0,0,0,0,0,0,0,33,0,0,0,0,0,0,0,0,0,540,100,132,307,470,0,0,0,0,1,0,0,0,0,0
46,104,60,0,0,224,0,321,1,32,16,13,0,0,22,246,71,21,0,160,30,96,208,211,45,94,0,74,0,155,0,36,3,122,0,0,0,26,0,378,0,0,0,0,0,17,0,0,0,17,0,0,0,0,0,113,0,0,0,0,0,45,0,36,0,16,0,0,0,0,0,0,0,0,0,0,0,0,0,0,0,0,0,0,0,18,0,0,0,0,0,0,0,0,0,0,0,24,0,0,0,0,0,0,0,0,0,0,0,0,0,0,0,0,0,0,0,0,0,0,0,0,0,0,0,0,0,0,0,0,0,0,0,28,0,210,0,302,0,20,0,5,0,43,0,0,0,0,0,0,0,0,0,0,0,0,0,0,0,0,0,20,0,0,0,10,0,0,0,26,0,23,0,147,0,0,38,192,0,0,0,0,23,31,0,8,0,0,0,0,0,0,0,0,0,0,0,0,0,0,0,37,0,0,0,0,0,0,0,68,0,0,0,0,268,0,0,0,332,58,146,117,0,0,5
155,0,197,0,0,252,22,0,37,0,269,89,176,87,231,113,67,0,159,163,493,49,144,25,12,0,122,24,61,0,258,0,440,22,197,0,403,0,0,0,82,0,0,0,21,0,35,0,28,0,102,0,0,0,0,0,0,0,0,0,0,0,0,0,3,0,0,0,0,0,0,0,0,0,0,0,0,0,0,0,0,0,0,0,0,0,0,0,0,0,0,0,0,0,0,0,0,0,0,0,0,0,0,0,2,0,0,0,0,0,0,0,0,0,0,0,0,0,0,0,0,0,0,0,2,0,0,0,0,0,0,0,0,0,0,0,0,0,0,0,0,0,0,0,0,0,0,0,24,0,0,0,12,0,1,0,0,0,0,0,3,0,0,0,27,0,249,0,76,0,9,0,161,0,1,0,429,228,288,0,1,0,40,3,58,0,4,0,0,0,0,0,0,0,0,0,0,0,0,0,9,0,0,0,0,0,0,0,6,0,756,303,352,0,354,9,0,0,0,0,0,0,0,0,0
0,184,43,224,252,0,0,96,0,34,58,379,157,161,251,160,0,7,137,260,145,131,68,113,0,20,0,265,0,45,5,120,0,350,0,81,0,89,0,0,0,66,0,0,0,20,0,98,0,12,0,21,0,16,0,18,0,0,0,0,0,0,0,16,0,15,0,3,0,0,0,0,0,0,0,0,0,0,0,0,0,11,0,0,0,0,0,0,0,0,0,0,0,0,0,9,0,0,0,0,0,0,0,0,0,0,0,0,0,0,0,0,0,0,0,0,0,0,0,0,0,0,0,0,0,0,0,0,0,0,0,0,0,0,0,66,0,78,0,15,0,3,0,0,0,0,0,0,0,22,0,0,0,0,0,0,0,0,0,0,0,12,0,0,0,0,0,138,0,67,0,17,0,79,0,0,0,959,81,74,0,46,0,53,0,31,0,7,0,0,0,0,0,0,0,0,0,0,0,0,0,0,0,0,0,0,0,0,0,20,2,0,0,0,279,0,0,0,620,329,337,125,0,0,0
38,28,108,0,22,0,0,34,118,146,6,0,0,0,0,0,50,0,0,0,0,0,9,0,167,67,0,0,22,0,0,0,0,0,0,0,0,0,87,0,0,0,0,0,0,0,1,0,67,0,20,0,85,0,183,20,11,0,4,6,202,0,474,8,4,0,1,5,0,0,0,0,0,0,0,0,0,0,0,0,0,0,1,0,12,0,0,0,0,0,7,0,0,0,0,0,0,0,0,0,0,0,0,0,0,0,0,0,0,0,0,0,0,0,0,0,0,0,0,0,0,0,0,0,12,0,0,0,0,0,34,0,0,0,10,0,9,0,0,0,8,0,25,0,0,0,0,0,16,0,1,0,0,0,13,0,0,0,0,0,0,0,0,0,13,0,13,0,82,0,293,0,368,0,0,0,0,85,0,0,0,0,111,0,6,0,0,0,0,0,0,0,0,0,0,0,0,0,0,0,0,0,0,0,0,0,0,0,0,0,586,216,372,440,740,0,78,0,0,0,0,0,0,0,0
32,78,14,321,0,96,34,0,23,114,0,51,0,25,0,54,21,33,0,59,2,22,0,24,81,109,0,0,0,54,0,22,0,0,0,0,0,11,1,137,0,0,0,0,0,19,0,0,0,26,0,0,6,105,9,300,0,25,0,8,0,227,17,461,0,0,0,0,0,0,0,0,0,1,0,0,0,0,0,0,0,0,0,0,0,0,0,0,0,0,0,0,0,0,0,0,0,0,0,0,0,0,0,0,0,0,0,0,0,0,0,0,0,0,0,0,0,0,0,0,0,0,0,0,0,3,0,12,0,0,0,16,0,26,0,50,0,93,0,0,0,0,0,0,0,0,0,0,0,0,0,0,0,0,0,6,0,19,0,0,0,23,0,7,0,0,0,0,0,20,0,148,0,300,0,0,0,90,0,1,0,0,0,11,0,0,1,0,0,0,0,0,0,0,0,0,0,0,0,0,0,0,0,0,0,0,0,0,0,29,0,0,0,0,868,0,0,0,892,97,489,391,0,6,26
65,0,59,1,37,0,118,23,0,233,103,0,17,0,39,0,0,3,45,0,0,0,7,1,0,50,21,0,4,0,0,0,0,0,6,0,0,0,0,0,0,0,0,0,0,1,0,0,34,0,0,0,110,29,100,92,9,14,89,74,137,0,182,0,92,0,65,37,0,0,0,0,0,0,0,0,0,0,0,0,0,0,0,0,0,0,0,0,0,0,0,0,0,0,0,0,5,0,0,0,0,0,0,0,0,0,0,0,0,0,0,0,0,0,0,0,0,0,0,0,0,0,0,0,22,0,0,0,2,0,65,0,0,0,6,1,7,0,0,0,0,0,5,0,0,0,9,0,70,0,0,0,6,0,0,1,0,0,0,1,11,0,4,0,0,0,21,0,56,0,248,0,149,0,0,0,251,142,7,0,1,1,181,0,197,0,0,0,0,0,0,0,0,0,0,0,0,0,0,0,5,0,0,0,0,0,0,0,3,0,417,167,168,246,348,0,43,3,0,0,1,0,0,0,0
26,83,0,32,0,34,146,114,233,0,1,41,0,13,0,10,16,0,0,15,0,0,0,0,204,10,0,47,0,12,0,0,0,22,0,0,0,0,0,28,0,5,0,0,0,0,0,0,0,17,0,0,34,150,167,102,0,11,25,105,2,79,76,179,0,169,0,124,0,0,0,0,0,0,0,0,0,0,0,0,0,0,0,0,0,6,0,0,0,0,0,0,0,0,0,0,0,0,0,5,0,0,0,0,0,0,0,0,0,0,0,0,0,0,0,0,0,0,0,0,0,0,0,0,0,36,0,21,0,0,0,20,0,20,0,41,0,32,0,2,0,0,0,0,0,0,0,10,0,87,0,10,0,21,0,27,0,96,0,0,0,22,0,8,0,25,0,0,0,16,0,88,0,0,0,4,16,738,0,20,0,7,8,15,0,121,0,0,0,0,0,0,0,3,0,0,0,1,0,0,0,10,0,0,0,0,0,11,0,61,0,0,0,0,792,0,0,0,883,254,351,390,6,12,14
277,0,33,16,269,58,6,0,103,1,0,0,322,0,133,53,39,0,40,23,178,19,35,17,0,0,75,0,12,0,96,0,281,0,65,0,353,1,0,0,117,0,0,0,27,0,45,0,16,0,0,0,0,0,0,0,0,0,0,0,0,0,0,0,0,0,0,0,0,0,0,0,0,0,0,0,0,0,0,0,0,0,0,0,0,0,0,0,0,0,0,0,0,0,0,0,0,0,0,0,0,0,0,0,0,0,0,0,0,0,0,0,0,0,0,0,0,0,0,0,0,0,0,0,0,0,0,0,0,0,0,0,0,0,4,0,0,0,0,0,0,0,0,0,0,0,0,0,11,0,0,0,0,0,0,0,0,0,0,0,0,0,0,0,0,0,143,0,23,0,2,0,76,0,0,0,203,66,213,0,3,0,61,0,49,0,29,0,0,0,0,0,0,0,0,0,0,0,0,0,0,0,0,0,0,0,0,0,0,0,218,140,102,0,64,0,0,0,0,0,0,0,0,0,0
0,315,16,13,89,379,0,51,0,41,0,0,0,425,89,36,8,25,24,102,39,94,43,101,0,2,0,326,0,43,0,97,5,321,0,129,0,94,0,108,0,111,0,0,0,40,0,130,0,55,0,0,0,0,0,5,0,0,0,0,0,0,0,0,0,6,0,0,0,0,0,0,0,0,0,0,0,0,0,0,0,0,0,0,0,12,0,5,0,0,0,1,0,0,0,0,0,2,0,4,0,0,0,0,0,0,0,0,0,0,0,0,0,0,0,0,0,0,0,0,0,0,0,0,0,1,0,0,0,0,0,0,0,0,0,0,0,0,0,0,0,0,0,0,0,0,0,0,0,0,0,20,0,0,0,0,0,0,0,0,0,0,0,0,0,0,0,31,0,0,0,5,0,29,0,0,9,546,0,46,0,43,1,138,0,52,0,5,0,0,0,0,0,0,0,0,0,0,0,0,0,0,0,0,0,0,0,1,0,0,0,0,0,0,119,0,0,0,294,136,116,33,0,0,0
132,0,55,0,176,157,0,0,17,0,322,0,0,330,46,16,0,0,59,309,56,39,6,1,0,0,180,318,0,0,57,0,10,0,133,6,73,0,0,0,236,25,140,10,71,0,126,43,21,0,214,4,0,0,2,0,0,0,0,0,0,0,3,0,0,0,0,0,0,0,0,0,0,0,0,0,0,0,0,0,0,0,0,0,0,0,0,0,0,0,0,0,0,0,0,0,0,0,0,0,0,0,0,0,0,0,0,0,0,0,0,0,0,0,0,0,0,0,0,0,0,0,4,0,0,0,0,0,0,0,5,0,0,0,0,0,19,0,0,0,6,0,13,0,0,0,0,0,8,0,0,0,0,0,0,0,0,0,0,0,0,0,0,0,45,0,25,0,32,0,0,0,24,0,0,0,155,178,281,0,0,0,30,0,0,0,123,0,0,0,0,0,0,0,0,0,0,0,0,0,8,0,0,0,0,0,0,0,0,0,137,168,123,34,34,0,0,0,0,0,0,0,0,0,0
0,109,0,0,87,161,0,25,0,13,0,425,330,0,54,0,0,0,343,71,89,71,0,0,0,0,589,133,0,0,3,0,0,1,13,110,0,49,0,0,120,266,0,127,59,22,62,174,0,16,37,222,0,0,0,0,0,0,0,0,0,0,0,0,0,0,0,0,0,0,0,0,0,0,0,0,0,0,0,0,0,0,0,0,0,0,0,0,0,0,0,0,0,0,0,0,0,0,0,0,0,0,0,0,0,0,0,0,0,0,0,0,0,0,0,0,0,0,0,0,0,0,0,0,0,0,0,0,0,0,0,0,0,0,0,0,0,0,0,0,0,0,0,0,0,0,0,0,0,0,0,24,0,0,0,0,0,0,0,0,0,0,0,0,0,18,0,6,0,23,0,0,0,0,0,0,0,733,28,35,0,148,0,47,0,13,38,17,0,0,0,0,0,0,0,0,0,0,0,0,0,0,0,0,0,0,0,0,0,0,0,0,0,0,0,0,0,0,0,188,90,0,0,0,0
51,5,197,22,231,251,0,0,39,0,133,89,46,54,0,148,31,0,200,128,379,49,401,31,109,0,201,13,5,0,155,0,120,23,82,9,169,6,0,0,0,0,0,0,22,0,0,0,11,0,30,0,0,0,34,0,0,0,0,0,0,0,0,0,9,0,0,0,0,0,0,0,0,0,0,0,0,0,0,0,0,0,0,0,0,0,0,0,0,0,0,0,0,0,0,0,0,0,6,0,0,0,0,0,5,0,0,0,0,0,0,0,0,0,0,0,0,0,0,0,0,0,0,0,21,0,6,0,0,0,9,0,0,0,0,0,146,0,0,0,28,0,0,0,12,0,32,0,89,0,0,0,39,0,0,0,0,0,0,0,0,0,0,0,9,0,133,0,0,0,3,0,58,0,0,0,185,119,94,0,0,0,32,0,147,0,0,1,0,0,0,0,0,0,0,0,2,0,0,0,63,0,0,0,0,0,0,0,0,0,286,150,148,44,96,0,0,0,5,0,0,0,0,0,0
11,68,68,246,113,160,0,54,0,10,53,36,16,0,148,0,22,26,13,258,68,200,202,293,7,206,0,76,6,29,9,120,0,142,1,47,0,102,0,25,0,1,1,0,0,0,0,0,1,8,2,9,0,0,0,91,0,17,0,0,0,6,0,12,0,17,0,0,0,0,0,2,0,0,1,0,0,0,0,0,0,0,0,0,0,62,0,14,0,0,0,0,0,0,0,0,0,0,0,27,0,0,0,0,0,0,0,0,0,0,0,0,0,0,0,0,0,0,0,0,0,5,0,0,0,8,0,3,0,13,0,0,0,0,0,130,0,205,0,59,0,21,0,122,0,0,0,0,0,21,0,0,0,0,0,0,0,0,0,0,0,0,0,0,0,0,0,136,0,40,0,11,0,47,0,0,15,391,28,16,0,6,9,6,0,15,0,0,0,0,0,0,0,0,0,0,0,0,0,0,0,25,0,0,0,0,0,0,0,23,0,0,0,1,156,0,0,0,390,333,163,55,0,0,0
118,70,87,71,67,0,50,21,0,16,39,8,0,0,31,22,0,17,43,0,613,0,103,28,189,54,102,0,340,0,206,0,91,0,59,0,14,0,126,5,0,0,30,0,0,0,0,0,18,0,61,0,80,0,27,1,17,0,0,0,8,0,305,2,0,0,0,0,0,0,5,0,0,0,5,0,0,0,0,0,39,0,0,0,412,0,0,0,0,0,124,0,0,0,0,0,448,0,94,0,0,0,0,0,0,0,0,0,0,0,0,0,0,0,0,0,0,0,0,0,46,0,92,0,0,0,0,0,11,0,0,0,0,0,0,0,302,0,131,0,215,0,472,0,0,0,0,0,0,0,0,0,0,0,150,0,0,0,0,0,0,0,0,0,1,0,26,0,0,0,16,0,89,0,3,0,24,33,0,2,3,0,0,4,1,0,0,0,0,0,0,0,0,0,0,0,0,0,0,0,35,0,0,0,0,0,0,0,0,0,126,111,59,99,106,0,9,0,0,0,0,0,0,0,0
19,144,17,21,0,7,0,33,3,0,0,25,0,0,0,26,17,0,0,0,0,164,39,144,42,125,0,0,0,173,0,127,1,37,0,29,0,0,0,71,0,0,0,14,0,0,0,0,0,13,0,0,1,55,0,81,0,48,0,0,0,14,0,382,0,0,1,0,0,0,0,0,0,0,0,0,0,0,0,0,0,169,0,0,0,233,0,34,0,0,0,0,0,0,0,0,0,37,0,105,0,0,0,0,0,0,0,14,0,0,0,0,0,0,0,0,0,0,0,0,0,0,0,0,0,2,0,0,0,0,0,0,0,0,0,0,0,98,0,265,0,68,0,408,0,5,0,0,0,0,0,0,0,0,0,48,0,0,1,18,0,0,0,0,0,0,0,13,0,5,0,11,0,34,0,0,0,60,0,41,0,0,1,19,0,3,0,0,0,0,0,0,0,0,0,0,0,0,0,0,0,13,0,0,0,0,0,0,0,0,0,0,0,0,92,0,0,0,185,266,35,32,0,1,0
54,0,99,0,159,137,0,0,45,0,40,24,59,343,200,13,43,0,0,195,405,28,217,0,41,0,75,227,24,0,57,7,8,0,200,0,94,0,0,0,60,27,68,11,35,0,26,25,14,0,238,0,2,0,0,0,0,0,0,0,0,0,7,0,8,0,0,0,0,0,0,0,0,0,0,0,0,0,0,0,0,0,0,0,29,0,0,0,0,0,0,0,0,0,0,0,0,0,0,0,0,0,0,0,0,0,0,0,0,0,0,0,0,0,0,0,0,0,0,0,0,0,0,0,0,0,0,0,0,0,5,0,0,0,14,0,0,0,0,0,20,0,0,0,7,0,0,0,30,0,0,0,0,0,0,0,0,0,0,0,0,0,8,0,77,0,39,0,80,0,0,0,20,0,0,0,25,52,22,0,0,0,0,0,68,0,13,0,0,0,0,0,0,0,0,0,0,0,0,0,0,0,0,0,0,0,0,0,13,0,247,251,293,0,70,0,0,0,0,0,0,0,0,0,0
0,124,0,160,163,260,0,59,0,15,23,102,309,71,128,258,0,0,195,0,98,323,0,195,0,54,116,570,0,7,8,54,0,23,18,142,0,126,0,0,0,0,0,100,0,48,0,50,0,2,0,215,0,0,0,20,0,0,0,3,0,0,0,0,0,36,0,0,0,0,0,0,0,0,0,0,0,0,0,0,0,0,0,0,0,0,0,0,0,0,0,0,0,0,0,0,0,0,0,0,0,0,0,0,0,0,0,0,0,0,0,0,0,0,0,0,0,0,0,0,0,0,0,0,0,0,0,0,0,0,0,0,0,13,0,0,0,131,0,0,0,0,0,0,0,0,0,0,0,0,0,0,0,0,0,0,0,6,0,0,0,0,0,0,0,26,0,84,0,69,0,0,0,15,0,0,6,173,66,13,0,0,0,0,0,15,5,7,0,0,0,0,0,0,0,0,0,0,0,0,0,0,0,0,0,0,0,0,0,44,0,0,0,0,119,0,0,0,273,367,340,0,0,0,0
51,16,167,30,493,145,0,2,0,0,178,39,56,89,379,68,613,0,405,98,0,26,362,0,155,0,279,44,60,0,330,0,154,0,186,0,60,0,10,1,0,0,29,1,33,0,13,0,16,0,160,0,17,0,25,0,0,0,0,0,0,0,85,0,0,0,0,0,0,0,0,0,0,0,0,0,0,0,0,0,44,0,0,0,266,0,0,0,0,0,0,0,0,0,0,0,278,0,58,0,0,0,0,0,0,0,33,0,0,0,0,0,0,0,0,0,0,0,0,0,74,0,85,0,0,0,0,0,0,0,0,0,0,0,0,0,118,0,0,0,101,0,224,0,0,0,0,0,16,0,0,0,0,0,24,0,0,0,11,0,0,0,9,0,19,0,108,0,39,0,6,0,78,0,10,0,70,65,56,0,0,0,5,0,0,0,0,2,0,0,0,0,0,0,0,0,0,0,0,0,0,0,0,0,0,0,0,0,0,0,484,251,167,83,181,0,0,0,0,0,0,0,0,0,0
0,15,0,96,49,131,0,22,0,0,19,94,39,71,49,200,0,164,28,323,26,0,0,366,0,72,0,425,0,36,0,78,0,7,0,122,0,59,0,0,0,3,0,234,0,129,0,8,0,32,0,85,0,0,0,0,0,0,0,0,0,0,0,90,0,8,0,0,0,0,0,0,0,0,0,0,0,0,0,0,0,0,0,0,0,171,0,0,0,0,0,0,0,0,0,0,0,0,0,0,0,0,0,0,0,0,0,0,0,1,0,0,0,0,0,0,0,0,0,0,0,0,0,0,0,0,0,0,0,0,0,0,0,0,0,0,0,0,0,150,0,169,0,224,0,28,0,0,0,0,0,0,0,0,0,0,0,6,0,0,0,0,0,0,0,0,0,43,0,34,0,6,0,19,0,0,0,95,12,30,0,0,0,0,0,10,1,18,0,0,0,0,0,0,0,0,0,0,0,0,0,0,0,0,0,0,0,0,0,0,0,0,0,0,134,0,0,0,364,572,134,47,0,0,0
64,229,359,208,144,68,9,0,7,0,35,43,6,0,401,202,103,39,217,0,362,0,0,132,210,70,154,0,40,0,26,0,47,0,0,0,25,0,67,0,0,0,0,0,0,0,14,0,0,0,16,0,7,0,82,0,0,0,0,2,0,0,13,0,3,0,0,0,0,0,0,0,0,0,0,0,0,0,0,0,0,0,0,0,78,0,2,0,0,0,0,0,0,0,0,0,88,0,0,0,0,0,0,0,4,0,0,0,0,0,0,0,0,0,0,0,0,0,0,0,0,0,0,0,20,0,0,0,0,0,0,0,0,0,49,0,350,0,0,0,61,0,175,0,2,0,19,0,29,3,0,0,18,0,25,0,0,0,0,0,0,0,0,0,0,0,13,0,7,0,6,0,93,0,8,0,206,152,4,2,0,0,27,20,25,0,0,0,0,0,0,0,0,0,0,0,0,0,12,0,0,0,0,0,0,0,0,0,42,0,234,94,0,0,127,0,0,0,3,0,0,0,0,0,0
30,121,45,211,25,113,0,24,1,0,17,101,1,0,31,293,28,144,0,195,0,366,132,0,15,152,0,93,0,42,3,94,0,21,0,55,0,33,0,26,0,0,0,24,0,32,0,5,0,21,0,12,0,0,0,64,0,13,0,0,0,0,0,56,0,8,0,0,0,0,0,1,0,0,0,0,0,0,0,0,0,67,0,0,0,138,0,0,0,0,0,0,0,0,0,0,0,0,0,58,0,12,0,0,0,0,0,0,0,0,0,0,0,0,0,0,0,0,0,0,0,13,0,0,0,0,0,0,0,0,0,0,0,0,0,72,0,0,0,66,0,39,0,187,0,4,1,0,0,0,0,0,0,0,0,8,0,0,0,0,0,0,0,0,0,0,1,49,0,16,0,11,0,51,0,0,14,104,0,64,0,0,6,10,0,0,0,0,0,0,0,0,0,0,0,0,0,0,0,0,0,0,0,0,0,0,0,0,0,0,0,0,0,0,87,0,0,0,250,409,39,17,0,2,0
9,114,51,45,12,0,167,81,0,204,0,0,0,0,109,7,189,42,41,0,155,0,210,15,0,175,0,0,71,0,0,0,10,0,0,0,8,0,110,0,0,0,0,0,0,0,6,0,14,0,0,0,36,13,267,7,17,0,0,0,43,0,131,20,0,0,0,0,0,0,0,0,0,0,0,0,0,0,0,0,0,0,0,0,45,0,0,0,0,0,25,0,0,0,0,0,71,0,0,0,0,0,0,0,0,0,0,0,0,0,0,0,0,0,0,0,0,0,0,0,0,0,12,0,11,0,0,0,41,0,5,0,13,0,41,0,539,0,44,0,52,0,255,0,0,0,6,0,11,0,0,0,0,0,50,0,1,1,15,0,10,0,4,0,2,0,0,0,14,0,44,0,187,0,0,0,15,155,0,0,0,0,7,20,2,0,0,0,0,0,0,0,0,0,0,0,0,0,0,0,52,0,0,0,0,0,0,0,43,0,148,109,65,131,165,0,10,0,0,1,0,0,0,0,0
97,28,76,94,0,20,67,109,50,10,0,2,0,0,0,206,54,125,0,54,0,72,70,152,175,0,0,0,2,68,0,24,0,6,0,0,0,0,4,74,0,0,0,0,0,5,0,0,0,11,0,0,0,36,9,343,0,72,0,5,0,41,14,156,1,0,0,0,0,0,0,0,0,0,0,0,0,0,0,0,0,0,0,9,0,29,0,0,0,0,0,0,0,0,0,0,0,17,0,16,0,0,0,0,0,0,0,0,0,0,0,0,0,0,0,0,0,0,0,4,0,0,0,3,0,0,0,0,0,12,0,9,0,14,0,87,0,172,0,72,0,22,0,99,0,2,0,0,0,0,0,0,0,0,0,39,0,15,0,9,0,0,0,0,0,4,0,0,0,6,0,23,0,63,0,0,10,263,0,0,0,4,19,15,0,2,0,0,0,0,0,0,0,0,0,0,0,0,0,0,0,20,0,0,0,0,0,0,0,4,0,1,0,0,146,0,0,0,164,295,75,85,0,1,2
81,0,67,0,122,0,0,0,21,0,75,0,180,589,201,0,102,0,75,116,279,0,154,0,0,0,0,498,37,0,47,0,0,0,27,0,43,0,0,0,65,255,327,32,244,80,139,174,31,0,255,0,0,0,0,0,5,0,0,0,0,0,32,0,0,0,0,0,0,0,0,0,0,0,0,0,0,0,0,0,0,0,0,0,0,0,18,0,0,0,39,0,0,0,0,0,0,0,0,0,0,0,0,0,0,0,0,0,0,0,0,0,0,0,0,0,0,0,0,0,64,0,0,0,0,0,0,0,0,0,3,0,5,0,0,0,0,0,0,0,0,0,0,0,0,0,0,0,0,0,0,0,9,0,0,0,0,0,0,0,3,0,0,0,61,0,14,0,0,0,0,0,0,0,0,0,19,135,35,0,2,0,0,0,44,0,92,6,0,0,0,0,0,0,0,0,0,0,0,0,0,0,0,0,0,0,0,0,0,0,179,395,278,46,83,4,0,0,0,21,0,0,0,0,0
0,250,0,74,24,265,0,0,0,47,0,326,318,133,13,76,0,0,227,570,44,425,0,93,0,0,498,0,0,0,3,25,0,0,12,46,0,26,0,0,168,33,35,221,62,397,56,311,4,26,35,359,0,0,0,0,0,0,0,0,0,0,0,0,0,14,0,0,0,0,0,0,0,0,0,0,0,0,0,0,0,0,0,0,0,0,0,0,0,0,0,0,0,0,0,0,0,0,0,0,0,0,0,0,0,0,0,0,0,0,0,0,0,0,0,0,0,0,0,0,0,0,0,0,0,0,0,0,0,0,0,0,0,0,0,0,0,0,0,0,0,0,0,0,0,0,0,0,0,0,0,0,0,0,0,0,0,0,0,0,0,0,0,0,0,69,0,9,0,56,0,0,0,0,0,0,0,106,10,10,0,0,0,7,0,0,47,0,0,0,0,0,0,0,0,0,0,2,0,0,0,0,0,0,0,0,0,0,0,0,0,0,0,0,67,0,0,0,139,794,379,60,0,0,4
264,0,310,0,61,0,22,0,4,0,12,0,0,0,5,6,340,0,24,0,60,0,40,0,71,2,37,0,0,0,63,0,45,0,39,0,41,0,26,0,0,0,60,0,0,0,0,0,2,0,44,0,25,0,4,0,7,0,0,0,10,0,121,0,1,0,0,0,0,0,6,0,0,0,10,0,0,0,0,0,24,0,0,0,179,0,0,0,0,0,21,0,0,0,0,0,166,0,0,0,0,0,0,0,0,0,0,0,0,0,0,0,0,0,0,0,0,0,0,0,57,0,83,0,0,0,0,0,0,0,0,0,0,0,0,0,24,0,193,0,139,0,106,0,36,0,0,0,2,0,0,0,0,0,20,0,15,0,12,0,0,0,0,0,0,0,0,0,0,0,0,0,4,0,0,0,0,2,0,0,0,0,28,0,4,0,0,0,0,0,0,0,0,0,0,0,0,0,0,0,0,0,0,0,0,0,0,0,0,0,0,36,0,0,24,0,0,1,0,0,0,0,0,0,0
0,96,0,155,0,45,0,54,0,12,0,43,0,0,0,29,0,173,0,7,0,36,0,42,0,68,0,0,0,0,0,78,0,112,0,42,0,5,0,26,0,0,0,25,0,0,0,0,0,0,1,36,0,29,0,26,0,11,0,0,0,5,0,228,0,0,0,0,0,0,0,3,0,0,0,0,0,0,0,0,0,46,0,0,0,119,0,0,0,0,0,0,0,0,0,0,0,0,0,44,0,0,0,0,0,0,0,0,0,0,0,0,0,0,0,0,0,0,0,0,0,12,0,0,0,0,0,0,0,0,0,0,0,0,0,0,0,0,0,236,0,143,0,209,0,27,0,0,0,0,0,0,0,0,0,9,0,8,0,10,0,0,0,0,0,0,0,5,0,4,0,0,0,0,0,0,0,0,0,32,0,0,0,9,0,0,0,0,0,0,0,0,0,0,0,0,0,0,0,0,0,0,0,0,0,0,0,0,0,2,0,0,0,0,25,0,0,0,48,43,0,0,0,0,0
31,0,46,0,258,5,0,0,0,0,96,0,57,3,155,9,206,0,57,8,330,0,26,3,0,0,47,3,63,0,0,0,15,0,73,0,34,0,0,0,0,0,79,0,11,0,0,0,0,0,113,0,0,0,0,0,0,0,0,0,0,0,42,0,0,0,0,0,0,0,14,0,0,0,11,0,0,0,0,0,26,0,0,0,147,0,9,0,0,0,0,0,0,0,0,0,0,0,0,0,0,0,0,0,0,0,0,0,0,0,0,0,0,0,0,0,0,0,0,0,51,0,57,0,0,0,0,0,0,0,0,0,0,0,0,0,0,0,0,0,79,0,0,0,0,0,0,0,3,0,0,0,0,0,0,0,5,0,0,0,0,0,0,0,0,0,51,0,11,0,0,0,17,0,0,0,9,8,26,0,0,0,7,0,0,0,0,0,0,0,0,0,0,0,0,0,0,0,0,0,0,0,0,0,0,0,0,0,0,0,105,86,41,0,0,0,0,0,0,0,0,0,0,0,0
0,23,0,36,0,120,0,22,0,0,0,97,0,0,0,120,0,127,7,54,0,78,0,94,0,24,0,25,0,78,0,0,0,6,0,39,0,15,0,4,0,0,0,49,0,23,0,0,0,0,0,28,0,0,0,0,0,0,0,4,0,0,0,46,0,6,0,0,0,0,0,0,0,0,0,0,0,0,0,0,0,0,0,0,0,82,0,0,0,0,0,0,0,0,0,0,0,0,0,32,0,0,0,0,0,0,0,0,0,0,0,0,0,0,0,0,0,0,0,0,0,0,0,0,0,0,0,0,0,0,0,0,0,0,0,0,0,0,0,0,0,48,0,128,0,9,0,0,0,0,0,0,0,0,0,0,0,5,0,0,0,0,0,0,0,0,0,25,0,0,0,0,0,0,0,0,0,114,0,40,0,0,0,0,0,0,0,11,0,0,0,0,0,0,0,0,0,0,0,0,0,0,0,0,0,0,0,0,0,0,0,0,0,0,86,0,0,0,193,187,60,22,0,0,0
294,0,185,3,440,0,0,0,0,0,281,5,10,0,120,0,91,1,8,0,154,0,47,0,10,0,0,0,45,0,15,0,0,0,31,0,150,0,0,0,0,0,46,0,3,0,0,0,3,0,31,0,0,0,0,0,0,0,1,0,20,0,30,0,2,0,0,0,0,0,0,0,0,0,0,0,0,0,0,0,0,0,0,0,0,0,0,0,0,0,0,0,0,0,0,0,0,0,0,0,0,0,0,0,0,0,0,0,0,0,0,0,0,0,0,0,0,0,0,0,23,0,15,0,0,0,1,0,0,0,0,0,0,0,0,0,0,0,43,0,0,0,0,0,0,0,0,0,0,0,0,0,0,0,4,0,45,0,0,0,1,0,0,0,0,0,42,0,0,0,5,0,21,0,0,0,0,5,0,0,0,0,27,0,8,0,0,0,0,0,0,0,0,0,0,0,0,0,0,0,0,0,0,0,0,0,0,0,0,0,0,58,34,0,0,1,0,0,0,0,0,0,0,0,0
0,90,0,122,22,350,0,0,0,22,0,321,0,1,23,142,0,37,0,23,0,7,0,21,0,6,0,0,0,112,0,6,0,0,0,24,0,140,0,5,0,0,0,5,0,0,0,0,0,1,0,17,0,2,0,0,0,0,0,0,0,2,0,39,0,18,0,1,0,0,0,3,0,0,0,0,0,0,0,0,0,0,0,0,0,65,0,0,0,0,0,0,0,0,0,0,0,0,0,0,0,0,0,0,0,0,0,0,0,0,0,0,0,0,0,0,0,0,0,0,0,23,0,6,0,0,0,0,0,0,0,0,0,0,0,0,0,0,0,65,0,65,0,127,0,14,0,0,0,0,0,0,0,4,0,0,0,5,0,0,0,0,0,0,0,0,0,89,0,0,0,5,0,0,0,0,0,144,0,268,0,0,0,0,0,0,0,8,0,0,0,0,0,0,0,0,0,0,0,0,0,0,0,0,0,0,0,0,0,0,1,0,0,0,0,0,0,0,72,102,55,0,0,1,0
0,0,0,0,197,0,0,0,6,0,65,0,133,13,82,1,59,0,200,18,186,0,0,0,0,0,27,12,39,0,73,0,31,0,0,0,182,0,0,0,0,0,15,0,0,0,0,0,0,0,114,0,0,0,0,0,0,0,0,0,0,0,22,0,0,0,0,0,0,0,13,0,0,0,10,0,0,0,0,0,0,0,0,0,132,0,0,0,0,0,0,0,0,0,0,0,0,0,29,0,0,0,0,0,0,0,0,0,0,0,0,0,0,0,0,0,0,0,0,0,58,0,53,0,0,0,0,0,0,0,0,0,0,0,0,0,0,0,0,0,0,0,59,0,0,0,0,0,0,0,0,0,0,0,0,0,8,0,0,0,0,0,6,0,16,0,68,0,24,0,10,0,31,0,0,0,0,0,19,0,0,0,0,0,0,0,4,0,0,0,0,0,0,0,0,0,0,0,0,0,0,0,0,0,0,0,0,0,0,0,169,114,101,0,50,0,0,0,0,1,0,0,0,0,0
0,0,0,0,0,81,0,0,0,0,0,129,6,110,9,47,0,29,0,142,0,122,0,55,0,0,0,46,0,42,0,39,0,24,0,0,0,328,0,52,0,0,0,56,0,24,0,0,0,2,0,57,0,0,0,0,0,0,0,0,0,8,0,17,0,0,0,0,0,0,0,0,0,0,0,0,0,0,0,0,0,0,0,0,0,0,0,0,0,0,0,0,0,0,0,0,0,0,0,0,0,0,0,0,0,0,0,0,0,0,0,0,0,0,0,0,0,0,0,0,0,0,0,0,0,0,0,0,0,0,0,0,0,0,0,0,0,0,0,76,0,103,0,63,0,19,0,0,0,0,0,0,0,0,0,0,0,23,0,0,0,0,0,1,0,15,0,28,0,23,0,0,0,9,0,0,0,0,0,31,0,0,0,0,0,0,0,41,0,0,0,0,0,0,0,0,0,0,0,0,0,0,0,0,0,0,0,0,0,0,0,0,0,0,43,0,0,0,97,194,82,0,0,0,0
152,0,77,0,403,0,0,0,0,0,353,0,73,0,169,0,14,0,94,0,60,0,25,0,8,0,43,0,41,0,34,0,150,0,182,0,0,0,113,0,0,0,67,0,24,0,0,0,14,0,145,0,1,0,0,0,0,0,0,0,20,0,35,0,0,0,0,0,0,0,0,0,0,0,20,0,0,0,0,0,32,0,0,0,148,0,11,0,0,0,0,0,0,0,0,0,80,0,60,0,0,0,0,0,0,0,0,0,0,0,0,0,0,0,0,0,0,0,0,0,89,0,69,0,0,0,0,0,0,0,0,0,0,0,0,0,0,0,143,0,106,0,50,0,101,0,0,0,0,0,0,0,0,0,0,0,48,0,0,0,2,0,26,0,11,0,59,0,26,0,25,0,42,0,0,0,0,0,40,0,0,0,0,0,0,0,4,0,0,0,0,0,0,0,0,0,0,0,0,0,0,0,0,0,0,0,0,0,2,0,118,85,86,41,33,0,0,3,0,0,0,0,0,0,0
0,56,0,26,0,89,0,11,0,0,1,94,0,49,6,102,0,0,0,126,0,59,0,33,0,0,0,26,0,5,0,15,0,140,0,328,0,0,0,22,0,0,0,69,0,21,0,0,0,0,0,90,0,0,0,0,0,0,0,0,0,18,0,7,0,0,0,0,0,0,0,0,0,0,0,4,0,0,0,0,0,98,0,0,0,0,0,0,0,0,0,0,0,0,0,0,0,0,0,0,0,0,0,0,0,0,0,0,0,0,0,1,0,0,0,0,0,0,0,0,0,30,0,0,0,0,0,0,0,0,0,0,0,0,0,0,0,0,0,107,0,161,0,122,0,80,0,0,0,1,0,0,0,0,0,6,0,85,0,3,0,0,0,2,0,17,0,25,0,61,0,12,0,55,0,0,0,30,0,154,0,0,0,9,0,0,0,31,0,0,0,0,0,0,0,0,0,0,0,0,0,0,0,0,0,0,0,0,0,0,0,0,0,0,14,0,0,0,19,109,32,0,0,0,0
489,0,334,0,0,0,87,1,0,0,0,0,0,0,0,0,126,0,0,0,10,0,67,0,110,4,0,0,26,0,0,0,0,0,0,0,113,0,0,0,0,0,5,0,0,0,0,0,0,0,0,0,12,0,0,0,0,0,1,0,45,0,62,0,0,0,0,0,0,0,0,0,0,0,4,0,0,0,1,0,0,0,0,0,54,0,7,0,0,0,0,0,0,0,0,0,0,0,20,0,0,0,0,0,0,0,0,0,0,0,0,0,0,0,0,0,0,0,0,0,29,0,43,0,0,0,0,0,0,0,0,0,0,0,0,0,0,0,92,0,73,0,25,0,46,0,1,0,0,0,0,0,0,0,3,0,41,0,0,0,0,0,9,0,0,0,21,0,0,0,15,0,164,0,0,0,0,0,0,0,0,0,0,1,0,0,0,0,0,0,0,0,0,0,0,0,0,0,0,0,0,0,0,0,0,0,0,0,0,0,44,195,7,53,38,0,0,0,0,0,0,0,0,0,0
0,565,0,378,0,0,0,137,0,28,0,108,0,0,0,25,5,71,0,0,1,0,0,26,0,74,0,0,0,26,0,4,0,5,0,52,0,22,0,0,0,0,0,4,0,0,0,0,0,0,0,17,0,2,0,0,0,2,0,0,0,14,0,34,0,13,0,0,0,0,0,0,0,0,0,0,0,0,0,0,0,0,0,0,0,27,0,0,0,0,0,0,0,0,0,0,0,0,0,0,0,0,0,0,0,0,0,0,0,0,0,0,0,0,0,0,0,0,0,0,0,0,0,0,0,0,0,0,0,0,0,0,0,0,0,0,0,0,0,129,0,40,0,35,0,37,0,0,0,23,0,0,0,0,0,17,0,36,0,14,0,0,0,0,0,0,0,0,0,0,0,0,0,68,0,1,0,52,0,222,0,0,0,51,0,19,0,0,0,0,0,0,0,0,0,0,0,0,0,0,0,0,0,0,0,0,0,0,0,0,0,0,0,0,0,0,0,0,0,167,0,0,0,0,0
25,0,14,0,82,0,0,0,0,0,117,0,236,120,0,0,0,0,60,0,0,0,0,0,0,0,65,168,0,0,0,0,0,0,0,0,0,0,0,0,0,159,33,11,75,81,113,150,151,6,0,0,0,0,0,0,0,0,0,0,0,0,0,0,0,0,0,0,0,0,0,0,0,0,0,0,0,0,0,0,0,0,0,0,0,0,0,0,0,0,0,0,0,0,0,0,0,0,0,0,0,0,0,0,0,0,0,0,0,0,0,0,0,0,0,0,0,0,0,0,0,0,0,0,2,0,0,0,0,0,2,0,0,0,0,0,23,0,0,0,0,0,0,0,0,0,0,0,0,0,0,0,8,0,0,0,0,0,0,0,0,0,0,0,0,0,0,0,0,0,0,0,0,0,0,0,10,61,41,0,0,0,0,0,0,0,277,7,0,0,0,0,0,0,0,0,0,0,0,0,0,0,0,0,0,0,0,0,0,0,0,137,22,0,0,0,0,29,0,26,0,0,0,0,0
0,28,0,0,0,66,0,0,0,5,0,111,25,266,0,1,0,0,27,0,0,3,0,0,0,0,255,33,0,0,0,0,0,0,0,0,0,0,0,0,159,0,8,30,113,73,93,175,14,162,12,9,0,0,0,0,0,0,0,0,0,0,0,0,0,1,0,0,0,1,0,0,0,0,0,0,0,0,0,0,0,0,0,0,0,0,0,0,0,0,0,0,0,0,0,0,0,0,0,0,0,0,0,0,0,0,0,0,0,2,0,0,0,0,0,0,0,0,0,0,0,0,0,0,0,0,0,0,0,0,0,0,0,0,0,0,0,0,0,0,0,0,0,0,0,0,0,0,0,0,0,6,0,0,0,0,0,0,0,0,0,0,0,0,0,0,0,0,0,0,0,0,0,0,0,0,0,479,0,8,0,35,0,0,0,0,25,15,0,0,0,0,0,0,0,0,0,0,0,0,0,0,0,0,0,0,0,0,0,0,0,8,0,0,0,0,0,0,0,164,31,0,0,0,43
0,0,0,0,0,0,0,0,0,0,0,0,140,0,0,1,30,0,68,0,29,0,0,0,0,0,327,35,60,0,79,0,46,0,15,0,67,0,5,0,33,8,0,3,268,0,40,10,60,1,91,0,1,0,0,0,0,0,0,0,0,0,0,0,0,0,0,0,0,0,23,0,0,0,15,0,0,0,0,0,0,0,0,0,0,0,19,0,0,0,0,0,0,0,0,0,0,0,0,0,0,0,0,0,0,0,0,0,0,0,0,0,0,0,0,0,0,0,0,0,83,0,53,0,0,0,0,0,1,0,0,0,0,0,0,0,0,0,0,0,30,0,0,0,0,0,1,0,0,0,0,0,0,0,0,0,0,0,0,0,3,0,5,0,46,0,14,0,26,0,0,0,19,0,0,0,0,4,47,0,0,0,0,0,0,0,86,0,0,0,0,0,0,0,0,0,0,0,0,0,0,0,0,0,0,0,0,0,0,0,57,144,137,19,15,0,0,13,0,0,0,0,0,0,0
1,0,0,0,0,0,0,0,0,0,0,0,10,127,0,0,0,14,11,100,1,234,0,24,0,0,32,221,0,25,0,49,0,5,0,56,0,69,0,4,11,30,3,0,0,105,4,31,0,19,0,82,0,0,0,0,0,0,0,0,0,9,0,0,0,0,0,0,0,0,0,0,0,0,0,0,0,0,0,0,0,0,0,0,0,0,0,13,0,0,0,0,0,0,0,0,0,0,0,0,0,0,0,0,0,0,0,0,0,0,0,0,0,0,0,0,0,0,0,0,0,8,0,0,0,0,0,0,0,0,0,0,0,0,0,0,0,0,0,98,0,107,0,0,0,39,0,0,0,0,0,0,0,0,0,0,0,28,0,0,0,6,0,0,0,17,0,6,0,5,0,5,0,12,0,0,0,10,0,0,0,0,0,0,0,0,1,123,0,0,0,0,0,0,0,0,0,0,0,0,0,0,0,0,0,0,0,0,0,0,0,0,0,0,24,0,0,0,64,201,93,0,0,0,0
0,0,0,0,21,0,0,0,0,0,27,0,71,59,22,0,0,0,35,0,33,0,0,0,0,0,244,62,0,0,11,0,3,0,0,0,24,0,0,0,75,113,268,0,0,80,282,131,245,18,91,6,0,0,0,0,0,0,0,0,0,0,0,0,0,0,0,0,0,0,0,0,0,0,0,0,0,0,8,0,19,0,0,0,0,0,0,0,2,0,0,0,0,1,19,0,0,0,0,0,0,0,0,0,0,0,0,0,0,0,0,0,0,0,0,0,0,0,0,0,37,0,0,0,0,0,0,0,0,0,0,0,0,0,0,0,0,0,0,0,0,0,0,0,0,0,0,0,0,0,0,0,0,0,0,0,0,0,0,0,0,0,0,0,80,0,7,0,61,0,9,0,20,0,0,0,0,17,14,0,0,1,10,0,11,0,108,3,0,0,0,0,0,0,0,0,0,0,0,0,0,0,0,0,0,0,0,0,0,0,75,277,376,33,39,0,0,135,0,19,0,0,0,0,1
1,23,0,17,0,20,0,19,1,0,0,40,0,22,0,0,0,0,0,48,0,129,0,32,0,5,80,397,0,0,0,23,0,0,0,24,0,21,0,0,81,73,0,105,80,0,47,351,14,196,3,82,0,0,0,15,0,18,0,17,0,0,0,25,0,0,0,0,0,4,0,10,0,0,0,0,0,25,0,0,0,163,0,0,0,147,0,54,0,15,0,0,0,12,0,78,0,8,0,0,0,0,0,5,0,0,0,0,0,0,0,0,0,0,0,0,0,3,0,0,0,64,0,12,0,0,0,4,0,0,0,0,0,0,0,19,0,0,0,60,0,134,0,233,0,27,0,0,0,0,0,0,0,0,0,0,0,0,0,0,0,11,0,6,0,139,0,12,0,154,0,18,0,29,0,0,0,138,0,0,0,0,0,0,0,0,17,43,0,0,0,0,0,0,0,0,0,0,0,0,0,0,0,0,0,0,0,0,0,0,0,6,0,0,55,0,0,0,68,297,416,43,0,0,78
11,0,9,0,35,0,1,0,0,0,45,0,126,62,0,0,0,0,26,0,13,0,14,0,6,0,139,56,0,0,0,0,0,0,0,0,0,0,0,0,113,93,40,4,282,47,0,81,150,10,37,0,0,0,0,0,0,0,0,0,0,0,0,0,0,0,0,0,0,0,3,0,0,0,0,0,0,0,0,0,0,0,0,0,0,0,0,0,0,0,0,0,0,0,0,0,0,0,0,0,0,0,0,0,0,0,0,0,0,0,0,0,0,0,0,0,0,0,0,0,0,0,4,0,0,0,0,0,0,0,0,0,0,0,0,0,26,0,0,0,0,0,20,0,1,0,0,0,9,0,0,0,0,0,0,0,0,0,0,0,0,0,0,0,17,0,0,0,0,0,0,0,0,0,0,0,0,12,19,0,0,0,12,0,0,0,154,0,0,0,0,0,0,0,0,0,0,0,0,0,0,0,0,0,0,0,0,0,0,0,12,214,55,0,0,0,0,86,0,21,0,0,0,0,1
0,57,0,0,0,98,0,0,0,0,0,130,43,174,0,0,0,0,25,50,0,8,0,5,0,0,174,311,0,0,0,0,0,0,0,0,0,0,0,0,150,175,10,31,131,351,81,0,12,169,0,12,0,0,0,0,0,4,0,0,0,0,0,5,0,0,0,0,0,0,0,0,0,0,0,0,0,0,0,0,0,0,0,0,0,0,0,0,0,0,0,0,0,0,0,0,0,0,0,0,0,0,0,0,0,0,0,0,0,0,0,0,0,0,0,0,0,0,0,0,0,0,0,0,0,0,0,0,0,0,0,0,0,0,0,0,0,2,0,1,0,0,0,0,0,0,0,0,0,0,0,0,0,0,0,0,0,0,0,0,0,0,0,0,0,28,0,1,0,0,0,0,0,0,0,0,0,144,0,0,0,0,0,1,0,0,27,4,0,0,0,0,0,0,0,0,0,0,0,0,0,0,0,0,0,0,0,0,0,0,0,7,0,0,3,0,0,0,0,305,131,0,0,1,90
27,0,48,0,28,0,67,0,34,0,16,0,21,0,11,1,18,0,14,0,16,0,0,0,14,0,31,4,2,0,0,0,3,0,0,0,14,0,0,0,151,14,60,0,245,14,150,12,0,6,25,0,23,0,62,1,69,0,64,0,13,0,0,0,0,0,0,0,23,0,5,0,0,0,0,0,5,0,8,0,18,0,42,0,29,0,39,0,8,0,4,0,25,0,103,0,37,0,0,0,32,0,8,0,9,0,0,0,4,0,0,0,0,0,0,0,0,0,0,0,11,0,5,0,16,0,0,0,24,0,23,0,18,0,18,0,20,0,0,0,6,0,24,0,8,0,2,0,0,0,3,0,0,0,29,0,0,0,21,0,41,0,14,0,59,0,17,0,102,0,17,0,32,0,0,0,27,7,26,0,0,0,0,0,0,0,413,1,10,0,0,0,20,0,15,0,0,0,32,0,0,0,55,0,0,0,30,0,0,0,133,56,258,20,142,5,6,24,0,6,1,0,0,0,1
0,14,0,17,0,12,0,26,0,17,0,55,0,16,0,8,0,13,0,2,0,32,0,21,0,11,0,26,0,0,0,0,0,1,0,2,0,0,0,0,6,162,1,19,18,196,10,169,6,0,0,10,0,0,0,12,0,18,0,6,0,5,0,33,0,2,0,0,0,2,0,0,0,0,0,4,0,15,0,0,0,101,0,26,0,104,0,0,0,8,0,0,0,11,0,53,0,14,0,36,0,12,0,4,0,0,0,0,0,0,0,0,0,0,0,0,0,0,0,0,0,40,0,0,0,0,0,0,0,5,0,7,0,0,0,0,0,0,0,0,0,15,0,72,0,8,0,0,0,0,0,8,0,0,0,2,0,1,0,1,0,0,0,2,0,107,0,0,0,85,0,5,0,5,0,0,0,169,0,7,0,22,0,11,0,10,5,37,0,5,0,1,0,0,0,0,0,0,0,1,0,0,0,3,0,0,0,0,0,1,0,3,0,0,26,0,0,0,56,74,95,7,2,1,10
0,0,19,0,102,0,20,0,0,0,0,0,214,37,30,2,61,0,238,0,160,0,16,0,0,0,255,35,44,1,113,0,31,0,114,0,145,0,0,0,0,12,91,0,91,3,37,0,25,0,0,0,0,0,0,0,9,0,0,0,5,0,24,0,0,0,0,0,3,0,29,0,0,0,26,0,0,0,0,0,51,0,0,0,182,0,35,0,0,0,35,0,0,0,0,0,191,0,82,0,0,0,0,0,0,0,0,0,0,0,0,0,0,0,0,0,0,0,0,0,108,0,56,0,0,0,0,0,0,0,0,0,0,0,0,0,33,0,0,0,0,0,0,0,23,0,0,0,0,0,0,0,0,0,0,0,0,0,0,0,0,0,28,0,39,0,39,0,113,0,15,0,44,0,0,0,1,0,20,0,0,0,4,0,0,0,31,2,0,0,0,0,0,0,0,0,0,0,0,0,0,0,0,0,0,0,0,0,0,0,152,126,107,44,77,0,0,2,0,0,0,0,0,0,0
0,0,0,0,0,21,0,0,0,0,0,0,4,222,0,9,0,0,0,215,0,85,0,12,0,0,0,359,0,36,0,28,0,17,0,57,0,90,0,17,0,9,0,82,6,82,0,12,0,10,0,0,0,0,0,0,0,0,0,0,0,0,0,0,0,1,0,0,0,0,0,8,0,0,0,0,0,0,0,0,0,84,0,0,0,71,0,26,0,0,0,0,0,0,0,0,0,0,0,28,0,7,0,0,0,0,0,0,0,0,0,0,0,0,0,0,0,0,0,2,0,40,0,0,0,1,0,0,0,0,0,0,0,0,0,0,0,0,0,55,0,66,0,77,0,34,0,0,0,2,0,0,0,0,0,6,0,24,0,0,0,14,0,1,0,31,0,8,0,60,0,17,0,80,0,0,0,4,0,0,0,0,0,0,0,0,0,145,0,0,0,0,0,0,0,0,0,0,0,0,0,0,0,0,0,0,0,0,0,0,0,0,0,0,43,0,0,0,103,89,86,55,0,1,0
0,0,3,0,0,0,85,6,110,34,0,0,0,0,0,0,80,1,2,0,17,0,7,0,36,0,0,0,25,0,0,0,0,0,0,0,1,0,12,0,0,0,1,0,0,0,0,0,23,0,0,0,0,2,194,18,149,0,27,12,55,0,187,1,0,2,0,5,0,0,1,0,0,0,0,0,0,0,0,0,0,0,0,0,37,0,0,0,0,0,0,0,0,0,0,0,36,0,0,0,0,0,0,0,0,0,3,0,0,0,0,0,0,0,0,0,0,0,0,0,0,0,11,0,9,0,0,0,63,0,9,0,11,0,0,0,104,0,470,0,81,0,105,0,34,0,3,0,9,0,0,0,5,0,346,0,140,0,150,0,16,0,26,0,0,0,2,0,33,0,151,0,21,0,2,0,26,11,0,0,0,1,0,0,44,0,0,0,0,0,0,0,0,0,0,0,0,0,0,0,5,0,0,0,0,0,0,0,0,0,155,299,115,142,153,0,40,3,0,0,0,0,0,0,0
0,36,0,0,0,16,0,105,29,150,0,0,0,0,0,0,0,55,0,0,0,0,0,0,13,36,0,0,0,29,0,0,0,2,0,0,0,0,0,2,0,0,0,0,0,0,0,0,0,0,0,0,2,0,13,105,0,116,0,19,0,48,4,123,0,0,0,0,0,0,0,0,0,0,0,0,0,0,0,0,0,14,0,0,0,32,0,0,0,0,0,7,0,0,0,0,0,0,0,9,0,0,0,0,0,0,0,2,0,0,0,0,0,0,0,0,0,0,0,0,0,0,0,0,0,0,0,0,0,34,0,11,0,25,0,17,0,62,0,348,0,59,0,175,0,69,0,0,0,0,0,0,0,0,0,264,0,80,0,172,0,18,0,0,0,0,0,0,0,0,0,33,0,6,0,0,1,12,0,2,0,0,0,9,0,5,0,0,0,0,0,0,0,0,0,0,0,0,0,0,0,0,0,0,0,0,0,0,0,0,1,1,0,0,55,0,0,0,56,419,42,46,1,0,0
0,0,19,0,0,0,183,9,100,167,0,0,2,0,34,0,27,0,0,0,25,0,82,0,267,9,0,0,4,0,0,0,0,0,0,0,0,0,0,0,0,0,0,0,0,0,0,0,62,0,0,0,194,13,0,51,119,8,189,65,32,1,40,3,9,0,3,26,0,0,1,0,0,0,0,0,0,0,0,0,0,0,0,0,0,0,0,0,0,0,0,0,0,0,1,0,0,0,0,0,0,0,0,0,0,0,0,0,0,0,0,0,0,0,0,0,0,0,0,0,0,0,0,0,26,0,0,0,140,0,82,0,50,0,48,0,362,0,52,0,9,0,77,0,7,0,0,0,18,1,2,0,7,0,99,0,21,0,55,0,163,0,27,0,12,0,11,0,56,0,282,0,27,0,3,0,32,27,0,0,0,0,1,0,10,2,0,0,0,0,0,0,0,0,0,0,0,0,0,0,26,0,0,0,0,0,0,0,37,0,299,178,243,258,280,1,121,0,0,0,0,0,0,0,0
2,12,0,113,0,18,20,300,92,102,0,5,0,0,0,91,1,81,0,20,0,0,0,64,7,343,0,0,0,26,0,0,0,0,0,0,0,0,0,0,0,0,0,0,0,15,0,0,1,12,0,0,18,105,51,0,0,285,29,120,1,0,12,40,0,0,8,3,0,0,0,0,0,0,0,0,0,0,0,0,0,0,0,0,0,0,0,0,0,0,0,0,0,0,0,0,0,8,0,0,0,0,0,0,0,0,0,0,0,0,0,0,0,0,0,0,0,0,0,0,0,0,0,0,0,5,0,10,0,19,0,28,0,54,0,80,0,187,0,93,0,16,0,74,0,0,0,0,0,0,0,0,0,0,0,204,0,40,0,49,0,94,0,4,0,31,0,0,0,21,0,276,0,36,0,0,4,35,0,0,0,0,0,4,7,3,0,0,0,0,0,0,0,0,0,0,0,0,0,0,0,0,0,0,0,0,0,0,0,17,1,0,0,0,424,0,0,0,324,396,288,388,14,5,12
0,0,4,0,0,0,11,0,9,0,0,0,0,0,0,0,17,0,0,0,0,0,0,0,17,0,5,0,7,0,0,0,0,0,0,0,0,0,0,0,0,0,0,0,0,0,0,0,69,0,9,0,149,0,119,0,0,0,505,29,0,0,11,0,49,13,63,16,0,0,0,0,0,0,0,0,1,0,0,0,0,0,0,0,0,0,0,0,0,0,0,0,0,0,0,0,0,0,0,0,0,0,0,0,0,0,0,0,0,0,0,0,0,0,0,0,0,0,0,0,0,0,0,0,20,0,1,0,78,0,90,4,28,0,0,0,17,0,16,2,0,0,0,0,22,0,0,0,3,0,0,0,0,0,190,0,27,0,75,0,296,0,84,0,7,0,4,0,117,0,187,0,26,0,7,3,7,0,0,0,18,30,0,0,0,0,0,0,0,0,0,0,0,0,0,0,0,0,0,0,0,0,0,0,0,0,0,0,7,1,534,186,419,577,970,3,179,0,0,0,1,0,0,0,0
0,8,0,0,0,0,0,25,14,11,0,0,0,0,0,17,0,48,0,0,0,0,0,13,0,72,0,0,0,11,0,0,0,0,0,0,0,0,0,2,0,0,0,0,0,18,0,4,0,18,0,0,0,116,8,285,0,0,12,321,0,0,1,20,0,0,0,17,0,0,0,0,0,0,0,0,0,0,0,0,0,0,0,0,0,0,0,0,0,0,0,0,0,0,0,0,0,0,0,1,0,0,0,1,0,0,0,0,0,0,0,0,0,0,0,6,0,0,0,8,0,0,0,0,1,31,0,11,0,60,0,90,0,75,0,48,0,105,0,112,0,10,0,25,0,6,0,0,0,0,0,0,0,0,0,220,0,31,0,98,0,124,0,0,0,51,0,0,0,43,0,278,0,34,0,0,2,0,0,0,0,0,0,0,3,0,0,0,0,0,0,0,0,0,0,0,0,0,0,1,0,5,0,0,0,0,0,0,0,9,0,0,0,0,605,0,0,0,401,169,619,585,62,3,0
0,0,0,0,0,0,4,0,89,25,0,0,0,0,0,0,0,0,0,0,0,0,0,0,0,0,0,0,0,0,0,0,1,0,0,0,0,0,1,0,0,0,0,0,0,0,0,0,64,0,0,0,27,0,189,29,505,12,0,238,0,0,0,0,139,22,411,99,0,0,0,0,0,0,0,0,0,0,0,0,0,0,0,0,0,0,0,0,0,0,0,0,0,0,0,0,0,0,0,0,0,0,0,0,0,0,0,0,0,0,0,0,0,0,0,0,0,0,0,0,0,0,0,0,0,0,0,0,3,0,9,0,1,0,0,0,0,0,0,1,0,0,2,0,5,0,1,0,4,0,0,0,0,0,20,0,27,0,4,8,12,9,0,0,0,0,0,0,41,0,111,0,0,0,15,16,86,2,0,0,0,54,0,0,301,9,0,0,0,0,0,0,0,0,0,0,0,0,0,0,0,0,0,0,0,0,0,0,0,0,621,393,183,431,751,3,125,0,0,0,0,0,0,0,0
0,22,0,0,0,0,6,8,74,105,0,0,0,0,0,0,0,0,0,3,0,0,2,0,0,5,0,0,0,0,0,4,0,0,0,0,0,0,0,0,0,0,0,0,0,17,0,0,0,6,0,0,12,19,65,120,29,321,238,0,0,0,0,0,5,230,100,450,0,0,0,0,0,0,0,0,0,0,0,0,0,0,0,0,0,0,0,0,0,0,0,0,0,0,0,0,0,1,0,0,0,0,0,0,0,0,0,0,0,0,0,0,0,0,0,17,0,0,0,13,0,0,0,0,0,19,0,7,0,2,0,33,0,13,0,0,0,17,1,3,0,0,0,0,0,29,0,0,0,16,0,0,0,0,11,212,0,85,0,48,0,61,0,15,0,0,0,7,0,20,0,74,0,27,0,31,15,21,0,0,2,117,0,0,48,156,0,0,0,0,0,0,0,0,0,0,0,0,0,0,0,3,0,0,0,0,0,0,0,5,0,3,0,0,1131,0,0,0,925,506,421,592,50,1,11
59,0,28,0,0,0,202,0,137,2,0,0,0,0,0,0,8,0,0,0,0,0,0,0,43,0,0,0,10,0,0,0,20,0,0,0,20,0,45,0,0,0,0,0,0,0,0,0,13,0,5,0,55,0,32,1,0,0,0,0,0,0,84,0,0,0,1,0,0,0,2,0,0,0,2,0,0,0,0,0,0,0,0,0,0,0,0,0,0,0,0,0,0,0,0,0,0,0,2,0,0,0,0,0,0,0,0,0,0,0,0,0,0,0,0,0,0,0,0,0,0,0,13,0,0,0,0,0,0,0,0,0,0,0,0,0,0,0,152,0,84,0,0,0,119,0,0,0,0,0,0,0,0,0,30,0,196,0,0,0,0,0,5,0,0,0,0,0,12,0,124,0,56,0,0,0,0,0,0,0,1,0,3,0,0,0,0,0,0,0,0,0,0,0,0,0,0,0,0,0,0,0,0,0,0,0,0,0,0,0,143,271,66,112,90,1,28,0,0,0,0,0,0,0,0
0,215,0,45,0,0,0,227,0,79,0,0,0,0,0,6,0,14,0,0,0,0,0,0,0,41,0,0,0,5,0,0,0,2,0,8,0,18,0,14,0,0,0,9,0,0,0,0,0,5,0,0,0,48,1,0,0,0,0,0,0,0,0,71,0,0,0,0,0,0,0,0,0,0,0,0,0,0,0,0,0,0,0,0,0,9,0,0,0,0,0,0,0,0,0,0,0,0,0,0,0,0,0,0,0,0,0,0,0,0,0,0,0,0,0,0,0,0,0,0,0,0,0,0,0,0,0,0,0,0,0,0,0,0,0,0,0,0,0,48,0,47,0,11,0,106,0,0,0,0,0,0,0,0,0,17,0,175,0,8,0,0,0,0,0,0,0,0,0,2,0,21,0,117,0,0,0,19,0,13,0,0,0,39,0,0,0,0,0,0,0,0,0,0,0,0,0,0,0,0,0,0,0,0,0,0,0,0,0,0,0,0,0,0,0,0,0,0,25,484,9,6,1,0,0
64,0,47,0,0,0,474,17,182,76,0,0,3,0,0,0,305,0,7,0,85,0,13,0,131,14,32,0,121,0,42,0,30,0,22,0,35,0,62,0,0,0,0,0,0,0,0,0,0,0,24,0,187,4,40,12,11,1,0,0,84,0,0,4,2,0,0,0,0,0,0,0,0,0,0,0,0,0,0,0,0,0,0,0,56,0,0,0,0,0,0,0,0,0,0,0,0,0,4,0,0,0,0,0,0,0,0,0,0,0,0,0,0,0,0,0,0,0,0,0,12,0,30,0,0,0,0,0,13,0,0,0,0,0,0,0,85,0,285,0,137,0,103,1,39,0,0,0,0,0,0,0,4,0,166,0,86,0,60,0,6,0,0,0,0,0,0,0,0,0,38,0,41,0,0,0,17,19,0,0,0,0,12,0,17,0,0,0,0,0,0,0,0,0,0,0,0,0,0,0,0,0,0,0,0,0,0,0,0,0,177,561,69,64,165,0,11,0,0,0,0,0,0,0,0
11,271,8,36,0,16,8,461,0,179,0,0,0,0,0,12,2,382,0,0,0,90,0,56,20,156,0,0,0,228,0,46,0,39,0,17,0,7,0,34,0,0,0,0,0,25,0,5,0,33,0,0,1,123,3,40,0,20,0,0,0,71,4,0,0,0,0,1,0,0,0,0,0,0,0,0,0,0,0,0,0,0,0,0,0,0,0,0,0,0,0,0,0,0,0,0,0,0,0,7,0,2,0,0,0,0,0,0,0,0,0,0,0,0,0,0,0,0,0,0,0,0,0,0,0,0,0,0,0,0,0,0,0,0,0,0,0,30,0,141,0,37,0,53,0,31,0,0,0,0,0,0,0,0,0,85,0,87,0,24,0,1,0,0,0,0,0,0,0,0,0,8,0,23,0,0,0,59,0,0,0,0,0,74,0,1,0,0,0,0,0,0,0,0,0,0,0,0,0,0,0,0,0,0,0,0,0,0,0,0,0,0,0,0,9,0,0,0,23,619,14,11,0,0,0
7,0,9,0,3,0,4,0,92,0,0,0,0,0,9,0,0,0,8,0,0,0,3,0,0,1,0,0,1,0,0,0,2,0,0,0,0,0,0,0,0,0,0,0,0,0,0,0,0,0,0,0,0,0,9,0,49,0,139,5,0,0,2,0,0,33,211,4,0,0,0,0,0,0,0,0,0,0,0,0,0,0,0,0,0,0,0,0,0,0,0,0,0,0,0,0,0,0,0,0,0,0,0,0,0,0,0,0,0,0,0,0,0,0,0,0,0,0,0,0,0,0,0,0,0,1,0,0,0,0,26,40,3,0,0,0,1,0,24,6,3,1,0,0,45,3,0,0,31,40,0,0,1,0,9,0,10,0,1,2,331,0,1,0,0,0,0,0,0,0,0,0,0,0,24,2,4,0,0,0,165,78,2,0,90,0,0,0,0,0,0,0,0,0,0,0,0,0,0,0,0,0,0,0,0,0,0,0,3,0,60,5,0,0,70,0,0,0,0,0,0,0,0,0,0
0,31,0,16,0,15,0,0,0,169,0,6,0,0,0,17,0,0,0,36,0,8,0,8,0,0,0,14,0,0,0,6,0,18,0,0,0,0,0,13,0,1,0,0,0,0,0,0,0,2,0,1,2,0,0,0,13,0,22,230,0,0,0,0,33,0,11,336,0,0,0,22,0,7,0,11,0,0,0,0,0,0,0,0,0,0,0,9,0,0,0,0,0,0,0,0,0,2,0,2,0,0,0,0,0,3,0,0,0,0,0,0,0,0,0,0,0,0,0,0,0,8,0,4,0,18,0,13,1,0,16,31,0,1,0,23,0,35,16,0,3,27,0,0,0,66,0,0,20,35,0,9,0,5,20,0,0,0,30,0,48,404,0,0,0,0,0,0,0,6,0,0,0,0,1,44,0,5,0,1,22,340,0,16,12,64,0,0,0,0,0,0,0,0,0,0,0,2,0,1,0,5,0,0,0,0,0,8,0,48,0,0,0,0,74,0,0,0,159,21,49,0,0,1,0
0,0,5,0,0,0,1,0,65,0,0,0,0,0,0,0,0,1,0,0,0,0,0,0,0,0,0,0,0,0,0,0,0,0,0,0,0,0,0,0,0,0,0,0,0,0,0,0,0,0,0,0,0,0,3,8,63,0,411,100,1,0,0,0,211,11,0,33,0,0,0,0,0,0,0,0,0,0,0,0,0,0,0,0,0,0,0,0,0,0,0,0,0,0,0,0,0,0,0,0,0,0,0,0,0,0,0,0,0,0,0,0,0,0,0,0,0,0,0,0,0,0,0,0,5,0,0,0,0,0,31,0,0,0,0,0,0,0,0,0,0,0,0,0,6,0,3,0,43,0,0,0,0,0,11,3,4,0,5,4,62,0,0,0,0,0,1,0,0,0,0,0,0,0,21,19,99,0,0,0,30,66,0,0,322,0,0,0,0,0,0,0,0,0,0,0,0,0,1,0,0,0,0,0,0,0,0,0,0,0,83,57,0,0,113,1,0,0,0,0,0,0,0,0,0
0,5,0,0,0,3,5,0,37,124,0,0,0,0,0,0,0,0,0,0,0,0,0,0,0,0,0,0,0,0,0,0,0,1,0,0,0,0,0,0,0,0,0,0,0,0,0,0,0,0,0,0,5,0,26,3,16,17,99,450,0,0,0,1,4,336,33,0,0,0,0,0,0,0,0,0,0,0,0,0,0,0,0,0,0,0,0,0,0,0,0,0,0,0,0,0,0,0,0,0,0,0,0,0,0,0,0,0,0,0,0,0,0,0,0,0,0,0,0,0,0,0,0,0,0,32,0,10,0,0,0,42,0,0,0,0,0,4,0,0,0,0,0,0,0,3,0,0,0,36,0,0,0,0,4,12,0,8,0,5,3,114,0,0,0,0,0,0,0,0,0,0,0,1,0,29,11,22,0,0,0,133,0,0,17,387,0,0,0,0,0,0,0,0,0,0,0,0,0,0,0,0,0,0,0,0,0,5,0,0,0,0,0,0,114,0,0,0,130,96,23,0,0,0,0
0,0,0,0,0,0,0,0,0,0,0,0,0,0,0,0,0,0,0,0,0,0,0,0,0,0,0,0,0,0,0,0,0,0,0,0,0,0,0,0,0,0,0,0,0,0,0,0,23,0,3,0,0,0,0,0,0,0,0,0,0,0,0,0,0,0,0,0,0,0,0,0,4,0,0,0,75,0,9,0,4,0,36,0,0,0,6,0,36,0,2,0,26,0,7,0,4,0,0,0,3,0,108,0,9,0,16,0,25,0,1,0,3,0,6,0,7,0,1,0,0,0,0,0,0,0,0,0,2,0,0,0,0,0,0,0,0,0,0,0,0,0,0,0,0,0,0,0,0,0,0,0,0,0,0,0,0,0,0,0,4,0,0,0,24,0,0,0,190,0,4,0,0,0,0,0,0,0,0,0,0,0,0,0,0,0,0,0,0,0,0,0,0,0,0,0,0,0,0,0,0,0,0,0,0,0,0,0,0,0,122,0,88,13,9,23,32,0,0,0,1,0,0,0,0
0,0,0,0,0,0,0,0,0,0,0,0,0,0,0,0,0,0,0,0,0,0,0,0,0,0,0,0,0,0,0,0,0,0,0,0,0,0,0,0,0,1,0,0,0,4,0,0,0,2,0,0,0,0,0,0,0,0,0,0,0,0,0,0,0,0,0,0,0,0,0,0,0,1,0,0,0,52,0,0,0,0,0,10,0,0,0,0,0,12,0,0,0,18,0,3,0,0,0,0,0,0,0,52,0,4,0,0,0,79,0,8,0,0,0,7,0,3,0,0,0,0,0,0,0,0,0,0,0,0,0,0,0,2,0,0,0,0,0,0,0,0,0,0,0,0,0,0,0,0,0,0,0,0,0,0,0,0,0,1,0,0,0,0,0,13,0,0,0,33,0,10,0,0,0,0,0,0,0,0,0,0,0,0,0,0,0,0,0,5,0,0,0,0,0,0,0,0,0,0,0,0,0,0,0,0,0,0,0,0,0,0,0,0,0,0,0,0,23,14,84,2,25,39,1
0,0,0,0,0,0,0,0,0,0,0,0,0,0,0,0,5,0,0,0,0,0,0,0,0,0,0,0,6,0,14,0,0,0,13,0,0,0,0,0,0,0,23,0,0,0,3,0,5,0,29,0,1,0,1,0,0,0,0,0,2,0,0,0,0,0,0,0,0,0,0,0,199,0,306,0,5,0,87,0,3,1,3,0,0,0,5,0,0,0,0,0,0,0,0,0,0,0,0,0,1,0,0,0,0,0,1,0,0,0,0,0,0,0,0,0,0,0,0,0,49,0,11,0,41,0,29,0,20,0,18,0,27,0,0,0,64,0,0,0,35,0,41,0,75,0,17,0,15,0,0,0,0,0,0,0,0,0,0,0,0,0,41,0,0,0,11,0,16,0,19,0,0,0,17,0,0,0,0,0,22,0,0,0,3,0,2,0,0,0,0,0,0,0,0,0,0,0,0,0,0,3,0,0,0,0,0,0,0,0,32,4,19,0,6,0,1,0,0,0,0,0,0,0,0
0,0,0,0,0,0,0,0,0,0,0,0,0,0,0,2,0,0,0,0,0,0,0,1,0,0,0,0,0,3,0,0,0,3,0,0,0,0,0,0,0,0,0,0,0,10,0,0,0,0,0,8,0,0,0,0,0,0,0,0,0,0,0,0,0,22,0,0,0,0,0,0,0,120,0,166,0,12,0,0,0,0,0,0,0,0,0,54,0,0,0,0,0,0,0,0,0,0,0,0,0,0,0,0,0,0,0,0,0,0,0,0,0,0,0,0,0,0,0,0,0,9,0,2,0,55,0,0,0,42,0,51,0,85,0,17,0,69,0,43,0,33,0,18,0,113,0,0,0,74,0,2,0,0,0,0,0,3,0,1,0,0,0,24,0,0,0,0,0,3,0,7,0,23,0,8,0,0,0,0,1,6,0,0,0,5,0,0,0,0,0,0,0,0,0,0,0,0,0,0,0,0,0,0,0,0,0,0,0,0,0,0,0,0,0,0,0,0,74,0,0,0,0,0,0
0,0,0,0,0,0,0,0,0,0,0,0,0,0,0,0,0,0,0,0,0,0,0,0,0,0,0,0,0,0,0,0,0,0,0,0,0,0,0,0,0,0,0,0,0,0,0,0,0,0,0,0,0,0,0,0,0,0,0,0,0,0,0,0,0,0,0,0,4,0,199,0,0,0,145,0,20,0,234,0,0,0,42,0,5,0,10,0,0,0,0,0,7,0,0,0,0,0,0,0,0,0,0,0,0,0,0,0,0,0,0,0,0,0,0,0,0,0,0,0,64,0,46,0,22,0,0,0,37,0,10,0,50,0,105,0,116,0,0,0,60,0,169,0,55,0,0,0,0,0,0,0,8,2,0,0,3,0,0,0,0,0,40,0,0,0,0,0,8,0,7,0,0,0,10,0,0,0,0,0,0,0,0,0,0,0,0,0,0,0,0,0,54,0,11,0,0,0,194,0,56,0,158,0,37,0,0,0,0,0,247,9,12,4,19,0,0,3,0,0,0,0,0,0,0
0,2,0,0,0,0,0,1,0,0,0,0,0,0,0,0,0,0,0,0,0,0,0,0,0,0,0,0,0,0,0,0,0,0,0,0,0,0,0,0,0,0,0,0,0,0,0,0,0,0,0,0,0,0,0,0,0,0,0,0,0,0,0,0,0,7,0,0,0,1,0,120,0,0,1,314,0,109,0,29,0,0,0,13,0,51,0,128,0,0,0,0,0,0,0,16,0,0,0,0,0,0,0,0,0,14,0,0,0,0,0,0,0,0,0,0,0,1,0,0,0,77,0,23,0,0,0,0,0,0,0,21,0,0,0,183,0,75,0,18,0,27,0,55,0,50,0,0,3,23,0,0,0,0,0,0,0,0,0,0,0,0,0,46,0,0,0,0,0,4,0,0,0,0,0,0,0,0,0,0,0,0,0,0,0,2,0,0,0,81,0,0,0,0,0,9,1,0,0,0,0,64,0,212,0,55,0,0,0,46,0,0,0,0,7,0,0,0,198,0,8,0,0,0,0
0,0,0,0,0,0,0,0,0,0,0,0,0,0,0,1,5,0,0,0,0,0,0,0,0,0,0,0,10,0,11,0,0,0,10,0,20,0,4,0,0,0,15,0,0,0,0,0,0,0,26,0,0,0,0,0,0,0,0,0,2,0,0,0,0,0,0,0,0,0,306,0,145,1,0,0,8,0,151,0,0,0,21,0,7,0,14,0,0,0,0,0,5,0,0,0,0,0,12,0,0,0,0,0,0,0,0,0,0,0,0,0,0,0,0,1,0,0,0,0,200,0,46,0,54,0,26,0,0,0,22,4,31,0,61,0,87,0,1,0,56,0,144,0,151,0,0,0,0,0,0,0,38,0,0,0,11,0,0,0,0,0,24,0,0,0,0,0,0,0,17,0,16,0,45,0,0,0,0,0,24,8,0,0,4,0,0,0,0,0,0,0,0,0,0,0,0,0,84,0,0,0,0,0,0,0,0,0,0,0,22,0,3,0,3,0,0,0,0,0,0,0,0,0,0
0,0,0,0,0,0,0,0,0,0,0,0,0,0,0,0,0,0,0,0,0,0,0,0,0,0,0,0,0,0,0,0,0,0,0,0,0,4,0,0,0,0,0,0,0,0,0,0,0,4,0,0,0,0,0,0,0,0,0,0,0,0,0,0,0,11,0,0,0,0,0,166,0,314,0,0,0,17,0,113,0,8,0,0,0,4,0,33,0,0,0,0,0,0,0,0,0,0,0,0,0,0,0,0,0,0,0,0,0,0,0,0,0,0,0,0,0,0,0,0,0,169,0,38,0,38,0,34,0,0,0,56,0,68,0,124,0,147,0,32,0,42,0,55,0,166,0,0,0,69,0,0,0,0,0,0,0,0,0,0,0,0,0,52,0,0,0,0,0,4,0,11,0,10,0,0,0,0,0,0,0,10,0,0,0,0,0,0,0,0,0,0,0,0,0,0,0,0,0,0,0,0,0,0,0,0,0,31,0,32,0,0,0,0,7,0,0,0,176,2,9,0,1,0,0
0,0,0,0,0,0,0,0,0,0,0,0,0,0,0,0,0,0,0,0,0,0,0,0,0,0,0,0,0,0,0,0,0,0,0,0,0,0,0,0,0,0,0,0,0,0,0,0,5,0,0,0,0,0,0,0,1,0,0,0,0,0,0,0,0,0,0,0,75,0,5,0,20,0,8,0,0,0,33,0,0,0,10,0,0,0,0,0,22,0,0,0,23,0,13,0,0,0,0,0,6,0,23,0,26,0,0,0,29,0,0,0,0,0,19,0,12,0,1,0,3,0,0,0,0,0,0,0,0,0,0,0,0,0,7,0,2,0,0,0,0,0,0,0,0,0,0,1,1,0,0,0,0,0,0,0,0,0,0,0,0,0,1,0,18,0,0,0,34,0,0,0,0,0,0,0,0,0,0,0,0,0,0,0,0,0,0,0,17,0,0,0,39,0,22,0,0,0,0,0,0,0,51,0,0,0,0,0,0,0,22,3,10,4,3,7,21,0,0,0,0,0,0,0,0
0,0,0,0,0,0,0,0,0,0,0,0,0,0,0,0,0,0,0,0,0,0,0,0,0,0,0,0,0,0,0,0,0,0,0,0,0,0,0,0,0,0,0,0,0,25,0,0,0,15,0,0,0,0,0,0,0,0,0,0,0,0,0,0,0,0,0,0,0,52,0,12,0,109,0,17,0,0,0,10,0,16,0,62,0,0,0,147,0,9,0,1,0,24,0,36,0,0,0,0,0,3,0,28,0,56,4,13,0,14,0,0,0,0,0,3,0,20,0,0,0,17,1,0,0,0,0,0,0,0,0,0,0,6,0,0,3,0,0,0,0,0,0,0,0,4,0,0,0,6,0,0,0,0,0,0,0,0,0,0,0,0,0,6,0,17,0,0,0,79,0,10,0,5,0,0,0,0,0,0,0,0,0,0,0,1,0,0,0,100,0,2,0,0,0,77,0,0,0,0,0,23,0,51,0,0,1,0,0,0,0,0,0,0,8,0,0,0,90,21,98,0,8,0,1
0,0,0,0,0,0,0,0,0,0,0,0,0,0,0,0,0,0,0,0,0,0,0,0,0,0,0,0,0,0,0,0,0,0,0,0,0,0,1,0,0,0,0,0,8,0,0,0,8,0,0,0,0,0,0,0,0,0,0,0,0,0,0,0,0,0,0,0,9,0,87,0,234,0,151,0,33,0,0,0,8,0,66,0,20,0,107,0,6,0,8,0,22,0,10,0,0,0,17,0,4,0,0,0,37,0,14,0,14,0,0,0,0,0,9,0,1,0,0,0,126,0,34,0,0,0,0,0,0,0,0,0,0,0,75,0,25,0,0,0,26,0,119,0,10,0,0,0,0,0,0,0,0,0,0,0,0,0,0,0,0,0,8,0,7,0,0,0,38,0,0,0,0,0,0,0,0,0,0,0,0,0,0,0,0,0,0,0,55,0,0,0,97,0,47,0,11,0,157,0,67,0,259,0,99,0,0,0,0,0,86,0,19,3,7,5,9,0,0,0,0,0,0,0,0
