0,509,143,124,160,17,50,99,57,45,172,0,164,0,37,38,73,82,28,0,0,0,46,121,20,225,41,0,78,0,16,0,32,0,3,0,47,26,337,32,22,0,0,0,6,0,12,0,4,0,6,0,7,0,0,0,1,0,2,0,12,21,29,54,24,0,0,0,0,0,0,0,0,0,0,0,0,0,0,1,0,0,0,0,0,0,2,0,0,0,0,0,0,0,0,0,0,0,5,0,0,0,0,0,0,0,0,0,0,0,0,0,0,0,0,0,0,0,0,0,0,0,0,0,0,0,0,0,0,0,0,0,0,0,0,0,0,0,4,0,0,0,0,0,3,0,11,0,56,0,14,0,16,0,7,0,0,0,5,0,0,0,0,0,8,0,6,0,13,0,0,0,100,5,6,1,96,78,9,0,9,0,2,18,29,0,6,0,0,0,0,0,0,0,0,0,0,0,0,0,0,0,0,0,0,0,0,0,7,0,0,0,0,0,44,0,1,0,5,0,112,9,11,0,33,0,205,17,97,11,110,0,130,0,44,0,28,0,98,0,107,0,68,0,319,3,0,0,0
509,0,366,141,75,383,83,149,120,96,39,353,7,168,10,67,94,40,0,214,0,0,167,44,251,86,0,324,18,109,0,5,7,163,0,4,13,257,38,561,0,101,0,0,0,26,0,112,0,0,0,0,0,15,10,54,1,0,2,7,0,169,29,118,0,34,0,16,0,0,0,0,0,0,0,0,0,1,0,0,0,0,0,0,0,10,0,0,0,0,0,0,0,0,0,0,1,0,0,1,0,0,0,0,0,0,0,0,0,0,0,0,0,0,0,0,0,0,0,0,0,0,0,11,0,6,0,0,0,1,0,6,0,0,0,7,0,0,0,0,0,0,0,4,0,0,0,6,0,44,0,40,0,51,0,0,0,6,0,0,0,0,0,0,0,0,3,2,0,4,0,9,8,84,3,0,20,270,0,2,1,13,21,72,0,66,0,2,0,0,0,0,0,0,0,0,0,7,0,0,0,0,0,0,0,0,0,6,0,2,0,0,0,1,1,115,0,0,0,9,8,393,0,17,0,23,17,178,0,226,0,199,0,611,0,42,0,34,2,139,0,43,0,88,3,265,0,0,0
143,366,0,55,344,108,93,50,9,31,107,108,124,2,177,90,115,53,76,0,66,0,337,75,314,112,104,0,153,12,62,1,133,21,0,0,24,37,358,30,19,0,0,0,14,0,16,0,0,0,10,0,5,0,100,3,10,0,11,0,18,18,77,23,25,0,7,0,0,0,3,0,1,0,0,0,0,0,0,0,0,0,0,0,2,0,0,0,0,0,0,0,0,0,0,0,0,0,0,0,0,0,4,0,28,0,12,0,0,0,0,0,0,0,0,0,0,0,0,0,0,0,0,2,15,0,52,0,0,0,21,0,8,0,62,0,34,0,0,0,0,0,34,0,0,0,26,0,73,0,104,1,0,0,0,0,0,0,0,0,10,0,2,0,17,0,64,0,38,0,6,2,137,2,0,0,7,67,0,0,9,1,0,8,6,0,0,1,0,0,0,0,0,0,2,0,10,0,0,0,40,0,0,0,2,0,5,0,60,0,0,0,0,0,52,1,0,0,12,0,254,13,35,0,50,0,119,11,180,13,99,0,150,0,25,0,14,3,73,0,64,0,49,0,319,5,0,0,0
124,141,55,0,32,92,0,156,12,7,39,7,4,6,10,95,20,31,0,92,9,10,58,105,22,144,0,28,9,165,0,3,6,112,0,1,7,48,8,220,0,0,0,0,0,7,0,6,0,0,1,0,0,0,0,116,0,20,0,18,0,5,3,9,0,0,0,2,0,0,0,0,0,0,0,0,0,0,0,0,0,0,0,0,0,11,0,0,0,0,0,0,0,0,0,0,0,1,0,0,0,0,0,0,0,0,0,0,0,0,0,0,0,0,0,0,0,0,0,0,0,0,0,4,0,8,0,4,0,0,0,5,0,9,0,31,0,38,0,0,0,0,0,5,0,0,0,0,0,1,0,2,0,0,0,7,0,0,0,0,0,0,0,0,0,0,0,4,0,1,0,1,0,18,0,0,0,9,0,1,0,0,0,0,0,0,2,0,0,0,0,0,0,0,0,0,0,0,0,4,0,4,0,0,0,0,0,5,0,5,0,0,0,0,0,8,0,0,0,0,5,160,0,6,0,7,4,52,5,78,0,19,0,72,0,0,0,0,0,12,2,4,0,9,0,21,0,0,0
160,75,344,32,0,350,11,0,26,0,89,220,227,120,273,261,26,0,113,172,159,49,121,57,0,0,195,39,33,0,132,20,132,35,69,6,133,32,39,0,63,0,0,0,11,0,40,0,0,1,55,0,0,0,6,0,2,0,3,0,0,0,0,0,21,0,5,0,0,0,3,0,0,0,0,0,0,0,0,0,7,0,0,0,0,0,0,0,0,0,0,0,0,0,0,0,0,0,0,0,0,0,0,0,0,0,0,0,0,0,0,0,0,0,0,0,0,0,0,0,0,0,0,0,0,0,8,0,0,0,3,0,0,0,0,0,0,0,3,0,0,0,3,0,1,0,10,0,37,0,36,0,24,0,3,0,0,0,0,0,3,0,0,0,16,0,147,4,0,0,8,0,54,0,7,0,101,141,13,0,34,0,13,0,38,0,5,0,0,0,0,0,0,0,0,0,0,0,0,0,0,0,0,0,0,0,0,0,9,0,0,0,0,0,5,0,0,0,3,11,142,0,0,0,34,0,262,17,142,7,84,3,0,0,22,0,23,5,51,1,41,1,63,0,172,0,0,0,0
17,383,108,92,350,0,0,92,0,26,158,181,210,184,341,115,28,5,102,161,148,53,118,23,0,4,15,246,9,88,58,80,48,269,18,83,40,154,9,20,0,33,0,0,0,13,0,35,0,0,0,22,0,0,0,33,0,10,0,10,0,0,0,0,0,7,0,5,0,0,0,0,0,0,0,0,0,0,0,0,0,0,0,0,0,0,0,3,0,0,0,0,0,0,0,0,0,0,0,0,0,0,0,0,0,0,0,0,0,0,0,0,0,0,0,0,0,0,0,0,0,8,0,16,0,3,0,0,0,0,0,0,0,0,0,7,0,0,0,0,0,0,0,28,0,6,0,0,0,15,0,23,0,26,0,0,0,0,0,0,0,5,0,0,0,8,13,46,0,9,0,0,0,17,0,16,39,252,35,18,0,31,0,13,0,0,12,8,0,0,0,0,0,2,0,0,0,0,0,2,0,0,0,0,0,0,0,0,0,2,0,0,0,2,0,7,0,0,0,15,20,321,0,13,19,62,21,215,40,273,0,163,1,245,0,29,0,25,0,34,0,25,2,46,8,80,0,0,0
50,83,93,0,11,0,0,102,99,301,6,0,1,0,6,0,9,9,0,0,0,0,6,9,172,145,2,0,0,0,0,0,4,0,0,0,0,0,117,0,0,0,0,0,0,0,1,0,6,0,0,0,161,72,263,64,22,11,12,12,271,31,196,110,26,0,60,41,0,0,0,0,0,0,0,0,0,0,0,1,0,0,0,0,0,0,0,0,0,0,0,0,0,0,0,0,0,0,0,0,0,0,0,0,5,0,0,0,0,0,0,0,0,0,0,0,0,0,0,0,0,1,0,0,7,0,33,0,2,0,24,0,1,0,10,0,0,0,0,0,0,0,6,0,0,0,9,0,26,0,15,0,1,0,7,4,30,11,0,0,30,0,1,0,11,0,6,0,27,0,74,0,104,1,2,0,11,32,0,1,0,0,2,17,3,7,0,0,0,0,0,0,0,0,0,0,2,0,2,0,0,0,0,0,0,0,0,0,13,0,47,0,0,0,425,0,0,0,27,0,355,0,69,0,75,0,89,4,209,9,70,0,313,0,43,0,16,1,248,0,103,0,39,0,538,0,0,0,0
99,149,50,156,0,92,102,0,271,15,0,13,0,0,0,36,0,8,0,63,0,0,0,15,84,413,0,47,3,33,0,0,0,0,0,0,0,39,11,190,0,0,0,0,0,0,0,12,0,2,0,0,10,41,56,345,0,21,0,21,0,150,40,233,0,0,3,0,0,0,0,0,0,0,0,0,0,0,0,0,0,0,0,0,0,0,0,0,0,0,0,0,0,0,0,0,0,0,0,0,0,0,0,0,0,1,0,0,0,0,0,0,0,0,1,0,0,0,0,0,0,0,0,0,0,40,0,19,0,2,0,32,0,20,0,51,0,38,0,0,0,0,0,0,0,0,0,0,1,8,0,13,0,0,0,7,0,6,0,0,0,11,0,0,0,3,0,0,0,7,0,23,7,31,6,0,3,12,0,0,0,0,3,0,0,0,0,0,0,0,0,0,0,0,0,0,0,0,0,7,0,0,0,0,0,0,0,3,0,25,0,34,0,0,0,261,0,0,0,9,2,503,0,27,0,24,4,73,0,203,0,52,0,382,1,19,1,17,0,84,0,15,0,25,4,242,0,0,0
57,120,9,12,26,0,99,271,0,752,30,0,22,0,10,0,48,11,15,0,8,0,5,0,32,198,17,0,16,0,0,0,0,0,5,0,4,2,136,3,0,0,6,0,6,0,1,0,4,0,7,0,212,81,149,155,10,19,55,67,301,25,287,91,123,7,186,116,0,0,0,0,0,0,0,0,0,0,0,0,0,0,0,0,1,0,0,0,0,0,0,0,0,0,0,0,0,1,0,0,0,0,0,0,0,0,0,0,0,0,0,0,0,0,0,0,0,0,0,0,0,0,0,0,9,0,16,0,0,0,30,0,0,0,0,0,0,0,3,0,0,0,0,0,6,0,22,0,129,0,43,0,24,0,18,4,19,12,4,0,29,0,0,0,0,0,5,0,28,0,75,0,135,0,17,0,256,69,6,0,0,0,22,10,87,36,5,0,0,0,0,0,0,0,0,0,0,0,0,0,0,0,0,0,0,0,0,0,5,0,0,0,0,0,183,0,0,0,11,0,111,2,44,0,33,0,180,5,161,3,37,0,184,0,27,0,12,0,174,3,84,0,38,0,365,0,0,0,0
45,96,31,7,0,26,301,15,752,0,0,31,0,6,0,8,0,0,0,35,0,0,0,0,147,41,0,34,0,0,0,0,0,0,0,0,0,0,7,10,0,0,0,0,0,0,0,5,0,0,0,0,38,88,353,135,17,23,21,39,17,125,30,197,0,78,61,99,0,0,0,0,0,0,0,0,0,0,0,0,0,1,0,0,0,0,0,0,0,0,0,0,0,0,0,0,0,0,0,0,0,0,0,0,0,4,0,0,0,0,0,0,0,0,0,0,0,0,0,0,0,0,0,0,0,37,0,20,0,0,0,25,0,0,0,24,0,16,0,0,0,0,3,0,0,0,0,44,0,127,0,32,0,44,0,6,5,52,0,0,1,7,0,0,0,3,1,0,0,0,0,13,0,12,15,4,74,224,0,9,0,0,2,61,3,135,0,0,0,0,0,0,0,1,0,0,0,2,0,8,0,0,0,1,0,0,0,8,0,25,0,0,0,0,0,227,0,0,0,8,0,263,0,0,2,20,9,158,0,134,0,64,0,366,0,56,0,12,0,178,0,32,3,29,0,481,0,0,0
172,39,107,39,89,158,6,0,30,0,0,67,251,0,68,185,14,0,13,10,38,6,25,38,0,0,31,2,0,0,45,0,67,11,19,0,47,11,15,3,26,0,0,0,13,0,13,0,0,0,15,0,0,0,0,0,1,0,0,0,0,0,1,0,2,0,0,0,0,0,0,0,0,0,0,0,0,0,0,0,0,0,1,0,0,0,0,0,0,0,0,0,0,0,0,0,0,0,0,0,0,0,0,0,0,0,0,0,0,0,0,0,0,0,0,0,0,0,2,0,0,0,0,0,0,0,2,0,0,0,0,0,0,0,0,0,0,0,0,0,0,0,0,0,0,0,0,0,15,0,17,0,38,0,1,0,0,0,0,0,0,0,1,0,4,0,34,0,14,0,0,0,20,0,7,0,70,55,27,0,36,0,38,0,49,0,26,0,0,0,0,0,0,0,0,0,2,0,0,0,0,0,0,0,0,0,0,0,0,0,0,0,0,0,4,0,0,0,0,0,66,5,0,0,14,0,248,16,92,0,40,0,0,0,5,0,6,0,28,0,10,0,34,0,112,0,0,0,0
0,353,108,7,220,181,0,13,0,31,67,0,32,363,199,3,34,0,29,25,85,5,102,8,0,0,0,103,4,16,23,17,22,56,0,2,17,53,8,18,3,106,0,5,0,9,0,74,0,1,0,2,0,0,0,0,0,0,0,1,0,1,0,2,0,14,0,5,0,0,0,0,0,0,0,0,0,1,0,0,0,0,0,0,0,3,0,0,0,0,0,0,0,0,0,0,0,0,0,0,0,0,0,0,0,0,0,0,0,0,0,0,0,0,0,0,0,0,0,0,0,0,0,1,0,0,0,0,0,0,0,3,0,0,0,0,0,0,0,0,0,0,0,0,0,0,0,0,0,17,0,49,0,29,0,0,0,2,0,1,0,4,0,0,0,3,13,7,0,0,0,0,0,12,0,23,11,285,11,46,0,39,1,30,0,9,0,6,0,0,0,0,0,2,0,0,0,0,0,0,0,0,0,0,0,0,0,0,0,0,0,0,0,0,0,5,0,0,0,0,13,136,0,9,5,20,9,130,23,100,0,89,0,147,0,14,1,22,0,31,0,24,0,29,9,47,0,0,0
164,7,124,4,227,210,1,0,22,0,251,32,0,319,39,70,0,0,42,419,77,81,13,0,6,0,122,266,0,0,24,13,9,0,102,9,32,15,0,0,117,41,88,46,44,40,55,29,8,1,159,30,0,0,0,0,0,0,0,0,0,0,0,0,0,0,1,0,0,0,0,0,2,0,0,0,0,0,0,0,0,0,0,0,0,0,0,0,0,0,0,0,1,0,0,0,0,0,0,0,2,0,0,0,0,0,0,0,0,0,0,0,0,0,0,0,0,0,3,0,0,0,0,0,0,0,0,0,0,0,0,0,0,0,0,0,1,0,0,0,0,0,0,0,2,0,11,0,23,0,40,0,42,0,0,0,1,0,0,0,0,0,0,0,21,0,17,0,16,0,0,0,0,0,21,0,145,112,42,0,55,0,41,0,39,0,109,7,0,0,0,0,0,0,0,0,0,0,0,0,0,0,0,0,1,0,0,0,0,0,0,0,0,0,0,0,0,0,69,95,21,0,0,24,117,8,71,0,34,0,22,0,0,0,0,0,7,1,11,0,8,0,11,0,0,1,0,0,0
0,168,2,6,120,184,0,0,0,6,0,363,319,0,40,0,0,0,301,43,63,68,0,0,0,0,236,84,0,0,6,33,0,0,37,87,12,79,0,0,40,260,35,45,11,26,13,147,0,5,58,153,0,0,0,0,0,0,0,0,0,1,0,0,0,0,0,0,0,0,0,0,0,0,0,0,0,0,0,0,0,0,0,0,0,0,0,0,0,0,0,0,0,0,0,0,0,0,0,0,0,0,0,0,0,0,0,0,0,0,0,0,0,0,0,0,0,0,0,0,0,0,0,2,0,0,0,0,0,0,0,0,0,0,0,0,0,0,0,0,0,0,0,4,0,1,0,0,0,5,0,0,0,8,0,0,0,0,0,0,0,0,0,0,3,10,2,2,0,0,0,0,0,0,0,8,32,416,0,10,0,19,0,10,0,4,18,175,0,0,0,0,0,0,0,0,0,0,0,0,0,0,0,0,0,0,0,0,0,0,0,0,0,0,0,0,0,0,0,133,0,0,0,12,39,123,4,54,6,62,0,0,0,0,0,0,1,0,0,5,0,0,1,0,0,3,0,0,0
37,10,177,10,273,341,6,0,10,0,68,199,39,40,0,293,32,0,134,93,153,27,183,33,96,0,91,0,0,12,133,16,81,53,37,0,82,26,0,0,4,0,0,1,3,0,11,3,0,0,24,0,0,0,0,0,0,0,0,0,0,0,0,0,0,0,0,0,0,0,0,0,0,0,0,0,0,0,0,0,7,0,0,0,0,0,0,0,0,0,0,0,0,0,0,0,17,0,9,0,0,0,0,0,0,0,18,0,0,0,0,0,0,0,0,0,0,0,0,0,0,0,0,0,0,0,0,0,0,0,1,0,0,0,0,0,0,0,0,0,0,0,13,0,0,0,0,0,18,0,0,0,0,0,1,0,0,0,0,0,0,0,2,0,0,0,26,0,0,0,0,0,0,2,0,0,15,56,3,0,5,0,1,0,0,0,0,0,0,0,0,0,0,0,0,0,0,0,0,0,0,0,0,0,0,0,0,0,0,0,0,0,0,0,0,0,0,0,1,0,7,0,0,0,0,3,153,6,33,9,10,0,0,6,0,0,4,0,10,3,0,0,7,1,20,0,0,0,0
38,67,90,95,261,115,0,36,0,8,185,3,70,0,293,0,21,53,20,49,135,136,82,98,12,24,5,55,5,19,55,24,52,33,0,2,35,31,8,18,0,0,0,0,0,11,0,0,0,0,0,6,0,0,0,115,0,44,0,14,0,0,0,38,0,0,0,0,0,0,0,0,0,0,0,0,0,0,0,0,0,6,0,0,0,43,0,0,0,0,0,0,0,0,0,1,0,0,0,1,0,0,0,0,1,0,0,0,0,0,0,0,0,0,0,0,0,0,0,0,0,7,0,10,0,9,0,1,0,0,0,0,0,0,0,55,0,62,0,0,0,0,0,42,0,1,0,0,0,15,0,0,0,0,0,4,0,0,0,0,0,4,0,0,0,1,8,4,0,0,0,1,0,0,0,0,9,23,41,1,0,6,2,4,0,14,5,0,0,0,0,0,0,0,0,0,0,0,0,2,0,0,0,0,0,0,0,0,0,0,0,1,0,0,0,7,0,0,0,4,10,24,0,0,0,20,21,338,22,46,0,21,0,52,0,2,0,8,0,12,0,5,2,4,13,35,0,0,0
73,94,115,20,26,28,9,0,48,0,14,34,0,0,32,21,0,13,183,0,212,0,90,38,126,30,8,0,42,3,59,0,35,6,2,0,2,6,48,4,0,0,0,0,0,0,0,0,0,0,2,0,77,0,47,0,10,0,0,0,3,0,72,3,0,0,0,0,0,0,14,0,7,0,11,0,0,0,0,0,112,0,2,0,102,0,43,0,0,0,145,0,0,0,0,0,262,0,205,0,0,0,0,0,0,0,93,0,0,0,0,0,0,0,0,0,0,0,0,0,42,0,94,0,0,0,0,0,79,0,0,0,31,0,39,0,95,0,60,0,51,0,411,0,0,0,0,0,0,0,0,0,0,0,22,0,0,0,17,0,10,0,1,0,0,0,0,0,2,0,0,0,2,0,0,0,3,11,0,0,0,0,24,0,0,0,0,0,0,0,0,0,0,0,1,0,0,0,1,0,60,0,0,0,0,0,0,0,20,0,0,0,0,0,0,0,0,0,0,0,4,1,0,0,0,0,132,9,10,0,0,1,0,0,1,0,0,0,0,0,0,0,0,0,3,2,0,0,0
82,40,53,31,0,5,9,8,11,0,0,0,0,0,0,53,13,0,0,23,0,57,23,56,46,231,0,3,4,89,0,9,0,39,0,3,0,19,13,186,0,0,0,0,0,4,0,1,0,0,0,0,0,0,0,47,0,55,0,0,0,4,0,110,0,0,0,0,0,0,0,0,0,0,0,0,0,0,0,0,0,4,0,0,0,78,0,2,0,0,0,3,0,0,0,0,0,16,0,2,0,0,0,4,0,0,0,4,0,0,0,0,0,0,0,0,0,0,0,0,0,0,0,10,0,17,0,0,0,36,0,12,0,86,0,117,0,228,0,92,0,22,1,72,0,0,0,0,0,0,0,0,0,0,0,40,0,0,0,18,0,0,0,0,0,0,0,0,0,0,0,0,0,0,0,0,0,9,0,0,0,0,0,17,0,0,0,0,0,0,0,0,0,0,0,0,0,0,0,0,0,12,0,0,0,0,0,0,0,8,0,0,0,0,0,5,0,0,0,0,0,6,0,0,1,0,2,145,0,8,0,0,0,6,0,0,0,0,0,3,0,0,0,3,2,2,0,0,0
28,0,76,0,113,102,0,0,15,0,13,29,42,301,134,20,183,0,0,263,141,55,193,0,134,0,113,181,12,0,29,5,6,0,96,9,50,17,0,0,0,24,28,37,7,28,6,10,0,0,150,19,8,0,0,0,0,0,0,0,0,0,28,0,11,0,2,0,0,0,32,0,0,0,12,0,0,0,0,0,165,0,0,0,50,0,66,0,0,0,172,0,0,0,0,0,166,0,221,0,0,0,0,0,0,0,69,0,0,0,0,0,0,0,0,0,0,0,0,0,61,0,35,0,0,0,0,0,0,0,0,0,0,0,0,0,15,0,11,0,10,0,90,0,0,0,0,0,32,0,0,0,9,0,6,0,0,0,3,0,0,0,0,0,18,0,11,0,13,0,8,0,0,0,0,0,8,24,10,0,0,0,0,0,13,0,3,3,0,0,0,0,0,0,0,0,0,0,0,0,12,0,0,0,0,0,0,0,13,0,0,0,0,0,0,0,0,0,28,68,10,0,0,5,121,0,129,0,21,0,22,0,10,0,0,0,8,0,8,0,0,0,19,0,36,0,0,0,0
0,214,0,92,172,161,0,63,0,35,10,25,419,43,93,49,0,23,263,0,67,90,0,118,0,22,89,98,0,0,17,38,6,10,37,95,14,102,0,0,6,3,11,28,5,71,8,10,0,0,39,94,0,5,0,122,0,49,0,29,0,2,0,28,0,20,0,15,0,0,0,0,0,2,0,0,0,0,0,2,0,8,0,2,0,58,0,0,0,0,0,3,0,0,0,0,0,0,0,0,0,0,0,0,0,6,0,0,0,0,0,0,0,0,0,0,0,0,0,0,0,7,0,15,0,15,0,0,0,0,0,0,0,19,0,49,0,52,0,17,0,0,0,31,0,4,0,10,0,40,0,10,0,0,0,0,0,0,0,0,0,0,0,0,0,11,0,4,0,3,0,0,0,1,0,0,21,40,11,0,0,0,0,3,0,27,23,4,0,0,0,0,0,3,0,0,0,0,0,4,0,0,0,0,0,0,0,4,0,12,0,0,0,0,0,6,0,0,5,22,0,21,0,0,24,60,10,124,6,80,0,16,0,50,0,0,2,5,0,14,0,5,0,0,0,37,0,0,0
0,0,66,9,159,148,0,0,8,0,38,85,77,63,153,135,212,0,141,67,0,25,144,15,75,0,27,20,113,5,111,7,51,14,21,0,37,10,22,1,1,0,8,4,1,0,0,0,0,0,23,3,7,0,7,0,0,0,2,0,2,0,51,0,2,0,0,0,0,0,36,0,0,0,20,0,0,0,0,0,89,0,0,0,33,0,49,0,8,0,84,0,0,0,0,0,108,0,173,0,0,0,0,0,0,0,52,0,0,0,0,0,0,0,0,0,0,0,0,0,63,0,56,0,0,0,0,0,12,0,0,0,0,0,10,0,18,0,31,0,34,0,103,0,30,0,0,0,0,0,0,0,0,0,7,0,0,0,0,0,0,0,0,0,6,0,46,0,9,0,4,0,9,0,0,0,20,9,13,0,3,0,3,0,6,0,8,1,0,0,0,0,0,0,0,0,0,0,0,0,10,0,0,0,0,0,0,0,0,0,0,0,0,0,2,0,0,0,19,17,28,0,2,1,35,0,269,4,49,0,25,0,9,0,0,0,20,0,0,0,14,0,19,0,48,0,0,0,0
0,0,0,10,49,53,0,0,0,0,6,5,81,68,27,136,0,57,55,90,25,0,0,112,0,16,0,50,0,41,16,29,0,42,0,11,0,28,0,2,8,0,5,26,3,22,0,2,0,0,0,21,0,2,0,0,0,28,0,9,0,6,0,117,0,0,0,0,0,0,0,0,0,1,0,0,0,3,0,1,0,19,0,0,0,145,0,0,0,3,0,5,0,0,0,0,0,24,0,0,0,0,0,0,0,0,0,0,0,0,0,0,0,0,0,0,0,0,0,0,0,0,0,38,0,0,0,2,0,9,0,6,0,36,0,91,0,254,0,82,0,50,0,161,0,33,0,0,0,0,0,0,0,0,0,0,0,3,0,4,0,3,0,0,0,8,0,2,0,6,0,0,0,0,0,0,3,10,0,0,0,0,0,0,0,0,6,7,0,0,0,0,0,0,0,0,0,0,0,0,0,0,0,0,0,0,0,0,0,3,0,0,0,0,0,4,0,0,0,62,0,39,0,0,0,114,0,285,3,72,0,49,0,66,0,1,0,20,0,11,0,0,0,12,0,24,0,0,0
46,167,337,58,121,118,6,0,5,0,25,102,13,0,183,82,90,23,193,0,144,0,0,74,127,16,48,0,30,12,47,0,32,15,0,0,0,18,122,9,0,0,0,0,13,0,0,0,0,0,0,0,5,0,66,0,10,0,6,0,0,0,2,0,10,0,0,0,0,0,0,0,0,0,0,0,0,0,0,0,6,0,0,0,0,1,8,0,0,0,24,0,0,0,0,0,35,0,0,0,2,0,0,0,0,0,0,0,0,0,0,0,0,0,0,0,0,0,0,0,2,0,0,0,0,0,9,0,0,0,0,0,0,0,28,0,19,0,0,0,6,0,55,0,0,0,7,0,24,0,26,0,3,0,0,0,0,0,1,0,0,0,0,0,3,0,14,0,0,0,0,0,14,1,0,0,0,14,0,0,0,0,24,0,5,0,1,0,0,0,0,0,0,0,2,0,4,0,0,0,31,0,0,0,1,0,5,0,24,0,0,0,0,0,0,0,0,0,0,0,66,2,5,0,0,0,167,10,40,0,0,0,0,2,2,0,0,0,0,0,6,0,0,0,27,0,0,0,0
121,44,75,105,57,23,9,15,0,0,38,8,0,0,33,98,38,56,0,118,15,112,74,0,55,32,0,15,4,37,11,4,21,7,0,6,5,2,20,11,0,0,0,2,0,4,0,0,0,0,0,0,0,0,0,75,0,47,0,16,0,0,5,90,0,0,0,0,0,1,0,0,0,0,0,0,0,0,0,0,0,0,0,0,0,43,0,0,0,0,0,1,0,1,0,0,0,12,0,0,0,0,0,0,0,0,0,0,0,0,0,0,0,0,0,0,0,0,0,0,0,4,0,6,0,8,0,0,0,4,2,7,0,27,0,36,0,80,0,0,0,0,1,14,0,0,0,0,2,0,0,2,0,1,0,5,0,0,0,5,0,6,0,1,1,0,4,0,0,0,0,0,3,0,0,0,2,7,2,2,0,0,0,2,0,0,0,0,0,0,0,0,0,0,0,0,0,0,0,0,0,4,0,0,0,0,0,0,0,1,0,0,0,0,0,0,0,0,0,0,0,22,0,1,0,0,0,488,8,17,2,13,0,30,0,0,0,0,0,3,0,0,1,1,3,0,0,0,0
20,251,314,22,0,0,172,84,32,147,0,0,6,0,96,12,126,46,134,0,75,0,127,55,0,215,24,0,26,0,17,0,0,8,2,0,6,12,95,22,0,0,4,0,9,0,2,0,11,0,0,0,99,16,276,19,43,0,10,0,87,32,374,136,0,0,0,0,0,0,0,0,0,0,0,0,0,0,0,0,0,0,0,0,27,0,0,0,0,0,30,0,0,0,0,0,59,0,0,0,0,0,6,0,0,0,77,0,0,0,0,0,0,0,0,0,0,0,0,0,0,0,4,0,0,0,16,0,45,0,15,0,47,0,83,0,141,0,5,0,3,0,202,0,0,0,4,0,7,0,22,0,0,0,0,0,0,0,3,0,10,0,0,0,0,0,0,0,25,0,21,0,64,4,0,0,1,15,1,0,0,0,5,14,1,0,2,0,0,0,0,0,0,0,0,0,3,0,0,0,93,0,0,0,2,0,0,0,80,0,37,0,0,0,152,0,0,0,17,0,208,3,87,0,78,0,158,0,132,9,18,0,175,0,10,0,0,0,45,0,16,0,1,1,106,0,0,0,0
225,86,112,144,0,4,145,413,198,41,0,0,0,0,0,24,30,231,0,22,0,16,16,32,215,0,0,0,2,24,0,3,0,2,0,5,2,7,28,65,1,0,0,0,1,0,0,0,0,0,0,0,5,36,33,154,0,52,0,5,0,14,32,186,0,0,0,0,0,0,0,0,0,0,0,0,0,0,0,0,0,0,0,0,0,7,0,0,0,0,0,0,0,0,0,0,0,0,0,0,0,0,0,0,0,0,0,0,0,0,0,0,0,0,0,0,0,0,0,0,0,0,0,0,0,9,0,3,0,0,0,0,0,27,0,21,0,59,0,15,0,10,0,4,0,0,0,0,0,0,0,0,0,0,0,12,0,0,0,0,0,6,0,0,0,0,0,0,0,0,1,0,0,9,2,0,0,28,0,1,0,0,0,41,0,0,0,0,0,0,0,0,0,0,0,0,0,0,0,0,0,2,0,0,0,0,0,2,0,6,0,0,0,0,0,8,0,0,0,1,0,41,0,0,0,0,0,173,9,33,0,4,0,9,0,1,0,0,2,0,3,0,0,0,7,4,0,0,0
41,0,104,0,195,15,2,0,17,0,31,0,122,236,91,5,8,0,113,89,27,0,48,0,24,0,0,265,0,0,6,0,0,0,17,0,14,0,0,0,14,124,175,51,48,82,10,46,5,0,125,35,0,0,0,0,0,0,0,0,0,0,0,0,20,0,2,0,0,0,7,0,1,0,0,0,0,0,0,0,21,0,0,0,2,0,0,0,0,0,13,0,0,0,0,0,0,0,0,0,0,0,0,0,0,0,0,0,0,0,0,0,0,0,0,0,0,0,0,0,11,0,0,0,0,0,0,0,0,0,0,0,0,0,0,0,0,0,0,0,0,0,0,0,7,0,0,0,34,0,17,0,0,0,0,0,0,0,0,0,0,0,0,0,25,0,0,0,0,1,0,0,0,0,0,0,14,64,2,0,0,0,3,0,15,0,36,6,0,0,0,0,0,0,0,0,0,0,0,0,0,0,0,0,0,0,0,0,0,0,0,0,0,0,0,0,0,0,223,64,5,0,9,30,154,0,20,2,7,0,7,0,0,0,0,0,0,0,3,0,0,0,3,0,12,0,0,0,0
0,324,0,28,39,246,0,47,0,34,2,103,266,84,0,55,0,3,181,98,20,50,0,15,0,0,265,0,0,1,0,9,0,6,20,27,0,17,0,0,72,4,80,108,0,129,36,22,0,20,60,156,0,0,0,0,0,13,0,0,0,0,0,9,0,20,0,13,0,2,0,0,0,0,0,0,0,0,0,0,0,0,0,2,0,26,0,0,0,0,0,0,0,0,0,0,0,0,0,1,0,0,0,0,0,0,0,0,0,0,0,0,0,0,0,0,0,0,0,0,0,8,0,0,0,0,0,0,0,0,0,6,0,0,0,0,0,21,0,0,0,1,0,0,0,6,0,0,0,0,0,0,0,0,0,0,0,0,0,0,0,0,0,0,4,25,0,0,0,12,0,0,0,0,0,0,9,114,2,0,0,0,0,0,0,9,33,26,0,0,0,0,0,0,0,0,0,0,0,0,0,0,0,0,0,0,0,0,0,0,0,0,0,0,0,0,0,0,17,334,0,0,0,53,20,91,0,100,0,49,0,9,0,7,0,0,0,2,0,0,0,2,0,0,3,0,0,0,0
78,18,153,9,33,9,0,3,16,0,0,4,0,0,0,5,42,4,12,0,113,0,30,4,26,2,0,0,0,0,41,0,5,1,29,0,41,0,7,0,0,0,11,0,5,0,0,0,0,0,3,0,3,0,0,0,0,0,0,0,1,0,27,0,0,0,0,0,0,0,7,0,3,0,0,0,0,0,0,0,23,0,0,0,8,0,12,0,0,0,17,0,0,0,0,0,19,0,32,0,2,0,1,0,0,0,0,0,0,0,0,0,0,0,0,0,0,0,0,0,29,0,22,0,0,0,0,0,9,0,0,0,1,0,0,0,5,0,29,0,21,0,40,0,0,0,0,0,0,0,0,0,0,0,8,0,0,0,13,0,0,0,1,0,0,0,2,0,0,0,0,0,0,0,0,0,2,0,0,0,0,0,12,0,0,0,0,0,0,0,0,0,0,0,0,0,0,0,0,0,0,0,0,0,0,0,0,0,0,0,0,0,0,0,1,0,0,0,0,0,0,0,0,0,0,0,32,0,3,0,0,0,0,0,0,0,0,0,0,0,0,0,0,0,0,0,0,0,0
0,109,12,165,0,88,0,33,0,0,0,16,0,0,12,19,3,89,0,0,5,41,12,37,0,24,0,1,0,0,0,47,0,5,0,31,0,6,0,13,0,0,0,2,0,0,0,0,0,0,0,3,0,0,0,23,0,17,0,0,0,0,0,66,0,2,0,0,0,0,0,0,0,0,0,0,0,0,0,0,0,1,0,0,0,22,0,0,0,0,0,0,0,0,0,1,0,4,0,0,0,0,0,0,0,0,0,0,0,0,0,0,0,0,0,0,0,0,0,0,0,0,0,0,0,4,0,2,0,5,0,3,0,14,0,38,0,83,0,18,0,9,0,27,0,0,0,0,0,0,0,3,0,0,0,3,0,0,0,0,0,0,0,0,0,0,0,0,0,0,0,0,0,0,0,3,0,20,0,0,0,5,0,5,0,0,0,0,0,0,0,0,0,0,0,0,0,0,0,0,0,3,0,0,0,0,0,0,0,0,0,0,0,0,0,0,0,0,0,0,2,2,0,0,0,0,0,73,2,7,0,2,0,4,0,0,0,0,0,4,0,0,0,1,0,6,0,0,0
16,0,62,0,132,58,0,0,0,0,45,23,24,6,133,55,59,0,29,17,111,16,47,11,17,0,6,0,41,0,0,0,9,0,22,0,26,3,15,0,0,0,19,0,2,0,0,0,0,0,9,0,0,0,2,0,0,0,0,0,0,0,21,0,0,0,0,0,0,0,5,0,0,0,0,0,0,0,0,0,37,0,0,0,14,0,14,0,0,0,25,0,0,0,4,0,29,0,36,0,0,0,0,0,0,0,7,0,0,0,0,0,0,0,0,0,0,0,0,0,21,0,0,0,0,0,0,0,0,0,0,0,0,0,0,0,6,0,5,0,5,0,20,0,7,0,0,0,0,0,0,0,0,0,0,0,0,0,1,0,0,0,2,0,5,0,69,0,17,0,0,0,12,0,0,0,26,9,13,0,0,0,6,0,3,0,8,0,0,0,0,0,0,0,0,0,0,0,0,0,0,0,0,0,0,0,0,0,0,0,0,0,0,0,0,0,0,0,1,0,34,0,0,0,14,0,207,6,44,0,21,0,0,0,0,0,13,0,6,0,0,0,31,0,56,0,0,0,0
0,5,1,3,20,80,0,0,0,0,0,17,13,33,16,24,0,9,5,38,7,29,0,4,0,3,0,9,0,47,0,0,4,36,2,15,0,14,0,2,0,0,0,7,0,3,0,0,0,0,0,11,0,0,0,0,0,4,0,0,0,0,0,13,0,0,0,0,0,0,0,0,0,0,0,0,0,0,0,0,0,0,0,0,0,0,0,0,0,0,0,0,0,0,0,0,0,1,0,0,0,0,0,0,0,0,0,0,0,0,0,0,0,0,0,0,0,0,0,0,0,0,0,4,0,0,0,0,0,0,0,0,0,2,0,6,0,23,0,17,0,9,0,13,0,4,0,0,0,0,0,0,0,0,0,0,0,2,0,0,0,0,0,0,0,0,0,6,0,0,0,1,0,0,0,0,0,12,0,1,0,0,0,0,0,0,0,7,0,1,0,0,0,0,0,0,0,0,0,0,0,0,0,0,0,0,0,0,0,0,0,1,0,1,0,0,0,1,0,1,0,34,0,1,0,26,1,88,0,89,0,23,0,21,0,0,0,8,0,0,0,0,0,4,0,8,0,0,0
32,7,133,6,132,48,4,0,0,0,67,22,9,0,81,52,35,0,6,6,51,0,32,21,0,0,0,0,5,0,9,4,0,4,36,0,81,5,1,0,0,0,8,0,0,0,0,0,0,0,0,0,0,0,0,0,2,0,0,0,1,0,7,0,0,0,0,0,0,0,7,0,0,0,0,0,0,0,0,0,16,0,0,0,0,0,0,0,0,0,0,0,0,0,0,0,18,0,17,0,0,0,0,0,0,0,8,0,0,0,0,0,0,0,0,0,0,0,0,0,13,0,12,0,0,0,0,0,0,0,0,0,0,0,1,0,0,0,6,0,3,0,0,0,5,0,0,0,2,0,1,0,0,0,0,0,0,0,0,0,0,0,0,0,3,0,54,0,0,0,0,0,10,0,0,0,14,5,8,0,0,0,23,0,1,0,0,0,0,0,0,0,0,0,0,0,0,0,0,0,0,0,0,0,0,0,0,0,0,0,0,0,0,0,0,0,0,0,1,1,41,0,0,0,7,0,166,4,57,0,7,0,11,2,0,0,5,0,2,0,4,0,14,1,42,0,0,0,0
0,163,21,112,35,269,0,0,0,0,11,56,0,0,53,33,6,39,0,10,14,42,15,7,8,2,0,6,1,5,0,36,4,0,0,35,0,43,0,0,0,0,0,9,0,0,0,0,0,0,0,7,0,0,0,0,0,0,0,0,0,2,0,8,0,0,0,0,0,0,0,0,0,0,0,0,0,0,0,0,0,0,0,0,0,7,0,0,0,1,0,0,0,0,0,0,0,0,0,0,0,0,0,0,0,0,0,0,0,0,0,0,0,0,0,0,0,0,0,0,0,0,0,1,0,0,0,0,0,1,0,0,0,0,0,0,0,14,0,0,0,1,0,8,0,1,0,0,0,0,0,0,0,6,0,0,0,0,0,0,0,0,0,0,0,0,0,1,0,0,0,0,0,0,0,0,2,48,1,8,0,0,0,9,0,0,0,2,0,0,0,0,0,0,0,0,0,0,0,1,0,0,0,0,0,0,0,0,0,0,0,0,0,0,0,0,0,2,0,0,0,30,0,0,0,0,0,152,0,40,0,0,0,16,0,0,0,2,0,4,0,0,0,2,0,7,0,0,0
3,0,0,0,69,18,0,0,5,0,19,0,102,37,37,0,2,0,96,37,21,0,0,0,2,0,17,20,29,0,22,2,36,0,0,1,33,0,2,0,2,4,5,7,2,0,0,1,0,0,10,3,0,0,0,0,0,0,0,0,0,0,0,0,0,0,0,0,0,0,0,0,0,0,0,0,0,0,0,0,0,0,0,0,0,0,0,0,0,0,0,0,0,0,1,0,2,0,5,0,0,0,0,0,0,0,0,0,0,0,0,0,0,0,0,0,0,0,0,0,5,0,0,0,0,0,0,0,0,0,0,0,0,0,0,0,0,0,0,0,0,0,0,0,0,0,0,0,7,0,0,0,4,0,0,0,0,0,0,0,0,0,0,0,11,0,15,0,14,0,0,0,6,0,0,0,21,10,29,0,0,0,0,0,0,0,53,0,0,0,0,0,0,0,0,0,0,0,0,0,0,0,0,0,0,0,0,0,0,0,0,0,0,0,0,0,0,0,22,15,23,0,0,0,72,0,149,0,23,0,20,1,0,0,0,0,8,0,10,0,0,0,11,0,45,0,0,0,0
0,4,0,1,6,83,0,0,0,0,0,2,9,87,0,2,0,3,9,95,0,11,0,6,0,5,0,27,0,31,0,15,0,35,1,0,0,7,0,1,0,0,0,2,0,1,0,0,0,0,0,20,0,0,0,3,0,0,0,0,0,1,0,10,0,0,0,0,0,0,0,0,0,0,0,0,0,0,0,0,0,0,0,0,0,11,0,2,0,0,0,0,0,0,0,0,0,0,0,0,0,0,0,0,0,0,0,0,0,0,0,0,0,0,0,0,0,0,0,0,0,0,0,7,0,0,0,0,0,0,0,0,0,0,0,0,0,21,0,9,0,6,0,22,0,6,0,0,0,0,0,0,0,0,0,0,0,0,0,0,0,0,0,0,0,5,0,1,0,0,0,0,0,0,0,0,0,17,0,0,0,0,0,0,0,0,0,0,0,0,0,0,0,0,0,0,0,0,0,0,0,0,0,0,0,0,0,0,0,0,0,0,0,0,0,0,0,0,0,17,0,9,0,0,1,28,0,26,0,29,0,7,0,8,0,0,0,3,0,0,0,0,0,0,0,0,0,0,0
47,13,24,7,133,40,0,0,4,0,47,17,32,12,82,35,2,0,50,14,37,0,0,5,6,2,14,0,41,0,26,0,81,0,33,0,0,0,42,0,3,7,42,0,15,0,0,0,0,0,50,0,7,0,0,0,1,0,0,0,8,0,35,0,0,0,0,0,0,0,35,0,2,0,16,0,3,0,0,0,82,0,0,0,6,0,35,0,0,0,15,0,0,0,0,0,15,0,89,0,0,0,0,0,0,0,0,0,0,0,0,0,0,0,0,0,0,0,0,0,48,0,45,0,0,0,0,0,0,0,0,0,0,0,0,0,13,0,84,0,34,0,44,0,57,0,0,0,3,0,0,0,14,0,34,0,11,0,27,0,0,0,9,0,21,0,44,0,26,0,16,0,28,0,0,0,25,14,23,0,0,0,28,0,7,0,50,0,0,0,0,0,0,0,0,0,0,0,0,0,0,0,0,0,0,0,0,0,0,0,0,0,0,0,1,0,1,0,10,0,62,0,4,0,72,0,126,3,105,0,22,0,17,0,0,0,6,0,8,0,0,0,8,0,44,0,0,0,0
26,257,37,48,32,154,0,39,2,0,11,53,15,79,26,31,6,19,17,102,10,28,18,2,12,7,0,17,0,6,3,14,5,43,0,7,0,0,0,4,0,0,0,30,0,1,0,0,0,0,0,27,0,3,0,0,0,8,0,0,0,22,0,42,0,0,0,0,0,0,0,1,0,0,0,0,0,0,0,0,0,2,0,0,0,19,0,0,0,0,0,0,0,0,0,0,0,0,0,0,0,0,0,0,0,0,0,0,0,0,0,0,0,0,0,0,0,0,0,0,0,4,0,12,0,0,0,0,0,0,0,0,0,0,0,13,0,102,0,77,0,35,0,90,0,43,0,0,0,0,0,0,0,5,0,9,0,24,0,11,0,2,0,0,0,0,0,4,0,5,0,0,0,11,0,1,4,72,0,10,0,3,0,14,0,0,0,18,0,0,0,0,0,0,0,0,0,0,0,1,0,0,0,0,0,0,0,0,0,0,0,0,0,0,0,0,0,0,0,9,0,35,0,3,0,64,0,116,0,97,0,0,1,13,0,1,0,7,0,2,0,0,0,2,0,0,0,0,0
337,38,358,8,39,9,117,11,136,7,15,8,0,0,0,8,48,13,0,0,22,0,122,20,95,28,0,0,7,0,15,0,1,0,2,0,42,0,0,0,1,0,8,0,0,0,0,0,0,0,4,0,7,0,0,3,0,0,0,0,21,4,44,0,0,0,0,0,0,0,5,0,0,0,0,0,0,0,0,0,18,0,0,0,5,0,0,0,0,0,0,0,0,0,0,0,0,0,12,0,1,0,0,0,0,0,5,0,0,0,0,0,0,0,0,0,0,0,0,0,19,0,10,0,0,0,0,0,0,0,0,0,0,0,2,0,10,0,52,0,20,0,25,0,15,0,0,0,6,0,0,0,10,0,26,0,10,0,20,0,0,0,1,0,0,0,0,0,0,0,2,0,58,0,6,0,19,9,0,0,0,0,120,4,0,0,0,0,0,0,0,0,0,0,0,0,0,0,0,0,0,0,0,0,0,0,0,0,0,0,0,0,0,0,0,0,0,0,0,0,7,2,0,0,1,0,179,3,7,0,0,0,0,2,0,0,0,0,0,0,0,0,1,0,0,2,0,0,0
32,561,30,220,0,20,0,190,3,10,3,18,0,0,0,18,4,186,0,0,1,2,9,11,22,65,0,0,0,13,0,2,0,0,0,1,0,4,0,0,0,0,0,0,0,0,0,0,0,0,0,1,0,3,0,0,0,10,0,0,0,40,0,59,0,0,0,0,0,0,0,0,0,0,0,0,0,0,0,0,0,0,0,0,0,3,0,0,0,0,1,1,0,0,0,0,0,0,0,0,0,0,0,0,0,0,0,0,0,0,0,0,0,0,0,0,0,0,0,0,0,0,0,0,0,0,0,0,0,0,0,0,0,0,0,11,0,33,0,54,0,12,0,11,0,4,0,0,0,0,0,0,0,0,0,0,0,8,0,0,0,2,0,0,0,0,0,0,0,0,0,0,1,6,0,0,0,72,0,4,0,0,0,26,0,5,0,0,0,0,0,0,0,0,0,0,0,0,0,0,0,0,0,0,0,0,0,0,0,0,0,0,0,0,0,0,0,0,0,0,2,1,0,0,0,0,0,34,0,0,0,0,0,0,0,0,0,0,0,0,0,0,0,0,0,3,0,0,0
22,0,19,0,63,0,0,0,0,0,26,3,117,40,4,0,0,0,0,6,1,8,0,0,0,1,14,72,0,0,0,0,0,0,2,0,3,0,1,0,0,151,18,14,26,48,32,79,74,3,0,8,0,0,0,0,0,0,0,0,0,0,0,0,1,0,0,0,0,0,0,0,0,0,0,0,0,0,0,0,0,0,0,0,0,0,0,0,0,0,0,0,0,0,0,0,0,0,0,0,0,0,0,0,0,0,0,0,0,0,0,0,0,0,0,0,0,0,0,0,0,0,0,0,0,0,0,0,0,0,0,0,0,0,0,0,0,0,0,0,0,0,0,0,0,0,2,0,6,0,0,0,0,0,0,0,0,0,0,0,0,0,0,0,18,0,0,0,0,0,0,0,0,0,0,0,15,43,4,0,5,0,4,0,0,0,56,2,0,0,0,0,0,0,0,0,0,0,0,0,0,0,0,0,0,0,0,0,0,0,0,0,0,0,0,0,0,0,240,38,0,0,30,62,12,1,0,0,0,0,0,0,0,0,0,0,0,0,0,0,0,0,0,0,0,0,0,0,0
0,101,0,0,0,33,0,0,0,0,0,106,41,260,0,0,0,0,24,3,0,0,0,0,0,0,124,4,0,0,0,0,0,0,4,0,7,0,0,0,151,0,33,29,34,21,76,60,0,36,22,18,0,0,0,0,0,0,0,0,0,0,0,0,0,3,0,0,0,2,0,0,0,0,0,0,0,0,0,0,0,0,0,0,0,0,0,1,0,0,0,0,0,0,0,0,0,0,0,0,0,0,0,0,0,0,0,0,0,0,0,0,0,0,0,0,0,0,0,0,0,0,0,0,0,0,0,0,0,0,0,0,0,0,0,0,0,0,0,0,0,0,0,0,0,0,0,0,0,0,0,0,0,0,0,0,0,0,0,0,0,0,0,0,4,14,0,0,0,0,0,0,0,0,0,0,2,151,0,7,0,1,0,1,0,0,17,16,0,0,0,0,0,0,0,0,0,0,0,0,0,0,0,2,0,0,0,0,0,0,0,0,0,0,0,0,0,0,60,128,0,0,4,253,0,0,0,4,0,0,0,0,0,0,0,0,0,0,0,0,0,0,0,0,0,0,0,0,0
0,0,0,0,0,0,0,0,6,0,0,0,88,35,0,0,0,0,28,11,8,5,0,0,4,0,175,80,11,0,19,0,8,0,5,0,42,0,8,0,18,33,0,17,115,15,22,16,10,0,89,8,0,0,0,0,3,0,0,0,0,0,0,0,0,0,0,0,0,0,0,0,0,0,0,0,0,0,0,0,10,0,0,0,0,0,0,0,0,0,2,0,0,0,0,0,0,0,0,0,0,0,0,0,0,0,0,0,0,0,0,0,0,0,0,0,0,0,0,0,12,0,11,0,0,0,0,0,0,0,0,0,0,0,0,0,0,0,0,0,0,0,0,0,0,0,0,0,0,0,3,0,0,0,0,0,0,0,0,0,2,0,0,0,20,0,3,0,18,0,3,0,1,0,0,0,6,18,4,0,0,0,0,0,0,0,19,0,0,0,0,0,0,0,0,0,0,0,0,0,0,0,0,0,0,0,0,0,0,0,0,0,0,0,1,0,0,0,119,17,11,0,17,7,84,0,1,0,18,0,6,0,0,0,2,0,0,0,0,0,0,0,1,0,0,0,0,0,0
0,0,0,0,0,0,0,0,0,0,0,5,46,45,1,0,0,0,37,28,4,26,0,2,0,0,51,108,0,2,0,7,0,9,7,2,0,30,0,0,14,29,17,0,0,69,0,10,0,19,13,46,0,0,0,0,0,5,0,0,0,0,0,10,0,0,0,0,0,0,0,1,0,0,0,1,0,0,0,0,0,4,0,0,0,24,0,0,0,0,0,0,0,0,0,0,0,0,0,2,0,0,0,0,0,0,0,0,0,0,0,0,0,0,0,0,0,0,0,0,0,6,0,16,0,0,0,0,0,0,0,0,0,0,0,0,0,25,0,0,0,13,0,43,0,6,0,0,0,0,0,0,0,1,0,0,0,0,0,0,0,0,0,0,0,29,0,1,0,10,0,2,0,0,0,0,0,27,0,0,0,0,0,0,0,0,7,21,0,0,0,0,0,0,0,0,0,0,0,0,0,0,0,0,0,0,0,0,0,0,0,0,0,0,0,0,0,0,4,119,0,7,0,13,0,38,0,45,0,40,0,15,0,11,0,0,0,0,0,3,0,0,0,0,0,9,0,0,0
6,0,14,0,11,0,0,0,6,0,13,0,44,11,3,0,0,0,7,5,1,3,13,0,9,1,48,0,5,0,2,0,0,0,2,0,15,0,0,0,26,34,115,0,0,12,29,14,16,2,30,1,0,0,0,0,5,0,0,0,1,0,5,0,3,0,0,0,0,0,6,0,0,0,0,0,7,0,0,0,21,0,15,0,6,0,35,0,0,0,0,0,1,0,0,0,14,0,33,0,2,0,8,0,6,0,0,0,0,0,0,0,0,0,0,0,0,0,0,0,14,0,0,0,0,0,2,0,1,0,0,0,0,0,0,0,0,0,0,0,0,0,13,0,0,0,0,0,5,0,3,0,4,0,0,0,0,0,0,0,0,0,2,0,130,0,0,0,51,0,1,0,2,0,0,0,0,11,0,0,4,0,2,0,2,0,14,1,10,0,8,0,0,0,4,0,0,0,0,0,5,0,0,0,0,0,0,0,0,0,0,0,0,0,0,0,8,0,169,8,7,0,70,27,90,0,0,0,22,0,0,0,0,0,0,0,0,0,0,0,0,0,0,0,0,0,0,0,0
0,26,0,7,0,13,0,0,0,0,0,9,40,26,0,11,0,4,28,71,0,22,0,4,0,0,82,129,0,0,0,3,0,0,0,1,0,1,0,0,48,21,15,69,12,0,22,56,0,21,15,23,0,1,0,0,0,0,0,0,0,0,0,0,0,2,0,0,0,8,0,0,0,0,0,1,0,6,0,2,0,0,0,7,0,21,0,11,0,5,0,0,0,0,0,15,0,0,0,0,0,0,0,12,0,0,0,0,0,0,0,0,0,0,0,0,0,0,0,0,0,0,0,10,0,0,0,0,0,0,0,0,0,0,0,0,0,0,0,0,0,0,0,32,0,0,0,0,0,0,0,0,0,0,0,0,0,0,0,1,0,0,0,0,0,41,0,0,0,68,0,1,0,0,0,0,0,15,0,1,0,0,0,2,0,2,6,3,0,0,0,0,0,0,0,0,0,0,0,4,0,0,0,0,0,4,0,0,0,0,0,0,0,0,0,0,0,17,12,205,0,15,1,162,0,59,0,18,0,67,0,0,0,0,0,0,0,0,0,3,0,0,0,0,0,0,0,0,0
12,0,16,0,40,0,1,0,1,0,13,0,55,13,11,0,0,0,6,8,0,0,0,0,2,0,10,36,0,0,0,0,0,0,0,0,0,0,0,0,32,76,22,0,29,22,0,23,4,1,0,0,0,0,0,0,0,0,0,0,0,0,0,0,5,0,1,0,0,0,0,0,0,0,0,0,0,0,0,0,0,0,0,0,0,0,0,0,0,0,0,0,0,0,0,0,0,0,0,0,0,0,0,0,0,0,0,0,0,0,0,0,0,0,0,0,0,0,0,0,0,0,0,0,0,0,0,0,0,0,0,0,0,0,0,0,0,0,0,0,0,0,0,0,0,0,3,0,2,0,0,0,0,0,0,0,0,0,0,0,0,0,0,0,14,0,0,0,0,0,0,0,0,0,0,0,0,9,0,0,3,0,1,0,0,0,12,0,0,0,0,0,0,0,0,0,0,0,0,0,0,0,0,0,0,0,0,0,0,0,0,0,0,0,0,0,1,0,201,17,0,0,23,24,15,0,0,0,0,0,0,0,0,0,0,0,0,0,0,0,0,0,0,0,0,0,0,0,0
0,112,0,6,0,35,0,12,0,5,0,74,29,147,3,0,0,1,10,10,0,2,0,0,0,0,46,22,0,0,0,0,0,0,1,0,0,0,0,0,79,60,16,10,14,56,23,0,3,19,0,8,0,0,0,0,0,0,0,0,0,0,0,0,0,3,0,2,0,0,0,0,0,0,0,0,0,0,0,0,0,0,0,0,0,1,0,0,0,0,0,0,0,2,0,0,0,0,0,0,0,0,0,0,0,0,0,0,0,0,0,0,0,0,0,0,0,0,0,0,0,0,0,0,0,0,0,0,0,0,0,1,0,0,0,0,0,0,0,0,0,0,0,0,0,0,0,0,0,0,0,1,0,0,0,0,0,0,0,0,0,0,0,0,1,14,0,0,0,0,0,0,0,0,0,1,0,31,0,0,0,0,0,0,0,1,12,0,0,0,0,0,0,0,0,0,0,0,0,0,0,0,0,0,0,0,0,0,0,0,0,0,0,0,0,0,0,0,0,188,0,0,0,137,0,4,0,5,0,2,0,0,0,0,0,0,0,0,0,0,0,0,0,0,0,0,0,0,0
4,0,0,0,0,0,6,0,4,0,0,0,8,0,0,0,0,0,0,0,0,0,0,0,11,0,5,0,0,0,0,0,0,0,0,0,0,0,0,0,74,0,10,0,16,0,4,3,0,0,3,0,3,0,3,0,4,0,4,0,1,0,0,0,0,0,0,0,0,0,0,0,0,0,0,0,0,0,0,0,1,0,2,0,0,0,2,0,1,0,0,0,0,0,4,0,0,0,0,0,0,0,2,0,0,0,0,0,0,0,0,0,0,0,0,0,0,0,0,0,0,0,0,0,0,0,0,0,0,0,0,0,0,0,0,0,0,0,0,0,0,0,0,0,0,0,0,0,0,0,0,0,0,0,0,0,0,0,0,0,7,0,0,0,10,0,0,0,2,0,0,0,0,0,0,0,2,3,2,0,0,0,0,0,0,0,12,1,0,0,0,0,0,0,0,0,0,0,0,0,0,0,1,0,2,0,0,0,0,0,0,0,0,0,1,0,1,0,68,0,19,0,46,7,11,0,23,0,18,0,0,0,0,0,2,0,0,0,1,0,0,0,1,0,6,0,0,0,0
0,0,0,0,1,0,0,2,0,0,0,1,1,5,0,0,0,0,0,0,0,0,0,0,0,0,0,20,0,0,0,0,0,0,0,0,0,0,0,0,3,36,0,19,2,21,1,19,0,0,0,2,0,0,0,2,0,1,0,1,0,0,0,0,0,0,0,0,0,1,0,0,0,0,0,0,0,0,0,0,0,0,0,0,0,0,0,1,0,0,0,0,0,0,0,0,0,0,0,0,0,0,0,2,0,0,0,0,0,1,0,0,0,0,0,0,0,0,0,0,0,1,0,1,0,0,0,0,0,0,0,0,0,2,0,0,0,1,0,0,0,0,0,0,0,0,0,0,0,0,0,0,0,0,0,0,0,0,0,0,0,0,0,0,0,0,0,0,0,0,0,0,0,0,0,0,0,26,0,0,0,0,0,1,0,1,0,26,0,0,0,0,0,0,0,0,0,0,0,0,0,0,0,0,0,0,0,0,0,0,0,0,0,0,0,1,0,0,10,12,0,0,1,28,0,1,0,2,0,2,0,0,0,0,0,0,0,0,0,0,0,0,0,0,0,1,0,0,0
6,0,10,1,55,0,0,0,7,0,15,0,159,58,24,0,2,0,150,39,23,0,0,0,0,0,125,60,3,0,9,0,0,0,10,0,50,0,4,0,0,22,89,13,30,15,0,0,3,0,0,10,0,0,2,0,0,0,4,0,0,0,0,0,0,0,0,0,0,0,9,0,0,0,5,0,2,0,0,0,17,0,0,0,0,0,15,0,0,0,0,0,0,0,0,0,0,0,12,0,1,0,0,0,0,0,0,0,0,0,0,0,0,0,0,0,0,0,2,0,12,0,5,0,0,0,0,1,0,0,1,0,0,0,0,0,0,0,0,0,0,0,0,0,8,0,0,0,8,0,0,0,0,0,0,0,0,0,0,1,0,0,6,0,23,0,8,0,101,0,15,0,9,0,0,0,18,19,11,0,0,0,0,0,5,0,67,0,0,0,0,0,0,0,3,0,0,0,0,0,0,0,0,0,4,0,0,0,0,0,2,0,0,0,2,0,0,0,44,21,28,0,13,7,131,0,12,0,71,0,17,0,8,0,0,0,0,0,7,1,1,0,4,0,29,0,0,0,0
0,0,0,0,0,22,0,0,0,0,0,2,30,153,0,6,0,0,19,94,3,21,0,0,0,0,35,156,0,3,0,11,0,7,3,20,0,27,0,1,8,18,8,46,1,23,0,8,0,2,10,0,0,0,0,0,0,16,0,0,0,2,0,7,0,0,0,0,0,1,0,1,0,0,0,1,0,0,0,2,0,0,0,2,0,43,0,4,0,0,0,0,0,0,0,3,0,0,0,0,0,0,0,0,0,0,0,0,0,0,0,0,0,0,0,0,0,0,0,0,0,5,0,12,0,0,0,0,0,0,0,0,0,0,0,10,0,26,0,9,0,12,0,46,0,17,0,0,0,0,0,0,0,0,0,0,0,1,0,0,0,7,0,0,0,16,0,3,0,34,0,2,0,0,0,0,0,26,0,0,0,0,0,0,0,0,4,44,0,0,0,0,0,0,0,0,0,0,0,0,0,0,0,0,0,0,0,0,0,0,0,0,0,0,0,0,0,4,0,58,0,25,0,6,0,60,0,70,0,52,0,26,0,23,0,2,0,5,0,3,0,1,0,4,0,6,0,0,0
7,0,5,0,0,0,161,10,212,38,0,0,0,0,0,0,77,0,8,0,7,0,5,0,99,5,0,0,3,0,0,0,0,0,0,0,7,0,7,0,0,0,0,0,0,0,0,0,3,0,0,0,0,10,367,12,94,3,51,7,76,0,146,0,1,0,4,17,0,0,0,0,2,0,0,0,0,0,0,0,2,0,0,0,6,0,0,0,0,0,14,0,0,0,0,0,8,0,0,0,0,0,0,0,0,0,15,0,0,0,0,0,0,0,0,0,0,0,0,0,0,0,5,0,7,0,0,0,49,0,9,0,17,0,10,0,51,0,38,0,15,0,90,0,0,0,5,0,2,0,0,0,0,0,107,1,38,2,63,0,34,0,9,0,9,0,0,0,14,0,20,0,6,0,0,0,9,0,0,0,0,0,2,0,0,0,0,0,0,0,0,0,0,0,0,0,0,0,0,0,18,0,0,0,0,0,0,0,12,0,6,0,0,0,53,0,0,0,9,0,84,0,38,0,32,0,484,0,127,0,0,0,27,0,17,0,2,0,11,0,4,0,4,0,51,0,0,0,0
0,15,0,0,0,0,72,41,81,88,0,0,0,0,0,0,0,0,0,5,0,2,0,0,16,36,0,0,0,0,0,0,0,0,0,0,0,3,0,3,0,0,0,0,0,1,0,0,0,0,0,0,10,0,63,133,1,100,16,17,2,24,0,11,0,0,2,2,0,0,0,0,0,0,0,0,0,0,0,0,0,0,0,0,0,4,0,0,0,0,0,0,0,0,0,0,0,6,0,0,0,0,0,0,0,0,0,0,0,0,0,0,0,0,0,0,0,0,0,0,0,0,0,0,0,13,0,4,0,53,0,20,0,54,0,17,1,98,0,82,0,18,0,13,0,24,0,1,0,0,0,0,0,0,0,124,0,46,0,68,0,19,0,0,0,0,0,0,0,1,2,3,0,0,0,0,6,14,0,0,0,0,0,17,0,5,0,0,0,0,0,0,0,0,0,0,0,0,0,0,0,0,0,0,0,0,0,0,0,0,0,0,0,0,0,17,0,0,0,0,0,45,0,9,0,3,0,120,0,42,0,0,0,21,0,0,0,0,0,2,0,0,0,0,0,0,0,0,0
0,10,100,0,6,0,263,56,149,353,0,0,0,0,0,0,47,0,0,0,7,0,66,0,276,33,0,0,0,0,2,0,0,0,0,0,0,0,0,0,0,0,0,0,0,0,0,0,3,0,2,0,367,63,0,76,42,17,22,27,55,17,152,58,31,0,19,74,0,0,0,0,0,0,0,0,0,0,0,0,0,0,0,0,0,0,0,0,0,0,4,0,0,0,0,0,6,0,2,0,0,0,0,0,5,0,0,0,0,0,0,0,0,0,0,0,0,0,0,0,0,0,0,0,9,0,10,0,28,0,30,0,15,0,18,0,30,0,1,0,2,0,37,0,3,0,2,0,8,0,3,0,0,0,41,5,21,9,7,0,47,0,0,0,4,0,4,0,0,0,29,0,15,0,0,0,1,3,0,0,0,0,0,0,0,0,0,0,0,0,0,0,0,0,0,0,0,0,1,0,11,0,0,0,0,0,1,0,17,0,12,0,4,0,226,0,0,0,7,0,217,4,52,0,44,0,664,0,137,3,8,0,101,0,42,0,5,0,70,0,5,0,4,0,166,0,0,0,0
0,54,3,116,0,33,64,345,155,135,0,0,0,0,0,115,0,47,0,122,0,0,0,75,19,154,0,0,0,23,0,0,0,0,0,3,0,0,3,0,0,0,0,0,0,0,0,0,0,2,0,0,12,133,76,0,7,124,26,31,2,15,0,113,0,4,31,16,0,0,0,0,0,0,0,0,0,0,0,0,0,0,0,0,1,0,0,0,0,0,0,0,0,0,0,0,0,0,0,0,0,0,0,0,0,0,0,0,0,0,0,0,0,0,0,0,0,0,0,0,0,0,0,0,0,25,0,18,0,0,0,23,0,13,0,39,0,44,0,16,0,0,1,2,1,0,1,0,0,1,0,0,0,0,0,60,0,11,0,16,0,24,0,0,0,0,0,0,0,2,0,30,1,10,1,0,6,9,0,0,0,0,0,9,0,9,0,1,0,0,0,0,0,0,0,0,0,0,0,3,0,0,0,0,0,0,0,3,0,9,1,10,0,0,2,145,0,0,0,5,0,213,1,0,0,28,1,171,0,175,0,6,0,124,0,32,0,1,0,14,2,2,0,0,0,105,0,0,0
1,1,10,0,2,0,22,0,10,17,1,0,0,0,0,0,10,0,0,0,0,0,10,0,43,0,0,0,0,0,0,0,2,0,0,0,1,0,0,0,0,0,3,0,5,0,0,0,4,0,0,0,94,1,42,7,0,3,228,31,0,0,8,0,29,24,24,58,0,0,0,0,0,0,0,0,0,0,0,0,0,0,0,0,0,2,0,0,0,0,0,0,0,0,0,0,0,0,0,0,0,0,0,0,0,0,0,0,0,0,0,0,0,0,0,0,0,0,0,0,0,0,0,2,11,0,5,0,23,0,25,1,7,0,0,0,0,0,11,13,0,0,0,0,8,11,3,0,8,0,4,0,0,0,166,10,16,0,33,8,29,15,35,0,11,0,5,0,20,0,18,0,3,0,0,9,0,0,0,0,6,3,0,0,0,5,0,0,0,0,0,0,0,0,0,0,1,0,0,0,0,0,0,0,0,0,0,0,4,0,19,0,14,0,290,0,0,0,16,0,320,0,140,0,112,0,227,0,373,0,6,0,299,0,298,0,6,0,166,0,10,0,22,0,256,2,0,0,0
0,0,0,20,0,10,11,21,19,23,0,0,0,0,0,44,0,55,0,49,0,28,0,47,0,52,0,13,0,17,0,4,0,0,0,0,0,8,0,10,0,0,0,5,0,0,0,0,0,1,0,16,3,100,17,124,3,0,19,47,0,10,0,34,2,27,16,55,0,1,0,1,0,1,0,0,0,0,0,0,0,0,0,0,0,0,0,0,0,0,0,0,0,0,0,1,0,0,0,0,0,0,0,0,0,0,0,0,0,0,0,0,0,0,0,0,0,0,0,0,1,0,0,0,0,16,0,8,0,8,0,18,0,15,0,9,0,12,0,12,0,0,0,0,0,3,0,3,0,1,0,0,0,0,0,145,0,7,0,96,0,23,0,35,0,0,0,0,0,22,0,60,0,5,0,0,1,0,0,0,0,0,0,0,0,10,0,0,0,0,0,0,0,0,0,0,0,0,0,0,0,0,0,0,0,0,0,0,0,3,0,0,0,14,0,207,0,0,0,11,0,291,0,0,0,74,0,61,0,558,0,0,0,109,0,240,0,0,0,16,0,0,0,7,0,76,0,0,0
2,2,11,0,3,0,12,0,55,21,0,0,0,0,0,0,0,0,0,0,2,0,6,0,10,0,0,0,0,0,0,0,0,0,0,0,0,0,0,0,0,0,0,0,0,0,0,0,4,0,4,0,51,16,22,26,228,19,0,122,12,0,0,0,252,52,64,291,0,0,0,0,0,0,0,0,0,0,0,0,0,0,0,0,0,0,0,0,0,0,0,0,0,0,0,0,0,0,0,0,0,0,0,0,0,0,0,0,0,0,0,0,0,0,0,0,0,0,0,0,0,0,0,0,5,0,0,0,0,0,16,0,4,0,2,0,0,0,2,13,0,0,0,0,0,18,2,0,6,0,0,0,0,0,57,10,34,4,8,12,42,18,0,0,8,0,3,0,0,0,16,0,3,0,2,17,8,0,0,0,16,10,0,0,8,19,0,0,0,0,0,0,0,0,0,0,0,0,0,0,0,0,0,0,0,0,0,0,0,0,15,0,7,0,328,0,0,0,20,0,241,0,68,1,49,0,253,0,125,0,12,0,314,2,199,2,9,1,230,0,23,0,42,0,399,1,0,0,0
0,7,0,18,0,10,12,21,67,39,0,1,0,0,0,14,0,0,0,29,0,9,0,16,0,5,0,0,0,0,0,0,0,0,0,0,0,0,0,0,0,0,0,0,0,0,0,0,0,1,0,0,7,17,27,31,31,47,122,0,0,7,0,2,46,197,218,263,0,0,0,0,0,0,0,0,0,0,0,0,0,0,0,0,0,0,0,0,0,0,0,0,0,0,0,0,0,0,0,0,0,0,0,0,0,0,0,0,0,0,0,0,0,0,0,0,0,0,0,0,0,0,0,0,0,4,0,2,0,0,3,13,0,0,0,0,0,0,3,0,1,0,0,0,6,12,0,1,1,0,0,0,0,0,5,6,0,14,0,12,0,13,0,8,0,4,0,0,0,19,0,14,0,2,0,12,12,0,0,0,4,15,0,0,3,69,0,0,0,0,0,0,0,0,0,0,1,0,0,0,0,0,0,0,0,0,0,0,0,0,0,0,0,17,0,506,0,0,0,23,0,518,0,87,0,99,5,202,0,524,0,15,0,443,1,746,0,4,0,68,0,8,0,16,2,367,0,0,0
12,0,18,0,0,0,271,0,301,17,0,0,0,0,0,0,3,0,0,0,2,0,0,0,87,0,0,0,1,0,0,0,1,0,0,0,8,0,21,0,0,0,0,0,1,0,0,0,1,0,0,0,76,2,55,2,0,0,12,0,0,0,50,0,0,0,0,0,0,0,0,0,1,0,0,0,0,0,0,0,0,0,0,0,0,0,0,0,0,0,0,0,0,0,0,0,0,0,2,0,0,0,0,0,0,0,0,0,0,0,0,0,0,0,0,0,0,0,0,0,3,0,0,0,0,0,0,0,0,0,0,0,0,0,0,0,0,0,110,0,22,0,7,0,28,0,0,0,0,0,0,0,4,0,96,0,84,0,58,0,0,0,3,0,5,0,1,0,9,0,94,0,43,0,5,0,38,4,0,0,0,0,1,0,1,0,0,0,0,0,0,0,0,0,0,0,0,0,0,0,0,0,0,0,0,0,0,0,0,0,4,0,0,0,13,2,0,0,0,0,37,0,12,0,9,0,143,0,62,0,0,0,10,0,3,0,0,0,7,0,0,0,0,0,7,0,0,0,0
21,169,18,5,0,0,31,150,25,125,0,1,0,1,0,0,0,4,0,2,0,6,0,0,32,14,0,0,0,0,0,0,0,2,0,1,0,22,4,40,0,0,0,0,0,0,0,0,0,0,0,2,0,24,17,15,0,10,0,7,0,0,4,11,0,0,0,0,0,0,0,0,0,0,0,0,0,0,0,0,0,0,0,0,0,0,0,0,0,0,0,0,0,0,0,0,0,0,0,0,0,0,0,0,0,0,0,0,0,0,0,0,0,0,0,0,0,0,0,0,0,0,0,0,0,3,0,0,0,4,0,0,0,4,0,0,0,32,0,87,0,15,0,7,0,81,0,0,0,0,0,0,0,0,0,27,0,42,0,30,0,0,0,0,0,0,0,0,0,1,0,10,0,5,0,0,0,91,0,0,0,0,0,48,0,0,0,0,0,0,0,0,0,0,0,0,0,0,0,0,0,0,0,0,0,0,0,0,0,0,0,0,0,1,0,40,0,0,0,0,0,63,0,20,0,2,0,120,0,108,0,0,0,17,0,8,0,0,0,2,1,0,0,1,0,7,0,0,0
29,29,77,3,0,0,196,40,287,30,1,0,0,0,0,0,72,0,28,0,51,0,2,5,374,32,0,0,27,0,21,0,7,0,0,0,35,0,44,0,0,0,0,0,5,0,0,0,0,0,0,0,146,0,152,0,8,0,0,0,50,4,0,10,0,0,0,0,0,0,5,0,0,0,8,0,0,0,0,0,15,0,0,0,28,0,0,0,0,0,0,0,0,0,0,0,49,0,33,0,0,0,0,0,0,0,25,0,0,0,0,0,0,0,0,0,0,0,0,0,26,0,50,0,0,0,0,0,55,0,3,0,15,0,15,0,66,0,85,0,40,0,150,0,0,0,0,0,0,0,0,1,0,0,52,0,6,0,31,0,9,0,0,0,0,0,1,0,3,0,8,0,12,0,0,0,20,3,0,0,0,0,0,0,0,1,0,0,0,0,0,0,0,0,0,0,0,0,0,0,13,0,0,0,0,0,0,0,0,0,0,0,1,0,12,0,0,0,0,0,17,0,3,0,9,0,167,0,18,0,2,0,13,0,1,0,0,0,3,0,0,0,0,1,6,0,0,0,0
54,118,23,9,0,0,110,233,91,197,0,2,0,0,0,38,3,110,0,28,0,117,0,90,136,186,0,9,0,66,0,13,0,8,0,10,0,42,0,59,0,0,0,10,0,0,0,0,0,0,0,7,0,11,58,113,0,34,0,2,0,11,10,0,0,0,0,0,0,0,0,0,0,0,0,0,0,0,0,0,0,0,0,0,1,0,0,0,0,0,0,0,0,0,0,0,0,0,0,0,0,0,0,0,0,0,0,0,0,0,0,0,0,0,0,0,0,0,0,0,0,0,0,0,0,4,0,0,0,0,0,4,0,0,0,12,0,54,0,93,0,18,0,6,0,26,0,0,0,0,0,2,0,0,0,65,0,15,0,43,0,4,0,0,0,1,0,0,0,0,0,1,1,0,0,0,0,152,0,0,0,0,0,110,0,0,0,0,0,0,0,0,0,0,0,0,0,0,0,0,0,0,0,0,0,0,0,0,0,0,0,1,0,0,0,19,0,0,0,0,0,45,0,3,0,1,1,159,0,30,0,0,0,0,0,1,0,0,0,0,0,0,0,0,0,5,0,0,0
24,0,25,0,21,0,26,0,123,0,2,0,0,0,0,0,0,0,11,0,2,0,10,0,0,0,20,0,0,0,0,0,0,0,0,0,0,0,0,0,1,0,0,0,3,0,5,0,0,0,0,0,1,0,31,0,29,2,252,46,0,0,0,0,0,50,199,40,0,0,4,0,1,0,1,0,0,0,0,0,0,0,0,0,0,5,1,0,0,0,0,0,0,0,0,0,0,0,0,0,0,0,0,0,0,0,0,0,0,0,0,0,0,0,0,0,0,0,0,0,0,3,0,0,6,0,2,1,0,1,20,10,0,0,0,0,0,0,2,28,2,0,0,0,6,28,7,0,50,0,28,5,1,0,0,5,0,0,1,5,181,95,0,0,0,0,0,0,0,0,0,0,0,0,34,78,7,0,0,0,66,11,4,0,72,11,0,0,0,0,0,0,0,0,0,0,0,0,0,0,0,0,0,0,0,0,0,0,1,0,0,0,0,0,6,0,0,0,1,0,0,0,0,0,0,0,12,0,6,0,1,0,0,0,55,0,2,0,41,0,2,0,0,0,25,0,0,0,0
0,34,0,0,0,7,0,0,7,78,0,14,0,0,0,0,0,0,0,20,0,0,0,0,0,0,0,20,0,2,0,0,0,0,0,0,0,0,0,0,0,3,0,0,0,2,0,3,0,0,0,0,0,0,0,4,24,27,52,197,0,0,0,0,50,0,46,456,0,1,0,0,0,0,0,0,0,0,0,0,0,1,0,0,1,0,4,2,0,0,0,0,0,0,0,0,0,0,0,0,0,0,0,0,0,10,0,0,0,0,0,0,0,0,0,0,0,0,0,0,0,2,0,0,0,9,0,16,0,0,0,62,0,0,1,19,0,9,19,6,2,0,0,0,30,7,0,69,17,154,5,51,4,19,7,5,0,0,0,9,85,239,0,0,0,0,0,1,0,0,0,0,0,0,22,115,2,0,0,0,15,78,0,2,0,75,0,0,0,0,0,0,0,0,0,0,0,0,0,16,0,0,0,0,0,1,0,12,1,25,0,0,0,2,0,0,0,0,0,0,0,0,0,0,0,0,0,20,0,19,0,0,0,0,0,46,0,0,0,7,0,0,0,2,0,27,0,0,0
0,0,7,0,5,0,60,3,186,61,0,0,1,0,0,0,0,0,2,0,0,0,0,0,0,0,2,0,0,0,0,0,0,0,0,0,0,0,0,0,0,0,0,0,0,0,1,0,0,0,0,0,4,2,19,31,24,16,64,218,0,0,0,0,199,46,0,158,0,0,0,0,0,0,0,0,0,0,0,0,0,0,0,0,0,0,0,0,0,0,0,0,0,0,0,0,0,0,0,0,0,0,0,0,0,0,0,0,0,0,0,0,0,0,0,0,0,0,0,0,0,0,0,0,0,0,2,0,0,0,5,0,0,0,0,0,0,0,0,6,0,0,0,1,0,6,1,0,9,0,1,0,0,0,2,5,2,1,0,4,25,11,0,0,0,0,0,0,0,0,0,0,0,0,3,12,109,0,0,0,19,14,0,0,46,18,0,0,0,0,0,0,0,0,0,0,0,0,0,0,0,0,0,0,0,0,0,0,0,0,4,0,0,0,38,0,0,0,0,0,23,0,0,0,1,0,61,0,0,0,0,0,35,0,35,0,2,0,26,0,0,0,1,0,68,0,0,0,0
0,16,0,2,0,5,41,0,116,99,0,5,0,0,0,0,0,0,0,15,0,0,0,0,0,0,0,13,0,0,0,0,0,0,0,0,0,0,0,0,0,0,0,0,0,0,0,2,0,0,0,0,17,2,74,16,58,55,291,263,0,0,0,0,40,456,158,0,0,0,0,0,0,0,0,0,0,0,0,0,0,0,0,0,0,0,0,0,0,0,0,0,0,0,0,0,0,0,0,0,0,0,0,0,0,2,0,3,0,0,0,0,0,0,0,0,0,0,0,0,0,0,0,0,0,7,0,5,0,0,0,18,0,0,0,6,0,0,5,4,0,0,0,0,11,10,0,5,0,114,0,4,0,8,10,6,0,0,0,7,21,60,0,3,0,0,0,0,0,0,0,0,0,1,0,61,23,43,0,0,0,81,0,0,16,521,0,0,0,0,0,0,0,2,0,0,0,0,0,6,0,0,0,0,0,0,0,0,0,5,0,0,0,0,1,77,0,0,0,0,0,85,0,12,0,15,0,86,0,97,0,0,0,129,0,287,0,2,0,28,0,3,0,0,0,121,0,0,0
0,0,0,0,0,0,0,0,0,0,0,0,0,0,0,0,0,0,0,0,0,0,0,0,0,0,0,0,0,0,0,0,0,0,0,0,0,0,0,0,0,0,0,0,0,0,0,0,0,0,0,0,0,0,0,0,0,0,0,0,0,0,0,0,0,0,0,0,0,0,0,0,5,0,0,0,24,0,20,0,0,0,2,0,0,0,13,0,16,0,0,0,2,0,5,0,8,0,0,0,0,0,72,0,0,0,0,0,4,0,0,0,4,0,0,0,0,0,0,0,5,0,1,0,0,0,0,0,0,0,0,0,0,0,0,0,0,0,0,0,0,0,0,0,0,0,0,0,0,0,0,1,0,0,0,0,0,0,0,0,0,0,3,0,15,0,0,0,93,0,0,0,0,0,0,0,0,0,0,0,0,0,0,0,0,0,0,0,0,0,12,0,0,0,1,0,10,0,0,0,7,0,0,0,0,0,0,0,3,0,1,0,42,0,63,0,46,0,7,0,2,0,71,0,5,0,2,0,39,0,0,0,0,0,0,0,0,0,0,0,9,0,0,0,0,0,0,0,0
0,0,0,0,0,0,0,0,0,0,0,0,0,0,0,0,0,0,0,0,0,0,0,1,0,0,0,2,0,0,0,0,0,0,0,0,0,0,0,0,0,2,0,0,0,8,0,0,0,1,0,1,0,0,0,0,0,1,0,0,0,0,0,0,0,1,0,0,0,0,0,0,0,6,0,0,0,34,0,2,0,1,0,15,0,0,0,13,0,49,0,0,0,4,0,17,1,0,0,1,0,7,0,96,0,0,0,3,0,43,0,6,0,6,0,0,0,0,0,0,0,0,0,0,0,0,0,0,0,0,0,1,0,0,0,0,0,0,0,0,0,0,0,0,0,0,3,0,2,0,0,0,0,0,0,0,0,0,0,0,0,0,0,0,0,31,0,0,0,10,0,0,0,1,0,0,0,0,0,0,0,0,0,0,0,0,0,0,0,7,0,0,0,0,0,14,0,0,0,0,0,5,0,0,0,0,0,0,0,0,0,0,0,234,0,50,0,118,0,11,0,3,0,119,0,6,0,4,0,50,0,0,0,1,0,0,0,0,0,8,0,0,0,0,0,1,0,0,0
0,0,3,0,3,0,0,0,0,0,0,0,0,0,0,0,14,0,32,0,36,0,0,0,0,0,7,0,7,0,5,0,7,0,0,0,35,0,5,0,0,0,0,0,6,0,0,0,0,0,9,0,0,0,0,0,0,0,0,0,0,0,5,0,4,0,0,0,0,0,0,0,236,0,260,0,15,0,148,0,16,0,1,0,2,0,48,0,0,0,0,0,0,0,0,0,0,0,5,0,1,0,0,0,0,0,0,0,0,0,0,0,0,0,0,0,0,0,0,0,31,0,11,0,8,4,8,0,10,0,7,8,7,0,14,0,11,0,5,0,27,0,41,2,35,0,14,0,22,7,3,0,0,4,0,0,3,0,0,0,7,5,35,0,0,0,1,0,4,0,20,0,33,0,16,0,0,0,0,0,11,5,0,0,8,0,0,0,0,0,0,0,0,0,0,0,0,0,0,0,0,0,0,0,0,0,0,0,0,1,0,0,0,0,0,0,0,0,0,0,6,0,12,0,9,0,0,0,17,3,0,0,0,0,0,0,0,0,5,0,0,0,2,0,0,0,0,0,0
0,0,0,0,0,0,0,0,0,0,0,0,0,0,0,0,0,0,0,0,0,0,0,0,0,0,0,0,0,0,0,0,0,0,0,0,0,1,0,0,0,0,0,1,0,0,0,0,0,0,0,1,0,0,0,0,0,1,0,0,0,0,0,0,0,0,0,0,0,0,0,0,0,147,0,169,0,10,0,99,0,5,0,3,0,0,0,59,0,0,0,0,0,0,0,0,0,0,0,0,0,0,0,0,0,0,0,0,0,0,0,0,0,0,0,1,0,0,0,0,0,10,0,56,0,14,0,15,0,0,1,5,0,30,0,18,0,0,1,4,0,27,0,13,0,78,0,0,0,13,0,14,0,9,0,0,0,0,0,0,3,0,0,28,0,0,0,0,0,1,0,0,0,0,0,8,0,0,0,0,5,11,0,0,0,0,0,0,0,1,0,0,0,0,0,0,0,0,0,5,0,5,0,0,0,0,0,0,0,0,0,1,0,0,0,0,0,0,0,0,0,2,0,0,0,0,0,6,0,7,0,0,0,0,0,8,0,0,0,9,0,0,0,0,0,5,0,0,0
0,0,1,0,0,0,0,0,0,0,0,0,2,0,0,0,7,0,0,0,0,0,0,0,0,0,1,0,3,0,0,0,0,0,0,0,2,0,0,0,0,0,0,0,0,0,0,0,0,0,0,0,2,0,0,0,0,0,0,0,1,0,0,0,1,0,0,0,5,0,236,0,0,0,80,0,141,0,130,0,0,0,14,0,9,0,9,0,0,0,0,0,7,0,0,0,4,0,0,0,0,0,0,0,0,0,3,0,1,0,0,0,0,0,0,0,0,0,0,0,82,0,30,0,34,0,15,0,4,0,25,0,19,0,58,0,33,0,3,0,36,0,88,0,15,0,30,0,12,0,16,0,12,2,0,0,1,0,1,0,1,0,31,0,1,0,0,0,4,0,10,0,9,0,0,0,0,0,0,0,7,6,0,0,1,0,0,0,0,0,0,0,0,0,0,0,0,0,34,0,20,0,35,0,12,0,0,0,31,0,0,0,0,0,2,0,0,0,0,0,3,0,6,0,2,0,2,0,4,0,0,0,0,0,9,0,0,0,70,0,33,0,14,0,0,0,0,0,0
