0,304,32,90,49,0,5,160,95,33,96,16,138,0,23,31,42,32,0,0,9,4,35,45,7,210,0,0,64,5,48,4,100,0,0,0,42,0,278,0,24,0,0,0,0,0,26,0,0,0,0,0,0,0,0,0,0,0,0,0,81,0,46,33,0,0,0,0,0,0,0,0,0,0,0,0,0,0,0,0,0,0,0,0,0,2,0,0,0,0,0,0,0,0,0,0,0,0,0,0,0,0,0,0,0,0,0,0,0,0,0,0,0,0,0,0,0,0,0,0,0,0,0,0,0,0,2,0,0,0,0,0,0,0,0,0,4,0,0,0,0,0,0,0,0,0,16,0,0,0,17,0,37,0,0,0,0,0,0,0,0,0,0,0,0,0,47,0,6,0,12,0,246,0,0,0,289,44,14,0,22,0,44,0,33,0,0,0,0,0,0,0,0,0,0,0,0,0,0,0,0,0,0,0,0,0,0,0,0,0,558,119,257,56,183,0,0,0,0,0,0,0,0,0,0
304,0,464,189,44,195,139,36,84,56,33,290,0,119,0,65,180,22,0,138,0,110,349,149,286,100,0,124,21,240,0,0,23,110,0,70,0,66,77,362,0,43,1,0,0,21,0,99,2,17,0,0,0,25,7,5,0,0,0,0,0,335,41,124,0,41,0,3,0,0,0,0,0,0,0,0,0,0,0,0,0,0,0,0,0,0,0,0,0,0,0,0,0,0,0,0,0,0,0,0,0,0,0,0,0,0,0,0,0,0,0,0,0,0,0,0,0,0,0,0,0,0,0,0,0,19,0,33,0,6,0,25,0,0,0,0,0,53,0,0,0,0,0,0,0,11,0,86,1,52,0,38,0,177,0,14,0,0,0,9,0,0,0,3,0,0,0,0,1,9,0,6,30,182,0,12,109,372,0,22,0,51,6,2,0,30,0,7,0,0,0,0,0,0,0,0,0,4,0,0,0,0,0,0,0,0,0,0,0,12,0,3,0,0,342,0,0,0,1136,256,593,69,27,27,2
32,464,0,156,195,83,37,129,14,12,32,95,79,0,217,104,132,49,79,0,121,0,511,102,120,201,55,0,272,33,216,14,270,0,0,0,59,18,427,0,21,0,0,0,36,0,23,0,2,0,0,0,0,0,21,0,0,0,3,0,106,58,67,22,2,0,6,0,0,0,0,0,0,0,2,0,0,0,0,0,0,3,0,0,0,0,0,0,0,0,0,0,2,0,0,0,0,0,0,0,0,0,0,0,0,0,0,0,0,0,0,0,0,0,0,0,0,0,0,0,0,0,0,0,53,0,15,0,0,0,14,0,11,0,0,0,42,0,0,0,11,0,0,8,0,0,56,0,116,0,23,0,40,0,0,0,1,0,0,0,0,0,0,0,0,1,80,0,14,0,14,0,238,0,2,0,219,0,0,0,21,0,8,0,35,0,0,0,0,0,0,0,0,0,0,0,0,0,0,0,0,0,0,0,0,0,0,0,11,0,552,86,481,68,260,2,5,0,0,4,0,0,0,0,0
90,189,156,0,76,71,0,58,0,3,102,8,0,12,39,209,70,24,0,119,25,75,208,340,16,84,0,69,12,100,0,0,37,106,0,0,28,48,0,107,0,0,0,0,0,12,0,16,0,0,0,0,0,2,1,26,0,3,0,0,0,0,0,0,0,1,0,0,0,0,0,0,0,0,0,0,0,0,0,0,0,0,0,0,0,0,0,0,0,0,1,0,0,0,0,0,0,0,0,0,0,0,0,0,0,0,0,0,0,0,0,0,0,0,0,0,0,0,0,0,0,0,0,0,0,0,1,13,0,0,0,0,0,0,0,47,0,99,0,0,0,0,0,18,0,0,0,8,1,0,0,0,0,0,0,0,0,0,0,0,0,0,0,0,0,0,3,73,0,0,0,0,5,42,0,0,36,37,1,8,0,0,0,0,0,0,0,0,0,0,0,0,0,0,0,0,0,0,0,0,0,37,0,0,0,0,0,0,0,0,0,0,13,0,75,0,0,0,254,113,203,23,0,13,0
49,44,195,76,0,334,7,0,37,0,227,156,230,85,254,237,36,9,255,125,323,37,91,76,0,0,176,46,0,0,329,24,342,60,214,0,201,15,48,0,103,0,0,0,21,0,104,0,6,0,90,0,0,0,0,0,0,0,0,0,0,1,0,0,0,0,3,0,0,0,0,0,0,0,0,0,0,0,0,0,0,0,0,0,0,0,8,0,0,0,0,0,0,0,0,0,0,0,0,0,0,0,0,0,0,0,0,0,0,0,0,0,0,0,0,0,0,0,0,0,0,0,0,0,11,0,2,0,0,0,0,0,0,0,0,0,0,0,0,0,0,0,0,0,0,0,20,0,33,0,59,0,85,0,1,0,0,0,0,0,2,0,0,0,6,0,170,0,0,0,18,0,0,0,0,0,396,14,95,0,75,0,66,0,39,0,4,1,0,0,0,0,0,0,0,0,0,0,0,0,0,0,0,0,0,0,0,0,0,0,516,352,503,0,119,1,1,0,0,11,0,0,0,0,0
0,195,83,71,334,0,0,39,0,38,240,200,138,164,434,212,29,0,126,330,130,423,122,381,0,10,0,312,0,21,0,251,55,237,93,410,53,212,0,23,0,50,3,0,0,26,0,110,0,0,14,141,0,0,0,9,0,0,0,0,0,0,0,2,0,0,0,0,0,0,0,0,0,0,0,0,0,0,0,0,0,0,0,0,0,13,0,0,0,0,0,0,0,0,0,0,0,0,0,0,0,0,0,0,0,5,0,0,0,0,0,0,0,0,0,0,0,0,0,0,0,0,0,0,0,27,0,38,0,0,0,29,0,0,0,0,0,33,0,0,0,0,0,0,0,0,0,27,0,19,0,16,0,33,0,6,0,0,0,6,0,4,0,0,0,0,0,174,0,0,0,0,0,27,0,0,96,158,0,59,0,0,0,7,0,8,0,16,0,0,0,0,0,0,0,0,0,0,0,0,0,0,0,0,0,0,0,8,0,19,0,19,0,0,80,0,0,0,547,453,392,50,0,0,2
5,139,37,0,7,0,0,129,105,170,3,0,8,0,20,0,28,25,7,0,14,0,31,3,340,90,0,0,50,0,0,0,13,0,0,0,0,0,72,0,0,0,0,0,15,0,0,0,3,0,11,0,94,44,335,52,24,0,13,0,258,0,321,82,12,0,32,0,0,0,2,0,0,0,0,0,0,0,0,0,0,0,0,0,0,0,0,0,0,0,0,0,0,0,0,0,0,0,0,0,0,0,0,0,0,0,0,0,0,0,0,0,0,0,0,0,0,0,0,0,0,0,0,0,156,0,41,0,0,0,69,0,6,0,0,0,24,0,0,0,0,0,0,0,0,0,71,0,55,0,8,0,2,0,0,0,0,0,0,0,25,0,0,0,8,0,10,0,0,0,102,0,178,0,0,0,65,19,0,0,0,0,0,0,5,1,0,0,0,0,0,0,0,0,0,0,0,0,0,0,0,0,0,0,0,0,0,0,17,0,844,73,605,0,489,0,40,0,16,3,0,0,0,0,0
160,36,129,58,0,39,129,0,232,22,0,20,0,22,0,32,69,24,0,13,0,23,61,42,175,206,0,19,0,174,0,0,0,0,0,0,0,0,0,176,0,0,0,0,0,0,0,0,0,0,0,0,22,79,50,170,0,8,0,5,0,324,108,251,0,4,0,0,0,0,0,1,0,0,0,0,0,0,0,0,0,0,0,0,0,10,0,0,0,0,0,0,0,0,0,0,0,3,0,0,0,0,0,0,0,0,0,0,0,0,0,0,0,0,0,0,0,0,0,0,0,0,0,0,0,10,0,15,0,5,0,21,0,1,0,9,0,23,0,0,0,0,0,10,0,0,0,3,0,4,0,0,0,0,0,0,0,0,0,0,0,9,0,4,0,6,0,4,0,13,0,15,0,152,0,0,31,43,0,0,0,0,15,0,0,0,0,0,0,0,0,0,0,0,0,0,0,0,0,0,0,8,0,0,0,0,0,0,0,0,0,0,0,0,433,0,0,0,676,79,457,0,0,58,0
95,84,14,0,37,0,105,232,0,674,14,0,27,0,29,0,20,20,0,0,4,0,0,0,28,79,0,0,0,0,0,0,0,0,0,0,0,0,41,0,20,0,0,0,6,0,9,0,0,0,0,0,162,121,64,311,0,0,25,93,306,0,302,80,30,0,98,120,0,0,0,0,0,0,0,0,4,0,0,0,0,0,0,0,0,0,0,0,0,0,0,0,0,0,0,0,0,0,5,0,0,0,1,0,0,0,2,0,0,0,0,0,0,0,0,0,0,0,0,0,0,0,0,0,31,0,10,0,0,0,63,0,0,0,0,0,9,0,0,1,5,0,2,0,0,0,45,0,147,0,24,0,35,0,0,0,0,7,0,0,7,0,0,0,0,0,0,0,22,0,106,0,189,0,0,0,220,42,0,0,0,0,12,0,100,0,0,0,0,0,0,0,0,0,0,0,0,0,0,0,0,0,0,0,0,0,0,0,6,0,830,128,270,0,304,0,42,0,0,0,11,2,0,4,0
33,56,12,3,0,38,170,22,674,0,0,83,0,0,0,0,5,6,0,21,0,0,4,27,113,1,0,33,0,7,0,0,0,0,0,0,0,0,0,12,0,17,0,0,0,0,0,40,0,0,0,0,126,222,253,202,13,35,86,21,0,177,83,102,0,93,128,125,0,0,0,0,0,0,0,0,0,0,0,0,0,6,0,0,0,3,0,0,0,0,0,0,0,0,0,0,0,0,0,0,0,0,0,0,0,0,0,0,0,0,0,0,0,0,0,0,0,0,0,0,0,0,0,1,0,57,0,69,0,18,0,88,0,5,0,29,4,51,0,0,0,0,0,4,0,0,0,117,0,152,0,39,0,69,0,31,0,56,0,24,0,27,0,4,0,0,0,8,0,13,0,29,18,32,0,0,56,191,0,0,0,0,0,0,9,65,0,0,0,0,0,0,0,0,0,0,0,0,0,0,0,0,0,0,0,0,0,7,0,26,20,22,25,7,292,0,0,0,586,104,305,0,0,95,0
96,33,32,102,227,240,3,0,14,0,0,95,366,0,47,228,11,0,32,37,66,0,12,75,0,0,27,0,0,0,48,14,177,30,0,12,133,0,36,0,84,0,5,0,14,0,68,0,0,0,19,0,0,0,0,0,0,0,0,0,0,0,0,0,0,0,0,0,0,0,1,0,0,0,0,0,0,0,0,0,0,0,0,0,0,0,0,0,0,0,0,0,0,0,0,0,0,0,0,0,2,0,0,0,0,0,0,0,0,0,0,0,6,0,0,0,0,0,21,0,0,0,1,0,1,0,0,0,0,0,0,0,0,0,0,0,0,0,0,0,0,0,0,0,2,0,0,0,8,0,56,0,100,0,0,0,0,0,0,0,0,0,0,0,2,0,57,0,0,0,10,0,0,0,44,0,494,0,140,0,121,0,29,0,59,0,23,0,0,0,0,0,0,0,1,0,6,0,0,0,0,0,0,0,0,0,0,0,0,0,362,266,191,0,87,3,1,0,0,0,0,0,0,0,0
16,290,95,8,156,200,0,20,0,83,95,0,27,288,272,26,32,23,26,77,68,223,159,239,0,0,0,100,3,101,18,183,20,347,27,294,17,185,0,111,0,153,0,24,2,19,0,160,0,60,0,118,0,0,0,0,0,0,0,0,0,5,0,0,0,0,0,0,0,0,0,0,0,0,0,0,0,0,0,0,0,0,0,0,0,0,0,4,0,0,0,0,0,0,0,0,0,0,0,0,0,0,0,0,0,0,0,0,0,0,0,0,0,0,0,1,0,0,0,0,0,0,0,0,0,0,0,9,0,1,0,0,0,0,0,0,0,0,0,0,0,0,0,0,0,9,0,0,0,21,0,20,0,92,0,3,0,0,0,0,0,0,0,2,0,0,5,85,0,11,0,0,0,27,0,0,65,209,0,55,0,52,0,27,0,9,0,29,0,0,0,0,0,0,0,0,0,0,0,0,0,0,0,0,0,0,0,0,0,0,23,13,0,0,67,0,0,0,538,353,277,27,19,0,0
138,0,79,0,230,138,8,0,27,0,366,27,0,193,40,32,0,0,101,286,198,56,0,0,0,0,188,385,0,0,0,0,0,0,130,27,16,0,0,0,311,34,188,0,64,40,213,60,20,0,513,23,0,0,0,0,0,0,0,0,0,0,0,0,0,0,0,0,0,0,1,0,0,0,0,0,0,0,0,0,0,0,0,0,0,0,0,0,0,0,0,0,0,0,0,0,0,0,0,0,0,0,0,0,0,0,0,0,0,0,0,0,0,0,0,0,0,0,0,0,0,0,0,0,0,0,0,0,0,0,0,0,0,0,0,0,0,0,0,0,0,0,0,0,0,0,0,0,0,0,0,0,0,0,0,0,0,0,0,0,0,0,0,0,45,0,29,0,37,0,0,0,0,0,0,0,527,11,162,0,53,0,51,0,32,0,192,23,0,0,0,0,0,0,0,0,0,0,0,0,0,0,0,0,0,0,0,0,0,0,141,481,426,0,30,2,0,0,0,7,0,0,0,0,0
0,119,0,12,85,164,0,22,0,0,0,288,193,0,125,0,0,0,394,54,91,138,0,0,0,0,148,89,0,0,0,29,0,0,67,433,13,81,0,0,32,147,21,97,25,22,12,152,0,91,71,524,0,0,0,0,0,0,0,0,0,0,0,0,0,0,0,0,0,0,0,0,0,0,0,0,0,0,0,0,0,0,0,0,0,0,0,0,0,0,0,0,0,0,0,0,0,0,0,0,0,0,0,0,0,0,0,0,0,0,0,0,0,0,0,0,0,0,0,0,0,0,0,1,0,0,0,0,0,3,0,0,0,0,0,0,0,0,0,0,0,0,0,0,0,0,0,0,0,5,0,0,0,0,0,0,0,0,0,0,0,2,0,0,0,28,0,20,0,12,0,0,0,0,0,0,49,76,0,5,0,0,0,0,0,4,6,143,0,0,0,0,0,0,0,0,0,0,0,0,0,0,0,0,0,0,0,0,0,0,0,0,0,0,11,0,0,0,85,234,147,0,0,0,1
23,0,217,39,254,434,20,0,29,0,47,272,40,125,0,292,12,0,331,182,518,97,228,84,19,0,194,36,0,6,306,54,185,88,186,55,150,39,2,0,6,0,17,0,24,0,8,0,0,0,31,0,0,0,23,0,0,0,0,0,0,0,5,0,6,0,0,0,0,0,0,0,0,0,0,0,0,0,0,0,0,0,0,0,0,0,0,0,0,0,0,0,0,0,0,0,0,0,0,0,0,0,0,0,0,0,0,0,0,0,0,0,0,0,0,0,0,0,0,0,0,0,0,0,0,0,0,0,0,0,9,0,19,0,0,0,89,0,0,0,0,0,25,0,0,0,69,0,171,6,55,0,109,0,0,0,0,0,0,0,1,0,0,0,0,0,95,0,0,0,0,0,21,0,0,0,129,21,5,0,15,0,44,0,93,0,0,10,0,0,0,0,0,0,0,0,0,0,0,0,0,0,0,0,0,0,0,0,9,0,153,277,116,0,31,0,0,0,0,8,19,0,0,0,0
31,65,104,209,237,212,0,32,0,0,228,26,32,0,292,0,43,53,0,410,85,341,156,606,0,63,0,184,0,25,33,100,40,88,24,52,50,61,0,47,0,0,0,0,0,36,0,15,0,12,0,23,0,5,0,81,0,0,0,0,0,6,0,4,0,2,0,1,0,0,0,0,0,0,0,0,0,0,0,0,0,0,0,0,0,88,0,0,0,0,0,0,0,0,0,0,0,0,0,0,0,0,0,0,0,0,0,0,0,0,0,0,0,0,0,0,0,0,0,0,0,0,0,0,0,0,0,26,0,5,0,0,0,0,0,80,0,138,0,0,0,0,0,0,0,0,0,8,0,0,0,0,0,13,0,6,0,3,0,0,0,0,0,0,0,2,0,73,0,0,0,3,0,21,0,0,39,58,0,4,0,1,0,0,0,0,0,2,0,0,0,0,0,0,0,0,0,0,0,0,0,65,0,0,0,0,0,0,0,0,0,0,16,0,40,0,0,0,187,316,92,0,0,12,0
42,180,132,70,36,29,28,69,20,5,11,32,0,0,12,43,0,31,46,0,230,0,109,61,129,144,80,0,272,10,136,0,36,9,17,0,9,0,65,18,0,0,6,0,78,0,2,0,5,0,7,0,221,0,50,3,50,0,0,0,16,19,411,8,0,0,0,0,0,0,61,0,0,0,82,0,0,0,0,0,110,0,0,0,639,0,58,0,0,0,502,0,0,0,0,0,1224,0,288,1,43,0,0,0,0,0,300,0,0,0,0,0,0,0,0,0,0,0,0,0,177,0,230,1,0,0,0,0,0,0,0,0,31,0,18,0,467,0,88,0,139,0,492,2,19,0,0,0,0,0,0,0,0,0,92,0,0,0,34,0,0,1,0,0,0,0,15,0,0,0,6,0,15,0,0,0,46,4,0,0,0,0,2,0,0,0,0,0,0,0,0,0,0,0,0,0,0,0,0,0,102,0,0,0,0,0,6,0,0,0,36,145,54,0,12,0,0,0,6,0,0,0,0,0,0
32,22,49,24,9,0,25,24,20,6,0,23,0,0,0,53,31,0,0,11,0,119,52,283,43,232,0,0,0,356,0,31,0,8,0,0,0,8,0,91,0,0,0,0,0,0,0,0,0,0,0,0,0,92,0,83,0,70,0,0,0,27,10,230,0,0,0,0,0,0,0,0,0,0,0,3,0,0,0,0,0,0,0,0,0,530,0,0,0,0,0,0,0,0,0,0,0,97,0,38,0,0,0,0,0,0,0,0,0,0,0,0,0,0,0,0,0,0,0,0,0,11,0,3,0,55,0,54,0,190,0,37,0,206,0,369,0,564,0,163,0,100,0,343,0,0,0,0,0,0,0,0,0,0,0,81,0,0,0,59,0,0,0,0,0,0,0,0,0,0,0,0,0,17,0,0,0,24,0,0,0,0,0,0,0,0,0,0,0,0,0,0,0,0,0,0,0,0,0,0,0,239,0,0,0,0,0,0,0,0,5,0,0,0,6,0,0,0,35,226,59,0,2,0,1
0,0,79,0,255,126,7,0,0,0,32,26,101,394,331,0,46,0,0,458,308,89,331,0,0,0,183,422,2,0,6,0,2,0,58,50,22,0,0,0,16,18,20,0,7,0,11,28,0,0,158,0,0,0,0,0,0,0,0,0,0,0,0,0,2,0,0,0,0,0,0,0,0,0,0,0,0,0,0,0,0,0,0,0,0,0,0,0,0,0,0,0,0,0,0,0,0,0,0,0,0,0,0,0,0,0,0,0,0,0,0,0,0,0,0,0,0,0,0,0,0,0,0,0,0,0,0,0,0,0,0,0,0,0,0,0,0,0,0,0,0,0,0,0,0,0,0,0,0,0,27,0,0,0,0,0,0,0,0,0,0,0,0,0,7,0,17,0,15,0,3,0,0,0,0,0,269,5,19,0,17,0,53,0,22,0,35,48,0,0,0,0,0,0,0,0,0,0,0,0,0,0,0,0,0,0,0,0,0,0,63,115,98,0,0,0,0,0,0,0,0,0,0,0,0
0,138,0,119,125,330,0,13,0,21,37,77,286,54,182,410,0,11,458,0,142,734,0,175,0,13,188,289,0,0,0,107,0,0,157,327,26,32,0,0,25,24,26,40,23,160,11,157,0,17,109,277,0,5,0,0,0,0,0,0,0,0,0,0,0,0,0,0,0,0,0,0,0,0,0,0,0,0,0,0,0,0,0,0,0,43,0,0,0,0,0,0,0,0,0,0,0,0,0,0,0,0,0,0,0,0,0,0,0,0,0,0,0,0,0,0,0,0,0,0,0,0,0,0,0,0,0,21,0,0,0,0,0,0,0,0,0,56,0,0,0,0,0,0,0,6,0,0,0,7,0,0,0,0,0,0,0,0,0,0,0,1,0,0,0,31,0,49,0,15,0,2,0,8,0,0,35,29,12,0,0,0,0,4,0,0,4,61,0,0,0,0,0,0,0,2,0,0,0,0,0,0,0,0,0,0,0,0,0,12,0,22,0,0,0,0,0,0,191,258,177,0,0,0,0
9,0,121,25,323,130,14,0,4,0,66,68,198,91,518,85,230,0,308,142,0,34,295,35,53,0,227,130,25,0,110,0,30,0,21,21,25,9,1,0,4,0,45,0,37,0,0,0,3,1,20,0,36,0,0,0,10,0,0,0,0,0,67,0,3,0,0,0,0,0,51,1,10,0,54,0,0,0,0,0,65,0,0,0,163,0,0,0,0,0,186,0,0,0,0,0,332,0,0,0,0,0,0,0,0,0,0,0,0,0,1,0,0,0,0,0,0,0,0,0,98,0,49,0,0,0,0,0,0,0,0,0,0,0,0,0,219,0,0,0,62,1,105,0,40,0,0,0,0,0,0,0,24,0,0,0,0,0,0,0,0,0,0,0,4,0,74,0,20,0,0,0,21,1,0,0,96,0,28,0,0,0,22,0,0,0,2,0,0,0,0,0,0,0,0,0,0,0,0,0,0,0,0,0,0,0,0,0,0,0,236,414,89,0,38,0,0,0,6,0,0,0,0,0,0
4,110,0,75,37,423,0,23,0,0,0,223,56,138,97,341,0,119,89,734,34,0,8,289,0,40,44,351,0,109,0,29,0,6,27,43,10,24,0,0,0,0,0,117,3,211,0,0,0,16,16,66,0,11,0,26,0,15,0,0,0,21,0,121,0,0,0,0,0,0,0,0,0,0,0,0,0,0,0,0,0,0,0,0,0,161,0,0,0,0,0,0,0,0,0,0,0,0,0,0,0,0,0,0,0,0,0,0,0,0,0,0,0,0,0,0,0,0,0,0,0,0,0,0,0,0,0,0,0,0,0,0,0,0,0,78,0,253,0,208,0,444,0,387,0,65,0,0,0,16,0,0,0,41,0,12,0,0,0,0,0,0,0,0,0,20,0,77,0,23,0,0,0,20,0,0,11,33,0,27,0,0,0,9,0,0,0,28,0,0,0,0,0,0,0,3,0,0,0,0,0,0,0,0,0,0,0,0,0,0,0,0,0,0,89,0,0,0,459,618,212,35,0,0,0
35,349,511,208,91,122,31,61,0,4,12,159,0,0,228,156,109,52,331,0,295,8,0,158,63,128,144,0,99,31,48,0,34,45,0,2,23,17,61,48,0,0,0,0,71,0,21,0,2,0,0,0,12,0,103,1,13,0,0,0,0,22,14,13,0,0,0,0,0,0,0,0,1,0,0,0,0,0,0,0,0,0,0,0,63,0,5,0,0,0,91,0,0,0,0,0,178,0,0,0,0,0,0,0,7,0,0,0,0,0,0,0,0,0,0,0,0,0,0,0,0,0,26,0,0,0,0,0,0,0,1,0,40,0,0,0,315,0,8,0,38,0,86,1,0,0,11,0,17,0,6,0,6,0,10,0,0,0,0,0,0,0,0,0,4,0,31,0,0,0,2,0,35,3,0,0,101,11,0,0,0,0,4,0,3,0,0,0,0,0,0,0,0,0,0,0,0,0,0,0,0,0,0,0,0,0,0,0,16,0,27,244,60,0,13,0,0,0,14,0,5,0,0,0,0
45,149,102,340,76,381,3,42,0,27,75,239,0,0,84,606,61,283,0,175,35,289,158,0,0,108,0,140,7,132,10,13,18,18,0,15,7,18,22,36,0,0,0,21,0,57,0,0,0,0,0,12,0,6,0,74,0,0,0,0,0,0,0,63,0,0,0,0,0,0,0,0,0,0,0,0,0,0,0,0,0,0,0,0,0,473,0,48,0,0,0,0,0,0,0,0,0,84,0,56,0,0,0,0,0,0,0,25,0,0,0,0,0,0,0,0,0,0,0,0,0,0,0,0,0,0,0,0,0,0,0,0,0,52,0,200,0,232,0,51,0,82,0,164,0,0,0,0,0,0,0,0,0,0,0,11,0,0,0,0,0,0,0,0,0,4,0,23,0,0,0,3,0,23,0,0,11,35,0,29,0,0,0,5,0,0,0,0,0,0,0,0,0,0,0,0,0,0,0,0,0,134,0,0,0,0,0,0,0,0,0,0,0,0,51,0,0,0,299,804,112,0,0,6,0
7,286,120,16,0,0,340,175,28,113,0,0,0,0,19,0,129,43,0,0,53,0,63,0,0,213,0,0,173,0,20,0,1,0,0,0,4,0,81,7,0,0,0,0,0,0,0,0,0,0,0,0,37,33,431,50,48,0,14,0,51,44,105,84,0,0,0,0,0,0,0,0,0,0,0,0,0,0,0,0,0,0,0,0,111,0,0,0,0,0,55,0,0,0,0,0,144,1,0,0,0,0,0,0,0,0,41,0,0,0,0,0,0,0,0,0,0,0,0,0,7,0,34,0,22,0,17,0,46,0,8,7,76,0,0,3,393,8,28,0,63,0,153,0,0,0,0,0,5,0,0,0,0,1,85,0,0,0,0,0,13,0,0,2,1,0,0,0,0,0,5,0,71,7,0,0,25,11,0,0,0,0,2,0,1,0,0,0,0,0,0,0,0,0,0,0,0,0,0,0,0,0,1,0,0,0,0,0,22,0,63,42,64,18,57,0,0,0,22,5,8,0,0,0,0
210,100,201,84,0,10,90,206,79,1,0,0,0,0,0,63,144,232,0,13,0,40,128,108,213,0,0,0,0,213,0,0,8,0,0,0,0,13,41,133,0,0,0,0,0,0,0,2,0,0,0,0,2,17,5,188,0,28,0,8,12,109,33,105,0,0,0,0,0,0,0,0,0,0,0,0,0,0,0,0,0,0,0,0,0,106,0,0,0,0,0,0,0,0,0,0,0,49,0,0,0,35,0,0,0,0,0,0,0,0,0,0,0,0,0,0,0,0,0,0,0,0,0,0,0,35,0,85,0,61,0,60,0,97,0,241,0,613,0,34,0,0,0,54,0,0,0,12,0,0,0,27,0,0,0,22,0,3,0,0,0,29,0,3,0,0,0,0,0,19,0,0,24,66,0,0,11,0,0,0,0,0,0,0,0,0,0,0,0,0,0,0,0,0,0,0,0,0,0,8,0,113,0,0,0,0,0,21,0,81,0,0,0,0,60,0,0,0,167,392,121,0,0,15,0
0,0,55,0,176,0,0,0,0,0,27,0,188,148,194,0,80,0,183,188,227,44,144,0,0,0,0,807,19,0,40,0,0,0,0,0,12,0,0,0,56,89,194,27,197,129,190,222,14,0,210,40,0,0,0,0,0,0,0,0,0,0,37,0,0,0,0,0,0,0,106,0,0,0,77,0,0,0,0,0,0,0,0,0,80,0,50,0,0,0,0,0,0,0,0,0,0,0,323,0,0,0,0,0,0,0,0,0,0,0,0,0,0,0,0,0,0,0,0,0,0,0,0,0,0,0,0,0,0,0,0,0,0,0,0,0,0,0,0,0,0,0,0,0,104,0,0,0,0,0,0,0,0,0,3,0,0,0,0,0,0,0,10,0,36,0,9,0,31,0,0,0,15,0,0,0,50,0,8,0,0,0,0,0,13,0,100,25,0,0,0,0,0,0,0,0,0,0,5,0,0,0,0,0,0,0,0,0,0,0,32,306,175,0,0,0,0,0,0,0,0,0,0,0,0
0,124,0,69,46,312,0,19,0,33,0,100,385,89,36,184,0,0,422,289,130,351,0,140,0,0,807,0,0,12,0,20,0,2,50,71,0,15,0,0,309,33,155,319,159,343,141,177,11,21,213,494,0,0,0,18,0,8,0,0,0,0,0,46,0,0,0,0,0,6,0,0,0,0,0,0,0,0,0,0,0,0,0,0,0,0,0,0,0,0,0,1,0,0,0,0,0,0,0,0,0,0,0,0,0,0,0,0,0,0,0,0,0,0,0,0,0,0,0,0,0,0,0,0,0,0,0,0,0,0,0,0,0,0,0,0,0,0,0,0,0,148,0,162,0,0,0,0,0,0,0,0,0,0,0,17,0,0,0,0,0,0,0,0,0,84,0,12,3,50,0,0,0,0,0,0,36,52,0,0,0,0,0,0,0,0,71,179,0,6,0,0,0,0,0,0,0,0,0,0,0,0,0,0,0,0,0,0,0,0,0,27,36,0,0,0,0,0,0,328,343,0,0,0,0
64,21,272,12,0,0,50,0,0,0,0,3,0,0,0,0,272,0,2,0,25,0,99,7,173,0,19,0,0,1,46,1,40,0,30,0,14,0,13,0,0,0,44,0,0,0,0,0,0,0,10,0,48,0,9,0,6,0,0,0,12,0,129,3,0,0,0,0,0,0,37,0,0,0,71,0,0,0,0,0,36,1,0,0,105,0,17,0,0,0,90,0,0,0,0,0,184,0,157,0,0,0,0,0,0,0,31,0,0,0,0,0,0,0,0,0,0,0,0,0,69,0,54,0,0,0,0,0,12,0,0,0,0,0,0,0,53,0,132,0,87,0,46,0,67,0,0,0,0,0,0,0,0,0,25,0,2,0,19,0,0,0,0,0,0,0,0,0,0,0,0,0,0,0,0,0,46,0,0,0,0,0,0,0,0,0,0,0,0,0,0,0,0,0,0,0,0,0,0,0,0,0,0,0,0,0,0,0,0,0,27,35,11,0,0,0,0,0,0,0,0,0,0,0,0
5,240,33,100,0,21,0,174,0,7,0,101,0,0,6,25,10,356,0,0,0,109,31,132,0,213,0,12,1,0,0,58,0,44,0,29,0,25,0,21,0,0,0,20,0,0,0,0,0,0,0,23,0,31,0,26,0,12,0,0,0,24,0,209,0,1,0,0,0,0,0,0,0,0,0,0,0,0,0,0,0,0,0,0,0,89,0,0,0,0,0,0,0,0,0,0,0,0,0,0,0,0,0,0,0,0,0,0,0,0,0,0,0,0,0,0,0,0,0,0,0,0,0,0,0,0,0,0,0,81,0,8,0,69,0,81,0,264,0,349,0,267,0,242,0,17,0,0,0,0,0,0,0,0,0,14,0,0,0,43,0,2,0,0,0,0,0,0,0,0,0,0,0,4,0,0,4,17,0,29,0,0,0,0,0,0,0,0,0,0,0,0,0,0,0,0,0,0,0,0,0,0,0,0,0,0,0,0,0,0,0,0,0,0,0,0,0,0,45,75,11,0,0,0,0
48,0,216,0,329,0,0,0,0,0,48,18,0,0,306,33,136,0,6,0,110,0,48,10,20,0,40,0,46,0,0,0,2,0,48,0,15,0,3,1,0,0,64,0,12,0,0,0,1,0,29,0,24,0,0,0,0,0,0,0,0,0,83,0,0,0,0,0,0,0,95,0,0,0,85,0,0,0,0,0,0,0,0,0,110,0,27,0,0,0,104,0,0,0,0,0,202,0,0,0,0,0,0,0,0,0,0,0,0,0,0,0,0,0,0,0,0,0,0,0,83,0,0,0,0,0,0,0,0,0,0,0,0,0,0,0,0,0,0,0,41,0,36,0,73,0,0,0,0,0,0,0,0,0,0,0,0,0,0,0,0,0,10,0,0,0,37,0,0,0,0,0,6,0,0,0,64,0,14,0,0,0,22,0,16,0,0,0,0,0,0,0,0,0,0,0,0,0,0,0,0,0,0,0,0,0,0,0,0,0,93,137,59,0,25,0,0,0,0,0,0,0,0,0,0
4,0,14,0,24,251,0,0,0,0,14,183,0,29,54,100,0,31,0,107,0,29,0,13,0,0,0,20,1,58,0,0,0,4,0,31,0,28,0,7,0,0,0,37,0,12,0,0,0,0,0,18,0,0,0,0,0,0,0,0,0,8,0,40,0,2,0,0,0,0,0,0,0,0,0,0,0,0,0,0,0,0,0,0,0,0,0,0,0,0,0,0,0,0,0,0,0,0,0,0,0,0,0,0,0,0,0,0,0,0,0,0,0,0,0,0,0,0,0,0,0,0,0,0,0,0,0,0,0,0,0,0,0,0,0,23,0,62,0,126,0,196,0,105,0,36,0,0,0,0,0,0,0,0,0,0,0,0,0,0,0,0,0,0,0,0,1,37,0,6,0,0,0,4,0,0,6,41,0,30,0,0,0,5,0,0,0,0,0,0,0,0,0,0,0,0,0,0,0,0,0,0,0,0,0,0,0,0,0,0,0,0,0,0,21,0,0,0,139,143,62,0,0,0,0
100,23,270,37,342,55,13,0,0,0,177,20,0,0,185,40,36,0,2,0,30,0,34,18,1,8,0,0,40,0,2,0,0,11,5,0,25,0,2,0,0,0,8,0,0,0,0,0,0,0,1,0,10,0,3,0,0,0,0,0,22,0,26,0,0,0,0,0,0,0,43,0,0,0,40,0,0,0,0,0,0,0,0,0,58,0,0,0,0,0,44,0,0,0,0,0,0,0,0,0,21,0,0,0,0,0,0,0,0,0,0,0,0,0,0,0,0,0,0,0,35,0,31,0,0,0,0,0,0,0,0,0,0,0,0,0,0,0,78,0,50,0,0,0,97,0,0,0,28,0,0,0,0,0,21,0,0,0,0,0,0,0,0,0,0,0,60,0,0,0,13,0,54,0,0,0,153,0,16,0,0,0,28,0,23,0,0,0,0,0,0,0,0,0,0,0,0,0,1,0,0,0,0,0,0,0,0,0,0,0,87,233,63,0,0,0,0,0,0,0,0,0,0,0,0
0,110,0,106,60,237,0,0,0,0,30,347,0,0,88,88,9,8,0,0,0,6,45,18,0,0,0,2,0,44,0,4,11,0,0,13,6,115,4,5,0,0,0,6,0,5,0,0,0,0,1,5,0,0,0,5,0,0,0,0,0,31,0,23,0,0,0,0,0,0,0,0,0,0,0,0,0,0,0,0,0,0,0,0,0,0,0,0,0,0,0,0,0,0,0,0,0,0,0,0,0,0,0,0,0,0,0,0,0,0,0,0,0,0,0,0,0,0,0,0,0,0,0,5,0,0,0,3,0,0,0,0,0,0,0,0,0,0,0,76,0,123,0,39,0,0,0,0,0,0,0,0,0,0,0,9,0,10,0,0,0,0,0,0,0,0,0,51,0,3,0,0,0,15,0,0,17,60,0,76,0,0,0,0,0,0,0,0,0,0,0,0,0,0,0,0,0,0,0,0,0,0,0,0,0,0,0,0,0,0,0,0,0,0,23,0,0,0,196,215,182,0,0,0,0
0,0,0,0,214,93,0,0,0,0,0,27,130,67,186,24,17,0,58,157,21,27,0,0,0,0,0,50,30,0,48,0,5,0,0,0,369,0,0,0,0,0,15,0,0,0,0,0,3,0,79,0,0,0,0,0,0,0,0,0,0,0,18,0,0,0,0,0,0,0,70,0,0,0,56,0,0,0,0,0,54,0,0,0,63,0,29,0,7,0,82,0,0,0,0,0,0,0,0,0,0,0,0,0,0,0,0,0,0,0,0,0,0,0,1,0,0,0,0,0,54,0,0,0,0,0,0,0,0,0,0,0,0,0,0,0,0,0,26,0,25,0,0,0,53,0,0,0,0,0,0,0,0,0,0,0,0,0,0,0,1,0,15,0,10,0,121,0,0,0,0,0,38,0,0,0,133,0,39,0,0,0,0,0,0,0,0,3,0,0,0,0,0,0,0,0,0,0,0,0,0,0,0,0,0,0,0,0,0,0,111,188,212,0,42,0,0,0,0,0,0,0,0,0,0
0,70,0,0,0,410,0,0,0,0,12,294,27,433,55,52,0,0,50,327,21,43,2,15,0,0,0,71,0,29,0,31,0,13,0,0,7,247,0,8,0,0,0,30,2,12,0,0,0,0,0,113,0,0,0,0,0,0,1,0,0,15,0,16,0,0,0,0,0,0,0,0,0,0,0,0,0,0,0,0,0,0,0,0,0,0,0,0,0,0,0,0,0,0,0,0,0,0,0,0,0,0,0,0,0,0,0,0,0,0,0,0,0,0,0,0,0,0,0,0,0,0,0,0,0,0,0,5,0,0,0,0,0,0,0,0,0,0,0,55,0,146,0,134,0,49,0,0,0,0,0,0,0,14,0,9,0,9,0,0,0,0,0,0,0,24,0,76,0,10,0,0,0,0,0,0,0,42,0,0,0,0,0,4,0,0,0,91,0,0,0,0,0,0,0,0,0,2,0,0,0,0,0,0,0,0,0,0,0,0,0,9,0,0,22,0,0,0,144,181,162,0,0,0,0
42,0,59,28,201,53,0,0,0,0,133,17,16,13,150,50,9,0,22,26,25,10,23,7,4,0,12,0,14,0,15,0,25,6,369,7,0,0,14,0,0,0,49,0,10,0,0,0,0,0,43,0,2,0,4,0,10,0,11,0,24,0,11,0,0,0,0,0,0,0,89,0,9,0,67,0,0,0,0,0,0,0,0,0,31,0,34,0,0,0,51,0,0,0,0,0,43,0,160,0,0,0,0,0,0,0,0,0,0,0,0,0,0,0,0,0,0,0,0,0,73,0,14,0,0,0,0,0,0,0,0,0,0,0,0,0,15,0,165,0,74,0,22,0,193,0,0,0,0,0,0,0,36,0,56,0,9,0,19,0,0,0,27,0,6,0,87,0,11,0,20,0,71,0,0,0,91,0,19,0,15,0,0,0,0,0,0,0,0,0,1,0,0,0,0,0,0,0,0,0,0,0,0,0,0,0,0,0,0,0,79,138,139,9,0,0,0,0,2,0,0,0,0,0,0
0,66,18,48,15,212,0,0,0,0,0,185,0,81,39,61,0,8,0,32,9,24,17,18,0,13,0,15,0,25,0,28,0,115,0,247,0,0,0,11,0,0,0,181,0,64,0,0,0,1,0,79,0,6,0,12,0,8,0,0,0,40,0,28,0,1,0,0,0,0,0,0,0,1,0,0,0,0,0,0,0,0,0,0,0,0,0,0,0,0,0,0,0,0,0,0,0,0,0,0,0,0,0,0,0,0,0,0,0,0,0,0,0,0,0,0,0,0,0,0,0,22,0,0,0,0,0,0,0,0,0,6,0,0,0,0,0,0,0,148,0,246,0,114,0,133,0,0,0,0,0,0,0,0,0,12,0,35,0,29,0,0,0,0,0,4,0,58,0,4,0,0,0,25,0,0,9,41,1,27,0,0,0,3,0,0,0,6,0,0,0,0,0,0,0,0,0,0,0,0,0,3,0,0,0,0,0,0,0,0,0,0,0,0,16,0,0,0,82,176,165,2,0,0,0
278,77,427,0,48,0,72,0,41,0,36,0,0,0,2,0,65,0,0,0,1,0,61,22,81,41,0,0,13,0,3,0,2,4,0,0,14,0,0,7,0,0,2,0,0,0,0,0,0,0,0,0,9,0,9,0,0,0,0,0,19,0,11,0,1,0,0,0,0,0,29,0,0,0,22,0,0,0,0,0,0,0,0,0,0,0,0,0,0,0,0,0,0,0,0,0,0,0,0,0,0,0,0,0,0,0,0,0,0,0,0,0,0,0,0,0,0,0,0,0,28,0,16,0,0,0,0,0,1,0,0,0,0,0,0,1,20,0,105,0,38,0,0,0,71,0,0,0,0,0,0,0,0,0,43,0,21,0,15,0,0,0,0,0,1,0,11,0,0,0,8,0,89,2,0,0,235,0,0,0,20,0,26,0,0,0,0,0,0,0,0,0,0,0,0,0,0,0,0,0,0,0,0,0,0,0,0,0,0,0,67,246,36,0,17,0,0,0,0,0,0,0,0,0,0
0,362,0,107,0,23,0,176,0,12,0,111,0,0,0,47,18,91,0,0,0,0,48,36,7,133,0,0,0,21,1,7,0,5,0,8,0,11,7,0,0,0,0,4,0,0,0,0,0,0,0,3,0,14,0,11,0,0,0,2,0,25,0,38,0,0,0,0,0,0,0,0,0,0,0,0,0,0,0,0,0,0,0,0,0,0,0,0,0,0,0,0,0,0,0,0,0,0,0,0,0,1,0,0,0,0,0,0,0,0,0,0,0,0,0,0,0,0,0,0,0,0,0,0,0,0,0,0,0,0,0,5,0,0,0,0,0,0,0,145,0,73,0,36,0,20,0,0,0,0,0,0,0,0,0,15,0,9,0,51,0,0,0,0,0,0,0,2,0,0,0,0,0,16,0,0,13,104,0,56,0,0,0,1,0,0,0,0,0,0,0,0,0,0,0,0,0,0,0,0,0,0,0,0,0,0,0,0,0,0,8,0,0,0,0,0,0,0,31,108,45,0,0,0,0
24,0,21,0,103,0,0,0,20,0,84,0,311,32,6,0,0,0,16,25,4,0,0,0,0,0,56,309,0,0,0,0,0,0,0,0,0,0,0,0,0,123,190,0,76,128,112,348,111,115,60,0,0,0,0,0,0,0,0,0,0,1,0,0,0,0,0,0,0,0,0,0,0,0,0,0,0,0,0,0,0,0,0,1,0,0,0,0,0,0,0,0,0,0,0,0,0,0,0,0,0,0,0,0,0,0,0,0,0,0,0,0,0,0,0,0,0,0,0,0,0,0,0,0,0,0,0,0,0,0,0,0,0,0,0,0,0,0,0,0,0,0,0,0,0,0,0,0,0,0,0,0,0,0,0,0,0,0,0,0,0,0,0,0,9,0,0,0,0,0,0,0,0,0,0,0,18,39,39,0,0,0,17,0,0,0,148,6,0,0,0,0,0,0,0,0,0,0,0,0,0,0,0,0,0,0,0,0,0,0,0,266,56,0,0,0,0,4,0,6,1,0,0,0,0
0,43,0,0,0,50,0,0,0,17,0,153,34,147,0,0,0,0,18,24,0,0,0,0,0,0,89,33,0,0,0,0,0,0,0,0,0,0,0,0,123,0,25,85,117,75,92,163,20,141,8,47,0,0,0,0,0,2,0,0,0,0,0,0,0,0,0,0,0,3,0,0,0,0,0,0,0,0,0,0,0,4,0,10,0,0,0,0,0,0,0,0,0,3,0,7,0,0,0,0,0,0,0,0,0,0,0,0,0,0,0,0,0,0,0,0,0,0,0,0,0,0,0,0,0,0,0,0,0,0,0,6,0,0,0,0,0,0,0,0,0,0,0,0,0,0,0,0,0,0,0,0,0,0,0,0,0,0,0,0,0,0,0,0,0,8,0,0,0,10,0,0,0,0,0,0,0,53,0,4,0,6,0,1,0,0,17,33,0,0,0,0,0,0,0,0,0,0,0,0,0,0,0,0,0,0,0,0,0,1,0,0,0,0,0,0,0,0,0,31,24,0,0,0,9
0,1,0,0,0,3,0,0,0,0,5,0,188,21,17,0,6,0,20,26,45,0,0,0,0,0,194,155,44,0,64,0,8,0,15,0,49,0,2,0,190,25,0,6,163,29,81,49,27,5,82,11,0,0,0,0,17,0,14,0,0,0,10,0,0,0,5,0,0,0,21,0,5,0,0,0,0,0,0,0,0,0,0,0,0,0,0,0,0,0,0,0,0,0,23,0,0,0,76,0,0,0,0,0,1,0,0,0,0,0,0,0,0,0,0,0,0,0,0,0,0,0,0,0,0,0,0,0,0,0,0,0,0,0,0,0,0,0,67,0,39,0,0,0,68,0,0,0,0,0,0,0,0,0,0,0,0,0,0,0,0,0,7,0,11,0,31,0,22,0,7,0,23,0,0,0,0,0,0,0,0,0,0,0,0,0,55,4,0,0,0,0,0,0,0,0,0,0,0,0,0,0,0,0,0,0,0,0,0,0,26,276,89,0,0,0,0,14,0,0,0,0,0,0,0
0,0,0,0,0,0,0,0,0,0,0,24,0,97,0,0,0,0,0,40,0,117,0,21,0,0,27,319,0,20,0,37,0,6,0,30,0,181,0,4,0,85,6,0,6,187,8,48,0,25,10,59,0,5,0,20,0,0,0,0,0,25,0,25,0,0,0,0,0,3,0,0,0,0,0,0,0,0,0,9,0,0,0,0,0,24,0,0,0,0,0,0,0,0,0,4,0,0,0,0,0,3,0,0,0,0,0,0,0,0,0,0,0,0,0,0,0,0,0,0,0,0,0,28,0,0,0,0,0,0,0,0,0,0,0,0,0,0,0,84,0,217,0,141,0,0,0,0,0,0,0,0,0,0,0,5,0,11,0,0,0,0,0,0,0,16,0,13,0,13,0,0,0,3,0,0,0,0,0,0,0,0,0,2,0,0,0,121,0,0,0,0,0,0,0,0,0,0,0,0,0,0,0,0,0,0,0,0,0,0,0,0,0,0,0,0,0,0,0,115,88,0,0,0,0
0,0,36,0,21,0,15,0,6,0,14,2,64,25,24,0,78,0,7,23,37,3,71,0,0,0,197,159,0,0,12,0,0,0,0,2,10,0,0,0,76,117,163,6,0,67,300,248,61,42,70,0,18,0,0,0,0,0,0,0,0,0,40,0,0,0,0,0,27,0,88,0,0,0,92,0,17,0,21,0,148,0,106,0,102,0,80,0,0,0,0,0,80,0,152,0,174,0,331,0,58,0,31,0,38,0,0,0,0,0,0,0,3,0,0,0,0,0,0,0,90,0,0,0,0,0,0,0,0,0,0,0,0,0,0,0,0,0,0,0,0,0,0,0,81,0,0,0,0,0,0,0,0,0,0,0,0,0,3,0,1,0,0,0,103,0,33,0,115,0,9,0,19,0,0,0,25,14,6,0,0,0,0,0,0,0,27,3,0,0,0,0,0,0,33,0,0,0,0,0,0,0,0,0,0,0,0,0,0,0,29,224,259,0,7,0,0,11,0,0,2,0,0,0,0
0,21,0,12,0,26,0,0,0,0,0,19,40,22,0,36,0,0,0,160,0,211,0,57,0,0,129,343,0,0,0,12,0,5,0,12,0,64,0,0,128,75,29,187,67,0,112,197,25,78,29,145,0,0,0,0,0,0,0,0,0,0,0,36,0,0,0,1,0,28,0,0,0,0,0,0,0,27,0,0,0,87,0,92,0,0,0,24,0,0,0,0,0,0,0,69,0,0,0,0,0,40,0,6,0,24,0,6,0,0,0,0,0,0,0,0,0,0,0,0,0,33,0,0,0,0,0,0,0,0,0,0,0,0,0,0,0,0,0,0,0,254,0,291,0,0,1,0,0,0,0,0,0,0,0,0,0,0,0,0,0,0,0,6,0,135,0,20,0,203,0,12,0,16,0,0,0,12,0,0,0,0,0,0,0,0,13,34,0,0,0,0,0,0,0,0,0,0,0,0,0,0,0,0,0,0,0,0,0,0,0,0,0,0,0,0,0,0,69,297,334,2,5,0,86
26,0,23,0,104,0,0,0,9,0,68,0,213,12,8,0,2,0,11,11,0,0,21,0,0,0,190,141,0,0,0,0,0,0,0,0,0,0,0,0,112,92,81,8,300,112,0,277,89,116,25,0,0,0,0,0,0,0,0,0,0,0,0,0,0,0,1,0,4,0,1,0,0,0,0,0,0,0,0,0,0,0,13,0,0,0,4,0,0,0,0,0,9,0,0,0,0,0,0,0,0,0,0,0,0,0,0,0,0,0,0,0,0,0,0,0,0,0,0,0,0,0,0,0,0,0,0,0,0,0,0,0,0,0,0,0,0,0,0,0,1,0,0,0,0,0,0,0,0,0,0,0,0,0,0,0,0,0,0,0,0,0,0,0,19,0,0,0,0,0,0,0,0,0,0,0,27,42,50,0,0,0,13,0,0,0,78,0,0,0,0,0,0,0,0,0,0,0,0,0,0,0,0,0,0,0,0,0,0,0,0,340,119,0,0,0,0,23,0,0,0,0,0,0,0
0,99,0,16,0,110,0,0,0,40,0,160,60,152,0,15,0,0,28,157,0,0,0,0,0,2,222,177,0,0,0,0,0,0,0,0,0,0,0,0,348,163,49,48,248,197,277,0,58,119,29,36,0,0,0,0,0,3,0,0,0,0,0,0,0,0,0,0,0,0,0,0,0,0,0,0,0,0,0,0,0,0,0,0,0,0,0,0,0,0,0,0,0,0,0,0,0,0,0,0,0,0,0,0,0,0,0,0,0,0,0,0,0,0,0,0,0,0,0,0,0,0,0,0,0,0,0,17,0,4,0,0,0,0,0,0,0,0,0,0,0,0,0,0,0,0,0,0,0,0,0,0,0,0,0,9,0,0,0,0,0,1,0,0,0,0,0,0,0,0,0,0,0,0,0,0,0,94,0,0,0,0,0,0,0,0,45,73,0,0,0,0,0,0,0,0,0,0,0,0,0,5,0,0,0,0,0,0,0,0,0,0,0,0,0,0,0,0,11,215,34,0,0,0,43
0,2,2,0,6,0,3,0,0,0,0,0,20,0,0,0,5,0,0,0,3,0,2,0,0,0,14,11,0,0,1,0,0,0,3,0,0,0,0,0,111,20,27,0,61,25,89,58,0,120,10,0,0,0,3,0,12,0,3,0,0,0,0,0,0,0,0,0,22,0,0,0,0,0,0,0,4,0,0,0,15,0,38,0,5,0,5,0,9,0,2,0,59,0,52,0,11,0,28,0,14,0,18,0,7,0,3,0,1,0,0,0,0,0,0,0,0,0,0,0,0,0,0,0,0,0,0,0,0,0,1,0,0,0,0,0,0,0,0,0,0,0,0,0,0,0,0,0,0,0,0,0,0,0,1,0,0,0,2,0,1,0,1,0,16,0,2,0,28,0,1,0,1,0,0,0,121,39,35,0,21,0,0,0,4,0,79,0,9,0,4,0,6,0,11,0,0,0,0,0,7,0,9,0,0,0,0,0,0,0,21,16,96,0,8,0,6,4,0,0,0,0,0,0,0
0,17,0,0,0,0,0,0,0,0,0,60,0,91,0,12,0,0,0,17,1,16,0,0,0,0,0,21,0,0,0,0,0,0,0,0,0,1,0,0,115,141,5,25,42,78,116,119,120,0,1,10,0,0,0,3,0,2,0,0,0,0,0,0,0,0,0,0,0,11,0,0,0,0,0,0,0,8,0,0,0,7,0,25,0,9,0,0,0,0,0,0,0,14,0,27,0,0,0,0,0,13,0,7,0,5,0,0,0,0,0,0,0,0,0,0,0,0,0,1,0,0,0,0,0,1,0,0,0,0,0,0,0,0,0,0,0,0,0,0,0,0,0,0,0,0,0,0,0,0,0,0,0,5,0,0,0,0,0,0,0,0,0,0,0,83,0,1,0,48,0,0,0,1,0,0,0,17,0,2,0,5,0,3,0,0,39,44,0,0,0,0,0,0,0,0,0,0,0,0,0,0,0,0,0,0,0,0,0,0,0,6,0,0,1,0,0,0,18,42,37,2,0,0,9
0,0,0,0,90,14,11,0,0,0,19,0,513,71,31,0,7,0,158,109,20,16,0,0,0,0,210,213,10,0,29,0,1,1,79,0,43,0,0,0,60,8,82,10,70,29,25,29,10,1,0,11,2,0,0,0,9,0,14,0,0,0,0,0,0,0,0,0,0,0,22,0,11,0,29,0,0,0,2,0,41,0,18,0,16,0,12,0,0,0,24,0,0,0,0,0,46,0,75,0,0,0,0,0,0,0,0,0,0,0,0,0,0,0,0,0,0,0,0,0,22,0,0,0,0,0,0,0,0,0,0,0,0,0,3,0,0,0,0,0,0,0,0,0,25,0,0,0,4,0,0,0,0,0,4,0,0,0,0,0,0,0,8,0,27,0,93,0,51,0,16,0,85,0,0,0,40,0,28,0,9,0,0,0,0,0,29,0,0,0,0,0,0,0,0,0,0,0,0,0,0,0,0,0,0,0,0,0,0,0,80,235,191,15,15,0,0,4,2,0,0,0,0,0,0
0,0,0,0,0,141,0,0,0,0,0,118,23,524,0,23,0,0,0,277,0,66,0,12,0,0,40,494,0,23,0,18,0,5,0,113,0,79,0,3,0,47,11,59,0,145,0,36,0,10,11,0,0,15,0,36,0,36,0,0,0,11,0,10,0,0,0,0,0,2,0,10,0,0,0,0,0,3,0,9,0,68,0,20,0,41,0,0,0,0,0,0,0,0,0,7,0,0,0,0,0,9,0,0,0,18,0,0,0,0,0,0,0,0,0,0,0,0,0,0,0,44,0,0,0,0,0,7,0,0,0,0,0,0,0,0,0,25,0,0,0,123,0,150,0,65,0,0,0,0,0,0,0,0,0,14,0,0,0,0,0,0,0,7,0,39,0,67,0,48,0,17,0,30,0,0,0,9,0,3,0,0,0,9,0,0,0,154,0,0,0,0,0,0,0,10,0,0,0,0,0,0,0,0,0,0,0,0,0,0,0,0,0,0,14,0,0,0,41,188,202,0,0,0,0
0,0,0,0,0,0,94,22,162,126,0,0,0,0,0,0,221,0,0,0,36,0,12,0,37,2,0,0,48,0,24,0,10,0,0,0,2,0,9,0,0,0,0,0,18,0,0,0,0,0,2,0,0,29,341,83,274,6,122,103,97,0,98,5,2,11,63,139,0,0,0,1,0,0,0,0,0,0,0,0,1,0,0,0,45,0,0,0,0,0,0,1,0,0,0,0,87,0,0,0,2,0,0,0,0,0,8,0,0,0,0,0,0,0,0,0,0,0,0,0,0,0,16,0,0,0,0,0,36,1,0,0,0,0,0,0,150,0,163,0,47,0,88,0,0,0,0,0,0,0,0,0,0,0,399,0,127,0,126,4,35,0,0,0,1,0,2,0,4,0,72,0,8,0,0,0,49,0,0,0,0,0,0,0,100,5,0,0,0,0,0,0,0,0,0,0,0,0,0,0,0,0,0,0,0,0,0,0,6,0,54,184,73,57,49,0,24,0,0,0,0,0,0,0,0
0,25,0,2,0,0,44,79,121,222,0,0,0,0,0,5,0,92,0,5,0,11,0,6,33,17,0,0,0,31,0,0,0,0,0,0,0,6,0,14,0,0,0,5,0,0,0,0,0,0,0,15,29,0,49,205,5,66,25,54,5,102,11,139,0,2,30,34,0,0,0,0,0,0,0,0,0,0,0,0,0,0,0,0,0,0,0,0,0,0,0,0,0,0,0,0,0,4,0,0,0,0,0,0,0,0,0,0,0,0,0,0,0,0,0,0,0,0,0,0,0,0,0,0,0,0,0,4,0,67,0,10,0,20,0,10,0,24,0,57,0,4,0,2,0,1,0,0,0,0,0,0,0,0,0,127,0,79,0,121,0,6,0,0,1,0,0,0,0,2,2,18,0,6,0,0,15,92,0,0,0,0,0,6,0,160,0,0,0,0,0,0,0,0,0,0,0,0,0,0,0,6,0,0,0,0,0,0,0,0,8,5,0,0,38,0,0,0,37,113,49,0,0,0,0
0,7,21,1,0,0,335,50,64,253,0,0,0,0,23,0,50,0,0,0,0,0,103,0,431,5,0,0,9,0,0,0,3,0,0,0,4,0,9,0,0,0,0,0,0,0,0,0,3,0,0,0,341,49,0,141,101,0,63,64,41,5,60,17,0,0,17,103,0,0,0,0,0,0,0,0,0,0,0,0,0,0,0,0,24,0,0,0,0,0,12,0,0,0,0,0,43,0,0,0,0,0,0,0,0,0,0,0,0,0,0,0,0,0,0,0,0,0,0,0,0,0,0,0,26,5,0,0,28,2,7,0,39,0,0,0,180,0,21,3,29,0,46,0,0,0,6,0,3,6,0,0,0,1,148,0,35,0,24,0,56,0,0,0,0,0,0,0,12,0,191,0,19,0,0,0,11,2,0,0,0,0,0,0,27,0,0,0,0,0,0,0,0,0,0,0,0,0,0,0,0,0,0,0,0,0,0,0,0,0,232,63,205,159,183,0,121,0,7,0,0,0,0,0,0
0,5,0,26,0,9,52,170,311,202,0,0,0,0,0,81,3,83,0,0,0,26,1,74,50,188,0,18,0,26,0,0,0,5,0,0,0,12,0,11,0,0,0,20,0,0,0,0,0,3,0,36,83,205,141,0,3,180,29,88,10,74,52,198,0,1,55,11,0,0,0,0,0,0,0,0,0,3,0,0,0,0,0,0,0,0,0,0,0,0,0,0,0,0,0,0,0,0,0,0,0,0,0,0,0,0,0,0,0,0,0,0,0,0,0,0,0,0,0,0,0,0,0,0,0,26,0,55,0,46,0,46,0,42,0,40,0,156,0,26,0,8,0,0,0,0,0,11,0,0,0,16,0,0,0,112,2,56,0,33,0,63,0,6,0,2,0,17,2,16,2,155,0,107,0,0,3,9,0,0,0,0,3,0,0,54,0,0,0,0,0,0,0,0,0,0,0,0,0,0,0,0,0,0,0,0,0,8,0,38,20,0,0,0,358,0,0,0,372,180,553,174,0,196,0
0,0,0,0,0,0,24,0,0,13,0,0,0,0,0,0,50,0,0,0,10,0,13,0,48,0,0,0,6,0,0,0,0,0,0,0,10,0,0,0,0,0,17,0,0,0,0,0,12,0,9,0,274,5,101,3,0,3,177,34,13,0,34,0,34,42,53,69,3,0,0,0,0,0,0,0,0,0,0,0,0,0,1,0,0,3,0,0,0,0,0,1,2,0,2,0,0,0,1,1,0,0,0,0,0,0,0,0,0,0,0,0,0,0,0,0,0,0,0,0,0,0,0,0,7,0,2,0,0,0,18,0,3,1,0,0,11,0,24,13,5,0,0,2,0,2,1,0,3,0,0,0,0,0,342,11,121,0,77,13,77,0,40,0,0,0,7,0,25,0,229,0,23,0,0,0,4,0,0,0,10,8,0,0,6,9,0,0,0,0,0,0,0,0,0,0,0,0,0,0,0,0,0,0,1,0,0,0,2,0,621,101,538,536,798,0,369,0,0,0,0,0,0,0,0
0,0,0,3,0,0,0,8,0,35,0,0,0,0,0,0,0,70,0,0,0,15,0,0,0,28,0,8,0,12,0,0,0,0,0,0,0,8,0,0,0,2,0,0,0,0,0,3,0,2,0,36,6,66,0,180,3,0,13,150,0,5,0,27,2,1,0,33,0,2,0,0,0,0,0,0,0,0,0,0,0,0,0,0,0,0,0,0,0,0,0,0,0,0,0,0,0,5,0,0,0,0,0,0,0,0,0,0,0,0,0,0,0,0,0,0,0,0,0,0,0,0,0,0,0,17,0,11,0,46,0,66,0,15,0,11,0,47,1,41,0,0,0,0,0,3,0,0,0,1,0,3,0,0,6,258,0,30,0,205,0,63,0,35,0,3,0,13,0,10,0,110,0,29,0,0,0,0,0,0,0,0,0,0,0,50,0,0,0,0,0,0,0,0,0,0,0,0,0,0,0,0,0,0,0,0,0,0,0,2,1,0,0,0,317,0,0,0,363,150,520,214,0,238,0
0,0,3,0,0,0,13,0,25,86,0,0,0,0,0,0,0,0,0,0,0,0,0,0,14,0,0,0,0,0,0,0,0,0,0,1,11,0,0,0,0,0,14,0,0,0,0,0,3,0,14,0,122,25,63,29,177,13,0,224,48,0,11,0,167,108,183,287,0,0,0,0,0,0,0,0,0,0,0,0,0,0,0,0,0,3,0,1,0,0,0,0,0,0,0,0,0,0,2,0,0,0,0,0,0,0,0,0,0,0,0,0,0,0,0,0,0,0,0,0,0,0,0,0,0,0,0,0,0,0,9,10,0,0,0,0,0,0,12,4,0,0,0,2,3,2,0,0,7,0,0,0,0,0,93,38,189,0,0,33,35,22,10,0,0,0,17,0,8,0,155,0,32,0,0,0,29,0,0,0,11,5,0,0,60,35,0,0,0,0,0,0,0,0,0,0,0,0,0,0,0,0,0,0,0,0,0,0,0,0,791,258,264,376,692,0,327,0,6,0,3,0,0,0,0
0,0,0,0,0,0,0,5,93,21,0,0,0,0,0,0,0,0,0,0,0,0,0,0,0,8,0,0,0,0,0,0,0,0,0,0,0,0,0,2,0,0,0,0,0,0,0,0,0,0,0,0,103,54,64,88,34,150,224,0,0,35,0,8,26,97,311,90,0,0,0,0,0,0,0,0,0,0,0,0,0,8,0,0,0,0,0,0,0,0,0,0,0,0,0,0,0,0,0,0,0,0,0,0,0,0,0,0,0,0,0,0,0,0,0,0,0,0,0,0,0,3,0,0,0,0,0,1,0,5,0,68,0,0,0,2,0,3,6,0,0,0,0,0,0,44,0,0,0,13,0,0,0,1,56,54,0,98,16,52,16,73,0,25,0,0,0,4,1,4,0,41,0,7,0,0,0,1,0,0,5,0,0,0,40,27,0,0,0,0,0,0,0,0,0,0,0,0,0,0,0,0,0,0,0,0,0,0,0,0,0,0,0,0,668,0,0,0,1041,349,389,410,0,335,0
81,0,106,0,0,0,258,0,306,0,0,0,0,0,0,0,16,0,0,0,0,0,0,0,51,12,0,0,12,0,0,0,22,0,0,0,24,0,19,0,0,0,0,0,0,0,0,0,0,0,0,0,97,5,41,10,13,0,48,0,0,2,49,2,0,0,20,0,0,0,0,0,0,0,10,0,0,0,0,0,0,0,0,0,0,0,0,0,0,0,0,0,0,0,0,0,0,0,0,0,0,0,0,0,0,0,0,0,0,0,0,0,0,0,0,0,0,0,0,0,0,0,0,0,0,0,0,0,0,0,0,0,0,0,0,0,0,0,340,0,45,0,0,0,195,0,0,0,0,0,6,0,0,0,107,0,205,0,75,0,0,0,0,0,0,0,0,0,0,0,90,0,115,0,0,0,103,3,0,0,0,0,7,0,11,0,0,0,0,0,0,0,0,0,1,0,0,0,0,0,0,0,0,0,0,0,0,0,0,0,45,163,15,0,15,0,0,0,0,0,0,0,0,1,0
0,335,58,0,1,0,0,324,0,177,0,5,0,0,0,6,19,27,0,0,0,21,22,0,44,109,0,0,0,24,0,8,0,31,0,15,0,40,0,25,1,0,0,25,0,0,0,0,0,0,0,11,0,102,5,74,0,5,0,35,2,0,2,101,0,0,0,6,0,0,0,0,0,0,0,0,0,0,0,0,0,0,0,0,0,0,0,0,0,0,0,0,0,0,0,0,0,0,0,0,0,0,0,0,0,0,0,0,0,0,0,0,0,0,0,0,0,0,0,0,0,0,0,0,0,0,0,0,0,0,0,0,0,0,0,0,0,0,0,160,0,91,0,14,0,143,0,0,0,0,0,0,0,0,0,52,0,196,0,73,0,0,0,0,0,0,0,0,0,1,0,69,2,39,0,0,13,272,0,0,0,0,0,10,0,0,0,0,0,0,0,0,0,0,0,0,0,0,0,0,0,0,0,0,0,0,0,0,0,0,5,0,0,0,30,0,0,0,44,268,62,23,0,15,0
46,41,67,0,0,0,321,108,302,83,0,0,0,0,5,0,411,10,0,0,67,0,14,0,105,33,37,0,129,0,83,0,26,0,18,0,11,0,11,0,0,0,10,0,40,0,0,0,0,0,0,0,98,11,60,52,34,0,11,0,49,2,0,22,0,0,7,0,0,0,0,0,0,0,15,0,0,0,0,0,0,0,0,0,103,0,0,0,0,0,0,0,0,0,0,0,150,0,0,0,0,0,0,0,0,0,0,1,0,0,0,0,0,0,0,0,0,0,0,0,24,0,42,0,0,0,0,0,16,0,0,0,0,0,0,0,91,0,179,0,76,0,110,0,18,0,0,0,0,0,0,1,0,0,100,0,13,0,41,0,0,0,0,0,0,0,0,0,0,0,6,0,12,2,0,0,98,4,0,0,0,1,6,0,0,0,0,0,0,0,0,0,0,0,0,0,0,0,0,0,0,0,0,0,0,0,0,0,0,0,25,121,26,4,20,0,4,0,5,0,0,0,0,0,0
33,124,22,0,0,2,82,251,80,102,0,0,0,0,0,4,8,230,0,0,0,121,13,63,84,105,0,46,3,209,0,40,0,23,0,16,0,28,0,38,0,0,0,25,0,36,0,0,0,0,0,10,5,139,17,198,0,27,0,8,2,101,22,0,0,0,0,6,0,0,0,0,0,0,0,0,0,0,0,0,0,0,0,0,0,0,0,0,0,0,0,0,0,0,0,0,0,0,0,0,0,0,0,0,0,0,0,0,0,0,0,0,0,0,0,0,0,0,0,0,0,0,0,0,0,0,0,0,0,88,0,0,0,56,0,44,0,152,0,187,0,47,0,50,0,4,0,2,0,0,0,0,0,0,0,84,0,31,0,90,0,3,0,0,0,0,0,0,0,3,0,9,5,0,0,0,9,191,0,0,0,0,0,3,0,0,0,0,0,0,0,0,0,0,0,0,0,0,0,0,0,0,0,0,0,0,0,0,0,0,0,2,0,0,9,0,0,0,30,237,9,5,0,3,0
0,0,2,0,0,0,12,0,30,0,0,0,0,0,6,0,0,0,2,0,3,0,0,0,0,0,0,0,0,0,0,0,0,0,0,0,0,0,1,0,0,0,0,0,0,0,0,0,0,0,0,0,2,0,0,0,34,2,167,26,0,0,0,0,0,84,135,27,0,0,8,0,10,0,0,0,0,0,0,0,0,0,0,0,0,0,0,0,0,0,0,0,0,0,0,0,0,0,0,0,0,0,0,0,0,0,0,0,0,0,0,0,0,0,0,0,0,0,0,0,0,0,0,0,0,0,3,0,0,0,68,127,0,0,0,0,2,0,80,101,0,0,0,0,38,0,4,0,56,0,0,0,1,10,24,6,66,0,18,23,164,70,50,0,0,0,1,0,0,0,10,0,5,0,17,4,10,0,0,0,140,39,1,0,128,12,0,0,0,0,0,0,0,0,0,0,0,0,0,0,0,0,0,0,0,0,0,0,3,0,150,3,0,0,103,0,16,0,0,0,0,0,0,0,0
0,41,0,1,0,0,0,4,0,93,0,0,0,0,0,2,0,0,0,0,0,0,0,0,0,0,0,0,0,1,0,2,0,0,0,0,0,1,0,0,0,0,0,0,0,0,0,0,0,0,0,0,11,2,0,1,42,1,108,97,0,0,0,0,84,0,66,517,0,0,0,13,0,0,0,0,0,0,0,0,0,0,0,0,0,15,0,8,0,0,0,0,0,0,0,0,0,0,0,0,0,0,0,0,0,0,0,0,0,0,0,0,0,0,0,0,0,0,0,0,0,0,0,0,0,36,0,29,0,2,0,185,0,0,0,0,0,9,26,80,0,0,0,0,0,147,0,73,0,247,0,0,0,4,75,8,9,0,68,43,94,321,0,21,0,0,0,1,0,0,0,0,0,0,0,5,0,0,0,0,35,160,0,9,36,78,0,0,0,0,0,0,0,0,0,0,0,0,0,0,0,2,0,0,0,0,0,0,0,0,6,0,3,0,48,0,0,0,109,8,24,0,0,0,0
0,0,6,0,3,0,32,0,98,128,0,0,0,0,0,0,0,0,0,0,0,0,0,0,0,0,0,0,0,0,0,0,0,0,0,0,0,0,0,0,0,0,5,0,0,0,1,0,0,0,0,0,63,30,17,55,53,0,183,311,20,0,7,0,135,66,0,353,0,0,0,0,0,0,0,0,0,0,0,0,0,0,0,0,0,0,0,0,0,0,0,0,0,0,0,0,0,0,0,0,0,0,0,0,0,0,0,0,0,0,0,0,0,0,0,0,0,0,0,0,0,0,0,0,6,0,0,0,0,0,35,0,0,0,0,0,1,0,5,14,0,0,0,0,4,0,0,0,11,0,0,0,0,0,45,29,80,0,8,28,39,34,8,0,0,0,2,0,0,0,23,0,10,0,4,0,106,0,0,0,35,8,1,0,160,64,0,0,0,0,0,0,0,0,0,0,0,0,0,0,0,0,0,0,0,0,0,0,0,0,144,45,47,50,93,0,31,0,3,4,0,0,0,0,0
0,3,0,0,0,0,0,0,120,125,0,0,0,0,0,1,0,0,0,0,0,0,0,0,0,0,0,0,0,0,0,0,0,0,0,0,0,0,0,0,0,0,0,0,0,1,0,0,0,0,0,0,139,34,103,11,69,33,287,90,0,6,0,6,27,517,353,0,0,0,0,0,0,0,0,1,0,0,0,0,0,5,0,0,0,3,0,0,0,0,0,0,0,2,0,0,0,0,0,0,0,0,0,0,0,0,0,0,0,0,0,0,0,0,0,0,0,0,0,0,0,0,0,1,0,6,0,7,0,1,0,68,0,3,0,10,0,8,0,12,0,0,1,0,0,37,0,26,0,22,0,4,0,3,58,22,19,14,17,42,12,81,0,17,0,0,0,0,0,3,0,0,0,0,0,2,3,6,0,2,4,24,0,0,60,106,0,0,0,0,0,0,0,0,0,0,0,0,0,0,0,0,0,0,0,0,0,0,0,8,0,13,0,0,131,0,0,0,220,108,48,82,0,0,0
0,0,0,0,0,0,0,0,0,0,0,0,0,0,0,0,0,0,0,0,0,0,0,0,0,0,0,0,0,0,0,0,0,0,0,0,0,0,0,0,0,0,0,0,27,0,4,0,22,0,0,0,0,0,0,0,3,0,0,0,0,0,0,0,0,0,0,0,0,0,0,0,8,0,0,0,58,0,29,0,7,0,44,0,7,0,5,0,20,0,0,0,44,0,22,0,18,0,0,0,13,0,210,0,27,0,0,0,84,0,9,0,9,0,11,0,3,0,1,0,0,0,0,0,0,0,0,0,0,0,0,0,0,0,0,0,0,1,0,0,0,0,0,0,0,0,3,0,0,0,0,0,0,0,0,0,0,0,0,0,0,0,3,0,6,0,0,0,116,0,5,0,0,0,0,0,0,0,0,0,0,0,0,0,0,0,0,0,36,0,0,0,0,0,24,0,0,0,0,0,0,0,0,0,0,0,0,0,0,0,16,21,104,7,10,22,121,0,0,0,0,0,0,0,0
0,0,0,0,0,0,0,0,0,0,0,0,0,0,0,0,0,0,0,0,0,0,0,0,0,0,0,6,0,0,0,0,0,0,0,0,0,0,0,0,0,3,0,3,0,28,0,0,0,11,0,2,0,0,0,0,0,2,0,0,0,0,0,0,0,0,0,0,0,0,0,0,0,4,0,0,0,59,0,1,0,0,0,77,0,0,0,0,0,36,0,0,0,42,0,90,0,0,0,0,0,0,0,222,0,0,0,12,0,109,0,6,0,0,0,2,0,10,0,0,0,0,0,0,0,0,0,0,0,0,0,2,0,0,0,0,0,0,0,0,0,0,0,7,0,0,0,0,0,0,0,0,0,0,0,0,0,1,0,0,0,0,0,0,0,19,0,0,0,34,0,1,0,0,0,0,0,0,0,0,0,0,0,0,0,0,0,0,0,0,0,0,0,0,0,0,0,0,0,0,0,23,0,0,0,0,0,0,0,0,0,0,0,0,6,0,0,0,18,21,104,9,40,148,0
0,0,0,0,0,0,2,0,0,0,1,0,1,0,0,0,61,0,0,0,51,0,0,0,0,0,106,0,37,0,95,0,43,0,70,0,89,0,29,0,0,0,21,0,88,0,1,0,0,0,22,0,0,0,0,0,0,0,0,0,0,0,0,0,8,0,0,0,0,0,0,0,237,0,235,0,6,0,280,0,9,2,0,0,0,0,49,0,0,0,0,0,0,0,0,0,0,4,0,0,0,0,0,0,0,0,0,0,0,0,0,0,0,0,0,0,0,0,0,0,24,0,2,0,53,19,0,0,0,0,23,17,16,0,18,4,29,8,14,0,90,13,5,0,121,0,49,0,95,10,0,0,74,0,0,0,13,0,0,0,5,0,66,5,0,0,13,0,12,0,21,0,78,0,76,0,0,0,0,0,24,0,0,0,42,0,0,0,0,0,0,0,0,0,0,0,0,0,0,0,0,0,0,0,0,0,0,0,32,0,14,0,28,0,0,0,0,0,2,0,4,0,0,1,0
0,0,0,0,0,0,0,1,0,0,0,0,0,0,0,0,0,0,0,0,1,0,0,0,0,0,0,0,0,0,0,0,0,0,0,0,0,0,0,0,0,0,0,0,0,0,0,0,0,0,0,10,1,0,0,0,0,0,0,0,0,0,0,0,0,13,0,0,0,0,0,0,0,244,0,491,0,0,0,46,0,6,0,0,0,0,0,80,0,0,0,0,0,0,0,0,0,0,0,0,0,0,0,0,0,0,0,0,0,0,0,0,0,0,0,0,0,0,0,0,0,25,0,58,0,100,0,0,2,0,0,66,0,74,0,0,0,0,8,0,0,36,2,7,0,127,0,0,0,68,0,0,7,0,0,0,0,0,0,0,11,6,0,44,0,0,0,5,0,8,0,14,0,0,0,17,0,0,0,0,0,20,0,0,0,57,0,0,0,0,0,0,0,0,0,0,0,0,0,0,0,0,0,0,0,0,0,0,0,6,1,0,0,0,0,0,0,0,34,0,0,0,0,0,0
0,0,0,0,0,0,0,0,0,0,0,0,0,0,0,0,0,0,0,0,10,0,1,0,0,0,0,0,0,0,0,0,0,0,0,0,9,0,0,0,0,0,5,0,0,0,0,0,0,0,11,0,0,0,0,0,0,0,0,0,0,0,0,0,10,0,0,0,8,0,237,0,0,0,169,0,60,0,445,0,0,0,0,0,10,0,47,3,0,0,0,0,4,0,0,0,0,0,9,0,0,0,0,0,0,0,1,0,0,0,0,0,0,0,0,0,0,0,0,0,23,0,5,0,26,7,32,0,0,5,18,7,16,0,31,0,32,0,6,0,57,6,9,8,45,0,49,6,53,0,33,0,32,0,0,0,4,0,0,0,7,0,163,0,0,0,3,0,3,0,7,0,7,0,34,0,0,0,0,0,17,0,0,0,30,0,0,0,13,0,0,0,0,0,0,0,0,0,32,0,23,0,0,0,0,0,0,0,39,0,269,7,25,0,17,0,0,0,2,0,0,0,0,0,0
0,0,0,0,0,0,0,0,0,0,0,0,0,0,0,0,0,0,0,0,0,0,0,0,0,0,0,0,0,0,0,0,0,0,0,0,0,1,0,0,0,0,0,0,0,0,0,0,0,0,0,0,0,0,0,0,0,0,0,0,0,0,0,0,0,0,0,0,0,4,0,244,0,0,0,328,0,168,0,116,0,22,0,18,0,21,1,151,0,5,0,0,0,15,2,0,0,0,0,5,0,0,0,2,0,3,8,0,0,0,0,0,0,0,0,0,0,0,0,0,0,36,0,37,0,106,3,100,0,25,0,26,8,0,0,0,0,30,0,0,0,34,0,26,0,102,16,56,0,28,0,0,0,35,0,0,0,0,0,0,4,2,0,53,0,0,0,7,0,14,0,2,0,0,0,17,0,0,0,0,0,0,0,0,0,28,0,0,0,0,1,0,0,0,0,0,0,0,0,0,0,0,6,0,0,0,0,0,0,38,4,0,0,0,20,0,0,0,129,5,18,0,2,0,0
0,0,2,0,0,0,0,0,0,0,0,0,0,0,0,0,82,0,0,0,54,0,0,0,0,0,77,0,71,0,85,0,40,0,56,0,67,0,22,0,0,0,0,0,92,0,0,0,0,0,29,0,0,0,0,0,0,0,0,0,10,0,15,0,0,0,0,0,0,0,235,0,169,0,0,0,10,0,174,0,33,0,23,0,6,0,109,0,0,0,0,2,0,0,0,2,3,0,35,6,0,3,0,0,0,0,0,0,0,0,0,0,0,0,0,0,0,0,0,0,88,0,3,0,0,26,36,0,0,9,32,16,0,9,56,13,45,7,24,5,184,11,52,16,179,0,63,13,100,0,36,0,100,11,0,0,21,0,0,0,0,0,47,0,4,0,7,0,17,2,17,0,31,0,90,0,0,0,0,0,0,9,0,0,0,0,0,0,0,0,0,0,0,0,0,0,15,0,27,0,0,0,0,0,0,0,117,0,70,0,44,0,9,0,9,0,0,0,0,0,16,0,0,0,0
0,0,0,0,0,0,0,0,0,0,0,0,0,0,0,0,0,3,0,0,0,0,0,0,0,0,0,0,0,0,0,0,0,0,0,0,0,0,0,0,0,0,0,0,0,0,0,0,0,0,0,0,0,0,0,0,0,0,0,0,0,0,0,0,0,0,0,1,0,0,0,491,0,328,0,0,0,29,0,161,0,10,0,0,0,0,0,148,1,0,0,0,0,0,0,3,0,0,0,0,0,0,0,2,0,0,0,0,0,0,0,0,0,0,0,0,0,0,0,0,0,204,0,88,0,93,0,112,0,0,0,0,0,0,0,0,0,30,0,4,0,95,0,26,0,217,0,0,15,71,0,0,0,37,0,0,0,0,4,0,0,0,0,72,0,0,0,0,0,0,0,20,0,33,0,23,0,0,0,0,5,0,0,0,0,60,0,0,0,0,0,0,0,0,0,0,0,2,0,0,0,6,0,0,0,0,0,0,0,0,0,0,0,0,9,0,0,0,65,0,26,0,2,0,0
0,0,0,0,0,0,0,0,4,0,0,0,0,0,0,0,0,0,0,0,0,0,0,0,0,0,0,0,0,0,0,0,0,0,0,0,0,0,0,0,0,0,0,0,17,0,0,0,4,0,0,0,0,0,0,0,0,0,0,0,0,0,0,0,0,0,0,0,58,0,6,0,60,0,10,0,0,0,61,0,24,0,20,0,10,0,36,0,6,0,0,0,16,0,30,0,12,0,26,0,8,0,38,0,40,0,6,0,30,0,3,0,5,0,13,0,19,0,0,0,0,0,12,0,0,0,0,0,0,0,0,0,0,0,0,0,0,0,0,0,0,0,6,0,0,0,0,0,0,0,0,0,0,0,0,0,0,0,0,0,1,0,0,0,14,0,0,0,55,0,0,0,0,0,0,0,0,0,0,0,0,0,0,0,1,0,0,0,0,0,18,0,0,0,27,0,0,0,0,0,24,0,28,0,0,0,0,0,6,0,46,5,101,0,7,8,5,0,0,0,0,0,0,0,0
0,0,0,0,0,0,0,0,0,0,0,0,0,0,0,0,0,0,0,0,0,0,0,0,0,0,0,0,0,0,0,0,0,0,0,0,0,0,0,0,0,0,0,0,0,27,0,0,0,8,0,3,0,0,0,3,0,0,0,0,0,0,0,0,0,0,0,0,0,59,0,0,0,168,0,29,0,0,0,16,0,68,0,97,0,0,0,126,0,0,0,0,0,24,0,36,1,0,0,28,0,25,0,85,0,32,0,0,0,7,0,2,0,0,0,0,0,5,0,0,0,0,0,7,0,0,0,21,0,0,0,0,0,0,0,27,0,0,0,0,0,0,0,0,2,0,0,0,0,0,0,0,0,0,0,0,0,1,0,0,0,0,0,0,0,16,0,0,0,37,0,0,0,1,0,0,0,1,0,0,0,0,0,0,0,0,0,0,0,0,0,0,0,0,0,0,0,3,0,0,1,36,0,0,0,0,0,0,0,0,0,0,0,0,17,0,0,0,117,38,157,0,36,11,0
0,0,0,0,0,0,0,0,0,0,0,0,0,0,0,0,0,0,0,0,0,0,0,0,0,0,0,0,0,0,0,0,0,0,0,0,0,0,0,0,0,0,0,0,21,0,0,0,0,0,2,0,0,0,0,0,0,0,0,0,0,0,0,0,0,0,0,0,29,0,280,0,445,0,174,0,61,0,0,0,19,0,140,0,0,0,29,1,0,0,0,0,23,0,18,0,0,0,21,0,0,0,17,0,19,0,0,0,27,0,1,0,0,0,4,0,3,0,0,0,46,0,0,0,0,0,0,0,0,0,13,0,0,0,0,0,17,0,0,0,40,0,20,2,24,0,0,0,55,0,22,0,39,0,0,0,0,0,0,0,0,0,48,0,9,0,0,0,40,0,0,0,0,0,31,0,1,0,0,0,0,0,0,0,8,0,0,0,0,0,18,0,0,0,31,0,0,0,21,0,0,0,0,0,23,0,0,0,0,0,183,11,63,0,19,12,13,0,0,0,10,4,0,0,0
