0,89,35,28,52,0,15,108,20,68,133,0,55,0,43,0,31,57,0,0,17,0,21,43,0,190,12,0,88,0,56,0,91,0,0,0,46,0,308,27,8,0,0,0,18,0,19,0,0,0,0,0,0,0,0,0,0,0,0,0,62,0,30,11,0,0,3,0,0,0,0,0,0,0,0,0,0,0,0,0,0,0,0,0,0,0,0,0,0,0,0,0,0,0,0,0,0,0,0,0,0,0,0,0,0,0,0,0,0,0,0,0,0,0,0,0,0,0,0,0,0,0,0,0,0,0,0,0,0,0,2,0,0,0,6,0,0,0,0,0,0,0,0,0,0,0,2,0,10,0,9,0,0,0,0,0,0,0,0,0,0,0,0,0,0,0,0,0,0,0,0,0,172,0,0,0,325,72,27,0,0,0,8,1,21,0,0,0,0,0,0,0,0,0,0,0,0,0,0,0,0,0,0,0,0,0,0,0,0,0,497,230,182,222,233,0,5,0,0,0,0,0,0,0,0
89,0,109,57,12,134,39,15,14,38,0,83,0,29,23,67,28,20,0,82,9,0,129,48,66,13,0,49,0,48,0,0,0,219,0,20,0,156,0,241,0,14,0,0,0,0,0,28,0,0,0,0,0,7,0,5,0,9,0,8,0,33,0,0,0,10,0,3,0,0,0,0,0,0,0,7,0,0,0,0,0,0,0,0,0,13,0,0,0,0,0,0,0,0,0,0,0,5,0,0,0,0,0,0,0,0,0,0,0,0,0,0,0,4,0,0,0,0,0,12,0,0,0,0,0,23,0,0,0,0,0,16,0,0,0,34,0,48,0,0,0,0,0,23,0,0,0,16,0,26,0,40,0,67,0,2,0,21,0,0,0,29,0,0,0,0,0,54,0,66,0,43,0,240,0,0,24,389,0,7,0,99,0,9,0,65,0,2,0,0,0,0,0,0,0,0,0,3,0,0,0,0,0,0,0,0,0,0,0,40,0,0,0,0,344,0,0,0,824,186,422,188,10,0,0
35,109,0,128,194,0,42,66,53,0,20,10,31,0,182,63,72,48,52,0,37,0,383,68,137,142,17,0,196,13,110,0,177,0,0,0,91,0,389,0,15,0,0,0,33,0,18,0,59,0,0,0,0,2,32,0,0,0,0,0,0,0,15,7,0,0,48,0,0,0,0,0,0,0,0,1,0,0,0,0,0,0,0,0,0,0,0,0,0,0,0,0,0,0,0,0,0,0,0,0,0,0,0,0,0,0,0,0,0,0,0,0,0,0,0,0,0,0,0,0,0,0,0,0,26,0,0,0,21,0,25,0,41,0,266,0,289,0,0,0,11,0,150,0,0,0,40,0,72,1,58,0,62,0,0,0,0,0,0,0,0,0,0,0,37,0,136,1,0,0,43,0,371,10,2,0,150,77,10,0,0,0,12,0,18,0,0,0,0,0,0,0,0,0,0,0,0,0,0,0,217,0,0,0,0,0,8,0,46,0,701,128,337,505,442,0,0,0,0,0,0,0,0,0,0
28,57,128,0,67,83,0,37,0,11,0,7,0,0,175,324,16,11,0,99,29,104,138,259,0,248,0,0,0,38,0,52,15,297,0,19,0,67,0,118,0,0,0,0,0,0,0,0,0,6,0,0,0,0,0,21,0,9,0,0,0,0,0,0,0,0,0,0,0,0,0,0,0,0,0,0,0,0,0,0,0,0,0,0,0,0,0,0,0,0,0,0,0,0,0,0,0,18,0,0,0,0,0,0,0,0,0,0,0,0,0,0,0,0,0,0,0,0,0,0,0,0,0,0,0,0,0,0,0,0,0,0,0,33,0,218,0,258,0,0,0,10,0,68,0,0,0,3,0,0,0,14,0,0,0,6,0,0,0,0,0,24,0,0,0,0,0,144,0,0,0,0,0,236,0,2,24,190,0,9,0,0,0,3,0,4,0,0,0,0,0,0,0,0,0,0,0,0,0,0,0,0,0,0,0,0,0,15,0,102,0,0,0,0,109,0,0,0,223,49,315,0,0,0,0
52,12,194,67,0,170,6,0,33,0,144,0,207,0,162,156,0,0,109,221,86,0,107,21,0,0,126,0,0,0,101,23,108,0,148,0,84,0,54,0,86,0,0,0,58,0,78,0,0,0,70,3,0,0,0,0,0,0,0,0,0,0,0,0,8,0,5,0,0,0,0,0,0,0,0,0,0,0,0,0,0,0,0,0,0,0,0,0,0,0,0,0,0,0,0,0,0,0,0,0,0,0,0,0,0,0,0,0,0,0,0,0,0,0,0,0,0,0,2,0,0,0,0,0,0,0,0,0,0,0,0,0,0,0,11,0,0,0,0,0,0,0,0,0,0,0,0,0,0,0,0,0,0,0,0,0,0,0,0,0,0,0,0,0,65,0,221,0,346,0,0,0,341,0,0,0,420,114,280,0,36,0,76,0,40,0,47,0,0,0,0,0,0,0,0,0,0,0,0,0,0,0,0,0,0,0,0,0,0,0,739,414,430,0,227,0,0,0,0,0,0,0,0,0,0
0,134,0,83,170,0,0,16,0,24,0,235,50,194,352,211,0,0,120,316,104,468,24,86,0,23,0,127,0,14,29,109,0,195,59,174,0,110,0,0,0,45,0,39,0,32,0,66,0,0,0,88,0,7,0,0,0,14,0,4,0,0,0,0,0,0,0,0,0,0,0,6,0,0,0,0,0,0,0,0,0,0,0,0,0,36,0,0,0,0,0,0,0,0,0,0,0,0,0,0,0,0,0,0,0,0,0,0,0,0,0,0,0,0,0,0,0,0,0,0,0,0,0,17,0,0,0,0,0,0,0,0,0,0,0,104,0,121,0,0,0,10,0,0,0,0,0,0,0,0,0,24,0,0,0,0,0,0,0,0,0,0,0,0,0,154,0,188,0,0,0,0,0,225,0,0,29,468,0,64,0,49,0,0,0,27,0,14,0,0,0,0,0,0,0,0,0,0,0,0,0,0,0,0,0,0,0,0,0,59,0,0,0,0,174,0,0,0,666,332,740,0,0,8,0
15,39,42,0,6,0,0,85,8,100,4,0,3,0,14,0,19,0,0,0,0,0,20,0,287,120,0,0,60,0,0,0,4,0,0,0,3,0,59,0,0,0,0,0,0,0,0,0,64,0,5,0,31,0,75,0,9,0,0,0,159,0,133,47,2,0,22,0,0,0,0,0,0,0,0,0,0,0,0,0,0,0,0,0,0,0,0,0,0,0,0,0,0,0,0,0,0,0,0,0,0,0,0,0,0,0,0,0,0,0,0,0,0,0,0,0,1,0,0,0,0,0,0,0,10,0,0,0,0,0,16,0,15,0,31,0,27,0,0,0,0,0,0,0,0,0,3,0,9,0,0,0,0,0,1,0,0,0,0,0,12,0,0,0,38,0,8,0,105,0,184,0,197,0,0,0,53,46,0,0,0,0,0,0,2,0,0,0,0,0,0,0,0,0,0,0,0,0,4,0,17,0,0,0,0,0,0,0,4,0,513,129,325,554,602,0,65,1,0,0,0,0,0,0,0
108,15,66,37,0,16,85,0,108,19,0,5,0,0,0,36,57,25,0,24,0,0,45,12,147,363,0,0,28,209,0,0,3,77,0,0,0,73,0,431,0,0,0,0,0,0,0,0,0,0,0,0,9,12,0,46,0,12,0,1,0,85,55,91,0,0,0,0,0,0,0,0,0,0,0,0,0,0,0,0,0,0,0,0,0,0,0,0,0,0,0,0,0,0,0,0,0,0,0,0,0,0,0,0,0,0,0,0,0,0,0,0,0,0,0,0,0,0,0,0,0,0,0,0,0,0,0,0,0,1,0,0,0,0,0,0,0,28,0,0,0,0,0,0,0,0,0,0,0,0,0,0,0,0,0,0,0,0,0,0,0,0,0,0,0,41,0,0,0,0,0,0,0,273,0,0,40,102,0,0,0,0,0,0,0,0,0,0,0,0,0,0,0,0,0,0,0,0,0,0,0,0,0,0,0,0,0,0,0,0,0,0,0,0,329,0,0,0,519,74,424,262,0,109,0
20,14,53,0,33,0,8,108,0,222,11,0,10,0,19,0,0,16,0,0,0,0,0,0,7,169,0,0,0,0,0,0,0,0,0,0,0,0,26,0,3,0,0,0,0,0,0,0,0,0,4,0,83,86,8,181,4,6,8,0,185,0,93,74,35,0,33,29,0,0,0,0,0,0,0,0,0,0,0,0,0,0,0,0,0,0,0,0,0,0,0,0,0,0,0,0,0,0,0,0,0,0,0,0,0,0,0,0,0,0,0,0,0,0,0,0,0,0,0,0,0,0,0,0,29,0,9,0,0,0,36,0,10,0,48,0,28,0,0,0,0,0,16,0,0,0,12,0,50,0,9,0,5,0,0,0,13,0,1,0,11,0,0,0,29,0,0,0,52,0,146,0,84,0,0,0,347,99,6,0,3,0,46,0,31,16,0,0,0,0,0,0,0,0,0,0,0,0,8,0,0,0,0,0,0,0,0,0,13,0,458,139,180,0,354,0,0,0,0,0,0,0,0,0,0
68,38,0,11,0,24,100,19,222,0,0,23,0,6,0,13,21,8,0,36,0,0,0,0,137,40,0,13,0,0,0,0,0,10,0,0,0,0,0,150,0,0,0,0,0,0,0,0,0,0,0,0,69,166,124,37,0,8,0,16,0,248,169,261,0,49,0,173,0,0,0,0,0,0,0,0,0,0,0,0,0,0,0,0,0,0,0,0,0,0,0,0,0,0,0,0,0,0,0,0,0,0,0,0,0,0,0,0,0,0,0,0,0,0,0,0,0,0,0,0,0,0,0,0,0,26,0,5,0,0,0,29,0,0,0,60,0,66,0,0,0,5,0,0,0,0,0,30,0,47,0,71,0,66,1,20,0,85,0,2,0,12,0,0,0,0,0,0,0,0,0,108,0,122,0,0,66,329,0,0,0,0,0,4,0,68,0,0,0,0,0,0,0,0,0,0,0,0,0,25,0,0,0,0,0,0,0,29,0,83,0,0,0,0,410,0,0,0,755,117,356,0,0,92,0
133,0,20,0,144,0,4,0,11,0,0,0,91,0,24,32,0,0,13,0,21,0,13,0,0,0,20,0,0,0,23,3,53,7,11,0,49,0,16,5,31,0,0,0,17,0,38,0,6,0,17,0,0,0,0,0,0,0,0,0,0,0,0,0,0,0,2,0,0,0,0,0,0,0,0,0,0,0,0,0,0,0,0,0,0,0,0,0,0,0,0,0,0,0,0,0,0,0,0,0,0,0,0,0,0,0,0,0,0,0,0,0,0,0,0,0,0,0,0,0,0,0,0,0,0,0,0,0,0,0,0,0,0,0,0,0,0,0,0,0,0,0,0,0,0,0,0,0,0,0,0,0,0,0,0,0,0,0,0,0,0,0,0,0,0,0,49,0,0,0,0,0,94,0,0,0,127,20,83,0,0,0,20,0,5,0,22,0,0,0,0,0,0,0,0,0,0,0,0,0,0,0,0,0,0,0,0,0,0,0,171,144,156,0,59,0,0,0,0,0,0,1,0,0,0
0,83,10,7,0,235,0,5,0,23,0,0,0,118,163,35,0,0,35,62,38,141,0,52,0,0,0,110,0,0,0,82,0,224,6,114,3,126,0,0,0,83,0,23,1,22,0,82,0,27,0,32,0,3,0,0,0,0,0,5,0,0,0,0,0,5,0,0,0,0,0,10,0,0,0,20,0,0,0,0,0,69,0,0,0,68,0,0,0,0,0,0,0,0,0,0,0,4,0,0,0,0,0,0,0,0,0,0,0,0,0,0,0,0,0,0,0,0,0,0,0,28,0,0,0,18,0,0,0,0,0,0,0,0,0,17,0,0,0,0,0,0,0,51,0,8,0,10,0,6,0,14,0,32,0,0,0,7,0,0,0,11,0,0,0,0,0,56,0,0,0,16,0,88,0,55,15,368,0,60,0,83,0,64,0,44,0,0,0,0,0,1,0,0,0,0,0,0,0,0,0,0,0,0,0,0,0,0,0,27,0,0,0,0,0,0,0,0,424,275,253,0,0,0,0
55,0,31,0,207,50,3,0,10,0,91,0,0,201,60,16,0,0,77,161,71,45,58,0,0,0,135,487,0,0,0,0,0,0,112,0,33,0,0,0,147,60,55,111,111,171,227,153,17,11,264,0,0,0,0,0,0,0,0,0,0,0,0,0,0,0,3,0,0,0,9,0,0,0,0,0,0,0,0,0,0,0,0,0,0,0,0,0,0,0,0,0,0,0,0,0,0,0,0,0,0,0,0,0,0,0,0,0,0,0,0,0,0,0,0,0,0,0,0,0,20,0,0,0,0,0,0,0,0,0,0,0,0,0,0,0,0,0,0,0,4,0,0,0,0,0,0,0,0,0,0,0,0,0,0,0,0,0,0,0,0,0,0,0,47,0,14,0,0,0,0,0,0,0,0,0,144,137,142,0,56,0,44,0,0,0,457,10,0,0,0,0,0,0,0,0,0,0,0,0,0,0,0,0,0,0,0,0,0,0,69,209,198,13,0,0,0,0,0,0,0,0,0,0,0
0,29,0,0,0,194,0,0,0,6,0,118,201,0,31,0,0,0,547,55,132,64,0,0,0,0,267,71,0,0,0,0,0,3,45,183,0,29,0,0,25,152,16,132,0,62,0,246,0,74,45,201,0,0,0,0,0,0,0,0,0,0,0,0,0,0,0,0,0,0,0,0,0,0,0,13,0,0,0,9,0,0,0,0,0,20,0,0,0,0,0,0,0,1,0,0,0,0,0,0,0,0,0,0,0,0,0,0,0,0,0,0,0,0,0,0,0,0,0,0,0,30,0,0,0,0,0,0,0,0,0,0,0,0,0,0,0,0,0,0,0,0,0,0,0,0,0,0,0,0,0,0,0,0,0,0,0,0,0,0,0,0,0,0,0,53,0,5,0,0,0,0,0,0,0,0,4,401,0,28,0,38,0,8,0,0,22,100,0,0,0,0,0,0,0,0,0,0,0,0,0,0,0,0,0,0,0,0,0,0,0,0,0,0,36,0,0,0,99,452,392,0,1,0,0
43,23,182,175,162,352,14,0,19,0,24,163,60,31,0,344,59,0,215,241,224,87,386,72,52,7,108,0,2,0,225,0,25,91,121,81,56,59,2,0,23,0,10,0,55,0,47,0,0,0,30,6,11,0,39,0,8,0,0,0,0,0,5,0,0,0,7,0,0,0,0,0,0,0,0,0,0,0,0,0,0,0,0,0,0,0,0,2,0,0,0,0,0,0,0,0,280,0,0,0,0,0,0,0,0,0,0,0,0,0,0,0,0,0,0,0,0,0,0,0,0,2,0,0,0,0,0,0,0,0,0,0,0,0,64,0,155,0,0,0,0,0,192,0,0,0,0,0,44,0,48,0,55,0,33,0,0,0,0,0,0,0,0,0,30,0,245,0,251,0,0,1,138,0,0,0,330,147,40,0,0,0,46,0,51,0,0,0,0,0,0,0,0,0,0,0,0,0,0,0,282,0,0,0,17,0,0,0,0,0,266,377,189,0,86,0,0,0,24,18,30,0,0,0,0
0,67,63,324,156,211,0,36,0,13,32,35,16,0,344,0,0,23,16,322,55,337,72,148,0,33,0,97,0,16,12,50,15,23,14,73,0,48,0,0,0,0,0,29,0,30,0,0,0,0,0,33,0,19,0,55,0,0,0,0,0,0,0,14,0,0,0,0,0,0,0,0,0,0,0,0,0,0,0,0,0,0,0,0,0,215,0,0,0,0,0,0,0,0,0,0,0,79,0,103,0,0,0,0,0,0,0,0,0,0,0,0,0,0,0,0,0,0,0,0,0,0,0,0,0,0,0,0,0,0,0,0,0,0,0,302,0,263,0,0,0,40,0,243,0,0,0,0,0,0,0,0,0,0,0,23,0,0,0,0,0,0,0,0,0,16,0,88,0,30,0,12,0,95,0,0,25,168,0,0,0,0,0,0,0,0,0,0,0,0,0,0,0,0,0,0,0,0,0,0,0,0,0,0,0,0,0,0,0,44,0,0,0,0,0,0,0,0,76,243,135,40,0,0,0
31,28,72,16,0,0,19,57,0,21,0,0,0,0,59,0,0,23,54,0,144,0,74,11,70,63,53,0,215,0,38,0,27,0,10,0,0,0,87,15,0,0,8,0,46,0,0,0,0,0,0,0,70,0,18,0,10,0,0,0,23,0,112,0,0,0,0,0,0,0,0,0,0,0,6,0,0,0,0,0,44,0,0,0,428,0,23,0,0,0,148,0,0,0,0,0,461,0,80,0,0,0,0,0,0,0,107,0,0,0,0,0,0,0,0,0,0,0,0,0,0,0,139,0,0,0,0,0,18,0,0,0,11,0,0,0,108,0,56,0,201,0,362,0,0,0,0,0,0,0,0,0,0,0,51,0,0,0,0,0,0,0,0,0,0,0,6,0,0,0,0,0,45,0,0,0,60,14,0,0,0,0,16,0,0,0,0,0,0,0,0,0,0,0,0,0,0,0,0,0,0,0,0,0,0,0,0,0,0,0,0,101,36,0,0,0,0,0,0,0,0,0,0,0,0
57,20,48,11,0,0,0,25,16,8,0,0,0,0,0,23,23,0,0,0,0,78,36,122,43,254,0,0,4,147,0,8,0,88,0,4,0,0,0,108,0,0,0,0,0,0,0,0,0,1,0,0,0,35,0,7,0,62,0,0,0,0,5,73,0,0,0,0,0,0,0,0,0,0,0,0,0,0,0,0,0,0,0,0,0,82,0,0,0,0,0,0,0,0,0,0,0,0,0,0,0,0,0,0,0,0,0,0,0,0,0,0,0,0,0,0,0,0,0,0,0,4,0,0,0,0,0,0,0,96,0,0,0,39,0,0,0,154,0,133,0,113,0,200,0,0,0,0,0,0,0,0,0,0,0,68,0,0,0,22,0,0,0,0,0,0,0,0,0,0,0,0,4,0,0,0,0,46,0,4,0,0,0,0,0,0,0,0,0,0,0,0,0,0,0,0,0,0,0,1,0,0,0,0,0,0,0,0,0,0,0,1,0,3,0,0,0,0,0,73,25,0,0,0,0
0,0,52,0,109,120,0,0,0,0,13,35,77,547,215,16,54,0,0,453,187,126,148,0,0,0,175,834,0,0,40,0,0,2,195,120,38,0,0,0,51,59,25,175,50,77,42,116,4,0,153,70,0,0,0,0,0,0,0,0,0,0,4,0,0,0,0,0,0,0,0,0,0,0,0,0,0,0,0,0,0,0,0,0,0,0,0,0,0,0,0,0,0,0,0,0,0,0,96,0,0,0,0,0,0,0,0,0,0,0,0,0,0,0,0,0,0,0,0,0,0,0,0,0,0,0,0,0,0,0,0,0,0,0,0,0,0,0,0,0,0,0,0,0,0,0,0,0,9,0,0,0,0,0,0,0,0,0,0,0,0,0,0,1,56,0,67,0,127,0,0,0,0,0,0,0,102,117,16,0,0,0,15,0,0,0,134,0,0,0,0,0,0,0,0,0,0,0,0,0,0,0,0,0,0,0,0,0,0,0,107,149,161,24,40,0,0,0,0,67,0,0,0,0,0
0,82,0,99,221,316,0,24,0,36,0,62,161,55,241,322,0,0,453,0,190,668,0,37,0,0,22,247,0,0,38,84,0,13,118,309,0,55,0,0,0,10,0,115,0,41,0,115,0,6,0,139,0,0,0,0,0,0,0,0,0,0,0,17,0,0,0,0,0,0,0,0,0,0,0,0,0,0,0,0,0,0,0,0,0,166,0,0,0,0,0,0,0,0,0,0,0,0,0,0,0,0,0,0,0,0,0,0,0,0,0,0,0,0,0,0,0,0,0,0,0,54,0,27,0,0,0,0,0,0,0,0,0,16,0,0,0,230,0,0,0,0,0,254,0,0,0,0,0,26,0,0,0,0,0,15,0,0,0,0,0,0,0,0,0,87,0,56,0,0,0,23,0,47,0,0,0,166,10,20,0,0,0,0,0,42,9,16,0,0,0,0,0,0,0,0,0,0,0,0,0,0,0,0,0,0,0,0,0,119,0,0,27,0,76,0,0,0,175,149,249,74,0,0,0
17,9,37,29,86,104,0,0,0,0,21,38,71,132,224,55,144,0,187,190,0,0,114,10,13,11,189,196,0,0,174,14,155,16,133,0,14,16,12,0,8,0,33,21,85,9,28,0,0,2,61,0,0,0,5,1,0,0,0,0,0,0,10,0,0,0,0,0,0,0,48,0,0,0,51,0,6,0,0,0,185,0,0,0,530,0,0,0,0,0,0,0,0,0,0,0,387,0,260,0,0,0,0,0,0,0,0,0,0,0,0,0,0,0,0,0,0,0,0,0,180,0,228,0,0,0,0,0,0,0,0,0,0,0,0,0,0,0,23,0,138,0,248,0,20,0,0,0,0,0,0,0,0,0,0,0,0,0,3,0,0,0,0,0,0,0,26,0,81,0,0,0,33,0,0,0,50,37,14,0,0,0,0,0,0,0,26,0,0,0,0,0,0,0,0,0,0,0,0,0,0,0,0,0,0,0,0,0,0,0,96,309,105,19,32,0,0,0,0,0,0,0,0,0,0
0,0,0,104,0,468,0,0,0,0,0,141,45,64,87,337,0,78,126,668,0,0,5,139,0,15,0,231,0,118,0,31,0,108,25,147,0,88,0,5,0,0,0,55,0,25,0,0,0,0,0,70,0,37,0,10,0,49,0,0,0,7,0,99,0,0,0,0,0,0,0,0,0,0,0,0,0,0,0,0,0,0,0,0,0,282,0,0,0,0,0,0,0,0,0,0,0,20,0,0,0,0,0,0,0,0,0,0,0,0,0,0,0,0,0,0,0,0,0,0,0,65,0,0,0,0,0,0,0,0,0,0,0,0,0,0,0,205,0,201,0,431,0,783,0,19,0,0,0,0,0,0,0,0,0,0,0,0,0,9,0,0,0,0,0,14,0,12,0,0,0,0,0,0,0,0,0,222,0,14,1,0,0,0,0,0,0,25,0,0,0,0,0,0,0,0,0,0,0,0,0,0,0,0,0,0,0,0,0,0,0,0,0,1,0,0,0,0,53,224,40,0,0,0,0
21,129,383,138,107,24,20,45,0,0,13,0,58,0,386,72,74,36,148,0,114,5,0,96,49,166,0,0,85,8,48,0,30,32,0,0,0,30,52,44,57,0,0,0,144,0,94,0,0,0,19,0,24,0,61,0,0,0,2,0,0,0,20,1,0,0,0,0,0,0,0,0,0,0,0,0,0,0,0,0,0,0,0,0,0,0,0,0,0,0,225,0,0,0,0,0,579,0,94,0,0,0,0,0,0,0,220,0,0,0,0,0,0,0,0,0,0,0,0,0,0,0,0,0,0,0,0,0,0,0,0,3,0,0,0,0,170,0,12,0,36,0,239,0,0,0,0,0,0,0,0,0,0,0,82,0,0,0,0,0,15,0,0,0,8,0,12,0,52,0,4,0,28,13,0,0,171,81,22,0,0,0,24,0,6,0,0,0,0,0,0,0,0,0,0,0,0,0,0,0,212,0,0,0,0,0,0,0,0,0,41,181,81,0,0,0,0,0,24,0,14,0,0,0,0
43,48,68,259,21,86,0,12,0,0,0,52,0,0,72,148,11,122,0,37,10,139,96,0,7,34,0,0,0,186,0,35,7,128,1,15,0,46,0,23,0,0,0,0,0,0,0,0,0,0,0,0,0,29,0,7,0,25,0,0,0,0,0,38,0,0,0,0,0,0,0,0,0,0,0,0,0,0,0,0,0,126,0,0,0,150,0,0,0,0,0,0,0,0,0,0,0,0,0,96,0,19,0,0,0,0,0,0,0,0,0,0,0,0,0,0,0,0,0,0,0,0,0,8,0,0,0,0,0,0,0,0,0,21,0,0,0,90,0,0,0,44,0,255,0,4,0,0,0,0,0,0,0,0,0,19,0,0,0,0,0,0,0,0,0,6,0,69,0,0,0,11,0,136,0,0,0,165,0,21,0,0,0,0,0,0,0,0,0,0,0,0,0,0,0,0,0,0,0,0,0,0,0,0,0,0,0,0,0,0,14,0,0,0,0,0,0,0,75,310,116,0,0,2,0
0,66,137,0,0,0,287,147,7,137,0,0,0,0,52,0,70,43,0,0,13,0,49,7,0,235,0,0,104,0,22,0,10,1,0,0,1,0,73,0,0,0,0,0,0,0,0,0,14,0,0,0,107,11,74,19,24,0,6,0,34,0,54,67,0,0,0,0,0,0,0,0,0,0,0,0,0,0,0,0,0,0,0,0,0,1,0,0,0,0,86,0,0,0,0,0,207,0,0,0,0,0,0,0,0,0,76,0,0,0,0,0,0,0,0,0,0,0,0,0,0,1,0,0,0,1,0,0,31,0,0,0,0,0,0,0,113,0,0,0,33,0,141,0,0,0,2,0,0,0,4,0,0,0,60,0,0,0,31,0,18,2,0,0,0,0,0,0,26,0,23,0,84,0,1,0,67,0,0,0,0,0,0,0,0,0,0,0,0,0,0,0,0,0,0,0,0,0,0,0,99,0,0,0,0,0,0,0,0,0,86,107,90,143,106,0,14,0,0,0,0,0,0,0,0
190,13,142,248,0,23,120,363,169,40,0,0,0,0,7,33,63,254,0,0,11,15,166,34,235,0,0,0,34,147,0,0,0,35,0,0,0,22,31,115,0,0,0,0,0,0,0,0,0,0,0,0,5,79,0,117,0,163,0,16,15,18,78,18,0,1,1,0,0,0,0,0,0,0,0,0,0,0,1,0,0,0,0,0,0,116,0,0,0,0,0,0,0,0,0,0,0,26,0,0,0,0,0,0,0,0,0,0,0,0,0,0,0,0,0,0,0,0,0,0,0,0,0,0,0,0,0,0,0,0,0,0,0,77,0,251,0,258,0,47,0,54,0,165,0,0,0,0,0,0,0,0,0,0,0,34,0,0,0,0,0,15,0,0,0,0,0,0,0,39,0,74,0,78,0,0,40,186,0,0,0,0,0,0,0,0,0,0,0,0,0,0,0,0,0,0,0,0,0,0,0,0,0,0,0,0,0,0,0,22,0,0,0,0,59,0,0,0,70,265,132,65,0,20,1
12,0,17,0,126,0,0,0,0,0,20,0,135,267,108,0,53,0,175,22,189,0,0,0,0,0,0,557,0,0,57,0,6,0,53,0,46,0,0,0,50,183,156,184,283,447,124,351,45,0,207,0,0,0,0,0,0,0,0,0,0,0,1,0,0,0,0,0,0,0,40,0,0,0,55,0,0,0,0,0,0,0,0,0,0,0,0,0,0,0,0,0,0,0,0,0,0,0,0,0,0,0,0,0,0,0,0,0,0,0,0,0,0,0,0,0,0,0,0,0,97,0,0,1,0,0,0,0,0,0,0,0,0,0,0,0,0,0,0,0,0,0,0,0,0,0,0,0,0,0,0,0,0,0,0,0,2,0,0,0,0,0,0,0,51,0,5,0,0,0,0,0,0,0,0,0,0,63,0,0,0,0,6,0,0,0,113,10,0,0,0,0,0,0,0,0,0,0,0,0,0,0,0,0,0,0,0,0,0,0,26,212,123,0,0,0,0,0,0,0,0,0,0,0,0
0,49,0,0,0,127,0,0,0,13,0,110,487,71,0,97,0,0,834,247,196,231,0,0,0,0,557,0,0,0,0,25,0,0,37,176,0,14,0,0,124,4,49,298,31,306,0,98,0,34,84,313,0,0,0,0,0,0,0,7,0,0,0,0,0,0,0,0,0,0,0,0,0,0,0,0,0,0,0,0,0,0,0,0,0,0,0,0,0,0,0,0,0,0,0,0,0,0,0,0,0,0,0,0,0,0,0,0,0,0,0,0,0,0,0,0,0,0,0,0,0,70,0,0,0,0,0,0,0,0,0,0,0,0,0,0,0,0,0,0,0,0,0,455,0,13,0,0,0,0,0,0,0,0,0,0,0,0,0,0,0,0,0,0,0,40,0,0,0,0,0,0,0,0,0,0,0,182,0,13,0,8,0,0,0,0,25,50,0,0,0,0,0,0,0,0,0,0,0,0,0,0,0,0,0,0,0,0,0,0,0,0,0,0,0,0,0,0,0,312,362,0,0,0,21
88,0,196,0,0,0,60,28,0,0,0,0,0,0,2,0,215,4,0,0,0,0,85,0,104,34,0,0,0,0,3,0,5,0,0,0,1,0,4,0,0,0,0,0,0,0,0,0,0,0,0,0,3,0,3,0,0,0,0,0,21,0,18,4,0,0,0,0,0,0,6,0,0,0,0,0,0,0,0,0,0,0,0,0,42,0,0,0,0,0,0,0,0,0,0,0,0,0,0,0,6,0,0,0,0,0,0,0,0,0,0,0,0,0,0,0,0,0,0,0,33,0,63,0,0,0,0,0,3,0,0,0,0,0,0,0,0,0,96,0,131,0,66,0,33,0,0,0,0,0,0,0,0,0,4,0,4,0,0,0,0,0,0,0,0,0,0,0,0,0,0,0,0,0,0,0,47,7,0,0,0,0,0,0,0,0,0,0,0,0,0,0,0,0,0,0,0,0,0,0,0,0,0,0,0,0,0,0,0,0,0,28,0,0,0,0,0,0,0,0,0,0,0,0,0
0,48,13,38,0,14,0,209,0,0,0,0,0,0,0,16,0,147,0,0,0,118,8,186,0,147,0,0,0,0,2,27,0,67,0,36,0,7,0,23,0,0,0,0,0,0,0,0,0,0,0,0,0,45,0,21,0,15,0,0,0,45,0,54,0,0,0,0,0,0,0,0,0,0,0,0,0,0,0,0,0,0,0,0,0,26,0,0,0,0,0,0,0,0,0,0,0,5,0,0,0,0,0,0,0,0,0,0,0,0,0,0,0,0,0,0,0,0,0,0,0,0,0,0,0,0,0,0,0,83,0,0,0,16,0,30,0,0,0,122,0,161,0,115,0,8,0,0,0,0,0,0,0,0,0,26,0,4,3,13,0,0,0,0,0,0,0,0,0,0,0,0,0,0,0,0,0,62,0,0,0,0,0,6,0,0,0,0,0,0,0,0,0,0,0,0,0,0,0,0,0,8,0,0,0,0,0,0,0,0,0,0,0,0,0,0,0,0,0,23,0,0,0,0,0
56,0,110,0,101,29,0,0,0,0,23,0,0,0,225,12,38,0,40,38,174,0,48,0,22,0,57,0,3,2,0,0,21,0,123,0,53,0,0,0,6,0,109,0,50,0,0,0,4,0,56,0,10,0,0,0,0,0,0,0,1,0,9,0,0,0,0,0,5,0,34,0,0,0,43,0,0,0,0,0,108,0,0,0,208,0,0,0,0,0,0,0,0,0,0,0,131,0,130,0,0,0,0,0,0,0,0,0,0,0,0,0,0,0,0,0,0,0,0,0,136,0,125,0,0,0,0,0,0,0,0,0,0,0,0,0,17,0,48,0,134,0,106,0,41,0,0,0,0,0,0,0,0,0,0,0,0,0,0,0,0,0,0,0,0,0,11,0,0,0,0,0,9,0,0,0,32,10,0,0,0,0,12,0,0,0,0,0,0,0,0,0,0,0,0,0,0,0,0,0,0,0,0,0,0,0,0,0,0,0,38,185,26,0,15,0,0,0,0,0,0,0,0,0,0
0,0,0,52,23,109,0,0,0,0,3,82,0,0,0,50,0,8,0,84,14,31,0,35,0,0,0,25,0,27,0,0,1,1,0,5,0,23,0,0,0,0,0,3,0,0,0,0,0,0,0,7,0,0,0,0,0,0,0,0,0,6,0,13,0,0,0,0,0,0,0,0,0,0,0,0,0,0,0,0,0,0,0,0,0,37,0,0,0,0,0,0,0,0,0,0,0,4,0,0,0,0,0,0,0,0,0,0,0,0,0,0,0,0,0,0,0,0,0,0,0,14,0,0,0,0,0,0,0,0,0,0,0,0,0,0,0,0,0,69,0,149,0,223,0,0,0,0,0,0,0,0,0,0,0,8,0,0,0,0,0,0,0,0,0,4,0,16,0,0,0,0,0,0,0,0,0,91,0,0,0,0,0,3,0,0,0,11,0,0,0,0,0,0,0,0,0,0,0,0,0,0,0,0,0,0,0,0,0,0,0,0,0,0,0,0,0,0,0,47,20,0,0,0,0
91,0,177,15,108,0,4,3,0,0,53,0,0,0,25,15,27,0,0,0,155,0,30,7,10,0,6,0,5,0,21,1,0,0,21,0,265,0,1,0,0,0,11,0,29,1,0,0,0,0,28,0,0,0,0,1,0,0,0,0,7,0,10,0,0,0,0,0,0,0,35,0,0,0,28,0,0,0,0,0,0,0,0,0,0,0,0,0,0,0,0,0,0,0,0,0,0,0,0,0,0,0,0,0,0,0,0,0,0,0,0,0,0,0,0,0,0,0,0,0,72,0,55,0,0,0,0,0,0,0,0,0,0,0,0,0,0,0,58,0,117,0,54,0,59,0,0,0,0,0,0,0,0,0,0,0,10,0,0,0,0,0,0,0,0,0,26,0,26,0,0,0,21,0,0,0,30,9,32,0,0,0,21,0,0,0,0,0,0,0,0,0,0,0,0,0,0,0,0,0,0,0,0,0,0,0,0,0,0,0,40,171,21,0,15,0,0,0,0,0,0,0,0,0,0
0,219,0,297,0,195,0,77,0,10,7,224,0,3,91,23,0,88,2,13,16,108,32,128,1,35,0,0,0,67,0,1,0,0,2,6,0,170,0,0,0,0,0,7,0,0,0,0,0,0,0,0,0,8,0,0,0,0,0,0,0,9,0,12,0,0,0,0,0,0,0,0,0,0,0,0,0,0,0,0,0,0,0,0,0,0,0,0,0,0,0,0,0,0,0,0,0,0,0,0,0,0,0,0,0,0,0,0,0,0,0,0,0,0,0,0,0,0,0,0,0,0,0,0,0,0,0,0,0,12,0,0,0,0,0,0,0,0,0,54,0,68,0,119,0,8,0,0,0,0,0,0,0,0,0,8,0,0,0,3,0,0,0,2,0,0,0,38,0,0,0,0,0,25,0,0,0,293,0,70,0,0,0,13,0,0,0,3,0,0,0,0,0,0,0,0,0,0,0,0,0,0,0,0,0,0,0,0,0,0,0,0,0,0,0,0,0,0,9,295,21,7,0,0,0
0,0,0,0,148,59,0,0,0,0,11,6,112,45,121,14,10,0,195,118,133,25,0,1,0,0,53,37,0,0,123,0,21,2,0,21,191,0,0,0,6,0,67,0,16,0,0,0,5,0,210,0,0,0,0,0,0,0,0,0,0,0,0,0,0,0,0,0,0,0,32,0,0,0,43,0,0,0,0,0,0,0,0,0,107,0,0,0,0,0,0,0,0,0,0,0,0,0,132,0,0,0,0,0,0,0,0,0,0,0,0,0,0,0,0,0,0,0,0,0,51,0,0,0,0,0,0,0,0,0,0,0,0,0,0,0,0,0,2,0,0,0,0,0,0,0,0,0,0,0,0,0,0,0,0,0,0,0,0,0,0,0,0,0,75,0,62,0,89,0,0,0,26,0,0,0,0,17,33,0,0,0,0,0,0,0,19,1,0,0,0,0,0,0,0,0,0,0,0,0,0,0,0,0,0,0,0,0,0,0,69,162,172,18,25,0,1,0,0,0,0,0,0,1,0
0,20,0,19,0,174,0,0,0,0,0,114,0,183,81,73,0,4,120,309,0,147,0,15,0,0,0,176,0,36,0,5,0,6,21,0,0,292,0,5,0,0,0,49,0,7,0,13,0,0,0,110,0,0,0,0,0,0,0,0,0,0,0,9,0,0,0,0,0,0,0,7,0,0,0,11,0,0,0,0,0,0,0,0,0,0,0,0,0,0,0,0,0,0,0,0,0,0,0,0,0,0,0,0,0,0,0,0,0,0,0,0,0,0,0,0,0,0,0,0,0,0,0,0,0,0,0,0,0,32,0,0,0,0,0,0,0,0,0,127,0,354,0,468,0,37,0,0,0,0,0,0,0,0,0,10,0,0,0,0,0,0,0,0,0,55,0,75,0,34,0,0,0,56,0,0,0,140,0,28,0,0,0,0,0,0,0,87,0,0,0,0,0,0,0,0,0,0,0,0,0,0,0,0,0,0,0,0,0,0,0,0,0,0,12,0,0,0,0,156,89,0,0,0,0
46,0,91,0,84,0,3,0,0,0,49,3,33,0,56,0,0,0,38,0,14,0,0,0,1,0,46,0,1,0,53,0,265,0,191,0,0,0,24,0,9,0,88,0,99,0,0,0,7,0,64,0,0,0,0,0,0,0,0,0,0,0,4,0,0,1,0,0,0,0,114,0,15,0,112,0,0,0,27,0,0,0,0,0,0,0,80,0,0,0,0,0,0,0,0,0,0,0,179,0,0,0,0,0,0,0,0,0,0,0,0,0,0,0,0,0,0,0,0,0,206,0,0,0,0,0,0,0,0,0,0,0,0,0,0,0,0,0,115,0,137,0,28,0,157,0,0,0,0,0,0,0,0,0,14,0,38,0,0,0,3,0,35,0,22,0,34,0,108,0,16,0,43,0,0,0,19,0,16,0,0,0,0,0,5,0,0,0,0,0,0,0,0,0,0,0,0,0,0,0,0,0,0,0,0,0,0,0,0,0,40,115,56,17,0,0,0,0,0,0,0,0,0,0,0
0,156,0,67,0,110,0,73,0,0,0,126,0,29,59,48,0,0,0,55,16,88,30,46,0,22,0,14,0,7,0,23,0,170,0,292,0,0,0,40,0,0,0,74,0,8,0,0,0,0,0,65,0,0,0,0,0,0,0,0,0,15,0,4,0,0,0,0,0,0,0,0,0,0,0,4,0,1,0,0,0,0,0,0,0,0,0,0,0,0,1,0,0,0,0,0,0,0,0,0,0,0,0,0,0,0,0,0,0,0,0,0,0,0,0,0,0,0,0,0,0,0,0,0,0,0,0,0,0,0,0,0,0,0,0,0,0,0,0,128,0,277,0,193,0,128,0,0,0,0,0,0,0,0,0,0,0,14,0,0,0,0,0,0,0,19,0,41,0,47,0,16,0,90,0,0,0,159,0,31,0,0,0,9,0,7,0,18,0,0,0,0,0,0,0,0,0,0,0,0,0,0,0,0,0,0,0,0,0,0,0,0,0,0,0,0,0,0,13,207,73,11,0,0,0
308,0,389,0,54,0,59,0,26,0,16,0,0,0,2,0,87,0,0,0,12,0,52,0,73,31,0,0,4,0,0,0,1,0,0,0,24,0,0,0,0,0,0,0,9,0,1,0,0,0,4,0,9,0,0,1,0,0,0,0,9,1,13,2,0,0,0,0,0,0,3,0,0,0,0,0,0,0,0,0,0,0,0,0,0,0,0,0,0,0,0,0,0,0,0,0,0,0,0,0,0,0,0,0,0,0,0,0,0,0,0,0,0,0,0,0,0,0,0,0,0,0,17,0,0,0,0,0,0,0,0,0,0,0,0,0,0,0,96,0,53,0,0,0,52,0,0,0,0,0,0,0,0,0,23,0,45,0,2,0,0,0,6,0,1,0,16,0,0,1,6,0,23,0,0,0,79,14,0,0,0,0,64,0,8,0,0,0,0,0,0,0,0,0,0,0,0,0,0,0,0,0,0,0,0,0,0,0,0,0,19,182,11,13,11,0,0,0,0,0,4,0,0,0,0
27,241,0,118,0,0,0,431,0,150,5,0,0,0,0,0,15,108,0,0,0,5,44,23,0,115,0,0,0,23,0,0,0,0,0,5,0,40,0,0,0,0,0,0,0,0,0,0,0,0,0,0,0,3,0,19,0,0,0,0,0,16,0,30,0,0,0,0,0,0,0,0,0,0,0,0,0,0,0,0,0,0,0,0,0,0,0,0,0,0,0,0,0,0,0,0,0,2,0,0,0,0,0,0,0,0,0,0,0,0,0,0,0,1,0,0,0,0,0,0,0,0,0,0,0,0,0,0,0,5,0,0,0,0,0,0,0,0,0,57,0,30,0,0,0,29,0,0,0,0,0,0,1,0,0,9,0,10,0,4,0,0,0,0,0,0,0,3,0,0,0,1,0,14,0,0,9,250,0,11,0,0,0,32,0,0,0,0,0,0,0,0,0,0,0,0,0,0,0,0,0,0,0,0,0,0,0,0,0,0,0,0,0,0,0,0,0,0,0,215,25,15,1,3,0
8,0,15,0,86,0,0,0,3,0,31,0,147,25,23,0,0,0,51,0,8,0,57,0,0,0,50,124,0,0,6,0,0,0,6,0,9,0,0,0,0,120,77,0,81,222,176,213,84,31,64,14,0,0,0,0,0,0,2,0,0,0,0,0,0,0,0,0,0,0,0,0,0,0,0,0,0,0,0,0,0,0,0,0,0,0,0,0,0,0,0,0,0,0,0,0,0,0,0,0,0,0,0,0,0,0,0,0,0,0,0,0,0,0,0,0,0,0,0,0,21,0,0,0,0,0,0,0,0,0,0,0,0,0,0,0,0,0,0,0,0,0,0,0,1,0,0,0,0,0,0,0,0,0,0,0,0,0,0,0,0,0,0,0,18,0,5,0,0,0,0,0,0,0,0,0,36,51,36,3,0,0,24,0,0,0,157,8,0,0,0,0,0,0,0,0,0,0,0,0,0,0,0,0,0,0,0,0,0,0,23,110,62,2,8,0,0,3,0,0,0,0,0,0,0
0,14,0,0,0,45,0,0,0,0,0,83,60,152,0,0,0,0,59,10,0,0,0,0,0,0,183,4,0,0,0,0,0,0,0,0,0,0,0,0,120,0,34,56,64,179,82,65,2,112,16,44,0,0,0,0,0,0,0,1,0,0,0,0,0,0,0,0,0,4,0,0,0,0,0,0,0,0,0,0,0,0,0,0,0,0,0,0,0,0,0,0,0,0,0,7,0,0,0,0,0,0,0,0,0,0,0,0,0,0,0,0,0,0,0,0,0,0,0,0,0,0,0,0,0,0,0,0,0,0,0,0,0,0,0,0,0,0,0,0,0,0,0,0,0,0,0,0,0,0,0,0,0,0,0,0,0,0,0,0,0,0,0,0,0,28,0,0,0,0,0,0,0,0,0,0,0,125,0,18,0,0,0,0,0,6,16,19,0,0,0,0,0,0,0,3,0,0,0,0,0,0,0,0,0,0,0,0,0,2,0,3,0,0,0,0,0,0,0,161,38,2,0,0,34
0,0,0,0,0,0,0,0,0,0,0,0,55,16,10,0,8,0,25,0,33,0,0,0,0,0,156,49,0,0,109,0,11,0,67,0,88,0,0,0,77,34,0,0,160,60,129,48,37,4,58,0,0,0,0,0,0,0,0,0,0,0,0,0,0,1,0,0,0,0,49,0,0,0,60,0,3,0,0,0,113,0,0,0,0,0,0,0,0,0,0,0,0,0,0,0,0,0,115,0,0,0,0,0,0,0,0,0,0,0,0,0,0,0,0,0,0,0,0,0,91,0,0,0,0,0,0,0,0,0,0,0,0,0,0,0,0,0,0,0,0,0,0,0,0,0,0,0,0,0,0,0,0,0,0,0,5,0,0,0,2,0,17,0,15,0,30,0,19,0,0,0,14,0,0,0,0,0,0,0,0,0,0,0,0,0,24,0,0,0,0,0,0,0,0,0,0,0,0,0,0,0,0,0,0,0,0,0,0,0,36,149,63,0,13,0,0,8,0,0,0,0,0,0,0
0,0,0,0,0,39,0,0,0,0,0,23,111,132,0,29,0,0,175,115,21,55,0,0,0,0,184,298,0,0,0,3,0,7,0,49,0,74,0,0,0,56,0,0,14,214,0,104,0,20,28,67,0,0,0,0,0,0,0,0,0,0,0,0,0,0,0,0,0,0,0,0,0,0,0,0,0,0,0,0,0,0,0,0,0,60,0,0,0,0,0,0,0,0,0,0,0,0,2,0,0,0,0,0,0,0,0,0,0,0,0,0,0,0,0,0,0,0,0,0,0,0,0,0,0,0,0,0,0,0,0,0,0,0,0,0,0,0,0,0,0,187,0,340,0,0,0,0,0,0,0,0,0,0,0,0,0,0,0,0,0,0,0,5,0,20,0,22,0,0,0,16,0,19,0,0,0,33,0,0,0,0,0,0,0,0,0,32,0,0,0,0,0,0,0,0,0,0,0,0,0,0,0,0,0,0,0,0,0,0,0,0,0,0,0,0,0,0,45,193,117,0,0,0,0
18,0,33,0,58,0,0,0,0,0,17,1,111,0,55,0,46,0,50,0,85,0,144,0,0,0,283,31,0,0,50,0,29,0,16,0,99,0,9,0,81,64,160,14,0,131,210,106,233,58,109,0,0,0,0,0,0,0,0,0,0,0,7,0,0,0,0,0,0,0,171,0,35,0,173,0,32,0,64,0,392,0,0,0,0,0,231,0,0,0,0,0,0,0,0,0,526,0,613,0,0,0,0,0,0,0,0,0,0,0,0,0,1,0,0,0,1,0,0,0,287,0,0,0,0,0,0,0,0,0,0,0,0,0,0,0,0,0,0,0,0,0,0,0,43,0,0,0,0,0,0,0,0,0,0,0,6,0,0,0,0,0,48,0,80,0,86,0,137,0,19,0,27,0,0,0,26,25,27,0,0,0,9,0,12,0,100,0,0,0,0,0,0,0,0,0,0,0,0,0,0,0,0,0,0,0,0,0,0,0,81,204,137,41,45,0,6,25,0,7,0,0,0,0,1
0,0,0,0,0,32,0,0,0,0,0,22,171,62,0,30,0,0,77,41,9,25,0,0,0,0,447,306,0,0,0,0,1,0,0,7,0,8,0,0,222,179,60,214,131,0,167,461,7,129,47,123,0,0,0,0,0,0,0,0,0,0,0,0,0,0,0,0,0,25,0,10,0,0,0,0,0,22,0,0,0,0,0,42,0,103,0,0,0,1,0,0,0,20,0,22,0,0,0,0,0,0,0,6,0,0,0,0,0,0,0,0,0,0,0,0,0,0,0,0,0,0,0,0,0,0,0,0,0,0,0,0,0,0,0,0,0,0,0,0,0,0,0,378,0,0,0,0,0,0,0,0,0,0,0,0,0,0,0,0,0,0,0,5,0,63,0,0,0,133,0,18,0,15,0,0,0,52,0,0,0,0,0,0,0,0,18,12,0,0,0,0,0,0,0,0,0,0,0,0,0,0,0,0,0,0,0,0,0,0,0,11,0,0,17,0,0,0,28,283,172,14,0,3,64
19,0,18,0,78,0,0,0,0,0,38,0,227,0,47,0,0,0,42,0,28,0,94,0,0,0,124,0,0,0,0,0,0,0,0,0,0,0,1,0,176,82,129,0,210,167,0,157,134,82,56,0,0,0,0,0,0,0,0,0,0,0,0,0,0,0,0,0,0,0,0,0,0,0,0,0,0,0,0,0,0,0,0,0,0,0,0,0,0,0,0,0,0,0,0,0,0,0,0,0,0,0,0,0,0,0,0,0,0,0,0,0,0,0,0,0,0,0,0,0,0,0,0,0,0,0,0,0,0,0,0,0,0,0,0,0,0,0,0,0,0,0,0,0,0,0,0,0,0,0,0,0,0,0,0,0,0,0,0,0,0,0,0,0,30,0,0,0,0,0,0,0,0,0,0,0,23,23,45,0,0,0,14,0,0,0,176,0,0,0,0,0,0,0,0,0,0,0,0,0,0,0,0,0,0,0,0,0,0,0,10,260,62,0,0,0,0,18,0,6,0,0,0,0,1
0,28,0,0,0,66,0,0,0,0,0,82,153,246,0,0,0,0,116,115,0,0,0,0,0,0,351,98,0,0,0,0,0,0,0,13,0,0,0,0,213,65,48,104,106,461,157,0,2,122,41,82,0,0,0,0,0,0,0,0,0,0,0,0,0,0,0,0,0,3,0,0,0,0,0,0,0,0,0,0,0,0,0,0,0,0,0,0,0,0,0,0,0,0,0,0,0,0,0,0,0,0,0,0,0,0,0,0,0,0,0,0,0,0,0,0,0,0,0,0,0,0,0,0,0,0,0,0,0,0,0,0,0,0,0,0,0,0,0,0,0,0,0,0,0,0,0,0,0,0,0,0,0,0,0,0,0,0,0,0,0,0,0,0,0,32,0,0,0,0,0,0,0,0,0,0,0,152,0,0,0,0,0,0,0,0,23,20,0,0,0,0,0,0,0,0,0,0,0,0,0,0,0,0,0,0,0,0,0,0,0,7,0,0,0,0,0,0,0,332,154,0,0,0,63
0,0,59,0,0,0,64,0,0,0,6,0,17,0,0,0,0,0,4,0,0,0,0,0,14,0,45,0,0,0,4,0,0,0,5,0,7,0,0,0,84,2,37,0,233,7,134,2,0,20,17,0,0,0,37,0,93,0,74,0,8,0,0,0,0,0,0,0,28,0,0,0,0,0,0,0,12,0,10,0,11,0,95,0,0,0,17,0,0,0,0,0,21,0,68,0,0,0,9,0,25,0,84,0,11,0,0,0,0,0,0,0,0,0,0,0,1,0,0,0,0,0,5,1,0,5,0,0,0,0,19,0,0,0,0,0,0,0,0,0,0,0,0,0,0,0,0,0,0,0,0,0,0,5,0,0,0,0,9,0,24,0,16,0,38,0,7,0,80,0,10,0,12,0,0,0,51,6,29,0,0,0,8,0,7,0,106,0,156,0,0,0,71,0,35,0,0,0,31,0,35,0,0,0,37,0,0,0,0,0,59,143,108,10,93,39,19,7,0,0,0,0,0,0,0
0,0,0,6,0,0,0,0,0,0,0,27,11,74,0,0,0,1,0,6,2,0,0,0,0,0,0,34,0,0,0,0,0,0,0,0,0,0,0,0,31,112,4,20,58,129,82,122,20,0,0,5,0,0,0,0,0,0,0,0,0,0,0,0,0,0,0,1,0,20,0,0,0,0,0,0,0,8,0,0,0,0,0,26,0,0,0,14,0,0,0,0,0,16,0,16,0,0,0,0,0,0,0,3,0,3,0,1,0,0,0,0,0,0,0,0,0,1,0,0,0,0,0,0,0,1,0,0,0,0,0,0,0,0,0,0,0,0,0,0,0,0,0,0,0,0,0,0,0,0,0,0,0,0,0,0,0,0,0,0,0,0,0,0,0,48,0,0,0,32,0,0,0,0,0,0,0,54,0,10,0,0,0,2,0,0,11,36,0,7,0,0,0,0,0,0,0,0,0,0,0,0,0,1,0,1,0,1,0,0,0,7,0,0,4,0,0,0,0,20,14,2,0,0,2
0,0,0,0,70,0,5,0,4,0,17,0,264,45,30,0,0,0,153,0,61,0,19,0,0,0,207,84,0,0,56,0,28,0,210,0,64,0,4,0,64,16,58,28,109,47,56,41,17,0,0,0,0,0,0,0,0,0,0,0,0,0,0,0,0,0,0,0,0,0,30,0,17,0,24,0,7,0,0,0,55,0,0,0,59,0,36,0,0,0,0,0,0,0,0,0,0,0,90,0,0,0,0,0,0,0,0,0,0,0,0,0,0,0,0,0,0,0,0,0,31,0,0,0,0,0,0,0,0,0,0,0,0,0,0,0,0,0,0,0,0,0,0,0,0,0,0,0,0,0,0,0,0,0,0,0,0,0,0,0,0,0,17,0,58,0,50,0,62,0,11,0,33,0,0,0,12,9,0,0,0,0,6,0,0,0,32,0,0,0,0,0,0,0,0,0,0,0,0,0,0,0,0,0,0,0,0,0,0,0,64,129,110,28,31,0,1,0,0,0,0,0,0,0,0
0,0,0,0,3,88,0,0,0,0,0,32,0,201,6,33,0,0,70,139,0,70,0,0,0,0,0,313,0,0,0,7,0,0,0,110,0,65,0,0,14,44,0,67,0,123,0,82,0,5,0,0,0,2,0,3,0,0,0,0,0,0,0,5,0,0,0,0,0,0,0,0,0,0,0,45,0,0,0,25,0,0,0,15,0,0,0,48,0,0,0,0,0,0,0,0,0,0,0,0,0,0,0,0,0,0,0,0,0,0,0,0,0,0,0,0,0,0,0,0,0,88,0,56,0,0,0,0,0,0,0,0,0,0,0,0,0,0,0,0,0,147,0,420,0,73,0,1,0,0,0,0,0,0,0,0,0,5,0,0,0,0,0,15,0,25,0,28,0,43,0,35,0,49,0,0,0,41,0,0,0,0,0,0,0,0,0,28,0,0,0,0,0,0,0,0,0,0,0,0,0,0,0,0,0,0,0,0,0,0,0,0,0,0,16,0,0,0,53,109,54,0,0,0,1
0,0,0,0,0,0,31,9,83,69,0,0,0,0,11,0,70,0,0,0,0,0,24,0,107,5,0,0,3,0,10,0,0,0,0,0,0,0,9,0,0,0,0,0,0,0,0,0,0,0,0,0,0,89,124,217,67,35,39,97,13,0,143,24,0,0,30,101,0,0,0,0,0,0,1,0,0,0,0,0,0,0,0,0,91,0,0,0,0,0,16,0,0,0,0,0,88,0,0,0,0,0,0,0,0,0,14,0,0,0,0,0,0,0,0,0,0,0,0,0,0,0,0,0,0,0,1,0,23,0,0,0,0,0,7,0,103,0,87,0,67,0,123,0,5,0,0,0,0,0,0,0,0,0,241,0,42,0,56,2,37,0,17,0,0,0,0,0,25,0,52,0,0,0,0,0,80,14,0,0,0,0,0,0,22,31,0,0,0,0,0,0,0,0,0,0,0,0,0,0,0,0,0,0,0,0,0,0,0,0,0,5,82,0,17,0,0,0,7,4,0,14,0,0,0
0,7,2,0,0,7,0,12,86,166,0,3,0,0,0,19,0,35,0,0,0,37,0,29,11,79,0,0,0,45,0,0,0,8,0,0,0,0,0,3,0,0,0,0,0,0,0,0,0,0,0,2,89,0,116,192,7,139,48,86,0,38,56,118,0,0,44,79,0,0,0,0,0,0,0,0,0,0,0,0,0,0,0,0,0,6,0,0,0,0,0,0,0,0,0,0,0,0,0,0,0,0,0,0,0,1,0,2,0,0,0,0,0,0,0,0,0,0,0,0,0,0,0,0,0,0,0,0,0,24,0,3,0,19,0,19,0,46,0,49,0,21,0,29,0,17,0,0,0,0,0,0,0,0,7,146,0,90,1,34,0,0,0,0,0,0,0,0,0,0,0,0,0,0,0,0,21,73,0,0,0,0,0,41,5,82,0,0,0,0,0,0,0,0,0,0,0,0,0,0,0,0,0,0,0,0,0,0,0,0,0,0,0,0,0,0,0,0,2,28,13,0,0,0,0
0,0,32,0,0,0,75,0,8,124,0,0,0,0,39,0,18,0,0,0,5,0,61,0,74,0,0,0,3,0,0,0,0,0,0,0,0,0,0,0,0,0,0,0,0,0,0,0,37,0,0,0,124,116,0,199,56,37,209,77,25,0,46,45,0,0,8,86,3,0,0,0,0,0,0,0,0,0,0,0,0,0,0,0,0,0,0,0,0,0,11,0,0,0,0,0,44,0,0,0,0,0,0,0,0,0,0,0,0,0,0,0,0,0,0,0,0,0,0,0,0,0,0,0,0,0,0,0,65,0,18,0,27,0,0,0,121,0,18,0,13,0,103,0,0,0,0,0,0,0,0,0,0,0,78,4,6,0,28,0,58,0,28,0,0,0,0,0,71,0,183,0,15,0,0,0,74,26,0,0,0,0,0,0,6,33,0,0,0,0,0,0,0,0,0,0,0,0,0,0,0,0,0,0,0,0,0,0,0,0,113,47,271,228,163,6,51,0,0,8,0,0,0,0,0
0,5,0,21,0,0,0,46,181,37,0,0,0,0,0,55,0,7,0,0,1,10,0,7,19,117,0,0,0,21,0,0,1,0,0,0,0,0,1,19,0,0,0,0,0,0,0,0,0,0,0,3,217,192,199,0,41,148,116,66,0,87,125,108,0,4,88,7,0,0,0,0,0,0,0,0,0,0,0,0,0,0,0,0,0,0,0,0,0,0,0,0,0,0,0,0,0,6,0,0,0,0,0,0,0,0,0,0,0,0,0,0,0,0,0,0,0,0,0,0,0,0,0,0,0,0,0,5,0,19,0,5,0,71,0,97,0,160,0,30,0,17,0,33,0,0,0,0,0,0,0,1,0,0,14,79,0,34,0,8,0,57,0,6,0,34,0,0,0,80,0,207,0,85,0,0,30,31,0,0,0,0,0,0,25,54,0,0,0,0,0,0,0,0,0,0,0,0,0,0,0,22,0,0,0,0,0,0,0,33,0,0,0,0,272,0,0,0,319,27,547,420,30,128,1
0,0,0,0,0,0,9,0,4,0,0,0,0,0,8,0,10,0,0,0,0,0,0,0,24,0,0,0,0,0,0,0,0,0,0,0,0,0,0,0,0,0,0,0,0,0,0,0,93,0,0,0,67,7,56,41,0,48,502,0,9,0,0,0,107,84,107,150,0,0,0,0,0,0,0,0,0,0,0,0,0,0,0,0,0,0,0,0,0,0,0,1,0,0,0,0,0,0,1,0,0,0,0,0,0,0,0,0,0,0,0,0,0,0,0,0,0,0,0,0,0,0,0,0,8,0,0,0,31,0,30,0,13,0,28,0,26,0,15,23,0,0,19,0,0,8,6,0,10,0,0,0,0,0,94,26,14,0,39,0,200,31,0,0,15,0,8,0,146,0,99,0,0,0,0,17,7,0,0,0,0,0,0,0,31,13,0,0,0,0,0,0,0,0,0,0,0,0,0,0,0,0,0,0,0,0,0,0,0,0,363,71,580,638,670,18,184,1,7,0,0,0,0,0,0
0,9,0,9,0,14,0,12,6,8,0,0,0,0,0,0,0,62,0,0,0,49,0,25,0,163,0,0,0,15,0,0,0,0,0,0,0,0,0,0,0,0,0,0,0,0,0,0,0,0,0,0,35,139,37,148,48,0,76,148,0,23,6,21,28,85,81,95,0,1,0,0,0,0,0,0,0,3,0,0,0,7,0,0,0,0,0,0,0,0,0,0,0,0,0,0,0,0,0,0,0,0,0,0,0,0,0,0,0,0,0,0,0,0,0,0,0,1,0,0,0,0,0,0,0,23,0,5,0,9,0,6,0,65,0,0,0,113,1,66,0,41,0,31,0,22,0,0,0,0,0,3,0,0,27,191,0,63,0,46,0,125,0,72,0,0,0,0,0,126,0,280,0,21,0,0,0,0,0,0,0,0,0,0,10,12,0,0,0,0,0,0,0,0,0,0,0,0,0,0,0,0,0,0,0,0,0,0,0,21,6,0,0,0,493,0,0,0,478,27,741,741,77,138,0
0,0,0,0,0,0,0,0,8,0,0,0,0,0,0,0,0,0,0,0,0,0,2,0,6,0,0,0,0,0,0,0,0,0,0,0,0,0,0,0,2,0,0,0,0,0,0,0,74,0,0,0,39,48,209,116,502,76,0,101,100,0,15,0,40,28,9,194,2,0,0,0,0,0,0,0,0,0,0,0,0,0,0,0,0,0,0,0,0,0,0,0,0,0,0,0,0,0,0,0,0,1,0,0,0,0,0,0,0,0,0,0,0,0,0,0,0,0,0,0,0,0,0,0,0,0,0,0,0,0,34,0,0,0,0,0,14,0,4,0,0,0,0,0,0,2,0,0,5,0,0,0,0,0,22,19,47,0,0,0,69,0,0,0,17,0,0,0,62,0,129,0,12,0,0,9,32,0,0,0,0,0,0,0,240,35,0,0,1,0,0,0,0,0,0,0,0,0,0,0,12,0,0,0,0,0,0,0,0,0,434,150,348,597,616,17,125,0,12,6,0,0,0,0,0
0,8,0,0,0,4,0,1,0,16,0,5,0,0,0,0,0,0,0,0,0,0,0,0,0,16,0,7,0,0,0,0,0,0,0,0,0,0,0,0,0,1,0,0,0,0,0,0,0,0,0,0,97,86,77,66,0,148,101,0,0,120,0,46,32,65,91,143,0,0,0,0,0,0,0,0,0,0,0,0,0,6,0,0,0,0,0,0,0,0,0,0,0,0,0,0,0,0,0,0,0,0,0,1,0,0,0,0,0,0,0,0,0,0,0,0,0,1,0,0,0,0,0,0,0,62,0,8,0,1,0,53,0,15,0,0,0,40,3,3,0,0,0,0,0,23,1,11,0,20,0,5,0,2,46,40,5,125,0,11,0,83,0,0,0,0,0,0,0,59,0,0,0,0,0,8,0,0,0,0,6,0,0,0,0,73,0,0,0,0,0,0,0,0,0,0,0,0,0,5,0,0,0,0,0,0,0,14,0,38,0,2,0,0,544,0,0,0,610,53,304,487,70,93,0
62,0,0,0,0,0,159,0,185,0,0,0,0,0,0,0,23,0,0,0,0,0,0,0,34,15,0,0,21,0,1,0,7,0,0,0,0,0,9,0,0,0,0,0,0,0,0,0,8,0,0,0,13,0,25,0,9,0,100,0,0,0,82,4,0,0,20,0,0,0,0,0,3,0,4,0,0,0,0,0,0,0,0,0,0,0,0,0,0,0,0,0,0,0,0,0,0,0,0,0,0,0,0,0,0,0,0,0,0,0,0,0,0,0,0,0,0,0,0,0,7,0,0,0,0,0,0,0,0,0,0,0,0,0,0,0,0,0,99,0,38,0,2,0,134,0,0,0,0,0,0,0,0,0,53,0,166,0,2,0,0,0,12,0,0,0,1,0,13,0,114,0,88,0,0,0,119,0,0,0,0,0,27,0,48,0,0,0,0,0,0,0,0,0,0,0,0,0,0,0,0,0,0,0,0,0,0,0,0,0,27,110,44,41,16,0,8,0,0,0,0,0,0,0,0
0,33,0,0,0,0,0,85,0,248,0,0,0,0,0,0,0,0,0,0,0,7,0,0,0,18,0,0,0,45,0,6,0,9,0,0,0,15,1,16,0,0,0,0,0,0,0,0,0,0,0,0,0,38,0,87,0,23,0,120,0,0,6,61,0,0,0,77,0,0,0,0,0,0,0,1,0,0,0,0,0,0,0,0,0,0,0,0,0,0,0,0,0,0,0,0,0,0,0,0,0,0,0,0,0,0,0,0,0,0,0,0,0,0,0,0,0,0,0,0,0,0,0,0,0,0,0,0,0,0,0,0,0,0,0,0,0,0,0,78,0,96,0,0,0,240,0,0,0,0,0,0,0,0,0,9,0,102,0,12,0,0,0,5,0,2,0,0,0,14,0,140,0,34,0,0,9,80,0,0,0,0,0,56,0,32,0,0,0,0,0,0,0,0,0,0,0,0,0,0,0,0,0,0,0,0,0,0,0,0,0,0,0,0,7,0,0,0,0,187,33,0,1,8,0
30,0,15,0,0,0,133,55,93,169,0,0,0,0,5,0,112,5,4,0,10,0,20,0,54,78,1,0,18,0,9,0,10,0,0,0,4,0,13,0,0,0,0,0,7,0,0,0,0,0,0,0,143,56,46,125,0,6,15,0,82,6,0,68,0,0,10,0,0,1,0,0,0,0,0,0,0,0,0,0,0,0,0,0,21,0,0,0,0,0,0,0,0,0,0,0,0,0,0,0,0,0,0,0,0,0,0,0,0,0,0,0,0,0,0,0,0,0,0,0,0,0,47,0,0,0,0,0,0,0,0,0,0,0,0,0,29,0,84,0,136,0,53,0,14,0,0,0,0,0,0,0,0,0,96,0,22,0,21,0,0,0,0,0,0,0,0,0,8,0,11,3,24,0,0,0,140,25,0,0,0,0,6,0,0,4,0,0,0,0,0,0,0,0,0,0,0,0,0,0,0,0,0,0,0,0,0,0,0,0,5,35,15,17,0,0,3,0,0,0,9,0,0,0,0
11,0,7,0,0,0,47,91,74,261,0,0,0,0,0,14,0,73,0,17,0,99,1,38,67,18,0,0,4,54,0,13,0,12,0,9,0,4,2,30,0,0,0,0,0,0,0,0,0,0,0,5,24,118,45,108,0,21,0,46,4,61,68,0,0,0,0,31,0,0,0,0,0,0,0,0,0,0,0,0,0,0,0,0,0,0,0,0,0,0,0,0,0,0,0,0,0,0,0,0,0,0,0,0,0,0,0,0,0,0,0,0,0,0,0,0,0,0,0,0,0,0,0,0,0,2,0,0,0,33,0,0,0,0,0,0,0,15,0,81,0,26,0,0,0,47,0,0,0,0,0,0,0,0,0,28,0,16,0,15,6,0,0,0,0,0,0,0,0,5,0,40,3,12,0,0,17,153,0,1,0,0,0,44,0,20,0,0,0,0,0,0,0,0,0,0,0,0,0,0,0,0,0,0,0,0,0,0,0,0,0,3,0,0,0,0,0,0,0,56,10,0,0,1,0
0,0,0,0,8,0,2,0,35,0,0,0,0,0,0,0,0,0,0,0,0,0,0,0,0,0,0,0,0,0,0,0,0,0,0,0,0,0,0,0,0,0,0,0,0,0,0,0,0,0,0,0,0,0,0,0,107,28,40,32,0,0,0,0,0,57,78,40,0,0,0,0,9,0,0,1,0,0,0,2,0,0,0,0,1,0,0,0,0,0,0,0,0,0,0,0,0,0,0,0,2,0,0,0,0,0,0,0,0,0,0,0,0,0,0,0,0,0,0,0,0,0,0,0,0,0,0,0,0,0,14,0,0,0,0,0,0,0,10,43,0,8,0,0,29,0,0,0,23,0,0,0,0,0,1,19,0,0,4,17,112,72,0,0,0,0,0,0,0,0,0,0,6,0,38,22,0,0,2,0,81,6,6,0,107,0,0,0,0,0,0,0,0,0,0,0,0,0,0,0,0,0,0,0,0,0,0,0,0,0,32,0,11,0,0,0,0,0,13,0,0,11,0,0,0
0,10,0,0,0,0,0,0,0,49,0,5,0,0,0,0,0,0,0,0,0,0,0,0,0,1,0,0,0,0,0,0,0,0,0,0,1,0,0,0,0,0,1,0,0,0,0,0,0,0,0,0,0,0,0,4,84,85,28,65,0,0,0,0,57,0,23,155,0,0,14,0,3,0,0,62,0,0,0,0,0,47,0,0,0,25,0,46,0,0,0,0,0,0,0,0,0,0,0,0,0,0,0,0,0,0,0,0,0,0,0,0,0,0,0,0,0,0,0,0,0,25,0,14,0,32,1,12,0,0,49,22,0,0,0,0,0,8,23,76,0,38,0,0,0,112,0,55,27,84,0,21,0,11,68,7,0,0,32,7,137,124,0,0,0,0,0,0,0,0,0,0,0,0,0,98,0,0,0,0,34,28,0,0,12,68,0,0,0,0,0,0,0,0,0,0,0,0,0,0,0,0,0,0,0,0,0,0,0,29,0,0,0,0,144,0,1,0,150,5,0,0,18,0,0
3,0,48,0,5,0,22,0,33,0,2,0,3,0,7,0,0,0,0,0,0,0,0,0,0,1,0,0,0,0,0,0,0,0,0,0,0,0,0,0,0,0,0,0,0,0,0,0,0,0,0,0,30,44,8,88,107,81,9,91,20,0,10,0,78,23,0,132,0,0,0,0,0,0,0,0,0,0,0,0,0,0,0,0,0,0,0,0,0,0,0,0,0,0,0,0,0,0,0,0,0,0,0,0,0,0,0,0,0,0,0,0,0,0,0,0,0,0,0,0,0,0,0,0,0,0,0,0,0,0,7,0,0,0,0,0,0,0,0,0,0,0,2,0,0,2,0,0,7,0,0,0,0,0,14,18,26,0,1,4,61,0,0,0,2,0,0,0,6,0,28,0,0,0,0,10,58,2,0,0,0,0,4,0,683,36,0,0,0,0,0,0,0,0,0,0,0,0,0,0,0,0,0,0,0,0,0,0,0,0,117,56,76,158,158,2,19,0,0,0,0,0,0,0,0
0,3,0,0,0,0,0,0,29,173,0,0,0,0,0,0,0,0,0,0,0,0,0,0,0,0,0,0,0,0,0,0,0,0,0,0,0,0,0,0,0,0,0,0,0,0,0,0,0,1,0,0,101,79,86,7,150,95,194,143,0,77,0,31,40,155,132,0,0,0,0,0,0,0,0,0,0,0,0,0,0,0,0,0,0,0,0,0,0,0,0,0,0,0,0,0,0,0,0,0,0,0,0,0,0,0,0,0,0,0,0,0,0,0,0,0,0,0,0,0,0,0,0,0,0,22,0,7,0,0,0,68,0,0,0,3,0,5,0,0,0,0,0,0,0,30,0,10,0,42,0,6,0,3,67,37,5,108,8,0,24,38,0,0,0,0,0,0,0,20,0,56,0,0,0,20,18,0,0,0,0,0,0,0,25,309,0,0,0,0,0,0,0,0,0,0,0,0,0,0,0,0,0,0,0,0,0,0,0,14,0,0,0,0,277,0,0,0,307,66,161,292,39,28,0
0,0,0,0,0,0,0,0,0,0,0,0,0,0,0,0,0,0,0,0,0,0,0,0,0,0,0,0,0,0,5,0,0,0,0,0,0,0,0,0,0,0,0,0,0,0,0,0,28,0,0,0,0,0,3,0,0,0,2,0,0,0,0,0,0,0,0,0,0,0,0,0,12,0,0,0,72,0,10,0,10,2,47,0,0,0,0,0,0,0,0,0,29,0,27,0,0,0,0,1,17,0,92,0,14,0,0,0,41,0,15,0,6,0,24,0,10,0,0,0,0,0,0,0,0,0,0,0,0,0,0,0,0,0,0,0,0,0,0,0,0,0,0,0,0,0,0,0,0,0,4,0,0,0,0,0,0,0,0,0,0,0,8,0,9,0,0,0,328,0,0,0,1,0,4,0,0,0,0,0,0,0,0,0,0,0,0,0,124,0,0,0,58,0,28,0,0,0,51,0,29,0,91,0,0,0,0,0,0,0,77,20,132,5,17,80,59,0,0,0,0,0,0,0,0
0,0,0,0,0,0,0,0,0,0,0,0,0,0,0,0,0,0,0,0,0,0,0,0,0,0,0,0,0,0,0,0,0,0,0,0,0,0,0,0,0,4,0,0,0,25,0,3,0,20,0,0,0,0,0,0,0,1,0,0,0,0,1,0,0,0,0,0,0,0,0,0,0,2,0,0,0,62,0,0,0,0,0,60,0,0,0,17,0,10,0,0,0,40,0,58,0,0,0,0,0,0,0,104,0,0,0,0,0,6,0,34,0,28,0,0,0,8,0,3,0,0,0,0,0,0,0,0,0,0,0,2,0,0,0,0,0,0,0,0,0,0,0,0,0,0,0,0,0,0,0,0,0,0,0,0,0,0,0,0,0,3,0,1,0,36,0,0,0,137,0,0,0,0,0,2,0,0,0,0,0,0,0,1,0,0,0,0,0,0,0,0,0,0,0,0,0,0,0,0,0,0,0,0,0,0,0,0,0,0,0,0,0,0,7,0,0,0,33,16,99,15,18,16,1
0,0,0,0,0,0,0,0,0,0,0,0,9,0,0,0,0,0,0,0,48,0,0,0,0,0,40,0,6,0,34,0,35,0,32,0,114,0,3,0,0,0,49,0,171,0,0,0,0,0,30,0,0,0,0,0,0,0,0,0,0,0,0,0,0,14,0,0,0,0,0,1,226,0,76,0,22,0,195,0,18,0,0,1,2,0,43,0,0,0,0,0,0,0,0,0,0,0,6,0,0,0,0,0,0,0,0,0,0,0,0,0,0,0,0,0,0,0,0,0,37,0,5,0,0,0,0,0,0,0,38,0,0,0,0,0,16,0,3,0,50,0,52,4,27,0,0,0,51,0,10,0,0,0,0,0,2,0,0,0,0,26,97,0,0,0,82,0,12,0,16,0,45,0,28,0,0,0,0,0,0,4,0,0,0,0,0,0,0,0,0,0,0,0,0,0,0,0,0,0,0,0,0,0,0,0,0,0,0,0,11,0,14,0,11,0,0,0,0,0,0,0,0,0,0
0,0,0,0,0,6,0,0,0,0,0,10,0,0,0,0,0,0,0,0,0,0,0,0,0,0,0,0,0,0,0,0,0,0,0,7,0,0,0,0,0,0,0,0,0,10,0,0,0,0,0,0,0,0,0,0,0,0,0,0,0,0,0,0,0,0,0,0,0,0,1,0,0,121,0,175,0,12,0,9,0,0,0,0,0,0,0,106,0,0,0,0,0,0,0,0,0,0,0,0,0,0,0,0,0,0,0,0,0,0,0,0,0,0,0,0,0,0,0,0,0,11,0,10,0,0,0,0,0,15,0,0,0,0,0,0,0,0,0,0,0,21,0,0,0,78,0,0,0,0,0,0,0,0,0,0,0,0,0,0,0,0,0,43,0,1,0,0,0,5,0,15,0,10,0,20,0,8,0,0,0,24,0,0,0,0,0,0,0,0,0,0,0,0,0,0,0,0,0,0,0,1,0,0,0,0,0,0,0,0,0,0,0,0,0,0,0,0,13,21,19,0,0,0,0
0,0,0,0,0,0,0,0,0,0,0,0,0,0,0,0,0,0,0,0,0,0,0,0,0,0,0,0,0,0,0,0,0,0,0,0,15,0,0,0,0,0,0,0,35,0,0,0,0,0,17,0,0,0,0,0,0,0,0,0,3,0,0,0,9,3,0,0,12,0,226,0,0,0,325,0,52,0,146,0,8,0,44,0,1,0,13,2,0,0,0,0,26,0,0,0,0,0,0,0,0,0,12,0,0,0,0,0,2,0,0,0,0,0,0,0,0,0,0,0,35,0,14,0,0,0,0,0,0,0,39,0,0,0,0,0,0,0,0,0,35,0,60,0,13,0,0,0,0,0,25,0,0,0,0,0,6,0,3,0,38,6,153,0,0,0,21,0,21,0,17,0,33,0,21,0,0,0,0,0,0,0,0,0,0,0,0,0,0,0,0,0,0,0,5,0,0,0,86,0,28,0,0,0,0,0,0,0,67,0,143,8,33,9,16,0,0,0,0,0,0,0,0,0,0
0,0,0,0,0,0,0,0,0,0,0,0,0,0,0,0,0,0,0,0,0,0,0,0,0,0,0,0,0,0,0,0,0,0,0,0,0,0,0,0,0,0,0,0,0,0,0,0,0,0,0,0,0,0,0,0,0,0,0,0,0,0,0,0,0,0,0,0,0,2,0,121,0,0,0,307,0,93,0,70,0,42,0,64,0,0,0,124,0,0,0,0,0,3,0,0,0,10,0,6,0,0,0,0,0,0,25,0,0,0,0,0,0,0,0,0,0,0,0,0,0,17,0,33,0,0,0,0,0,7,0,47,8,0,4,0,0,0,0,1,0,13,0,15,0,29,0,0,0,0,0,47,0,32,0,0,0,0,0,0,0,0,0,56,0,0,0,0,0,6,0,6,0,8,0,0,0,0,0,0,13,0,0,0,0,0,0,0,0,132,0,0,0,0,0,6,0,0,0,0,0,72,0,0,0,0,0,0,0,144,0,0,0,0,0,0,0,0,203,14,27,0,0,4,0
0,0,0,0,0,0,0,0,0,0,0,0,0,0,0,0,6,0,0,0,51,0,0,0,0,0,55,0,0,0,43,0,28,0,43,0,112,0,0,0,0,0,60,0,173,0,0,0,0,0,24,0,1,0,0,0,0,0,0,0,4,0,0,0,0,0,0,0,0,0,76,0,325,0,0,0,19,0,190,0,8,5,0,0,16,0,23,0,0,0,0,0,0,0,0,0,0,1,7,0,0,0,0,0,0,0,0,0,0,0,0,0,0,0,0,0,0,0,0,0,54,0,64,0,0,0,0,0,4,11,81,0,0,0,38,0,44,0,3,0,100,0,119,0,66,0,0,0,104,19,0,0,26,13,0,2,0,0,0,0,0,0,68,8,0,0,59,0,3,0,15,0,33,0,70,0,0,0,0,0,91,0,0,0,0,0,0,0,0,0,0,0,0,0,0,0,0,0,73,0,48,0,72,0,24,0,0,0,66,0,4,6,12,0,0,0,0,0,0,0,0,0,0,0,0
0,7,1,0,0,0,0,0,0,0,0,20,0,13,0,0,0,0,0,0,0,0,0,0,0,0,0,0,0,0,0,0,0,0,0,11,0,4,0,0,0,0,0,0,0,0,0,0,0,0,0,45,0,0,0,0,0,0,0,0,0,1,0,0,1,62,0,0,0,0,0,175,0,307,0,0,0,12,0,27,0,13,0,1,0,5,0,94,0,0,0,0,0,0,0,0,0,0,5,0,0,0,0,0,0,0,0,0,0,0,0,0,0,0,0,0,0,0,0,0,0,140,0,60,0,0,0,99,0,0,0,0,0,0,0,0,0,0,0,0,10,64,0,37,0,174,2,0,0,68,0,0,0,48,0,0,0,0,0,0,0,21,0,116,0,0,0,0,0,12,0,37,0,13,0,58,0,16,0,0,0,65,0,0,0,38,0,0,0,0,0,0,0,0,0,0,0,0,0,0,0,0,0,0,0,0,0,0,0,108,0,0,0,0,0,0,0,0,63,33,29,6,0,0,0
0,0,0,0,0,0,0,0,0,0,0,0,0,0,0,0,0,0,0,0,6,0,0,0,0,0,0,0,0,0,0,0,0,0,0,0,0,0,0,0,0,0,3,0,32,0,0,0,12,0,7,0,0,0,0,0,0,0,0,0,0,0,0,0,0,0,0,0,72,0,22,0,52,0,19,0,0,0,23,0,15,0,28,0,0,0,23,0,0,0,0,0,30,0,7,0,0,0,0,0,5,0,65,0,0,0,0,0,16,0,0,0,0,0,4,0,11,0,0,0,0,0,0,0,0,0,0,0,0,0,0,0,0,0,0,0,0,0,0,0,5,0,11,0,4,0,0,0,0,0,0,0,0,1,0,0,0,0,1,0,0,0,4,3,23,0,0,0,32,0,0,0,0,0,0,0,0,0,0,0,0,3,0,0,0,0,0,0,0,0,0,0,0,0,0,0,0,0,0,0,0,0,0,0,0,0,0,0,0,0,37,31,40,0,4,5,10,0,0,0,0,0,0,0,0
0,0,0,0,0,0,0,0,0,0,0,0,0,0,0,0,0,0,0,0,0,0,0,0,0,0,0,0,0,0,0,0,0,0,0,0,0,1,0,0,0,0,0,0,0,22,0,0,0,8,0,0,0,0,0,0,0,3,0,0,0,0,0,0,0,0,0,0,0,62,0,12,0,93,0,12,0,0,0,16,0,115,0,138,0,0,0,146,0,2,0,0,0,17,0,33,0,40,3,0,0,0,0,39,0,0,0,15,0,2,0,0,0,0,0,0,0,12,0,0,0,0,0,6,0,0,0,12,0,0,0,0,0,0,0,0,0,0,0,0,0,0,0,0,0,6,0,0,3,0,0,0,0,0,0,0,0,0,0,0,0,0,0,4,0,0,0,0,0,37,0,0,0,0,0,0,0,0,0,0,0,0,0,0,0,0,0,0,0,190,0,0,0,0,0,88,0,0,0,0,6,66,0,0,0,0,0,0,0,0,0,0,0,0,31,0,1,0,152,0,86,0,0,0,1
0,0,0,0,0,0,0,0,0,0,0,0,0,0,0,0,0,0,0,0,0,0,0,0,0,1,0,0,0,0,0,0,0,0,0,0,27,0,0,0,0,0,0,0,64,0,0,0,10,0,0,0,0,0,0,0,0,0,0,0,0,0,0,0,0,0,0,0,10,0,195,0,146,0,190,0,23,0,0,0,25,0,59,0,26,0,45,0,0,0,0,0,72,0,8,0,31,0,7,0,0,0,25,0,0,0,6,0,8,0,0,0,0,0,0,0,0,0,0,0,96,0,25,0,0,0,0,0,0,0,0,0,0,0,0,0,0,0,0,0,42,2,110,0,24,0,0,0,27,0,0,0,0,0,0,1,0,0,0,0,32,0,61,0,8,0,0,0,54,0,7,0,0,0,0,0,1,0,0,0,0,0,0,0,0,0,0,0,0,0,0,0,0,0,0,0,0,0,172,0,133,0,307,0,95,0,0,0,0,0,139,5,32,0,18,9,14,0,0,0,0,0,0,0,0
0,0,0,0,0,0,0,0,0,0,0,0,0,9,0,0,0,0,0,0,0,0,0,0,0,0,0,0,0,0,0,0,0,0,0,0,0,0,0,0,0,0,0,0,0,0,0,0,0,0,0,25,0,0,0,0,0,0,0,0,0,0,0,0,2,0,0,0,0,0,0,9,0,70,0,27,0,16,0,0,0,3,0,3,0,7,0,38,0,0,0,0,0,0,0,0,0,0,0,0,0,0,0,0,0,0,0,0,0,0,0,0,0,0,0,0,0,0,0,0,0,3,0,14,0,54,4,0,0,0,0,0,0,0,0,55,0,44,0,0,0,16,0,21,0,43,0,0,0,32,0,35,0,0,0,0,0,0,0,0,0,0,0,14,0,0,0,0,0,16,0,0,0,0,0,15,0,0,0,2,0,0,0,0,0,0,0,0,0,0,0,0,0,0,0,0,0,0,0,0,0,13,0,24,0,4,0,86,0,94,0,0,0,0,0,0,0,0,21,10,10,0,0,1,0
