0,55,73,12,36,14,46,10,189,1,341,10,95,0,29,45,29,0,5,2,33,0,45,6,12,25,0,0,160,0,0,0,160,0,0,0,176,1,359,0,4,0,2,0,0,0,0,0,104,0,31,0,0,0,9,0,10,0,27,0,50,0,20,0,41,0,78,0,0,0,0,0,2,0,0,0,0,0,0,0,1,1,0,0,0,0,0,0,0,0,0,1,0,0,0,0,0,0,0,0,0,0,0,0,0,0,0,0,0,0,0,0,0,0,0,0,0,0,0,0,0,0,0,0,45,0,13,0,0,0,17,0,0,0,14,0,0,0,0,0,5,0,0,0,0,0,50,0,59,0,9,0,4,0,1,0,0,0,0,0,12,0,0,0,12,0,69,0,18,0,16,0,239,4,0,0,203,128,95,0,0,0,51,0,29,0,3,0,0,0,0,0,0,0,0,0,0,0,0,0,0,0,0,0,0,0,6,0,14,0,566,43,640,415,554,0,0,0,10,0,10,0,0,0,0
55,0,23,259,5,124,79,69,16,121,1,157,0,73,1,35,0,0,0,99,0,36,7,11,30,67,0,40,0,0,0,0,0,337,0,51,3,468,6,412,0,0,0,0,0,0,0,0,6,8,0,28,1,0,0,10,0,0,0,14,2,110,0,0,0,172,0,122,0,0,0,0,0,0,0,0,0,0,0,0,0,0,0,0,0,0,0,0,0,0,0,0,0,0,0,0,0,0,0,0,0,0,0,0,0,0,0,0,0,0,0,0,0,0,0,0,0,0,0,0,0,0,0,0,0,53,0,15,0,0,0,22,0,0,0,0,0,18,0,0,0,3,0,0,0,0,0,10,0,101,0,43,0,70,0,0,0,0,0,0,0,5,0,6,0,37,0,78,0,32,0,39,17,273,0,11,102,393,0,3,0,45,3,0,0,92,0,2,0,0,0,0,0,0,0,0,0,0,0,0,0,0,0,0,0,0,0,22,0,51,10,3,24,20,599,0,0,0,980,48,809,353,0,38,2
73,23,0,7,250,8,248,0,21,0,59,13,58,0,285,49,143,1,66,2,258,0,414,4,138,9,95,0,237,0,106,0,264,0,0,0,192,0,325,0,0,0,11,0,99,0,68,0,52,0,37,0,19,0,37,0,8,0,26,0,37,0,149,0,0,1,26,0,0,0,0,0,0,0,0,0,0,0,0,0,0,0,0,0,0,0,0,0,0,0,0,0,0,0,0,0,0,0,0,0,0,0,0,0,0,0,0,0,0,0,0,0,0,0,0,0,0,0,0,0,0,0,0,0,22,0,0,0,0,0,0,0,7,0,35,0,59,0,0,0,0,0,0,1,0,0,6,0,0,0,9,0,0,0,0,0,1,0,0,0,0,1,0,0,0,0,103,1,0,0,18,0,208,0,5,0,80,76,7,0,0,0,5,0,0,0,0,0,0,0,0,0,0,0,1,0,0,0,0,0,0,0,0,0,0,0,0,0,9,0,105,8,385,145,180,0,0,0,6,0,8,0,0,0,0
12,259,7,0,3,173,3,130,1,12,0,28,0,0,0,60,0,24,0,84,0,52,0,153,3,110,0,0,0,66,0,18,3,300,0,30,0,100,0,110,0,0,0,0,0,0,0,0,3,0,0,0,0,3,0,25,0,13,0,0,0,0,0,0,0,0,0,1,0,0,0,0,0,0,0,0,0,0,0,0,0,0,0,0,0,4,0,0,0,0,0,0,0,0,0,0,0,0,0,0,0,0,0,0,0,0,0,0,0,0,0,0,0,0,0,0,0,0,0,0,0,0,0,0,0,48,0,25,0,9,0,48,0,0,0,48,0,42,0,0,0,0,0,12,0,0,0,2,0,34,1,6,0,0,0,8,0,0,0,0,0,9,0,0,0,9,4,113,0,11,0,3,0,139,0,3,25,54,0,0,0,7,0,0,0,0,0,0,0,0,0,1,0,0,0,0,0,0,0,0,0,0,0,0,0,0,0,26,0,101,0,0,14,0,44,0,0,0,52,0,195,35,0,0,1
36,5,250,3,0,16,43,0,6,0,83,14,363,9,425,43,0,0,112,70,493,10,67,0,25,0,133,18,0,0,94,0,234,0,102,0,115,0,34,0,63,0,0,0,76,2,67,0,12,0,159,0,0,0,0,0,0,0,7,0,0,0,0,0,0,0,0,0,0,0,0,0,0,0,0,0,0,0,0,0,0,0,0,0,0,0,0,0,0,0,0,0,0,0,0,0,0,0,0,0,0,0,0,0,0,0,0,0,0,0,0,0,0,0,0,0,0,0,0,0,0,0,0,0,0,0,0,0,0,0,0,0,0,0,23,0,23,0,0,0,0,0,0,0,0,0,18,0,0,0,0,0,8,0,0,0,0,0,0,0,4,0,0,0,0,0,169,2,68,0,6,0,78,0,0,0,178,103,223,0,18,1,0,0,14,0,8,0,0,0,0,0,0,0,0,0,0,0,2,0,0,0,0,0,0,0,3,0,7,0,124,25,373,86,87,0,0,1,0,0,3,0,0,0,0
14,124,8,173,16,0,3,30,0,0,16,111,0,191,10,137,0,29,13,469,11,253,9,130,1,65,0,222,0,0,1,100,8,236,3,256,5,96,3,0,0,15,0,56,0,78,0,32,0,9,3,129,0,0,0,0,0,0,0,0,0,2,0,4,0,10,0,1,0,0,0,0,0,0,0,0,0,0,0,0,0,6,0,0,0,7,0,0,0,0,0,0,0,0,0,0,0,0,0,0,0,0,0,0,0,0,0,0,0,0,0,0,0,0,0,0,0,0,0,0,0,0,0,0,0,23,0,14,0,0,0,14,0,0,0,52,0,57,0,0,0,0,0,0,0,0,0,0,0,42,0,28,0,27,0,0,0,0,0,0,0,0,0,0,0,35,0,343,0,72,0,10,0,117,0,0,114,372,0,32,0,49,0,6,0,12,0,0,0,0,0,0,0,0,0,0,0,0,0,0,0,0,0,0,0,0,0,21,0,47,4,1,20,7,148,0,0,0,278,34,553,101,2,0,0
46,79,248,3,43,3,0,33,107,15,34,1,0,0,62,2,36,0,13,0,26,0,60,0,252,28,0,0,16,0,0,0,18,0,0,0,23,0,69,0,0,0,0,0,0,0,27,0,79,0,7,0,674,0,508,0,59,0,71,0,555,0,983,0,20,0,49,2,0,0,0,0,0,0,0,0,0,0,0,0,0,0,0,0,0,0,0,0,0,0,0,0,0,0,0,0,0,0,0,0,0,0,0,0,15,0,0,0,0,0,0,0,0,0,0,0,0,0,0,0,0,0,0,0,37,0,16,0,33,0,45,0,18,0,27,3,52,0,6,0,0,0,48,0,0,0,9,0,0,0,6,0,4,0,21,0,28,0,0,0,52,0,0,0,0,0,12,0,54,0,266,0,272,0,0,0,34,60,9,0,4,1,2,0,0,0,0,0,0,0,0,0,0,0,0,0,0,0,3,0,0,0,0,0,0,0,2,0,17,0,315,23,801,421,606,0,26,3,8,0,8,0,0,0,0
10,69,0,130,0,30,33,0,24,56,0,26,0,0,0,37,0,18,0,15,0,0,0,16,3,182,0,0,0,48,0,0,1,48,0,0,0,105,2,411,0,0,0,0,0,15,0,0,4,7,0,19,0,37,0,403,0,23,0,49,0,284,2,225,0,23,1,33,0,0,0,0,0,0,0,0,0,0,0,0,0,0,0,0,0,5,0,0,0,0,0,0,0,0,0,0,0,0,0,0,0,5,0,0,0,0,0,0,0,0,0,0,0,0,0,0,0,0,0,0,0,5,0,0,0,75,0,0,0,0,0,132,0,15,0,45,0,37,0,0,0,1,0,12,0,0,0,0,0,32,0,0,0,0,0,12,0,0,0,0,0,40,0,10,0,24,0,0,0,17,0,98,0,318,0,0,26,46,0,0,0,0,1,0,0,0,0,0,0,0,0,0,0,0,0,0,0,0,0,0,0,0,0,0,0,3,0,18,0,60,7,0,11,7,436,0,0,0,486,24,888,411,0,119,0
189,16,21,1,6,0,107,24,0,56,62,0,19,0,7,0,0,0,0,0,0,0,0,0,0,16,0,0,0,0,0,0,0,0,0,0,0,0,9,0,6,0,0,0,0,0,8,0,71,0,0,0,350,0,144,0,29,0,150,1,495,0,288,0,274,0,422,5,0,0,0,0,0,0,0,0,0,0,0,0,0,0,0,0,0,0,0,0,0,0,0,0,0,0,0,0,0,0,0,0,0,0,0,1,0,0,0,3,0,0,0,0,0,0,0,0,0,0,0,0,0,0,0,0,70,1,15,0,0,0,60,0,0,0,12,8,0,0,2,0,0,0,8,0,0,0,56,0,147,0,14,0,0,0,0,0,52,0,0,0,48,0,0,0,0,0,0,0,37,0,0,0,41,0,5,0,356,96,25,0,0,0,32,0,183,23,0,0,0,0,0,0,0,0,0,0,0,0,0,0,0,0,0,0,0,0,0,0,14,0,701,56,541,851,856,0,108,0,19,2,11,32,0,3,0
1,121,0,12,0,0,15,56,56,0,0,54,0,0,0,2,0,1,0,6,0,0,0,0,0,22,0,0,0,0,0,0,0,0,0,0,0,0,0,0,0,0,0,0,0,5,0,0,0,2,0,4,3,25,0,95,0,10,0,99,27,99,0,48,0,294,2,367,0,0,0,0,0,0,0,0,0,0,0,0,0,0,0,0,0,0,0,0,0,0,0,0,0,0,0,0,0,0,0,0,0,0,0,0,0,0,0,6,0,0,0,0,0,0,0,0,0,0,0,2,0,0,0,0,0,78,0,30,0,0,0,88,0,4,0,0,0,0,0,3,0,0,0,0,0,0,0,20,0,99,0,22,0,27,0,3,0,0,0,0,0,12,0,0,0,15,0,0,0,13,0,0,7,0,0,0,86,243,0,3,0,0,0,4,0,113,0,1,0,0,0,0,0,0,0,1,0,0,0,0,0,0,0,0,0,0,0,15,1,42,18,3,21,64,831,0,3,0,791,45,579,892,0,175,0
341,1,59,0,83,16,34,0,62,0,0,14,314,0,130,35,2,0,21,14,226,0,9,0,1,0,22,0,0,0,72,0,159,0,0,0,57,0,11,0,34,0,0,0,29,0,28,0,8,0,46,0,0,0,6,0,0,0,4,0,0,0,0,0,22,0,19,0,0,0,0,0,0,0,0,0,0,0,0,0,0,0,0,0,0,0,0,0,0,0,0,0,0,0,0,0,0,0,0,0,0,0,0,0,0,0,5,0,0,0,0,0,0,0,0,0,0,0,0,0,0,0,0,0,30,0,0,0,0,0,0,0,0,0,21,0,6,0,0,0,0,0,9,0,0,0,35,0,51,0,0,0,15,0,0,0,0,0,0,0,0,0,0,0,0,0,98,0,0,0,5,0,61,0,0,0,238,114,243,0,19,0,16,0,38,0,12,0,0,0,0,0,0,0,0,0,2,0,0,0,0,0,0,0,0,0,4,0,20,0,105,25,323,89,77,0,0,0,0,0,0,0,0,0,0
10,157,13,28,14,111,1,26,0,54,14,0,0,448,9,10,0,0,0,119,11,149,6,21,0,5,0,252,0,0,0,33,2,145,4,230,0,93,0,0,0,160,1,39,0,90,2,99,0,36,0,117,0,0,0,4,0,0,0,0,0,7,0,2,0,61,1,0,0,0,0,0,0,0,0,0,0,0,0,0,0,0,0,5,0,0,0,0,0,0,0,0,0,0,0,0,0,0,0,0,0,0,0,0,0,0,0,0,0,0,0,0,0,0,0,0,0,0,0,11,0,0,0,0,0,25,0,0,0,0,0,9,0,0,0,8,0,0,0,0,0,0,0,0,0,0,0,13,0,92,0,130,0,126,0,0,0,0,0,0,0,0,0,0,0,19,0,109,0,50,0,4,1,64,0,26,81,329,0,37,0,221,0,43,0,115,0,9,0,0,0,0,0,0,0,0,0,0,0,0,0,4,0,0,0,0,0,15,0,45,0,0,20,3,212,0,0,0,442,26,548,158,1,0,0
95,0,58,0,363,0,0,0,19,0,314,0,0,59,82,0,0,0,152,96,55,14,19,0,8,0,244,132,0,0,2,0,0,0,125,0,0,0,0,0,312,56,203,0,87,12,367,35,13,0,478,0,0,0,0,0,0,0,0,0,0,0,0,0,24,0,0,0,0,0,0,0,0,0,0,0,0,0,0,0,0,0,0,0,0,0,0,0,0,0,0,0,0,0,0,0,0,0,0,0,0,0,0,0,20,0,0,0,0,0,0,0,0,0,0,0,0,0,0,0,0,0,0,0,30,0,11,0,0,0,0,0,0,0,39,0,33,0,0,0,0,0,37,0,0,0,35,0,96,0,0,0,41,0,0,0,0,0,0,0,0,0,0,0,62,0,0,0,0,0,0,0,0,0,0,0,141,84,70,0,51,0,26,0,44,0,57,3,0,0,0,0,0,0,0,0,0,0,0,0,25,0,0,0,0,0,0,0,21,0,0,42,311,27,0,0,0,0,0,0,0,0,0,0,0
0,73,0,0,9,191,0,0,0,0,0,448,59,0,9,0,0,0,125,129,18,93,0,0,0,0,93,514,0,0,0,0,0,0,0,151,0,11,0,0,21,196,0,240,0,120,0,514,0,110,20,560,0,0,0,0,0,0,0,0,0,0,0,0,0,5,0,0,0,0,0,0,0,0,0,0,0,0,0,0,0,0,0,0,0,0,0,0,0,0,0,0,0,0,0,0,0,0,0,0,0,0,0,0,0,0,0,0,0,0,0,0,0,0,0,0,0,0,0,0,0,0,0,0,0,0,0,0,0,0,0,3,0,0,0,0,0,0,0,0,0,0,0,0,0,0,0,0,0,9,0,0,0,0,0,0,0,0,0,0,0,0,0,0,0,96,0,0,0,58,0,0,0,0,0,9,62,183,0,40,0,36,0,6,0,0,10,66,0,0,0,0,0,0,0,0,0,0,0,0,0,0,0,0,0,0,0,0,0,0,0,0,0,0,0,0,0,0,19,106,380,0,0,0,0
29,1,285,0,425,10,62,0,7,0,130,9,82,9,0,10,23,0,127,91,233,8,258,0,50,0,236,0,0,0,63,0,46,0,109,0,65,0,0,0,13,0,0,1,87,0,29,1,3,0,74,0,0,0,22,0,0,0,0,0,0,0,5,0,0,0,0,0,0,0,0,0,0,0,0,0,0,0,0,0,0,0,3,0,0,0,0,0,0,0,0,0,0,0,0,0,0,0,0,0,0,0,0,0,20,0,0,0,0,0,0,0,0,0,0,0,0,0,0,0,0,0,4,0,30,1,0,0,0,0,14,0,10,0,60,0,102,0,0,0,0,0,47,0,0,1,46,0,66,0,0,0,33,0,0,0,0,0,0,0,12,0,0,0,17,0,66,0,25,0,1,0,12,0,20,0,162,65,118,0,41,0,0,0,29,0,0,0,0,0,0,0,0,0,0,0,0,0,0,0,0,0,0,0,0,0,0,0,27,0,21,8,102,20,21,0,0,0,1,0,0,0,0,0,0
45,35,49,60,43,137,2,37,0,2,35,10,0,0,10,0,1,22,1,311,22,386,29,204,9,140,0,62,0,31,4,57,14,144,4,84,16,59,6,0,0,0,0,33,2,56,0,0,3,10,1,39,1,8,0,40,0,0,0,0,0,3,0,21,1,0,0,0,0,0,0,0,0,2,0,0,0,0,0,0,0,6,0,0,0,24,0,3,0,0,0,14,0,0,0,8,0,0,0,0,0,19,0,0,0,0,0,0,0,0,0,0,0,0,0,0,0,0,0,0,0,0,0,0,0,37,0,18,0,0,0,23,0,0,0,112,0,115,0,13,0,0,0,54,0,0,0,0,0,8,0,0,0,6,0,40,0,0,0,0,0,0,1,0,4,0,14,143,4,7,2,0,14,26,0,0,280,520,5,8,0,20,0,2,1,0,0,0,0,0,0,0,0,0,0,0,0,0,0,0,0,8,0,0,0,0,0,13,0,50,23,0,85,16,26,0,0,0,30,2,91,12,0,0,0
29,0,143,0,0,0,36,0,0,0,2,0,0,0,23,1,0,0,69,0,321,0,133,0,368,0,154,0,315,0,150,0,116,0,71,0,130,0,145,0,0,0,0,0,198,0,22,0,0,0,87,0,66,0,22,0,13,0,11,0,37,0,392,0,0,0,0,0,0,0,40,0,0,0,54,0,0,0,0,0,50,0,0,0,182,0,123,0,0,0,34,0,0,0,118,0,153,0,144,0,142,0,0,0,108,0,231,0,0,0,0,0,0,0,0,0,0,0,0,0,68,0,128,0,0,0,0,0,0,0,5,0,0,0,0,0,132,0,92,0,188,0,311,0,14,0,0,0,0,0,0,0,0,0,14,0,6,0,41,0,0,0,0,0,0,0,13,0,0,0,0,0,45,0,0,0,6,0,0,0,0,0,0,0,0,0,0,0,0,0,0,0,0,0,0,0,0,0,0,0,0,0,0,0,0,0,0,0,5,0,0,0,74,0,4,0,0,0,0,0,0,0,0,0,0
0,0,1,24,0,29,0,18,0,1,0,0,0,0,0,22,0,0,0,8,0,198,0,165,0,311,0,0,0,501,0,35,0,223,0,29,0,29,0,325,0,0,0,0,0,0,0,0,0,0,0,0,0,105,0,27,0,42,0,0,0,34,0,405,0,0,0,0,0,0,0,0,0,3,0,0,0,0,0,0,0,66,0,0,0,116,0,21,0,18,0,58,0,0,0,51,0,0,0,50,0,39,0,0,0,0,0,0,0,0,0,0,0,0,0,0,0,0,0,0,0,12,0,4,0,0,0,0,0,0,0,44,0,80,0,159,0,152,0,93,0,58,0,189,0,1,0,0,0,0,0,0,0,0,0,86,0,0,0,0,0,41,0,0,0,0,0,16,0,0,0,0,0,44,0,0,0,0,0,0,0,0,0,0,0,0,0,0,0,0,0,0,0,0,0,0,0,0,0,0,0,0,0,0,0,0,0,0,0,0,0,0,0,0,0,0,0,0,0,0,22,0,0,0,0
5,0,66,0,112,13,13,0,0,0,21,0,152,125,127,1,69,0,0,243,167,34,168,0,23,0,324,182,1,0,0,0,0,0,130,4,14,0,0,0,27,34,53,7,107,15,37,20,0,0,192,11,0,0,19,0,0,0,0,0,0,0,0,0,0,0,0,0,0,0,0,0,0,0,0,0,0,0,0,0,0,0,0,0,0,0,0,0,0,0,0,0,0,0,0,0,0,0,0,0,0,0,0,0,0,0,0,0,0,0,0,0,0,0,0,0,0,0,0,0,0,0,0,0,4,0,0,0,0,0,0,0,0,0,0,0,0,0,0,0,0,0,0,0,0,0,12,0,0,0,0,0,0,0,0,0,0,0,0,0,0,0,0,0,30,0,15,0,42,0,0,0,0,0,0,0,141,128,21,0,19,0,10,0,0,0,31,0,0,0,0,0,0,0,0,0,0,0,0,0,0,0,0,0,0,0,0,0,0,0,13,9,113,16,12,0,0,1,0,0,4,0,0,0,0
2,99,2,84,70,469,0,15,0,6,14,119,96,129,91,311,0,8,243,0,41,255,0,97,0,28,44,321,0,0,6,10,0,0,20,231,6,0,0,0,6,4,0,168,17,72,0,49,2,20,18,268,0,0,0,0,0,0,0,0,0,0,0,9,0,0,0,0,0,0,0,0,0,0,0,0,0,0,0,0,0,0,0,0,0,19,0,0,0,0,0,0,0,0,1,0,0,0,0,6,0,0,0,0,0,0,0,0,0,0,0,0,0,0,0,0,0,0,0,0,0,0,0,0,0,18,0,0,0,0,0,0,0,0,0,0,0,60,0,0,0,0,0,0,0,0,0,0,0,38,0,43,0,35,0,0,0,0,0,0,0,0,1,0,0,70,0,37,0,49,0,0,0,12,0,0,177,291,1,64,0,49,0,10,1,30,0,31,0,0,0,0,0,0,0,6,0,0,0,0,0,0,0,0,0,0,0,0,0,0,0,0,18,0,0,0,0,0,0,18,216,23,1,0,0
33,0,258,0,493,11,26,0,0,0,226,11,55,18,233,22,321,0,167,41,0,0,301,0,84,0,232,47,31,0,59,0,52,0,114,0,48,0,0,0,0,16,40,0,171,0,0,0,0,0,187,0,0,0,14,0,0,0,0,0,0,0,51,0,0,0,0,0,0,0,0,0,0,0,0,0,0,0,0,0,22,0,0,0,31,0,45,0,0,0,0,0,0,0,0,0,32,0,0,0,0,0,17,0,17,0,0,0,0,0,0,0,0,0,0,0,0,0,0,0,0,0,0,0,4,0,0,0,0,0,0,0,0,0,26,0,0,0,0,0,0,0,0,0,9,0,0,0,0,0,0,0,0,0,8,0,0,0,0,0,11,0,0,0,42,0,53,0,0,0,0,0,13,0,0,0,199,56,203,0,0,2,17,0,0,0,5,2,0,0,0,0,0,0,0,0,0,0,0,0,0,0,0,0,0,0,0,0,10,0,16,6,94,18,11,0,0,0,0,0,0,0,0,0,0
0,36,0,52,10,253,0,0,0,0,0,149,14,93,8,386,0,198,34,255,0,0,0,544,0,110,5,135,0,64,0,51,0,146,0,205,0,33,0,10,0,0,0,198,0,79,0,15,0,0,0,97,0,0,0,0,0,0,0,17,0,0,0,90,0,0,0,0,0,0,0,0,0,0,0,0,0,0,0,4,0,0,0,0,0,110,0,0,0,0,0,0,0,0,0,0,0,0,0,0,0,33,0,0,0,0,0,0,0,0,0,0,0,0,0,0,0,0,0,0,0,17,0,0,0,0,0,0,0,0,0,0,0,0,0,0,0,221,0,130,0,100,0,252,0,33,0,0,0,0,0,0,0,0,0,0,0,0,0,0,0,0,0,0,0,25,0,69,0,45,0,0,0,0,0,0,32,55,1,11,0,24,0,0,0,0,0,6,0,0,0,0,0,0,0,0,0,0,0,0,0,0,0,0,0,0,0,0,0,0,0,0,0,0,8,0,0,0,0,4,74,9,3,0,0
45,7,414,0,67,9,60,0,0,0,9,6,19,0,258,29,133,0,168,0,301,0,0,2,286,0,209,0,73,0,91,0,93,1,0,0,57,0,33,0,0,0,0,0,158,0,115,0,5,0,37,0,0,0,24,0,0,0,0,0,0,0,31,0,0,0,0,0,0,0,0,0,0,0,0,0,0,0,0,0,0,0,0,0,15,0,0,0,0,0,0,0,0,0,0,0,0,0,0,0,0,0,0,0,0,0,0,0,0,0,0,0,0,0,0,0,0,0,0,0,0,0,4,0,0,0,0,0,0,0,0,0,0,0,32,0,70,0,0,0,0,0,0,0,1,0,1,0,0,0,0,0,0,0,3,0,0,0,0,0,0,0,3,0,0,0,25,1,0,0,3,0,21,2,0,0,47,24,0,0,0,2,4,0,0,0,0,0,0,0,0,0,0,0,0,0,0,0,0,0,0,0,0,0,0,0,0,0,6,0,0,0,55,0,6,0,0,0,6,0,5,0,0,0,0
6,11,4,153,0,130,0,16,0,0,0,21,0,0,0,204,0,165,0,97,0,544,2,0,0,159,0,0,0,123,0,81,1,185,0,82,0,33,2,39,0,0,0,0,0,16,0,0,0,0,0,0,0,16,0,24,0,0,0,0,0,7,0,125,0,0,0,0,0,0,0,0,0,0,0,0,0,0,0,0,0,40,0,12,0,63,0,13,0,7,0,30,0,0,0,31,0,0,0,25,0,13,0,0,0,0,0,6,0,0,0,0,0,0,0,0,0,0,0,0,0,10,0,0,0,0,0,0,0,0,0,0,0,0,0,92,0,71,0,21,0,16,0,94,0,1,0,0,0,0,0,0,0,0,0,0,0,0,0,0,0,0,0,0,2,4,0,60,0,0,0,1,1,34,0,0,13,21,0,0,0,0,0,0,0,0,0,0,0,0,0,0,0,0,0,0,0,0,0,0,0,0,0,0,0,0,0,0,0,0,2,0,6,3,0,0,0,0,0,0,24,0,0,0,0
12,30,138,3,25,1,252,3,0,0,1,0,8,0,50,9,368,0,23,0,84,0,286,0,0,4,0,0,121,0,45,0,30,2,0,0,43,0,100,0,0,0,6,0,0,0,0,0,10,0,26,0,143,0,295,0,0,0,19,0,58,0,524,1,0,0,0,0,0,0,0,0,0,0,0,0,0,0,0,0,16,0,0,0,101,0,0,0,0,0,53,0,0,0,0,0,95,0,0,0,0,0,0,0,135,0,184,0,0,0,0,0,0,0,0,0,0,0,1,0,0,0,0,0,27,0,48,0,90,0,38,0,0,0,193,0,460,0,73,0,73,0,425,0,1,0,10,0,4,0,19,0,0,0,46,0,8,0,56,0,74,0,0,0,0,0,9,0,0,0,15,0,77,0,0,0,24,30,0,0,0,0,0,0,0,0,1,0,0,0,0,0,0,0,0,0,0,0,0,0,0,0,0,0,0,0,0,0,82,0,0,4,122,0,0,0,0,0,2,0,5,2,0,0,0
25,67,9,110,0,65,28,182,16,22,0,5,0,0,0,140,0,311,0,28,0,110,0,159,4,0,0,0,0,210,0,16,0,127,0,0,0,91,0,361,0,0,0,0,0,11,0,0,3,0,0,0,0,106,0,205,0,74,0,23,10,178,1,445,0,0,1,0,0,0,0,0,0,0,0,0,0,0,0,0,0,0,0,0,0,38,0,0,0,0,0,0,0,0,0,0,0,47,0,10,0,0,0,0,0,0,0,0,0,0,0,0,0,0,0,0,0,0,0,0,0,0,0,0,0,91,0,44,0,48,0,93,0,0,0,188,1,215,0,38,0,0,0,90,0,0,0,0,1,0,0,4,0,0,0,142,0,3,0,50,0,66,0,7,0,15,0,44,0,9,2,42,14,172,0,0,34,58,0,0,0,0,1,0,0,0,0,0,0,0,0,0,0,0,0,0,0,0,0,0,0,0,0,0,0,0,0,22,0,140,20,3,27,17,68,0,0,0,57,0,249,74,0,14,0
0,0,95,0,133,0,0,0,0,0,22,0,244,93,236,0,154,0,324,44,232,5,209,0,0,0,0,223,17,0,7,0,0,0,16,0,49,0,0,0,20,142,302,6,231,56,142,100,12,0,277,0,0,0,31,0,0,0,0,0,0,0,0,0,0,0,0,0,6,0,0,0,0,0,0,0,0,0,0,0,0,0,0,0,0,0,0,0,0,0,0,0,0,0,0,0,0,0,0,0,0,0,0,0,0,0,0,0,0,0,0,0,0,0,0,0,0,0,0,0,0,0,0,0,0,0,0,0,0,0,0,0,0,0,0,0,0,0,0,0,0,0,0,0,0,0,0,0,0,0,0,0,0,0,0,0,0,0,0,0,0,0,0,0,118,0,5,0,0,0,0,0,0,0,0,0,35,79,44,0,28,0,0,0,0,0,121,0,0,0,0,0,0,0,0,0,0,0,0,0,0,0,0,0,0,0,0,0,0,0,0,50,240,4,0,0,0,3,0,0,0,0,0,0,0
0,40,0,0,18,222,0,0,0,0,0,252,132,514,0,62,0,0,182,321,47,135,0,0,0,0,223,0,0,0,0,11,0,3,0,56,0,9,0,0,101,63,18,317,7,294,17,235,1,52,33,286,0,0,0,0,0,0,0,0,0,0,0,5,0,0,0,2,0,0,0,0,0,0,0,0,0,0,0,0,0,0,0,0,0,0,0,0,0,0,0,0,0,0,0,0,0,0,0,0,0,0,0,0,0,0,0,0,0,0,0,0,0,0,0,0,0,0,0,0,0,0,0,0,0,0,0,0,0,0,0,0,0,0,0,0,0,0,0,0,0,0,0,0,0,0,0,0,0,0,0,0,0,0,0,0,0,0,0,0,0,0,0,0,0,107,0,11,0,85,0,0,0,4,0,0,36,140,0,16,0,0,0,0,0,8,31,53,0,0,0,0,0,0,0,0,0,14,0,0,0,0,0,0,0,0,0,0,0,0,0,0,0,0,0,0,0,0,0,103,352,0,1,2,4
160,0,237,0,0,0,16,0,0,0,0,0,0,0,0,0,315,0,1,0,31,0,73,0,121,0,17,0,0,0,24,0,64,0,66,0,106,0,63,0,0,0,8,0,0,0,0,0,0,0,27,0,0,0,11,0,0,0,0,0,19,0,50,0,0,0,0,0,0,0,24,0,0,0,20,0,0,0,0,0,17,0,0,0,0,0,48,0,0,0,0,0,0,0,37,0,40,0,47,0,0,0,19,0,24,0,54,0,0,0,0,0,0,0,0,0,0,0,0,0,41,0,30,0,0,0,0,0,0,0,0,0,0,0,0,0,0,0,57,0,88,0,51,0,23,0,0,0,0,0,0,0,0,0,6,0,0,0,10,0,0,0,0,0,0,0,0,0,0,0,0,0,0,0,0,0,16,0,0,0,0,0,5,0,0,0,0,0,0,0,0,0,0,0,0,0,0,0,0,0,0,0,0,0,0,0,0,0,0,0,0,0,10,0,1,0,0,0,0,0,0,0,0,0,0
0,0,0,66,0,0,0,48,0,0,0,0,0,0,0,31,0,501,0,0,0,64,0,123,0,210,0,0,0,0,0,25,0,96,0,133,0,81,0,37,0,1,0,27,0,0,0,0,0,2,0,21,0,8,0,12,0,0,0,0,0,18,0,39,0,0,0,0,0,0,0,3,0,2,0,0,0,0,0,0,0,20,0,0,0,0,0,0,0,0,0,0,0,0,0,0,0,0,0,0,0,10,0,0,0,0,0,0,0,0,0,0,0,0,0,0,0,0,0,0,0,0,0,0,0,0,0,0,0,84,0,39,0,43,0,60,0,158,0,213,0,86,0,108,0,25,0,0,0,0,0,0,0,0,0,17,0,5,0,50,0,14,0,0,0,0,0,3,0,0,0,0,0,0,0,0,0,0,0,0,0,0,0,0,0,0,0,0,0,0,0,0,0,0,0,0,0,0,0,0,0,0,0,0,0,0,0,0,0,28,0,0,0,0,0,0,0,0,0,0,0,0,0,0,0
0,0,106,0,94,1,0,0,0,0,72,0,2,0,63,4,150,0,0,6,59,0,91,0,45,0,7,0,24,0,0,0,10,0,37,0,53,0,2,0,0,0,32,0,22,0,0,0,0,0,40,0,0,0,6,0,0,0,0,0,0,0,14,0,0,0,0,0,0,0,0,0,0,0,4,0,0,0,0,0,0,0,0,0,0,0,0,0,0,0,0,0,0,0,0,0,0,0,0,0,0,0,0,0,0,0,0,0,0,0,0,0,0,0,0,0,0,0,0,0,0,0,0,0,0,0,0,0,0,0,0,0,0,0,0,0,0,0,0,0,0,0,0,0,0,0,0,0,0,0,0,0,0,0,0,0,0,0,0,0,0,0,0,0,5,0,27,0,9,0,0,0,0,0,0,0,33,9,45,0,0,0,10,0,0,0,0,0,0,0,0,0,0,0,0,0,0,0,0,0,0,0,0,0,0,0,0,0,0,0,7,0,21,0,0,0,0,0,0,0,0,0,0,0,0
0,0,0,18,0,100,0,0,0,0,0,33,0,0,0,57,0,35,0,10,0,51,0,81,0,16,0,11,0,25,0,0,0,7,0,66,0,7,0,3,0,0,0,37,0,0,0,0,0,0,0,5,0,0,0,0,0,0,0,0,0,0,0,9,0,0,0,0,0,0,0,0,0,0,0,0,0,0,0,0,0,13,0,0,0,0,0,0,0,0,0,0,0,0,0,0,0,0,0,0,0,0,0,0,0,0,0,0,0,0,0,0,0,0,0,0,0,0,0,0,0,2,0,0,0,0,0,0,0,0,0,0,0,0,0,0,0,0,0,0,0,11,0,0,0,0,0,3,0,2,0,0,0,3,0,0,0,0,0,5,0,0,0,0,0,2,0,11,0,0,0,0,0,0,0,0,0,6,0,4,0,11,0,0,0,0,0,0,0,0,0,0,0,0,0,0,0,0,0,0,0,0,0,0,0,0,0,0,0,0,0,0,0,0,0,0,0,0,0,0,12,0,0,0,0
160,0,264,3,234,8,18,1,0,0,159,2,0,0,46,14,116,0,0,0,52,0,93,1,30,0,0,0,64,0,10,0,0,0,20,1,319,0,3,0,0,0,7,0,31,0,0,0,0,0,32,0,0,0,0,0,0,0,0,0,9,0,14,0,0,0,0,0,0,0,0,0,0,0,4,0,0,0,0,0,0,0,0,0,0,0,13,0,0,0,0,0,0,0,0,0,0,0,0,0,6,0,0,0,0,0,0,0,0,0,0,0,0,0,0,0,0,0,0,0,8,0,0,0,0,0,0,0,0,0,0,0,0,0,0,0,0,0,27,0,0,0,0,0,22,0,0,0,0,0,0,0,0,0,5,0,7,0,0,0,3,0,0,0,4,0,29,0,0,0,5,0,6,0,0,0,114,21,58,0,0,1,27,0,0,0,0,0,0,0,0,0,0,0,0,0,0,0,0,0,0,0,0,0,0,0,0,0,0,0,7,0,37,4,0,0,0,0,0,0,0,1,0,0,0
0,337,0,300,0,236,0,48,0,0,0,145,0,0,0,144,0,223,0,0,0,146,1,185,2,127,0,3,0,96,0,7,0,0,0,113,0,272,0,12,0,0,0,18,0,12,0,0,0,0,0,9,0,7,0,0,0,0,0,0,0,16,0,55,0,0,0,0,0,0,0,4,0,0,0,0,0,0,0,0,0,0,0,0,0,0,0,0,0,0,0,0,0,0,0,0,0,0,0,22,0,15,0,0,0,0,0,0,0,0,0,0,0,0,0,0,0,0,0,0,0,4,0,0,0,0,0,0,0,0,0,0,0,0,0,0,0,145,0,107,0,48,0,126,0,60,0,7,0,29,0,13,0,11,0,17,0,23,0,30,0,0,0,0,0,0,0,162,0,0,0,0,0,5,0,0,0,24,0,4,0,0,0,0,0,11,0,0,0,0,0,0,0,0,0,0,0,0,0,0,0,0,0,0,0,0,0,0,0,0,0,0,0,1,0,0,0,0,4,0,12,0,0,0,0
0,0,0,0,102,3,0,0,0,0,0,4,125,0,109,4,71,0,130,20,114,0,0,0,0,0,16,0,66,0,37,0,20,0,0,0,160,0,0,0,0,0,24,0,6,1,2,0,0,0,176,0,0,0,0,0,0,0,0,0,0,0,19,0,0,0,0,0,0,0,0,0,0,0,0,0,0,0,0,0,0,0,0,0,0,0,0,0,0,0,0,0,0,0,0,0,0,0,0,0,0,0,0,0,0,0,0,0,0,0,0,0,0,0,0,0,0,0,0,0,0,0,0,0,0,0,0,0,0,0,0,0,0,0,0,0,0,0,0,0,0,0,0,0,7,0,0,0,0,0,0,0,0,0,1,0,0,0,0,0,0,0,0,0,65,0,26,0,54,0,0,0,0,0,0,0,87,0,89,0,0,0,0,0,12,0,6,0,0,0,0,0,0,0,0,0,0,0,0,0,0,0,0,0,0,0,0,0,0,0,4,0,100,0,0,0,0,0,0,0,0,0,0,0,0
0,51,0,30,0,256,0,0,0,0,0,230,0,151,0,84,0,29,4,231,0,205,0,82,0,0,0,56,0,133,0,66,1,113,0,0,0,261,0,0,0,0,0,84,0,12,0,0,0,0,0,64,0,0,0,0,0,0,0,0,0,5,0,35,0,11,0,0,0,0,0,0,0,0,0,0,0,0,0,0,0,75,0,0,0,0,0,0,0,0,0,14,0,0,0,35,0,0,0,0,0,0,0,0,0,0,0,0,0,0,0,0,0,3,0,0,0,0,0,0,0,0,0,0,0,0,0,0,0,0,0,0,0,0,0,0,0,141,0,101,0,100,0,212,0,0,0,0,0,0,0,0,0,0,0,0,0,0,0,0,0,0,0,0,0,17,0,137,0,0,0,2,0,10,0,0,0,51,0,16,0,0,0,0,0,0,0,0,0,0,0,0,0,0,0,0,0,0,0,0,0,0,0,0,0,0,0,0,0,0,0,0,0,0,5,0,0,0,10,0,60,7,0,0,0
176,3,192,0,115,5,23,0,0,0,57,0,0,0,65,16,130,0,14,6,48,0,57,0,43,0,49,0,106,0,53,0,319,0,160,0,0,0,461,0,0,0,32,0,102,0,0,0,0,0,272,0,0,0,0,0,33,0,11,0,32,0,36,0,0,0,0,0,0,0,115,0,0,0,57,0,0,0,0,0,45,0,85,0,58,0,127,0,62,0,0,0,0,0,99,0,34,0,95,0,85,0,0,0,18,0,0,0,0,0,0,0,0,0,0,0,0,0,0,0,73,0,0,0,0,0,0,0,0,0,0,0,0,0,0,0,0,0,147,0,142,0,45,0,180,0,0,0,6,0,0,0,0,0,17,0,35,0,35,0,69,0,24,0,29,0,34,0,73,0,22,0,45,0,0,0,97,19,39,0,0,0,18,0,0,0,0,0,0,0,0,0,0,0,0,0,0,0,0,0,0,0,0,0,0,0,0,0,0,0,8,0,69,0,0,0,0,0,0,0,4,0,0,0,0
1,468,0,100,0,96,0,105,0,0,0,93,0,11,0,59,0,29,0,0,0,33,0,33,0,91,0,9,0,81,0,7,0,272,0,261,0,0,0,25,0,2,0,91,0,51,0,0,0,1,0,121,0,0,0,16,0,0,0,0,0,52,0,27,0,0,0,0,0,0,0,21,0,0,0,7,0,0,0,0,0,61,0,0,0,60,0,24,0,0,0,0,0,0,0,0,0,0,0,21,0,0,0,0,0,0,0,0,0,0,0,0,0,0,0,0,0,0,0,0,0,0,0,0,0,0,0,0,0,0,0,0,0,0,0,31,0,199,0,228,0,181,0,223,0,238,0,0,0,11,0,0,0,0,0,28,0,97,0,39,0,0,0,0,0,16,0,76,0,21,0,10,0,52,0,0,12,41,0,17,0,0,0,0,0,6,0,2,0,0,0,0,0,0,0,0,0,0,0,0,0,0,0,0,0,0,0,0,0,0,1,0,2,0,0,0,0,0,4,0,39,0,0,0,0
359,6,325,0,34,3,69,2,9,0,11,0,0,0,0,6,145,0,0,0,0,0,33,2,100,0,0,0,63,0,2,0,3,0,0,0,461,0,0,0,0,0,0,0,8,0,0,0,0,0,0,0,0,0,0,0,0,0,0,0,20,0,40,0,0,1,0,1,0,0,17,0,0,0,0,0,0,0,0,0,0,0,0,0,0,0,0,0,0,0,4,0,0,0,0,0,18,0,0,0,33,0,0,0,0,0,0,0,0,0,0,0,0,0,0,0,0,0,0,0,0,0,39,0,0,0,0,0,0,0,0,0,0,0,0,0,0,0,81,0,90,0,25,0,59,0,0,0,0,0,0,0,0,0,0,0,13,0,0,0,19,0,5,0,0,0,79,0,0,0,5,1,80,0,0,0,59,0,0,0,0,0,23,0,0,0,0,0,0,0,0,0,0,0,0,0,0,0,0,0,0,0,0,0,0,0,0,0,0,0,8,1,0,0,2,0,0,0,0,0,0,0,0,0,0
0,412,0,110,0,0,0,411,0,0,0,0,0,0,0,0,0,325,0,0,0,10,0,39,0,361,0,0,0,37,0,3,0,12,0,0,0,25,0,0,0,0,0,2,0,0,0,0,0,0,0,2,0,6,0,11,0,0,0,0,0,20,0,30,0,0,0,0,0,0,0,0,0,0,0,2,0,0,0,0,0,0,0,0,0,10,0,0,0,0,0,0,0,0,0,0,0,0,0,0,0,6,0,0,0,0,0,0,0,0,0,0,0,0,0,0,0,0,0,0,0,0,0,0,0,0,0,0,0,0,0,0,0,0,0,0,0,0,0,48,0,11,0,32,0,6,0,0,0,0,0,0,0,0,0,7,0,12,0,22,0,0,0,0,0,0,0,0,0,0,0,3,0,28,0,0,0,23,0,0,0,0,0,4,0,0,0,0,0,0,0,0,0,0,0,0,0,0,0,0,0,0,0,0,0,0,0,0,0,0,0,0,0,1,0,0,0,0,0,0,0,0,0,0,0
4,0,0,0,63,0,0,0,6,0,34,0,312,21,13,0,0,0,27,6,0,0,0,0,0,0,20,101,0,0,0,0,0,0,0,0,0,0,0,0,0,158,81,0,86,86,281,175,95,21,54,0,0,0,0,0,0,0,0,0,0,0,0,0,0,0,0,0,0,0,0,0,0,0,0,0,0,0,0,0,0,0,0,0,0,0,0,0,0,0,0,0,0,0,0,0,0,0,0,0,4,0,0,0,0,0,0,0,0,0,0,0,0,0,0,0,0,0,2,0,0,0,0,0,0,0,0,0,0,0,0,0,0,0,8,0,0,0,0,0,0,0,0,0,0,0,0,0,0,0,0,0,0,0,0,0,0,0,0,0,0,0,0,0,0,0,0,0,0,1,0,0,0,0,0,0,32,60,125,0,58,0,27,0,17,0,236,1,0,0,0,0,0,0,0,0,0,0,0,0,0,0,0,0,0,0,0,0,0,0,0,37,95,3,0,0,0,10,0,0,0,0,0,0,0
0,0,0,0,0,15,0,0,0,0,0,160,56,196,0,0,0,0,34,4,16,0,0,0,0,0,142,63,0,1,0,0,0,0,0,0,0,2,0,0,158,0,17,40,26,53,41,220,3,136,27,35,0,0,0,0,0,0,0,0,0,0,0,0,0,0,0,0,0,0,0,0,0,0,0,0,0,0,0,0,0,0,0,0,0,0,0,0,0,4,0,0,0,0,0,0,0,0,0,0,0,0,0,6,0,0,0,0,0,0,0,0,0,0,0,0,0,0,0,0,0,0,0,0,0,0,0,0,0,0,0,0,0,0,0,0,0,0,0,0,0,0,0,0,0,0,0,0,0,0,0,0,0,0,0,0,0,0,0,0,0,0,0,0,0,0,0,0,0,0,0,0,0,1,0,9,0,169,0,28,0,26,0,4,1,0,97,22,0,0,0,0,0,0,0,0,0,0,0,0,0,0,0,0,0,0,0,0,0,0,0,1,0,0,0,0,0,0,0,63,52,0,0,0,23
2,0,11,0,0,0,0,0,0,0,0,1,203,0,0,0,0,0,53,0,40,0,0,0,6,0,302,18,8,0,32,0,7,0,24,0,32,0,0,0,81,17,0,3,234,13,97,30,22,3,64,0,1,0,2,0,0,0,0,0,0,0,5,0,0,0,0,0,0,0,0,0,0,0,0,0,1,0,0,0,0,0,0,0,0,0,0,0,0,0,0,0,0,0,5,0,0,0,0,0,0,0,0,0,0,0,0,0,0,0,0,0,0,0,0,0,0,0,0,0,0,0,0,0,0,0,0,0,0,0,0,0,0,0,0,0,0,0,0,0,0,0,0,0,0,0,0,0,0,0,0,0,0,0,0,0,0,0,0,0,0,0,0,0,12,0,1,0,0,0,1,0,2,0,0,0,0,19,38,0,0,0,0,0,0,0,77,0,0,0,0,0,0,0,1,0,2,0,0,0,0,0,0,0,0,0,0,0,0,0,26,15,19,9,7,1,0,0,0,0,0,0,0,0,0
0,0,0,0,0,56,0,0,0,0,0,39,0,240,1,33,0,0,7,168,0,198,0,0,0,0,6,317,0,27,0,37,0,18,0,84,0,91,0,2,0,40,3,0,0,236,0,72,0,57,0,80,0,0,0,29,0,10,0,8,0,0,0,0,0,0,0,0,0,0,0,0,0,0,0,5,0,0,0,4,0,0,0,0,0,22,0,0,0,0,0,0,0,0,0,0,0,0,0,15,0,0,0,0,0,0,0,0,0,0,0,0,0,0,0,0,0,0,0,0,0,16,0,0,0,0,0,0,0,0,0,0,0,0,0,0,0,0,0,0,0,0,0,82,0,39,0,0,0,0,0,0,0,0,0,0,0,5,0,0,0,0,0,1,0,67,0,33,0,46,0,2,0,0,0,0,0,12,0,0,0,0,0,0,0,0,0,0,0,0,0,0,0,0,0,0,0,0,0,0,0,0,0,0,0,0,0,0,0,0,0,0,0,0,0,0,0,0,19,27,78,0,0,0,0
0,0,99,0,76,0,0,0,0,0,29,0,87,0,87,2,198,0,107,17,171,0,158,0,0,0,231,7,0,0,22,0,31,0,6,0,102,0,8,0,86,26,234,0,0,13,307,30,185,11,83,0,0,0,0,0,0,0,9,0,0,0,0,0,0,0,0,0,15,0,26,0,0,0,0,0,0,0,0,0,0,0,59,0,0,0,67,0,0,0,0,0,58,0,0,0,38,0,0,0,51,0,0,0,0,0,0,0,3,0,0,0,0,0,0,0,0,0,4,0,0,0,0,0,0,0,0,0,0,0,0,0,0,0,0,0,0,0,0,0,0,0,0,0,0,0,0,0,0,0,18,0,0,0,0,0,0,0,0,0,0,0,4,0,185,0,46,0,120,0,5,0,18,0,0,0,51,0,116,0,63,0,16,0,0,0,118,0,0,0,0,0,0,0,0,0,0,0,6,0,0,0,0,0,0,0,0,0,0,0,23,34,259,9,8,0,2,25,0,0,1,0,0,0,0
0,0,0,0,2,78,0,15,0,5,0,90,12,120,0,56,0,0,15,72,0,79,0,16,0,11,56,294,0,0,0,0,0,12,1,12,0,51,0,0,86,53,13,236,13,0,57,319,10,186,0,142,0,0,0,25,0,0,0,24,0,0,0,10,0,0,0,0,0,37,0,6,0,0,0,0,0,43,0,0,0,119,0,77,0,53,0,100,0,39,0,0,0,74,0,136,0,0,0,23,0,42,0,91,0,0,0,0,0,0,0,0,0,10,0,1,0,0,0,3,0,51,0,0,0,0,0,0,0,0,0,0,0,0,0,0,0,83,0,0,0,0,0,142,0,37,0,0,0,11,0,0,0,0,0,0,0,0,0,0,0,0,0,0,0,110,0,38,0,192,0,4,0,10,0,4,0,41,0,0,0,0,0,0,0,0,77,18,0,0,0,0,0,0,0,46,0,0,0,0,0,0,0,0,0,0,0,0,0,0,0,2,0,0,15,0,0,0,42,151,330,6,0,0,72
0,0,68,0,67,0,27,0,8,0,28,2,367,0,29,0,22,0,37,0,0,0,115,0,0,0,142,17,0,0,0,0,0,0,2,0,0,0,0,0,281,41,97,0,307,57,0,80,279,18,39,0,0,0,22,0,0,0,1,0,0,0,0,0,0,0,0,0,7,0,0,0,0,0,0,0,0,0,0,0,0,0,0,0,0,0,0,0,0,0,0,0,0,0,0,0,0,0,0,0,0,0,20,0,0,0,0,0,0,0,0,0,0,0,0,0,0,0,0,0,0,0,0,0,0,0,0,0,0,0,0,0,0,0,0,0,0,0,0,0,0,0,0,0,0,0,8,0,8,0,0,0,0,0,0,0,0,0,0,0,0,0,0,0,58,0,0,0,0,0,0,0,0,0,0,0,28,20,153,0,130,0,37,0,0,0,282,0,0,0,0,0,5,0,0,0,0,0,0,0,0,0,0,0,0,0,0,0,0,0,0,110,230,0,0,0,2,60,0,1,0,0,0,0,0
0,0,0,0,0,32,0,0,0,0,0,99,35,514,1,0,0,0,20,49,0,15,0,0,0,0,100,235,0,0,0,0,0,0,0,0,0,0,0,0,175,220,30,72,30,319,80,0,2,141,18,39,0,0,0,0,0,0,0,0,0,0,0,0,0,0,0,0,0,16,0,0,0,0,0,0,0,0,0,0,0,0,0,0,0,0,0,0,0,0,0,0,0,0,0,0,0,0,0,0,0,0,0,0,0,0,0,0,0,0,0,0,0,0,0,0,0,0,0,0,0,0,0,0,0,0,0,0,0,0,0,0,0,0,0,0,0,0,0,0,0,0,0,6,0,0,0,0,0,0,0,0,0,0,0,0,0,0,0,0,0,0,0,0,0,39,0,0,0,0,0,0,0,0,0,0,0,107,0,0,3,0,0,0,0,0,119,17,0,0,0,0,0,0,0,0,0,0,0,0,0,0,0,0,0,0,0,0,0,0,0,0,0,0,0,0,0,0,11,129,173,2,0,0,82
104,6,52,3,12,0,79,4,71,0,8,0,13,0,3,3,0,0,0,2,0,0,5,0,10,3,12,1,0,0,0,0,0,0,0,0,0,0,0,0,95,3,22,0,185,10,279,2,0,18,13,0,0,0,0,1,17,0,53,0,0,0,0,0,0,0,10,0,29,0,2,0,0,0,0,0,7,0,0,0,0,0,27,0,0,0,13,0,4,0,0,0,84,0,8,0,0,0,0,0,5,0,87,0,0,1,0,0,3,0,0,0,0,0,0,0,0,0,0,0,0,0,0,0,5,0,7,0,0,0,0,0,0,0,0,0,0,0,0,0,0,0,0,0,0,0,5,0,0,0,11,0,0,0,0,0,0,0,0,0,21,0,2,0,49,0,8,0,23,0,3,0,11,1,10,0,130,25,35,0,50,0,27,0,12,0,346,0,0,0,4,0,5,0,0,0,3,0,5,0,0,0,0,0,0,0,0,0,2,0,107,82,289,17,88,0,26,57,3,2,0,0,0,0,1
0,8,0,0,0,9,0,7,0,2,0,36,0,110,0,10,0,0,0,20,0,0,0,0,0,0,0,52,0,2,0,0,0,0,0,0,0,1,0,0,21,136,3,57,11,186,18,141,18,0,2,10,0,0,0,6,0,0,0,3,0,1,0,4,0,0,0,0,0,83,0,0,0,0,0,0,0,14,0,0,0,16,0,32,0,0,0,11,0,18,0,0,0,59,0,36,0,0,0,0,0,11,0,77,0,0,0,0,0,0,0,0,0,4,0,0,0,0,0,0,0,5,0,0,0,0,0,0,0,0,0,0,0,0,0,10,0,0,0,0,0,0,0,14,0,0,0,0,0,0,0,0,0,0,0,0,0,0,0,0,0,0,0,0,0,29,0,9,0,21,0,2,0,4,0,5,0,94,0,21,0,20,0,7,0,7,81,63,0,0,0,0,0,0,0,0,0,0,0,0,0,0,0,0,0,0,0,4,0,0,0,0,1,0,20,0,0,0,14,29,86,1,0,6,32
31,0,37,0,159,3,7,0,0,0,46,0,478,20,74,1,87,0,192,18,187,0,37,0,26,0,277,33,27,0,40,0,32,0,176,0,272,0,0,0,54,27,64,0,83,0,39,18,13,2,0,0,0,0,0,0,0,0,0,0,0,0,8,0,0,0,4,0,0,0,8,0,0,0,0,0,0,0,0,0,0,0,23,0,0,0,13,0,0,0,5,0,0,0,0,0,0,0,0,0,10,0,7,0,17,0,0,0,0,0,0,0,0,0,0,0,0,0,0,0,0,0,0,0,0,0,0,0,0,0,0,0,0,0,16,0,0,0,0,0,0,0,0,0,10,0,0,0,0,0,0,0,0,0,0,0,0,0,0,0,0,0,3,0,71,0,23,0,158,0,4,0,14,0,0,0,124,38,166,0,0,0,0,0,0,0,46,0,0,0,0,0,5,0,0,0,2,0,0,0,0,0,0,0,8,0,0,0,0,0,20,0,114,19,5,0,2,2,0,0,0,0,0,0,0
0,28,0,0,0,129,0,19,0,4,0,117,0,560,0,39,0,0,11,268,0,97,0,0,0,0,0,286,0,21,0,5,0,9,0,64,0,121,0,2,0,35,0,80,0,142,0,39,0,10,0,0,0,2,0,67,0,29,0,25,0,5,0,4,0,0,0,0,0,0,0,8,0,0,0,10,0,0,0,8,0,71,0,0,0,26,0,0,0,0,0,0,0,14,0,50,0,0,0,0,0,0,0,18,0,0,0,0,0,0,0,0,0,4,0,0,0,0,0,0,0,35,0,9,0,0,0,0,0,0,0,0,0,0,0,0,0,0,0,0,0,46,0,112,0,64,0,0,0,18,0,0,0,17,0,0,0,0,0,0,0,0,0,4,0,34,0,96,0,116,0,8,0,22,0,0,0,38,1,10,0,0,0,0,0,0,0,25,0,0,0,0,0,0,0,19,0,0,0,0,0,0,0,0,0,0,0,0,0,0,0,0,0,0,23,0,0,0,22,13,77,5,0,0,0
0,1,19,0,0,0,674,0,350,3,0,0,0,0,0,1,66,0,0,0,0,0,0,0,143,0,0,0,0,0,0,0,0,0,0,0,0,0,0,0,0,0,1,0,0,0,0,0,0,0,0,0,0,0,340,0,177,0,168,0,62,0,97,0,1,0,0,0,0,0,0,0,0,0,0,0,0,0,0,0,0,0,0,0,0,0,0,0,0,0,0,0,0,0,0,0,0,0,0,0,0,0,0,0,6,0,16,0,0,0,0,0,0,0,0,0,0,0,0,0,15,0,14,0,13,0,0,0,53,0,44,0,0,0,16,0,117,0,209,0,105,0,85,0,14,0,3,0,0,0,0,0,0,0,281,0,165,0,212,0,58,0,12,0,0,0,0,0,6,0,90,0,0,0,0,0,29,6,0,0,0,0,0,0,0,0,0,0,0,0,0,0,0,0,0,0,0,0,0,0,0,0,0,0,0,0,0,0,7,0,0,1,70,0,0,0,0,0,1,0,0,0,0,0,0
0,0,0,3,0,0,0,37,0,25,0,0,0,0,0,8,0,105,0,0,0,0,0,16,0,106,0,0,0,8,0,0,0,7,0,0,0,0,0,6,0,0,0,0,0,0,0,0,0,0,0,2,0,0,0,402,0,196,0,81,0,55,0,207,0,5,0,24,0,0,0,0,0,0,0,0,0,0,0,0,0,0,0,0,0,16,0,0,0,0,0,5,0,0,0,0,0,10,0,0,0,0,0,1,0,0,0,0,0,0,0,0,0,0,0,0,0,0,0,0,0,1,0,0,0,35,0,23,0,138,0,106,0,67,0,74,0,83,0,105,0,26,0,59,0,60,0,0,0,0,0,0,0,0,0,210,0,70,0,138,0,79,0,0,0,0,0,0,0,0,0,5,0,0,0,0,0,0,0,0,0,1,0,0,0,0,0,0,0,0,0,0,0,0,0,0,0,0,0,0,0,0,0,0,0,0,0,0,0,32,0,0,0,0,0,0,0,0,0,0,11,0,0,0,0
9,0,37,0,0,0,508,0,144,0,6,0,0,0,22,0,22,0,19,0,14,0,24,0,295,0,31,0,11,0,6,0,0,0,0,0,0,0,0,0,0,0,2,0,0,0,22,0,0,0,0,0,340,0,0,0,145,0,426,0,9,0,70,0,23,0,14,0,0,0,0,0,0,0,0,0,0,0,0,0,0,0,0,0,7,0,0,0,0,0,6,0,0,0,0,0,0,0,0,0,0,0,0,0,0,0,0,0,0,0,0,0,0,0,0,0,0,0,0,0,0,0,0,0,42,0,32,0,99,0,80,0,23,0,52,0,226,0,38,0,0,0,92,0,2,0,16,0,25,0,14,0,0,0,173,0,31,0,119,0,206,0,0,0,1,0,0,0,14,0,166,0,29,0,0,0,9,5,0,0,0,0,0,0,0,0,0,0,0,0,0,0,0,0,0,0,0,0,0,0,0,0,0,0,1,0,5,0,15,0,11,0,251,216,41,0,0,0,0,0,0,0,0,0,0
0,10,0,25,0,0,0,403,0,95,0,4,0,0,0,40,0,27,0,0,0,0,0,24,0,205,0,0,0,12,0,0,0,0,0,0,0,16,0,11,0,0,0,29,0,25,0,0,1,6,0,67,0,402,0,0,0,208,0,112,0,187,0,181,0,23,0,72,0,0,0,0,0,0,0,0,0,3,0,0,0,0,0,0,0,0,0,0,0,0,0,0,0,0,0,0,0,0,0,0,0,1,0,0,0,0,0,0,0,0,0,0,0,0,0,0,0,0,0,0,0,0,0,0,0,49,0,0,0,28,0,119,0,24,0,22,0,23,0,11,0,4,0,0,0,2,0,0,0,29,0,0,0,0,0,245,0,68,0,86,0,70,0,9,0,8,0,29,0,22,0,342,0,101,0,0,0,9,0,0,0,0,0,0,0,0,0,0,0,0,0,0,0,0,0,0,0,0,0,0,0,0,0,0,0,0,0,0,0,49,0,0,1,3,209,0,0,0,71,6,679,456,0,114,3
10,0,8,0,0,0,59,0,29,0,0,0,0,0,0,0,13,0,0,0,0,0,0,0,0,0,0,0,0,0,0,0,0,0,0,0,33,0,0,0,0,0,0,0,0,0,0,0,17,0,0,0,177,0,145,0,0,0,458,0,0,0,0,0,67,0,117,2,0,0,0,0,0,0,0,0,0,0,0,0,0,0,0,0,0,0,0,0,0,0,0,0,0,0,0,0,0,0,0,0,0,0,0,0,0,0,0,0,0,0,0,0,0,0,0,0,0,0,0,0,0,0,0,0,30,0,15,0,130,0,89,0,7,0,0,0,0,0,18,0,0,0,0,0,0,0,5,0,12,0,0,0,0,0,284,0,35,0,149,0,257,0,78,0,0,0,6,0,30,0,144,0,16,0,0,0,0,0,0,0,4,0,0,0,0,0,0,0,0,0,0,0,0,0,0,0,0,0,0,0,0,0,0,0,0,0,0,0,6,0,31,0,548,276,282,0,0,0,0,0,0,0,0,0,0
0,0,0,13,0,0,0,23,0,10,0,0,0,0,0,0,0,42,0,0,0,0,0,0,0,74,0,0,0,0,0,0,0,0,0,0,0,0,0,0,0,0,0,10,0,0,0,0,0,0,0,29,0,196,0,208,0,0,0,371,0,23,0,28,0,0,0,49,0,0,0,0,0,0,0,0,0,0,0,0,0,0,0,0,0,0,0,0,0,0,0,0,0,0,0,0,0,0,0,0,0,0,0,0,0,0,0,0,0,0,0,0,0,0,0,0,0,1,0,0,0,0,0,0,0,13,0,0,0,17,0,39,0,0,0,0,0,0,0,5,0,1,0,0,0,0,0,0,0,0,0,0,0,0,0,550,0,24,0,162,0,70,0,64,0,2,0,0,0,22,0,227,0,30,0,0,0,0,0,0,0,0,0,0,0,0,0,0,0,0,0,0,0,0,0,0,0,0,0,0,0,0,0,1,0,0,0,0,0,0,0,0,0,0,59,0,0,0,13,4,342,0,0,29,0
27,0,26,0,7,0,71,0,150,0,4,0,0,0,0,0,11,0,0,0,0,0,0,0,19,0,0,0,0,0,0,0,0,0,0,0,11,0,0,0,0,0,0,0,9,0,1,0,53,0,0,0,168,0,426,0,458,0,0,0,31,0,10,0,448,0,605,4,0,0,0,0,0,0,0,0,0,0,0,0,0,0,0,0,0,0,0,0,0,0,0,0,0,0,0,0,0,1,0,0,0,0,0,0,0,0,0,0,0,0,0,0,0,0,0,0,0,0,0,0,0,0,0,0,32,0,0,0,32,0,61,0,0,0,0,0,0,0,0,0,0,0,0,0,1,0,0,0,15,0,5,0,0,0,120,0,91,0,15,0,85,0,45,0,0,0,0,0,44,0,224,0,23,0,0,0,0,0,0,0,0,0,0,0,7,0,0,0,0,0,0,0,0,0,0,0,0,0,0,0,0,0,0,0,0,0,0,0,0,0,344,31,978,1484,1303,0,351,5,0,0,0,2,0,0,0
0,14,0,0,0,0,0,49,1,99,0,0,0,0,0,0,0,0,0,0,0,17,0,0,0,23,0,0,0,0,0,0,0,0,0,0,0,0,0,0,0,0,0,8,0,24,0,0,0,3,0,25,0,81,0,112,0,371,0,0,0,92,0,56,0,472,3,1027,0,2,0,0,0,0,0,0,0,0,0,0,0,0,0,0,0,0,0,0,0,0,0,0,0,2,0,0,0,0,0,0,0,0,0,0,0,0,0,0,0,0,0,0,0,0,0,0,0,0,0,0,0,0,0,0,0,27,0,0,0,14,0,80,0,0,0,0,0,0,0,0,0,0,0,0,0,0,0,0,0,25,0,0,0,0,0,116,0,56,0,47,0,76,0,203,0,10,0,32,0,99,0,523,0,37,0,0,2,0,0,0,0,4,0,0,0,5,0,0,0,0,0,0,0,0,0,0,0,0,0,0,0,0,0,0,0,0,0,0,0,2,7,3,1,2,1631,0,1,0,467,60,1527,1894,0,259,0
50,2,37,0,0,0,555,0,495,27,0,0,0,0,0,0,37,0,0,0,0,0,0,0,58,10,0,0,19,0,0,0,9,0,0,0,32,0,20,0,0,0,0,0,0,0,0,0,0,0,0,0,62,0,9,0,0,0,31,0,0,0,134,0,0,0,0,0,0,0,4,0,0,0,0,0,0,0,0,0,3,0,0,0,0,0,0,0,0,0,0,0,0,0,0,0,0,0,0,0,0,0,0,0,0,0,0,0,0,0,0,0,0,0,0,0,0,0,0,0,0,0,0,0,0,0,0,0,0,0,0,0,0,0,0,0,8,0,174,0,58,0,0,0,128,0,0,0,0,0,0,0,0,0,89,0,132,0,37,0,0,0,7,0,0,0,0,0,0,0,159,0,108,0,0,0,96,26,0,0,0,0,20,0,0,0,0,0,0,0,0,0,0,0,0,0,0,0,0,0,0,0,0,0,0,0,0,0,0,0,0,0,21,0,0,0,0,0,6,1,5,14,0,0,0
0,110,0,0,0,2,0,284,0,99,0,7,0,0,0,3,0,34,0,0,0,0,0,7,0,178,0,0,0,18,0,0,0,16,0,5,0,52,0,20,0,0,0,0,0,0,0,0,0,1,0,5,0,55,0,187,0,23,0,92,0,0,0,97,0,0,0,0,0,0,0,0,0,0,0,0,0,0,0,2,0,0,0,0,0,0,0,0,0,0,0,0,0,0,0,0,0,0,0,0,0,0,0,0,0,0,0,0,0,0,0,0,0,0,0,0,0,0,0,0,0,0,0,0,0,6,0,0,0,40,0,0,0,11,0,0,0,0,0,154,0,42,0,23,0,207,0,0,0,0,0,0,0,0,0,34,0,225,0,50,0,7,0,0,0,0,0,0,0,0,0,128,0,77,0,0,0,20,0,0,0,0,0,4,0,0,0,0,0,0,0,0,0,0,0,0,0,0,0,0,0,0,0,0,0,0,0,0,0,0,0,0,0,1,0,0,0,0,0,0,13,0,0,0,0
20,0,149,0,0,0,983,2,288,0,0,0,0,0,5,0,392,0,0,0,51,0,31,0,524,1,0,0,50,0,14,0,14,0,19,0,36,0,40,0,0,0,5,0,0,0,0,0,0,0,8,0,97,0,70,0,0,0,10,0,134,0,0,0,0,0,0,0,0,0,52,0,0,0,50,0,0,0,0,0,52,0,0,0,107,0,97,0,17,0,0,0,0,0,0,0,68,0,84,0,0,0,0,0,20,0,43,0,0,0,0,0,0,0,0,0,0,0,0,0,86,0,107,0,0,0,0,0,0,0,0,0,0,0,0,0,97,0,220,0,371,0,174,0,44,0,0,0,0,0,0,0,0,0,73,0,29,0,59,0,18,0,0,0,0,0,0,0,0,0,1,0,4,0,0,0,41,6,0,0,0,0,8,0,0,0,0,0,0,0,0,0,0,0,0,0,0,0,0,0,0,0,0,0,0,0,0,0,0,0,0,0,12,0,0,0,0,0,0,0,2,6,0,0,0
0,0,0,0,0,4,0,225,0,48,0,2,0,0,0,21,0,405,0,9,0,90,0,125,1,445,0,5,0,39,0,9,0,55,0,35,0,27,0,30,0,0,0,0,0,10,0,0,0,4,0,4,0,207,0,181,0,28,0,56,0,97,0,0,0,0,0,0,0,0,0,0,0,0,0,0,0,0,0,0,0,0,0,0,0,22,0,0,0,0,0,0,0,0,0,0,0,0,0,0,0,0,0,1,0,0,0,0,0,0,0,0,0,0,0,0,0,0,0,0,0,0,0,0,0,0,0,0,0,94,0,61,0,0,0,44,0,84,0,78,0,56,0,63,0,44,0,0,0,0,0,0,0,0,0,52,0,41,0,0,0,30,0,0,0,0,0,18,0,0,0,9,0,7,0,0,0,0,0,0,0,0,0,0,0,0,0,0,0,0,0,0,0,0,0,0,0,0,0,0,0,0,0,0,0,0,0,0,0,0,0,0,0,0,0,0,0,0,0,1,6,0,0,0,0
41,0,0,0,0,0,20,0,274,0,22,0,24,0,0,1,0,0,0,0,0,0,0,0,0,0,0,0,0,0,0,0,0,0,0,0,0,0,0,0,0,0,0,0,0,0,0,0,0,0,0,0,1,0,23,0,67,0,448,0,0,0,0,0,0,0,296,0,0,0,0,0,0,0,0,0,0,0,0,0,0,0,0,0,0,0,0,0,0,0,0,0,0,0,0,0,0,0,0,0,0,0,0,0,0,0,0,0,0,0,0,0,0,0,0,0,0,0,0,0,0,0,0,0,0,0,0,0,0,0,65,0,0,0,0,0,0,0,0,0,0,0,0,0,83,0,24,0,78,0,0,0,3,0,25,0,0,0,15,0,890,0,0,0,0,0,0,0,0,0,0,0,0,0,27,0,0,0,0,0,80,18,13,0,199,0,0,0,0,0,0,0,0,0,0,0,0,0,1,0,0,0,0,0,0,0,0,0,0,0,191,11,165,226,397,0,0,1,0,1,0,0,0,0,0
0,172,1,0,0,10,0,23,0,294,0,61,0,5,0,0,0,0,0,0,0,0,0,0,0,0,0,0,0,0,0,0,0,0,0,11,0,0,1,0,0,0,0,0,0,0,0,0,0,0,0,0,0,5,0,23,0,0,0,472,0,0,0,0,0,0,2,504,0,0,0,0,0,0,0,4,0,0,0,1,0,1,0,0,0,1,0,4,0,0,0,0,0,0,0,0,0,0,0,0,0,0,0,0,0,0,0,0,0,0,0,0,0,0,0,0,0,0,0,0,0,0,0,0,0,60,0,20,0,0,3,81,0,0,1,0,0,0,0,11,0,0,0,0,0,0,0,32,0,467,0,11,0,9,0,3,0,0,0,10,4,305,0,0,0,0,0,13,0,19,0,0,0,0,1,36,0,0,0,0,16,71,0,0,0,35,0,0,0,0,0,0,0,0,0,0,0,0,0,0,0,0,0,0,0,0,0,0,0,13,3,0,1,0,405,0,0,0,278,22,232,0,0,0,0
78,0,26,0,0,0,49,1,422,2,19,1,0,0,0,0,0,0,0,0,0,0,0,0,0,1,0,0,0,0,0,0,0,0,0,0,0,0,0,0,0,0,0,0,0,0,0,0,10,0,4,0,0,0,14,0,117,0,605,3,0,0,0,0,296,2,0,3,0,0,0,0,0,0,0,0,0,0,0,0,0,0,0,0,0,0,0,0,0,0,0,0,0,0,0,0,0,0,0,0,0,0,0,0,0,0,0,0,0,0,0,0,0,0,0,0,0,0,0,0,0,0,0,0,7,0,0,0,0,0,29,0,0,0,0,0,0,3,0,0,0,0,0,0,23,0,0,0,57,0,0,0,0,0,26,0,25,0,5,0,157,0,0,0,0,0,0,0,0,0,0,0,3,0,8,0,16,0,0,0,32,2,7,0,300,14,0,0,0,0,0,0,0,0,0,0,0,0,0,0,0,0,0,0,0,0,0,1,0,0,457,11,301,800,1151,0,93,1,3,0,2,4,0,0,0
0,122,0,1,0,1,2,33,5,367,0,0,0,0,0,0,0,0,0,0,0,0,0,0,0,0,0,2,0,0,0,0,0,0,0,0,0,0,1,0,0,0,0,0,0,0,0,0,0,0,0,0,0,24,0,72,2,49,4,1027,0,0,0,0,0,504,3,0,0,0,0,0,0,0,0,0,0,0,0,0,0,0,0,0,0,0,0,0,0,0,0,0,0,0,0,0,0,0,0,0,0,0,0,0,0,0,0,0,0,0,0,0,0,0,0,0,0,0,0,0,0,0,0,0,0,33,0,5,0,0,0,57,0,3,0,0,0,0,0,0,0,0,0,0,0,0,0,0,0,51,0,1,0,0,0,2,0,0,0,0,0,186,0,22,0,2,0,0,0,0,0,35,0,0,0,0,21,1,0,0,0,6,0,0,12,264,0,0,0,0,0,0,0,0,0,0,0,0,0,0,0,0,0,0,0,0,0,0,0,1,3,0,3,7,939,0,2,0,518,105,291,793,0,45,0
0,0,0,0,0,0,0,0,0,0,0,0,0,0,0,0,0,0,0,0,0,0,0,0,0,0,6,0,0,0,0,0,0,0,0,0,0,0,0,0,0,0,0,0,15,0,7,0,29,0,0,0,0,0,0,0,0,0,0,0,0,0,0,0,0,0,0,0,0,0,0,0,0,0,0,0,31,0,7,0,0,0,25,0,0,0,7,0,15,0,0,0,38,0,0,0,0,0,0,0,14,0,225,0,9,0,8,0,51,0,41,0,6,0,22,0,26,0,0,0,0,0,0,0,0,0,0,0,0,0,0,0,0,0,3,0,0,0,0,0,0,0,7,0,0,0,0,0,0,0,0,0,0,0,0,0,0,0,0,0,0,0,0,0,71,0,0,0,59,0,4,0,0,0,0,0,0,0,0,0,0,0,0,0,0,0,0,0,0,0,5,0,0,0,7,0,8,0,0,0,13,0,0,0,11,0,0,0,1,0,35,4,97,1,5,3,75,0,0,0,0,0,0,0,0
0,0,0,0,0,0,0,0,0,0,0,0,0,0,0,0,0,0,0,0,0,0,0,0,0,0,0,0,0,0,0,0,0,0,0,0,0,0,0,0,0,0,0,0,0,37,0,16,0,83,0,0,0,0,0,0,0,0,0,2,0,0,0,0,0,0,0,0,0,0,0,0,0,0,0,0,0,22,0,0,0,0,0,53,0,0,0,9,0,77,0,0,0,13,0,85,0,0,0,0,0,19,0,123,0,0,0,0,0,92,0,6,0,0,0,6,0,55,0,0,0,0,0,0,0,0,0,0,0,0,0,0,0,0,0,0,0,0,0,0,0,0,0,0,0,0,0,0,0,0,0,0,0,0,0,0,0,0,0,0,0,0,0,0,0,64,0,0,0,96,0,8,0,3,0,0,0,3,0,0,0,0,0,0,0,0,0,0,0,0,0,0,0,0,0,0,0,0,0,0,0,0,0,0,0,0,0,0,0,0,0,0,0,0,0,0,0,0,17,26,139,0,7,57,0
0,0,0,0,0,0,0,0,0,0,0,0,0,0,0,0,40,0,0,0,0,0,0,0,0,0,0,0,24,0,0,0,0,0,0,0,115,0,17,0,0,0,0,0,26,0,0,0,2,0,8,0,0,0,0,0,0,0,0,0,4,0,52,0,0,0,0,0,0,0,0,0,220,0,370,0,37,0,251,0,5,0,0,0,3,0,49,0,0,0,0,0,0,0,0,0,1,0,4,0,3,0,0,0,0,0,0,0,0,0,0,0,0,0,0,0,0,0,0,0,50,0,11,0,0,0,0,0,0,0,0,0,0,0,19,0,22,0,22,0,159,0,23,0,107,0,0,0,0,0,33,2,0,0,0,0,3,0,0,0,0,0,16,0,0,0,9,0,65,0,36,0,36,0,3,0,0,0,0,0,0,12,0,0,0,0,0,0,0,0,0,0,0,0,0,0,0,0,0,0,0,0,0,0,1,0,0,3,12,0,25,0,21,0,0,0,0,0,0,0,0,0,0,0,1
0,0,0,0,0,0,0,0,0,0,0,0,0,0,0,0,0,0,0,0,0,0,0,0,0,0,0,0,0,3,0,0,0,4,0,0,0,21,0,0,0,0,0,0,0,6,0,0,0,0,0,8,0,0,0,0,0,0,0,0,0,0,0,0,0,0,0,0,0,0,0,0,0,167,0,231,0,58,0,15,0,2,0,20,0,0,0,99,0,0,0,0,0,0,0,0,0,0,0,2,0,0,0,0,1,0,0,0,0,0,0,0,0,0,0,0,0,0,0,0,0,6,0,16,0,50,0,62,0,0,0,0,0,5,0,5,0,12,0,23,0,61,0,23,0,106,0,23,0,6,0,0,0,0,0,0,0,5,0,0,0,0,0,19,0,0,0,16,0,15,0,19,0,18,0,0,0,0,0,1,6,2,0,0,0,0,0,0,0,0,0,0,0,0,0,0,0,0,0,0,1,0,0,0,0,0,0,0,1,0,0,0,0,0,0,0,0,0,5,0,12,0,0,0,0
2,0,0,0,0,0,0,0,0,0,0,0,0,0,0,0,0,0,0,0,0,0,0,0,0,0,0,0,0,0,0,0,0,0,0,0,0,0,0,0,0,0,0,0,0,0,0,0,0,0,0,0,0,0,0,0,0,0,0,0,0,0,0,0,0,0,0,0,0,0,220,0,0,0,62,0,78,0,117,0,0,0,21,0,0,0,8,0,1,0,0,0,15,0,0,0,8,0,0,0,0,0,0,0,0,0,3,0,0,0,0,0,0,0,0,0,0,0,0,0,3,0,9,0,58,0,34,0,0,0,0,0,36,0,20,0,19,0,0,0,32,0,40,0,94,0,29,0,0,0,38,0,17,1,0,0,2,0,0,0,0,0,51,0,0,0,0,0,21,0,7,0,6,0,0,0,0,0,0,0,23,0,0,0,0,0,0,0,1,0,3,0,6,1,0,0,0,0,0,0,4,0,0,0,7,0,0,2,14,0,119,4,18,0,11,0,0,0,0,0,0,0,0,0,0
0,0,0,0,0,0,0,0,0,0,0,0,0,0,0,2,0,3,0,0,0,0,0,0,0,0,0,0,0,2,0,0,0,0,0,0,0,0,0,0,0,0,0,0,0,0,0,0,0,0,0,0,0,0,0,0,0,0,0,0,0,0,0,0,0,0,0,0,0,0,0,167,0,0,0,227,0,45,1,31,0,14,0,40,0,19,0,114,0,0,0,0,0,42,0,16,0,0,0,0,0,0,0,0,1,0,1,0,0,0,0,0,0,0,0,0,0,0,0,0,0,33,0,48,0,133,0,160,0,10,0,0,0,0,2,46,2,0,2,0,0,12,0,6,2,99,0,0,1,13,0,81,2,0,0,0,0,0,0,0,0,0,0,51,0,0,0,0,0,17,0,10,0,4,0,15,0,0,0,0,35,41,0,0,0,0,0,0,0,14,0,0,0,0,0,8,0,13,0,29,0,10,0,54,0,0,0,0,0,91,4,0,0,0,6,0,0,0,127,0,38,0,0,0,0
0,0,0,0,0,0,0,0,0,0,0,0,0,0,0,0,54,0,0,0,0,0,0,0,0,0,0,0,20,0,4,0,4,0,0,0,57,0,0,0,0,0,0,0,0,0,0,0,0,0,0,0,0,0,0,0,0,0,0,0,0,0,50,0,0,0,0,0,0,0,370,0,62,0,0,0,9,0,158,0,0,0,65,0,4,0,26,1,0,0,0,0,0,0,0,0,0,0,0,0,0,0,0,0,0,0,0,0,0,0,0,0,0,0,0,0,0,0,0,0,28,0,15,0,0,0,0,0,0,0,0,0,0,0,13,0,10,0,12,0,163,0,66,0,114,0,0,0,0,0,10,0,0,0,0,0,3,0,0,0,0,0,21,0,4,0,3,0,17,0,7,0,14,0,3,0,0,0,0,0,2,1,0,0,0,0,0,0,0,0,0,0,0,0,0,0,0,0,0,0,6,0,0,0,0,0,12,0,6,0,35,0,14,2,0,0,0,0,0,0,0,0,0,0,0
0,0,0,0,0,0,0,0,0,0,0,0,0,0,0,0,0,0,0,0,0,0,0,0,0,0,0,0,0,0,0,0,0,0,0,0,0,7,0,2,0,0,0,5,0,0,0,0,0,0,0,10,0,0,0,0,0,0,0,0,0,0,0,0,0,4,0,0,0,0,0,231,0,227,0,0,0,33,0,35,0,11,0,15,0,10,0,201,0,1,0,1,0,0,0,0,0,0,0,2,0,0,0,0,0,0,0,0,0,0,0,0,0,0,0,0,0,0,0,0,0,61,0,34,0,0,0,90,0,0,0,0,0,0,0,11,0,23,0,11,0,93,0,50,0,207,1,0,0,0,0,64,1,0,0,0,0,2,0,1,0,0,2,16,0,0,0,9,1,20,0,11,0,0,0,4,0,0,0,0,19,0,0,0,0,0,0,0,0,0,0,0,0,0,0,2,0,0,0,12,0,0,0,0,0,0,0,22,0,65,0,0,0,0,6,0,0,0,27,0,11,0,0,0,0
0,0,0,0,0,0,0,0,0,0,0,0,0,0,0,0,0,0,0,0,0,0,0,0,0,0,0,0,0,0,0,0,0,0,0,0,0,0,0,0,0,0,1,0,0,0,0,0,7,0,0,0,0,0,0,0,0,0,0,0,0,0,0,0,0,0,0,0,31,0,37,0,78,0,9,0,0,0,19,0,4,0,62,0,0,0,38,0,3,0,0,0,110,0,5,0,15,0,7,0,0,0,59,0,21,0,0,0,11,0,0,0,0,0,3,0,18,0,0,0,2,0,0,0,0,0,0,0,0,0,0,0,0,0,0,0,0,0,0,0,6,0,14,1,0,0,0,1,0,0,0,0,0,0,0,0,0,0,0,0,0,0,0,0,25,0,0,0,38,0,0,0,5,0,0,0,0,0,0,0,0,0,0,0,0,0,0,0,15,0,0,0,18,0,11,0,11,0,12,0,32,0,0,0,28,0,0,0,3,0,89,0,58,0,12,0,46,0,0,0,0,0,0,0,0
0,0,0,0,0,0,0,0,0,0,0,0,0,0,0,0,0,0,0,0,0,0,0,0,0,0,0,0,0,0,0,0,0,0,0,0,0,0,0,0,0,0,0,0,0,43,0,0,0,14,0,0,0,0,0,3,0,0,0,0,0,0,0,0,0,0,0,0,0,22,0,58,0,45,0,33,0,0,0,11,0,33,0,121,0,26,0,205,0,8,0,0,0,76,0,89,0,0,0,0,0,11,0,22,0,0,0,0,0,18,0,2,0,0,0,1,0,22,0,0,0,0,0,9,0,0,3,0,0,0,0,0,0,0,0,47,0,0,0,5,0,0,0,0,0,15,0,0,0,0,0,0,0,0,0,0,0,0,0,0,0,0,0,6,0,22,0,0,0,114,0,0,0,0,0,0,0,0,0,0,0,0,0,0,0,0,0,0,0,0,0,0,0,0,0,41,0,27,0,0,0,19,0,73,0,0,0,0,0,0,0,0,0,0,13,0,0,0,101,0,87,0,0,25,0
0,0,0,0,0,0,0,0,0,0,0,0,0,0,0,0,0,0,0,0,0,0,0,0,0,0,0,0,0,0,0,0,0,0,0,0,0,0,0,0,0,0,0,0,0,0,0,0,0,0,0,0,0,0,0,0,0,0,0,0,0,0,0,0,0,0,0,0,7,0,251,0,117,1,158,0,19,0,0,0,4,0,62,0,12,0,24,0,0,0,9,0,16,0,0,0,18,0,4,0,0,0,44,0,16,0,7,0,12,0,0,0,0,0,0,0,0,0,0,0,83,0,0,0,0,0,0,0,0,0,0,0,0,0,0,1,0,0,0,0,0,0,57,0,74,0,0,0,0,0,0,0,0,0,0,0,0,0,0,0,3,0,23,0,17,0,0,0,33,0,8,0,0,0,0,0,0,0,0,0,0,0,0,0,0,0,0,0,16,0,0,0,47,0,8,0,14,0,0,0,0,0,29,0,0,0,0,0,0,0,246,4,42,0,19,0,29,0,0,0,0,0,0,0,0
0,0,0,0,0,0,0,0,0,0,0,0,0,0,0,0,0,0,0,0,0,4,0,0,0,0,0,0,0,0,0,0,0,0,0,0,0,0,0,0,0,0,0,4,0,0,0,0,0,0,0,8,0,0,0,0,0,0,0,0,0,2,0,0,0,1,0,0,0,0,0,15,0,31,0,35,0,11,0,0,0,2,0,4,0,2,0,38,0,0,0,0,0,0,0,0,0,0,0,0,0,0,0,0,0,0,0,0,0,0,0,0,0,0,0,0,0,0,0,0,0,5,0,17,0,0,0,0,0,0,0,0,0,0,0,0,0,10,0,9,0,51,0,36,0,76,0,0,0,1,0,0,0,0,0,0,0,4,0,0,0,0,1,2,0,0,0,12,0,4,0,0,0,0,0,1,0,0,0,0,0,0,0,0,0,0,0,0,0,0,0,0,0,0,0,0,0,2,0,0,0,3,0,0,0,0,0,0,0,0,0,0,0,0,0,0,0,0,2,0,0,0,0,0,0
