0,148,30,81,108,6,33,115,48,40,171,12,84,0,11,27,88,57,0,0,11,0,53,60,7,235,0,0,37,0,11,0,61,0,0,0,127,0,533,0,0,0,0,0,0,0,0,0,8,0,0,0,0,1,2,30,0,0,6,0,131,0,49,16,27,0,7,0,0,0,0,0,0,0,0,0,0,0,0,0,0,0,0,0,0,0,0,0,0,0,0,0,0,0,0,0,0,0,0,0,0,0,0,0,0,0,0,0,0,0,0,0,0,0,0,0,0,0,0,0,0,0,0,0,7,0,2,0,0,0,3,0,0,0,0,0,0,0,0,0,0,0,0,0,0,0,7,0,17,0,30,0,21,0,0,0,0,0,0,0,0,0,0,0,6,0,96,0,68,2,14,0,487,0,0,0,400,172,25,0,0,0,24,0,57,0,0,0,0,0,0,0,0,0,0,0,0,0,0,0,9,0,0,0,0,0,2,0,0,0,696,114,452,63,103,0,2,0,0,0,0,0,0,0,0
148,0,151,10,0,134,72,62,11,119,1,131,0,82,9,12,64,110,0,155,0,0,109,76,141,32,0,360,0,73,0,5,0,202,0,0,0,305,11,386,0,45,0,0,0,0,0,185,0,26,0,0,0,4,0,24,0,6,0,10,0,206,0,134,0,106,0,27,0,0,0,0,0,0,0,0,0,0,0,0,0,0,0,0,0,0,0,0,0,0,0,4,0,0,0,0,0,0,0,0,0,0,0,0,0,0,0,0,0,0,0,0,0,0,0,0,0,0,0,0,0,0,0,0,0,24,0,32,0,0,0,67,0,29,0,133,0,61,0,0,1,0,0,0,0,0,0,48,0,175,0,181,0,94,0,3,0,10,0,5,0,27,0,11,0,15,0,49,0,54,0,65,0,314,0,0,133,311,0,23,0,48,0,7,0,153,0,0,0,0,0,0,0,0,0,0,0,0,0,101,0,62,0,0,0,0,0,0,0,125,0,0,0,0,206,0,0,0,781,118,703,130,4,0,0
30,151,0,99,448,0,85,0,9,0,112,54,148,3,335,25,18,76,149,0,53,0,213,123,64,118,154,0,149,0,81,0,223,15,0,0,100,0,828,0,43,0,0,0,0,1,37,0,0,0,0,0,0,0,92,0,22,0,5,0,25,0,12,0,59,0,13,0,0,0,0,0,0,0,0,0,0,0,0,0,0,0,0,0,23,0,0,0,0,0,0,0,0,0,0,0,0,0,0,0,0,0,0,0,0,0,0,0,0,0,0,0,0,0,0,0,0,0,0,0,0,0,0,0,43,0,48,0,0,0,58,0,0,0,335,0,105,0,0,0,0,0,244,0,0,0,46,0,101,0,100,0,20,0,11,0,0,0,8,0,17,0,0,0,12,0,205,0,0,0,0,0,378,0,0,0,170,122,0,0,0,1,0,0,24,0,0,0,0,0,0,0,0,0,0,0,3,0,15,0,252,0,1,0,22,0,0,0,96,0,546,40,579,73,137,0,0,0,0,6,0,0,0,0,0
81,10,99,0,40,94,0,171,0,0,47,17,0,0,53,450,21,38,0,213,3,53,87,393,0,169,0,125,0,68,0,40,0,397,0,0,0,159,0,190,0,3,0,12,0,0,0,18,0,0,0,0,0,0,0,69,0,0,0,0,0,0,0,5,0,0,0,0,0,0,0,0,0,0,0,0,0,0,0,0,0,0,0,0,0,0,0,0,0,0,0,0,0,0,0,0,0,0,0,0,0,0,0,0,0,0,0,0,0,0,0,0,0,0,0,0,0,0,0,0,0,0,0,0,0,3,0,0,0,0,0,0,0,0,0,249,0,183,0,0,0,0,0,0,0,0,0,0,0,8,2,5,0,0,0,0,0,0,0,0,0,5,0,0,0,7,0,83,0,19,0,32,0,156,0,0,58,112,0,0,0,0,0,0,0,0,0,0,0,0,0,0,0,0,0,0,0,0,0,0,0,72,0,0,0,0,0,0,0,39,0,5,0,0,58,0,0,0,132,11,354,0,0,0,0
108,0,448,40,0,320,61,0,48,0,129,128,348,0,127,145,0,0,96,193,73,112,43,37,0,0,241,0,0,0,198,0,309,21,249,0,289,0,68,0,137,0,0,0,0,0,47,0,0,0,0,0,0,0,0,0,0,0,0,0,0,0,0,0,74,0,0,0,0,0,0,0,0,0,0,0,0,0,0,0,0,0,0,0,0,0,0,0,0,0,0,0,0,0,0,0,0,0,0,0,0,0,0,0,0,0,0,0,0,0,0,0,0,0,0,0,0,0,5,0,0,0,0,0,0,2,0,0,0,0,0,0,0,0,0,0,0,0,0,0,0,0,0,0,0,0,67,0,208,0,280,0,152,0,3,0,0,0,0,0,0,0,0,0,168,0,341,0,211,0,0,0,210,0,0,0,123,143,29,0,109,0,43,0,312,0,2,0,0,0,0,0,0,0,0,0,2,0,0,0,170,0,0,0,0,0,0,0,0,0,516,274,762,0,110,2,0,0,0,0,0,0,0,0,0
6,134,0,94,320,0,0,57,0,23,118,160,287,113,366,187,0,4,303,476,112,171,49,88,0,9,59,346,0,7,0,94,0,236,0,203,0,185,0,21,0,32,0,0,0,0,0,113,0,0,0,0,0,0,0,9,0,0,0,0,0,0,0,6,0,0,0,0,0,0,0,0,0,0,0,0,0,0,0,0,0,0,0,0,0,0,0,0,0,0,0,0,0,0,0,0,0,0,0,0,0,0,0,0,1,0,0,0,0,0,0,0,0,0,0,0,0,0,0,0,0,0,0,0,0,0,0,0,0,0,0,0,0,0,0,129,0,69,0,0,0,0,0,0,0,0,0,0,0,69,0,69,0,67,0,0,0,0,0,0,0,0,0,16,0,142,0,482,0,215,0,50,0,274,0,0,41,233,15,0,0,0,0,0,0,0,0,6,0,0,0,0,0,0,0,0,0,0,0,0,0,0,0,0,0,0,0,0,0,0,0,0,0,0,260,0,0,0,734,188,895,0,0,0,0
33,72,85,0,61,0,0,0,30,207,29,0,26,0,22,0,0,0,0,0,0,0,8,0,112,98,28,0,40,0,0,0,14,0,0,0,0,0,379,0,12,0,0,0,0,0,0,0,60,0,0,0,123,7,159,185,27,0,5,0,453,0,618,61,102,0,48,0,0,0,0,0,5,0,0,0,0,0,0,0,2,0,0,0,0,0,0,0,0,0,0,0,0,0,0,0,0,0,0,0,0,0,0,0,17,0,0,0,0,0,0,0,0,0,0,0,0,0,0,0,0,0,0,0,36,0,31,0,0,0,65,0,11,0,71,0,26,0,0,0,0,0,70,0,3,0,14,0,58,0,54,0,4,0,7,0,0,0,0,0,23,0,0,0,7,0,0,0,27,0,95,0,290,0,0,0,99,95,0,0,0,0,0,0,14,0,0,0,0,0,0,0,0,0,0,0,0,0,5,0,60,0,0,0,0,0,9,0,38,0,981,41,497,427,440,0,0,0,0,0,0,0,0,0,0
115,62,0,171,0,57,0,0,68,15,0,10,0,0,0,155,30,49,0,152,0,105,20,60,164,152,0,128,0,200,0,0,0,124,0,0,0,120,0,640,0,0,0,0,0,0,0,0,0,0,0,25,0,28,0,233,0,19,0,30,0,218,0,296,0,0,2,15,0,0,0,0,0,0,0,0,0,0,0,0,0,0,0,0,0,0,0,0,0,0,0,0,0,0,0,0,0,0,0,0,0,0,0,0,0,0,0,0,0,0,0,0,0,0,0,0,0,0,0,0,0,0,0,0,0,20,1,27,0,22,0,97,0,33,0,182,0,149,0,0,0,0,0,0,0,0,0,0,0,21,0,0,0,3,0,2,0,0,0,0,0,54,0,13,0,25,0,28,0,60,0,82,0,291,0,0,0,66,0,1,0,0,0,0,0,0,0,0,0,0,0,0,0,0,0,0,0,0,0,0,0,0,0,0,0,0,0,0,0,94,0,6,0,0,465,0,0,0,648,0,748,0,0,192,0
48,11,9,0,48,0,30,68,0,260,45,0,25,0,0,0,18,0,0,0,0,0,0,0,32,22,0,0,0,0,0,0,0,0,0,0,0,0,17,0,0,0,0,0,0,0,17,0,21,0,0,0,234,8,131,282,52,10,92,30,350,0,368,18,132,0,96,120,0,0,0,0,0,0,0,0,0,0,0,0,0,0,0,0,0,0,0,0,0,0,0,0,0,0,0,0,0,0,0,0,0,0,0,0,0,0,5,0,0,0,0,0,0,0,0,0,0,0,0,0,0,0,0,0,0,0,5,0,0,0,0,0,0,0,0,0,1,0,0,0,0,0,0,0,0,0,9,0,25,0,12,0,0,0,20,0,36,0,1,0,7,0,0,0,0,0,0,0,16,0,171,0,141,0,0,0,330,62,10,0,0,0,22,0,89,18,0,0,0,0,0,0,0,0,0,0,0,0,0,0,8,0,0,0,4,0,0,0,8,0,617,64,276,239,160,0,16,0,12,0,0,5,0,0,0
40,119,0,0,0,23,207,15,260,0,0,39,0,7,0,5,0,5,0,27,0,0,0,0,224,10,0,0,0,3,0,0,0,0,0,0,0,0,0,0,0,0,0,0,0,0,0,21,0,2,0,0,12,131,70,117,8,18,50,26,0,381,22,345,0,179,14,157,0,0,0,0,0,0,0,0,0,0,0,0,0,0,0,0,0,0,0,0,0,0,0,0,0,0,0,0,0,0,0,0,0,0,0,0,0,0,0,11,0,0,0,0,0,0,0,0,0,0,0,0,0,0,0,0,0,22,0,7,0,0,0,70,0,27,0,73,0,26,0,7,0,0,0,0,0,0,0,29,0,173,0,75,0,38,0,0,0,69,0,16,0,61,0,0,0,14,0,0,0,29,0,54,0,64,0,2,217,248,0,5,0,0,0,5,0,124,0,0,0,0,0,0,0,4,0,0,0,0,0,53,0,0,0,0,0,0,0,0,0,71,13,6,0,0,381,0,1,0,679,33,480,228,3,140,0
171,1,112,47,129,118,29,0,45,0,0,43,411,0,29,89,23,0,5,32,69,25,29,41,0,0,69,0,0,0,57,0,225,0,70,0,262,12,64,0,172,0,0,0,22,0,67,0,10,0,0,0,0,0,0,0,0,0,0,0,0,0,0,0,28,0,17,0,0,0,0,0,0,0,0,0,0,0,0,0,2,0,0,0,0,0,0,0,0,0,0,0,0,0,0,0,0,0,0,0,0,0,0,0,0,0,0,0,0,0,0,0,0,0,0,0,0,0,0,0,0,0,0,0,0,0,0,0,0,0,0,0,0,0,0,0,0,0,0,0,0,0,0,0,0,0,12,0,47,0,96,0,111,0,0,0,0,0,0,0,0,0,0,0,0,0,137,0,86,0,4,0,105,0,0,0,119,67,83,2,97,0,87,0,187,0,17,0,0,0,0,0,0,0,0,0,0,0,0,0,0,0,0,0,0,0,0,0,0,0,305,161,355,0,45,0,0,0,0,0,0,0,0,0,0
12,131,54,17,128,160,0,10,0,39,43,0,72,317,154,21,3,51,107,45,41,134,54,188,0,0,0,280,0,32,0,34,0,227,0,78,0,175,0,31,0,168,0,8,0,0,0,262,0,16,0,0,0,0,0,2,0,0,0,7,0,4,0,0,0,15,0,3,0,0,0,0,0,0,0,0,0,0,0,0,0,0,0,0,0,0,0,0,0,0,0,0,0,0,0,0,0,0,0,0,0,0,0,0,0,0,0,0,0,0,0,1,0,0,0,0,0,0,0,0,0,0,0,2,0,0,0,0,0,0,0,7,0,0,0,26,0,19,0,0,0,0,0,0,0,0,0,0,2,52,0,59,0,57,0,0,0,0,0,0,0,0,0,0,0,0,0,83,0,47,0,18,2,99,0,0,52,171,0,45,0,22,0,6,0,51,0,14,0,0,0,0,0,0,0,0,0,0,0,26,0,0,0,0,0,0,0,0,0,13,0,0,0,0,75,0,0,0,429,99,358,0,2,0,0
84,0,148,0,348,287,26,0,25,0,411,72,0,337,48,46,0,0,62,606,14,153,0,0,0,0,186,383,0,0,0,0,0,0,183,28,72,4,0,0,357,0,109,0,99,0,141,0,60,0,235,0,1,0,0,0,0,0,0,0,0,0,0,0,0,0,7,0,0,0,0,0,0,0,0,0,0,0,0,0,0,0,0,0,0,0,0,1,0,0,0,0,0,0,0,0,0,0,0,0,0,0,7,0,0,0,0,0,0,0,0,0,0,0,0,0,0,0,0,0,0,0,0,0,0,0,0,0,0,0,0,0,0,0,0,0,0,0,0,0,0,0,0,0,0,0,0,0,77,0,0,0,199,0,0,0,0,0,0,0,0,0,0,0,143,0,0,0,0,0,0,0,0,0,142,0,91,257,129,0,243,0,106,0,200,0,118,16,0,0,0,0,0,0,0,0,0,0,0,0,0,0,0,0,0,0,0,0,0,0,84,380,440,0,0,0,0,0,0,0,0,0,0,0,0
0,82,3,0,0,113,0,0,0,7,0,317,337,0,0,0,0,0,270,37,55,52,0,0,0,0,560,120,0,0,0,0,0,0,0,162,0,45,0,0,217,331,54,173,89,49,107,373,0,22,34,313,0,0,0,4,0,0,0,0,0,0,0,0,0,0,0,0,0,0,0,0,0,0,0,0,0,0,0,0,0,0,0,0,0,0,0,0,0,0,0,0,0,0,0,0,0,0,0,0,0,0,0,0,0,0,0,0,0,0,0,0,0,0,0,0,0,0,0,0,0,0,0,0,0,0,0,0,0,0,0,0,0,0,0,0,0,0,0,0,0,0,0,0,0,0,0,0,0,0,0,128,0,0,0,0,0,0,0,0,0,0,0,0,0,82,0,0,0,113,0,1,0,0,0,0,0,410,0,141,0,147,0,30,0,40,35,100,0,0,0,0,0,0,0,0,0,0,0,0,0,0,0,0,0,0,0,0,0,0,0,0,0,0,54,0,0,0,97,234,472,0,0,0,0
11,9,335,53,127,366,22,0,0,0,29,154,48,0,0,161,18,0,292,70,115,75,376,78,58,0,298,0,15,2,154,12,191,29,47,0,113,27,0,0,35,0,0,0,0,0,26,0,7,1,21,0,0,0,25,0,0,0,3,0,0,0,11,0,0,0,0,0,0,0,0,0,0,0,0,0,0,0,0,0,0,0,0,0,0,0,0,0,0,0,0,0,0,0,0,0,0,0,0,0,0,0,0,0,0,0,0,0,0,0,0,0,0,0,0,0,0,0,0,0,0,0,0,0,0,0,0,0,0,0,0,0,0,0,287,0,58,0,0,0,0,0,0,0,0,0,40,0,102,0,94,0,39,0,0,0,0,0,0,0,0,0,0,0,29,0,99,14,0,0,0,0,39,0,0,0,67,63,6,6,0,0,0,0,58,0,0,0,0,0,0,0,0,0,0,0,0,0,0,0,271,0,0,0,0,0,0,0,0,0,105,63,169,14,0,0,0,0,28,12,52,0,0,0,0
27,12,25,450,145,187,0,155,0,5,89,21,46,0,161,0,2,15,67,383,28,306,33,276,0,98,0,171,0,0,0,74,0,114,0,53,5,0,0,0,0,0,0,0,0,0,0,0,0,0,0,9,0,0,0,90,0,8,0,0,0,0,0,0,0,0,2,0,0,0,0,0,0,0,0,0,0,0,0,0,0,0,0,0,0,104,0,0,0,0,0,0,0,0,0,0,0,0,0,0,0,158,0,0,0,0,0,0,0,0,0,0,0,0,0,0,0,0,0,0,0,0,0,7,0,0,0,20,0,0,0,0,0,0,0,406,0,233,0,0,0,0,0,0,0,0,0,0,0,0,0,14,1,0,0,0,0,0,0,0,0,0,0,0,0,6,0,127,0,0,0,0,0,30,0,0,14,33,8,8,0,0,0,0,1,0,0,1,0,0,0,0,0,0,0,0,0,1,0,0,0,99,0,0,0,0,0,0,0,0,0,10,0,0,13,0,0,0,27,15,46,0,0,0,0
88,64,18,21,0,0,0,30,18,0,23,3,0,0,18,2,0,24,100,0,378,0,48,24,72,70,174,0,186,0,103,0,65,0,28,0,14,0,160,0,0,0,0,0,39,0,0,0,0,0,18,0,38,0,24,5,2,0,2,0,8,2,289,0,0,0,0,0,0,0,29,0,0,0,41,0,0,0,0,0,51,2,0,0,283,0,100,0,0,0,0,0,0,0,0,0,391,0,562,0,0,0,0,0,0,0,27,0,0,0,0,0,0,0,0,0,0,0,0,0,0,0,114,0,0,0,0,0,0,0,0,0,0,0,0,0,106,0,33,0,46,0,238,0,6,0,0,0,0,0,0,0,0,0,35,0,0,0,11,0,2,0,4,0,0,0,7,0,0,0,0,1,16,3,0,0,33,21,0,0,0,0,64,0,0,0,0,0,0,0,0,0,0,0,0,0,0,0,0,0,29,0,0,0,0,0,0,0,0,0,12,33,30,0,0,0,0,0,0,0,0,0,0,0,0
57,110,76,38,0,4,0,49,0,5,0,51,0,0,0,15,24,0,0,25,0,291,58,93,18,54,0,0,0,135,0,30,2,110,0,39,0,13,0,96,0,0,0,0,0,0,0,0,0,0,0,11,0,35,0,14,0,26,0,2,0,0,0,191,0,0,0,0,0,0,0,0,0,0,0,0,0,0,0,0,0,205,0,0,0,136,0,0,0,0,0,0,0,0,0,46,0,33,0,153,0,100,0,0,0,0,0,0,0,0,0,0,0,0,0,0,0,0,0,0,0,0,0,12,0,0,0,0,0,27,0,0,0,0,0,0,0,188,0,127,0,64,0,498,0,0,0,0,0,0,0,0,0,0,0,18,0,0,0,0,0,0,0,0,0,0,0,4,0,4,0,0,0,10,0,0,30,64,0,30,0,0,0,4,0,0,0,0,0,0,0,0,0,0,0,0,0,0,0,0,0,0,0,0,0,0,0,0,0,0,0,0,0,0,0,0,0,0,7,24,15,0,0,0,0
0,0,149,0,96,303,0,0,0,0,5,107,62,270,292,67,100,0,0,446,163,164,480,0,117,0,402,154,0,0,83,0,11,0,268,38,56,0,0,0,15,0,79,14,88,0,27,0,3,0,268,9,0,0,0,0,0,0,0,0,0,0,57,0,0,0,0,0,0,0,0,0,0,0,0,0,0,0,0,0,0,0,0,0,0,0,0,0,0,0,0,0,0,0,0,0,0,0,0,0,0,0,0,0,0,0,0,0,0,0,0,0,0,0,0,0,0,0,0,0,0,0,0,0,0,0,0,0,0,0,0,0,0,0,0,0,0,0,0,0,0,0,0,0,0,0,0,0,53,0,89,0,0,0,9,0,0,0,0,0,0,0,1,0,109,0,24,0,0,0,0,1,0,0,0,0,14,91,7,4,18,0,0,0,69,0,3,9,0,0,0,0,0,0,0,0,0,0,0,0,260,0,0,0,0,0,0,0,0,0,48,163,195,23,0,0,0,1,15,0,0,0,0,0,0
0,155,0,213,193,476,0,152,0,27,32,45,606,37,70,383,0,25,446,0,79,458,1,144,0,57,183,267,0,0,0,132,0,0,0,290,0,90,0,0,49,0,0,68,20,71,0,75,0,0,17,250,0,0,0,0,0,0,0,0,0,0,0,55,0,0,0,0,0,0,0,0,0,0,0,0,0,0,0,0,0,274,0,0,0,153,0,0,0,0,0,0,0,0,0,0,0,0,0,0,0,0,0,0,0,0,0,0,0,0,0,0,0,0,0,0,0,0,0,0,0,0,0,0,0,16,0,0,0,0,0,48,0,0,0,558,0,344,0,0,0,0,0,0,0,0,0,0,0,208,0,140,0,0,0,0,0,3,0,0,0,0,0,0,0,96,0,153,0,74,0,0,0,0,0,0,7,87,0,29,0,0,0,0,0,95,19,18,0,0,0,0,0,0,0,0,0,0,0,0,0,170,0,0,0,0,0,0,0,0,0,15,0,0,68,0,0,0,91,87,179,0,0,0,0
11,0,53,3,73,112,0,0,0,0,69,41,14,55,115,28,378,0,163,79,0,47,235,6,112,0,165,0,82,0,65,0,48,0,72,9,141,3,0,0,0,0,39,0,13,0,0,0,5,0,87,0,15,0,18,0,0,0,0,0,0,0,260,0,0,0,0,0,0,0,104,0,0,0,121,0,0,0,0,0,110,0,0,0,259,0,0,0,0,0,0,0,0,0,0,0,0,0,908,0,0,0,0,0,0,0,0,0,0,0,0,0,0,0,0,0,0,0,0,0,0,0,0,0,0,0,0,0,0,0,0,0,0,0,0,0,97,0,0,0,0,0,245,0,0,0,0,0,0,0,0,0,0,0,26,0,0,0,0,0,0,0,14,0,105,0,135,0,105,0,0,0,68,0,0,0,7,8,15,0,0,0,2,0,0,0,0,0,0,0,0,0,0,0,0,0,0,0,0,0,0,0,0,0,0,0,0,0,0,0,138,162,242,39,23,0,0,0,0,0,0,0,0,0,0
0,0,0,53,112,171,0,105,0,0,25,134,153,52,75,306,0,291,164,458,47,0,2,434,4,169,64,180,0,71,0,17,0,30,0,117,0,49,0,0,0,1,0,107,0,60,0,15,0,4,0,79,0,17,0,52,0,0,0,0,0,0,0,203,0,0,0,0,0,0,0,0,0,0,0,0,0,0,0,0,0,429,0,0,0,236,0,0,0,0,0,0,0,0,0,0,0,0,0,0,0,0,0,0,0,0,0,0,0,0,0,0,0,0,0,0,0,0,0,0,0,0,0,0,0,0,0,0,0,0,0,0,0,0,0,0,0,0,0,142,0,231,0,637,0,23,0,3,0,0,0,0,0,0,0,7,0,0,0,0,0,0,0,0,0,19,0,35,0,15,0,0,0,8,0,0,8,63,2,54,0,0,0,0,0,0,0,33,0,0,0,0,0,0,0,0,0,0,0,0,0,0,0,0,0,0,0,0,0,0,0,0,0,0,16,0,0,0,60,98,42,0,0,0,0
53,109,213,87,43,49,8,20,0,0,29,54,0,0,376,33,48,58,480,1,235,2,0,110,58,96,412,0,42,0,51,0,44,13,25,0,20,17,148,10,0,0,0,0,45,0,57,0,3,0,0,0,6,0,73,0,12,0,0,0,0,0,19,0,0,0,0,0,0,0,0,0,0,0,0,0,0,0,0,0,0,0,0,0,88,0,12,0,0,0,0,0,0,0,0,0,253,0,106,0,5,0,0,0,0,0,0,0,0,0,0,0,0,0,0,0,0,0,0,0,0,0,0,0,4,0,0,0,0,1,0,0,0,0,153,0,125,0,6,0,10,0,279,0,0,0,3,0,2,3,13,0,3,0,14,0,0,0,6,0,0,0,0,0,0,0,36,0,7,0,0,1,80,10,1,0,63,78,0,0,0,2,9,0,0,0,0,0,0,0,0,0,0,0,0,0,0,0,0,0,131,0,0,0,3,0,0,0,14,0,54,41,106,5,10,0,0,0,0,0,14,0,0,0,0
60,76,123,393,37,88,0,60,0,0,41,188,0,0,78,276,24,93,0,144,6,434,110,0,0,131,0,169,0,14,0,37,0,33,0,30,0,12,0,0,0,0,0,79,0,29,0,0,0,1,0,23,0,8,0,38,0,7,0,0,0,0,0,86,0,0,0,0,0,0,0,0,0,0,0,0,0,0,0,0,0,176,0,0,0,117,0,0,0,0,0,0,0,0,0,0,0,63,0,189,0,126,0,0,0,0,0,0,0,0,0,0,0,0,0,0,0,0,0,0,0,0,0,0,0,0,0,0,0,0,0,0,0,0,2,0,1,80,0,31,0,13,0,181,0,0,0,0,0,0,0,0,0,0,0,0,0,0,0,1,0,2,0,0,0,0,0,27,0,0,0,0,0,21,0,0,44,91,0,40,0,0,3,0,0,0,0,0,0,0,0,0,0,0,0,0,0,0,0,0,0,0,0,0,0,0,0,0,0,0,0,1,0,0,0,0,0,0,17,70,22,0,0,0,0
7,141,64,0,0,0,112,164,32,224,0,0,0,0,58,0,72,18,117,0,112,4,58,0,0,160,165,0,123,0,16,0,14,0,0,0,9,0,204,0,0,0,0,0,0,0,0,0,0,0,0,0,44,13,131,192,9,0,1,0,45,0,171,65,0,0,0,5,0,0,0,0,0,0,5,0,0,0,0,0,0,0,0,0,79,0,0,0,0,0,0,0,0,0,0,0,146,0,73,0,0,0,0,0,6,0,0,0,0,0,0,0,0,0,0,0,0,0,0,0,0,0,0,0,0,0,0,0,95,0,0,1,25,0,86,0,144,0,19,0,24,0,289,0,3,0,0,0,0,0,10,0,0,0,40,0,0,0,12,0,11,0,0,0,3,1,0,0,0,0,0,0,62,6,0,0,45,56,0,0,0,0,53,0,0,0,0,0,0,0,0,0,0,0,0,0,0,0,0,0,51,0,1,0,0,0,0,0,10,0,95,26,115,28,33,0,0,0,24,3,0,0,0,3,0
235,32,118,169,0,9,98,152,22,10,0,0,0,0,0,98,70,54,0,57,0,169,96,131,160,0,0,0,0,68,0,6,0,48,0,3,0,18,22,129,0,0,0,0,0,0,0,6,0,0,0,0,0,7,0,194,0,30,0,3,0,26,0,28,0,0,0,0,0,0,0,0,0,0,0,0,0,0,0,0,0,66,0,0,0,69,0,0,0,0,0,42,0,0,0,47,0,83,0,159,0,106,0,0,0,0,0,0,0,0,0,0,0,0,0,0,0,0,0,0,0,0,0,0,0,0,0,0,0,44,0,15,0,0,0,331,0,190,0,32,0,23,0,164,0,0,0,0,0,0,0,0,0,0,0,0,0,0,0,0,2,0,0,1,0,1,0,0,0,0,0,10,24,41,0,0,59,108,0,7,0,0,7,10,0,0,0,0,0,0,0,0,0,0,0,0,0,0,0,0,0,39,0,0,0,0,0,0,0,0,0,0,0,0,0,0,0,0,59,50,89,11,0,12,0
0,0,154,0,241,59,28,0,0,0,69,0,186,560,298,0,174,0,402,183,165,64,412,0,165,0,0,709,0,0,8,0,0,0,62,0,62,0,0,0,60,88,220,68,297,0,189,173,46,0,257,0,0,0,0,0,0,0,0,0,0,0,179,0,0,0,0,0,0,0,0,0,0,0,0,0,0,0,0,0,0,0,0,0,0,0,0,0,0,0,0,0,0,0,0,0,0,0,0,0,0,0,0,0,0,0,0,0,0,0,0,0,0,0,0,0,0,0,0,0,0,0,0,0,0,0,0,0,0,0,0,0,0,0,0,0,0,0,0,0,0,0,0,0,0,0,0,0,103,0,0,0,0,0,0,0,0,0,0,0,0,0,0,0,109,0,0,0,0,0,0,0,0,0,0,0,0,106,0,0,0,0,0,0,186,0,42,21,0,0,0,0,0,0,0,0,0,0,0,0,356,0,0,0,0,0,0,0,0,0,45,329,285,11,0,0,0,25,0,0,0,0,0,0,0
0,360,0,125,0,346,0,128,0,0,0,280,383,120,0,171,0,0,154,267,0,180,0,169,0,0,709,0,0,0,0,4,0,4,0,42,0,26,0,0,445,16,70,357,129,303,195,290,0,7,34,287,0,0,0,0,0,0,0,0,0,0,0,148,0,0,0,0,0,0,0,0,0,0,0,0,0,0,0,0,0,589,0,0,0,288,0,0,0,0,0,0,0,0,0,0,0,0,0,0,0,0,0,0,0,0,0,0,0,0,0,0,0,0,0,0,0,0,0,0,0,0,0,0,0,0,0,0,0,0,0,44,0,0,0,290,0,154,0,0,0,0,0,319,0,25,0,0,0,166,0,261,0,0,0,0,0,9,0,0,0,0,0,0,0,51,0,13,0,69,0,0,0,0,0,0,0,96,0,0,0,0,0,0,0,0,50,49,0,0,0,0,0,0,0,0,0,0,0,0,0,0,0,0,0,0,0,0,0,0,0,0,0,0,22,0,0,0,68,423,345,0,0,0,0
37,0,149,0,0,0,40,0,0,0,0,0,0,0,15,0,186,0,0,0,82,0,42,0,123,0,0,0,0,0,47,0,11,0,15,0,0,0,2,0,0,0,14,0,0,0,0,0,0,0,10,0,12,0,29,0,3,0,0,0,0,0,52,0,0,0,0,0,0,0,16,0,0,0,23,0,0,0,0,0,0,0,0,0,0,0,37,0,0,0,2,0,0,0,0,0,0,0,86,0,0,0,0,0,0,0,0,0,0,0,0,0,0,0,0,0,0,0,0,0,0,0,41,0,0,0,0,0,0,0,0,0,0,0,0,0,0,0,0,0,36,0,83,0,8,0,0,0,0,0,0,0,0,0,2,0,0,0,0,0,0,0,0,0,0,0,0,0,0,0,0,0,0,0,0,0,0,0,0,0,0,0,4,0,0,0,0,0,0,0,0,0,0,0,0,0,0,0,0,0,0,0,0,0,0,0,0,0,0,0,0,5,0,0,0,0,0,0,0,0,0,0,0,0,0
0,73,0,68,0,7,0,200,0,3,0,32,0,0,2,0,0,135,0,0,0,71,0,14,0,68,0,0,0,0,0,58,0,29,0,82,0,13,0,3,0,0,0,12,0,0,0,0,0,0,0,2,0,6,0,21,0,6,0,0,0,1,0,48,0,0,0,0,0,0,0,0,0,0,0,0,0,0,0,0,0,69,0,0,0,0,0,0,0,0,0,0,0,0,0,10,0,27,0,64,0,50,0,0,0,0,0,0,0,0,0,0,0,0,0,0,0,0,0,0,0,0,0,0,0,0,0,0,0,0,0,0,0,0,0,0,0,68,0,122,0,99,0,218,0,3,0,0,0,0,0,0,0,0,0,13,0,0,0,9,0,0,0,0,0,0,0,0,0,0,0,0,0,0,0,0,0,0,0,0,0,0,0,0,0,0,0,0,0,0,0,0,0,0,0,0,0,0,0,0,0,0,0,0,0,0,0,0,0,0,0,0,0,0,0,0,0,0,0,1,0,0,0,0,0
11,0,81,0,198,0,0,0,0,0,57,0,0,0,154,0,103,0,83,0,65,0,51,0,16,0,8,0,47,0,0,0,0,0,11,0,5,0,3,0,1,0,26,0,4,0,0,0,0,0,8,0,0,0,14,0,0,0,0,0,0,0,85,0,0,0,0,0,0,0,32,0,0,0,38,0,0,0,0,0,0,0,0,0,0,0,0,0,0,0,0,0,0,0,0,0,0,0,112,0,0,0,0,0,0,0,0,0,0,0,0,0,0,0,0,0,0,0,0,0,0,0,0,0,0,0,0,0,0,0,0,0,0,0,0,0,0,0,0,0,44,0,0,0,0,0,0,0,0,0,0,0,0,0,0,0,0,0,0,0,0,0,0,0,0,0,8,0,0,0,0,0,4,0,0,0,0,3,15,0,0,0,0,0,0,0,0,0,0,0,0,0,0,0,0,0,0,0,0,0,0,0,0,0,0,0,0,0,0,0,15,21,20,1,0,0,0,0,0,0,0,0,0,0,0
0,5,0,40,0,94,0,0,0,0,0,34,0,0,12,74,0,30,0,132,0,17,0,37,0,6,0,4,0,58,0,0,0,1,0,8,0,5,0,1,0,0,0,17,0,1,0,0,0,0,0,10,0,0,0,0,0,2,0,3,0,0,0,29,0,0,0,0,0,0,0,0,0,0,0,0,0,0,0,0,0,0,0,0,0,0,0,0,0,0,0,0,0,0,0,0,0,0,0,0,0,0,0,0,0,0,0,0,0,0,0,0,0,0,0,0,0,0,0,0,0,0,0,0,0,0,0,0,0,0,0,0,0,0,0,0,0,0,0,0,0,0,0,89,0,0,0,0,0,0,0,0,0,0,0,0,0,0,0,0,0,0,0,0,0,0,0,4,0,0,0,0,0,0,0,0,0,10,0,7,0,0,0,0,0,0,0,7,0,0,0,0,0,0,0,0,0,0,0,0,0,0,0,0,0,0,0,0,0,0,0,0,0,0,0,0,0,0,9,18,7,0,0,0,0
61,0,223,0,309,0,14,0,0,0,225,0,0,0,191,0,65,2,11,0,48,0,44,0,14,0,0,0,11,0,0,0,0,0,0,0,28,0,5,0,0,0,9,0,3,0,0,0,0,0,5,0,0,0,0,0,2,0,0,0,0,0,43,0,0,0,0,0,0,0,0,0,0,0,0,0,0,0,0,0,0,0,0,0,0,0,0,0,0,0,0,0,0,0,0,0,0,0,89,0,0,0,0,0,0,0,0,0,0,0,0,0,0,0,0,0,0,0,0,0,0,0,0,0,0,0,0,0,0,0,0,0,0,0,0,0,0,0,0,0,0,0,31,0,0,0,0,0,0,0,0,0,0,0,0,0,0,0,0,0,0,0,0,0,0,0,15,0,5,0,2,0,0,0,0,0,43,4,9,0,1,0,5,0,0,0,0,0,0,0,0,0,0,0,0,0,0,0,0,0,0,0,0,0,0,0,0,0,0,0,8,61,19,0,0,0,0,0,0,0,0,0,0,0,0
0,202,15,397,21,236,0,124,0,0,0,227,0,0,29,114,0,110,0,0,0,30,13,33,0,48,0,4,0,29,0,1,0,0,0,10,0,45,0,4,0,0,0,11,0,3,0,0,0,0,0,4,0,3,0,18,0,0,0,0,0,0,0,46,0,0,0,0,0,0,0,0,0,0,0,0,0,0,0,0,0,94,0,0,0,36,0,15,0,0,0,0,0,0,0,0,0,0,0,0,0,0,0,0,0,0,0,0,0,0,0,0,0,0,0,0,0,0,0,0,0,0,0,0,0,0,0,0,0,0,0,0,0,0,0,88,0,0,0,27,0,49,0,112,0,14,0,0,0,0,0,0,0,0,0,3,0,0,0,0,0,0,0,0,0,0,0,9,0,0,0,0,0,6,0,0,0,74,0,26,0,0,0,0,0,10,0,0,0,0,0,0,0,0,0,0,0,0,0,0,0,0,0,0,0,0,0,0,0,0,0,0,6,0,0,0,0,0,0,52,6,0,0,0,0
0,0,0,0,249,0,0,0,0,0,70,0,183,0,47,0,28,0,268,0,72,0,25,0,0,0,62,0,15,0,11,0,0,0,0,0,64,0,0,0,0,0,19,0,14,0,0,0,0,0,42,0,2,0,0,0,0,0,0,0,0,0,39,0,0,0,0,0,0,0,0,0,0,0,0,0,0,0,0,0,0,0,0,0,0,0,45,0,0,0,0,0,0,0,0,0,0,0,182,0,0,0,0,0,0,0,0,0,0,0,0,0,0,0,0,0,0,0,0,0,0,0,0,0,0,0,0,0,0,0,0,0,0,0,0,0,0,0,0,0,0,0,0,0,16,0,0,0,0,0,8,0,0,0,0,0,0,0,0,0,0,0,0,0,17,0,13,0,12,0,0,0,5,0,0,0,26,9,30,0,0,0,3,0,0,0,2,0,0,0,0,0,0,0,0,0,0,0,0,0,0,0,0,0,0,0,0,0,0,0,20,42,58,5,0,0,0,0,0,0,0,0,0,0,0
0,0,0,0,0,203,0,0,0,0,0,78,28,162,0,53,0,39,38,290,9,117,0,30,0,3,0,42,0,82,0,8,0,10,0,0,0,122,0,5,0,0,0,33,0,6,0,0,0,0,0,7,0,0,0,0,0,0,0,0,0,6,0,60,0,0,0,0,0,0,0,0,0,0,0,0,0,0,0,0,0,0,0,0,0,0,0,0,0,0,0,0,0,0,0,0,0,0,0,0,0,0,0,0,0,0,0,0,0,0,0,0,0,0,0,0,0,0,0,0,0,0,0,11,0,0,0,0,0,0,0,0,0,0,0,0,0,0,0,0,0,230,0,336,0,50,0,0,0,0,0,0,0,0,0,0,0,0,0,0,0,0,0,0,0,2,0,27,0,0,0,0,0,5,0,0,0,42,0,37,0,0,0,0,0,0,0,78,0,0,0,0,0,0,0,0,0,0,0,0,0,0,0,0,0,0,0,0,0,0,0,0,0,0,0,0,0,0,21,58,26,0,0,0,0
127,0,100,0,289,0,0,0,0,0,262,0,72,0,113,5,14,0,56,0,141,0,20,0,9,0,62,0,0,0,5,0,28,0,64,0,0,0,39,0,0,0,107,0,49,0,0,0,3,0,46,0,13,0,6,0,0,0,0,0,25,0,54,0,0,0,0,0,0,0,187,0,0,0,163,0,0,0,0,0,79,0,0,0,60,0,229,0,0,0,0,0,0,0,0,0,0,0,485,0,0,0,0,0,0,0,0,0,0,0,0,0,0,0,0,0,0,0,0,0,0,0,0,0,0,0,0,0,0,0,0,0,0,0,0,0,39,0,83,0,221,0,90,0,248,0,0,0,0,0,0,0,0,0,29,0,37,0,0,0,0,0,38,0,9,0,20,0,27,0,27,0,32,0,0,0,43,14,35,0,0,0,0,0,0,0,12,0,0,0,0,0,0,0,0,0,0,0,0,0,0,0,0,0,0,0,0,0,0,0,13,29,53,5,5,0,0,0,0,0,0,0,0,0,0
0,305,0,159,0,185,0,120,0,0,12,175,4,45,27,0,0,13,0,90,3,49,17,12,0,18,0,26,0,13,0,5,0,45,0,122,0,0,0,27,0,0,0,96,0,43,0,0,0,0,0,103,0,2,0,0,0,0,0,0,0,16,0,29,0,0,0,0,0,0,0,20,0,0,0,0,0,0,0,0,0,0,0,0,0,0,0,0,0,0,0,0,0,0,0,0,0,0,0,0,0,0,0,0,0,0,0,0,0,0,0,0,0,0,0,0,0,0,0,0,0,0,0,14,0,0,0,0,0,0,0,0,0,0,0,0,0,46,0,86,0,312,0,279,0,149,0,0,0,0,0,0,0,0,0,14,0,30,0,24,0,0,0,0,0,4,0,36,0,26,0,9,0,59,0,0,0,75,0,19,0,0,0,0,0,0,0,8,0,0,0,0,0,0,0,0,0,0,0,0,0,0,0,0,0,0,0,0,0,0,0,0,3,0,0,0,0,0,0,94,26,0,0,0,0
533,11,828,0,68,0,379,0,17,0,64,0,0,0,0,0,160,0,0,0,0,0,148,0,204,22,0,0,2,0,3,0,5,0,0,0,39,0,0,0,0,0,0,0,0,0,0,0,0,0,1,0,6,0,0,0,0,0,0,0,8,0,37,0,0,0,0,0,0,0,0,0,0,0,35,0,0,0,0,0,0,0,0,0,0,0,0,0,0,0,0,0,0,0,0,0,0,0,0,0,0,0,0,0,0,0,0,0,0,0,0,0,0,0,0,0,0,0,0,0,44,0,57,0,0,0,0,0,0,0,0,0,0,0,0,0,35,0,62,0,102,0,110,0,68,0,0,0,0,0,0,0,0,0,25,0,23,0,15,0,0,0,5,0,0,0,15,0,0,0,5,0,26,0,0,0,0,0,0,0,0,0,58,0,0,0,0,0,0,0,0,0,0,0,0,0,0,0,0,0,0,0,0,0,0,0,0,0,0,0,0,77,4,0,0,0,0,0,0,0,0,0,0,0,0
0,386,0,190,0,21,0,640,0,0,0,31,0,0,0,0,0,96,0,0,0,0,10,0,0,129,0,0,0,3,0,1,0,4,0,5,0,27,0,0,0,0,0,0,0,0,0,0,0,0,0,0,0,7,0,19,0,8,0,0,0,7,0,27,0,0,0,2,0,0,0,0,0,0,0,0,0,0,0,0,0,16,0,0,0,0,0,0,0,0,0,0,0,0,0,0,0,0,0,0,0,0,0,0,0,0,0,0,0,0,0,0,0,0,0,0,0,0,0,0,0,0,0,0,0,0,0,0,0,0,0,0,0,0,0,0,0,0,0,93,0,67,0,64,0,44,0,0,0,0,0,0,0,0,0,26,0,9,0,32,0,0,0,0,0,0,0,4,0,0,0,3,0,16,0,0,0,35,0,22,0,0,0,0,0,0,0,0,0,0,0,0,0,0,0,0,0,0,0,0,0,0,0,0,0,0,0,0,0,0,0,0,0,0,0,0,0,0,0,25,4,0,0,0,0
0,0,43,0,137,0,12,0,0,0,172,0,357,217,35,0,0,0,15,49,0,0,0,0,0,0,60,445,0,0,1,0,0,0,0,0,0,0,0,0,0,158,32,48,112,48,105,350,114,0,19,4,0,0,0,0,0,0,0,0,0,0,0,0,0,0,0,0,0,0,4,0,0,0,0,0,0,0,0,0,0,0,0,0,0,0,0,0,0,0,0,0,0,0,0,0,0,0,0,0,0,0,0,0,0,0,0,0,0,0,0,0,0,0,0,0,0,0,0,0,0,0,0,0,0,0,0,0,0,0,0,0,0,0,0,0,0,0,0,0,0,0,0,0,0,0,0,0,65,0,202,0,240,0,0,0,0,0,0,0,2,0,0,0,37,0,0,0,0,0,0,0,0,0,157,0,42,74,146,0,335,0,80,0,154,0,218,6,0,0,0,0,0,0,0,0,0,0,0,0,0,0,0,0,0,0,0,0,0,0,0,173,83,0,0,0,0,5,0,0,0,0,0,0,0
0,45,0,3,0,32,0,0,0,0,0,168,0,331,0,0,0,0,0,0,0,1,0,0,0,0,88,16,0,0,0,0,0,0,0,0,0,0,0,0,158,0,0,76,120,62,158,140,59,142,0,16,0,1,0,0,0,0,0,0,0,0,0,0,0,0,0,0,0,0,0,0,0,0,0,0,0,0,0,0,0,0,0,0,0,0,0,0,0,0,0,0,0,3,0,0,0,0,0,0,0,0,0,0,0,0,0,0,0,1,0,0,0,0,0,0,0,0,0,0,0,0,0,0,0,0,0,0,0,0,0,0,0,0,0,0,0,0,0,0,0,0,0,0,0,0,0,0,0,0,0,173,0,203,0,0,0,3,0,0,0,0,0,0,0,7,0,0,0,0,0,0,0,0,0,0,0,219,0,150,0,214,0,69,0,0,20,14,0,0,0,0,0,0,0,0,0,0,0,0,0,0,0,0,0,0,0,0,0,0,0,0,0,0,0,0,0,0,0,85,24,0,0,0,17
0,0,0,0,0,0,0,0,0,0,0,0,109,54,0,0,0,0,79,0,39,0,0,0,0,0,220,70,14,0,26,0,9,0,19,0,107,0,0,0,32,0,0,0,125,0,50,0,36,0,31,0,0,0,0,0,0,0,0,0,0,0,69,0,0,0,0,0,0,0,75,0,0,0,86,0,0,0,0,0,40,0,0,0,0,0,136,0,0,0,0,0,0,0,0,0,0,0,0,0,0,0,0,0,0,0,0,0,0,0,0,0,0,0,0,0,0,0,0,0,0,0,0,0,0,0,0,0,0,0,0,0,0,0,0,0,0,0,0,0,0,0,0,0,27,0,0,0,0,0,0,0,0,0,0,0,0,0,0,0,0,0,0,0,45,0,17,0,10,0,0,0,11,0,0,0,0,0,5,0,0,0,0,0,0,0,142,0,0,0,0,0,0,0,0,0,0,0,0,0,0,0,0,0,0,0,0,0,0,0,23,100,107,7,7,0,0,11,0,0,0,0,0,0,0
0,0,0,12,0,0,0,0,0,0,0,8,0,173,0,0,0,0,14,68,0,107,0,79,0,0,68,357,0,12,0,17,0,11,0,33,0,96,0,0,48,76,0,0,15,187,0,145,0,27,0,45,0,0,0,0,0,64,0,25,0,0,0,72,0,0,0,0,0,0,0,27,0,0,0,0,0,0,0,0,0,0,0,0,0,0,0,0,0,0,0,0,0,0,0,73,0,0,0,0,0,0,0,0,0,0,0,0,0,0,0,0,0,0,0,0,0,0,0,0,0,0,0,0,0,0,0,0,0,0,0,0,0,0,0,0,0,0,0,0,0,186,0,473,0,49,0,0,0,0,0,0,0,0,0,0,0,0,0,0,0,0,0,13,0,20,0,24,0,31,0,11,0,17,0,0,0,10,0,0,0,0,0,0,0,0,0,47,0,0,0,0,0,0,0,0,0,0,0,0,0,0,0,0,0,0,0,0,0,0,0,0,0,0,14,0,0,0,69,81,108,9,0,0,1
0,0,0,0,0,0,0,0,0,0,22,0,99,89,0,0,39,0,88,20,13,0,45,0,0,0,297,129,0,0,4,0,3,0,14,0,49,0,0,0,112,120,125,15,0,41,407,276,189,2,126,0,12,0,0,0,12,0,0,0,0,0,125,0,0,0,8,0,0,0,127,0,0,0,70,0,0,0,0,0,70,0,0,0,240,0,181,0,0,0,32,0,0,0,57,0,464,0,1026,0,0,0,0,0,0,0,68,0,0,0,0,0,0,0,0,0,0,0,0,0,96,0,0,0,0,0,0,0,0,0,0,0,0,0,0,1,0,0,0,0,0,0,167,0,29,0,0,0,36,0,0,0,41,0,0,0,0,0,5,0,9,0,12,0,64,0,16,0,33,0,4,0,21,0,0,0,13,9,10,0,48,0,0,0,0,0,37,0,0,0,7,0,0,0,0,0,0,0,0,0,42,0,0,0,0,0,0,0,0,0,101,180,148,7,15,0,5,59,0,4,0,0,0,0,0
0,0,1,0,0,0,0,0,0,0,0,0,0,49,0,0,0,0,0,71,0,60,0,29,0,0,0,303,0,0,0,1,0,3,0,6,0,43,0,0,48,62,0,187,41,0,0,369,64,281,0,61,0,0,0,0,0,92,0,0,0,13,0,84,0,0,0,0,0,23,0,50,0,0,0,164,0,26,0,0,0,444,0,113,0,217,0,0,0,48,0,0,0,80,0,153,0,0,0,0,0,0,0,11,0,0,0,0,0,0,0,0,0,0,0,0,0,0,0,0,0,175,0,50,0,0,0,0,0,0,0,0,0,0,0,0,0,0,0,0,0,101,0,383,0,31,0,0,0,0,0,0,0,0,0,41,0,20,0,4,0,76,0,10,0,78,0,9,0,135,0,0,0,20,0,0,0,25,0,0,0,0,0,0,0,0,19,20,0,0,0,0,0,0,0,0,0,0,0,0,0,0,0,0,0,0,0,0,0,0,0,0,0,0,37,0,0,0,221,361,342,25,0,0,71
0,0,37,0,47,0,0,0,17,0,67,0,141,107,26,0,0,0,27,0,0,0,57,0,0,0,189,195,0,0,0,0,0,0,0,0,0,0,0,0,105,158,50,0,407,0,0,345,127,0,30,3,0,0,0,0,0,0,0,0,0,0,0,0,0,0,0,0,0,0,0,0,0,0,0,0,0,0,0,0,0,0,0,0,0,0,0,0,0,0,0,0,0,0,0,0,0,0,0,0,0,0,0,0,0,0,0,0,0,0,0,0,0,0,0,0,0,0,0,0,0,0,0,0,0,0,0,0,0,0,0,0,0,0,112,0,0,0,0,0,0,0,0,0,0,0,0,0,96,0,210,0,213,0,0,0,0,0,0,0,0,0,0,0,44,0,0,0,0,0,0,0,0,0,0,0,0,46,47,0,176,0,0,0,127,0,126,2,0,0,0,0,0,0,0,0,0,0,0,0,0,0,0,0,0,0,0,0,0,0,88,487,96,7,0,0,0,46,0,6,0,0,0,0,0
0,185,0,18,0,113,0,0,0,21,0,262,0,373,0,0,0,0,0,75,0,15,0,0,0,6,173,290,0,0,0,0,0,0,0,0,0,0,0,0,350,140,0,145,276,369,345,0,160,176,0,38,0,0,0,0,0,0,0,0,0,6,0,0,0,0,0,0,0,0,0,0,0,0,0,0,0,0,0,0,0,0,0,0,0,0,0,0,0,0,0,0,0,0,0,0,0,0,0,0,0,24,0,0,0,0,0,0,0,0,0,0,0,0,0,0,0,0,0,0,0,0,0,0,0,0,0,0,0,0,0,0,0,0,0,0,0,0,0,0,0,0,0,0,0,1,0,0,0,66,0,240,0,238,0,0,0,0,0,0,0,0,0,0,0,0,0,0,0,0,0,0,0,0,0,0,0,206,0,176,0,149,0,37,0,93,58,11,0,0,0,0,0,0,0,0,0,0,0,0,0,0,0,0,0,0,0,0,0,0,0,0,0,0,0,0,0,0,23,434,107,9,0,0,97
8,0,0,0,0,0,60,0,21,0,10,0,60,0,7,0,0,0,3,0,5,0,3,0,0,0,46,0,0,0,0,0,0,0,0,0,3,0,0,0,114,59,36,0,189,64,127,160,0,5,21,0,2,0,50,0,28,0,0,0,6,0,5,0,2,0,0,1,20,0,1,0,0,0,0,0,0,0,3,0,4,0,24,0,0,0,8,0,5,0,3,0,28,0,58,0,14,0,16,0,2,0,49,0,44,0,17,0,2,0,0,0,0,0,0,0,0,0,0,0,0,0,0,0,5,0,0,0,0,0,11,0,0,0,25,0,4,0,0,0,0,0,0,0,0,0,0,0,5,0,0,0,0,0,0,0,0,0,0,0,8,0,8,0,41,1,3,0,27,0,1,0,33,0,29,0,142,19,15,0,55,0,9,0,18,0,147,0,78,0,27,0,53,0,15,0,0,0,56,0,18,0,51,0,0,0,21,0,0,0,64,110,183,12,86,3,3,7,0,40,4,0,0,0,0
0,26,0,0,0,0,0,0,0,2,0,16,0,22,1,0,0,0,0,0,0,4,0,1,0,0,0,7,0,0,0,0,0,0,0,0,0,0,0,0,0,142,0,27,2,281,0,176,5,0,0,8,0,0,0,0,0,3,0,0,0,4,0,3,0,0,0,0,0,8,0,0,0,0,0,4,0,1,0,0,0,0,0,15,0,0,0,0,0,5,0,0,0,27,0,16,0,0,0,7,0,10,0,7,0,0,0,2,0,0,0,0,0,0,0,0,0,1,0,6,0,8,0,0,0,0,0,0,0,0,0,0,0,0,0,0,0,0,0,0,0,0,0,10,0,0,0,0,0,0,0,87,0,105,0,3,0,5,0,0,0,5,0,0,0,33,0,0,0,7,0,1,0,0,0,0,0,162,0,63,0,126,0,20,0,45,4,24,0,0,0,0,0,0,0,3,0,0,0,0,0,3,0,0,0,0,0,0,0,0,0,1,0,0,6,0,0,1,34,28,16,6,6,0,6
0,0,0,0,0,0,0,0,0,0,0,0,235,34,21,0,18,0,268,17,87,0,0,0,0,0,257,34,10,0,8,0,5,0,42,0,46,0,1,0,19,0,31,0,126,0,30,0,21,0,0,0,0,0,0,0,0,0,0,0,0,0,0,0,2,0,0,0,12,0,55,0,0,0,0,0,0,0,0,0,0,0,30,0,0,0,0,0,0,0,0,0,0,0,33,0,0,0,298,0,0,0,0,0,0,0,0,0,0,0,0,0,0,0,0,0,0,0,0,0,0,0,0,0,0,0,0,0,0,0,1,0,0,0,0,0,0,0,0,0,0,0,0,0,26,0,0,0,0,0,0,0,0,0,0,0,0,0,0,0,0,0,11,0,52,0,45,0,65,0,10,0,29,0,0,0,0,0,17,0,0,0,0,0,0,0,59,0,0,0,0,0,0,0,0,0,0,0,0,0,0,0,0,0,0,0,0,0,0,0,54,90,155,34,22,0,1,0,0,0,0,0,0,0,0
0,0,0,0,0,0,0,25,0,0,0,0,0,313,0,9,0,11,9,250,0,79,0,23,0,0,0,287,0,2,0,10,0,4,0,7,0,103,0,0,4,16,0,45,0,61,3,38,0,8,0,0,0,0,0,9,0,64,0,0,0,2,0,11,0,0,0,0,0,6,0,16,0,0,0,34,0,11,0,7,0,203,0,0,0,77,0,75,0,0,0,0,0,0,0,64,0,0,0,57,0,0,0,0,0,0,0,0,0,0,0,0,0,0,0,0,0,0,0,0,0,0,0,16,0,0,0,0,0,0,0,0,0,0,0,0,0,0,0,0,0,100,0,225,0,18,0,0,0,0,0,0,0,0,0,0,0,5,0,0,0,0,0,11,0,6,0,35,0,147,0,24,0,62,0,0,0,20,0,0,0,0,0,0,0,0,0,43,0,0,0,0,0,0,0,0,0,0,0,0,0,0,0,0,0,0,0,0,0,0,0,0,0,0,9,0,0,0,32,37,65,0,0,0,0
0,0,0,0,0,0,123,0,234,12,0,0,1,0,0,0,38,0,0,0,15,0,6,0,44,0,0,0,12,0,0,0,0,0,2,0,13,0,6,0,0,0,0,0,12,0,0,0,2,0,0,0,0,0,251,10,99,0,67,6,29,0,71,0,0,0,22,13,0,0,16,0,0,0,25,0,0,0,0,0,13,0,0,0,115,0,0,0,0,0,0,0,0,0,5,0,0,0,126,0,0,0,0,0,0,0,0,0,0,0,0,0,0,0,0,0,0,0,0,0,28,0,63,0,1,0,0,0,113,0,0,0,0,0,34,0,201,0,230,0,149,0,200,0,52,0,0,0,0,0,0,0,0,0,458,0,74,0,151,0,19,0,0,0,0,0,1,0,0,0,133,0,29,0,0,0,27,0,0,0,0,0,19,0,23,2,0,0,0,0,0,0,0,0,0,0,0,0,0,0,8,0,0,0,0,0,0,0,0,0,5,7,83,70,0,0,9,0,0,0,0,0,0,0,0
1,4,0,0,0,0,7,28,8,131,0,0,0,0,0,0,0,35,0,0,0,17,0,8,13,7,0,0,0,6,0,0,0,3,0,0,0,2,0,7,0,1,0,0,0,0,0,0,0,0,0,0,0,0,5,158,0,173,0,32,0,84,0,102,0,0,0,29,0,0,0,0,0,0,0,0,0,0,0,0,0,24,0,0,0,24,0,0,0,0,0,0,0,0,0,13,0,19,0,35,0,0,0,0,0,0,0,0,0,0,0,0,0,0,0,0,0,0,0,0,0,0,0,0,0,0,0,0,0,99,0,0,0,25,0,58,0,96,0,231,0,54,0,124,0,0,0,0,0,0,0,0,0,0,0,133,0,61,0,71,0,14,0,0,0,0,0,0,0,0,0,1,0,0,0,0,7,18,0,0,0,0,0,4,0,4,0,0,0,0,0,0,0,0,0,0,0,0,0,0,0,0,0,0,0,0,0,0,0,0,4,0,0,0,0,0,0,0,0,0,0,0,0,1,0
2,0,92,0,0,0,159,0,131,70,0,0,0,0,25,0,24,0,0,0,18,0,73,0,131,0,0,0,29,0,14,0,0,0,0,0,6,0,0,0,0,0,0,0,0,0,0,0,50,0,0,0,251,5,0,48,46,4,36,21,74,0,51,0,11,1,49,86,0,0,0,0,0,0,0,0,2,0,0,0,0,0,0,0,14,0,0,0,0,0,0,0,0,0,0,0,48,0,0,0,0,0,0,0,0,0,0,0,0,0,0,0,0,0,0,0,0,0,0,0,0,0,0,0,0,0,0,0,165,0,39,0,29,0,0,0,113,0,14,0,0,0,152,0,12,0,0,0,6,0,9,0,0,0,86,0,50,0,26,0,37,0,0,0,0,0,2,0,27,0,267,0,64,0,0,0,12,0,0,0,0,0,7,0,6,2,0,0,0,0,0,0,0,0,0,0,0,0,2,0,55,0,0,0,0,0,0,0,0,0,215,12,350,474,239,0,68,0,0,0,5,0,0,0,0
30,24,0,69,0,9,185,233,282,117,0,2,0,4,0,90,5,14,0,0,0,52,0,38,192,194,0,0,0,21,0,0,0,18,0,0,0,0,0,19,0,0,0,0,0,0,0,0,0,0,0,9,10,158,48,0,8,91,31,70,11,149,30,273,0,19,15,42,0,0,0,0,0,0,0,0,0,0,0,0,0,33,0,0,0,30,0,0,0,0,0,0,0,0,0,0,0,0,0,76,0,43,0,0,0,0,0,0,0,0,0,0,0,0,0,0,0,0,0,0,0,0,0,0,0,12,0,33,0,106,0,94,0,52,0,328,0,330,0,63,0,29,0,143,0,0,0,0,0,14,0,0,0,0,0,70,0,42,0,40,3,68,0,7,0,16,0,16,0,49,2,184,0,113,0,0,95,35,0,0,0,0,0,5,4,9,0,0,0,0,0,0,0,0,0,0,0,0,0,0,0,53,0,0,0,0,0,0,0,49,13,0,0,5,255,0,2,0,203,0,444,334,0,153,0
0,0,22,0,0,0,27,0,52,8,0,0,0,0,0,0,2,0,0,0,0,0,12,0,9,0,0,0,3,0,0,0,2,0,0,0,0,0,0,0,0,0,0,0,12,0,0,0,28,0,0,0,99,0,46,8,0,5,220,11,17,0,7,0,110,18,143,98,0,0,0,0,0,0,0,0,4,0,0,0,0,0,0,1,0,0,0,0,0,0,0,0,0,0,0,0,11,0,0,0,0,0,0,0,0,0,0,0,0,0,0,0,0,0,0,0,0,0,0,0,0,0,0,0,36,1,23,0,113,0,119,0,25,0,75,0,35,0,20,0,0,0,41,0,73,0,4,0,12,0,22,0,0,0,239,10,132,0,23,0,133,7,80,0,11,0,11,0,68,0,426,0,0,0,0,0,0,0,0,0,0,0,0,0,6,5,0,0,0,0,0,0,0,0,0,0,0,0,0,0,40,0,0,0,0,0,2,0,24,0,421,30,727,1128,764,0,161,0,3,0,0,0,0,0,0
0,6,0,0,0,0,0,19,10,18,0,0,0,0,0,8,0,26,0,0,0,0,0,7,0,30,0,0,0,6,0,2,0,0,0,0,0,0,0,8,0,0,0,64,0,92,0,0,0,3,0,64,0,173,4,91,5,0,7,187,0,34,1,56,0,9,20,47,0,2,0,0,0,0,0,0,0,0,0,0,0,0,0,0,0,11,0,0,0,0,0,0,0,6,0,0,0,0,0,0,0,0,0,0,0,0,0,0,0,0,0,0,0,0,0,0,0,0,0,0,0,0,0,0,0,11,0,0,0,126,0,59,0,24,0,121,0,113,0,74,0,0,0,76,0,5,0,0,0,1,0,0,0,0,0,264,0,66,0,305,0,43,0,0,0,14,0,72,0,52,0,530,0,69,0,0,2,0,0,0,0,0,0,0,0,5,0,0,0,0,0,0,0,0,0,0,0,0,0,0,0,9,0,0,0,0,0,0,0,7,0,0,0,0,377,0,0,0,163,32,771,623,12,155,0
6,0,5,0,0,0,5,0,92,50,0,0,0,0,3,0,2,0,0,0,0,0,0,0,1,0,0,0,0,0,0,0,0,0,0,0,0,0,0,0,0,0,0,0,0,0,0,0,0,0,0,0,67,0,36,31,220,7,0,20,92,1,23,1,257,13,138,173,0,0,0,0,0,0,0,0,0,0,0,0,0,0,0,0,1,0,0,0,0,0,0,0,0,0,0,0,0,0,0,0,0,0,0,0,7,0,0,0,0,0,0,0,0,0,0,0,0,0,0,0,0,0,0,0,26,0,7,0,0,0,51,0,0,0,0,0,11,0,0,0,0,0,9,0,21,2,8,0,25,0,21,0,1,0,131,5,152,0,5,0,66,5,0,0,0,0,0,0,26,0,164,0,0,0,4,0,20,0,2,0,12,0,0,0,17,8,0,0,0,0,0,0,0,0,0,0,0,0,0,0,0,0,0,0,0,0,0,0,19,0,715,59,332,617,600,0,95,0,10,0,0,0,0,0,0
0,10,0,0,0,0,0,30,30,26,0,7,0,0,0,0,0,2,0,0,0,0,0,0,0,3,0,0,0,0,0,3,0,0,0,0,0,0,0,0,0,0,0,25,0,0,0,0,0,0,0,0,6,32,21,70,11,187,20,0,0,107,0,38,9,171,69,302,0,6,0,0,0,0,0,0,0,5,0,0,0,0,0,0,0,0,0,0,0,0,0,0,0,0,0,0,0,0,0,0,0,0,0,2,0,0,0,0,0,0,0,0,0,0,0,0,0,0,0,0,0,0,0,0,0,9,0,0,0,0,0,48,0,0,0,12,0,10,0,0,0,0,0,0,0,19,0,9,0,4,0,5,0,2,0,72,0,103,0,53,0,110,0,32,0,9,0,0,0,38,0,197,0,0,0,7,0,0,0,0,0,0,0,0,4,0,0,0,0,1,0,0,0,0,0,0,0,0,0,0,0,0,0,1,0,0,0,0,0,38,0,1,0,0,760,0,0,0,373,46,894,774,48,121,0
131,0,25,0,0,0,453,0,350,0,0,0,0,0,0,0,8,0,0,0,0,0,0,0,45,0,0,0,0,0,0,0,0,0,0,0,25,0,8,0,0,0,0,0,0,0,0,0,6,0,0,0,29,0,74,11,17,0,92,0,0,0,9,0,0,0,0,0,0,0,13,0,0,0,0,0,0,0,0,0,0,0,0,0,0,0,0,0,0,0,0,0,0,0,0,0,0,0,0,0,0,0,0,0,0,0,0,0,0,0,0,0,0,0,0,0,0,0,0,0,0,0,0,0,0,0,0,0,0,0,0,0,0,0,0,0,0,0,42,0,96,0,21,0,144,0,0,0,0,0,0,0,0,0,27,0,68,0,6,0,0,0,2,0,1,0,1,0,0,0,74,0,97,0,0,0,124,0,0,0,0,0,25,0,18,0,0,0,0,0,0,0,0,0,0,0,0,0,0,0,0,0,0,0,0,0,0,0,0,0,3,3,30,21,4,0,1,0,0,0,0,0,0,0,0
0,206,0,0,0,0,0,218,0,381,0,4,0,0,0,0,2,0,0,0,0,0,0,0,0,26,0,0,0,1,0,0,0,0,0,6,0,16,0,7,0,0,0,0,0,13,0,6,0,4,0,2,0,84,0,149,0,34,1,107,0,0,0,24,0,0,0,82,0,0,0,0,0,0,0,0,0,0,0,0,0,0,0,0,0,0,0,0,0,0,0,0,0,0,0,0,0,0,0,0,0,0,0,0,0,0,0,0,0,0,0,0,0,0,0,0,0,0,0,0,0,0,0,0,0,0,0,0,0,0,0,0,0,0,0,0,0,0,0,38,0,39,0,18,0,47,0,0,0,0,0,0,0,0,0,9,0,194,0,30,0,0,0,0,0,0,0,0,0,0,0,26,0,35,0,0,11,76,0,0,0,0,0,20,0,6,0,0,0,0,0,0,0,0,0,0,0,0,0,0,0,0,0,0,0,0,0,0,0,0,0,0,0,0,0,0,0,0,0,75,18,4,0,0,0
49,0,12,0,0,0,618,0,368,22,0,0,0,0,11,0,289,0,57,0,260,0,19,0,171,0,179,0,52,0,85,0,43,0,39,0,54,0,37,0,0,0,69,0,125,0,0,0,5,0,0,0,71,0,51,30,7,1,23,0,9,0,0,4,0,0,0,0,0,0,34,0,8,0,56,0,0,0,0,0,0,0,0,0,62,0,59,0,0,0,0,0,0,0,0,0,0,0,95,0,0,0,0,0,0,0,0,0,0,0,0,0,0,0,0,0,0,0,0,0,0,0,67,0,0,0,0,0,0,0,0,0,0,0,0,0,59,0,81,0,124,0,89,0,17,0,0,0,0,0,0,0,0,0,51,0,10,0,32,0,2,0,0,0,0,0,0,0,0,0,7,0,23,0,0,0,60,9,0,0,0,0,43,0,0,0,0,0,0,0,0,0,0,0,0,0,0,0,0,0,0,0,0,0,0,0,0,0,0,0,7,24,29,19,0,0,0,0,0,0,0,0,0,0,0
16,134,0,5,0,6,61,296,18,345,0,0,0,0,0,0,0,191,0,55,0,203,0,86,65,28,0,148,0,48,0,29,0,46,0,60,0,29,0,27,0,0,0,72,0,84,0,0,0,3,0,11,0,102,0,273,0,56,1,38,0,24,4,0,0,0,0,0,0,0,0,0,0,0,0,0,0,0,0,0,0,0,0,0,0,0,0,0,0,0,0,0,0,0,0,0,0,0,0,0,0,0,0,0,0,0,0,0,0,0,0,0,0,0,0,0,0,0,0,0,0,0,0,0,0,0,0,0,0,51,0,2,0,0,0,36,0,98,0,184,0,99,0,168,0,22,0,0,0,0,0,0,0,0,0,75,0,31,0,71,0,13,0,0,0,0,0,0,0,0,0,2,0,0,0,0,24,97,0,0,0,0,0,42,0,0,0,0,0,0,0,0,0,0,0,0,0,0,0,0,0,0,0,0,0,0,0,0,0,0,0,0,0,0,3,0,0,0,1,0,2,0,0,0,0
27,0,59,0,74,0,102,0,132,0,28,0,0,0,0,0,0,0,0,0,0,0,0,0,0,0,0,0,0,0,0,0,0,0,0,0,0,0,0,0,0,0,0,0,0,0,0,0,2,0,2,0,0,0,11,0,110,0,257,9,0,0,0,0,0,27,199,11,0,0,0,0,0,0,0,0,0,0,0,0,0,0,0,0,0,0,0,3,0,0,0,0,0,0,0,0,0,0,0,0,0,0,0,0,0,0,1,0,0,0,0,0,0,0,0,0,0,0,0,0,0,0,0,2,15,4,0,0,0,0,34,0,0,0,0,0,0,0,0,0,0,13,0,0,49,11,6,0,11,10,14,0,2,0,17,24,11,0,12,21,384,67,0,0,0,0,0,0,0,0,0,0,0,0,19,0,0,0,0,0,166,41,0,0,122,0,0,0,0,0,0,0,0,0,0,0,0,0,0,0,0,0,0,0,0,0,0,0,5,0,138,3,0,0,167,0,0,0,26,0,68,0,0,0,0
0,106,0,0,0,0,0,0,0,179,0,15,0,0,0,0,0,0,0,0,0,0,0,0,0,0,0,0,0,0,0,0,0,0,0,0,0,0,0,0,0,0,0,0,0,0,0,0,0,0,0,0,0,0,1,19,18,9,13,171,0,0,0,0,27,0,21,279,0,0,0,0,0,8,0,20,0,0,0,0,0,0,0,0,0,0,0,0,0,0,0,0,0,0,0,0,0,0,0,0,1,0,0,0,0,0,0,0,0,0,0,0,0,0,0,0,0,0,0,0,0,0,0,2,0,10,0,7,0,5,16,13,0,0,0,25,0,9,0,60,0,12,0,0,20,148,0,64,6,133,0,65,0,12,16,57,0,0,39,40,67,69,5,123,0,0,0,0,0,0,0,0,0,0,0,22,0,0,0,0,50,177,0,0,7,57,0,0,0,0,0,0,0,0,0,0,0,0,0,0,0,0,0,0,0,6,0,6,0,36,0,0,0,0,554,0,0,0,295,15,403,0,0,7,0
7,0,13,0,0,0,48,2,96,14,17,0,7,0,0,2,0,0,0,0,0,0,0,0,0,0,0,0,0,0,0,0,0,0,0,0,0,0,0,0,0,0,0,0,8,0,0,0,0,0,0,0,22,0,49,15,143,20,138,69,0,0,0,0,199,21,0,293,0,0,0,0,0,0,0,0,0,0,0,0,0,0,0,0,0,0,0,0,0,0,0,0,0,0,0,0,0,0,0,0,0,0,0,0,0,0,0,0,0,0,0,0,0,0,0,0,0,0,0,0,0,0,0,0,1,0,0,0,3,0,8,0,0,0,0,0,0,0,0,0,0,0,0,0,30,1,2,0,2,0,0,0,0,0,141,19,104,1,0,14,57,14,0,0,2,0,0,0,14,0,77,0,0,0,28,0,79,0,0,0,85,10,0,0,294,8,0,0,0,0,0,0,0,0,0,0,0,0,0,0,0,0,0,0,0,0,1,0,0,0,512,73,191,368,381,0,0,0,7,2,9,0,0,0,0
0,27,0,0,0,0,0,15,120,157,0,3,0,0,0,0,0,0,0,0,0,0,0,0,5,0,0,0,0,0,0,0,0,0,0,0,0,0,0,2,0,0,0,0,0,0,0,0,1,0,0,0,13,29,86,42,98,47,173,302,0,82,0,0,11,279,293,0,0,0,0,0,0,0,0,0,0,0,0,0,0,0,0,0,0,0,0,0,0,0,0,0,0,0,0,0,0,0,0,0,0,0,0,2,0,0,0,0,0,0,0,0,0,0,0,0,0,0,0,0,0,0,0,0,0,17,0,0,0,0,0,38,0,12,0,0,0,0,0,0,0,0,0,0,0,65,0,21,0,99,0,10,0,0,0,93,0,108,0,58,10,106,0,0,0,0,0,0,0,0,11,0,1,0,0,33,11,0,0,0,15,25,0,0,13,117,0,0,0,0,0,0,0,0,0,0,0,0,0,0,0,0,0,0,0,0,0,0,0,31,20,0,0,5,871,0,0,0,480,51,442,671,50,85,0
0,0,0,0,0,0,0,0,0,0,0,0,0,0,0,0,0,0,0,0,0,0,0,0,0,0,0,0,0,0,0,0,0,0,0,0,0,0,0,0,0,0,0,0,0,0,0,0,20,0,12,0,0,0,0,0,0,0,0,0,0,0,0,0,0,0,0,0,0,0,0,0,28,0,0,0,106,0,58,0,0,0,32,0,0,0,21,0,9,0,0,0,31,0,27,0,0,0,0,0,0,0,246,0,44,0,0,0,78,0,0,0,7,0,1,0,0,0,0,0,0,0,0,0,0,0,0,0,0,0,0,0,0,0,0,0,0,0,0,0,0,0,0,0,0,0,0,0,0,0,0,0,0,0,1,0,0,0,0,0,0,0,0,0,30,0,0,0,95,0,0,0,0,0,0,0,0,0,0,0,0,0,0,0,0,0,0,0,0,0,0,0,0,0,0,0,0,0,0,0,54,0,0,0,0,0,0,0,0,0,120,0,154,0,20,98,137,0,0,0,0,0,0,0,0
0,0,0,0,0,0,0,0,0,0,0,0,0,0,0,0,0,0,0,0,0,0,0,0,0,0,0,0,0,0,0,0,0,0,0,0,0,0,0,0,0,0,0,0,0,23,0,0,0,8,0,6,0,0,0,0,0,2,0,6,0,0,0,0,0,0,0,0,0,0,0,0,0,11,0,0,0,66,0,0,0,0,0,25,0,1,0,7,0,17,0,0,0,21,0,47,0,0,0,1,0,0,0,129,0,26,0,19,0,10,0,6,0,16,0,2,0,2,0,3,0,0,0,0,0,0,0,0,0,0,0,0,0,0,0,0,0,0,0,0,0,0,0,0,0,0,0,0,0,1,0,0,0,0,0,0,0,0,0,0,0,0,0,0,0,22,0,0,0,40,0,0,0,0,0,0,0,0,0,0,0,0,0,0,0,0,0,0,0,0,0,0,0,0,0,22,0,3,0,0,0,0,0,0,0,0,0,0,0,0,0,0,0,0,0,0,0,0,61,22,171,5,38,101,1
0,0,0,0,0,0,0,0,0,0,0,0,0,0,0,0,29,0,0,0,104,0,0,0,0,0,0,0,16,0,32,0,0,0,0,0,187,0,0,0,4,0,75,0,127,0,0,0,1,0,55,0,16,0,0,0,0,0,0,0,13,0,34,0,0,0,0,0,0,0,0,0,137,0,59,0,17,0,99,0,0,0,8,0,15,0,0,0,0,0,0,0,0,0,0,0,0,0,0,0,0,0,0,0,0,0,0,0,0,0,0,0,0,0,0,0,0,0,0,0,11,0,24,0,20,0,0,0,0,6,0,21,0,0,133,0,25,0,1,9,91,0,70,0,140,0,0,0,51,0,57,0,0,0,0,0,15,0,0,0,0,4,82,0,0,0,46,0,13,0,42,0,43,0,109,0,0,0,0,0,123,22,0,0,26,0,0,0,0,0,0,0,0,0,0,0,0,0,0,0,20,0,0,0,0,0,0,0,0,0,25,0,0,0,6,0,4,0,0,0,0,0,0,0,0
0,0,0,0,0,0,0,0,0,0,0,0,0,0,0,0,0,0,0,0,0,0,0,0,0,0,0,0,0,0,0,0,0,0,0,0,0,20,0,0,0,0,0,27,0,50,0,0,0,0,0,16,0,0,0,0,0,0,0,0,0,0,0,0,0,0,0,0,0,0,0,0,0,115,0,140,0,28,0,0,0,0,0,0,0,10,0,32,0,0,0,0,0,0,0,0,0,0,0,0,0,0,0,0,0,0,0,0,0,0,0,0,0,0,0,0,0,0,0,0,0,6,0,12,0,26,13,0,0,0,0,0,0,0,0,33,0,0,0,0,0,22,0,0,0,109,0,0,20,0,0,187,0,0,0,0,0,7,0,0,7,0,0,61,0,0,0,0,0,9,0,22,0,0,0,0,0,0,0,0,0,77,0,0,0,9,0,0,0,0,0,0,0,0,0,0,0,0,0,0,0,0,0,0,0,0,0,0,0,174,0,0,0,0,5,0,0,0,35,0,15,0,0,0,0
0,0,0,0,0,0,5,0,0,0,0,0,0,0,0,0,0,0,0,0,0,0,0,0,0,0,0,0,0,0,0,0,0,0,0,0,0,0,0,0,0,0,0,0,0,0,0,0,0,0,0,0,0,0,0,0,0,0,0,0,0,0,8,0,0,0,0,0,28,0,137,0,0,0,125,0,90,0,194,0,0,0,34,0,8,0,3,0,0,0,0,0,0,0,0,0,0,3,0,0,0,0,2,0,0,0,0,0,1,0,0,0,0,0,0,0,0,0,0,0,147,0,23,0,56,0,22,0,6,0,0,0,0,0,235,0,41,0,0,0,52,0,88,0,62,0,0,0,25,0,88,0,28,2,0,0,0,0,0,0,0,0,107,0,0,0,0,0,23,0,21,0,12,0,92,0,0,0,0,0,117,18,0,0,3,0,0,0,0,0,0,0,0,0,0,0,2,0,254,0,85,0,0,0,0,0,0,0,135,0,311,5,30,0,23,0,13,0,0,0,0,0,0,0,0
0,0,0,0,0,0,0,0,0,0,0,0,0,0,0,0,0,0,0,0,0,0,0,0,0,0,0,0,0,0,0,0,0,0,0,0,0,0,0,0,0,0,0,0,0,0,0,0,0,0,0,0,0,0,0,0,0,0,0,0,0,0,0,0,0,8,0,0,0,11,0,115,0,0,0,386,0,277,0,71,0,16,0,0,0,66,0,122,0,0,0,0,0,3,0,0,27,0,0,0,6,0,0,3,0,0,10,0,0,0,0,0,0,0,0,0,0,3,0,0,0,80,0,37,0,80,0,115,0,0,0,36,24,0,0,213,0,108,0,0,0,22,0,0,0,107,42,160,0,0,0,320,32,0,1,0,0,5,0,0,0,0,0,53,0,0,0,0,0,20,0,12,0,0,0,69,0,0,0,0,59,162,0,0,0,0,0,0,0,0,0,0,0,0,0,16,0,0,0,0,3,128,0,351,0,0,0,0,0,0,0,0,0,10,19,0,0,0,150,0,0,0,0,0,0
0,0,0,0,0,0,0,0,0,0,0,0,0,0,0,0,41,0,0,0,121,0,0,0,5,0,0,0,23,0,38,0,0,0,0,0,163,0,35,0,0,0,86,0,70,0,0,0,0,0,0,0,25,0,0,0,0,0,0,0,0,0,56,0,0,0,0,0,0,0,59,0,125,0,0,0,13,0,182,0,6,3,13,0,109,0,16,0,0,0,0,0,0,0,2,0,12,2,3,4,0,0,0,0,0,0,0,0,0,0,0,0,0,0,0,0,0,0,0,0,61,0,63,0,0,0,0,0,0,0,0,14,0,0,97,0,0,0,0,0,88,0,139,2,85,0,0,0,0,0,0,0,0,0,1,0,6,0,0,0,3,0,36,0,0,0,0,0,10,0,27,0,0,0,83,0,0,0,0,0,102,18,0,0,10,0,0,0,0,0,0,0,0,0,0,0,0,0,109,0,35,0,0,0,0,0,0,0,0,2,51,0,0,0,9,1,2,0,0,0,0,0,0,0,0
0,0,0,0,0,0,0,0,0,0,0,0,0,0,0,0,0,0,0,0,0,0,0,0,0,0,0,0,0,0,0,0,0,0,0,0,0,0,0,0,0,0,0,0,0,164,0,0,0,4,0,34,0,0,0,0,0,0,0,0,0,0,0,0,0,20,0,0,0,0,0,140,0,386,0,0,0,90,0,39,0,0,0,0,0,91,0,164,0,0,0,0,0,0,0,0,19,0,0,0,0,0,0,0,0,0,0,0,0,0,0,0,0,0,0,0,0,0,0,0,0,140,0,58,0,0,45,0,0,0,17,4,0,0,0,170,0,0,0,0,0,76,0,65,0,239,0,0,24,72,0,0,20,98,0,0,0,4,3,0,10,0,0,93,0,0,0,33,0,43,0,27,0,17,0,47,0,0,0,0,34,134,0,0,0,9,0,0,0,0,0,0,0,0,0,0,0,0,0,0,0,60,0,0,0,0,0,0,0,509,0,0,0,0,15,0,0,0,75,7,28,0,0,0,0
0,0,0,0,0,0,0,0,0,0,0,0,0,0,0,0,0,0,0,0,0,0,0,0,0,0,0,0,0,0,0,0,0,0,0,0,0,0,0,0,0,0,0,0,0,0,0,0,0,0,0,0,0,0,2,0,4,0,0,0,0,0,0,0,0,0,0,0,106,0,17,0,90,0,13,0,0,0,40,0,0,0,36,1,0,0,19,0,0,0,0,0,0,0,0,0,32,0,22,0,0,0,132,0,45,0,25,0,11,0,0,0,0,0,0,0,5,0,0,0,21,0,0,0,0,0,0,1,0,0,0,0,0,0,0,0,0,0,0,0,0,0,0,0,0,0,0,0,0,0,0,0,0,0,0,0,0,0,0,0,0,0,6,0,10,0,0,0,21,0,0,0,0,0,0,0,0,0,0,0,0,0,0,0,0,0,0,0,0,0,39,0,144,0,32,0,0,0,0,0,69,0,0,0,0,0,0,0,0,0,89,1,66,0,0,16,7,0,0,0,0,0,0,0,0
0,0,0,0,0,0,0,0,0,0,0,0,0,0,0,0,0,0,0,0,0,0,0,0,0,0,0,0,0,0,0,0,0,0,0,0,0,0,0,0,0,0,0,0,0,26,0,0,0,1,0,11,0,0,0,0,0,0,0,5,0,0,0,0,0,0,0,0,0,66,0,28,0,277,0,90,0,0,0,54,0,52,0,39,0,0,0,196,0,0,0,0,0,9,0,21,0,0,0,0,0,0,0,26,0,0,0,0,0,11,0,0,0,0,0,5,0,41,0,0,0,33,0,4,0,0,0,0,0,0,0,0,0,0,0,0,0,0,0,0,0,6,0,5,0,0,0,0,0,0,0,0,0,0,0,0,0,0,0,0,0,0,0,0,0,18,0,0,0,93,0,0,0,0,0,0,0,0,0,0,0,0,0,0,0,0,0,0,0,139,0,0,0,0,0,54,0,0,0,0,0,57,0,0,1,0,0,0,0,0,0,0,3,0,15,0,0,0,74,0,82,0,8,9,0
0,0,0,0,0,0,0,0,0,0,0,0,0,0,0,0,0,0,0,0,0,0,0,0,0,0,0,0,0,0,0,0,0,0,0,0,0,0,0,0,0,0,0,0,0,0,0,0,3,0,0,0,0,0,0,0,0,0,0,0,0,0,0,0,0,0,0,0,58,0,99,0,194,0,182,0,40,0,0,0,16,0,95,1,79,0,62,0,0,0,0,0,24,0,22,0,47,0,37,0,0,0,32,0,0,0,0,0,9,0,0,0,0,0,0,0,7,0,0,0,303,0,58,0,0,0,0,0,0,0,0,0,0,0,184,0,0,0,0,0,84,0,106,0,26,0,0,0,0,0,0,0,0,0,0,0,0,0,0,0,0,0,31,0,12,0,0,0,39,0,0,0,0,0,0,0,0,0,0,0,0,0,0,0,0,0,0,0,0,0,0,0,197,0,0,0,0,0,305,0,170,0,259,0,0,0,0,0,0,5,242,0,49,0,10,11,17,0,0,0,0,0,0,0,0
