0,47,139,59,83,0,71,90,99,0,93,0,77,1,53,0,43,33,44,0,0,0,3,32,8,125,76,0,0,0,0,0,50,0,0,0,40,0,491,0,12,0,0,0,0,0,0,0,6,0,0,0,0,0,3,0,9,0,10,0,88,0,267,6,3,0,7,0,0,0,0,0,0,0,0,0,0,0,0,0,0,0,0,0,0,0,0,0,0,0,0,0,0,0,0,0,0,0,0,0,0,0,0,0,0,0,0,0,0,0,0,0,0,0,0,0,0,0,0,0,0,0,0,0,0,0,1,0,0,0,0,0,0,0,0,0,0,0,0,0,0,0,0,0,0,0,4,0,3,0,0,0,0,0,0,0,0,0,0,0,0,0,0,0,0,0,0,0,6,0,18,0,367,0,0,0,639,129,9,0,0,0,137,0,17,0,0,0,0,0,0,0,0,0,0,0,0,0,0,0,0,0,0,0,0,0,0,0,0,0,512,36,107,114,349,4,0,0,6,0,9,0,0,0,0
47,0,85,42,0,186,0,50,0,27,0,190,0,134,0,61,52,67,0,228,0,20,77,28,107,45,0,265,0,71,0,14,3,0,0,20,0,58,0,240,0,117,0,0,0,17,0,180,0,38,0,0,0,0,0,6,0,3,0,7,0,220,18,282,0,79,0,55,0,0,0,0,0,0,0,0,0,0,0,0,0,9,0,0,0,0,0,0,0,0,0,8,0,0,0,4,0,5,0,0,0,0,0,0,0,0,0,0,0,0,0,0,0,0,0,0,0,0,0,0,0,1,0,0,0,11,0,13,0,0,0,18,0,0,0,0,0,0,0,0,0,0,0,7,0,1,0,4,0,21,0,28,0,0,1,5,0,8,0,0,0,3,0,0,0,0,0,21,0,15,0,0,8,217,0,7,179,551,0,6,0,0,8,27,0,43,0,3,0,0,0,0,0,0,0,0,0,0,0,0,0,4,0,0,0,0,0,0,0,5,0,0,4,0,655,0,0,0,905,220,227,209,0,13,0
139,85,0,116,256,0,96,0,32,0,45,22,73,0,213,71,56,38,34,0,38,7,170,112,58,96,79,0,210,36,77,11,118,0,0,0,25,0,357,27,0,0,0,0,0,0,0,0,4,0,0,0,0,0,6,0,0,0,0,0,16,4,91,0,0,0,0,0,0,0,3,0,0,0,0,0,0,0,0,0,0,0,0,0,0,1,0,0,0,0,0,0,0,0,0,0,0,0,0,0,0,0,0,0,0,0,0,0,0,0,0,0,0,0,0,0,0,0,0,0,0,0,0,0,0,0,0,0,0,0,3,0,0,0,0,0,0,0,0,0,0,0,0,2,0,0,0,0,0,0,25,0,10,0,0,0,0,0,0,0,0,0,0,0,0,0,0,0,7,0,5,0,171,0,0,0,350,141,4,0,0,0,32,0,0,0,0,0,0,0,0,0,0,0,0,0,0,0,0,0,0,0,0,0,0,0,0,0,0,0,428,17,213,167,378,1,3,0,16,0,20,0,0,0,0
59,42,116,0,96,308,0,91,0,0,59,29,0,25,0,240,46,38,0,133,0,56,125,268,0,100,0,101,0,175,0,0,0,50,0,0,0,30,12,150,0,17,0,0,0,0,0,39,0,3,0,0,0,0,0,36,0,8,0,0,0,4,0,0,0,15,0,4,0,0,0,0,0,0,0,0,0,0,0,0,0,0,0,0,0,0,0,0,0,0,0,0,0,0,0,0,0,0,0,0,0,0,0,0,0,0,0,0,0,0,0,0,0,0,0,0,0,0,0,0,0,0,0,0,0,13,0,9,0,0,0,16,0,0,0,34,0,37,0,0,0,0,0,0,0,0,0,13,0,0,0,22,0,8,0,1,0,0,0,0,0,4,0,0,0,0,0,57,0,18,0,0,0,180,0,0,103,156,7,1,0,0,5,4,0,4,0,0,0,0,0,0,0,0,0,0,0,0,0,0,0,0,0,0,0,0,0,0,0,20,0,0,0,0,254,0,0,0,337,69,283,97,0,0,0
83,0,256,96,0,449,25,0,102,0,251,145,212,126,518,236,10,0,136,167,336,99,103,169,12,0,142,0,51,30,292,55,459,55,201,22,188,0,67,17,19,0,1,0,0,0,46,0,1,0,0,0,0,0,0,0,0,0,0,0,0,0,0,0,0,0,1,0,0,0,0,0,0,0,0,0,0,0,0,0,0,0,0,0,0,0,0,0,0,0,0,0,0,0,0,0,0,0,0,0,0,0,0,0,0,0,0,0,0,0,0,0,0,0,0,0,0,0,0,0,3,0,0,0,0,0,0,0,0,0,0,0,0,0,0,0,0,0,0,0,0,0,0,0,0,0,0,0,17,0,43,0,26,0,0,0,0,0,0,0,0,0,0,0,0,0,107,0,44,3,0,0,151,0,0,0,319,125,92,0,0,0,66,0,92,0,0,0,0,0,0,0,0,0,0,0,0,0,0,0,0,0,0,0,0,0,0,0,16,0,470,121,393,0,317,2,0,0,0,0,54,3,0,0,0
0,186,0,308,449,0,0,77,0,18,155,614,338,335,557,172,0,0,187,242,239,134,134,248,0,3,0,129,0,89,61,143,0,205,29,208,0,191,0,69,0,46,0,0,0,0,0,73,0,0,0,0,0,0,0,0,0,0,0,0,0,2,0,0,0,12,0,0,0,0,0,0,0,0,0,0,0,0,0,0,0,0,0,0,0,0,0,0,0,0,0,0,0,0,0,0,0,0,0,0,0,0,0,0,0,0,0,0,0,0,0,0,0,0,0,0,0,0,0,0,0,0,0,0,0,8,0,9,0,0,0,0,0,0,0,0,0,0,0,0,0,0,0,0,0,0,0,0,0,9,0,0,0,0,0,0,0,0,0,0,0,0,0,0,2,0,0,132,0,42,0,0,0,119,0,0,142,340,90,34,0,30,0,32,0,13,0,29,0,0,0,0,0,0,0,0,0,0,0,0,0,0,0,0,0,0,0,3,0,0,0,0,0,0,290,0,0,0,468,200,343,0,0,0,0
71,0,96,0,25,0,0,0,51,70,12,0,0,1,33,0,33,0,0,0,10,0,23,0,280,82,0,0,5,0,1,0,0,0,1,0,0,0,40,0,0,0,0,0,0,0,0,0,39,0,0,0,146,0,161,44,27,0,73,0,204,0,416,31,22,0,26,0,0,0,0,0,0,0,0,0,0,0,0,0,0,0,0,0,2,0,0,0,0,0,0,0,0,0,0,0,0,0,0,0,0,0,0,0,0,0,0,0,0,0,0,0,0,0,0,0,0,0,0,0,0,0,0,0,89,0,51,0,35,0,71,0,23,0,9,0,0,0,4,0,1,0,4,0,0,0,47,0,44,0,60,0,0,0,6,0,0,0,3,0,24,0,0,0,0,0,0,1,16,0,76,0,216,0,0,0,141,71,0,0,0,0,12,0,0,0,0,0,0,0,0,0,0,0,0,0,0,0,0,0,0,0,0,0,0,0,0,0,25,0,541,37,107,174,497,0,25,0,0,0,0,0,0,0,0
90,50,0,91,0,77,0,0,90,43,0,23,0,27,0,39,29,34,0,111,0,0,0,25,141,222,0,101,0,115,0,0,0,0,0,0,0,0,0,202,0,54,0,0,0,4,0,73,0,0,0,0,0,53,47,223,0,21,0,11,12,157,58,590,0,24,0,33,0,0,0,0,0,0,0,0,0,0,0,0,0,0,0,0,0,0,0,0,0,0,0,0,0,0,0,0,0,0,0,0,0,0,0,0,0,0,0,0,0,0,0,0,0,0,0,0,0,0,0,0,0,0,0,0,0,25,0,23,0,6,0,15,0,10,0,28,0,52,0,0,0,0,0,0,0,0,0,23,0,12,0,26,0,12,0,7,0,22,0,0,0,10,0,0,0,0,0,8,0,21,0,26,0,202,0,0,158,202,0,0,0,0,0,0,0,5,0,0,0,0,0,0,0,0,0,0,0,0,0,0,0,0,0,0,0,0,0,10,0,27,0,4,0,0,991,0,0,0,721,68,309,580,1,38,0
99,0,32,0,102,0,51,90,0,169,35,0,23,0,102,0,3,0,51,0,7,0,15,0,18,43,30,0,0,0,8,0,0,0,6,0,0,0,31,0,9,0,0,0,0,0,9,0,24,0,0,0,261,53,105,191,18,9,55,47,248,0,315,39,107,0,43,55,0,0,0,0,0,0,0,0,0,0,0,0,0,0,0,0,0,0,0,0,0,0,0,0,0,0,0,0,0,0,0,0,0,0,0,0,0,0,0,0,0,0,0,0,0,0,0,0,0,0,0,0,0,0,0,0,57,0,0,0,12,0,49,0,6,0,0,0,0,0,0,0,0,0,0,0,1,0,44,0,68,0,42,0,6,0,7,1,45,0,0,0,7,0,2,0,0,0,0,0,15,0,217,0,160,0,0,0,491,78,0,0,0,0,17,0,120,15,0,0,0,0,0,0,0,0,0,0,0,0,0,0,0,0,0,0,0,0,1,0,3,0,469,97,89,106,303,0,34,0,7,0,0,0,0,0,0
0,27,0,0,0,18,70,43,169,0,0,19,0,0,0,30,0,0,0,77,0,0,0,0,127,21,0,20,0,4,0,0,0,0,0,2,0,0,0,5,0,0,0,0,0,4,0,0,0,0,0,0,60,82,221,96,0,91,0,79,0,95,30,254,0,215,12,218,0,1,0,0,0,0,0,0,0,0,0,0,0,0,0,0,0,0,0,0,0,0,0,0,0,0,0,0,0,0,0,0,0,0,0,0,0,0,0,0,0,0,0,0,0,0,0,0,0,0,0,0,0,0,0,0,0,22,0,24,0,0,0,42,0,0,0,8,0,24,0,0,0,0,0,0,0,0,0,11,0,49,0,30,0,15,0,7,0,60,0,0,0,13,0,0,0,0,0,10,0,8,0,41,0,93,0,0,149,547,0,5,0,6,0,12,0,151,0,0,0,0,0,0,0,0,0,0,0,0,0,0,0,0,0,0,0,0,0,7,0,19,4,0,0,0,457,0,0,0,441,77,75,285,2,15,0
93,0,45,59,251,155,12,0,35,0,0,0,505,0,89,147,22,0,76,0,144,0,9,81,0,0,205,0,0,0,99,0,399,27,48,0,216,0,48,0,82,0,0,0,7,0,167,0,0,0,20,0,0,0,0,0,0,0,0,0,0,0,0,0,0,0,0,0,0,0,0,0,0,0,0,0,0,0,0,0,0,0,0,0,0,0,0,0,0,0,0,0,0,0,0,0,0,0,0,0,0,0,0,0,0,0,0,0,0,0,0,0,0,0,0,0,0,0,0,0,0,0,0,0,0,0,0,0,0,0,0,0,0,0,0,0,0,0,0,0,0,0,0,0,0,0,0,0,0,0,4,0,0,0,0,0,0,0,0,0,0,0,0,0,0,0,49,0,6,0,3,0,54,0,0,0,372,91,190,0,38,0,118,0,53,0,9,0,0,0,0,0,0,0,0,0,0,0,0,0,0,0,0,0,0,0,0,0,0,0,231,66,131,0,127,1,0,0,0,0,35,0,0,0,0
0,190,22,29,145,614,0,23,0,19,0,0,37,386,159,8,0,0,27,42,81,41,68,67,0,0,0,156,0,20,0,85,0,131,0,65,0,77,0,27,0,166,0,2,0,11,0,150,0,43,0,0,0,0,0,0,0,3,0,0,0,0,0,0,0,3,0,0,0,0,0,0,0,0,0,0,0,0,0,0,0,0,0,0,0,0,0,0,0,0,0,0,0,0,0,0,0,2,0,0,0,0,0,0,0,0,0,0,0,0,0,0,0,0,0,0,0,0,0,0,0,0,0,0,0,0,0,0,0,0,0,0,0,0,0,0,0,0,0,0,0,0,0,0,0,0,0,0,0,0,0,0,0,0,0,0,0,0,0,0,0,0,0,1,0,0,6,49,0,0,0,2,2,0,0,0,52,303,21,7,0,114,0,80,0,50,0,5,0,0,0,0,0,0,0,0,0,0,0,0,0,0,0,0,0,0,0,0,0,0,0,0,0,0,70,0,0,0,129,61,91,0,0,0,0
77,0,73,0,212,338,0,0,23,0,505,37,0,520,96,63,0,0,158,685,103,123,0,3,0,0,188,331,0,0,87,0,16,6,387,50,85,29,0,0,324,0,12,0,0,13,310,23,64,0,185,0,0,0,0,0,0,0,0,0,0,0,0,0,0,0,0,0,0,0,0,0,0,0,0,0,0,0,0,0,0,0,0,0,0,0,0,0,0,0,0,0,0,0,0,0,0,0,0,0,0,0,0,0,0,0,0,0,0,0,0,0,0,0,0,0,0,0,0,0,0,0,0,0,0,0,0,0,0,0,0,0,0,0,0,0,0,0,0,0,0,0,0,0,0,0,0,0,3,0,0,0,0,0,0,0,0,0,0,0,0,0,0,1,110,0,67,0,32,0,0,0,19,0,0,0,190,139,294,0,0,0,27,0,0,0,308,0,0,0,0,0,0,0,0,0,0,0,0,0,0,0,0,0,0,0,0,0,0,0,137,111,194,0,74,0,0,0,0,0,0,0,0,0,0
1,134,0,25,126,335,1,27,0,0,0,386,520,0,46,0,0,0,290,49,61,10,0,0,0,0,371,71,0,0,0,0,0,0,93,126,0,45,0,0,58,348,0,0,21,0,80,200,0,50,38,43,0,0,0,0,0,0,0,0,0,0,0,0,0,0,0,0,0,0,0,0,0,0,0,0,0,0,0,0,0,0,0,0,0,0,0,0,0,0,0,0,0,0,0,0,0,0,0,0,0,0,0,0,0,0,0,0,0,0,0,0,0,0,0,0,0,0,0,0,0,0,0,0,0,0,0,0,0,0,0,0,0,0,0,0,0,0,0,0,0,0,0,0,0,0,0,0,0,0,0,0,0,0,0,0,0,0,0,0,0,0,0,0,0,0,0,0,0,0,0,0,2,0,0,0,21,639,34,4,0,0,0,9,0,7,115,88,0,0,0,0,0,0,0,0,0,0,0,0,0,0,0,0,0,0,0,0,0,0,0,0,0,0,20,0,0,0,0,37,47,0,0,0,0
53,0,213,0,518,557,33,0,102,0,89,159,96,46,0,145,66,11,314,168,256,83,251,115,83,0,134,0,0,21,81,53,143,57,31,24,29,0,8,6,0,0,0,0,0,0,9,0,0,0,0,1,0,0,52,0,0,0,0,0,0,0,10,0,0,0,0,0,0,0,0,0,0,0,8,0,0,0,0,0,4,3,0,0,0,0,0,0,0,0,0,0,0,0,0,0,0,0,0,0,0,0,0,0,0,0,0,0,0,0,0,0,0,0,0,0,0,0,0,0,0,0,0,0,0,0,0,0,0,0,20,0,0,0,0,0,20,0,0,0,6,0,0,0,0,0,50,0,43,0,159,0,76,0,0,0,0,0,0,0,0,0,1,0,0,0,25,0,0,0,4,0,39,7,0,0,89,52,32,0,0,0,79,0,187,0,0,0,0,0,0,0,0,0,0,0,0,0,0,0,0,0,0,0,0,0,0,0,41,0,162,63,102,0,69,0,0,0,30,20,63,0,0,0,0
0,61,71,240,236,172,0,39,0,30,147,8,63,0,145,0,36,49,27,297,114,258,130,534,0,101,0,30,0,60,21,61,58,74,0,36,22,43,0,28,0,0,0,0,0,0,0,0,0,0,0,0,0,4,0,92,0,0,0,0,0,0,0,0,0,29,0,0,0,0,0,0,0,0,0,3,0,0,0,0,0,88,0,0,0,91,0,0,0,0,0,0,0,0,0,0,0,50,0,76,0,0,0,0,0,0,0,43,0,0,0,0,0,0,0,0,0,0,0,0,0,0,0,15,0,20,0,0,0,4,0,0,0,0,0,265,0,175,0,0,0,0,0,45,0,0,0,18,0,18,0,73,0,16,0,0,0,3,0,0,0,0,0,0,0,0,0,97,0,26,0,5,0,69,0,0,54,110,12,1,0,0,0,12,0,0,0,0,0,0,0,0,0,0,0,0,0,0,0,0,0,27,0,0,0,0,0,33,0,56,0,0,0,0,144,0,0,0,248,137,141,30,0,0,0
43,52,56,46,10,0,33,29,3,0,22,0,0,0,66,36,0,30,137,0,417,0,83,46,292,41,77,0,173,14,84,0,24,0,1,0,6,0,72,8,0,0,0,0,0,0,1,0,0,0,0,0,60,0,66,0,22,0,0,0,0,0,159,1,0,0,0,0,0,0,7,0,0,0,0,0,0,0,0,0,17,0,0,0,210,0,30,0,0,0,0,0,0,0,0,0,142,0,0,0,0,0,0,0,0,0,129,0,0,0,0,0,0,0,0,0,0,0,0,0,0,0,0,0,0,0,0,1,0,0,0,0,28,0,104,0,84,0,110,0,52,0,265,0,21,0,0,0,0,0,67,0,0,0,108,0,3,0,25,0,0,0,0,0,0,0,3,0,0,0,0,0,13,0,0,0,164,33,4,0,0,0,29,0,0,0,0,0,0,0,0,0,0,0,0,0,0,0,0,0,216,0,0,0,0,0,0,0,78,0,21,8,30,0,19,0,0,0,15,0,0,0,0,0,0
33,67,38,38,0,0,0,34,0,0,0,0,0,0,11,49,30,0,0,0,0,199,65,147,19,72,0,0,0,150,0,5,0,4,0,3,0,2,0,35,0,0,0,0,0,0,0,0,0,0,0,3,0,81,0,66,0,33,0,4,0,3,6,238,0,0,0,0,0,0,0,0,0,0,0,0,0,0,0,0,0,63,0,0,0,74,0,0,0,0,0,0,0,0,0,0,0,19,0,0,0,20,0,0,0,0,0,0,0,0,0,0,0,0,0,0,0,0,0,0,0,5,0,11,0,0,0,0,0,29,0,0,0,56,0,297,0,222,0,96,0,9,0,56,0,3,0,0,0,0,0,0,0,1,0,0,0,0,0,26,0,10,0,0,0,0,0,2,0,0,0,0,2,13,0,0,30,123,0,3,0,0,1,17,0,0,0,0,0,0,0,0,0,0,0,0,0,0,0,0,0,0,0,0,0,0,0,10,0,34,3,0,0,0,8,0,0,0,9,26,18,7,0,0,0
44,0,34,0,136,187,0,0,51,0,76,27,158,290,314,27,137,0,0,340,338,54,217,9,64,0,242,185,17,0,30,22,0,0,256,27,43,0,0,0,43,0,0,0,1,0,19,0,4,0,116,11,0,0,0,0,0,0,0,0,1,0,0,0,0,0,0,0,0,0,22,0,0,0,0,0,0,0,0,0,0,0,0,0,232,0,0,0,0,0,0,0,0,0,0,0,0,0,0,0,0,0,0,0,0,0,0,0,0,0,0,0,0,0,0,0,0,0,0,0,0,0,0,0,0,0,0,0,0,0,0,0,0,0,0,0,0,0,0,0,37,0,0,0,35,0,0,0,14,0,121,0,0,0,0,0,0,0,0,0,18,0,0,0,70,0,59,0,50,0,7,0,37,0,0,0,0,25,47,0,0,0,38,0,42,0,30,0,0,0,0,0,0,0,0,0,0,0,0,0,176,0,0,0,0,0,0,0,0,0,260,283,248,60,144,2,0,0,0,0,0,0,0,0,0
0,228,0,133,167,242,0,111,0,77,0,42,685,49,168,297,0,0,340,0,136,200,0,227,0,33,239,358,0,0,0,59,0,17,127,550,32,168,0,0,0,25,38,0,0,36,0,37,0,51,57,92,0,0,0,44,0,0,0,0,0,0,0,0,0,58,0,22,0,0,0,0,0,0,0,0,0,0,0,0,0,0,0,0,0,0,0,0,0,0,0,67,0,0,0,0,0,0,0,0,0,0,0,0,0,0,0,0,0,0,0,0,0,0,0,0,0,0,0,0,0,0,0,0,0,0,0,28,0,0,0,0,0,0,0,0,0,0,0,45,0,0,0,95,0,0,0,29,0,20,0,32,0,0,0,0,0,0,0,0,0,0,0,0,0,0,0,115,0,62,0,0,0,21,0,0,20,99,53,5,0,0,0,15,0,6,61,7,0,0,0,0,0,0,0,0,0,0,0,0,0,0,0,0,0,0,0,0,0,0,0,0,16,0,207,0,0,0,374,300,252,0,0,0,0
0,0,38,0,336,239,10,0,7,0,144,81,103,61,256,114,417,0,338,136,0,47,232,87,83,0,264,77,182,14,170,38,24,28,52,20,48,0,19,0,0,0,5,0,5,2,0,0,0,0,59,0,12,0,37,3,0,0,0,0,0,0,135,0,0,0,0,0,0,0,46,0,0,0,36,0,0,0,0,0,109,0,0,0,518,0,96,0,0,0,0,0,0,0,0,0,524,0,180,0,0,0,0,0,0,0,0,0,0,0,0,0,0,0,0,0,0,0,0,0,41,0,86,0,0,0,0,0,13,0,0,0,0,0,0,0,97,0,85,0,86,0,387,0,113,0,0,0,0,0,0,0,11,0,0,0,11,0,0,0,0,0,14,0,45,0,110,0,98,0,13,0,90,0,2,0,88,28,92,0,0,0,19,0,0,0,10,0,0,0,0,0,0,0,0,0,0,0,0,0,315,0,0,0,0,0,0,0,0,0,280,148,296,0,178,0,0,0,20,8,21,0,0,0,0
0,20,7,56,99,134,0,0,0,0,0,41,123,10,83,258,0,199,54,200,47,0,0,547,0,95,16,140,0,98,0,59,0,28,17,180,0,52,0,11,0,0,0,130,2,46,0,25,0,39,0,33,0,32,0,60,0,0,0,18,0,7,0,45,0,0,0,0,0,0,0,2,0,0,0,0,0,0,0,0,0,120,0,0,1,190,0,0,0,0,0,0,0,0,0,0,0,0,0,0,0,0,0,0,0,0,0,0,0,0,0,0,0,0,0,0,0,0,0,0,0,0,0,45,0,5,0,0,0,17,0,0,0,0,0,578,0,383,0,336,0,317,0,301,0,90,0,0,0,0,0,0,0,0,0,16,0,9,0,0,0,0,0,0,0,0,0,151,0,56,0,0,0,35,0,0,0,83,8,4,0,0,0,0,0,0,0,0,0,0,0,0,0,0,0,0,0,0,0,0,0,0,0,0,0,0,0,0,0,0,0,0,0,0,186,0,0,0,316,228,233,0,0,0,0
3,77,170,125,103,134,23,0,15,0,9,68,0,0,251,130,83,65,217,0,232,0,0,204,117,51,68,0,165,70,94,8,92,14,2,0,31,0,135,39,0,0,0,0,0,0,1,0,0,0,0,0,0,0,51,0,10,0,0,0,0,0,32,0,8,0,0,1,0,0,0,0,0,0,0,0,0,0,0,0,0,0,0,0,24,0,0,0,0,0,0,0,0,0,0,0,0,0,0,0,0,0,0,0,0,0,0,0,0,0,0,0,0,0,0,0,0,0,0,0,0,0,0,0,0,0,0,0,0,0,5,0,0,0,0,0,14,0,0,0,0,0,0,0,0,0,9,0,0,0,60,0,13,0,0,0,0,0,0,0,0,0,0,0,0,0,20,0,0,0,0,0,42,0,0,0,225,99,0,0,0,0,7,0,22,0,0,0,0,0,0,0,0,0,0,0,1,0,0,0,0,0,0,0,0,0,0,0,23,0,90,16,116,63,125,0,0,0,31,0,0,0,0,0,0
32,28,112,268,169,248,0,25,0,0,81,67,3,0,115,534,46,147,9,227,87,547,204,0,12,142,0,0,0,112,0,7,25,10,0,9,0,9,0,10,0,0,0,0,0,0,0,0,0,0,0,0,0,10,0,56,0,11,0,0,0,0,2,52,0,5,0,0,0,0,0,0,0,0,0,0,0,0,0,0,0,65,0,0,0,74,0,17,0,0,0,33,0,0,0,0,0,27,0,49,0,33,0,0,0,0,0,0,0,0,0,0,0,0,0,0,0,0,0,0,0,11,0,9,0,0,0,0,0,10,0,0,0,0,0,235,0,144,0,48,0,34,0,49,0,0,0,0,0,0,0,10,0,0,0,0,0,0,0,0,0,0,0,0,0,0,0,15,0,0,0,0,0,35,0,2,71,341,0,15,0,0,0,8,0,0,0,0,0,0,0,0,0,0,0,0,0,0,0,0,0,16,0,0,0,0,0,0,0,27,0,0,0,0,61,0,0,0,131,75,70,13,0,0,0
8,107,58,0,12,0,280,141,18,127,0,0,0,0,83,0,292,19,64,0,83,0,117,12,0,137,0,0,178,0,15,0,4,0,0,0,0,0,144,8,0,0,0,0,3,0,0,0,0,0,0,0,37,11,104,35,5,0,5,0,26,0,460,36,0,0,0,0,0,0,0,0,0,0,0,0,0,0,0,0,0,0,0,0,0,0,0,0,0,0,0,0,0,0,0,0,0,0,0,0,0,0,0,0,0,0,0,0,0,0,0,0,0,0,0,0,0,0,0,0,0,0,0,0,0,0,24,0,42,0,0,0,0,0,36,0,18,0,10,0,0,0,0,0,0,0,25,0,19,0,88,0,18,0,28,0,0,0,9,0,15,0,0,0,0,0,0,0,7,0,11,0,90,0,0,0,220,70,0,0,0,0,2,0,2,0,0,0,0,0,0,0,0,0,0,0,0,0,0,0,0,0,0,0,0,0,0,0,35,0,176,0,85,108,242,0,13,1,0,0,0,0,0,0,0
125,45,96,100,0,3,82,222,43,21,0,0,0,0,0,101,41,72,0,33,0,95,51,142,137,0,0,0,0,46,0,0,0,0,0,2,0,0,9,0,0,0,0,0,0,0,0,0,0,0,0,0,0,4,8,112,0,15,0,0,0,2,39,79,0,1,0,0,0,0,0,1,0,3,0,0,0,0,0,0,0,0,0,0,0,16,0,5,0,0,0,0,0,0,0,0,0,0,0,6,0,0,0,0,0,0,0,0,0,0,0,0,0,0,0,0,0,0,0,0,0,0,0,0,0,0,0,0,0,0,0,0,0,28,0,94,1,103,0,0,1,1,0,0,0,0,0,0,0,0,1,10,0,0,0,0,0,0,0,14,0,11,0,0,0,1,0,0,0,0,0,0,18,22,0,0,108,231,0,0,0,0,7,8,0,0,0,0,0,0,0,0,0,0,0,0,0,0,0,0,0,12,0,0,0,0,0,2,0,27,0,0,0,3,25,0,0,0,42,46,32,22,0,0,0
76,0,79,0,142,0,0,0,30,0,205,0,188,371,134,0,77,0,242,239,264,16,68,0,0,0,0,789,49,0,81,0,15,0,80,22,105,13,8,0,43,48,106,53,217,66,206,168,38,0,250,0,0,0,0,0,0,0,0,0,0,0,0,0,0,0,0,0,0,0,45,0,0,0,33,0,0,0,0,0,0,0,0,0,0,0,0,0,0,0,0,0,0,0,0,0,0,0,0,0,0,0,0,0,0,0,0,0,0,0,0,0,0,0,0,0,0,0,0,0,0,0,0,0,0,0,0,0,0,0,0,0,0,0,0,0,0,0,0,0,0,0,0,0,97,1,0,0,0,0,0,0,0,0,0,0,0,0,0,0,0,0,21,0,315,0,52,0,163,0,0,0,0,0,0,0,0,63,29,0,0,0,23,0,0,0,168,0,0,0,0,0,0,0,0,0,0,0,0,0,0,0,0,0,0,0,0,0,0,0,163,218,668,134,129,0,0,3,0,2,0,0,0,0,0
0,265,0,101,0,129,0,101,0,20,0,156,331,71,0,30,0,0,185,358,77,140,0,0,0,0,789,0,0,0,0,0,0,0,148,110,16,49,0,0,303,77,168,152,127,177,523,161,6,29,161,232,0,0,0,0,0,0,0,0,0,0,0,0,0,14,0,6,0,0,0,0,0,0,0,0,0,0,0,0,0,0,0,0,0,0,0,0,0,0,0,0,0,0,0,0,0,0,0,0,0,0,0,0,0,0,0,0,0,0,0,0,0,0,0,0,0,0,0,0,0,0,0,0,0,0,0,0,0,0,0,0,0,0,0,0,0,0,0,0,0,0,0,0,0,0,0,0,0,0,0,0,0,0,0,0,0,0,0,0,0,0,0,0,0,103,0,56,0,127,0,0,0,9,0,0,0,234,0,1,0,0,0,0,0,0,113,43,0,0,0,0,0,0,0,0,0,0,0,0,0,0,0,0,0,0,0,0,0,0,0,0,0,0,107,0,0,0,151,376,644,70,0,0,0
0,0,210,0,51,0,5,0,0,0,0,0,0,0,0,0,173,0,17,0,182,0,165,0,178,0,49,0,0,0,61,0,8,0,11,0,9,0,18,0,0,0,2,0,13,0,0,0,0,0,0,0,3,0,0,0,0,0,0,0,0,0,59,0,0,0,0,0,0,0,5,0,0,0,11,0,0,0,0,0,0,0,0,0,91,0,0,0,0,0,0,0,0,0,0,0,72,0,24,0,0,0,0,0,0,0,0,0,0,0,0,0,0,0,0,0,0,0,0,0,3,0,28,0,0,0,0,0,0,0,0,0,0,0,0,0,43,0,70,0,36,0,137,0,36,0,0,0,0,0,0,0,2,0,12,0,3,0,10,0,0,0,0,0,0,0,0,0,0,0,0,0,0,0,0,0,35,0,0,0,0,0,26,0,6,0,0,0,0,0,0,0,0,0,0,0,0,0,0,0,45,0,0,0,0,0,0,0,0,0,9,2,1,0,0,0,0,0,0,0,0,0,0,0,0
0,71,36,175,30,89,0,115,0,4,0,20,0,0,21,60,14,150,0,0,14,98,70,112,0,46,0,0,0,0,0,9,0,1,0,9,0,3,0,47,0,0,0,13,0,0,0,0,0,0,0,0,0,48,0,47,0,30,0,0,0,9,0,49,0,8,0,0,0,0,0,0,0,0,0,0,0,0,0,1,0,0,0,0,0,63,0,0,0,0,0,0,0,0,0,0,0,0,0,23,0,0,0,0,0,0,0,0,0,0,0,0,0,0,0,0,0,0,0,0,0,0,0,0,0,0,0,0,0,3,0,2,0,14,0,174,0,131,0,186,0,71,0,63,0,0,0,0,0,4,0,11,0,4,0,23,0,0,0,35,0,0,0,0,0,0,0,0,0,0,0,0,0,0,0,0,20,114,0,0,1,0,2,0,0,0,0,0,0,0,0,0,0,0,0,0,0,0,0,0,0,0,0,0,0,0,0,0,0,0,4,0,0,0,6,0,0,0,8,4,5,0,0,0,0
0,0,77,0,292,61,1,0,8,0,99,0,87,0,81,21,84,0,30,0,170,0,94,0,15,0,81,0,61,0,0,0,20,0,41,0,61,0,4,0,0,0,31,0,7,0,0,0,0,0,70,0,0,0,0,0,0,0,0,0,0,0,19,0,0,0,0,0,0,0,5,0,0,0,0,0,0,0,0,0,12,0,0,0,88,0,12,0,0,0,0,0,0,0,0,0,67,0,0,0,0,0,0,0,0,0,0,0,0,0,0,0,0,0,0,0,0,0,0,0,9,0,0,0,0,0,0,0,0,0,0,0,0,0,0,0,15,0,40,0,32,0,77,0,30,0,2,0,0,0,0,0,0,0,0,0,6,0,0,0,0,0,0,0,6,0,91,0,18,0,8,0,34,0,0,0,43,0,77,0,0,0,27,0,0,0,0,0,0,0,0,0,0,0,0,0,0,0,0,0,46,0,0,0,0,0,0,0,9,0,63,23,83,0,35,0,0,0,0,0,0,0,0,0,0
0,14,11,0,55,143,0,0,0,0,0,85,0,0,53,61,0,5,22,59,38,59,8,7,0,0,0,0,0,9,0,0,0,5,0,48,0,25,0,3,0,0,0,71,0,0,0,0,0,0,0,55,0,4,0,4,0,1,0,0,0,0,0,3,0,0,0,0,0,0,0,0,0,0,0,0,0,0,0,0,0,0,0,0,0,0,0,0,0,0,0,4,0,0,0,0,0,0,0,0,0,0,0,0,0,0,0,0,0,0,0,0,0,0,0,0,0,0,0,0,0,0,0,0,0,0,0,0,0,0,0,0,0,0,0,0,0,0,0,36,0,46,0,11,0,12,0,0,0,0,0,0,0,0,0,0,0,2,0,7,0,0,0,0,0,0,3,61,0,0,0,0,0,4,0,0,0,72,0,3,0,0,0,4,0,0,0,0,0,0,0,0,0,0,0,0,0,0,0,0,0,0,0,0,0,0,0,0,0,0,0,0,0,0,22,0,0,0,44,37,83,0,0,0,0
50,3,118,0,459,0,0,0,0,0,399,0,16,0,143,58,24,0,0,0,24,0,92,25,4,0,15,0,8,0,20,0,0,6,22,0,121,0,0,0,0,0,25,0,11,0,0,0,0,0,21,0,0,0,0,0,0,0,0,0,5,0,6,0,0,0,0,0,0,0,5,0,0,0,0,0,0,0,0,0,0,0,0,0,49,0,0,0,0,0,0,0,0,0,0,0,45,0,0,0,0,0,0,0,0,0,0,0,0,0,0,0,0,0,0,0,0,0,0,0,0,0,0,0,0,0,0,0,0,0,0,0,0,0,0,0,0,0,0,0,0,0,26,0,23,0,0,0,0,0,0,0,0,0,0,0,18,0,0,0,2,0,0,0,0,0,22,0,0,0,3,0,13,0,0,0,153,19,126,0,0,0,78,0,0,0,0,0,0,0,0,0,0,0,0,0,0,0,0,0,0,0,0,0,0,0,0,0,0,0,16,12,26,0,12,0,0,0,0,0,0,0,0,0,0
0,0,0,50,55,205,0,0,0,0,27,131,6,0,57,74,0,4,0,17,28,28,14,10,0,0,0,0,0,1,0,5,6,0,0,14,0,214,0,1,0,0,0,17,0,4,0,0,0,0,0,9,0,0,0,0,0,0,0,0,0,2,0,1,0,0,0,0,0,0,0,0,0,0,0,0,0,0,0,0,0,0,0,0,0,0,0,0,0,0,0,0,0,0,0,0,0,0,0,0,0,0,0,0,0,0,0,0,0,0,0,0,0,0,0,0,0,0,0,0,0,0,0,0,0,0,0,0,0,0,0,0,0,0,0,0,0,0,0,22,0,15,0,3,0,0,0,0,0,0,0,0,0,0,0,0,0,5,0,0,0,1,0,0,0,0,0,100,0,4,0,0,0,8,0,0,13,118,0,7,0,0,0,0,0,0,0,0,0,0,0,0,0,0,0,0,0,0,0,0,0,0,0,0,0,0,0,0,0,0,0,0,0,0,5,0,0,0,15,62,10,0,0,0,0
0,0,0,0,201,29,1,0,6,0,48,0,387,93,31,0,1,0,256,127,52,17,2,0,0,0,80,148,11,0,41,0,22,0,0,0,332,0,0,0,9,0,27,0,12,0,0,10,10,0,163,0,0,0,0,0,0,0,0,0,0,0,0,0,0,0,0,0,0,0,0,0,0,0,0,0,0,0,0,0,0,0,0,0,0,0,0,0,0,0,0,0,0,0,0,0,0,0,0,0,0,0,0,0,0,0,0,0,0,0,0,0,0,0,0,0,0,0,0,0,0,0,0,0,0,0,0,0,0,0,0,0,0,0,0,0,0,0,0,0,8,0,0,0,0,0,0,0,0,0,0,0,0,0,0,0,1,0,0,0,0,0,0,0,123,0,109,0,49,0,0,0,0,0,0,0,0,15,80,0,0,0,0,0,0,0,58,0,0,0,0,0,0,0,0,0,0,0,0,0,0,0,0,0,0,0,0,0,0,0,0,96,203,37,32,0,0,0,0,0,0,0,0,0,0
0,20,0,0,22,208,0,0,0,2,0,65,50,126,24,36,0,3,27,550,20,180,0,9,0,2,22,110,0,9,0,48,0,14,0,0,0,348,0,2,0,0,1,53,1,10,0,0,0,0,0,28,0,0,0,0,0,4,0,0,0,4,0,1,0,0,0,0,0,0,0,0,0,0,0,1,0,0,0,0,0,0,0,0,0,0,0,0,0,0,0,0,0,0,0,0,0,0,0,0,0,0,0,0,0,0,0,0,0,0,0,0,0,0,0,0,0,0,0,0,0,0,0,0,0,0,0,0,0,0,0,0,0,0,0,68,0,0,0,40,0,91,0,48,0,39,0,0,0,0,0,0,0,0,0,0,0,12,0,0,0,0,0,0,0,7,0,84,0,24,0,0,0,18,0,0,0,35,0,0,0,0,0,0,0,0,3,0,0,0,0,0,0,0,0,0,0,0,0,0,0,0,0,0,0,0,0,0,0,0,0,0,0,0,31,0,0,0,53,96,139,0,0,0,0
40,0,25,0,188,0,0,0,0,0,216,0,85,0,29,22,6,0,43,32,48,0,31,0,0,0,105,16,9,0,61,0,121,0,332,0,0,0,112,0,0,0,73,0,63,0,0,0,8,0,88,0,0,0,0,0,0,0,0,0,14,0,31,0,0,0,0,0,0,0,16,0,0,0,14,0,0,0,0,0,22,0,0,0,78,0,17,0,0,0,0,0,0,0,0,0,89,0,0,0,0,0,0,0,0,0,0,0,0,0,0,0,0,0,0,0,0,0,0,0,0,0,22,0,0,0,0,0,0,0,0,0,0,0,0,0,16,0,142,0,76,0,54,0,175,0,0,0,0,0,0,0,0,0,11,0,75,0,0,0,0,0,0,0,31,0,52,8,30,0,26,0,59,0,1,0,31,12,69,0,0,0,38,0,0,0,6,0,0,0,0,0,0,0,0,0,0,0,0,0,0,0,0,0,0,0,0,0,0,0,14,20,67,10,15,0,0,0,0,0,5,0,0,0,0
0,58,0,30,0,191,0,0,0,0,0,77,29,45,0,43,0,2,0,168,0,52,0,9,0,0,13,49,0,3,0,25,0,214,0,348,0,0,0,75,0,2,0,107,3,23,0,0,0,0,0,109,0,0,0,0,0,0,0,0,0,26,0,9,0,0,0,0,0,0,0,0,0,0,0,0,0,0,0,0,0,52,0,0,0,50,0,0,0,0,0,0,0,0,0,7,0,0,0,0,0,0,0,0,0,0,0,0,0,0,0,0,0,0,0,0,0,0,0,0,0,0,0,16,0,0,0,0,0,0,0,0,0,0,0,102,0,78,0,212,0,278,0,100,0,161,0,0,0,0,0,0,0,0,0,0,0,97,0,24,0,0,0,9,0,0,0,79,0,20,0,28,0,30,0,0,0,32,0,9,0,0,0,0,0,0,2,4,0,0,0,0,0,0,0,0,0,0,0,0,0,2,0,0,0,0,0,0,0,0,0,0,0,0,0,0,0,0,12,154,78,8,0,0,0
491,0,357,12,67,0,40,0,31,0,48,0,0,0,8,0,72,0,0,0,19,0,135,0,144,9,8,0,18,0,4,0,0,0,0,0,112,0,0,0,0,0,2,0,0,0,0,0,0,0,0,0,0,0,0,0,0,0,0,0,8,0,59,0,0,0,0,0,0,0,6,0,0,0,0,0,0,0,0,0,16,0,0,0,54,0,0,0,0,0,0,0,0,0,0,0,50,0,0,0,0,0,0,0,0,0,0,0,0,0,0,0,0,0,0,0,0,0,0,0,0,0,14,0,0,0,0,0,0,0,0,0,0,0,0,0,6,0,59,0,29,0,37,0,63,0,0,0,0,0,0,0,0,0,0,0,44,0,6,0,2,0,4,0,0,0,9,0,0,0,5,0,207,0,0,0,170,0,0,0,18,0,255,0,45,0,0,0,0,0,0,0,0,0,0,0,0,0,0,0,0,0,0,0,0,0,0,0,0,0,9,39,8,13,15,0,1,0,0,1,0,0,0,0,0
0,240,27,150,17,69,0,202,0,5,0,27,0,0,6,28,8,35,0,0,0,11,39,10,8,0,0,0,0,47,0,3,0,1,0,2,0,75,0,0,0,0,0,6,0,0,0,0,0,0,0,0,0,8,0,17,0,0,0,0,0,20,0,11,0,0,0,0,0,0,0,0,0,0,0,0,0,0,0,0,0,0,0,0,0,0,0,0,0,0,0,0,0,0,0,0,0,0,0,0,0,0,0,0,0,0,0,0,0,0,0,0,0,0,0,0,0,0,0,0,0,0,0,0,0,0,0,0,0,2,0,0,0,0,0,0,0,0,0,72,0,44,0,0,0,17,0,3,0,0,0,0,0,0,0,1,0,7,0,18,0,0,0,2,0,0,0,3,0,0,0,0,0,64,0,0,24,137,0,4,0,0,0,13,0,0,0,0,0,0,0,0,0,0,0,0,0,0,0,0,0,1,0,0,0,0,0,0,0,8,0,0,0,0,0,0,0,0,29,173,31,9,1,0,0
12,0,0,0,19,0,0,0,9,0,82,0,324,58,0,0,0,0,43,0,0,0,0,0,0,0,43,303,0,0,0,0,0,0,9,0,0,0,0,0,0,47,10,0,0,112,232,118,170,10,22,11,0,0,0,0,0,0,0,0,0,0,0,0,0,0,0,0,0,0,0,0,0,0,0,0,0,0,0,0,0,0,0,0,0,0,0,0,0,0,0,0,0,0,0,0,0,0,0,0,0,0,0,0,0,0,0,0,0,0,0,0,0,0,0,0,0,0,0,0,0,0,0,0,0,0,0,0,0,0,0,0,0,0,0,0,0,0,0,0,0,0,0,0,0,0,0,0,0,0,0,0,0,0,0,0,0,0,0,0,0,0,0,0,0,0,2,0,0,0,0,0,0,0,0,0,0,50,28,0,0,0,0,0,0,0,263,0,0,0,0,0,0,0,0,0,0,0,0,0,0,0,0,0,0,0,0,0,0,0,0,32,15,0,0,0,0,5,0,0,0,0,0,0,0
0,117,0,17,0,46,0,54,0,0,0,166,0,348,0,0,0,0,0,25,0,0,0,0,0,0,48,77,0,0,0,0,0,0,0,0,0,2,0,0,47,0,6,55,33,27,190,485,21,179,0,28,0,0,0,0,0,0,0,0,0,0,0,0,0,0,0,0,0,0,0,0,0,0,0,0,0,0,0,0,0,0,0,0,0,0,0,0,0,0,0,0,0,0,0,0,0,0,0,0,0,0,0,0,0,0,0,0,0,0,0,0,0,0,0,0,0,0,0,0,0,0,0,0,0,0,0,0,0,0,0,0,0,0,0,0,0,0,0,0,0,0,0,1,0,0,0,0,0,0,0,0,0,0,0,0,0,0,0,0,0,0,0,0,0,0,0,0,0,0,0,0,0,0,0,0,0,63,0,0,0,4,0,3,0,0,49,3,0,0,0,0,0,0,0,0,0,0,0,0,0,0,0,0,0,0,0,0,0,0,0,0,0,0,0,0,0,0,0,16,6,0,0,0,0
0,0,0,0,1,0,0,0,0,0,0,0,12,0,0,0,0,0,0,38,5,0,0,0,0,0,106,168,2,0,31,0,25,0,27,1,73,0,2,0,10,6,0,4,98,17,60,32,28,1,97,3,0,0,0,0,0,0,0,0,0,0,0,0,0,0,0,0,0,0,0,0,1,0,1,0,0,0,0,0,0,0,0,0,3,0,0,0,0,0,0,0,1,0,0,0,0,0,3,0,0,0,0,0,0,0,0,0,0,0,0,0,0,0,0,0,0,0,0,0,0,0,0,0,0,0,0,0,0,0,0,0,0,0,0,0,0,0,0,0,0,0,0,0,0,0,0,0,0,0,0,0,0,0,0,0,0,0,0,0,0,0,0,0,32,0,17,0,10,0,0,0,17,0,0,0,0,6,0,0,0,0,0,0,0,0,38,0,0,0,0,0,0,0,0,0,0,0,0,0,0,0,0,0,0,0,0,0,0,0,8,10,48,9,4,0,0,0,0,0,0,0,0,0,0
0,0,0,0,0,0,0,0,0,0,0,2,0,0,0,0,0,0,0,0,0,130,0,0,0,0,53,152,0,13,0,71,0,17,0,53,0,107,0,6,0,55,4,0,19,352,59,39,0,54,10,124,0,0,0,0,0,0,0,0,0,0,0,0,0,0,0,0,0,0,0,0,0,0,0,2,0,0,0,0,0,0,0,0,0,114,0,0,0,0,0,0,0,0,0,0,0,0,0,0,0,0,0,0,0,0,0,0,0,0,0,0,0,0,0,0,0,0,0,0,0,0,0,0,0,0,0,0,0,0,0,0,0,0,0,0,0,0,0,128,0,182,0,131,0,77,0,0,0,0,0,0,0,0,0,7,0,0,0,0,0,0,0,0,0,104,0,133,0,123,0,4,0,0,0,0,0,55,0,0,0,0,0,0,0,0,6,83,0,0,0,0,0,0,0,0,0,0,0,0,0,0,0,0,0,0,0,0,0,0,0,0,0,0,39,0,0,0,46,69,279,0,0,0,0
0,0,0,0,0,0,0,0,0,0,7,0,0,21,0,0,0,0,1,0,5,2,0,0,3,0,217,127,13,0,7,0,11,0,12,1,63,3,0,0,0,33,98,19,0,71,194,145,256,17,103,0,0,0,0,0,0,0,0,0,4,0,11,0,0,0,0,0,0,0,18,0,13,0,0,0,0,0,15,0,0,0,0,0,179,0,47,0,0,0,33,0,0,0,0,0,194,0,0,0,0,0,0,0,0,0,0,0,0,0,0,0,0,0,0,0,0,0,0,0,0,0,0,0,0,0,0,0,0,0,0,0,0,0,0,0,0,0,0,0,0,0,95,0,71,0,1,0,0,0,0,0,0,0,0,0,0,0,0,0,0,0,0,0,300,0,42,0,73,0,17,0,54,0,0,0,0,12,4,0,0,0,0,0,0,0,87,0,0,0,0,0,0,0,0,0,0,0,0,0,0,0,0,0,0,0,0,0,0,0,46,142,375,17,31,0,0,36,0,3,0,0,0,0,0
0,17,0,0,0,0,0,4,0,4,0,11,13,0,0,0,0,0,0,36,2,46,0,0,0,0,66,177,0,0,0,0,0,4,0,10,0,23,0,0,112,27,17,352,71,0,356,82,62,207,0,176,0,0,0,5,0,0,0,0,0,2,0,0,0,0,0,0,0,12,0,2,0,2,0,0,0,17,0,0,0,0,0,0,0,25,0,0,0,0,0,0,0,0,0,0,0,0,0,17,0,8,0,0,0,0,0,0,0,0,0,0,0,0,0,0,0,0,0,0,0,0,0,0,0,0,0,0,0,0,0,0,0,0,0,0,0,0,0,12,0,28,0,28,0,23,0,0,0,0,0,0,0,0,0,0,0,0,0,0,0,0,0,0,0,426,0,32,0,92,0,5,0,11,0,0,0,42,0,0,0,0,0,0,0,0,100,19,0,0,0,0,0,0,0,0,0,0,0,0,0,0,0,0,0,0,0,0,0,0,0,0,0,0,14,0,0,0,26,205,292,20,0,0,21
0,0,0,0,46,0,0,0,9,0,167,0,310,80,9,0,1,0,19,0,0,0,1,0,0,0,206,523,0,0,0,0,0,0,0,0,0,0,0,0,232,190,60,59,194,356,0,423,171,47,20,22,0,0,0,0,0,0,0,0,0,0,0,0,0,0,0,0,2,0,0,0,0,0,0,0,0,0,0,0,0,0,0,0,0,0,0,0,0,0,0,0,0,0,0,0,0,0,0,0,0,0,0,0,0,0,0,0,0,0,0,0,0,0,0,0,0,0,0,0,0,0,0,0,0,0,0,0,0,0,0,0,0,0,0,1,0,0,2,0,0,0,0,0,0,0,0,0,0,0,0,0,0,0,0,0,0,0,0,0,0,0,0,0,32,0,3,0,0,0,0,0,7,0,0,0,0,95,29,0,0,0,4,0,0,0,284,0,0,0,0,0,0,0,0,0,0,0,0,0,0,0,0,0,0,0,0,0,0,0,20,156,162,9,0,0,0,20,2,7,0,0,0,0,0
0,180,0,39,0,73,0,73,0,0,0,150,23,200,0,0,0,0,0,37,0,25,0,0,0,0,168,161,0,0,0,0,0,0,10,0,0,0,0,0,118,485,32,39,145,82,423,0,37,147,28,0,0,0,0,0,0,0,0,0,0,0,0,0,0,0,0,0,0,0,0,0,0,0,0,0,0,0,0,0,0,0,0,0,0,0,0,0,0,0,0,0,0,0,0,0,0,0,0,0,0,0,0,0,0,0,0,0,0,0,0,0,0,0,0,0,0,0,0,0,0,0,0,0,0,0,0,0,0,0,0,0,0,0,0,0,0,0,0,0,0,0,0,0,0,0,0,0,0,0,0,0,0,0,0,0,0,0,0,0,0,0,0,0,0,0,0,0,0,0,0,0,0,0,0,0,0,211,0,0,0,0,0,0,0,0,87,5,0,0,0,0,0,0,0,0,0,0,0,0,0,0,0,0,0,0,0,0,0,0,0,0,0,0,2,0,0,0,0,135,26,0,0,0,0
6,0,4,0,1,0,39,0,24,0,0,0,64,0,0,0,0,0,4,0,0,0,0,0,0,0,38,6,0,0,0,0,0,0,10,0,8,0,0,0,170,21,28,0,256,62,171,37,0,51,10,0,31,0,39,2,23,0,20,0,31,0,5,0,3,0,0,0,32,0,0,0,1,0,0,0,6,0,6,0,8,0,92,1,4,0,16,0,6,0,0,0,23,0,26,0,5,0,0,0,9,0,71,0,16,0,0,0,1,0,0,0,0,0,0,0,0,0,0,0,0,0,0,0,0,0,0,0,6,0,6,0,2,0,10,0,5,0,0,1,3,0,0,0,0,0,0,0,0,0,2,0,3,0,10,0,0,0,0,0,29,0,3,1,6,0,9,0,34,0,10,0,15,0,0,0,8,35,21,0,6,0,0,0,2,0,232,0,0,0,6,0,26,0,3,0,10,0,0,0,0,0,0,1,20,0,0,0,0,0,62,148,214,8,160,16,0,32,0,5,4,11,0,0,0
0,38,0,3,0,0,0,0,0,0,0,43,0,50,0,0,0,0,0,51,0,39,0,0,0,0,0,29,0,0,0,0,0,0,0,0,0,0,0,0,10,179,1,54,17,207,47,147,51,0,0,30,0,1,0,0,0,0,0,0,0,0,0,0,0,0,0,0,0,3,0,0,0,0,0,0,0,0,0,0,0,11,0,2,0,0,0,3,0,0,0,0,0,5,0,0,0,0,0,4,0,2,0,0,0,0,0,0,0,0,0,0,0,0,0,0,0,0,0,0,0,0,0,0,0,0,0,0,0,0,0,0,0,0,0,0,0,0,0,0,0,0,0,10,0,0,0,2,0,0,0,0,0,0,0,0,0,1,0,0,0,0,0,0,0,22,0,15,0,4,0,0,0,0,0,0,0,223,0,0,0,2,0,3,0,0,43,45,0,0,0,0,0,0,0,0,0,0,0,0,0,0,0,0,0,0,0,0,0,0,0,2,0,0,12,0,0,0,17,119,25,6,1,0,24
0,0,0,0,0,0,0,0,0,0,20,0,185,38,0,0,0,0,116,57,59,0,0,0,0,0,250,161,0,0,70,0,21,0,163,0,88,0,0,0,22,0,97,10,103,0,20,28,10,0,0,6,0,0,0,0,0,0,0,0,0,0,0,0,0,0,0,0,0,0,3,0,0,0,0,0,0,0,0,0,0,0,0,0,0,0,12,0,1,0,0,0,0,0,0,0,0,0,0,0,0,0,0,0,0,0,11,0,0,0,0,0,0,0,0,0,0,0,0,0,0,0,0,0,0,0,0,0,0,0,0,0,0,0,0,0,0,0,0,0,0,0,0,0,0,0,0,0,0,0,0,0,0,0,0,0,0,0,0,0,0,0,0,0,74,0,25,0,58,0,0,0,42,0,0,0,0,8,27,0,0,0,5,0,0,0,112,0,0,0,0,0,0,0,0,0,0,0,0,0,0,0,0,0,0,0,0,0,0,0,19,43,100,19,13,0,0,1,0,0,0,0,0,0,0
0,0,0,0,0,0,0,0,0,0,0,0,0,43,1,0,0,3,11,92,0,33,0,0,0,0,0,232,0,0,0,55,0,9,0,28,0,109,0,0,11,28,3,124,0,176,22,0,0,30,6,0,0,0,0,13,0,9,0,0,0,4,0,1,0,0,0,1,0,10,0,0,0,2,0,0,0,0,0,0,0,0,0,0,0,0,0,0,0,0,0,0,0,0,0,0,0,7,0,0,0,12,0,0,0,0,0,0,0,0,0,0,0,0,0,0,0,0,0,0,0,0,0,0,0,0,0,0,0,2,0,0,0,0,0,46,0,0,0,0,0,52,0,0,0,22,0,0,0,0,0,0,0,0,0,0,0,7,0,0,0,0,0,0,0,42,0,81,0,98,0,9,0,0,0,0,0,51,0,0,0,0,0,0,0,0,0,93,0,0,0,0,0,0,0,0,0,0,0,0,0,0,0,0,0,0,0,0,0,0,0,0,0,0,0,0,0,0,25,36,108,14,3,0,0
0,0,0,0,0,0,146,0,261,60,0,0,0,0,0,0,60,0,0,0,12,0,0,0,37,0,0,0,3,0,0,0,0,0,0,0,0,0,0,0,0,0,0,0,0,0,0,0,31,0,0,0,0,11,436,65,168,11,24,30,27,0,90,6,0,0,3,58,0,0,0,0,0,0,0,0,0,0,0,0,11,0,0,0,115,0,8,0,0,0,14,0,0,0,0,0,92,0,0,0,0,0,0,0,0,0,52,0,0,0,0,0,0,0,0,0,0,0,0,0,0,0,22,0,6,0,0,0,30,0,4,0,15,0,68,0,93,0,233,0,66,0,232,0,31,0,0,0,0,0,17,0,0,0,237,2,108,0,152,0,10,0,0,0,0,0,0,0,16,0,70,0,11,1,1,0,223,9,0,0,0,0,20,0,55,8,0,0,0,0,0,0,0,0,0,0,0,0,0,0,155,0,0,0,0,0,6,0,30,0,128,151,105,110,122,0,15,0,0,0,0,0,0,0,0
0,0,0,0,0,0,0,53,53,82,0,0,0,0,0,4,0,81,0,0,0,32,0,10,11,4,0,0,0,48,0,4,0,0,0,0,0,0,0,8,0,0,0,0,0,0,0,0,0,1,0,0,11,0,62,118,9,67,12,15,0,13,0,45,0,0,28,2,0,0,0,0,0,0,0,0,0,0,0,0,0,0,0,0,0,6,0,0,0,0,0,0,0,0,0,0,0,0,0,0,0,0,0,0,0,0,0,0,0,0,0,0,0,0,0,0,0,0,0,0,0,0,0,0,0,0,0,0,0,27,0,1,0,28,0,66,0,62,0,88,0,13,0,12,0,5,0,0,0,0,0,0,0,0,0,159,0,206,0,73,0,14,0,0,0,0,0,0,0,3,2,25,0,17,0,0,25,56,0,0,0,0,0,0,0,13,0,0,0,0,0,0,0,0,0,0,0,0,0,0,0,0,0,0,0,0,0,0,0,0,0,2,0,0,73,0,0,0,50,76,23,71,0,0,0
3,0,6,0,0,0,161,47,105,221,0,0,0,0,52,0,66,0,0,0,37,0,51,0,104,8,0,0,0,0,0,0,0,0,0,0,0,0,0,0,0,0,0,0,0,0,0,0,39,0,0,0,436,62,0,154,240,9,50,69,76,6,32,39,5,0,50,71,0,0,0,0,0,0,0,0,0,0,0,0,0,0,0,0,0,0,0,0,0,0,0,0,0,0,0,0,0,0,0,0,0,0,0,0,2,0,0,0,0,0,0,0,0,0,0,0,0,0,0,0,0,0,0,0,32,0,16,0,78,0,15,0,19,0,29,0,27,0,20,0,9,0,17,0,0,0,11,0,11,0,34,0,0,0,150,0,68,3,0,2,85,0,0,0,0,0,0,0,26,0,222,0,23,0,0,0,101,11,0,0,0,0,0,0,3,0,0,0,0,0,0,0,0,0,0,0,0,0,0,0,11,0,0,0,0,0,0,0,24,0,275,63,136,0,321,1,28,0,0,0,0,0,0,0,0
0,6,0,36,0,0,44,223,191,96,0,0,0,0,0,92,0,66,0,44,3,60,0,56,35,112,0,0,0,47,0,4,0,0,0,0,0,0,0,17,0,0,0,0,0,5,0,0,2,0,0,13,65,118,154,0,18,186,27,49,0,0,30,106,0,7,79,26,0,0,0,0,0,0,0,0,0,0,0,0,0,0,0,0,0,0,0,0,0,0,0,0,0,0,0,0,0,0,0,0,0,0,0,0,0,0,0,0,0,0,0,0,0,0,0,0,0,0,0,0,0,0,0,0,0,19,1,17,0,0,0,13,0,0,0,84,0,164,0,37,0,0,0,0,0,0,0,0,0,9,0,34,0,4,3,76,0,9,0,25,0,48,0,3,0,0,0,11,0,20,7,80,0,93,0,1,43,87,0,0,0,0,0,0,7,18,0,0,0,0,0,0,0,0,0,0,0,0,0,0,0,0,0,0,0,0,0,0,0,73,4,0,0,0,504,0,0,0,336,87,215,455,0,15,0
9,0,0,0,0,0,27,0,18,0,0,0,0,0,0,0,22,0,0,0,0,0,10,0,5,0,0,0,0,0,0,0,0,0,0,0,0,0,0,0,0,0,0,0,0,0,0,0,23,0,0,0,168,9,240,18,0,14,358,57,4,0,10,0,100,0,63,88,0,0,0,0,0,0,0,0,0,0,0,0,0,0,0,0,0,0,0,0,0,0,0,0,0,0,0,0,0,0,0,0,0,0,0,0,0,0,0,0,0,0,0,0,0,0,0,0,0,0,0,0,0,0,0,0,18,0,0,0,71,0,54,0,8,0,0,0,4,0,6,2,0,0,0,0,0,4,3,0,18,0,0,0,0,0,283,17,41,0,57,2,111,0,30,0,0,0,0,0,81,0,340,0,17,0,3,3,0,0,0,0,27,8,0,0,10,8,0,0,0,0,0,0,0,0,0,0,0,0,0,0,0,0,0,0,0,0,0,0,0,0,441,151,432,344,572,7,30,0,16,0,0,0,0,0,0
0,3,0,8,0,0,0,21,9,91,0,3,0,0,0,0,0,33,0,0,0,0,0,11,0,15,0,0,0,30,0,1,0,0,0,4,0,0,0,0,0,0,0,0,0,0,0,0,0,0,0,9,11,67,9,186,14,0,41,392,0,1,0,10,29,0,70,125,0,0,0,0,0,0,0,0,0,0,0,0,0,0,0,0,0,0,0,0,0,0,0,0,0,1,0,0,0,0,0,0,0,0,0,0,0,0,0,0,0,0,0,0,0,0,0,0,0,0,0,0,0,0,0,0,0,17,0,21,0,43,0,16,0,40,0,0,0,20,2,14,0,0,0,0,0,0,0,6,0,0,0,18,0,0,6,276,0,7,0,93,9,79,0,0,0,0,0,25,0,39,0,358,0,71,0,4,0,0,0,0,6,0,0,0,6,1,0,0,0,0,0,0,0,0,0,0,0,0,0,0,0,0,0,0,0,0,0,0,0,37,4,1,4,0,552,0,0,0,353,163,378,436,0,8,0
10,0,0,0,0,0,73,0,55,0,0,0,0,0,0,0,0,0,0,0,0,0,0,0,5,0,0,0,0,0,0,0,0,0,0,0,0,0,0,0,0,0,0,0,0,0,0,0,20,0,0,0,24,12,50,27,358,41,0,186,6,0,0,0,306,10,162,277,0,0,0,0,0,0,0,0,0,0,0,0,0,0,0,0,0,0,0,0,0,0,0,0,0,0,0,0,0,0,0,0,0,0,0,0,0,0,0,0,0,0,0,0,0,0,0,0,0,0,0,0,0,0,0,0,0,0,3,0,0,0,74,0,0,0,0,0,0,0,0,0,0,0,0,0,0,1,0,0,58,0,0,0,0,0,52,47,118,0,0,15,99,0,0,0,1,0,4,0,28,1,140,0,0,0,11,12,0,0,0,0,33,0,0,0,230,31,0,0,0,0,0,0,0,0,0,0,0,0,0,0,0,0,0,0,0,0,0,0,0,0,485,162,306,324,529,8,24,0,7,3,0,1,0,0,0
0,7,0,0,0,0,0,11,47,79,0,0,0,0,0,0,0,4,0,0,0,18,0,0,0,0,0,0,0,0,0,0,0,0,0,0,0,0,0,0,0,0,0,0,0,0,0,0,0,0,0,0,30,15,69,49,57,392,186,0,0,5,0,10,57,115,218,615,0,0,0,1,0,0,0,0,0,0,0,0,0,0,0,0,0,0,0,0,0,0,0,0,0,0,0,0,0,0,0,0,0,0,0,0,0,0,0,0,0,0,0,0,0,0,0,0,0,0,0,0,0,0,0,0,0,29,0,11,0,0,0,52,0,0,0,0,0,0,0,4,3,0,0,0,0,7,0,7,0,40,0,21,0,0,18,30,8,40,3,12,21,51,0,0,0,1,0,18,0,28,0,204,0,35,4,48,0,0,0,0,19,0,0,0,49,124,0,0,0,0,0,0,0,0,0,0,0,0,0,0,0,0,0,0,0,0,0,13,0,33,0,0,4,0,1008,0,0,0,789,288,455,540,2,6,0
88,0,16,0,0,0,204,12,248,0,0,0,0,0,0,0,0,0,1,0,0,0,0,0,26,0,0,0,0,0,0,0,5,0,0,0,14,0,8,0,0,0,0,0,4,0,0,0,31,0,0,0,27,0,76,0,4,0,6,0,0,0,13,0,0,0,0,0,0,0,4,0,0,0,0,0,0,0,0,0,0,0,0,0,10,0,0,0,0,0,0,0,0,0,0,0,0,0,0,0,0,0,0,0,0,0,0,0,0,0,0,0,0,0,0,0,0,0,0,0,2,0,12,0,0,0,0,0,0,0,0,0,0,0,0,0,0,0,89,0,28,0,21,0,151,0,0,0,0,0,0,0,0,0,17,0,212,0,0,0,0,0,4,0,0,0,0,0,0,0,64,0,102,0,0,0,93,7,0,0,0,0,23,0,0,0,0,0,0,0,0,0,0,0,0,0,0,0,0,0,0,0,0,0,0,0,0,0,0,0,85,50,77,104,77,0,19,0,3,0,0,0,0,0,0
0,220,4,4,0,2,0,157,0,95,0,0,0,0,0,0,0,3,0,0,0,7,0,0,0,2,0,0,0,9,0,0,0,2,0,4,0,26,0,20,0,0,0,0,0,2,0,0,0,0,0,4,0,13,6,0,0,1,0,5,0,0,1,38,0,0,0,0,0,0,0,0,0,0,0,0,0,0,0,0,0,0,0,0,0,0,0,0,0,0,0,0,0,0,0,0,0,0,0,0,0,0,0,0,0,0,0,0,0,0,0,0,0,0,0,0,0,0,0,0,0,0,0,0,0,0,0,0,0,1,0,0,0,0,0,0,0,0,0,89,0,53,0,0,0,104,0,0,0,0,0,0,0,0,0,7,0,123,0,30,0,0,0,0,0,0,0,4,0,3,0,38,0,161,0,0,5,33,0,1,0,0,0,24,0,0,0,0,0,0,0,0,0,0,0,0,0,0,0,0,0,0,0,0,0,0,0,0,0,0,0,0,0,0,34,0,0,0,29,463,98,56,0,0,0
267,18,91,0,0,0,416,58,315,30,0,0,0,0,10,0,159,6,0,0,135,0,32,2,460,39,0,0,59,0,19,0,6,0,0,0,31,0,59,0,0,0,0,0,11,0,0,0,5,0,0,0,90,0,32,30,10,0,0,0,13,1,0,9,0,0,0,5,0,0,8,0,0,0,6,0,0,0,0,0,0,0,0,0,38,0,0,0,0,0,0,0,0,0,0,0,0,0,0,0,0,0,0,0,0,0,0,0,0,0,0,0,0,0,0,0,0,0,0,0,0,0,12,0,0,0,0,0,0,0,0,0,0,0,24,0,39,0,275,0,90,0,85,0,92,0,0,0,0,0,6,0,0,0,90,0,52,0,42,0,0,0,0,0,0,0,0,0,0,0,6,0,7,0,0,1,393,22,0,0,0,0,74,0,7,0,0,0,0,0,0,0,0,0,0,0,0,0,0,0,27,0,0,0,0,0,0,0,9,0,45,24,22,59,69,0,11,0,1,0,1,0,0,0,0
6,282,0,0,0,0,31,590,39,254,0,0,0,0,0,0,1,238,0,0,0,45,0,52,36,79,0,0,0,49,0,3,0,1,0,1,0,9,0,11,0,0,0,0,0,0,0,0,0,0,0,1,6,45,39,106,0,10,0,10,0,38,9,0,0,0,4,0,0,0,0,0,0,0,0,0,0,0,0,0,0,0,0,0,0,0,0,0,0,0,0,0,0,0,0,0,0,1,0,0,0,0,0,0,0,0,0,0,0,0,0,0,0,0,0,0,0,0,0,0,0,0,0,0,0,0,0,0,0,0,0,0,0,0,0,9,0,15,0,72,0,8,0,0,0,0,0,0,0,0,0,0,0,0,0,11,0,50,0,41,0,0,0,0,0,0,0,0,0,0,0,5,2,5,0,0,22,132,0,0,0,0,0,44,0,0,0,0,0,0,0,0,0,0,0,0,0,0,0,0,0,0,0,0,0,0,0,0,0,0,1,0,0,0,10,0,0,0,6,253,8,10,0,0,0
3,0,0,0,0,0,22,0,107,0,0,0,0,0,0,0,0,0,0,0,0,0,8,0,0,0,0,0,0,0,0,0,0,0,0,0,0,0,0,0,0,0,0,0,0,0,0,0,3,0,0,0,0,0,5,0,100,29,306,57,0,0,0,0,0,19,174,61,0,0,0,0,0,0,0,0,0,0,0,0,0,0,0,0,0,0,0,0,0,0,0,0,0,0,0,0,0,0,0,0,0,0,0,0,0,0,0,0,0,0,0,0,0,0,0,0,0,0,0,0,0,0,0,0,16,0,0,0,0,0,30,0,1,0,0,0,0,0,0,9,0,0,0,0,3,9,16,0,69,0,10,0,0,0,6,27,5,0,0,16,130,0,0,0,0,0,3,0,0,0,0,0,0,0,86,10,0,0,0,0,324,55,0,0,161,0,0,0,0,0,0,0,0,0,0,0,0,0,0,0,0,0,0,0,0,0,0,0,0,0,135,15,62,0,102,4,0,0,1,0,0,0,0,0,0
0,79,0,15,0,12,0,24,0,215,0,3,0,0,0,29,0,0,0,58,0,0,0,5,0,1,0,14,0,8,0,0,0,0,0,0,0,0,0,0,0,0,0,0,0,0,0,0,0,0,0,0,0,0,0,7,0,0,10,115,0,0,0,0,19,0,0,491,0,0,0,15,0,3,0,2,0,0,0,0,0,0,0,0,0,0,0,0,0,0,0,0,0,0,0,0,0,0,0,0,0,0,0,0,0,0,0,0,0,0,0,0,0,0,0,0,0,0,0,0,0,7,0,2,0,81,0,30,34,0,59,191,0,0,0,4,0,0,34,39,7,1,0,1,4,66,0,31,0,133,0,34,0,36,0,0,0,0,15,0,35,454,0,17,0,0,0,0,0,6,0,0,0,0,2,47,0,0,0,1,59,253,0,0,0,63,0,0,0,0,0,0,0,0,0,0,0,0,0,0,0,0,0,0,0,0,0,7,0,10,1,0,0,0,140,0,0,0,68,7,37,0,0,0,0
7,0,0,0,1,0,26,0,43,12,0,0,0,0,0,0,0,0,0,0,0,0,0,0,0,0,0,0,0,0,0,0,0,0,0,0,0,0,0,0,0,0,0,0,0,0,0,0,0,0,0,0,3,28,50,79,63,70,162,218,0,0,0,4,174,0,0,171,0,0,0,0,0,0,0,0,0,0,0,0,0,0,0,0,0,0,0,0,0,0,0,0,0,0,0,0,0,0,0,0,0,0,0,0,0,0,0,0,0,0,0,0,0,0,0,0,0,0,0,0,0,0,0,0,3,0,0,0,0,0,36,0,0,0,0,0,0,0,0,0,0,0,0,0,0,0,0,0,34,0,0,0,0,0,6,23,28,0,0,6,37,0,0,0,0,0,0,0,4,0,54,0,0,0,5,9,70,0,0,0,0,0,0,0,1026,49,0,0,0,0,0,0,0,0,0,0,0,0,0,0,0,0,0,0,0,0,0,0,0,0,111,55,61,0,107,0,0,0,2,0,0,0,0,0,0
0,55,0,4,0,0,0,33,55,218,0,0,0,0,0,0,0,0,0,22,0,0,1,0,0,0,0,6,0,0,0,0,0,0,0,0,0,0,0,0,0,0,0,0,0,0,0,0,0,0,0,1,58,2,71,26,88,125,277,615,0,0,5,0,61,491,171,0,0,0,0,0,0,0,0,0,0,0,0,0,0,0,0,0,0,0,0,0,0,0,0,0,0,0,0,0,0,0,0,0,0,0,0,0,0,0,0,1,0,0,0,0,0,0,0,0,0,0,0,0,0,0,0,0,0,12,0,7,0,0,0,40,0,0,0,0,0,0,0,0,0,0,0,0,0,0,0,0,0,69,0,4,0,1,22,0,0,13,13,4,0,117,0,0,0,0,0,0,0,0,0,0,0,0,7,159,31,21,0,1,34,51,0,0,37,901,0,0,0,0,0,0,0,0,0,0,0,0,0,0,0,0,0,0,0,0,0,0,0,0,0,0,1,0,327,0,0,0,341,185,96,0,0,2,0
0,0,0,0,0,0,0,0,0,0,0,0,0,0,0,0,0,0,0,0,0,0,0,0,0,0,0,0,0,0,0,0,0,0,0,0,0,0,0,0,0,0,0,0,0,0,2,0,32,0,0,0,0,0,0,0,0,0,0,0,0,0,0,0,0,0,0,0,0,0,0,0,8,0,0,0,97,0,21,0,5,0,95,0,0,0,12,0,12,0,0,0,10,0,14,0,0,0,0,0,11,0,185,0,0,0,0,0,8,0,0,0,13,0,0,0,10,0,1,0,0,0,0,0,0,0,0,0,0,0,0,0,0,0,2,0,0,0,0,0,0,0,0,0,0,0,0,0,0,0,0,0,0,0,0,0,0,0,0,0,0,0,0,0,23,0,0,0,101,0,0,0,0,0,0,0,0,0,0,0,0,0,0,0,0,0,0,0,0,0,0,0,0,0,0,0,4,0,0,0,0,0,0,0,13,0,0,0,0,0,29,0,31,4,3,31,22,1,0,0,0,0,0,0,0
0,0,0,0,0,0,0,0,0,1,0,0,0,0,0,0,0,0,0,0,0,0,0,0,0,0,0,0,0,0,0,0,0,0,0,0,0,0,0,0,0,0,0,0,0,12,0,0,0,3,0,10,0,0,0,0,0,0,0,0,0,0,0,0,0,0,0,0,0,0,0,0,0,2,0,0,0,165,0,0,0,5,0,217,0,0,0,31,0,36,0,0,0,107,0,36,0,0,0,1,0,5,0,76,0,0,0,3,0,49,0,11,0,17,0,0,0,0,0,0,0,0,0,0,0,0,0,0,0,0,0,0,0,0,0,0,0,0,0,0,0,0,0,0,0,0,0,0,0,0,0,0,0,0,0,0,0,0,0,0,0,0,0,0,0,105,0,0,0,118,0,0,0,0,0,0,0,0,0,0,0,0,0,0,0,0,0,0,0,0,0,0,0,0,0,7,0,1,0,0,0,0,0,0,0,7,0,0,0,0,0,0,0,0,5,0,0,0,11,12,64,4,13,22,2
0,0,3,0,0,0,0,0,0,0,0,0,0,0,0,0,7,0,22,0,46,0,0,0,0,0,45,0,5,0,5,0,5,0,0,0,16,0,6,0,0,0,0,0,18,0,0,0,0,0,3,0,0,0,0,0,0,0,0,0,4,0,8,0,0,0,0,0,0,0,0,0,208,1,276,0,5,0,104,0,19,0,0,0,9,0,56,0,0,0,0,0,0,0,0,0,0,0,7,0,0,0,0,0,0,0,0,0,0,0,0,0,0,0,0,0,0,0,0,0,39,0,9,0,7,0,0,0,8,0,25,9,6,0,52,0,17,0,10,0,68,0,104,0,88,2,14,0,14,0,36,0,26,0,0,0,8,0,1,0,0,0,30,0,0,0,0,0,42,0,15,0,32,0,44,0,0,0,0,0,74,6,0,0,29,0,0,0,0,0,0,0,0,0,0,0,0,0,0,0,11,0,0,0,0,0,21,0,54,0,10,0,71,0,7,1,0,0,0,0,0,0,0,0,0
0,0,0,0,0,0,0,0,0,0,0,0,0,0,0,0,0,0,0,0,0,2,0,0,0,1,0,0,0,0,0,0,0,0,0,0,0,0,0,0,0,0,0,0,0,2,0,0,0,0,0,0,0,0,0,0,0,0,0,1,0,0,0,0,0,15,0,0,0,0,0,0,0,131,0,218,0,6,0,34,0,2,1,12,0,0,0,66,0,0,0,0,0,0,0,0,0,0,0,0,0,0,0,0,0,0,2,0,0,0,0,0,0,0,0,0,0,0,0,0,0,12,0,16,0,13,0,13,6,6,0,11,0,0,0,0,0,0,3,14,0,27,0,27,0,62,0,0,0,55,0,19,0,56,0,0,0,0,0,0,0,1,0,23,0,0,0,0,0,7,0,0,0,0,0,41,0,0,0,0,0,21,0,0,0,48,0,0,0,0,0,0,0,0,0,0,0,0,0,0,0,0,0,0,0,0,0,0,0,22,0,0,0,0,5,0,0,0,13,4,10,0,0,0,0
0,0,0,0,0,0,0,0,0,0,0,0,0,0,0,0,0,0,0,0,0,0,0,0,0,0,0,0,0,0,0,0,0,0,0,0,0,0,0,0,0,0,1,0,13,0,0,0,1,0,0,0,0,0,0,0,0,0,0,0,0,0,0,0,0,0,0,0,8,0,208,0,0,0,151,0,39,0,82,0,8,0,6,0,18,0,18,0,0,0,0,0,3,0,0,0,0,0,0,1,0,0,2,0,0,0,0,0,0,0,0,0,1,0,0,0,0,0,0,0,33,0,0,0,0,0,0,0,8,0,6,0,0,0,57,0,24,0,12,0,82,0,43,0,50,0,10,0,0,0,43,0,15,4,0,0,0,0,0,0,2,0,64,0,4,0,0,0,9,0,4,0,14,0,13,0,0,0,0,0,21,0,0,0,0,0,0,0,0,0,0,0,42,0,0,0,14,0,0,0,82,0,0,0,0,0,19,0,31,0,206,4,10,0,19,0,0,0,0,0,0,0,0,0,0
0,0,0,0,0,0,0,0,0,0,0,0,0,0,0,0,0,0,0,0,0,0,0,0,0,3,0,0,0,0,0,0,0,0,0,0,0,0,0,0,0,0,0,0,0,2,0,0,0,0,0,2,0,0,0,0,0,0,0,0,0,0,0,0,0,3,0,0,0,2,1,131,0,0,1,286,0,60,0,41,1,6,0,45,0,59,0,46,0,0,0,0,0,0,0,1,0,2,0,0,0,3,0,3,0,0,0,0,0,0,0,0,0,1,0,0,0,0,0,0,0,30,0,58,0,16,0,0,0,0,0,3,0,12,0,91,3,0,0,9,1,29,0,40,0,51,0,0,2,44,0,0,0,58,0,0,0,0,0,2,0,0,0,57,0,2,0,2,0,12,0,0,0,0,0,34,0,0,0,0,0,0,0,0,0,31,0,0,0,31,0,5,0,4,0,5,1,0,0,65,0,56,0,27,0,21,0,0,0,36,0,1,0,0,5,0,0,0,73,3,9,0,2,0,0
0,0,0,0,0,0,0,0,0,0,0,0,0,0,8,0,0,0,0,0,36,0,0,0,0,0,33,0,11,0,0,0,0,0,0,0,14,0,0,0,0,0,1,0,0,0,0,0,0,0,0,0,0,0,0,0,0,0,0,0,0,0,6,0,0,0,0,0,0,0,276,0,151,1,0,0,10,0,103,0,17,0,0,0,36,0,75,0,0,0,0,0,2,0,0,0,9,0,11,0,0,0,0,0,0,0,0,0,0,0,0,0,0,0,0,0,0,0,0,0,84,1,85,0,0,0,0,0,12,11,15,0,6,0,0,0,17,0,8,16,58,0,132,0,124,0,0,0,6,7,0,0,25,0,0,0,2,0,0,0,0,0,32,0,1,0,0,0,15,0,15,0,23,0,37,0,0,0,0,0,62,0,0,0,14,0,0,0,0,0,2,0,0,0,0,0,0,0,23,0,20,0,0,0,0,0,0,0,10,0,11,0,15,0,9,0,2,0,0,0,0,0,0,0,0
0,0,0,0,0,0,0,0,0,0,0,0,0,0,0,3,0,0,0,0,0,0,0,0,0,0,0,0,0,0,0,0,0,0,0,1,0,0,0,0,0,0,0,2,0,0,0,0,0,0,0,0,0,0,0,0,0,0,0,0,0,0,0,0,0,2,0,0,0,0,0,218,0,286,0,0,0,14,0,118,0,0,0,0,0,4,0,176,0,0,0,0,0,0,0,0,0,0,0,0,0,0,0,0,0,0,0,0,0,0,0,0,0,0,0,0,0,0,0,0,0,65,0,45,3,0,0,0,0,0,0,5,0,7,0,0,0,12,0,8,0,20,0,18,0,130,0,0,0,53,0,18,0,56,0,0,0,0,0,0,0,0,0,22,0,0,0,0,0,9,0,0,0,0,1,47,0,1,0,0,0,0,0,0,0,0,0,0,0,6,0,0,0,0,0,0,0,0,0,0,0,0,0,0,0,4,0,0,0,14,0,0,0,0,0,0,0,0,4,0,6,0,0,0,0
0,0,0,0,0,0,0,0,0,0,0,0,0,0,0,0,0,0,0,0,0,0,0,0,0,0,0,0,0,0,0,0,0,0,0,0,0,0,0,0,0,0,0,0,0,0,0,0,6,0,0,0,0,0,0,0,0,0,0,0,0,0,0,0,0,0,0,0,97,0,5,0,39,0,10,0,0,0,46,0,17,0,178,0,8,0,48,0,0,0,0,0,63,0,15,0,0,0,9,0,4,0,55,0,0,0,0,0,2,0,0,0,10,0,0,0,8,0,0,0,0,0,0,0,0,0,0,0,1,0,1,0,0,0,0,0,0,0,0,1,0,0,0,0,0,0,0,0,0,0,0,0,0,0,0,0,0,0,0,0,0,0,0,0,0,0,0,0,20,0,0,0,0,0,7,0,0,0,0,0,0,0,0,0,0,0,0,0,0,0,0,0,0,0,0,0,0,0,0,0,16,0,0,0,0,0,0,0,0,0,55,0,40,2,9,17,2,0,0,0,2,0,0,0,0
0,0,0,0,0,0,0,0,0,0,0,0,0,0,0,0,0,0,0,0,0,0,0,0,0,0,0,0,0,0,0,0,0,0,0,0,0,0,0,0,0,0,0,0,0,17,0,0,0,0,0,0,0,0,0,0,0,0,0,0,0,0,0,0,0,0,0,0,0,165,0,6,0,60,0,14,0,0,0,4,0,83,0,296,0,6,0,120,0,19,0,0,0,121,0,124,0,0,0,23,0,40,0,44,0,0,0,14,0,0,0,0,0,38,0,0,0,9,0,0,0,0,0,4,0,0,0,0,0,0,0,0,0,0,0,0,0,0,0,0,0,0,0,0,0,0,0,0,0,0,0,0,0,0,0,0,0,0,0,0,0,0,0,0,0,46,0,0,0,51,0,0,0,0,0,0,0,0,0,0,0,0,0,0,0,0,0,0,0,44,0,10,0,0,0,51,0,0,0,0,1,0,0,0,0,0,0,0,0,0,0,0,0,0,0,0,0,0,127,0,95,0,13,0,0
0,0,0,0,0,0,0,0,0,0,0,0,0,0,0,0,0,0,0,0,0,0,0,0,0,0,0,0,0,0,0,0,0,0,0,0,0,0,0,0,0,0,0,0,15,0,0,0,6,0,0,0,0,0,0,0,0,0,0,0,0,0,0,0,0,0,0,0,21,0,104,0,82,0,103,0,46,0,0,0,28,0,89,0,0,0,73,0,0,0,0,0,29,0,11,0,0,0,5,0,0,0,26,0,0,0,0,0,1,0,0,0,14,0,0,0,1,0,0,0,63,0,19,0,0,0,0,0,0,0,0,0,0,0,0,0,0,0,0,0,0,0,0,0,11,1,5,0,0,0,0,0,0,0,0,0,0,0,0,0,0,0,7,0,15,0,1,0,34,0,0,0,0,0,5,0,0,0,3,0,0,0,0,0,3,0,0,0,0,0,0,0,43,0,0,0,0,0,43,0,55,0,0,0,42,0,0,0,0,0,137,1,45,0,5,11,0,0,0,0,2,0,0,0,0
0,0,0,0,0,0,0,0,0,0,0,0,0,0,0,0,0,0,0,0,0,0,0,0,0,0,0,0,0,1,0,0,0,0,0,0,0,0,0,0,0,0,0,0,0,0,0,0,0,0,0,0,0,0,0,0,0,0,0,0,0,0,0,0,0,0,0,0,0,0,0,34,0,41,0,118,0,4,0,0,0,0,0,2,0,0,0,29,0,0,0,0,0,0,0,0,0,0,0,0,0,0,0,0,0,0,1,0,0,0,0,0,0,0,0,0,0,0,0,0,0,11,0,31,0,0,0,10,0,0,0,0,0,0,0,20,0,9,0,0,0,21,0,13,0,39,0,0,0,19,0,9,0,0,0,0,0,0,0,0,0,0,0,4,0,0,0,0,0,0,0,1,0,0,0,0,0,0,0,0,0,19,0,0,0,7,0,0,0,0,0,0,0,0,0,0,0,0,0,0,0,0,0,0,0,0,0,0,0,7,0,0,0,0,0,0,0,0,1,0,0,0,0,0,0
