0,584,13,172,49,53,21,331,50,130,155,0,73,0,16,85,66,38,0,18,0,0,0,195,5,117,37,0,99,18,0,0,0,0,0,0,0,0,191,35,0,0,0,0,0,0,12,0,1,0,0,0,4,3,3,0,0,0,15,0,251,7,61,30,32,0,24,0,0,0,0,0,0,0,0,0,0,0,0,0,0,0,0,0,0,0,0,0,0,0,0,0,0,0,0,0,0,0,0,0,0,0,0,0,0,0,0,0,0,0,0,0,0,0,0,0,0,0,0,0,0,0,0,0,36,0,0,0,0,0,69,0,5,0,0,3,0,0,0,0,0,0,0,0,0,0,53,0,76,0,48,0,15,0,0,0,0,0,0,0,0,0,1,0,4,0,0,0,15,0,27,0,308,15,0,0,406,145,13,0,11,0,34,10,25,0,0,0,0,0,0,0,0,0,0,0,0,0,2,0,0,0,0,0,0,0,0,0,70,0,987,273,380,135,401,0,0,0,0,0,19,0,0,0,0
584,0,364,40,0,180,116,36,59,63,34,257,0,191,0,11,258,10,0,78,0,0,403,31,374,2,0,260,0,110,0,0,0,0,0,0,0,77,13,434,0,31,0,0,0,37,0,79,0,6,0,0,0,0,0,23,0,0,0,8,28,175,44,56,0,64,0,2,0,0,0,0,0,0,0,0,0,0,0,0,0,0,0,0,0,0,0,0,0,0,0,0,0,0,0,5,0,0,0,1,0,0,0,0,0,0,0,0,0,0,0,0,0,0,0,0,0,0,0,0,0,0,0,0,0,108,0,97,0,0,0,57,0,17,0,45,0,61,0,0,0,0,0,0,0,0,0,76,0,197,0,111,0,131,0,0,0,0,0,0,0,6,0,0,0,2,0,0,0,0,0,19,14,240,0,0,47,387,0,2,0,24,19,3,0,74,0,9,0,0,0,7,0,0,0,0,0,0,0,0,0,9,0,0,0,0,0,25,0,121,0,0,0,0,217,0,0,0,640,263,397,0,8,0,0
13,364,0,88,227,129,39,0,4,0,45,100,89,0,288,96,178,21,82,0,104,0,216,118,63,36,111,0,420,0,64,0,19,0,0,0,0,0,295,35,16,0,0,0,61,0,27,0,0,0,0,0,6,0,139,3,9,0,23,0,224,0,212,0,4,0,3,0,0,0,0,0,0,0,0,0,0,0,0,0,0,0,0,0,0,0,0,0,0,0,0,0,0,0,0,0,0,0,0,0,0,0,0,0,0,0,21,0,0,0,0,0,0,0,0,0,0,0,0,0,0,0,0,0,67,0,113,0,11,0,66,0,26,0,237,0,60,0,0,0,0,0,0,0,0,0,80,0,57,1,77,0,9,0,0,0,0,0,0,0,4,0,0,0,0,0,0,0,39,0,12,0,384,0,0,0,99,73,0,0,0,0,0,0,5,0,0,0,0,0,0,0,0,0,0,0,15,0,17,0,129,0,0,0,3,0,26,0,306,0,715,123,709,0,425,0,0,0,0,0,0,0,0,0,0
172,40,88,0,0,293,0,69,4,17,0,28,0,77,0,172,69,34,0,334,8,33,151,127,53,19,0,365,0,179,0,52,0,207,0,0,0,0,0,461,0,0,0,0,0,41,0,0,0,5,0,0,0,3,0,102,0,23,0,5,0,37,0,27,0,0,0,0,0,0,0,0,0,0,0,0,0,0,0,0,0,0,0,0,0,0,0,0,0,0,0,0,0,0,0,0,0,0,0,0,0,0,0,0,0,0,0,0,0,0,0,0,0,0,0,0,0,0,0,0,0,0,0,0,0,43,0,17,0,0,0,52,0,0,0,170,0,285,0,5,0,0,0,0,0,0,0,0,0,29,0,0,0,0,0,6,0,0,0,2,0,0,0,0,0,4,0,37,0,18,0,9,5,216,0,0,13,17,0,0,0,0,0,0,0,0,0,0,0,0,0,2,0,0,0,0,0,0,0,0,0,0,0,3,0,0,0,0,0,81,0,0,0,0,193,0,0,0,490,61,402,0,0,0,0
49,0,227,0,0,449,19,0,20,0,91,300,405,233,237,271,101,0,152,215,299,99,84,63,0,0,370,78,167,0,0,29,303,0,65,0,273,0,405,0,57,0,41,0,0,0,62,0,19,0,136,0,0,0,0,0,0,0,0,0,0,0,0,0,21,0,0,0,0,0,0,0,0,0,0,0,0,0,0,0,0,0,0,0,0,0,0,0,0,0,0,0,0,0,0,0,0,0,0,0,0,0,0,0,0,0,0,0,0,0,0,0,0,0,0,0,0,0,0,0,0,0,0,0,0,0,46,0,0,0,37,0,0,0,151,0,0,0,0,0,0,0,0,0,0,0,97,0,131,0,136,0,45,0,0,0,0,0,0,0,0,0,0,0,27,0,226,0,84,0,0,1,161,0,0,0,291,181,74,0,0,0,31,0,34,0,25,0,0,0,0,0,0,0,0,0,0,0,0,0,0,0,0,0,0,0,0,0,164,0,773,482,769,0,391,0,0,0,28,0,80,0,0,0,0
53,180,129,293,449,0,0,39,0,0,373,124,91,336,490,67,54,0,134,169,274,117,329,150,0,15,0,295,0,0,80,291,42,288,18,299,0,201,68,0,0,18,0,0,3,0,0,85,0,0,0,96,0,1,0,3,0,0,0,0,0,7,0,0,0,0,0,0,0,0,0,0,0,0,0,7,0,0,0,0,0,0,0,0,0,0,0,0,0,1,0,0,0,0,0,0,0,0,0,0,0,0,0,0,0,0,0,0,0,0,0,0,0,0,0,0,0,0,0,0,0,0,0,0,0,0,0,0,0,0,0,0,0,20,0,112,0,120,0,0,0,0,0,0,0,0,0,0,0,63,0,0,0,73,0,0,0,0,0,0,0,0,0,7,0,82,0,400,0,135,0,0,0,228,0,0,89,225,53,32,0,34,0,0,0,0,0,0,0,0,0,0,0,0,0,0,0,3,0,0,0,0,0,0,0,0,0,0,0,0,0,0,0,0,326,0,0,0,716,251,779,0,0,0,0
21,116,39,0,19,0,0,0,23,291,9,0,15,0,21,0,0,0,6,0,0,0,5,0,119,0,0,0,0,0,0,0,0,0,0,0,0,0,20,0,0,0,0,0,0,0,0,0,5,0,0,0,96,15,149,34,13,0,27,0,303,13,384,48,13,0,61,21,0,0,0,0,0,0,0,0,0,0,0,0,0,0,0,0,0,0,0,0,0,0,0,0,0,0,0,0,0,0,0,0,0,0,0,0,1,0,1,0,0,0,0,0,0,0,0,0,0,0,0,0,0,0,0,0,76,0,61,0,0,0,201,0,28,0,20,0,0,0,0,0,0,0,0,0,0,0,37,0,25,0,0,0,0,0,0,0,10,0,0,0,16,0,0,0,6,0,0,0,15,0,159,0,203,0,0,0,0,0,0,0,0,0,0,24,0,0,0,0,0,0,0,0,0,0,0,0,0,0,0,0,0,0,0,0,0,0,0,0,143,0,914,49,630,560,730,2,117,0,0,0,0,0,0,0,0
331,36,0,69,0,39,0,0,245,73,0,13,0,23,0,12,62,0,0,0,0,0,46,0,245,5,0,0,0,0,0,0,0,0,0,0,1,0,0,214,0,5,0,0,0,0,0,14,0,1,0,0,19,15,41,104,0,23,0,5,33,268,43,192,0,0,5,0,0,0,0,0,0,0,0,0,0,0,0,0,0,0,0,0,0,0,0,0,0,0,0,0,0,0,0,0,0,0,0,0,0,0,0,0,0,0,0,0,0,0,0,0,0,0,0,0,0,0,0,0,0,3,0,0,0,81,0,37,0,63,0,122,0,68,0,93,0,152,0,0,0,0,0,0,0,0,0,0,0,19,0,13,0,0,0,6,0,0,0,2,0,10,0,0,0,4,0,0,0,23,4,53,0,97,0,0,13,33,0,0,0,0,0,7,0,0,0,0,0,0,0,0,0,0,0,0,0,0,0,5,0,0,0,2,0,0,0,16,0,100,0,21,18,0,406,0,0,0,822,116,485,0,0,0,0
50,59,4,4,20,0,23,245,0,853,44,0,33,0,0,1,11,0,8,0,0,0,0,0,9,96,23,0,0,0,0,0,0,0,0,0,0,1,2,0,6,0,0,0,0,0,8,0,0,0,0,0,78,122,20,229,1,0,160,64,206,0,119,104,136,0,170,199,0,0,0,0,0,0,0,0,0,0,0,0,0,0,0,0,0,0,0,0,0,0,0,0,0,0,0,0,0,0,0,0,0,0,0,0,0,0,0,0,0,0,0,0,0,0,0,0,0,0,0,0,0,0,0,0,53,0,0,0,0,0,80,0,0,0,6,0,0,0,0,0,0,0,0,0,0,0,66,0,142,0,71,0,16,0,6,0,28,0,0,0,4,0,0,0,0,0,0,0,9,0,114,1,80,0,0,0,182,108,4,0,0,0,9,0,140,11,0,0,0,0,0,0,0,0,0,0,0,0,2,0,0,0,0,0,0,0,7,0,36,0,614,59,235,0,260,0,0,1,0,0,7,0,0,0,0
130,63,0,17,0,0,291,73,853,0,0,39,0,0,0,0,0,0,0,0,0,0,9,0,310,0,0,20,0,0,0,0,0,0,0,0,0,0,0,0,0,0,0,0,0,0,0,0,0,0,0,0,97,82,236,58,0,15,92,32,30,304,92,264,0,241,0,101,0,0,0,0,0,0,0,0,0,2,0,0,0,0,0,0,0,0,0,0,0,0,0,0,0,0,0,0,0,0,0,0,0,0,0,0,0,0,1,0,0,0,0,0,0,0,0,0,0,0,0,0,0,0,0,0,0,83,0,69,0,0,0,63,0,14,0,12,0,12,0,0,0,0,0,0,0,0,0,62,0,223,0,46,0,28,0,6,0,39,0,4,0,17,0,0,0,0,0,0,1,7,9,47,12,0,0,0,25,304,0,0,0,0,0,49,0,62,0,1,0,0,0,0,0,0,0,0,0,0,0,3,0,0,0,0,0,0,0,0,0,64,11,0,27,0,334,0,0,0,565,148,295,192,30,0,0
155,34,45,0,91,373,9,0,44,0,0,184,352,0,22,243,55,0,0,78,80,77,10,70,0,0,62,0,121,0,115,25,120,17,0,8,86,9,287,0,26,0,0,0,0,0,45,0,10,0,0,0,0,0,3,0,0,0,0,0,0,0,0,0,0,0,0,0,0,0,0,0,0,0,0,0,0,0,0,0,0,0,0,0,0,0,0,0,0,0,0,0,0,0,0,0,0,0,0,0,0,0,0,0,0,0,0,0,0,0,0,0,0,0,0,0,0,0,0,0,0,0,0,0,36,0,20,0,0,0,0,0,0,0,7,0,0,0,0,0,0,0,0,0,0,0,51,0,83,0,86,0,55,0,0,0,0,0,0,0,0,0,1,0,7,0,102,14,19,0,0,0,91,0,37,0,293,140,51,0,73,0,54,0,44,0,0,0,0,0,0,0,0,0,0,0,0,0,0,0,0,0,0,0,0,0,0,0,57,0,318,299,235,0,102,0,0,0,28,0,41,0,0,0,0
0,257,100,28,300,124,0,13,0,39,184,0,29,506,320,0,44,0,59,36,132,48,326,45,0,0,0,207,36,62,42,91,0,161,0,86,0,140,0,67,0,106,0,0,0,43,0,125,1,15,0,0,0,0,0,2,0,0,0,0,0,0,0,0,0,28,0,2,0,0,0,0,0,0,0,0,0,0,0,3,0,0,0,0,0,4,0,0,0,0,0,0,0,0,0,0,0,0,0,0,0,0,0,0,0,0,0,0,0,0,0,0,0,0,0,0,0,0,0,2,0,0,0,0,0,20,0,0,0,0,0,15,0,9,0,19,0,12,0,1,0,0,0,0,0,0,0,0,0,97,0,200,0,402,0,0,0,0,0,0,0,0,0,0,0,0,0,67,1,30,0,10,0,116,0,222,67,361,19,65,0,159,0,30,0,79,0,17,0,4,0,1,0,1,0,0,0,0,0,5,0,0,0,0,0,0,0,0,0,30,0,17,0,0,131,0,0,0,407,216,303,0,0,0,0
73,0,89,0,405,91,15,0,33,0,352,29,0,372,50,12,0,0,105,249,52,78,0,0,0,0,299,468,0,0,24,0,11,0,93,0,0,0,4,0,135,70,204,128,62,62,152,191,13,0,569,141,1,0,0,0,0,0,0,0,0,0,0,0,0,0,0,0,0,0,0,0,0,0,0,0,0,0,0,0,0,0,0,0,0,0,0,0,0,0,0,0,0,0,0,0,0,0,0,0,0,0,0,0,0,0,0,0,0,0,0,0,0,0,0,0,0,0,0,0,0,0,0,0,0,0,0,0,0,0,0,0,0,0,0,0,0,0,0,0,0,0,0,0,0,0,0,0,72,0,83,0,54,0,0,0,0,0,0,0,0,0,3,0,43,0,55,0,35,0,0,0,0,0,0,0,280,95,70,0,55,0,43,0,40,0,495,0,0,0,0,0,0,0,0,0,0,0,0,0,0,0,0,0,0,0,0,0,0,0,69,375,282,0,24,0,0,0,0,0,0,0,0,0,0
0,191,0,77,233,336,0,23,0,0,0,506,372,0,98,11,0,0,842,115,591,44,0,0,0,0,187,204,0,0,54,0,0,0,72,303,0,81,0,0,21,211,36,105,0,57,2,185,0,57,100,282,0,0,0,0,0,0,0,0,0,0,0,0,0,0,0,0,0,0,0,0,0,0,0,0,0,0,0,0,0,0,0,0,0,0,0,0,0,0,0,0,0,0,0,0,0,0,0,0,0,0,0,0,0,0,0,0,0,0,0,0,0,0,0,0,0,0,0,0,0,0,0,0,0,0,0,0,0,0,0,0,0,0,0,0,0,26,0,0,0,0,0,0,0,0,0,0,0,0,0,0,0,85,0,0,0,0,0,0,0,0,0,0,0,132,0,38,0,59,0,0,0,6,0,31,60,440,0,20,0,36,0,0,0,0,24,54,0,0,0,0,0,0,0,0,0,0,0,0,0,0,0,0,0,0,0,0,0,0,0,23,36,0,46,0,0,0,0,490,500,0,0,0,1
16,0,288,0,237,490,21,0,0,0,22,320,50,98,0,294,77,0,348,136,462,146,321,43,55,0,266,0,84,0,278,44,178,23,43,32,109,17,112,0,11,0,0,0,47,0,15,0,0,0,0,0,1,0,47,0,0,0,0,0,0,0,8,0,0,0,0,0,0,0,0,0,0,0,0,0,0,0,0,0,0,0,0,0,0,0,0,0,0,0,0,0,0,0,0,0,131,0,0,0,0,0,0,0,35,0,0,0,0,0,0,0,0,0,0,0,0,0,0,0,0,0,0,0,0,0,0,0,0,0,0,0,0,0,298,0,87,0,0,0,0,0,145,0,0,0,34,0,41,0,68,0,0,0,0,0,0,0,0,0,0,0,0,0,0,0,99,20,27,0,0,0,75,0,0,0,60,90,3,0,0,0,1,0,11,0,0,1,0,0,0,0,0,0,0,0,6,0,11,0,223,0,0,0,0,0,0,0,130,0,165,118,291,45,84,0,0,0,51,0,76,0,0,0,0
85,11,96,172,271,67,0,12,1,0,243,0,12,11,294,0,50,50,0,445,111,239,279,268,26,105,0,181,0,48,55,404,31,124,0,104,0,58,55,0,0,0,0,0,0,0,0,0,0,0,0,0,0,7,0,51,0,0,0,0,0,0,0,78,0,0,0,0,0,0,0,0,0,0,0,0,0,0,0,0,0,0,0,0,0,0,0,0,0,0,0,0,0,0,0,0,0,0,0,0,0,0,0,0,0,0,0,0,0,0,0,0,0,0,0,0,0,0,0,0,0,0,0,0,0,0,0,0,0,0,0,0,0,46,0,187,0,235,0,0,0,0,0,0,0,0,0,0,0,0,0,0,0,0,0,0,0,0,0,0,0,0,0,0,0,0,0,192,0,15,0,6,0,74,0,0,17,29,28,3,0,0,5,0,0,0,0,0,0,0,0,0,0,0,0,0,0,0,0,0,0,25,0,0,0,0,0,0,0,0,0,0,0,0,63,0,0,0,157,118,156,0,0,0,0
66,258,178,69,101,54,0,62,11,0,55,44,0,0,77,50,0,12,159,0,234,0,54,116,126,22,72,0,151,14,104,0,17,0,45,0,15,0,27,0,0,0,0,0,0,0,0,0,3,0,11,0,102,0,87,0,11,1,0,0,42,6,234,7,0,0,0,0,0,0,3,0,0,0,0,0,0,0,0,0,0,0,0,0,229,0,0,0,0,0,70,0,0,0,0,0,651,0,220,0,0,0,0,0,0,0,49,0,0,0,0,0,0,0,0,0,0,0,0,0,39,0,29,0,0,0,0,0,305,0,4,0,0,0,340,1,742,0,188,0,79,0,1203,0,0,0,0,0,0,0,0,0,0,0,71,0,0,0,45,0,0,0,0,0,0,0,0,0,0,0,0,0,27,0,0,0,16,0,1,0,0,0,4,0,0,0,0,0,0,0,0,0,0,0,0,0,0,0,0,0,183,0,0,0,0,0,0,0,0,0,8,237,35,0,7,0,0,0,0,0,4,0,0,0,0
38,10,21,34,0,0,0,0,0,0,0,0,0,0,0,50,12,0,0,120,0,202,26,201,20,73,0,61,0,278,0,49,0,33,0,0,0,0,0,91,0,0,0,0,0,0,0,0,0,0,0,0,0,17,0,34,0,45,0,0,2,0,0,148,0,0,0,0,0,0,0,0,0,0,0,0,0,0,0,0,0,0,0,0,0,57,0,0,0,0,0,0,0,0,0,0,0,0,0,0,0,0,0,0,0,0,0,0,0,0,0,0,0,0,0,0,0,0,0,0,1,0,0,0,0,0,0,0,8,153,0,12,0,51,0,156,0,282,0,95,13,20,1,146,0,0,0,0,0,0,0,0,1,0,0,62,0,0,0,35,5,0,0,0,0,0,0,0,0,0,0,0,0,30,0,0,0,0,0,7,0,0,2,4,0,0,0,0,0,0,0,0,0,0,0,0,0,0,0,0,0,0,0,0,0,0,0,0,0,0,0,0,0,0,0,0,0,0,0,25,22,0,0,0,0
0,0,82,0,152,134,6,0,8,0,0,59,105,842,348,0,159,0,0,428,309,158,193,0,0,0,42,433,0,0,76,8,15,0,347,148,143,41,4,0,2,31,92,87,40,11,0,57,2,0,422,121,3,0,0,0,0,0,0,0,0,0,5,0,8,0,0,0,0,0,0,0,0,0,0,0,0,0,0,0,0,0,0,0,0,0,0,0,0,0,0,0,0,0,0,0,0,0,0,0,0,0,0,0,0,0,0,0,0,0,0,0,0,0,0,0,0,0,0,0,0,0,0,0,0,0,0,0,0,0,0,0,0,0,0,0,0,1,0,0,0,0,0,0,0,0,0,0,0,0,40,0,14,0,0,0,0,0,0,0,0,0,0,0,48,14,72,0,0,0,0,0,14,0,0,0,104,107,0,0,0,0,7,0,0,0,197,0,0,0,0,0,0,0,0,0,0,0,0,0,0,0,0,0,0,0,0,0,57,0,80,178,266,0,0,0,0,0,0,0,80,0,0,0,0
18,78,0,334,215,169,0,0,0,0,78,36,249,115,136,445,0,120,428,0,353,231,0,187,0,0,66,305,0,0,49,238,19,0,35,617,0,123,0,0,0,3,0,40,0,72,0,19,0,4,31,142,0,0,0,0,0,0,0,1,0,0,0,225,0,0,0,0,0,0,0,0,0,0,0,0,0,0,0,0,0,0,0,0,0,637,0,0,0,0,0,0,0,0,0,0,0,0,0,0,0,0,0,0,0,0,0,0,0,0,0,0,0,0,0,0,0,0,0,0,0,0,0,0,0,0,0,0,0,0,0,0,0,0,0,0,0,379,0,0,0,0,0,793,0,0,0,0,0,0,0,0,0,0,0,0,0,0,0,0,0,0,0,0,0,79,0,75,0,0,0,0,0,26,0,0,29,73,14,0,0,0,0,0,0,0,6,9,0,0,0,0,0,0,0,0,0,0,0,0,0,0,0,0,0,0,0,0,0,0,0,0,0,0,51,0,0,0,122,299,173,0,0,0,0
0,0,104,8,299,274,0,0,0,0,80,132,52,591,462,111,234,0,309,353,0,164,96,31,43,0,88,338,32,0,90,23,18,7,62,0,15,28,6,0,3,52,15,0,47,24,0,98,6,4,34,112,0,0,0,0,0,0,0,0,0,0,17,0,0,0,0,0,0,0,42,0,0,0,0,0,0,0,0,0,0,0,0,0,397,0,0,0,0,0,0,0,0,0,0,0,605,0,0,0,0,0,0,0,0,0,0,0,0,0,0,0,0,0,0,0,0,0,0,0,344,0,0,0,0,0,0,0,0,0,0,0,0,0,0,0,0,0,45,0,69,0,661,0,0,0,0,0,0,0,0,0,0,0,0,0,0,0,0,0,0,0,0,0,26,0,19,8,0,6,0,0,17,0,0,0,28,46,16,0,0,0,0,0,0,0,67,0,0,0,0,0,0,0,0,0,0,0,0,0,0,0,0,0,0,0,0,0,0,0,87,359,114,0,36,0,0,0,0,0,0,0,0,0,0
0,0,0,33,99,117,0,0,0,0,77,48,78,44,146,239,0,202,158,231,164,0,27,224,0,0,0,126,0,75,26,104,10,0,22,67,4,47,7,0,0,0,0,40,0,87,0,0,1,0,0,55,0,0,0,0,0,0,0,0,0,0,0,89,0,0,0,0,0,0,0,0,0,0,0,0,0,0,0,0,0,0,0,0,0,312,0,0,0,0,0,0,0,0,0,0,0,0,0,0,0,0,0,0,0,0,0,0,0,0,0,0,0,0,0,0,0,0,0,0,0,0,0,0,0,0,0,0,0,0,0,0,0,0,0,0,0,298,0,199,0,217,0,684,0,0,1,0,0,0,0,0,0,0,0,0,0,0,0,0,0,0,0,0,0,30,0,20,0,0,0,2,0,0,0,0,8,41,12,7,0,0,0,1,0,0,0,23,0,0,0,0,0,0,0,0,0,0,0,0,0,0,0,0,0,0,0,0,0,0,0,0,21,0,0,0,0,0,124,377,74,0,0,0,0
0,403,216,151,84,329,5,46,0,9,10,326,0,0,321,279,54,26,193,0,96,27,0,341,57,18,124,0,33,51,22,0,0,40,2,0,0,10,44,53,0,0,0,0,114,0,25,0,5,0,0,0,8,0,154,0,0,0,0,0,20,0,15,0,0,0,0,0,0,0,0,0,0,0,0,0,0,0,0,0,0,0,0,0,12,0,0,0,0,0,41,0,0,0,0,0,142,0,0,0,0,0,0,0,0,0,0,0,0,0,0,0,0,0,0,0,0,0,0,0,1,0,0,0,0,0,0,0,0,0,0,0,0,0,399,0,244,0,0,0,0,0,207,0,0,0,1,0,0,0,12,0,0,0,0,0,0,0,0,0,0,0,0,0,0,0,0,0,0,0,0,1,56,0,0,0,33,72,0,0,0,0,0,0,0,0,0,0,0,0,0,0,0,0,0,0,0,0,0,0,219,0,0,0,0,0,0,0,66,0,49,194,52,0,29,0,0,0,0,0,28,0,0,0,0
195,31,118,127,63,150,0,0,0,0,70,45,0,0,43,268,116,201,0,187,31,224,341,0,33,103,0,56,25,397,0,107,3,134,0,0,0,14,30,280,0,0,0,0,0,0,0,0,0,0,0,5,0,7,0,34,0,0,0,0,0,0,0,128,0,0,0,0,0,0,0,0,0,0,0,0,0,0,0,0,0,0,0,0,0,83,0,0,0,0,0,0,0,0,0,0,1,6,0,0,0,0,0,0,0,0,0,0,0,0,0,0,0,0,0,0,0,0,0,0,0,0,0,0,0,0,0,0,0,70,0,0,0,0,0,120,0,146,0,0,0,0,0,92,0,0,0,0,0,0,0,0,0,0,0,18,0,0,0,0,0,0,0,0,0,0,0,20,0,0,0,0,3,90,0,0,11,11,0,21,0,0,0,0,0,0,0,0,0,0,0,0,0,0,0,0,0,0,0,0,0,0,0,0,0,0,0,0,0,0,0,0,0,0,46,0,0,0,114,151,155,0,0,0,0
5,374,63,53,0,0,119,245,9,310,0,0,0,0,55,26,126,20,0,0,43,0,57,33,0,110,0,0,59,10,17,0,0,0,0,0,0,0,17,0,0,0,0,0,0,0,0,0,0,0,0,0,33,13,182,31,23,0,13,3,47,10,180,53,0,0,0,4,0,0,0,0,0,0,0,0,0,0,0,0,0,0,0,0,0,0,0,0,0,0,0,0,0,0,0,0,30,0,0,0,0,0,0,0,10,0,8,0,0,0,0,0,0,0,0,0,0,0,0,0,0,0,0,0,0,0,17,0,101,0,10,0,37,0,269,4,166,0,0,0,0,0,83,0,0,0,0,0,0,0,3,0,0,0,0,0,0,0,0,0,8,0,0,0,0,0,0,0,0,0,10,0,47,4,0,0,7,30,0,0,0,0,1,15,0,0,0,0,0,0,0,0,0,0,0,0,0,0,0,0,78,0,0,0,0,0,0,0,61,0,37,69,89,0,55,1,0,0,0,4,0,0,0,0,0
117,2,36,19,0,15,0,5,96,0,0,0,0,0,0,105,22,73,0,0,0,0,18,103,110,0,0,0,0,243,0,0,0,0,0,0,0,0,2,301,0,0,0,0,0,0,0,0,0,0,0,0,7,20,0,46,0,19,0,0,10,96,23,377,0,0,0,0,0,0,0,0,0,0,0,0,0,0,0,0,0,0,0,0,0,0,0,0,0,0,0,0,0,0,0,0,0,0,0,0,0,0,0,0,0,0,0,0,0,0,0,0,0,0,0,0,0,0,0,0,0,0,0,0,0,0,0,0,2,35,0,14,0,27,0,26,0,71,0,7,0,2,0,0,0,0,0,0,0,0,0,0,0,0,0,7,0,0,0,6,0,5,0,0,0,0,0,14,0,23,0,47,6,157,0,0,0,0,0,0,0,0,0,0,0,0,0,0,0,0,0,0,0,0,0,0,0,0,0,0,0,0,0,0,0,0,0,3,0,14,0,6,5,0,356,0,0,0,567,43,451,125,8,0,0
37,0,111,0,370,0,0,0,23,0,62,0,299,187,266,0,72,0,42,66,88,0,124,0,0,0,0,338,0,0,16,0,3,0,28,27,53,0,0,0,72,197,158,164,89,128,51,394,15,0,262,123,8,0,0,0,0,0,0,0,0,0,0,0,0,0,0,0,0,0,22,0,0,0,27,0,0,0,0,0,0,0,0,0,248,0,0,0,0,0,0,0,0,0,0,0,0,0,521,0,0,0,0,1,0,0,0,0,0,0,0,0,0,0,0,0,0,0,0,0,162,0,0,0,0,0,0,0,0,0,0,0,0,0,0,0,0,0,0,0,0,0,0,0,23,0,0,0,0,0,94,0,48,0,0,0,0,0,0,0,0,0,0,0,128,0,20,0,52,0,0,0,0,0,0,0,40,50,23,0,0,0,38,0,0,0,142,0,0,0,0,0,0,0,0,0,0,0,0,0,0,0,0,0,0,0,0,0,0,0,0,618,380,14,16,0,0,0,0,16,0,0,0,0,0
0,260,0,365,78,295,0,0,0,20,0,207,468,204,0,181,0,61,433,305,338,126,0,56,0,0,338,0,0,0,0,90,0,0,71,117,0,82,0,0,48,48,107,266,0,139,0,106,0,20,204,275,0,0,0,0,0,0,0,0,0,12,0,124,0,28,0,0,0,0,0,0,0,0,0,0,0,0,0,0,0,0,0,0,0,1043,0,0,0,0,0,0,0,0,0,49,0,41,0,42,0,0,0,0,0,0,0,0,0,0,0,0,0,0,0,0,0,0,0,0,0,0,0,17,0,0,0,0,0,0,0,0,0,0,0,448,0,575,0,0,0,325,0,1350,0,0,0,0,0,195,0,0,0,179,0,0,0,7,0,0,0,0,0,0,0,55,0,0,0,70,0,0,0,0,0,0,0,159,0,8,0,48,0,0,0,49,31,40,0,0,0,0,0,0,0,0,0,0,0,0,0,0,0,0,0,0,0,0,0,40,0,0,0,0,87,0,0,0,164,670,501,0,0,0,0
99,0,420,0,167,0,0,0,0,0,121,36,0,0,84,0,151,0,0,0,32,0,33,25,59,0,0,0,0,3,46,0,35,2,57,0,35,1,7,0,0,0,42,0,9,0,0,0,0,0,11,0,5,0,0,0,0,0,0,0,2,0,21,0,0,0,0,0,0,0,11,0,0,0,20,0,0,0,0,0,0,0,0,0,165,0,0,0,0,0,0,0,0,0,0,0,211,0,222,0,0,0,0,0,0,0,0,0,0,0,0,0,0,0,0,0,0,0,0,0,90,0,63,0,0,0,0,0,45,0,0,0,0,0,0,0,153,0,142,0,175,0,569,0,28,0,0,0,0,0,0,0,0,0,3,0,0,0,0,1,0,0,0,0,0,0,0,0,0,0,0,0,0,0,0,0,40,0,0,0,0,0,0,0,0,0,0,0,0,0,0,0,0,0,0,0,0,0,0,0,0,0,0,0,0,0,0,0,0,0,0,55,0,0,0,0,0,0,0,0,0,0,0,0,0
18,110,0,179,0,0,0,0,0,0,0,62,0,0,0,48,14,278,0,0,0,75,51,397,10,243,0,0,3,0,0,106,0,15,0,230,0,12,0,5,0,0,0,71,0,7,0,0,0,0,0,0,0,24,0,33,0,23,0,0,0,17,0,92,0,0,0,0,0,0,0,0,0,0,0,0,0,0,0,0,0,0,0,0,0,120,0,0,0,0,0,0,0,0,0,0,0,13,0,0,0,0,0,0,0,0,0,0,0,0,0,0,0,0,0,0,0,0,0,0,0,0,0,0,0,0,0,0,0,50,0,11,0,0,0,90,0,284,0,478,0,210,0,383,0,0,0,0,0,0,0,0,0,0,1,0,0,0,0,42,0,0,0,0,0,0,0,0,0,0,0,0,0,0,0,0,0,20,0,56,0,0,0,7,0,0,0,0,0,0,0,0,0,0,0,0,0,0,0,0,0,0,0,0,0,0,0,0,0,0,0,0,0,0,0,0,0,0,0,80,16,0,0,0,0
0,0,64,0,0,80,0,0,0,0,115,42,24,54,278,55,104,0,76,49,90,26,22,0,17,0,16,0,46,0,0,0,2,0,151,0,8,0,0,0,0,0,22,0,4,0,0,0,0,0,19,0,0,0,0,0,2,0,0,0,0,0,0,0,0,0,0,0,0,0,0,0,0,0,0,0,0,0,0,0,0,0,0,0,0,0,0,0,0,0,0,0,0,0,0,0,0,0,0,0,0,0,0,0,0,0,0,0,0,0,0,0,0,0,0,0,0,0,0,0,0,0,0,0,0,0,0,0,0,0,0,0,0,0,0,0,0,0,0,0,0,0,0,0,0,0,0,0,0,0,0,0,0,0,0,0,0,0,0,0,0,0,1,0,6,0,60,0,0,0,1,0,6,0,0,0,0,0,23,0,0,0,0,0,0,0,1,0,0,0,0,0,0,0,0,0,0,0,0,0,0,0,0,0,0,0,0,0,0,0,53,143,125,33,21,0,0,0,0,0,0,0,0,0,0
0,0,0,52,29,291,0,0,0,0,25,91,0,0,44,404,0,49,8,238,23,104,0,107,0,0,0,90,0,106,0,0,0,0,0,103,0,0,3,0,0,0,0,60,0,0,0,0,0,0,0,12,0,0,0,0,0,0,0,0,0,0,0,19,0,0,0,0,0,0,0,0,0,1,0,0,0,0,0,0,0,0,0,0,0,0,0,0,0,0,0,0,0,0,0,0,0,0,0,0,0,0,0,0,0,0,0,0,0,0,0,0,0,0,0,0,0,0,0,0,0,0,0,0,0,0,0,0,0,0,0,0,0,0,0,0,0,0,0,0,0,116,0,242,0,0,0,0,0,0,0,0,0,0,0,0,0,2,0,0,0,0,0,0,0,4,0,0,0,0,0,0,0,4,0,0,0,18,0,12,0,0,0,0,0,0,0,0,0,0,0,0,0,0,0,0,0,0,0,0,0,0,0,0,0,0,0,0,0,0,0,0,0,0,0,0,0,0,44,122,27,8,0,0,0
0,0,19,0,303,42,0,0,0,0,120,0,11,0,178,31,17,0,15,19,18,10,0,3,0,0,3,0,35,0,2,0,0,0,13,0,70,0,0,0,0,0,9,0,4,0,0,0,0,0,0,0,0,0,0,0,0,0,0,0,2,0,0,0,0,0,0,0,0,0,4,0,0,0,0,0,0,0,0,0,0,0,0,0,0,0,0,0,0,0,0,0,0,0,0,0,0,0,51,0,0,0,0,0,0,0,0,0,0,0,0,0,0,0,0,0,0,0,0,0,0,0,16,0,0,0,0,0,0,0,0,0,0,0,0,0,8,0,0,0,0,0,0,0,0,0,0,0,0,0,14,0,0,0,0,0,0,0,0,0,0,0,0,0,0,0,48,0,8,0,0,0,7,0,0,0,26,0,28,0,0,0,0,0,0,0,0,0,0,0,0,0,0,0,0,0,0,0,0,0,0,0,0,0,0,0,0,0,0,0,34,115,94,11,15,0,0,0,0,2,0,0,0,0,0
0,0,0,207,0,288,0,0,0,0,17,161,0,0,23,124,0,33,0,0,7,0,40,134,0,0,0,0,2,15,0,0,0,0,0,11,0,70,0,2,0,0,0,6,0,0,0,0,0,0,0,4,0,0,0,0,0,0,0,0,0,4,0,20,0,0,0,0,0,0,0,0,0,0,0,0,0,0,0,0,0,0,0,0,0,0,0,0,0,0,0,0,0,0,0,0,0,0,0,0,0,0,0,0,0,0,0,0,0,0,0,0,0,0,0,0,0,0,0,0,0,0,0,0,0,0,0,0,0,0,0,0,0,0,0,0,0,0,0,44,0,74,0,35,0,16,0,0,0,0,0,0,0,0,0,6,0,8,0,0,0,0,0,0,0,0,0,33,0,0,0,0,0,13,0,0,5,30,0,112,0,0,0,0,0,0,0,0,0,1,0,0,0,0,0,0,0,0,0,0,0,0,0,0,0,0,0,0,0,0,0,0,1,0,17,0,0,0,24,164,39,0,0,0,0
0,0,0,0,65,18,0,0,0,0,0,0,93,72,43,0,45,0,347,35,62,22,2,0,0,0,28,71,57,0,151,0,13,0,0,0,33,0,0,0,0,0,3,0,19,0,0,0,0,0,22,0,1,0,0,0,0,0,0,0,0,0,2,0,0,0,0,0,0,0,0,0,1,0,0,0,0,0,0,0,0,0,0,0,0,0,0,0,0,0,0,0,0,0,0,0,0,0,0,0,0,0,0,0,0,0,0,0,0,0,0,0,0,0,0,0,0,0,0,0,59,0,0,0,0,0,0,0,0,0,0,0,0,0,0,0,0,0,0,0,0,0,0,0,0,0,0,0,0,0,0,0,0,0,0,0,0,0,0,0,0,0,0,0,27,0,37,0,0,0,0,0,0,0,0,0,0,0,3,0,0,0,0,0,0,0,13,0,0,0,0,0,0,0,0,0,0,0,0,0,0,0,0,0,0,0,0,0,0,0,0,108,104,0,8,0,0,0,0,0,7,0,0,0,0
0,0,0,0,0,299,0,0,0,0,8,86,0,303,32,104,0,0,148,617,0,67,0,0,0,0,27,117,0,230,0,103,0,11,0,0,0,202,0,0,0,0,0,26,0,8,0,0,0,1,0,80,0,5,0,0,0,0,0,0,0,0,0,22,0,0,0,0,0,0,0,0,0,0,0,5,0,0,0,0,0,0,0,0,0,198,0,0,0,0,0,0,0,0,0,0,0,0,0,0,0,0,0,0,0,0,0,0,0,0,0,0,0,0,0,0,0,0,0,0,0,0,0,0,0,0,0,0,0,0,0,0,0,0,0,0,0,0,0,0,0,345,0,508,0,0,0,0,0,0,0,0,0,2,0,0,0,4,0,0,0,0,0,0,0,83,0,97,0,30,0,0,0,21,0,0,0,165,0,25,0,0,0,0,0,0,0,81,0,0,0,0,0,0,0,0,0,0,0,0,0,0,0,0,0,0,0,0,0,0,0,0,8,0,26,0,0,0,55,264,229,0,0,0,0
0,0,0,0,273,0,0,1,0,0,86,0,0,0,109,0,15,0,143,0,15,4,0,0,0,0,53,0,35,0,8,0,70,0,33,0,0,0,61,0,0,0,47,0,40,0,0,0,0,0,93,1,0,0,0,0,0,0,1,0,49,0,3,0,5,0,0,0,0,0,97,0,0,0,39,0,0,0,0,0,86,0,0,0,117,0,0,0,0,0,0,0,0,0,0,0,0,0,463,0,0,0,0,0,0,0,0,0,0,0,0,0,0,0,0,0,0,0,0,0,236,0,52,0,0,0,0,0,0,0,0,0,0,0,0,0,26,0,51,0,116,0,152,0,120,0,0,0,0,0,0,0,0,0,0,0,5,0,0,0,0,0,60,0,17,0,85,0,36,0,38,0,69,0,0,0,19,0,15,0,0,0,2,0,0,0,0,0,2,0,0,0,0,0,0,0,0,0,0,0,0,0,0,0,0,0,0,0,0,0,27,115,111,8,17,0,0,0,0,0,0,0,0,0,0
0,77,0,0,0,201,0,0,1,0,9,140,0,81,17,58,0,0,41,123,28,47,10,14,0,0,0,82,1,12,0,0,0,70,0,202,0,0,0,14,0,0,0,150,0,48,0,0,0,1,0,92,0,0,0,0,0,0,0,0,0,29,0,6,0,0,0,0,0,0,0,0,0,2,0,10,0,0,0,0,0,0,0,0,0,221,0,0,0,0,0,0,0,0,0,0,0,0,0,0,0,0,0,0,0,0,0,0,0,0,0,0,0,0,0,0,0,0,0,0,0,29,0,28,0,0,0,0,0,0,0,0,0,0,0,0,0,35,0,208,0,385,0,449,0,159,0,0,0,0,0,0,0,0,0,0,0,64,0,0,0,0,0,0,0,54,0,41,0,22,0,21,0,38,0,0,0,122,0,64,0,0,0,14,0,0,0,29,0,0,0,2,0,0,0,0,0,0,0,0,0,4,0,0,0,0,0,0,0,0,0,0,0,0,0,0,0,0,25,95,127,6,0,1,0
191,13,295,0,405,68,20,0,2,0,287,0,4,0,112,55,27,0,4,0,6,7,44,30,17,2,0,0,7,0,0,3,0,0,0,0,61,0,0,0,0,0,0,0,0,0,0,0,0,0,2,0,1,0,0,0,0,0,0,0,15,0,9,0,0,0,0,0,0,0,22,0,0,0,27,0,0,0,0,0,32,0,0,0,80,0,0,0,0,0,0,0,0,0,0,0,68,0,234,0,0,0,0,0,0,0,0,0,0,0,0,0,0,0,0,0,0,0,0,0,112,0,74,0,0,0,0,0,0,0,0,0,0,0,0,0,46,0,72,0,98,0,191,0,71,0,0,0,2,0,0,0,0,0,0,0,14,0,0,0,0,0,19,0,0,0,21,0,0,0,9,0,30,0,0,0,50,0,25,0,0,0,3,0,0,0,0,0,0,0,0,0,0,0,0,0,0,0,0,0,0,0,0,0,0,0,0,0,0,0,16,245,31,4,11,0,0,0,0,0,0,0,0,0,0
35,434,35,461,0,0,0,214,0,0,0,67,0,0,0,0,0,91,0,0,0,0,53,280,0,301,0,0,0,5,0,0,0,2,0,0,0,14,0,0,0,0,0,5,0,0,0,0,0,0,0,3,0,6,0,8,0,0,0,0,0,7,0,18,0,0,0,0,0,0,0,0,0,0,0,0,0,0,0,0,0,0,0,0,0,0,0,0,0,0,0,0,0,0,0,0,0,0,0,0,0,0,0,0,0,0,0,0,0,0,0,0,0,0,0,0,0,0,0,0,0,0,0,0,0,0,0,0,0,0,0,0,0,0,0,0,0,86,0,267,0,203,0,75,0,61,0,0,0,0,0,0,0,0,0,14,0,11,0,19,0,0,0,0,0,0,0,8,0,0,0,2,0,62,0,0,5,75,0,112,0,0,0,44,0,0,0,0,0,0,0,0,0,0,0,0,0,0,0,0,0,0,0,0,0,0,0,0,0,0,0,0,0,0,0,0,0,0,5,129,51,0,0,0,0
0,0,16,0,57,0,0,0,6,0,26,0,135,21,11,0,0,0,2,0,3,0,0,0,0,0,72,48,0,0,0,0,0,0,0,0,0,0,0,0,0,67,55,0,24,59,35,248,127,54,24,0,0,0,0,0,0,0,0,0,3,0,0,0,0,0,0,0,0,0,0,0,0,0,0,0,0,0,0,0,0,0,0,0,0,0,0,0,0,0,0,0,0,0,0,0,0,0,0,0,0,0,0,0,0,0,0,0,0,0,0,0,0,0,0,0,0,0,0,0,0,0,0,0,0,0,0,0,0,0,1,0,0,0,0,0,0,0,0,0,0,0,0,0,0,0,0,0,0,0,0,0,18,0,0,0,0,0,0,0,0,0,0,0,0,0,0,0,0,0,0,0,0,0,17,0,42,31,19,0,0,0,19,0,0,0,145,0,0,0,0,0,0,0,0,0,0,0,0,0,0,0,0,0,0,0,0,0,0,0,0,56,0,0,0,0,0,7,0,6,0,0,0,0,0
0,31,0,0,0,18,0,5,0,0,0,106,70,211,0,0,0,0,31,3,52,0,0,0,0,0,197,48,0,0,0,0,0,0,0,0,0,0,0,0,67,0,54,81,24,81,63,110,3,154,84,24,0,0,0,1,0,0,0,0,0,0,0,0,0,0,0,0,0,0,0,0,0,0,0,0,0,0,0,0,0,0,0,1,0,0,0,0,0,0,0,0,0,0,0,0,0,0,0,0,0,0,0,0,0,0,0,0,0,0,0,0,0,0,0,0,0,0,0,0,0,0,0,0,0,0,0,0,0,0,0,0,0,0,0,0,0,0,0,0,0,0,0,0,0,0,0,0,0,0,0,0,0,9,0,0,0,0,0,0,0,0,0,0,0,0,0,0,0,0,0,0,0,0,0,0,0,138,0,16,0,0,0,0,0,0,28,3,0,0,0,0,0,0,0,0,0,0,0,0,0,0,0,0,0,0,0,0,0,0,0,0,0,0,0,0,0,0,0,34,20,0,0,0,11
0,0,0,0,41,0,0,0,0,0,0,0,204,36,0,0,0,0,92,0,15,0,0,0,0,0,158,107,42,0,22,0,9,0,3,0,47,0,0,0,55,54,0,56,93,60,5,268,35,21,8,49,0,0,0,0,0,0,0,0,0,0,0,0,0,0,0,0,0,0,22,0,0,0,0,0,0,0,0,0,0,0,0,0,0,0,0,0,0,0,0,0,0,0,0,0,0,0,0,0,0,0,0,0,0,0,0,0,0,0,0,0,0,0,0,0,0,0,0,0,0,0,0,0,0,0,0,0,0,0,0,0,0,0,0,0,0,0,0,0,0,0,0,0,0,0,0,0,0,0,0,0,0,0,0,0,0,0,0,0,0,0,0,0,8,0,4,0,0,0,0,0,0,0,0,0,6,21,0,0,0,0,0,0,0,0,172,0,0,0,0,0,0,0,0,0,0,0,0,0,0,0,0,0,0,0,0,0,0,0,0,52,52,0,2,0,0,0,0,0,0,0,0,0,0
0,0,0,0,0,0,0,0,0,0,0,0,128,105,0,0,0,0,87,40,0,40,0,0,0,0,164,266,0,71,0,60,0,6,0,26,0,150,0,5,0,81,56,0,0,132,7,47,0,47,71,43,0,0,0,0,0,0,0,0,0,0,0,0,0,0,0,0,0,0,0,10,0,0,0,0,0,0,0,0,0,0,0,0,0,326,0,0,0,0,0,0,0,0,0,0,0,0,0,18,0,0,0,0,0,0,0,0,0,0,0,0,0,0,0,0,0,0,0,0,0,0,0,0,0,0,0,0,0,0,0,0,0,0,0,0,0,0,0,0,0,198,0,409,0,0,0,0,0,0,0,0,0,0,0,0,0,0,0,0,0,0,0,11,0,40,0,23,0,33,0,6,0,10,0,0,0,154,0,2,0,0,0,0,0,0,0,280,0,0,0,6,0,0,0,0,0,0,0,0,0,0,0,0,0,0,0,0,0,0,0,0,0,0,10,0,0,0,27,99,93,0,0,0,0
0,0,61,0,0,3,0,0,0,0,0,0,62,0,47,0,0,0,40,0,47,0,114,0,0,0,89,0,9,0,4,0,4,0,19,0,40,0,0,0,24,24,93,0,0,24,41,74,123,58,43,0,0,0,0,0,0,0,0,0,0,0,2,0,3,0,0,0,0,0,79,0,3,0,0,0,0,0,0,0,152,0,0,0,423,0,86,0,0,0,182,0,126,0,99,1,973,0,1291,0,86,0,52,0,0,0,114,0,2,0,0,0,0,0,0,0,0,0,1,0,349,0,0,0,0,0,0,0,0,0,0,0,0,0,0,0,0,0,0,0,0,0,0,0,0,0,0,0,0,0,0,0,0,0,0,0,0,0,0,0,0,0,19,0,178,0,32,0,40,0,16,0,14,0,2,0,17,17,2,0,0,0,7,0,5,0,47,0,0,0,0,0,75,0,0,0,0,0,0,0,136,0,0,0,0,0,0,0,0,0,16,282,397,9,0,12,0,55,0,0,0,0,0,0,4
0,37,0,41,0,0,0,0,0,0,0,43,62,57,0,0,0,0,11,72,24,87,0,0,0,0,128,139,0,7,0,0,0,0,0,8,0,48,0,0,59,81,60,132,24,0,25,104,3,118,48,52,0,0,0,0,0,12,0,0,0,0,0,0,0,0,0,0,0,59,0,6,0,6,0,16,0,43,0,0,0,177,0,91,0,370,0,41,0,36,0,0,0,31,0,172,0,21,0,60,0,61,0,0,0,0,0,0,0,0,0,0,0,0,0,0,0,2,0,0,0,44,0,12,0,0,0,0,0,0,0,0,0,0,0,0,0,0,0,0,0,0,0,282,0,41,0,0,0,0,0,0,0,0,0,6,0,0,0,5,0,0,0,14,0,138,0,8,0,232,0,19,0,19,0,0,0,100,0,0,0,31,0,0,0,13,13,65,0,0,0,0,0,0,0,0,0,0,0,0,0,0,0,0,0,0,0,0,0,0,0,0,0,0,34,0,0,0,114,460,421,16,7,0,12
12,0,27,0,62,0,0,0,8,0,45,0,152,2,15,0,0,0,0,0,0,0,25,0,0,0,51,0,0,0,0,0,0,0,0,0,0,0,0,0,35,63,5,7,41,25,0,160,214,115,10,0,0,0,0,0,0,0,0,0,0,0,0,0,0,0,0,0,0,0,0,0,0,0,0,0,0,0,0,0,0,0,0,0,0,0,0,0,0,0,0,0,4,0,0,0,0,0,0,0,0,0,0,0,5,0,0,0,0,0,0,0,0,0,0,0,0,0,0,0,0,0,0,0,7,0,0,0,0,0,0,0,0,0,0,0,0,0,0,0,0,0,0,0,0,0,0,0,0,0,29,0,0,0,0,0,0,0,0,0,0,0,0,0,12,0,1,0,0,0,0,0,0,0,0,0,14,36,17,0,0,1,14,0,0,0,118,2,0,0,0,0,0,0,0,0,0,0,0,0,18,0,0,0,0,0,0,0,0,0,0,276,36,0,0,0,0,66,0,7,7,0,0,0,3
0,79,0,0,0,85,0,14,0,0,0,125,191,185,0,0,0,0,57,19,98,0,0,0,0,0,394,106,0,0,0,0,0,0,0,0,0,0,0,0,248,110,268,47,74,104,160,0,11,67,190,16,0,0,0,5,0,2,0,0,0,0,0,0,0,0,0,0,0,0,0,0,0,0,0,0,0,0,0,0,0,0,0,0,0,0,0,0,0,1,0,0,0,0,0,14,0,0,0,0,0,0,0,8,0,0,0,0,0,0,0,0,0,0,0,0,0,0,0,0,0,0,0,0,0,0,0,0,0,0,0,0,0,0,0,0,0,0,0,0,0,0,0,0,0,1,0,0,0,0,0,31,0,0,0,0,0,0,0,0,0,0,0,0,0,8,0,0,0,0,0,0,0,0,0,0,2,154,0,0,0,0,0,0,0,14,56,11,0,0,0,0,0,0,0,0,0,0,0,0,0,0,0,0,0,0,0,0,0,0,0,0,0,0,0,0,0,0,0,489,70,0,0,0,21
1,0,0,0,19,0,5,0,0,0,10,1,13,0,0,0,3,0,2,0,6,1,5,0,0,0,15,0,0,0,0,0,0,0,0,0,0,0,0,0,127,3,35,0,123,3,214,11,0,49,40,0,1,0,1,0,12,1,7,0,0,0,0,0,0,0,0,0,3,0,0,0,0,0,0,0,1,0,0,0,2,0,2,0,0,0,0,0,20,0,0,0,47,0,10,0,0,0,9,0,19,0,32,0,0,0,8,0,2,0,0,0,0,0,0,0,0,0,0,0,2,0,0,0,0,0,0,0,0,0,0,0,0,1,12,0,0,0,0,0,0,0,0,0,0,0,0,0,0,0,0,0,6,0,0,0,0,0,0,0,19,0,0,0,47,0,22,0,3,0,0,0,0,0,0,0,31,5,15,0,0,0,0,0,0,0,82,1,0,0,0,0,28,0,0,0,0,0,0,0,12,0,0,0,20,0,0,0,0,0,24,42,126,12,25,10,10,28,0,2,7,0,0,0,4
0,6,0,5,0,0,0,1,0,0,0,15,0,57,0,0,0,0,0,4,4,0,0,0,0,0,0,20,0,0,0,0,0,0,0,1,0,1,0,0,54,154,21,47,58,118,115,67,49,0,0,23,0,0,0,0,0,5,0,1,0,0,0,0,0,0,0,0,0,6,0,1,0,0,0,0,0,0,0,0,0,0,0,11,0,34,0,0,0,5,0,0,0,6,0,14,0,1,0,0,0,3,0,2,0,0,0,2,0,0,0,0,0,0,0,0,0,0,0,0,0,0,0,0,0,0,0,0,0,0,0,0,0,0,0,0,0,0,0,0,0,0,0,0,0,0,0,0,0,0,0,0,0,0,0,0,0,0,0,0,0,2,0,0,0,46,0,1,0,0,0,0,0,0,0,0,0,110,0,0,0,5,0,0,0,0,22,42,0,0,0,0,0,0,0,1,0,0,0,0,0,0,0,0,0,0,0,0,0,0,0,4,0,0,0,0,0,0,0,53,27,0,0,2,29
0,0,0,0,136,0,0,0,0,0,0,0,569,100,0,0,11,0,422,31,34,0,0,0,0,0,262,204,11,0,19,0,0,0,22,0,93,0,2,0,24,84,8,71,43,48,10,190,40,0,0,48,0,0,2,0,0,0,0,0,0,0,0,0,2,0,0,0,0,0,56,0,0,0,49,0,7,0,0,0,47,0,14,0,65,0,26,0,0,0,25,0,21,0,52,0,149,0,285,0,0,0,11,0,0,0,28,0,0,0,0,0,0,0,0,0,0,0,0,0,96,0,0,0,0,0,0,0,0,0,0,0,0,0,0,0,0,0,0,0,0,0,0,0,20,0,0,0,0,0,0,0,0,0,0,0,0,0,0,0,0,0,28,0,44,0,56,0,59,0,26,0,30,0,0,0,0,13,10,0,0,0,5,0,0,0,133,0,0,0,0,0,0,0,0,0,0,0,0,0,0,0,0,0,0,0,0,0,0,0,60,87,148,13,0,0,0,5,0,0,0,0,0,0,0
0,0,0,0,0,96,0,0,0,0,0,0,141,282,0,0,0,0,121,142,112,55,0,5,0,0,123,275,0,0,0,12,0,4,0,80,1,92,0,3,0,24,49,43,0,52,0,16,0,23,48,0,0,0,0,0,0,0,0,0,0,0,0,1,0,0,0,0,0,0,0,0,0,0,0,40,0,5,0,13,0,203,0,0,0,478,0,44,0,0,0,0,0,0,0,0,0,0,0,48,0,37,0,0,0,0,0,0,0,0,0,0,0,0,0,0,0,0,0,0,0,109,0,0,0,2,0,0,0,0,0,4,0,0,0,0,0,0,0,0,0,0,0,381,0,99,0,0,2,0,0,0,0,0,0,0,0,0,0,0,0,0,0,15,0,18,0,44,0,74,0,31,0,34,0,0,0,146,0,0,0,0,0,0,0,0,20,202,0,0,0,0,0,0,0,0,0,0,0,0,0,0,0,0,0,0,0,0,0,0,0,0,0,0,0,0,0,0,69,66,75,0,0,0,0
4,0,6,0,0,0,96,19,78,97,0,0,1,0,1,0,102,0,3,0,0,0,8,0,33,7,8,0,5,0,0,0,0,0,1,0,0,0,1,0,0,0,0,0,0,0,0,0,1,0,0,0,0,47,58,46,141,5,8,56,12,9,68,8,0,9,8,137,0,0,0,0,0,0,0,0,0,0,0,0,0,0,0,0,0,0,0,0,0,0,0,0,0,0,0,0,0,0,0,0,0,0,0,0,0,0,0,0,0,0,0,0,0,0,0,0,0,0,0,0,0,0,0,0,0,0,5,0,260,0,13,0,13,0,35,0,162,0,296,0,45,0,73,0,57,0,0,0,0,0,0,0,0,0,141,3,84,16,101,0,26,0,7,0,1,0,0,0,4,0,82,0,0,0,0,0,2,4,0,0,0,0,6,2,4,1,0,0,0,0,0,0,0,0,0,0,0,0,0,0,4,0,0,0,0,0,0,0,0,0,22,77,64,0,28,0,0,0,0,0,0,1,0,1,0
3,0,0,3,0,1,15,15,122,82,0,0,0,0,0,7,0,17,0,0,0,0,0,7,13,20,0,0,0,24,0,0,0,0,0,5,0,0,0,6,0,0,0,0,0,0,0,0,0,0,0,0,47,0,62,60,6,71,128,17,0,57,6,147,3,0,77,44,0,0,0,0,0,0,0,0,0,0,0,0,0,0,0,0,0,7,0,0,0,0,0,0,0,0,0,0,0,0,0,0,0,0,0,0,0,0,0,0,0,0,0,0,0,0,0,0,0,0,0,0,0,0,0,0,0,0,0,0,0,76,0,19,0,15,0,18,0,84,0,270,0,22,0,41,0,28,0,0,0,0,0,2,0,3,3,221,4,80,0,156,0,8,0,0,0,0,0,0,0,0,1,6,0,0,0,0,3,8,0,0,0,1,0,0,0,5,0,0,0,0,0,0,0,0,0,0,0,0,0,0,0,0,0,0,0,0,0,0,0,0,4,2,0,0,10,0,0,0,10,75,9,7,0,3,0
3,0,139,0,0,0,149,41,20,236,3,0,0,0,47,0,87,0,0,0,0,0,154,0,182,0,0,0,0,0,0,0,0,0,0,0,0,0,0,0,0,0,0,0,0,0,0,0,1,0,2,0,58,62,0,71,88,9,57,47,17,28,16,42,5,0,7,102,0,0,0,0,0,0,0,0,1,0,0,0,0,0,0,0,0,0,0,0,0,0,0,0,0,0,0,1,0,0,0,0,0,0,0,0,4,0,0,0,0,0,0,0,0,0,0,0,0,0,0,0,0,0,0,0,0,0,94,0,95,0,94,0,66,0,97,0,46,0,0,0,0,0,0,0,5,0,14,0,2,0,0,0,0,0,38,0,14,8,0,1,82,0,5,0,0,0,0,0,26,0,208,0,3,0,0,0,0,0,0,0,0,0,0,9,4,0,0,0,0,0,0,0,0,0,0,0,0,0,0,0,10,0,0,0,0,0,6,0,105,0,272,44,309,319,233,7,39,0,0,0,4,0,0,0,0
0,23,3,102,0,3,34,104,229,58,0,2,0,0,0,51,0,34,0,0,0,0,0,34,31,46,0,0,0,33,0,0,0,0,0,0,0,0,0,8,0,1,0,0,0,0,0,5,0,0,0,0,46,60,71,0,0,156,55,10,5,59,18,66,0,1,50,18,0,1,0,0,0,0,0,0,0,0,0,0,0,0,0,0,0,0,0,0,0,0,0,0,0,0,0,0,0,0,0,0,0,0,0,0,0,0,0,0,0,0,0,0,0,0,0,0,0,0,0,0,0,0,0,0,0,64,0,14,0,97,0,138,0,92,0,0,0,78,0,0,0,0,0,0,1,0,0,0,0,5,0,0,0,0,0,61,0,33,0,23,1,16,0,0,0,13,0,0,0,41,0,375,0,42,0,0,0,0,0,0,0,0,0,6,0,2,0,0,0,0,0,0,0,0,0,0,0,0,0,2,0,0,0,0,0,0,0,0,0,0,0,7,5,0,616,0,0,0,624,128,778,610,97,256,0
0,0,9,0,0,0,13,0,1,0,0,0,0,0,0,0,11,0,0,0,0,0,0,0,23,0,0,0,0,0,2,0,0,0,0,0,0,0,0,0,0,0,0,0,0,0,0,0,12,0,0,0,141,6,88,0,0,0,49,0,3,0,6,0,13,15,9,82,1,0,0,0,0,0,0,0,1,0,2,0,0,0,0,0,0,0,0,0,0,0,0,0,0,0,0,0,0,0,0,0,0,0,0,0,0,0,0,0,0,0,0,0,0,0,0,0,0,0,0,0,0,0,0,0,14,0,24,0,39,0,127,0,32,0,8,0,0,0,3,5,0,0,0,0,7,13,3,0,4,0,0,0,0,0,47,10,12,6,15,14,54,0,0,0,14,0,0,0,58,0,177,0,0,0,0,0,0,0,0,0,0,0,0,0,0,0,0,0,0,0,0,0,0,0,0,0,1,0,0,0,4,0,0,0,0,0,0,0,13,0,622,93,707,916,791,28,104,0,0,0,0,0,0,0,0
0,0,0,23,0,0,0,23,0,15,0,0,0,0,0,0,1,45,0,0,0,0,0,0,0,19,0,0,0,23,0,0,0,0,0,0,0,0,0,0,0,0,0,0,0,12,0,2,1,5,0,0,5,71,9,156,0,0,37,69,0,2,0,17,0,0,43,13,0,4,0,0,0,0,0,0,0,1,0,0,0,0,0,0,0,0,0,0,0,0,0,0,0,1,0,0,0,0,0,0,0,0,0,0,0,0,0,0,0,0,0,0,0,0,0,0,0,0,0,0,0,0,0,0,0,36,0,9,0,95,6,176,0,52,0,0,0,46,0,13,0,0,0,0,0,0,0,0,0,2,0,0,0,0,8,156,4,21,0,190,0,42,0,0,0,3,0,0,0,47,0,340,0,14,0,0,0,0,0,0,1,0,0,0,9,0,0,0,0,0,0,0,0,0,0,0,0,0,0,0,0,0,0,0,0,0,0,1,0,15,0,0,0,0,837,0,0,0,564,85,1010,990,132,0,0
15,0,23,0,0,0,27,0,160,92,0,0,0,0,0,0,0,0,0,0,0,0,0,0,13,0,0,0,0,0,0,0,0,0,0,0,1,0,0,0,0,0,0,0,0,0,0,0,7,0,0,0,8,128,57,55,49,37,0,151,26,0,3,0,96,33,121,392,0,0,0,0,0,0,0,0,0,0,0,0,0,0,0,0,0,0,0,0,0,0,0,0,0,0,0,0,0,0,0,0,0,0,0,0,0,0,0,0,0,0,0,0,0,0,0,0,0,0,0,0,0,0,0,0,9,0,0,0,0,0,51,0,0,0,0,0,0,0,1,2,0,0,0,0,5,10,3,0,4,0,0,0,0,0,8,30,118,22,0,18,13,0,4,0,0,0,0,0,22,0,166,0,3,0,0,0,28,0,0,0,0,0,0,0,16,20,0,0,0,0,0,0,1,0,0,0,0,0,0,0,0,0,0,0,0,0,0,0,0,0,945,395,555,663,768,18,75,0,0,0,0,0,0,0,0
0,8,0,5,0,0,0,5,64,32,0,0,0,0,0,0,0,0,0,1,0,0,0,0,3,0,0,0,0,0,0,0,0,0,0,0,0,0,0,0,0,0,0,0,0,0,0,0,0,1,0,0,56,17,47,10,0,69,151,0,0,0,0,2,61,81,211,70,0,3,0,0,0,0,0,0,0,1,0,0,0,0,0,0,0,0,0,0,0,0,0,0,0,0,0,0,0,0,0,0,0,0,0,0,0,0,0,0,0,0,0,0,0,0,0,0,0,0,0,0,0,0,0,0,0,77,0,24,0,2,0,105,0,21,0,0,0,5,0,0,0,0,0,0,0,6,0,13,0,23,0,3,0,0,61,16,19,55,14,11,0,32,0,0,0,0,0,0,0,6,0,0,0,0,0,2,0,2,0,0,0,0,0,0,28,6,0,0,0,0,0,0,0,0,0,0,0,0,0,0,0,0,0,0,0,0,0,0,0,23,0,0,0,0,841,0,0,0,709,433,378,685,88,87,0
251,28,224,0,0,0,303,33,206,30,0,0,0,0,0,0,42,2,0,0,0,0,20,0,47,10,0,0,2,0,0,0,2,0,0,0,49,0,15,0,3,0,0,0,0,0,0,0,0,0,0,0,12,0,17,5,3,0,26,0,0,0,36,0,0,0,5,0,0,0,9,0,0,0,6,0,0,0,0,0,0,0,0,0,0,0,0,0,0,0,0,0,0,0,0,0,0,0,0,0,0,0,0,0,0,0,0,0,0,0,0,0,0,0,0,0,0,0,0,0,4,0,0,0,0,0,0,0,0,0,0,0,0,0,0,0,21,0,149,0,135,0,0,0,190,0,0,0,0,0,0,0,0,0,17,0,86,0,4,0,0,0,0,0,0,0,0,0,0,0,78,0,42,0,0,0,20,5,0,0,1,0,17,0,0,0,0,0,0,0,0,0,0,0,0,0,0,0,0,0,0,0,0,0,0,0,0,0,0,0,0,66,12,0,0,0,0,0,1,0,0,0,0,0,0
7,175,0,37,0,7,13,268,0,304,0,0,0,0,0,0,6,0,0,0,0,0,0,0,10,96,0,12,0,17,0,0,0,4,0,0,0,29,0,7,0,0,0,0,0,0,0,0,0,0,0,0,9,57,28,59,0,2,0,0,0,0,0,31,0,0,9,70,0,0,0,0,0,0,0,0,0,0,0,0,0,0,0,0,0,0,0,0,0,0,0,0,0,0,0,0,0,0,0,0,0,0,0,0,0,0,0,0,0,0,0,0,0,0,0,0,0,0,0,0,0,0,0,2,0,0,0,0,0,0,0,0,0,0,0,0,0,11,0,59,0,99,0,20,0,135,0,0,0,0,0,0,0,0,0,7,0,154,0,7,0,0,0,0,0,0,0,0,0,3,0,52,0,31,0,0,0,62,0,0,0,0,0,104,0,4,0,0,0,0,0,0,0,0,0,0,0,0,0,0,0,0,0,0,0,0,0,0,0,0,0,0,0,0,8,0,0,0,1,30,58,5,0,3,0
61,44,212,0,0,0,384,43,119,92,0,0,0,0,8,0,234,0,5,0,17,0,15,0,180,23,0,0,21,0,0,0,0,0,2,0,3,0,9,0,0,0,0,0,2,0,0,0,0,0,0,0,68,6,16,18,6,0,3,0,36,0,0,11,0,0,0,3,0,0,0,0,0,0,0,0,0,0,0,0,0,0,0,0,0,0,0,0,0,0,0,0,0,0,0,0,11,0,0,0,0,0,0,0,0,0,0,0,0,0,0,0,0,0,0,0,0,0,0,0,0,0,2,0,0,0,0,0,51,0,0,0,0,0,0,0,118,0,199,0,130,0,99,0,34,0,0,0,0,0,2,0,0,0,43,0,39,0,32,0,0,0,0,0,0,0,0,0,0,0,5,0,4,0,0,0,14,4,0,0,0,0,0,1,0,1,0,0,0,0,0,0,0,0,0,0,0,0,0,0,0,0,0,0,0,0,0,0,0,0,2,80,0,0,0,0,0,0,0,1,0,0,0,0,0
30,56,0,27,0,0,48,192,104,264,0,0,0,0,0,78,7,148,0,225,0,89,0,128,53,377,0,124,0,92,0,19,0,20,0,22,0,6,0,18,0,0,0,0,0,0,0,0,0,0,0,1,8,147,42,66,0,17,0,2,0,31,11,0,0,0,0,27,0,0,0,0,0,0,0,0,0,0,0,0,0,0,0,0,0,0,0,0,0,0,0,1,0,0,0,0,0,0,0,0,0,0,0,0,0,0,0,0,0,0,0,0,0,0,0,0,0,0,0,0,0,0,0,0,0,0,0,0,0,38,0,21,0,12,2,14,0,122,0,443,0,99,0,100,0,89,0,0,0,0,0,0,0,0,0,156,0,18,0,140,0,9,0,0,0,0,0,0,0,0,0,3,0,6,0,0,0,44,0,0,0,0,0,197,0,0,0,0,0,0,0,0,0,0,0,0,0,0,0,0,0,0,0,0,0,0,0,0,2,0,0,2,0,0,9,0,0,0,11,57,26,5,0,0,0
32,0,4,0,21,0,13,0,136,0,0,0,0,0,0,0,0,0,8,0,0,0,0,0,0,0,0,0,0,0,0,0,0,0,0,0,5,0,0,0,0,0,0,0,3,0,0,0,0,0,2,0,0,3,5,0,13,0,96,61,0,0,0,0,0,198,113,55,0,0,37,0,0,0,39,2,0,0,0,0,0,0,0,0,0,4,11,0,0,0,0,0,0,0,0,0,0,0,0,0,0,0,0,0,0,0,0,0,0,0,0,0,0,0,0,0,0,0,0,0,0,0,0,0,13,0,0,0,1,0,41,39,0,0,0,0,0,0,45,122,54,24,0,2,147,89,39,0,31,60,6,0,1,0,3,62,0,3,0,146,81,180,22,4,0,0,0,0,0,0,0,0,0,0,5,8,0,0,5,0,67,33,36,0,194,42,0,0,0,0,0,0,0,0,0,0,0,0,0,0,0,0,0,0,0,0,0,0,8,0,206,25,79,119,127,0,0,0,7,0,0,0,0,0,0
0,64,0,0,0,0,0,0,0,241,0,28,0,0,0,0,0,0,0,0,0,0,0,0,0,0,0,28,0,0,0,0,0,0,0,0,0,0,0,0,0,0,0,0,0,0,0,0,0,0,0,0,9,0,0,1,15,0,33,81,0,0,0,0,198,0,60,307,0,0,12,22,0,13,0,38,0,0,0,16,0,0,0,0,2,0,0,0,0,0,0,0,0,0,0,0,0,0,0,0,0,0,0,0,0,0,0,0,0,0,0,0,0,0,0,0,0,0,0,0,0,0,0,0,0,37,0,67,23,0,120,67,0,0,0,0,0,4,55,36,0,0,0,0,69,84,0,40,0,295,0,0,0,4,33,11,0,3,48,13,129,156,0,0,0,0,0,0,0,11,0,0,0,4,0,63,0,0,0,0,43,130,0,6,24,57,0,0,0,0,0,0,0,0,0,0,0,0,0,0,0,0,0,0,0,0,0,0,0,30,0,2,0,0,0,0,0,0,162,100,83,0,0,0,0
24,0,3,0,0,0,61,5,170,0,0,0,0,0,0,0,0,0,0,0,0,0,0,0,0,0,0,0,0,0,0,0,0,0,0,0,0,0,0,0,0,0,0,0,0,0,0,0,0,0,0,0,8,77,7,50,9,43,121,211,5,9,0,0,113,60,0,256,0,0,0,0,0,0,0,0,0,0,0,0,0,0,0,0,0,0,0,0,0,0,0,0,0,0,0,0,0,0,0,0,0,0,0,0,0,0,0,0,0,0,0,0,0,0,0,0,0,0,0,0,0,0,0,0,4,0,0,0,0,0,4,0,0,0,0,0,0,0,0,0,0,0,0,0,15,13,10,0,0,0,0,0,0,0,6,34,28,23,0,41,24,0,0,0,0,0,0,0,3,0,9,0,0,0,0,4,35,0,0,0,0,0,1,0,211,7,0,0,0,0,0,0,0,0,0,0,0,0,0,0,0,0,0,0,0,0,0,0,0,0,114,121,42,80,92,1,0,0,0,0,0,0,0,0,0
0,2,0,0,0,0,21,0,199,101,0,2,0,0,0,0,0,0,0,0,0,0,0,0,4,0,0,0,0,0,0,0,0,0,0,0,0,0,0,0,0,0,0,0,0,0,0,0,0,0,0,0,137,44,102,18,82,13,392,70,0,70,3,27,55,307,256,0,0,0,0,0,0,0,0,0,0,0,0,0,0,0,0,0,0,0,0,0,0,0,0,0,0,0,0,0,0,0,0,0,0,0,0,0,0,0,0,0,0,0,0,0,0,0,0,0,0,0,0,0,0,0,0,0,0,39,0,6,0,0,0,55,0,0,0,0,0,2,0,2,0,0,0,0,24,13,0,13,0,61,0,0,0,2,81,22,14,75,41,9,26,72,0,0,0,0,0,0,0,0,0,0,0,0,0,31,16,50,0,0,0,0,0,0,43,200,0,0,0,0,0,0,0,0,0,0,0,0,0,0,0,0,0,0,0,0,0,0,0,13,4,0,0,0,186,0,0,0,211,292,83,0,12,0,0
0,0,0,0,0,0,0,0,0,0,0,0,0,0,0,0,0,0,0,0,0,0,0,0,0,0,0,0,0,0,0,0,0,0,0,0,0,0,0,0,0,0,0,0,0,0,0,0,3,0,0,0,0,0,0,0,1,0,0,0,0,0,0,0,0,0,0,0,0,0,0,0,9,0,0,0,35,0,18,0,0,0,23,0,0,0,0,0,4,0,15,0,1,0,15,0,107,0,0,0,0,0,40,0,24,0,27,0,11,0,5,0,3,0,1,0,0,0,1,0,0,0,0,0,0,4,0,2,0,0,0,0,0,0,0,0,0,0,0,0,2,0,0,0,0,0,0,0,0,0,0,0,0,0,0,0,0,0,0,0,0,0,0,0,12,0,3,0,62,0,0,0,0,0,0,0,0,0,0,0,0,0,0,0,0,0,0,0,89,0,25,0,113,0,24,0,0,0,34,0,35,0,70,0,71,0,0,0,0,0,82,8,55,5,10,54,12,1,0,0,2,0,0,0,0
0,0,0,0,0,0,0,0,0,0,0,0,0,0,0,0,0,0,0,0,0,0,0,0,0,0,0,0,0,0,0,0,0,0,0,0,0,0,0,0,0,0,0,0,0,59,0,0,0,6,0,0,0,0,0,1,0,4,0,3,0,0,0,0,0,0,0,0,0,0,0,0,0,3,0,0,0,67,0,0,0,22,0,40,0,0,0,41,0,58,0,0,0,9,0,53,0,0,0,23,0,31,0,83,0,0,0,24,0,9,0,8,0,10,0,0,0,0,0,0,0,0,0,0,0,0,0,5,0,0,0,0,0,0,0,0,1,0,0,0,0,0,0,0,0,0,0,0,0,0,4,5,0,0,0,0,0,0,0,1,0,2,0,0,0,43,0,0,0,53,0,4,0,0,0,0,0,2,0,0,0,0,0,0,0,0,0,0,0,68,0,0,0,0,0,0,0,0,0,0,0,0,0,0,0,0,0,0,0,0,0,0,4,0,16,0,0,0,45,17,133,0,41,62,0
0,0,0,0,0,0,0,0,0,0,0,0,0,0,0,0,3,0,0,0,42,0,0,0,0,0,22,0,11,0,0,0,4,0,0,0,97,0,22,0,0,0,22,0,79,0,0,0,0,0,56,0,0,0,0,0,0,0,0,0,9,0,0,0,37,12,0,0,0,0,0,0,131,0,153,0,8,0,117,0,3,0,4,0,2,0,9,0,0,0,0,0,0,0,0,0,0,0,0,0,0,0,0,0,0,0,0,0,0,0,0,0,0,0,0,0,0,0,0,0,22,0,5,0,0,0,0,0,27,0,0,0,54,0,46,0,17,0,0,8,59,0,49,0,40,0,0,0,0,0,0,0,24,0,0,0,0,0,0,0,0,0,57,0,2,0,77,0,0,0,39,0,53,0,66,0,0,0,0,0,56,10,0,0,75,1,0,0,0,0,0,0,0,0,0,0,0,0,0,0,0,0,0,0,0,0,0,0,0,0,4,0,5,0,0,0,0,0,0,0,0,0,0,0,0
0,0,0,0,0,0,0,0,0,0,0,0,0,0,0,0,0,0,0,0,0,0,0,0,0,0,0,0,0,0,0,0,0,0,0,0,0,0,0,0,0,0,0,10,0,6,0,0,0,1,0,0,0,0,0,0,0,0,0,0,0,0,0,0,0,22,0,0,0,0,0,0,0,84,0,113,0,8,0,16,0,0,0,0,0,0,0,44,0,0,0,0,0,0,0,0,0,0,0,0,0,0,0,0,1,0,0,0,0,0,0,0,0,0,0,0,0,0,0,0,0,7,0,1,0,62,0,0,0,15,0,0,0,76,0,0,2,193,0,0,0,56,0,0,0,36,0,0,0,40,0,15,0,0,0,0,0,0,0,0,0,18,0,13,0,0,0,0,0,5,0,13,0,14,0,18,0,0,0,0,0,17,0,0,0,0,0,0,0,0,0,0,0,0,0,0,0,0,0,0,0,0,0,0,0,0,0,0,0,0,0,0,0,0,0,0,0,0,29,0,7,0,0,0,0
0,0,0,0,0,0,0,0,0,0,0,0,0,0,0,0,0,0,0,0,0,0,0,0,0,0,0,0,0,0,0,0,0,0,1,0,0,0,0,0,0,0,0,0,3,0,0,0,0,0,0,0,0,0,0,0,0,0,0,0,0,0,0,0,0,0,0,0,9,0,131,0,0,0,93,0,40,0,143,0,0,0,33,0,12,0,11,0,0,0,0,0,12,0,5,0,33,0,0,4,0,0,0,0,0,0,0,0,0,0,0,0,0,0,0,0,0,0,0,0,82,0,26,0,129,0,67,0,50,0,55,0,82,0,312,0,52,0,11,0,35,0,228,0,21,0,32,0,20,0,106,0,30,0,0,0,0,0,0,0,4,0,42,0,2,0,0,0,7,0,9,0,0,0,25,0,0,0,0,0,0,0,0,0,25,0,0,0,0,0,0,0,19,0,0,0,0,0,0,0,121,0,0,0,0,0,0,0,159,0,212,0,25,0,27,0,0,0,0,0,0,0,0,0,0
0,0,0,0,0,0,0,0,0,0,0,0,0,0,0,0,0,0,0,0,0,0,0,0,0,0,0,0,0,0,0,1,0,0,0,0,0,2,0,0,0,0,0,0,0,6,0,0,0,0,0,0,0,0,0,0,0,0,0,0,0,0,0,0,0,13,0,0,0,3,0,84,0,0,0,140,0,40,0,70,0,29,0,14,0,25,0,126,0,0,0,0,2,0,0,3,0,0,0,0,0,0,0,0,0,0,0,0,0,0,0,0,0,0,0,0,0,0,0,0,0,71,0,25,11,89,0,0,0,14,0,36,1,91,0,370,1,493,0,0,0,42,0,63,0,31,0,0,0,0,0,0,0,0,0,0,0,2,0,0,0,0,0,34,0,0,0,0,0,12,0,5,0,6,0,11,0,0,0,0,0,0,0,0,0,0,0,0,0,0,0,0,0,0,0,0,0,0,0,279,0,19,0,275,0,0,0,540,0,394,0,0,0,0,13,0,0,0,67,0,27,0,0,0,0
0,0,0,0,0,0,0,0,0,0,0,0,0,0,0,0,0,0,0,0,0,0,0,0,0,0,27,0,20,0,0,0,0,0,0,0,39,0,27,0,0,0,0,0,0,0,0,0,0,0,49,0,0,0,0,0,0,0,0,0,6,0,0,0,39,0,0,0,0,0,153,0,93,0,0,0,17,0,204,0,4,0,12,0,26,0,6,0,0,0,0,0,0,0,0,0,9,0,0,0,2,0,0,0,0,0,0,0,0,0,0,0,0,0,0,0,0,0,0,0,54,0,51,0,46,0,0,0,17,2,0,24,0,0,148,0,29,0,15,0,40,22,184,0,76,0,0,0,0,54,48,0,17,0,0,0,0,0,0,0,7,0,62,0,0,0,37,0,4,0,21,0,20,0,97,0,0,0,0,0,75,0,0,0,85,0,0,0,0,0,0,0,0,0,0,0,0,0,0,0,80,0,0,0,0,0,0,0,66,0,30,0,0,0,7,0,0,0,5,1,0,0,0,1,0
0,0,0,0,0,7,0,0,0,0,0,0,0,0,0,0,0,0,0,0,0,0,0,0,0,0,0,0,0,0,0,0,0,0,0,5,0,10,0,0,0,0,0,0,0,16,0,0,0,0,0,40,0,0,0,0,0,0,0,0,0,0,0,0,2,38,0,0,0,0,0,113,0,140,0,0,0,2,0,74,0,8,0,0,0,0,0,98,0,0,0,0,0,0,0,0,0,0,0,0,0,0,0,0,0,0,0,0,0,0,0,0,0,0,0,0,0,0,0,0,0,81,0,15,0,0,0,0,0,0,0,48,1,0,0,223,0,352,0,0,0,51,0,95,0,152,0,0,0,114,0,0,0,0,0,0,0,0,0,0,0,19,0,39,0,0,0,0,0,0,0,18,0,22,0,29,0,0,0,0,0,49,0,0,0,0,0,0,0,0,0,0,0,0,0,0,0,4,0,0,0,0,0,0,0,0,0,0,0,0,0,0,0,0,11,0,0,0,83,0,14,0,0,0,0
0,0,0,0,0,0,0,0,0,0,0,0,0,0,0,0,0,0,0,0,0,0,0,0,0,0,0,0,0,0,0,0,0,0,0,0,0,0,0,0,0,0,0,0,0,0,0,0,1,0,7,0,0,0,1,0,1,0,0,0,0,0,0,0,0,0,0,0,35,0,8,0,40,0,17,0,0,0,41,0,0,0,28,0,0,0,43,0,0,0,0,0,20,0,12,0,120,0,23,0,0,0,16,0,0,0,0,0,23,0,0,0,0,0,1,0,2,0,0,0,11,0,2,0,0,0,0,0,0,0,0,0,0,0,0,0,0,0,0,0,0,0,0,0,2,0,0,0,0,0,6,0,0,0,0,0,0,0,0,0,0,0,0,0,13,0,0,0,13,0,0,0,3,0,0,0,0,0,0,0,0,0,0,0,1,0,0,0,0,0,0,0,103,0,0,0,0,0,0,0,77,0,0,0,0,0,0,0,0,0,39,0,19,0,0,8,9,0,0,0,0,0,0,0,0
0,0,0,0,0,0,0,0,0,2,0,0,0,0,0,0,0,0,0,0,0,0,0,0,0,0,0,0,0,0,0,0,0,0,0,0,0,0,0,0,0,0,0,0,0,43,0,0,0,0,0,5,0,0,0,0,0,1,0,1,0,0,0,0,0,0,0,0,0,67,0,8,0,40,0,2,0,0,0,4,0,45,0,59,0,14,0,150,0,5,0,0,0,35,0,19,0,0,0,28,0,13,0,74,0,0,0,24,0,26,0,5,0,0,0,0,0,16,0,0,0,9,0,1,0,5,0,0,0,0,1,0,0,2,0,52,0,24,0,0,0,0,0,0,0,0,0,0,0,0,0,0,0,0,0,0,0,0,0,0,0,0,0,1,0,9,0,1,0,42,0,0,0,2,0,5,0,2,0,0,0,0,0,0,0,0,0,0,0,0,0,0,0,0,0,0,0,0,0,0,0,26,0,65,0,0,0,0,0,0,0,0,0,0,9,0,0,0,9,8,36,0,9,15,0
0,0,0,0,0,0,0,0,0,0,0,0,0,0,0,0,0,0,0,0,0,0,0,0,0,0,0,0,0,0,0,0,0,0,0,0,0,0,0,0,0,0,0,0,0,0,0,0,0,0,0,0,0,0,0,0,2,0,0,0,0,0,0,0,0,0,0,0,18,0,117,0,143,0,204,0,41,0,0,0,0,0,68,0,73,0,54,0,0,0,0,0,38,0,20,0,157,0,25,0,2,0,16,0,0,0,0,0,56,0,0,0,0,0,14,0,8,0,0,0,95,0,23,0,0,0,0,0,0,0,0,0,0,0,139,0,0,0,6,3,16,0,134,0,5,0,0,0,0,0,0,0,0,0,0,0,0,0,0,0,0,3,0,0,4,0,0,0,23,0,0,0,0,0,8,0,0,0,0,0,0,2,0,0,0,0,0,0,0,0,0,0,0,0,6,0,0,0,0,0,160,0,0,0,0,0,0,0,0,0,201,0,34,0,29,10,16,0,0,0,0,0,0,0,0
0,0,0,0,0,0,0,0,0,0,0,3,0,0,0,0,0,0,0,0,0,0,0,0,0,0,0,0,0,0,0,0,0,0,0,0,0,0,0,0,0,0,0,0,0,0,0,0,0,0,0,13,0,0,0,0,0,0,0,0,0,0,0,0,0,16,0,0,0,0,0,16,0,70,0,74,0,4,0,0,0,3,0,0,0,22,0,44,0,0,0,0,0,0,0,0,0,0,0,0,0,0,0,0,0,0,0,0,0,0,0,0,0,0,0,0,0,0,0,0,0,32,0,10,0,0,0,0,0,0,0,0,0,0,0,256,0,163,0,0,0,24,0,121,0,40,0,0,0,0,0,0,0,0,0,0,0,0,0,0,0,0,0,7,0,0,0,0,0,0,0,11,0,10,0,15,0,0,0,0,0,0,0,0,0,0,0,0,0,0,0,0,0,0,0,0,0,0,0,0,0,0,0,0,0,0,0,106,0,97,0,0,0,0,4,0,0,0,87,0,12,0,0,1,0
