0,446,80,121,77,9,8,90,59,16,35,32,80,0,69,39,11,30,54,2,0,0,35,79,8,191,10,0,95,9,0,1,29,0,10,0,22,0,297,4,13,0,0,0,0,0,5,0,1,0,6,0,22,0,11,16,3,0,2,0,147,2,102,18,18,0,13,0,0,0,4,0,0,0,0,0,0,0,0,0,3,0,0,0,7,0,7,0,0,0,0,0,0,0,0,0,8,0,0,0,0,0,0,0,0,0,0,0,0,0,0,0,0,0,0,0,0,0,0,0,0,1,0,0,10,0,3,0,0,0,8,0,5,1,1,0,3,0,0,0,0,0,3,0,0,0,3,0,34,0,11,0,14,0,6,0,7,0,1,0,10,0,0,0,6,0,4,0,16,0,8,0,268,0,0,0,34,40,1,8,4,0,11,6,68,0,2,0,0,0,0,0,0,0,0,0,0,0,0,0,2,0,0,0,0,0,0,0,6,0,4,0,2,0,67,0,0,0,1,1,133,3,9,0,0,0,42,18,124,0,84,0,187,0,15,0,38,8,74,0,16,0,47,0,301,0,0,0,0
446,0,322,64,33,151,117,54,81,56,6,99,0,74,0,21,65,52,0,40,0,1,299,25,146,14,0,60,0,101,0,9,1,16,0,0,1,52,4,105,0,65,0,0,0,0,0,11,0,3,0,0,11,2,33,17,2,2,0,6,4,197,14,120,0,39,0,11,0,0,0,0,0,0,0,0,0,0,0,2,0,0,0,0,0,0,0,0,0,0,0,0,0,0,0,0,0,0,0,0,0,0,0,0,0,2,0,0,0,0,0,0,0,0,0,0,0,0,0,0,0,0,0,0,0,0,0,0,0,0,0,11,0,7,0,23,0,18,0,0,0,2,0,0,0,0,0,6,0,18,0,10,0,5,0,3,0,11,0,1,0,4,0,0,0,0,0,0,1,2,0,15,0,70,0,0,8,322,0,6,0,0,50,24,0,29,0,0,0,0,0,0,0,0,0,0,0,3,0,0,0,0,0,0,0,0,0,0,0,5,0,7,0,0,0,68,0,1,0,2,0,251,0,12,1,15,10,144,4,166,1,59,0,391,0,33,0,17,1,94,0,29,2,30,0,196,0,0,0
80,322,0,119,161,41,29,52,5,0,33,61,54,0,261,70,27,37,97,3,17,0,710,98,144,137,22,1,144,10,32,0,103,0,0,0,63,3,308,0,9,2,0,0,2,0,9,0,0,0,0,0,8,0,49,3,9,0,7,0,139,0,131,18,4,0,1,0,0,0,0,0,0,0,0,0,0,0,0,0,10,0,0,0,0,0,0,0,0,0,0,0,0,0,0,0,18,0,0,0,0,0,0,0,0,0,0,0,0,0,0,0,0,0,0,0,0,0,0,0,0,0,0,0,14,0,9,0,0,0,8,0,14,1,25,0,14,0,0,0,2,0,0,0,1,0,5,0,6,0,28,0,0,0,0,0,0,0,0,0,13,0,0,0,2,0,12,0,12,0,9,0,180,0,0,0,12,28,0,16,0,0,1,0,2,0,1,0,0,0,0,0,0,0,0,0,3,0,2,0,8,0,0,0,0,0,0,0,12,0,0,0,0,0,41,2,0,0,0,0,135,0,18,0,4,0,57,14,94,0,73,0,149,0,17,0,17,4,64,2,0,1,27,0,218,0,0,0,0
121,64,119,0,45,127,0,38,0,0,16,30,0,40,15,293,40,5,0,122,7,19,136,87,7,68,0,113,1,34,0,9,0,82,0,0,4,106,5,104,0,25,0,0,0,0,0,8,0,4,0,0,0,0,0,119,0,33,0,0,0,63,0,21,0,0,0,0,0,0,0,0,0,0,0,0,0,0,0,0,0,0,0,0,0,10,0,0,0,0,0,0,0,0,0,0,0,0,0,10,0,0,0,0,0,0,0,0,0,0,0,0,0,0,0,0,0,0,0,0,0,0,0,0,0,0,0,0,0,5,0,7,0,37,0,44,0,153,0,0,0,2,0,21,0,0,0,0,0,0,0,4,0,0,0,0,0,0,0,0,0,0,0,0,0,1,0,1,0,2,0,6,0,26,0,0,5,20,0,2,0,0,8,0,0,3,0,0,0,0,0,0,0,0,0,0,0,2,0,0,0,11,0,0,0,0,0,3,0,3,0,4,0,0,0,30,0,0,0,0,5,230,0,0,0,3,0,94,0,116,0,23,4,175,0,14,0,20,1,37,0,19,0,20,0,93,0,0,0
77,33,161,45,0,168,0,0,1,0,93,116,215,58,173,140,0,0,87,114,33,17,51,40,0,0,37,19,31,0,111,10,130,1,56,0,187,0,151,0,42,0,1,0,0,0,20,0,1,0,31,0,10,0,2,0,2,0,1,0,0,0,0,0,2,0,0,0,0,0,0,0,0,0,0,0,0,0,0,0,0,0,0,0,0,0,0,0,0,0,0,0,0,0,0,0,0,0,0,0,0,0,0,0,0,0,0,0,0,0,0,0,0,0,0,0,0,0,0,0,6,0,0,0,0,0,0,0,0,0,0,0,0,0,0,0,5,0,0,0,0,0,1,0,0,0,3,1,0,0,8,0,14,0,0,0,0,0,0,0,4,0,0,0,0,0,77,0,26,0,0,0,74,0,0,0,47,38,0,8,9,0,9,0,7,0,5,0,0,0,0,0,0,0,0,0,0,0,2,0,0,0,0,0,0,0,0,0,1,0,0,0,1,0,0,1,0,0,4,0,224,0,9,0,35,0,130,10,88,7,116,0,65,0,14,0,29,6,55,0,14,0,60,0,205,0,0,0,0
9,151,41,127,168,0,0,26,0,4,93,196,128,119,439,77,18,0,93,60,135,34,48,7,0,8,3,122,0,0,0,146,0,94,0,55,17,108,0,13,0,47,0,5,0,2,0,6,0,0,0,15,0,0,0,8,0,3,0,0,0,1,0,0,0,0,0,0,0,0,0,2,0,0,0,0,0,0,0,0,0,0,0,0,0,0,0,2,0,0,0,0,0,0,0,0,0,0,0,0,0,0,0,0,0,0,0,0,0,0,0,0,0,0,0,0,0,0,0,0,0,0,0,6,0,0,0,0,0,0,0,0,0,4,0,20,0,26,0,0,0,0,0,0,0,0,0,0,0,9,0,0,0,10,0,1,0,0,0,0,0,0,0,0,0,0,10,30,0,7,0,0,2,12,0,0,40,170,12,17,0,9,0,7,0,19,2,6,0,0,0,0,0,0,0,0,0,3,0,0,0,0,0,0,0,0,0,0,0,4,0,2,0,0,0,10,0,0,0,16,34,218,1,0,0,65,12,70,14,194,0,52,0,149,3,20,2,17,0,33,1,10,0,14,15,66,0,0,0
8,117,29,0,0,0,0,59,25,142,4,0,1,0,21,0,0,0,13,0,0,0,27,0,100,70,1,0,0,0,0,0,0,0,0,0,4,0,8,0,0,0,0,0,0,0,0,0,0,0,0,0,116,0,140,63,32,7,0,7,149,0,326,60,9,1,46,7,0,0,1,0,1,0,0,0,0,0,0,0,0,0,0,0,0,0,0,0,0,0,2,0,0,0,0,0,0,0,0,0,0,0,0,0,0,0,0,0,0,0,0,0,0,0,0,0,0,0,0,0,0,0,0,0,36,0,13,0,0,0,14,0,17,1,9,0,1,0,1,0,0,0,0,0,0,0,9,0,2,0,35,0,0,0,4,0,6,0,0,0,31,0,0,0,0,0,0,0,10,0,132,0,125,2,0,0,11,17,0,0,0,0,1,22,3,5,0,0,0,0,0,0,0,0,0,0,2,0,2,0,0,0,0,0,0,0,4,0,32,0,15,0,0,0,272,0,0,0,4,0,356,0,25,0,14,0,61,0,176,0,40,0,229,3,34,0,8,0,115,1,22,0,19,0,364,0,0,0,0
90,54,52,38,0,26,59,0,105,19,0,27,0,13,0,0,7,11,0,6,0,3,17,6,48,25,0,12,0,111,0,0,0,1,0,0,0,3,0,47,0,3,0,0,0,0,0,1,0,2,0,0,12,16,67,201,0,6,0,3,6,176,11,301,0,8,0,2,0,0,0,0,0,0,0,0,0,0,0,0,0,0,0,0,0,0,0,0,0,0,0,0,0,0,0,0,0,0,0,0,0,0,0,0,0,0,0,0,0,0,0,0,0,0,0,0,0,0,0,0,0,0,0,0,0,7,0,14,0,9,0,33,0,24,0,25,0,47,0,0,0,1,0,2,0,0,0,7,0,13,0,4,0,0,0,0,0,37,0,0,0,6,0,2,0,0,0,0,0,3,0,19,5,55,0,0,0,11,0,0,0,0,18,9,2,0,0,0,0,0,0,0,0,0,0,0,0,7,0,0,0,3,0,0,0,0,0,0,0,12,0,8,0,0,1,128,0,0,0,0,0,289,0,24,0,11,0,59,0,180,0,29,0,384,0,20,0,6,0,57,0,11,0,10,0,170,0,0,0
59,81,5,0,1,0,25,105,0,375,4,0,0,0,8,0,0,0,6,0,2,0,1,0,6,43,2,0,0,0,0,0,0,0,0,0,0,0,7,0,0,0,0,0,0,0,0,0,1,0,0,0,262,11,57,236,41,20,4,22,100,0,211,58,33,0,81,40,0,0,0,0,0,0,0,0,0,0,0,0,0,0,0,0,3,0,0,0,0,0,0,0,0,0,1,0,0,0,3,0,0,0,0,0,1,0,0,0,0,0,0,0,0,0,0,0,0,0,0,0,0,0,0,0,9,0,4,0,0,0,16,0,2,0,3,0,2,0,0,0,0,0,0,0,0,0,7,0,19,0,21,0,0,0,16,1,42,5,0,0,58,0,0,0,0,0,0,0,8,0,105,0,42,2,0,0,136,61,0,0,0,0,30,24,28,22,0,0,0,0,0,0,0,0,0,0,1,0,0,0,0,0,0,0,0,0,0,0,9,0,0,0,0,0,130,0,0,0,0,0,104,0,14,1,11,0,55,0,179,0,19,0,145,5,46,0,5,0,84,0,19,0,18,2,287,0,0,0,0
16,56,0,0,0,4,142,19,375,0,0,24,0,0,0,6,0,0,0,3,0,1,1,1,15,2,0,11,0,18,0,0,0,0,0,0,0,0,0,6,0,5,0,0,0,1,0,1,0,0,0,0,49,120,204,137,21,54,49,30,0,158,6,174,1,195,109,55,0,0,0,0,0,0,0,0,0,0,0,0,0,0,0,0,0,0,0,0,0,0,0,0,0,0,0,0,0,0,0,0,0,0,0,2,0,2,0,0,0,0,0,0,0,0,0,0,0,0,0,0,0,0,0,0,0,17,0,10,0,0,0,56,0,6,0,47,0,25,0,0,0,1,0,0,0,1,0,15,1,89,0,29,0,6,0,26,0,181,0,4,0,43,0,0,0,1,0,2,0,3,4,23,0,18,0,0,38,151,0,8,0,0,5,17,12,41,0,0,0,0,0,0,0,0,0,0,0,20,0,3,0,2,0,0,0,0,2,10,0,33,0,3,0,2,0,154,0,0,0,5,0,157,0,0,0,9,6,49,3,199,0,25,0,285,0,39,0,0,1,60,0,6,0,7,5,167,0,0,0
35,6,33,16,93,93,4,0,4,0,0,41,181,0,61,68,2,1,17,10,16,5,5,13,0,1,13,3,4,0,65,0,63,0,6,0,76,0,25,0,25,0,0,0,0,0,16,0,2,0,5,0,0,0,0,0,0,0,4,0,0,0,0,0,2,0,1,0,0,0,2,0,0,0,0,0,0,0,0,0,0,0,0,0,0,0,0,0,1,0,0,0,0,0,0,0,0,0,0,0,0,0,0,0,0,0,0,0,0,0,0,0,0,0,0,0,0,0,0,0,0,0,0,0,0,0,0,0,0,0,0,0,0,0,0,0,2,0,0,0,0,0,0,1,0,0,0,0,1,0,7,0,10,0,0,0,1,0,0,0,2,0,0,0,0,0,31,0,0,0,0,0,29,0,4,0,12,15,2,0,11,0,20,0,9,0,3,0,0,0,0,0,0,0,0,0,0,0,0,0,0,0,0,0,0,0,0,0,1,0,0,0,0,0,2,0,0,0,2,0,131,0,4,0,6,0,71,4,43,3,73,0,40,0,9,0,27,4,28,0,0,0,29,0,113,1,0,0,0
32,99,61,30,116,196,0,27,0,24,41,0,29,185,148,26,22,10,60,17,63,29,84,25,0,0,0,52,0,8,4,22,11,57,0,25,9,76,0,28,0,47,0,18,0,2,0,25,0,14,0,8,0,3,0,6,0,0,0,2,0,7,0,0,0,0,0,0,0,0,0,0,0,0,0,0,0,0,0,0,0,0,0,0,0,0,0,0,0,0,0,0,0,0,1,0,0,0,0,0,0,0,0,0,0,0,0,0,0,0,0,0,0,0,0,0,0,0,0,0,0,0,0,0,0,0,0,0,0,0,0,1,0,0,1,4,0,3,0,0,0,0,0,0,0,0,0,0,0,15,0,33,0,56,0,0,0,0,0,0,0,0,0,0,0,0,0,6,0,2,1,0,4,10,0,0,11,167,5,44,0,41,0,29,0,53,0,20,0,0,0,0,0,0,0,0,0,5,0,0,0,0,0,0,0,0,0,0,0,2,0,0,0,0,0,17,0,0,0,6,20,134,0,0,0,41,0,78,0,79,0,45,0,98,0,10,0,12,0,25,1,0,2,0,0,52,0,0,0
80,0,54,0,215,128,1,0,0,0,181,29,0,204,11,39,1,0,59,256,26,26,0,0,0,0,32,207,0,0,34,6,5,0,64,7,93,15,0,0,162,33,13,20,2,0,35,0,9,0,94,12,0,0,0,0,0,0,0,0,0,0,0,0,0,0,0,0,0,0,0,0,0,0,0,0,0,0,0,0,0,0,0,0,0,0,2,0,0,0,0,0,0,0,0,0,0,0,0,0,0,0,0,0,0,0,0,0,0,0,0,0,0,0,0,0,0,0,0,0,0,0,0,0,0,0,0,0,0,0,2,0,0,0,0,0,0,0,1,0,0,0,0,0,0,0,3,0,8,0,29,0,36,0,0,0,0,0,0,0,1,0,0,0,10,0,9,0,14,0,0,0,4,0,13,0,132,41,23,0,52,0,40,0,25,0,57,22,0,0,0,0,0,0,0,0,0,0,0,0,0,0,0,0,0,0,0,0,0,0,0,0,0,0,0,0,0,0,14,13,33,0,6,0,91,12,60,0,21,0,21,0,0,4,1,0,0,0,6,0,0,0,3,0,29,0,0,0,0
0,74,0,40,58,119,0,13,0,0,0,185,204,0,40,1,0,0,159,8,84,29,0,0,0,0,76,21,0,0,2,6,0,0,11,71,0,49,0,0,23,168,19,77,0,1,2,15,0,4,6,44,0,0,0,0,0,0,0,0,0,0,0,0,0,0,0,0,0,0,0,0,0,0,0,0,0,0,0,0,0,0,0,0,0,2,0,0,0,0,0,0,0,0,0,0,0,0,0,0,0,0,0,0,0,0,0,0,0,0,0,0,0,0,0,0,0,0,0,0,0,0,0,0,0,0,0,0,0,0,0,0,0,0,0,1,0,0,0,0,0,0,0,0,0,0,0,0,0,9,0,10,0,0,0,0,0,0,0,0,0,0,0,0,0,1,0,0,0,6,0,0,0,0,0,0,0,188,11,18,0,22,0,0,0,18,9,78,0,0,0,0,0,0,0,0,0,0,0,0,0,0,0,0,0,0,0,0,0,1,0,0,0,0,0,0,0,0,2,52,0,6,0,0,0,90,0,2,0,15,1,0,0,0,0,0,0,0,0,1,0,0,0,0,0,0,0,0,0
69,0,261,15,173,439,21,0,8,0,61,148,11,40,0,232,57,0,115,149,67,41,193,7,25,3,9,0,8,0,99,23,55,11,50,1,113,7,23,0,5,0,1,0,0,0,2,0,0,0,8,0,6,0,38,0,0,0,0,0,0,0,0,0,11,0,1,0,0,0,0,0,0,0,0,0,0,0,0,0,0,0,0,0,21,0,0,0,0,0,0,0,0,0,0,0,0,0,8,0,0,0,0,0,9,0,0,0,0,0,0,0,0,0,0,0,0,0,0,0,0,0,0,0,5,0,12,0,0,0,2,0,20,0,80,0,100,0,0,0,0,0,71,0,2,0,6,0,16,1,36,0,0,0,0,0,2,0,0,0,2,0,0,0,0,0,86,0,0,0,4,0,35,0,0,0,21,45,7,12,0,0,9,0,6,0,2,0,0,0,1,0,0,0,0,0,0,0,2,0,35,0,0,0,0,0,5,0,32,0,0,0,0,0,5,0,0,0,0,0,112,0,0,0,7,0,72,6,78,0,45,0,28,0,13,1,3,0,22,0,6,0,13,0,73,3,0,0,0
39,21,70,293,140,77,0,0,0,6,68,26,39,1,232,0,23,14,49,265,85,114,97,120,0,128,0,82,0,7,0,23,0,22,0,12,6,31,2,10,0,6,0,0,0,1,0,5,0,2,0,0,0,0,0,38,0,27,0,3,0,8,0,13,0,0,0,0,0,0,0,0,0,0,0,0,0,0,0,0,0,19,0,0,0,36,0,0,0,13,0,0,0,0,0,0,0,0,0,54,0,0,0,0,0,0,0,0,0,0,0,0,0,0,0,0,0,0,0,0,0,13,0,0,0,0,0,0,0,0,5,2,0,28,0,32,0,95,2,4,0,6,0,46,0,0,0,0,0,3,0,4,0,0,0,0,0,0,0,1,0,1,0,0,0,0,9,6,0,0,0,0,7,10,0,1,2,25,5,48,0,0,2,6,0,14,0,2,0,0,0,0,0,0,0,0,0,0,0,0,0,8,0,0,0,0,0,0,0,4,0,0,0,0,0,0,0,0,0,6,25,93,0,0,0,8,4,146,10,48,11,48,0,74,2,8,0,9,1,25,0,0,1,11,0,49,0,0,0
11,65,27,40,0,18,0,7,0,0,2,22,1,0,57,23,0,7,107,0,174,0,143,29,30,14,10,0,235,3,48,0,87,0,25,0,31,0,298,0,0,0,0,0,4,0,0,0,1,0,2,0,90,0,14,0,0,0,0,0,63,0,513,0,0,9,0,0,0,0,26,0,7,0,17,0,0,0,11,0,213,0,0,0,287,0,83,0,0,0,38,0,2,0,24,0,289,0,160,0,0,0,0,0,0,0,29,0,0,0,0,0,0,0,0,0,0,0,0,0,102,0,69,0,0,0,9,0,0,0,0,0,9,0,0,0,145,0,67,0,49,0,237,0,17,0,0,0,0,0,6,0,0,0,46,2,0,0,19,3,0,0,3,0,0,0,4,0,0,0,0,0,68,0,0,0,3,0,12,5,0,0,57,0,0,0,0,0,0,0,0,0,0,0,0,0,0,0,0,0,31,0,0,0,0,0,0,0,0,0,0,0,0,0,14,0,0,0,0,0,95,0,10,0,0,0,24,0,52,0,11,0,37,0,3,0,4,0,0,0,7,0,5,0,39,0,0,0,0
30,52,37,5,0,0,0,11,0,0,1,10,0,0,0,14,7,0,0,33,0,91,36,115,9,64,0,18,0,158,0,6,0,21,0,10,0,21,0,64,0,0,0,0,0,3,0,0,0,0,0,2,0,34,0,21,0,21,0,0,0,22,0,166,0,0,0,0,0,0,0,0,0,0,0,0,0,0,0,0,0,25,0,0,0,49,0,0,0,9,0,0,0,0,0,4,0,0,0,47,0,9,0,0,0,0,0,0,0,0,0,0,0,0,0,0,0,0,0,0,0,14,0,0,0,0,0,0,0,6,0,1,0,15,0,0,0,147,0,89,0,33,0,208,0,1,0,0,0,0,0,0,0,0,0,25,0,1,0,27,0,0,0,0,0,0,0,0,0,4,0,2,2,6,0,0,0,2,0,62,0,0,6,30,0,0,0,0,0,0,0,0,0,0,0,0,0,0,0,0,0,0,0,0,0,0,0,0,0,1,0,0,0,0,0,2,0,0,0,1,0,27,0,0,0,2,0,9,0,10,0,0,0,0,0,0,0,0,0,0,0,0,0,0,0,0,0,0,0
54,0,97,0,87,93,13,0,6,0,17,60,59,159,115,49,107,0,0,253,112,28,132,0,24,0,19,107,3,0,26,0,6,0,95,5,115,7,0,0,14,6,2,7,0,1,8,2,0,0,85,13,20,0,27,0,0,0,0,0,2,0,15,0,0,0,0,0,0,0,10,0,0,0,0,0,0,0,3,0,0,0,0,0,58,0,14,0,0,0,0,0,0,0,0,0,71,0,0,0,0,0,0,0,0,0,0,0,0,0,0,0,0,0,0,0,0,0,0,0,0,0,0,0,2,0,0,0,0,0,3,0,15,0,0,0,136,0,0,0,8,0,87,0,11,0,7,0,13,0,18,0,0,0,0,0,0,0,0,3,0,0,0,0,33,0,68,1,37,0,3,0,17,0,3,0,28,27,8,1,5,0,0,0,0,0,1,22,0,0,0,0,0,0,0,0,0,0,0,0,55,0,0,0,0,0,0,0,0,0,0,0,0,0,5,0,1,0,5,0,81,0,2,0,161,0,93,0,65,10,18,0,0,1,12,0,12,0,12,0,3,0,9,0,39,0,0,0,0
2,40,3,122,114,60,0,6,0,3,10,17,256,8,149,265,0,33,253,0,116,70,0,161,0,85,24,61,0,9,1,51,3,8,7,230,0,85,0,0,6,10,1,12,0,3,1,0,0,3,4,35,0,0,0,0,0,11,0,0,0,0,0,35,0,0,0,0,0,0,0,0,0,0,0,0,0,0,0,0,0,20,0,0,0,18,0,0,0,0,0,0,0,0,0,0,0,0,0,0,0,0,0,0,0,0,0,0,0,0,0,0,0,0,0,0,0,0,0,0,0,11,0,3,0,1,0,0,0,0,0,0,0,15,0,30,0,81,0,11,0,10,0,52,0,0,0,0,0,7,0,7,0,0,0,0,0,1,0,0,0,0,0,0,0,0,4,3,0,4,0,0,0,0,0,0,9,62,10,0,0,0,0,1,0,0,8,15,0,0,0,0,0,0,0,1,0,0,0,0,0,0,0,0,0,0,0,0,0,0,0,0,0,0,0,4,0,0,0,102,14,27,0,0,0,98,0,31,8,56,0,15,0,19,0,5,0,2,4,7,0,0,0,4,3,12,0,0,0
0,0,17,7,33,135,0,0,2,0,16,63,26,84,67,85,174,0,112,116,0,16,76,6,12,0,7,23,29,0,145,0,85,2,39,0,63,6,6,0,2,2,0,0,0,0,0,0,0,0,5,2,26,0,7,0,4,0,1,0,0,0,115,0,1,0,0,0,0,0,53,0,6,0,21,0,0,0,10,0,110,0,0,0,111,0,40,0,10,0,35,0,0,0,0,0,134,0,133,0,0,0,0,0,0,0,0,0,0,0,0,0,0,0,0,0,0,0,0,0,73,0,22,0,0,0,0,0,0,0,0,0,5,0,0,0,57,0,34,0,43,0,87,0,62,0,0,0,0,0,0,0,0,0,6,0,2,0,0,0,0,0,0,0,7,0,98,0,23,0,0,0,38,0,0,0,6,12,24,3,0,0,3,0,0,0,0,8,0,0,0,0,5,0,1,0,1,0,0,0,24,0,0,0,0,0,0,0,0,0,0,0,0,0,4,0,0,0,2,0,97,4,5,0,55,0,91,1,99,0,35,0,20,0,3,0,9,0,14,0,5,0,16,0,51,0,0,0,0
0,1,0,19,17,34,0,3,0,1,5,29,26,29,41,114,0,91,28,70,16,0,2,198,0,26,0,40,0,36,0,48,1,17,1,41,0,41,0,5,0,4,2,1,0,17,0,0,0,4,2,32,0,7,0,0,0,0,0,0,0,5,0,49,0,0,0,0,0,0,0,0,0,0,0,0,0,0,0,5,0,40,0,1,0,42,0,11,0,0,0,0,0,0,0,0,0,0,0,66,0,0,0,0,0,0,0,0,0,0,0,0,0,0,0,0,0,0,0,0,0,21,0,15,0,0,0,0,0,0,0,0,0,2,0,11,0,67,0,69,0,36,0,231,0,27,0,0,0,0,0,0,0,0,0,0,0,7,0,2,0,0,0,0,0,1,2,7,0,20,0,2,1,2,0,0,0,17,0,29,0,0,0,0,0,0,0,13,0,0,0,0,0,0,0,0,0,2,0,0,0,0,0,0,0,0,0,0,0,0,0,0,0,0,0,1,0,0,0,57,5,85,0,4,0,75,0,52,0,121,0,21,0,35,0,3,0,2,0,0,0,0,0,0,0,23,0,0,0
35,299,710,136,51,48,27,17,1,1,5,84,0,0,193,97,143,36,132,0,76,2,0,115,61,76,5,0,81,9,9,0,55,2,7,0,14,3,209,0,0,0,0,0,0,0,0,0,2,0,0,0,9,0,50,0,0,0,1,0,26,1,61,0,0,0,0,0,0,0,3,0,0,0,0,0,0,0,0,0,0,0,0,0,0,0,0,0,0,0,17,0,0,0,0,0,0,0,0,0,0,0,0,0,0,0,0,0,0,0,0,0,0,0,0,0,0,0,0,0,0,0,0,0,9,0,8,0,0,0,0,0,28,0,36,0,133,0,0,0,9,0,76,0,0,0,4,0,0,0,31,0,0,0,5,1,0,0,0,0,6,0,0,0,0,0,3,0,7,0,0,0,134,0,1,0,6,17,5,19,0,0,51,0,0,0,0,0,0,0,0,0,0,0,1,0,0,0,0,0,36,0,0,0,0,0,0,0,20,0,0,0,0,0,11,0,0,0,0,0,82,5,0,0,6,0,58,34,77,0,33,0,72,9,3,0,13,4,23,0,9,0,4,0,101,0,0,0,0
79,25,98,87,40,7,0,6,0,1,13,25,0,0,7,120,29,115,0,161,6,198,115,0,0,235,0,68,0,54,0,27,0,42,0,10,0,46,0,70,0,3,0,0,0,4,0,3,0,3,0,1,0,13,0,34,0,15,0,0,0,20,1,133,0,0,0,0,0,0,0,0,0,0,0,0,0,0,0,0,0,73,0,4,0,118,0,28,0,29,0,17,0,0,0,12,0,56,0,147,0,44,0,0,0,0,0,0,0,0,0,0,0,0,0,0,0,0,0,0,0,26,0,6,0,0,0,1,0,0,0,0,0,15,0,36,0,189,0,25,0,13,0,230,0,4,0,0,0,0,0,0,0,0,0,7,0,0,0,7,0,0,0,0,0,0,0,0,0,11,0,2,0,15,0,0,1,12,0,97,0,0,0,11,0,0,0,0,0,0,0,0,0,0,0,0,0,0,0,0,0,0,0,0,0,0,0,0,0,0,0,0,0,0,0,0,0,0,0,0,0,105,0,5,0,0,0,84,5,57,0,5,0,44,0,5,0,2,0,14,0,4,1,6,0,16,0,0,0
8,146,144,7,0,0,100,48,6,15,0,0,0,0,25,0,30,9,24,0,12,0,61,0,0,62,1,0,12,6,0,0,0,0,0,0,0,0,0,0,0,0,0,0,0,0,0,0,0,0,0,0,47,0,182,11,21,0,0,0,56,0,139,30,0,0,0,0,0,0,0,0,0,0,0,0,0,0,0,0,0,0,0,0,0,0,2,0,0,0,0,0,0,0,0,0,49,0,0,1,0,0,3,0,0,0,0,0,0,0,0,0,0,0,0,0,0,0,0,0,0,0,0,0,0,0,10,0,22,0,0,1,57,0,59,0,246,0,9,0,8,0,115,0,0,2,2,0,0,0,31,0,0,0,45,0,0,0,6,0,23,9,0,0,0,0,0,0,0,0,4,0,57,0,0,0,1,3,0,0,0,0,55,3,0,0,0,0,0,0,0,0,0,0,0,0,0,0,0,0,47,0,0,0,0,0,0,0,34,0,0,0,0,0,16,2,0,0,0,0,48,0,0,0,3,0,15,0,43,0,26,0,51,0,0,0,3,0,21,0,4,0,0,0,68,0,0,0,0
191,14,137,68,0,8,70,25,43,2,1,0,0,0,3,128,14,64,0,85,0,26,76,235,62,0,0,40,0,208,0,0,0,4,0,4,0,33,0,114,0,3,0,0,0,2,0,0,0,0,0,0,13,1,28,164,0,54,0,2,0,150,7,149,0,0,0,0,0,0,0,0,0,0,0,0,0,0,0,0,0,17,0,0,0,45,0,0,0,0,0,8,0,0,0,0,0,38,0,52,0,0,0,0,0,0,0,3,0,0,0,0,0,0,0,0,0,0,0,0,0,0,0,0,0,0,0,0,0,9,1,2,0,33,0,32,0,159,0,16,0,13,0,63,3,0,0,0,0,0,2,0,0,0,0,2,0,1,0,4,0,0,0,0,0,2,0,0,0,2,0,12,4,40,0,0,4,0,0,0,0,0,29,29,0,0,0,0,0,0,0,0,0,0,0,0,0,0,0,0,0,0,0,0,0,0,0,0,0,2,0,6,0,4,0,40,0,0,0,0,2,263,0,8,0,11,4,51,2,124,2,27,0,241,0,0,0,0,0,30,0,11,0,12,0,68,0,0,0
10,0,22,0,37,3,1,0,2,0,13,0,32,76,9,0,10,0,19,24,7,0,5,0,1,0,0,109,1,0,3,0,0,0,0,1,10,4,1,0,8,68,4,12,3,0,4,10,2,0,18,3,5,0,7,0,1,0,0,0,0,0,8,0,0,0,0,0,0,0,2,0,0,0,0,0,0,0,0,0,6,0,3,0,9,0,4,0,0,0,0,0,0,0,0,0,14,0,6,0,0,0,4,0,0,0,0,0,0,0,0,0,0,0,0,0,0,0,0,0,4,0,1,0,0,0,1,0,0,0,0,0,0,0,9,0,22,0,0,0,0,0,19,0,0,0,0,0,0,0,4,0,5,0,0,0,1,0,0,0,0,0,0,0,14,0,12,0,20,0,0,0,2,0,1,0,6,4,9,0,2,0,3,0,0,0,7,1,1,0,1,0,0,0,0,0,0,0,0,0,0,0,0,0,0,0,0,0,0,0,0,0,0,0,3,0,0,0,89,25,6,0,5,6,152,0,12,0,10,0,0,0,0,0,1,0,0,0,2,0,0,0,0,0,6,0,0,0,0
0,60,1,113,19,122,0,12,0,11,3,52,207,21,0,82,0,18,107,61,23,40,0,68,0,40,109,0,0,8,0,5,0,0,9,91,6,25,0,0,108,16,28,27,2,37,21,5,0,7,10,83,0,0,0,0,0,0,0,0,0,0,0,24,0,1,0,0,0,0,0,0,0,0,0,0,0,0,0,0,0,20,0,0,0,39,0,19,0,0,0,0,0,0,0,0,0,0,0,57,0,0,0,3,0,0,0,0,0,0,0,0,0,0,0,0,0,0,0,0,0,13,0,8,0,1,0,0,1,0,0,0,0,5,0,0,0,55,0,0,0,0,0,42,0,3,0,3,0,5,0,0,0,0,0,0,0,1,0,0,0,0,0,0,0,11,0,1,0,16,0,0,0,0,0,0,0,40,7,12,0,0,0,7,0,18,14,27,0,0,0,0,0,0,0,3,0,0,0,0,0,0,0,0,0,0,0,0,0,0,0,0,0,0,0,0,0,0,12,442,0,7,0,87,0,152,0,21,0,31,0,0,0,9,0,0,0,2,0,2,0,0,0,4,0,8,0,0,0
95,0,144,1,31,0,0,0,0,0,4,0,0,0,8,0,235,0,3,0,29,0,81,0,12,0,1,0,0,0,50,0,11,0,17,0,23,0,3,0,0,0,10,0,0,0,0,0,0,0,8,0,7,0,0,0,0,0,0,0,0,0,41,0,0,0,0,0,1,0,11,0,3,0,8,0,0,0,0,0,35,0,0,0,18,0,20,0,0,0,6,0,0,0,0,0,18,0,41,0,0,0,0,0,0,0,4,0,0,0,0,0,0,0,0,0,0,0,0,0,28,0,9,0,0,0,0,0,0,0,0,0,0,0,0,0,7,0,32,0,40,0,11,0,41,0,0,0,2,0,3,0,0,0,0,0,0,0,3,0,0,0,0,0,0,0,0,0,0,0,0,0,0,0,0,0,3,0,0,0,0,0,5,0,0,0,0,0,0,0,0,0,0,0,0,0,0,0,0,0,1,0,0,0,0,0,0,0,0,0,0,0,0,0,0,0,0,0,0,0,0,0,0,0,0,0,0,0,0,0,0,0,0,0,0,0,1,0,0,0,0,0,0,0,0,0,0,0,0
9,101,10,34,0,0,0,111,0,18,0,8,0,0,0,7,3,158,0,9,0,36,9,54,6,208,0,8,0,0,0,3,0,15,0,11,0,19,0,13,0,0,0,3,0,3,0,1,0,0,0,1,0,30,0,37,0,24,0,0,0,16,3,137,0,0,0,0,0,0,0,0,0,0,0,0,0,0,0,0,0,0,0,0,0,0,0,0,0,0,0,0,0,0,0,0,0,0,0,0,0,0,0,0,0,0,0,0,0,0,0,0,0,0,0,0,0,0,0,0,0,0,0,2,0,1,0,0,0,0,0,0,0,4,0,0,0,75,0,184,0,62,0,93,0,0,0,0,0,0,0,1,0,0,0,57,0,8,0,35,0,0,0,0,0,0,0,0,0,1,0,0,0,0,0,0,0,12,0,30,0,0,0,102,0,2,0,2,0,0,0,0,0,0,0,0,0,0,0,0,0,0,0,0,0,0,0,0,0,0,0,0,0,0,0,0,0,0,0,0,0,5,0,0,0,2,0,8,0,0,0,0,0,0,0,0,0,0,0,0,0,0,0,0,0,0,0,0,0
0,0,32,0,111,0,0,0,0,0,65,4,34,2,99,0,48,0,26,1,145,0,9,0,0,0,3,0,50,0,0,0,5,0,12,0,68,0,10,0,0,0,9,0,0,0,0,0,0,0,3,0,0,0,8,0,1,0,0,0,6,0,27,0,0,0,0,0,0,0,6,0,0,0,0,0,0,0,0,0,11,0,0,0,13,0,0,0,0,0,0,0,0,0,0,0,21,0,17,0,0,0,0,0,0,0,0,0,0,0,0,0,0,0,0,0,0,0,0,0,0,0,0,0,0,0,0,0,0,0,0,0,0,0,0,0,6,0,11,0,10,0,14,0,10,0,0,0,0,0,0,0,0,0,0,0,0,0,0,0,0,0,1,0,1,0,12,0,1,0,0,0,8,0,0,0,0,5,22,0,0,0,0,0,0,0,0,0,0,0,0,0,0,0,0,0,0,0,0,0,2,0,0,0,0,0,0,0,0,0,0,0,0,0,0,0,0,0,0,0,3,0,0,0,0,0,0,0,6,1,0,0,5,0,0,0,0,1,0,0,0,0,1,0,3,0,0,0,0
1,9,0,9,10,146,0,0,0,0,0,22,6,6,23,23,0,6,0,51,0,48,0,27,0,0,0,5,0,3,0,0,0,4,0,49,1,39,0,4,0,0,0,3,0,8,0,0,0,0,0,11,0,0,0,0,0,0,0,0,0,0,0,3,0,0,0,0,0,0,0,0,0,0,0,0,0,0,0,0,0,0,0,0,0,7,0,1,0,4,0,0,0,0,0,0,0,0,0,13,0,2,0,0,0,0,0,0,0,0,0,0,0,0,0,0,0,0,0,0,0,5,0,2,0,0,0,0,0,0,0,0,0,0,0,0,0,9,0,14,0,6,0,34,0,2,0,0,0,0,0,1,0,0,0,0,0,0,0,1,0,0,0,0,0,0,1,1,0,0,0,1,0,1,0,0,0,16,0,24,0,0,0,1,0,2,0,30,0,0,0,0,0,0,0,0,0,0,0,0,0,0,0,0,0,0,0,0,0,0,0,0,0,0,0,0,0,0,0,0,0,6,0,1,0,4,0,13,1,12,0,6,1,7,0,1,0,2,0,0,0,1,0,0,0,4,0,0,0
29,1,103,0,130,0,0,0,0,0,63,11,5,0,55,0,87,0,6,3,85,1,55,0,0,0,0,0,11,0,5,0,0,0,7,0,71,0,2,0,0,0,3,0,0,0,0,0,0,0,5,0,4,0,0,0,0,0,0,0,7,0,9,0,0,0,0,0,0,0,0,0,0,0,0,0,0,0,0,0,0,0,0,0,0,0,0,0,0,0,0,0,0,0,0,0,0,0,0,0,0,0,0,0,0,0,0,0,0,0,0,0,0,0,0,0,0,0,0,0,0,0,0,0,0,0,0,0,0,0,0,0,0,0,0,0,0,0,6,0,0,0,3,0,3,0,0,0,0,0,0,0,0,0,0,0,0,0,0,0,0,0,0,0,0,0,8,0,3,0,0,0,2,0,0,0,4,0,19,3,0,0,7,0,0,0,0,0,0,0,0,0,0,0,0,0,0,0,0,0,0,0,0,0,0,0,0,0,1,0,0,0,0,0,0,0,0,0,0,0,0,0,0,0,0,0,7,0,0,1,0,0,0,0,0,0,0,0,0,0,0,0,0,0,0,0,0,0,0
0,16,0,82,1,94,0,1,0,0,0,57,0,0,11,22,0,21,0,8,2,17,2,42,0,4,0,0,0,15,0,4,0,0,0,1,0,35,0,0,0,0,0,3,0,0,0,0,0,0,0,5,0,0,0,0,0,0,0,0,0,0,0,10,0,0,0,0,0,0,0,0,0,0,0,0,0,0,0,0,0,0,0,0,0,4,0,0,0,0,0,0,0,0,0,0,0,0,0,6,0,2,0,0,0,0,0,0,0,0,0,0,0,0,0,0,0,0,0,0,0,0,0,3,0,0,0,0,0,0,0,0,0,0,0,0,0,8,0,24,0,7,0,17,0,4,0,0,0,0,0,0,0,0,0,0,0,9,0,1,0,0,0,0,0,0,0,0,0,0,0,0,0,0,0,0,1,11,0,36,0,0,0,1,0,5,0,4,0,0,0,0,0,0,0,0,0,0,0,0,0,0,0,0,0,0,0,0,0,0,0,0,0,0,0,0,0,0,0,0,0,1,0,0,0,0,0,13,0,0,0,0,0,4,0,0,0,0,0,1,0,0,0,0,0,2,0,0,0
10,0,0,0,56,0,0,0,0,0,6,0,64,11,50,0,25,0,95,7,39,1,7,0,0,0,0,9,17,0,12,0,7,0,0,0,18,2,1,0,1,1,1,0,0,0,0,0,0,0,7,0,6,0,0,0,0,0,1,0,0,0,9,0,0,0,0,0,0,0,6,0,0,0,0,0,0,0,0,0,14,0,0,0,11,0,2,0,0,0,0,0,0,0,0,0,0,0,0,0,0,0,0,0,0,0,3,0,0,0,0,0,0,0,0,0,0,0,0,0,0,0,0,0,0,0,0,0,0,0,0,0,0,0,0,0,15,0,0,0,2,0,13,0,7,0,0,0,0,0,1,0,2,0,0,0,0,0,0,0,0,0,0,0,4,0,10,0,6,0,0,0,7,0,0,0,6,0,14,0,0,0,1,0,0,0,0,1,0,0,0,0,0,0,0,0,0,0,0,0,0,0,0,0,0,0,0,0,0,0,0,0,0,0,0,0,0,0,0,0,12,0,0,0,11,0,4,1,5,0,3,0,0,0,2,0,1,0,0,0,0,0,0,0,7,0,0,0,0
0,0,0,0,0,55,0,0,0,0,0,25,7,71,1,12,0,10,5,230,0,41,0,10,0,4,1,91,0,11,0,49,0,1,0,0,0,18,0,0,0,0,0,0,0,6,0,0,0,1,0,24,0,0,0,0,0,0,0,0,0,0,0,5,0,0,0,0,0,0,0,2,0,0,0,0,0,0,0,0,0,0,0,0,0,18,0,0,0,0,0,0,0,0,0,0,0,0,0,20,0,0,0,0,0,0,0,0,0,0,0,0,0,0,0,0,0,0,0,0,0,11,0,15,0,0,0,0,0,1,0,0,0,0,0,0,0,20,0,29,0,25,0,79,0,11,0,0,0,0,0,0,0,0,0,0,0,2,0,2,0,0,0,0,0,1,0,2,0,0,0,0,0,0,0,0,0,14,0,0,0,0,0,0,0,0,0,26,0,0,0,0,0,0,0,0,0,1,0,0,0,0,0,0,0,0,0,0,0,0,0,0,0,0,0,0,0,0,0,6,0,8,0,2,0,25,0,5,0,14,0,0,0,0,0,2,0,0,0,0,0,0,0,2,0,0,0,0,0
22,1,63,4,187,17,4,0,0,0,76,9,93,0,113,6,31,0,115,0,63,0,14,0,0,0,10,6,23,0,68,1,71,0,18,0,0,0,25,0,0,0,8,0,5,0,0,0,0,0,55,0,10,0,3,0,0,0,0,0,33,0,37,0,0,0,0,0,0,0,56,0,9,0,16,0,0,0,0,0,72,0,0,0,18,0,16,0,0,0,8,0,0,0,0,0,0,0,57,0,0,0,0,0,0,0,0,0,0,0,0,0,0,0,0,0,0,0,0,0,42,0,0,0,0,0,0,0,0,0,0,0,0,0,0,0,10,0,60,0,59,0,9,0,91,0,0,0,0,0,0,0,3,0,1,0,6,0,3,0,0,0,0,0,23,0,27,0,33,0,5,0,43,0,0,0,10,3,48,0,0,0,12,0,5,0,0,0,0,0,0,0,0,0,0,0,0,0,0,0,0,0,0,0,0,0,0,0,0,0,0,0,0,0,0,0,0,0,0,0,20,0,0,0,47,0,18,0,44,0,0,0,0,0,0,0,0,0,0,0,0,0,0,0,10,0,0,0,0
0,52,3,106,0,108,0,3,0,0,0,76,15,49,7,31,0,21,7,85,6,41,3,46,0,33,4,25,0,19,0,39,0,35,2,18,0,0,0,6,0,0,0,13,0,10,0,0,0,3,0,23,0,0,0,3,0,0,0,0,0,23,0,7,0,1,0,0,0,0,0,2,0,1,0,1,0,0,0,3,0,9,0,0,0,6,0,0,0,0,0,0,0,0,0,0,0,0,0,9,0,0,0,0,0,0,0,0,0,0,0,0,0,0,0,0,0,0,0,0,0,4,0,18,0,0,0,0,0,0,0,0,0,0,0,10,0,31,0,153,0,78,0,129,0,43,0,0,0,0,0,0,0,0,0,10,0,44,0,10,0,1,0,0,0,0,1,0,0,2,0,1,0,0,0,0,0,42,0,51,0,0,0,2,0,0,1,51,0,0,0,0,0,0,0,0,0,0,0,0,0,0,0,0,0,0,0,0,0,1,0,0,0,0,0,0,0,0,0,0,0,7,0,0,0,0,0,113,0,11,0,0,0,4,0,1,0,0,0,0,0,0,0,0,0,0,0,0,0
297,4,308,5,151,0,8,0,7,0,25,0,0,0,23,2,298,0,0,0,6,0,209,0,0,0,1,0,3,0,10,0,2,0,1,0,25,0,0,0,0,0,3,0,0,0,0,0,0,0,0,0,4,0,0,0,0,0,0,0,10,0,23,0,3,0,0,0,0,0,7,0,0,0,3,0,0,0,0,0,7,0,0,0,7,0,4,0,0,0,0,0,0,0,0,0,0,0,0,0,0,0,0,0,0,0,0,0,0,0,0,0,0,0,0,0,0,0,0,0,7,0,0,0,0,0,0,0,0,0,0,0,0,0,0,0,5,0,21,0,0,0,2,0,22,0,0,0,8,0,0,0,0,0,1,0,8,0,0,0,0,0,1,0,0,0,8,0,0,0,0,0,3,0,0,0,15,0,5,0,0,0,30,0,14,0,0,0,0,0,0,0,0,0,0,0,0,0,0,0,0,0,0,0,0,0,0,0,2,0,0,0,0,0,0,0,0,0,0,0,14,0,3,0,0,0,29,1,0,0,0,0,8,0,0,0,0,0,0,0,0,0,0,0,0,0,0,0,0
4,105,0,104,0,13,0,47,0,6,0,28,0,0,0,10,0,64,0,0,0,5,0,70,0,114,0,0,0,13,0,4,0,0,0,0,0,6,0,0,0,0,0,1,0,0,0,0,0,0,0,1,0,4,0,0,0,0,0,0,0,11,0,21,0,0,0,0,0,0,0,0,0,0,0,0,0,0,0,0,0,0,0,0,0,0,0,0,0,0,0,0,0,0,0,0,0,0,0,5,0,0,0,0,0,0,0,0,0,0,0,0,0,0,0,0,0,0,0,0,0,0,0,0,0,0,0,0,0,0,0,0,0,0,0,0,0,0,0,39,0,7,0,0,0,6,0,0,0,0,0,0,0,0,0,11,0,36,0,6,0,0,0,0,0,0,0,0,0,0,0,0,0,1,0,0,0,8,0,21,0,0,0,39,0,0,0,0,0,0,0,0,0,0,0,0,0,0,0,0,0,0,0,0,0,0,0,0,0,0,0,0,0,0,0,5,0,0,0,0,1,4,0,0,0,0,0,17,0,5,0,0,0,0,0,0,0,0,0,0,0,0,0,0,0,0,0,0,0
13,0,9,0,42,0,0,0,0,0,25,0,162,23,5,0,0,0,14,6,2,0,0,0,0,0,8,108,0,0,0,0,0,0,1,0,0,0,0,0,0,159,3,4,2,8,9,35,40,0,4,0,0,0,0,0,0,0,0,0,0,0,0,0,0,0,0,0,0,0,0,0,0,0,0,0,0,0,0,0,0,0,0,0,0,0,0,0,0,0,0,0,0,0,0,0,0,0,0,0,0,0,0,0,1,0,0,0,0,0,0,0,0,0,0,0,0,0,0,0,0,0,0,0,0,0,0,0,0,0,0,0,1,0,0,0,0,0,0,0,0,0,0,0,0,0,0,0,0,0,0,0,0,0,0,0,0,0,0,0,0,0,0,0,10,0,0,0,1,0,0,0,0,0,0,0,10,10,16,0,0,0,3,0,0,0,20,0,0,0,0,0,0,0,0,0,0,0,0,0,0,0,0,0,0,0,0,0,0,0,0,0,0,0,0,0,0,0,190,50,0,1,63,73,8,0,1,0,0,1,0,0,0,0,0,0,0,0,0,0,0,0,0,0,0,0,0,0,0
0,65,2,25,0,47,0,3,0,5,0,47,33,168,0,6,0,0,6,10,2,4,0,3,0,3,68,16,0,0,0,0,0,0,1,0,0,0,0,0,159,0,2,3,7,4,41,37,7,22,0,1,0,2,0,0,0,0,0,0,0,0,0,3,0,0,0,0,0,0,0,0,0,0,0,0,0,2,0,0,0,0,0,0,0,2,0,0,0,0,0,1,0,0,0,0,0,0,0,3,0,0,0,0,0,0,0,0,0,0,0,0,0,0,0,0,0,0,0,0,0,1,0,0,0,0,0,0,0,0,0,0,0,0,0,1,0,0,0,0,0,0,0,2,0,0,0,0,0,3,0,17,0,38,0,0,0,0,0,0,0,0,0,1,0,6,0,0,0,0,0,0,0,1,0,0,0,53,0,25,0,25,0,0,0,27,11,41,0,0,0,0,0,0,0,0,0,0,0,0,0,2,0,0,0,0,0,0,0,0,0,0,0,0,0,1,0,0,142,72,0,0,34,283,0,0,0,0,0,0,0,0,0,0,0,0,0,0,0,0,0,0,0,0,0,0,0,0,0
0,0,0,0,1,0,0,0,0,0,0,0,13,19,1,0,0,0,2,1,0,2,0,0,0,0,4,28,10,0,9,0,3,0,1,0,8,0,3,0,3,2,0,1,11,0,1,0,0,0,4,0,0,0,0,0,0,0,0,0,1,0,0,0,0,0,0,0,0,0,3,0,0,0,0,0,0,0,0,0,2,0,3,0,1,0,0,0,0,0,0,0,0,0,0,0,0,0,2,0,0,0,0,0,0,0,0,0,0,0,0,0,0,0,0,0,0,0,0,0,0,0,0,0,0,0,0,0,0,0,0,0,0,0,0,0,0,0,2,0,0,0,0,0,2,0,0,0,0,0,0,0,0,0,0,0,0,0,0,0,0,0,2,0,3,0,4,0,5,0,1,0,3,0,0,0,5,0,5,0,0,0,0,0,0,0,0,1,0,0,0,0,0,0,1,0,0,0,0,0,1,0,0,0,0,0,0,0,0,0,0,0,0,0,0,0,0,0,3,1,2,0,1,0,13,0,0,0,1,0,1,0,0,0,0,0,0,0,0,0,0,0,0,0,0,0,0,0,0
0,0,0,0,0,5,0,0,0,0,0,18,20,77,0,0,0,0,7,12,0,1,0,0,0,0,12,27,0,3,0,3,0,3,0,0,0,13,0,1,4,3,1,0,0,2,3,1,0,12,2,7,0,0,0,0,0,0,0,0,0,0,0,3,0,0,0,0,0,0,0,2,0,0,0,0,0,2,0,0,0,7,0,0,0,4,0,4,0,0,0,0,0,0,0,0,0,0,0,0,0,4,0,0,0,0,0,0,0,0,0,0,0,0,0,0,0,0,0,0,0,6,0,9,0,0,0,0,0,0,0,0,0,0,0,0,0,0,0,8,0,0,0,30,0,12,0,0,0,0,0,4,0,0,0,0,0,2,0,0,0,0,0,0,0,2,0,0,0,5,0,0,0,0,0,0,0,56,1,0,0,0,0,0,0,0,2,51,0,0,0,0,0,0,0,0,0,0,0,1,0,0,0,0,0,0,0,0,0,0,0,0,0,0,0,0,0,0,2,22,0,2,0,6,0,39,0,0,0,6,0,0,0,1,0,0,0,0,0,0,0,0,0,0,0,0,0,0,0
0,0,2,0,0,0,0,0,0,0,0,0,2,0,0,0,4,0,0,0,0,0,0,0,0,0,3,2,0,0,0,0,0,0,0,0,5,0,0,0,2,7,11,0,0,0,2,0,25,0,13,0,1,0,2,0,0,0,0,0,0,0,6,0,0,0,0,0,0,0,2,0,0,0,0,0,1,0,2,0,2,0,0,0,11,0,2,0,0,0,0,0,0,0,1,0,7,0,0,0,0,0,0,0,0,0,0,0,0,0,0,0,0,0,0,0,0,0,0,0,0,0,2,0,0,0,0,0,0,0,0,0,0,0,0,0,4,0,0,0,1,0,4,0,2,0,0,0,0,0,0,1,0,0,0,0,0,0,0,0,0,0,1,0,70,0,4,0,6,0,2,0,2,0,0,0,0,0,2,0,2,0,0,0,0,0,2,0,0,0,0,0,0,0,0,0,1,0,0,0,3,0,0,0,0,0,0,0,0,0,0,0,0,0,0,0,0,0,119,0,1,0,59,0,48,0,3,0,12,0,1,0,0,0,0,0,0,0,1,0,0,0,0,0,5,0,0,0,0
0,0,0,0,0,2,0,0,0,1,0,2,0,1,0,1,0,3,1,3,0,17,0,4,0,2,0,37,0,3,0,8,0,0,0,6,0,10,0,0,8,4,0,2,0,0,4,1,0,32,0,5,0,0,0,0,0,1,0,1,0,0,0,4,0,0,0,0,0,0,0,2,0,0,0,0,0,4,0,0,0,7,0,2,0,5,0,9,0,0,0,0,0,0,0,0,0,0,0,9,0,0,0,0,0,0,0,0,0,0,0,0,0,0,0,0,0,0,0,0,0,0,0,4,0,0,0,0,0,0,0,0,0,1,0,2,0,0,0,2,0,1,0,6,0,3,0,0,0,0,0,0,0,0,0,0,0,2,0,0,0,2,0,0,0,9,0,0,0,26,0,3,0,0,0,0,0,4,0,0,0,0,0,0,0,0,1,5,0,0,0,0,0,0,0,2,0,0,0,0,0,0,0,4,0,0,0,0,0,0,0,0,0,0,0,0,0,6,8,118,0,8,0,147,0,68,0,2,0,32,0,5,0,7,0,6,0,0,0,0,0,1,0,0,0,8,0,0,0
5,0,9,0,20,0,0,0,0,0,16,0,35,2,2,0,0,0,8,1,0,0,0,0,0,0,4,21,0,0,0,0,0,0,0,0,0,0,0,0,9,41,1,3,2,4,0,9,10,0,0,0,0,0,0,0,0,0,0,0,0,0,0,0,0,0,0,0,0,0,0,0,0,0,0,0,0,0,0,0,0,0,0,0,0,0,0,0,0,0,0,0,0,0,0,0,0,0,0,0,0,0,0,0,0,0,0,0,0,0,0,0,0,0,0,0,0,0,0,0,0,0,0,0,0,0,0,0,0,0,0,0,0,0,0,0,0,0,0,0,0,0,0,0,0,0,0,0,0,0,0,0,0,0,0,0,0,0,0,0,0,0,0,0,9,0,1,0,1,0,0,0,0,0,0,0,0,2,0,0,0,0,1,0,0,0,0,0,0,0,0,0,0,0,0,0,0,0,0,0,0,0,0,0,0,0,0,0,0,0,0,0,0,0,0,0,0,0,150,18,0,1,39,26,11,0,0,0,0,0,0,0,0,0,0,0,0,0,0,0,0,0,0,0,0,0,0,0,0
0,11,0,8,0,6,0,1,0,1,0,25,0,15,0,5,0,0,2,0,0,0,0,3,0,0,10,5,0,1,0,0,0,0,0,0,0,0,0,0,35,37,0,1,0,1,9,0,3,24,0,2,0,0,0,0,0,0,0,0,0,0,0,0,0,0,0,0,0,0,0,0,0,0,0,0,0,0,0,0,0,0,0,0,0,0,0,0,0,0,0,0,0,0,0,0,0,0,0,0,0,0,0,0,0,0,0,0,0,0,0,0,0,0,0,0,0,0,0,0,0,0,0,0,0,0,0,0,0,0,0,0,0,0,0,3,0,0,0,0,0,0,0,0,0,0,0,0,0,0,0,0,0,0,0,0,0,0,0,0,0,0,0,0,0,6,0,0,0,0,0,0,0,0,0,0,0,2,0,0,0,3,0,2,0,0,0,4,0,0,0,0,0,0,0,1,0,0,0,0,0,0,0,0,0,0,0,0,0,0,0,0,0,0,0,0,0,0,25,85,0,0,0,168,0,3,0,0,0,0,0,0,0,0,0,0,0,0,0,0,0,0,0,0,0,0,0,0,0
1,0,0,0,1,0,0,0,1,0,2,0,9,0,0,0,1,0,0,0,0,0,2,0,0,0,2,0,0,0,0,0,0,0,0,0,0,0,0,0,40,7,0,0,25,0,10,3,0,0,1,0,0,0,0,0,0,0,0,0,0,0,0,0,0,0,0,0,0,0,0,0,0,0,1,0,0,0,0,0,0,0,0,0,2,0,1,0,0,0,0,0,0,0,0,0,2,0,2,0,0,0,1,0,0,0,0,0,0,0,0,0,0,0,0,0,0,0,0,0,0,0,0,0,0,0,0,0,0,0,1,0,0,0,0,0,0,0,0,0,0,0,0,0,0,0,0,0,0,0,1,0,0,1,1,0,0,0,0,0,2,0,0,0,3,0,1,0,8,0,3,0,6,0,1,0,0,4,1,0,0,1,0,0,0,0,17,1,4,0,1,0,3,0,2,0,1,0,0,0,1,0,0,0,4,0,0,0,0,0,0,0,0,0,0,0,3,0,40,0,4,0,47,33,8,0,2,0,17,0,0,0,1,0,0,0,1,0,0,0,0,0,0,0,0,0,0,0,0
0,3,0,4,0,0,0,2,0,0,0,14,0,4,0,2,0,0,0,3,0,4,0,3,0,0,0,7,0,0,0,0,0,0,0,1,0,3,0,0,0,22,0,12,0,32,0,24,0,0,0,0,0,0,0,2,0,0,0,1,0,0,0,2,0,0,0,0,0,0,0,0,0,1,0,0,0,1,0,3,0,3,0,0,0,0,0,4,0,0,0,0,0,0,0,0,0,0,0,2,0,2,0,0,0,0,0,0,0,0,0,0,0,0,0,0,0,0,0,0,0,0,0,0,0,0,0,0,0,0,0,0,0,0,0,0,0,4,0,0,0,0,0,1,0,0,0,2,0,0,0,4,0,0,0,0,0,0,0,0,0,0,0,0,0,2,0,0,0,10,0,1,0,0,0,0,0,16,0,5,0,0,0,0,0,5,0,19,0,0,0,0,0,0,0,1,0,0,0,0,0,0,0,0,0,0,0,0,0,0,0,0,0,0,0,0,0,3,0,1,0,1,3,43,0,3,0,0,0,8,0,1,0,0,0,1,0,0,0,0,0,0,0,0,0,0,0,0,0
6,0,0,0,31,0,0,0,0,0,5,0,94,6,8,0,2,0,85,4,5,2,0,0,0,0,18,10,8,0,3,0,5,0,7,0,55,0,0,0,4,0,4,2,13,0,0,0,1,0,0,0,0,0,2,0,2,0,2,0,2,0,0,0,0,0,0,0,0,0,8,0,0,0,3,0,0,0,0,0,2,0,0,0,6,0,11,0,0,0,0,0,0,0,2,0,0,0,10,0,0,0,0,0,0,0,0,0,0,0,0,0,0,0,0,0,0,0,0,0,0,0,0,0,0,0,0,0,0,0,0,0,0,0,0,0,0,0,0,0,0,0,0,0,10,0,0,0,0,0,3,0,2,0,0,0,0,0,0,0,0,0,1,0,22,0,20,0,73,0,6,0,26,0,0,0,16,3,17,0,1,0,5,0,5,0,3,2,0,0,0,0,0,0,2,0,0,0,0,0,0,0,0,0,0,0,0,0,0,0,0,0,0,0,0,0,0,0,1,2,12,0,2,0,54,2,0,0,39,0,0,0,4,0,5,0,0,0,0,0,0,0,0,0,2,0,0,0,0
0,0,0,0,0,15,0,0,0,0,0,8,12,44,0,0,0,2,13,35,2,32,0,1,0,0,3,83,0,1,0,11,0,5,0,24,0,23,0,1,0,1,0,7,0,5,0,2,0,0,0,0,0,0,0,1,0,0,0,1,0,1,0,0,0,0,0,0,0,0,0,3,0,0,0,1,0,5,0,0,0,7,0,0,0,0,0,7,0,0,0,0,0,0,0,1,0,0,0,17,0,2,0,0,0,0,0,0,0,0,0,0,0,0,0,0,0,0,0,0,0,9,0,23,0,0,1,0,0,0,0,0,0,0,0,0,0,3,0,8,0,7,0,29,0,27,0,0,0,0,0,0,0,0,0,0,0,1,0,1,0,0,0,0,0,1,0,0,0,14,0,0,0,0,0,0,0,17,0,4,0,0,0,0,0,0,0,31,0,0,0,0,0,0,0,2,0,0,0,0,0,0,0,0,0,0,0,0,0,1,0,0,0,0,0,0,0,0,0,7,0,7,0,0,0,14,0,3,0,13,0,2,0,6,0,1,0,0,0,2,0,0,0,0,0,2,0,0,0
22,11,8,0,10,0,116,12,262,49,0,0,0,0,6,0,90,0,20,0,26,0,9,0,47,13,5,0,7,0,0,0,4,0,6,0,10,0,4,0,0,0,0,0,1,0,0,0,0,0,0,0,0,3,195,21,74,3,9,5,46,0,137,2,0,1,0,20,0,0,4,0,0,0,3,0,0,0,0,0,13,0,0,0,54,0,8,0,0,0,4,0,0,0,0,0,47,0,12,0,0,0,0,0,0,0,4,0,0,0,0,0,0,0,0,0,0,0,0,0,9,0,24,0,1,0,8,0,17,0,2,0,15,0,14,0,121,0,270,0,61,0,119,0,66,1,0,0,0,0,4,0,0,0,287,0,119,0,150,0,17,0,3,0,0,0,3,0,7,0,56,0,3,0,2,0,8,3,0,0,0,0,76,0,6,1,0,0,0,0,0,0,0,0,0,0,0,0,0,0,9,0,0,0,0,0,0,0,6,0,5,0,0,0,135,0,0,0,3,0,92,0,31,0,25,0,20,0,184,0,0,0,79,0,34,0,0,0,15,0,1,0,0,0,74,0,0,0,0
0,2,0,0,0,0,0,16,11,120,0,3,0,0,0,0,0,34,0,0,0,7,0,13,0,1,0,0,0,30,0,0,0,0,0,0,0,0,0,4,0,2,0,0,0,0,0,0,0,0,0,0,3,0,8,101,2,28,8,19,0,63,0,46,0,0,2,8,0,0,0,0,0,0,0,0,0,0,0,0,0,0,0,0,0,7,0,1,0,0,0,0,0,0,0,0,0,0,0,0,0,2,0,0,0,0,0,0,0,0,0,0,0,0,0,0,0,0,0,0,0,0,0,0,0,0,0,2,0,7,0,2,0,12,0,5,0,76,0,80,0,10,0,46,0,5,0,0,0,0,0,0,0,0,0,132,0,47,0,58,0,5,0,0,0,0,0,0,0,0,0,0,0,0,0,0,0,23,0,1,0,0,0,16,0,45,0,0,0,0,0,0,0,0,0,0,0,0,0,0,0,0,0,0,0,0,0,0,0,0,0,0,0,0,0,15,0,0,0,0,0,22,0,0,0,0,0,5,0,13,0,0,0,26,0,5,0,0,0,1,0,0,0,0,0,12,0,0,0
11,33,49,0,2,0,140,67,57,204,0,0,0,0,38,0,14,0,27,0,7,0,50,0,182,28,7,0,0,0,8,0,0,0,0,0,3,0,0,0,0,0,0,0,2,0,0,0,0,0,2,0,195,8,0,89,47,0,1,0,59,0,47,44,0,0,0,18,0,0,0,0,0,0,1,0,0,0,0,0,2,0,0,0,12,0,0,0,0,0,0,0,0,0,0,0,0,0,0,0,0,0,0,0,0,0,0,0,0,0,0,0,0,0,0,0,0,0,0,0,0,0,0,0,9,0,13,0,16,0,0,0,23,0,16,0,67,0,19,0,6,0,33,0,2,0,0,0,0,0,11,0,0,0,75,0,56,2,19,0,39,1,0,0,0,0,0,0,8,0,111,0,13,0,0,0,0,10,0,0,0,0,26,11,0,7,0,0,0,0,0,0,0,0,0,0,0,0,0,0,0,0,0,0,0,0,1,0,19,0,14,0,0,0,251,0,0,0,3,0,219,0,25,0,28,0,23,0,221,0,4,0,139,0,42,0,4,0,32,0,4,0,9,0,186,1,0,0,0
16,17,3,119,0,8,63,201,236,137,0,6,0,0,0,38,0,21,0,0,0,0,0,34,11,164,0,0,0,37,0,0,0,0,0,0,0,3,0,0,0,0,0,0,0,0,0,0,0,2,0,1,21,101,89,0,21,70,65,0,0,61,0,176,1,4,92,5,0,0,0,0,0,0,0,0,0,0,0,0,0,6,0,0,0,10,0,0,0,0,0,0,0,0,0,0,0,17,0,11,0,0,0,0,0,0,0,0,0,0,0,0,0,0,0,0,0,0,0,0,0,0,0,0,0,3,0,0,0,38,0,48,0,43,0,32,0,148,1,11,0,8,0,39,0,0,0,5,7,7,0,0,1,0,1,26,1,56,0,5,0,3,0,0,0,3,0,0,0,2,0,20,0,0,0,0,4,1,0,2,0,0,7,22,5,40,0,0,0,0,0,0,0,0,0,0,0,0,0,0,0,0,0,0,0,0,0,2,0,3,0,5,0,0,0,181,0,0,0,0,1,175,0,34,2,35,3,14,0,156,1,9,0,189,0,30,0,5,0,15,0,4,0,0,0,80,0,0,0
3,2,9,0,2,0,32,0,41,21,0,0,0,0,0,0,0,0,0,0,4,0,0,0,21,0,1,0,0,0,1,0,0,0,0,0,0,0,0,0,0,0,0,0,0,0,0,0,0,0,2,0,74,2,47,21,0,16,95,76,36,0,7,0,0,23,11,85,0,0,0,0,0,0,0,0,0,0,0,0,0,0,0,0,0,0,0,0,0,0,0,0,0,0,0,0,2,0,0,0,0,0,0,0,0,0,0,0,0,0,0,0,0,0,0,0,0,0,0,0,0,0,0,0,5,0,11,1,35,0,3,0,21,0,12,0,37,0,0,0,0,0,9,0,14,4,2,0,0,0,13,0,0,0,183,34,254,0,86,25,111,13,40,0,0,0,0,0,17,0,76,0,6,0,1,0,2,0,0,0,20,4,0,0,1,20,0,0,0,0,0,0,0,0,0,0,0,0,0,0,0,0,0,0,0,0,2,0,29,0,0,0,10,0,326,0,0,0,30,0,216,0,93,0,65,0,62,0,372,0,5,0,185,0,303,0,9,0,106,0,16,0,11,0,314,0,0,0,0
0,2,0,33,0,3,7,6,20,54,0,0,0,0,0,27,0,21,0,11,0,0,0,15,0,54,0,0,0,24,0,0,0,0,0,0,0,0,0,0,0,0,0,0,0,1,0,0,0,0,0,0,3,28,0,70,16,0,76,42,0,11,0,10,0,2,39,28,0,0,0,0,0,0,0,0,0,0,0,0,0,2,0,0,0,3,0,0,0,0,0,0,0,0,0,0,0,4,1,0,0,0,0,0,0,0,0,0,0,0,0,0,0,0,0,0,0,0,0,0,0,2,0,0,0,6,0,13,0,79,0,51,0,54,0,40,0,154,0,28,0,0,0,15,0,2,0,5,0,7,0,4,0,0,23,141,3,104,0,53,0,15,0,11,0,4,0,0,0,21,0,41,0,5,0,0,2,0,0,0,0,0,0,0,0,29,0,1,0,0,0,0,0,0,0,0,0,0,0,0,0,0,0,0,0,0,0,0,0,6,0,0,0,4,0,357,0,0,0,19,0,392,0,57,0,51,0,50,1,473,0,7,0,247,1,220,0,7,1,24,0,5,0,3,1,118,0,0,0
2,0,7,0,1,0,0,0,4,49,4,0,0,0,0,0,0,0,0,0,1,0,1,0,0,0,0,0,0,0,0,0,0,0,1,0,0,0,0,0,0,0,0,0,0,0,0,0,0,0,2,0,9,8,1,65,95,76,0,139,22,0,1,0,51,22,82,193,0,0,0,0,0,0,0,0,0,0,0,0,0,0,0,0,0,0,0,0,0,0,0,0,0,0,0,0,0,0,0,0,0,0,0,0,0,0,0,0,0,0,0,0,0,0,0,1,0,0,0,0,0,0,0,0,0,0,2,0,0,0,11,0,0,0,1,0,0,0,4,0,0,0,1,0,12,1,4,0,5,1,0,0,0,0,91,39,167,0,11,8,41,0,10,0,0,0,0,0,6,0,37,0,6,0,1,3,37,2,0,0,26,7,0,0,29,34,0,0,0,0,0,0,0,0,0,0,0,0,0,0,0,0,1,0,0,0,0,0,0,0,11,0,4,0,244,0,0,0,18,0,155,0,44,0,31,0,44,0,196,2,7,0,179,1,214,0,4,0,90,0,5,0,14,0,248,0,0,0,0
0,6,0,0,0,0,7,3,22,30,0,2,0,0,0,3,0,0,0,0,0,0,0,0,0,2,0,0,0,0,0,0,0,0,0,0,0,0,0,0,0,0,0,0,0,1,0,0,0,1,0,1,5,19,0,0,76,42,139,0,0,17,0,2,21,62,152,51,0,1,0,0,0,0,0,0,0,0,0,0,0,0,0,0,0,0,0,0,0,0,0,0,0,0,0,1,0,0,0,0,0,0,0,0,0,0,0,0,0,0,0,0,0,0,0,0,0,0,0,0,0,0,0,0,0,3,0,2,0,4,0,19,0,9,0,11,0,20,7,0,0,0,0,0,7,10,0,0,0,5,0,0,0,0,77,81,10,228,33,33,25,2,0,5,0,2,0,0,0,11,0,16,0,3,0,4,9,6,0,2,6,7,0,0,12,104,0,0,0,0,0,0,0,0,0,0,0,1,0,1,0,3,0,0,0,0,0,1,0,7,0,0,0,4,0,347,0,0,0,26,0,280,0,39,1,32,0,139,0,317,0,12,0,375,0,418,0,12,0,63,0,8,0,6,0,235,0,0,0
147,4,139,0,0,0,149,6,100,0,0,0,0,0,0,0,63,0,2,0,0,0,26,0,56,0,0,0,0,0,6,0,7,0,0,0,33,0,10,0,0,0,1,0,0,0,0,0,0,0,2,0,46,0,59,0,36,0,22,0,0,0,43,0,3,0,2,0,0,0,4,0,0,0,0,0,0,0,0,0,0,0,0,0,0,0,0,0,0,0,0,0,0,0,0,0,0,0,3,0,0,0,0,0,0,0,0,0,0,0,0,0,0,0,0,0,0,0,0,0,0,0,4,0,0,0,0,0,0,0,0,0,0,0,0,0,2,0,83,0,36,0,0,0,104,0,0,0,0,0,0,0,0,0,5,0,54,0,4,0,0,0,0,0,0,0,0,0,0,0,25,0,7,0,2,0,21,1,0,0,0,0,30,0,0,0,0,0,0,0,0,0,0,0,0,0,0,0,0,0,0,0,0,0,0,0,0,0,0,0,0,0,0,0,14,0,0,0,0,0,21,0,0,0,0,0,3,0,22,0,0,0,10,0,0,0,0,0,0,0,0,0,0,0,4,0,0,0,0
2,197,0,63,0,1,0,176,0,158,0,7,0,0,0,8,0,22,0,0,0,5,1,20,0,150,0,0,0,16,0,0,0,0,0,0,0,23,0,11,0,0,0,0,0,0,0,0,0,0,0,1,0,63,0,61,0,11,0,17,0,0,0,13,0,0,0,3,0,0,0,0,0,0,0,0,0,0,0,0,0,0,0,0,0,0,0,0,0,0,0,0,0,0,0,0,0,0,0,0,0,0,0,0,0,0,0,0,0,0,0,0,0,0,0,0,0,0,0,0,0,0,0,0,0,0,0,0,0,0,0,2,0,1,0,5,0,0,0,60,0,6,0,5,0,28,0,0,0,0,0,0,0,0,0,26,0,40,0,33,0,2,0,0,0,1,0,0,0,0,0,2,0,7,0,0,2,40,0,6,0,0,0,102,0,0,0,0,0,0,0,0,0,0,0,0,0,0,0,0,0,0,0,0,0,0,0,0,0,0,0,0,0,0,0,26,0,1,0,3,0,71,0,7,0,4,0,54,0,56,0,3,0,32,0,4,0,0,0,0,0,0,0,0,0,12,0,0,0
102,14,131,0,0,0,326,11,211,6,0,0,0,0,0,0,513,0,15,0,115,0,61,1,139,7,8,0,41,3,27,0,9,0,9,0,37,0,23,0,0,0,0,0,6,0,0,0,0,0,0,0,137,0,47,0,7,0,1,0,43,0,0,7,0,0,0,0,0,0,30,0,0,0,9,0,0,0,0,0,45,0,0,0,0,0,26,0,0,0,0,0,0,0,0,0,35,0,30,0,0,0,0,0,0,0,0,0,0,0,0,0,0,0,0,0,0,0,0,0,27,0,24,0,0,1,0,0,2,0,0,0,6,0,0,0,36,1,231,0,101,0,71,1,89,0,0,0,0,0,1,0,0,0,71,0,29,0,47,1,0,0,0,0,0,0,2,0,0,0,2,0,26,0,0,0,28,2,0,0,0,2,170,0,2,0,0,0,0,0,0,0,0,0,0,0,0,0,0,0,3,0,0,0,0,0,0,0,0,0,0,0,3,0,5,0,0,0,0,0,27,0,2,0,0,0,1,0,0,0,0,0,17,0,0,0,0,0,0,0,0,0,0,0,10,0,0,0,0
18,120,18,21,0,0,60,301,58,174,0,0,0,0,0,13,0,166,0,35,0,49,0,133,30,149,0,24,0,137,0,3,0,10,0,5,0,7,0,21,0,3,0,3,0,4,0,0,0,2,0,0,2,46,44,176,0,10,0,2,0,13,7,0,0,0,2,4,0,0,0,0,0,0,0,0,0,0,0,0,0,7,0,0,0,13,0,0,0,3,0,3,0,0,0,0,0,13,0,4,0,0,0,0,0,0,0,1,0,0,0,0,0,0,0,0,0,0,0,0,0,0,0,0,0,1,0,0,0,9,2,0,0,0,0,12,0,87,0,82,0,16,0,52,0,23,0,0,0,0,0,0,0,0,0,61,0,34,0,53,0,1,0,0,0,0,0,0,0,0,0,0,0,4,0,0,0,16,0,6,0,0,0,129,0,22,0,0,0,0,0,0,0,0,0,0,0,0,0,0,0,0,0,0,0,0,0,0,0,0,0,0,0,0,0,10,0,0,0,2,0,25,0,0,0,5,0,18,1,21,0,0,0,18,0,1,0,0,1,0,0,0,0,1,0,6,0,0,0
18,0,4,0,2,0,9,0,33,1,2,0,0,0,11,0,0,0,0,0,1,0,0,0,0,0,0,0,0,0,0,0,0,0,0,0,0,0,3,0,0,0,0,0,0,0,0,0,0,0,0,0,0,0,0,1,0,0,51,21,3,0,0,0,0,31,41,12,0,0,6,0,0,0,0,0,0,0,0,0,0,0,0,0,2,0,1,0,0,0,0,0,0,0,0,0,0,0,0,0,0,0,0,0,1,0,0,0,0,0,0,0,0,0,0,0,0,0,0,0,0,0,0,0,10,0,3,0,0,0,16,0,0,0,6,0,0,0,10,8,0,0,0,0,19,21,13,0,16,0,52,0,5,0,2,17,2,0,0,37,106,57,6,1,0,0,0,0,0,0,0,0,0,0,16,19,3,0,0,0,42,11,3,0,7,6,0,0,0,0,0,0,0,0,0,0,1,0,1,0,0,0,0,0,0,0,0,0,7,0,0,0,0,0,10,0,0,0,0,0,0,0,0,0,1,0,0,0,5,0,2,0,4,0,9,0,2,0,8,0,0,0,0,0,4,0,0,0,0
0,39,0,0,0,0,1,8,0,195,0,0,0,0,0,0,9,0,0,0,0,0,0,0,0,0,0,1,0,0,0,0,0,0,0,0,0,1,0,0,0,0,0,0,0,0,0,0,0,0,0,0,1,0,0,4,23,2,22,62,0,0,0,0,31,0,6,139,0,0,0,27,3,0,0,0,0,0,2,0,0,2,0,0,0,0,0,0,0,0,0,0,0,0,0,0,0,0,0,0,0,0,0,0,0,0,0,0,0,0,0,0,0,0,0,0,0,0,0,0,0,6,0,9,3,11,0,8,32,0,57,35,0,1,0,8,0,6,49,25,6,8,0,1,36,60,0,15,35,149,0,60,0,6,32,1,4,0,28,4,147,230,0,14,0,0,0,0,0,0,0,0,0,0,14,155,0,8,0,0,12,77,0,5,0,111,0,0,0,0,0,0,0,0,0,1,0,21,0,1,0,0,0,0,0,0,0,2,0,14,0,1,0,0,0,16,0,0,0,0,0,18,2,7,1,0,0,39,5,105,0,0,0,0,0,74,0,1,0,19,0,0,0,0,0,16,0,0,0
13,0,1,0,0,0,46,0,81,109,1,0,0,0,1,0,0,0,0,0,0,0,0,0,0,0,0,0,0,0,0,0,0,0,0,0,0,0,0,0,0,0,0,0,0,0,0,0,0,0,0,0,0,2,0,92,11,39,82,152,2,0,0,2,41,6,0,132,0,0,0,0,0,0,0,0,0,0,0,0,0,0,0,0,0,0,0,0,0,0,0,0,0,0,0,0,0,0,0,0,0,0,0,0,0,0,0,0,0,0,0,0,0,0,0,0,0,0,0,0,0,0,0,0,9,0,0,0,0,0,9,0,0,0,0,0,0,1,0,0,0,0,0,0,2,0,3,0,6,0,3,0,0,0,10,9,23,0,0,0,125,0,2,0,0,0,0,0,0,0,4,0,1,0,2,0,156,7,0,0,10,4,0,0,25,25,0,0,0,0,0,0,0,0,0,0,0,0,0,0,0,0,0,0,0,0,0,0,0,0,0,0,0,0,20,0,0,0,1,0,16,0,7,0,0,0,4,0,19,0,0,0,25,0,13,0,0,0,10,0,0,0,0,0,29,0,0,0,0
0,11,0,0,0,0,7,2,40,55,0,0,0,0,0,0,0,0,0,0,0,0,0,0,0,0,0,0,0,0,0,0,0,0,0,0,0,0,0,0,0,0,0,0,0,0,0,0,0,0,0,0,20,8,18,5,85,28,193,51,0,3,0,4,12,139,132,0,0,0,0,0,0,0,0,0,0,0,0,0,0,0,0,0,0,0,0,0,0,0,0,0,0,0,0,0,0,0,0,0,0,0,0,0,0,0,0,0,0,0,0,0,0,0,0,0,0,0,0,0,0,0,0,0,0,3,0,1,0,0,0,11,0,0,0,3,0,0,6,0,0,0,0,0,2,3,0,0,0,8,0,4,0,0,47,29,6,68,27,9,15,15,0,0,0,0,0,0,0,2,0,0,0,0,0,4,18,116,0,0,2,13,0,0,11,389,0,0,0,0,0,0,0,0,0,0,0,1,0,0,0,0,0,0,0,0,0,0,0,0,0,1,0,1,0,58,0,0,0,0,1,36,0,5,0,3,0,62,0,54,0,3,0,62,0,111,0,1,0,14,0,2,0,2,0,55,0,0,0
0,0,0,0,0,0,0,0,0,0,0,0,0,0,0,0,0,0,0,0,0,0,0,0,0,0,0,0,1,0,0,0,0,0,0,0,0,0,0,0,0,0,0,0,0,0,0,0,0,0,0,0,0,0,0,0,0,0,0,0,0,0,0,0,0,0,0,0,0,0,0,0,4,0,0,0,29,0,9,0,7,0,4,0,10,0,8,0,5,0,8,0,0,0,24,0,4,0,14,0,8,0,27,0,9,0,0,0,0,0,0,0,0,0,0,0,0,0,0,0,0,0,0,0,0,2,0,0,0,0,0,0,0,0,0,0,0,0,0,0,0,0,4,0,0,0,0,0,0,0,0,0,0,0,0,0,0,0,0,0,0,0,0,0,7,0,0,0,44,0,0,0,0,0,0,0,0,0,0,0,1,0,0,0,0,0,0,0,9,0,0,0,0,0,11,0,0,0,0,0,0,0,0,0,0,0,0,0,0,0,0,0,120,0,111,0,50,0,0,0,1,0,99,0,8,0,0,0,28,0,0,0,0,0,2,0,0,0,6,0,18,0,2,0,0,0,0,0,0
0,0,0,0,0,0,0,0,0,0,0,0,0,0,0,0,0,0,0,0,0,0,0,0,0,0,0,0,0,0,0,0,0,0,0,0,0,0,0,0,0,0,0,0,0,0,0,0,0,0,0,0,0,0,0,0,0,0,0,1,0,0,0,0,0,0,0,0,0,0,0,0,0,7,0,0,0,67,0,0,0,8,0,19,0,6,0,44,0,18,0,0,0,0,0,25,0,0,0,6,0,7,0,45,0,12,0,0,0,4,0,7,0,0,0,0,0,0,0,0,0,0,0,0,0,0,0,0,0,0,0,0,0,0,0,9,0,8,0,0,0,0,0,0,0,0,5,0,0,0,0,0,0,0,0,0,0,0,0,0,0,0,0,0,0,0,0,0,0,12,0,2,0,0,0,4,0,0,0,0,0,0,0,0,0,0,0,0,0,0,0,0,0,0,0,17,0,0,0,8,0,0,0,0,0,0,0,0,0,0,0,1,0,296,0,84,0,95,0,7,0,0,0,68,0,5,0,0,0,30,0,0,0,1,0,1,0,0,0,0,0,8,0,0,0,0,0,0,0
4,0,0,0,0,0,1,0,0,0,2,0,0,0,0,0,26,0,10,0,53,0,3,0,0,0,2,0,11,0,6,0,0,0,6,0,56,0,7,0,0,0,3,0,2,0,0,0,0,0,8,0,4,0,0,0,0,0,0,0,4,0,30,0,6,0,0,0,0,0,0,0,112,0,266,0,0,0,78,0,2,0,0,0,0,0,5,1,0,0,0,0,0,0,0,0,0,0,0,0,0,0,0,0,0,0,0,0,0,0,0,0,0,0,0,0,0,0,0,0,52,0,46,0,11,0,15,0,10,0,35,25,16,0,21,0,38,5,17,14,160,0,78,0,74,19,11,0,64,21,22,0,0,8,0,0,10,0,0,7,11,0,48,0,1,0,18,0,9,0,27,0,24,0,29,13,0,0,0,0,29,11,0,0,45,0,0,0,0,0,0,0,0,0,0,0,0,0,3,0,9,0,0,0,0,0,0,0,18,0,0,0,0,0,0,0,0,1,0,0,5,0,8,0,3,0,2,0,24,0,0,0,0,0,0,7,0,0,10,0,7,0,0,0,0,0,0,0,0
0,0,0,0,0,2,0,0,0,0,0,0,0,0,0,0,0,0,0,0,0,0,0,0,0,0,0,0,0,0,0,0,0,0,0,2,0,2,0,0,0,0,0,2,0,2,0,0,0,0,0,3,0,0,0,0,0,0,0,0,0,0,0,0,0,27,0,0,0,0,0,0,0,112,0,239,0,4,0,65,0,0,0,0,0,5,0,37,0,0,0,0,0,0,0,0,0,0,0,0,0,0,0,0,0,0,0,0,0,0,0,0,0,0,0,0,0,0,0,0,0,38,0,142,0,14,0,16,3,7,8,7,0,32,1,0,0,16,0,7,0,38,0,15,0,85,0,0,4,21,0,12,0,6,0,0,0,2,0,4,0,0,0,45,0,0,0,0,0,3,0,0,0,1,0,23,0,0,0,0,0,11,0,0,1,27,0,0,0,0,0,0,0,0,0,0,0,0,0,0,0,0,0,0,0,0,0,0,0,0,0,0,0,0,0,1,0,0,0,0,0,3,0,2,0,2,0,73,0,30,0,0,0,1,0,23,0,0,0,41,0,0,0,2,0,14,0,0,0
0,0,0,0,0,0,1,0,0,0,0,0,0,0,0,0,7,0,0,0,6,0,0,0,0,0,0,0,3,0,0,0,0,0,0,0,9,0,0,0,0,0,0,0,0,0,0,0,0,0,0,0,0,0,0,0,0,0,0,0,0,0,0,0,0,3,0,0,4,0,112,0,0,0,179,0,74,0,108,0,0,0,7,0,8,0,21,0,0,0,0,0,0,0,0,0,0,3,0,0,0,1,0,0,0,0,2,0,0,0,0,0,0,0,0,0,0,0,0,0,58,1,24,0,10,0,11,0,12,3,26,0,13,0,25,0,17,2,7,0,64,4,95,0,39,6,6,3,31,0,21,2,7,2,0,1,5,0,0,8,0,0,49,0,0,0,4,0,1,0,1,0,5,0,15,9,0,0,0,0,11,2,0,0,32,0,0,0,18,0,0,0,0,0,0,0,0,0,0,0,37,0,29,0,0,0,15,0,19,0,0,0,0,0,0,0,0,0,0,0,0,0,7,0,1,0,0,0,7,2,0,0,0,0,3,0,0,0,83,0,48,0,14,0,0,0,0,0,0
0,0,0,0,0,0,0,0,0,0,0,0,0,0,0,0,0,0,0,0,0,0,0,0,0,0,0,0,0,0,0,0,0,0,0,0,0,1,0,0,0,0,0,0,0,0,0,0,0,1,0,0,0,0,0,0,0,0,0,0,0,0,0,0,0,0,0,0,0,7,0,112,0,0,2,239,0,99,0,74,0,4,0,9,0,18,0,46,0,0,0,0,0,1,1,3,0,0,0,0,0,0,0,0,0,0,0,0,0,1,0,0,0,0,0,0,0,0,0,0,0,25,0,49,0,5,0,23,0,0,0,0,0,9,0,61,0,61,0,0,0,17,0,33,0,20,3,0,0,6,0,0,2,5,0,1,0,1,0,0,0,0,0,9,0,2,0,0,0,11,0,0,0,0,0,0,0,0,0,0,0,0,0,0,0,2,0,0,0,0,0,0,0,0,0,3,0,0,0,0,0,0,0,0,0,0,0,14,0,34,0,0,0,8,0,2,0,3,0,5,0,2,0,23,0,9,0,19,0,22,0,0,0,0,0,17,0,0,0,43,0,2,0,1,0,20,0,0,0
