0,494,18,111,38,0,20,178,109,39,73,0,60,0,8,84,36,105,0,0,0,0,30,235,3,358,63,0,102,22,0,0,8,0,6,0,15,0,169,0,31,0,0,1,4,0,40,0,2,0,7,0,2,0,0,0,0,0,5,0,201,0,152,0,50,0,13,0,0,0,0,0,0,0,0,0,1,0,0,0,0,0,0,0,0,0,0,0,0,0,0,0,0,0,0,0,0,0,0,0,0,0,0,0,0,0,0,0,0,0,0,0,0,0,0,0,0,0,0,0,0,0,0,0,35,0,15,0,0,0,23,0,0,0,12,0,0,0,0,0,0,0,0,0,0,0,25,0,49,0,33,0,14,0,0,0,0,0,0,0,6,0,0,0,0,0,0,1,12,0,8,0,263,7,4,0,420,171,21,0,0,0,20,0,47,0,4,0,0,0,0,0,0,0,0,0,0,0,0,0,0,0,0,0,0,0,0,0,13,0,652,177,290,79,195,0,0,0,0,0,0,0,0,0,0
494,0,324,83,55,209,230,11,59,52,33,388,0,128,11,81,79,31,0,80,12,0,290,69,447,5,0,109,22,129,0,26,0,109,0,6,0,79,0,235,0,45,0,8,0,37,0,130,0,0,0,19,0,11,12,4,0,1,0,1,0,109,49,10,0,21,0,5,0,0,0,0,0,0,0,0,0,0,0,0,0,0,0,0,0,21,0,0,0,0,0,0,0,0,0,0,0,18,0,0,0,0,0,0,0,12,0,80,0,0,0,0,0,0,0,0,0,0,0,0,0,0,0,0,0,57,0,49,0,7,0,45,0,17,0,52,0,19,0,0,0,1,0,0,0,4,0,24,0,41,0,54,0,89,0,0,0,0,0,0,0,14,0,6,0,3,0,15,0,0,0,14,0,197,0,30,143,476,4,3,0,29,0,4,0,37,0,0,0,0,0,5,0,0,0,0,0,1,0,0,0,0,0,0,0,0,0,35,0,111,0,0,0,0,212,0,0,0,860,136,286,0,0,4,0
18,324,0,144,124,127,30,42,36,0,35,117,35,3,180,160,82,48,100,12,60,26,376,309,46,94,72,0,233,38,35,0,170,39,0,0,29,0,261,0,0,0,0,0,7,0,27,0,0,0,0,0,15,0,97,0,0,0,0,2,131,0,149,0,25,0,3,0,0,0,3,0,0,0,2,0,0,0,0,0,0,0,0,0,15,0,0,0,0,0,0,0,0,0,0,0,29,0,0,0,0,0,0,0,58,0,103,0,0,0,0,0,0,0,0,0,0,0,0,0,0,0,0,0,117,0,104,0,12,0,76,0,60,0,340,0,86,0,5,0,0,0,106,0,0,0,116,0,147,0,111,0,35,0,0,0,8,0,0,0,15,0,0,0,0,0,100,0,0,0,11,0,299,0,0,0,42,68,0,1,4,0,0,0,12,0,0,0,0,0,0,0,0,0,0,0,0,0,0,0,157,0,0,0,0,0,49,0,140,0,697,131,560,106,295,0,0,0,0,0,0,0,0,0,0
111,83,144,0,96,116,11,72,0,4,50,2,0,4,20,312,42,16,0,158,14,146,168,253,45,29,0,47,11,65,0,113,0,197,0,0,0,57,9,82,0,0,0,0,0,0,0,0,0,0,0,0,0,0,0,48,0,0,0,4,1,0,0,0,0,0,0,0,0,0,0,1,0,0,0,0,0,0,0,0,0,0,0,0,0,55,0,0,0,0,0,0,0,0,0,0,0,74,0,0,0,0,0,0,0,0,0,253,0,0,0,0,0,0,0,0,0,0,0,0,0,0,0,0,0,0,0,25,0,0,0,0,0,37,0,292,0,124,0,27,0,0,0,11,0,0,0,0,0,0,0,0,0,0,0,0,0,0,0,0,0,4,1,3,0,3,0,43,0,0,0,0,0,85,0,0,36,48,0,0,0,0,0,0,0,0,0,0,0,0,0,0,0,0,0,0,0,1,0,40,0,118,0,0,0,0,0,0,0,120,0,0,0,0,100,0,0,0,294,40,306,49,2,2,0
38,55,124,96,0,485,3,0,28,0,88,191,366,102,143,441,24,0,217,240,249,126,95,233,1,0,226,58,19,0,67,0,258,0,182,0,268,56,99,0,114,0,10,0,15,0,171,0,7,0,38,5,0,0,0,0,3,0,0,0,0,0,4,0,11,0,4,0,0,0,2,0,0,0,0,0,0,0,0,0,0,0,0,0,0,0,0,0,0,0,0,0,0,0,0,0,0,0,0,0,0,0,0,0,0,0,0,0,0,0,0,0,0,0,0,0,0,0,0,0,0,0,0,0,23,0,14,0,0,0,4,0,0,0,0,0,0,0,0,0,0,0,0,0,0,1,25,0,38,0,32,0,31,0,1,0,0,0,0,0,0,2,0,1,0,0,282,0,64,0,0,0,111,7,0,0,116,188,23,0,15,0,32,0,42,0,5,0,0,0,0,0,0,0,0,0,1,0,0,0,0,0,0,0,0,0,0,0,14,0,694,328,438,0,318,0,0,0,0,25,0,0,0,0,0
0,209,127,116,485,0,0,25,0,11,206,129,333,242,625,232,44,0,243,288,274,256,233,101,0,1,0,421,0,11,10,223,0,415,68,167,26,330,0,0,0,75,0,0,0,66,0,279,0,10,26,55,0,7,0,7,0,0,0,0,0,4,0,2,0,0,0,0,0,0,0,0,0,0,0,0,0,0,0,0,0,0,0,0,0,0,0,0,0,0,0,0,0,0,0,0,0,0,0,0,0,0,0,24,0,0,0,98,0,0,0,0,0,0,0,0,0,0,0,4,0,0,0,0,0,0,0,0,0,0,0,21,0,19,0,124,0,42,0,12,0,0,0,43,0,0,0,0,0,0,0,51,1,99,0,0,0,0,0,0,0,6,0,7,0,0,0,234,0,45,0,0,0,50,0,58,30,316,52,0,0,71,0,6,0,0,5,5,0,16,0,0,0,0,0,0,0,0,0,25,0,0,0,0,0,0,0,32,0,80,0,0,0,0,227,0,0,0,782,348,538,144,0,0,1
20,230,30,11,3,0,0,188,47,220,3,0,0,0,0,0,30,60,0,0,0,0,10,0,238,215,0,0,0,0,0,0,1,0,0,0,0,0,0,0,0,0,0,0,0,0,0,0,9,0,0,0,37,5,120,31,18,0,7,0,89,0,276,34,59,0,43,6,0,0,0,0,0,0,0,0,0,0,0,0,0,1,0,0,0,0,0,0,0,0,4,0,0,0,0,0,0,0,0,0,0,0,0,0,17,0,0,0,0,0,0,0,0,0,0,0,0,0,0,0,0,0,0,0,132,0,104,0,13,0,151,0,34,0,72,0,42,0,0,0,0,0,29,0,0,0,29,0,45,0,60,0,0,0,3,0,0,0,0,0,73,0,0,0,0,0,11,0,14,0,57,0,298,1,0,0,50,98,0,0,0,0,0,0,2,0,0,0,0,0,0,0,0,0,0,0,0,0,9,0,0,0,0,0,0,0,12,0,55,0,970,86,539,453,593,0,24,0,0,0,0,0,0,0,0
178,11,42,72,0,25,188,0,250,98,0,5,0,8,5,118,0,32,0,28,0,0,23,24,198,276,0,17,0,226,0,0,0,0,0,0,0,0,0,163,0,0,0,0,0,0,0,0,1,0,0,0,26,13,66,98,0,10,0,37,8,227,99,125,0,2,0,16,0,0,0,0,0,0,0,0,0,0,0,0,0,0,0,0,0,0,0,0,0,0,0,0,0,0,0,0,0,0,0,0,0,0,0,0,0,0,0,0,0,0,0,0,0,0,0,0,0,0,0,0,0,0,0,0,0,47,0,39,0,98,0,82,0,53,0,51,0,86,0,12,0,0,0,0,0,0,0,12,0,0,0,25,0,0,0,3,0,0,0,51,0,13,0,0,0,5,0,0,0,6,0,30,0,172,0,1,57,76,0,0,0,0,0,0,0,0,0,0,0,0,0,4,0,0,0,0,0,0,0,0,0,0,0,0,0,0,0,16,0,137,0,0,10,0,597,0,0,0,929,63,372,314,0,28,7
109,59,36,0,28,0,47,250,0,511,44,0,21,0,11,0,0,75,5,0,0,0,0,0,0,212,45,0,0,4,0,0,0,0,0,0,0,0,0,0,0,0,0,0,0,0,18,0,0,0,0,0,32,49,6,356,3,0,69,0,29,0,47,135,102,0,134,128,0,0,0,0,1,0,0,0,1,0,0,0,0,0,0,0,0,0,0,0,0,0,0,0,0,0,0,0,0,0,0,0,0,0,0,0,0,0,0,0,0,0,0,0,0,0,0,0,0,0,0,0,0,0,0,0,28,0,12,0,0,0,34,0,0,0,7,0,0,0,0,0,0,0,0,0,0,0,23,0,47,0,18,0,12,0,2,0,12,0,0,0,21,0,0,0,3,0,7,0,6,0,30,0,80,0,5,0,568,157,4,0,0,0,13,0,86,12,0,0,0,0,0,0,0,0,0,0,0,0,0,0,3,0,0,0,0,0,0,0,6,0,517,70,92,129,172,1,0,0,0,0,0,0,0,0,0
39,52,0,4,0,11,220,98,511,0,0,47,0,8,0,5,7,7,0,10,0,0,0,1,99,16,0,15,0,12,0,0,0,0,0,0,0,0,0,20,0,0,0,0,0,0,0,32,1,1,0,0,122,38,339,33,0,6,0,41,8,253,151,171,0,208,0,13,0,0,0,1,0,0,0,0,0,0,0,0,0,0,0,0,0,7,0,0,0,0,0,0,0,0,0,0,0,6,0,0,0,0,0,0,0,0,0,0,0,0,0,0,0,0,0,0,0,0,0,0,0,0,0,0,0,165,0,71,0,26,0,211,0,46,0,15,0,12,0,0,0,0,0,1,0,3,0,54,2,113,0,56,0,87,0,6,0,26,0,14,0,40,0,8,0,4,0,5,0,0,0,93,0,126,0,0,107,492,0,0,0,16,0,13,0,139,0,0,0,0,0,4,0,0,0,0,0,0,0,0,0,0,0,0,0,0,0,28,0,107,0,0,0,0,311,0,0,0,846,92,141,131,0,22,3
73,33,35,50,88,206,3,0,44,0,0,69,324,12,15,258,25,8,18,60,135,54,21,149,0,0,68,15,18,0,32,0,211,17,0,0,124,0,98,0,105,0,0,0,0,0,77,0,6,0,26,0,0,0,0,1,0,0,0,0,4,0,3,0,2,0,0,0,0,0,0,0,0,0,0,0,0,0,0,0,0,0,0,0,0,0,0,0,0,0,0,0,0,0,0,0,0,0,0,0,0,0,0,0,0,0,0,0,0,0,0,0,0,0,0,0,0,0,0,0,0,0,0,0,4,0,0,0,0,0,0,0,0,0,0,0,0,0,0,0,0,0,0,0,0,0,7,0,9,0,14,0,27,0,0,0,0,0,0,0,0,0,0,0,0,0,105,0,22,0,1,0,65,0,11,0,180,80,60,0,12,0,61,0,29,0,16,0,0,0,0,0,0,0,0,0,0,0,0,0,0,0,0,0,0,0,0,0,0,0,496,217,187,57,146,0,0,0,18,0,0,0,0,0,0
0,388,117,2,191,129,0,5,0,47,69,0,33,232,167,20,16,0,19,25,69,101,189,57,0,1,11,96,0,0,0,74,0,251,0,63,9,146,0,0,0,103,0,51,0,41,0,194,0,22,0,61,0,8,0,0,0,0,0,3,0,0,0,0,0,9,0,0,0,0,0,0,0,0,0,0,0,0,0,0,0,0,0,0,0,0,0,0,0,0,0,0,0,0,0,0,0,3,0,0,0,5,0,0,0,0,0,18,0,0,0,0,0,3,0,0,0,0,0,0,0,0,0,2,0,41,0,0,0,0,0,0,0,0,0,30,0,13,0,0,0,0,0,0,0,0,0,12,0,46,0,70,0,232,0,0,0,3,0,0,0,9,0,0,0,8,0,75,0,15,0,0,0,24,0,242,27,294,19,13,0,190,3,60,0,97,0,7,0,0,0,0,0,0,0,5,0,0,0,0,0,0,0,0,0,0,0,15,0,71,0,0,0,0,85,0,0,0,411,187,178,0,0,0,0
60,0,35,0,366,333,0,0,21,0,324,33,0,466,9,101,0,0,37,507,96,89,0,5,0,0,236,480,0,0,9,0,0,7,157,14,91,43,3,0,243,52,76,24,55,51,258,169,53,0,325,29,0,0,0,0,0,0,0,0,0,0,0,0,5,0,0,0,0,0,0,0,0,0,0,0,0,0,0,0,0,0,0,0,0,1,0,0,0,0,0,0,0,0,0,0,0,0,0,0,2,0,0,0,0,0,0,0,0,0,0,0,0,0,0,0,0,0,0,0,0,0,0,0,0,0,0,0,0,0,0,0,0,0,0,0,0,0,0,0,0,0,0,0,0,0,5,0,0,0,12,0,0,0,0,0,0,0,0,0,0,0,0,0,61,0,18,0,32,0,0,0,0,0,0,0,47,246,111,0,44,0,76,0,25,0,209,12,0,0,0,0,0,0,0,0,0,0,0,0,0,0,0,0,0,0,0,0,0,0,83,245,157,13,21,0,0,2,10,12,0,0,0,0,0
0,128,3,4,102,242,0,8,0,8,12,232,466,0,170,8,0,0,363,47,166,105,9,0,0,0,571,172,0,0,0,0,0,2,65,42,19,59,0,0,225,259,0,256,77,81,136,348,0,58,100,248,0,0,0,0,0,0,0,0,0,0,0,0,0,0,0,0,0,0,0,0,0,0,0,0,0,0,0,0,0,0,0,0,0,0,0,0,0,0,0,0,0,0,0,0,0,5,0,0,0,0,0,0,0,0,0,0,0,0,0,0,0,0,0,0,0,0,0,0,0,0,0,0,0,0,0,0,0,0,0,7,0,0,0,0,0,0,0,0,0,0,0,0,0,0,0,0,0,0,0,0,0,0,0,0,0,0,0,0,0,0,0,0,0,12,0,27,0,17,0,0,0,0,0,20,0,336,7,4,0,33,0,6,0,9,42,95,0,0,0,0,0,0,0,13,0,0,0,0,0,0,0,0,0,0,0,11,0,31,0,0,13,0,15,0,0,0,76,173,149,30,0,0,5
8,11,180,20,143,625,0,5,11,0,15,167,9,170,0,545,50,0,299,377,187,246,420,121,56,0,177,80,2,0,76,53,91,112,71,45,166,90,0,0,4,0,0,0,0,9,29,15,1,0,6,0,21,0,66,0,0,0,0,0,0,0,35,0,0,0,0,0,0,0,0,0,0,0,15,0,0,0,0,0,0,0,0,0,121,0,0,0,0,0,0,0,0,0,0,0,278,0,70,0,0,0,0,0,0,0,0,0,0,0,0,0,0,0,0,0,0,0,0,0,0,0,0,0,0,0,0,0,0,0,0,0,0,0,0,0,114,0,0,0,29,0,183,0,13,0,30,0,36,0,63,0,39,0,9,0,0,0,1,0,1,0,0,0,5,0,116,0,0,0,7,0,15,3,0,0,11,77,7,0,0,0,19,0,45,0,0,0,0,0,0,0,0,0,0,0,0,0,0,0,221,0,0,0,2,0,35,0,64,0,119,120,60,0,39,0,0,0,0,29,44,0,0,0,0
84,81,160,312,441,232,0,118,0,5,258,20,101,8,545,0,80,17,18,374,270,272,350,86,22,26,10,172,16,0,17,56,29,58,27,40,19,48,17,0,3,0,0,0,0,50,0,0,0,16,0,12,0,5,0,78,0,0,0,2,0,0,0,14,0,0,0,0,0,0,0,0,0,0,0,0,0,0,0,0,0,85,0,0,0,443,0,0,0,0,0,0,0,0,0,111,0,223,0,0,0,106,0,0,0,0,0,451,0,0,0,0,0,0,0,0,0,0,0,0,0,0,0,0,0,0,0,37,0,13,0,0,0,0,0,530,0,156,0,41,0,34,0,175,0,6,0,0,0,0,0,17,0,34,0,0,0,0,0,0,0,0,0,0,0,0,0,29,0,0,0,3,0,21,0,6,32,92,26,11,0,11,0,0,0,12,0,0,0,0,0,0,0,0,0,0,0,0,0,38,0,148,0,0,0,0,0,0,0,99,0,0,0,0,0,0,0,0,279,248,47,0,0,0,0
36,79,82,42,24,44,30,0,0,7,25,16,0,0,50,80,0,17,62,5,282,9,149,118,194,39,76,0,147,16,45,0,65,13,34,0,3,0,29,0,0,0,13,0,46,0,0,0,0,0,6,0,26,0,12,0,0,0,1,0,28,0,266,0,0,0,0,0,0,0,48,0,0,0,80,0,0,0,0,0,238,0,0,0,409,0,167,0,0,0,262,0,0,0,0,0,727,0,519,0,21,0,0,0,135,0,358,0,0,0,0,0,0,0,0,0,0,0,0,0,188,0,89,0,0,0,0,0,0,0,0,0,0,0,19,0,78,0,110,1,42,0,296,0,14,0,0,0,0,0,0,0,0,0,5,0,0,0,14,0,2,0,3,0,0,0,0,1,0,0,3,0,47,0,0,0,11,6,3,0,0,0,3,0,0,0,0,0,0,0,0,0,0,0,0,0,0,0,0,0,55,0,0,0,0,0,0,0,8,0,68,204,76,8,14,0,1,0,0,0,0,0,0,0,0
105,31,48,16,0,0,60,32,75,7,8,0,0,0,0,17,17,0,0,0,0,104,53,135,92,107,0,0,0,278,0,57,0,28,0,2,0,0,0,94,0,0,0,0,0,0,0,0,0,0,0,0,7,30,23,44,0,15,2,0,6,15,29,106,0,0,0,0,1,0,0,1,0,0,0,0,0,0,0,1,0,40,0,0,0,190,0,0,0,0,0,12,0,0,0,22,0,42,0,96,0,30,0,0,0,0,0,0,0,0,0,0,0,0,0,0,0,0,0,0,0,10,0,0,0,0,0,0,0,31,0,0,0,58,0,307,0,272,0,163,0,100,0,381,0,0,0,0,0,0,0,0,0,2,0,14,0,0,0,20,0,0,0,0,0,0,0,0,0,0,0,0,2,17,0,0,0,7,0,11,0,0,0,8,0,0,0,0,0,0,0,0,0,0,0,0,0,0,0,0,0,0,0,0,0,0,0,0,0,0,0,0,0,0,0,0,0,0,25,184,31,6,0,0,0
0,0,100,0,217,243,0,0,5,0,18,19,37,363,299,18,62,0,0,371,401,70,179,0,24,0,171,263,0,0,18,0,0,0,171,0,91,37,0,0,13,35,20,15,25,25,12,89,0,1,192,19,13,0,0,0,0,0,0,0,0,0,32,0,0,0,0,0,0,0,0,0,0,0,19,0,0,0,0,0,0,0,0,0,0,0,0,0,0,0,0,0,0,0,0,0,0,0,0,0,0,0,0,0,0,0,0,0,0,0,0,0,0,0,0,0,0,0,0,0,0,0,0,0,0,0,0,0,0,0,0,0,0,0,0,0,0,0,0,0,27,0,55,0,0,0,0,0,37,0,0,0,22,0,7,0,0,0,0,0,0,0,0,0,63,0,44,8,58,0,0,0,10,0,0,0,0,111,7,0,0,0,26,0,38,0,7,12,0,0,0,0,0,0,0,0,0,0,0,0,98,0,4,0,0,0,0,0,0,2,113,199,182,0,30,0,0,1,0,12,0,0,0,0,0
0,80,12,158,240,288,0,28,0,10,60,25,507,47,377,374,5,0,371,0,292,229,27,63,0,0,253,427,1,0,18,7,0,4,101,71,27,102,1,0,53,0,0,60,0,80,0,71,0,16,112,209,0,8,0,0,0,0,0,0,0,0,0,21,0,0,0,0,0,0,0,0,0,0,0,0,0,0,0,0,0,0,0,0,0,348,0,92,0,0,0,0,0,0,0,0,0,110,0,0,0,0,0,0,0,0,0,0,0,0,0,0,0,0,0,0,0,0,0,0,0,78,0,0,0,0,0,0,0,0,0,0,0,0,0,197,0,0,0,16,0,39,0,0,0,18,0,0,0,0,0,0,0,62,0,0,0,0,0,0,0,0,0,0,0,29,0,22,0,63,0,0,0,5,0,0,0,34,21,0,0,29,0,0,0,15,0,8,0,0,0,0,0,0,0,12,0,0,0,0,0,0,0,0,0,0,0,0,0,69,7,0,0,0,0,0,0,0,194,327,121,17,0,0,0
0,12,60,14,249,274,0,0,0,0,135,69,96,166,187,270,282,0,401,292,0,131,66,76,10,0,261,135,61,0,48,22,16,42,76,0,4,51,0,0,0,9,32,0,56,15,1,31,1,0,45,9,8,0,0,0,0,0,0,0,2,0,67,0,3,0,0,0,0,0,48,0,0,0,50,0,0,0,36,0,129,0,0,0,76,0,89,0,0,0,146,0,0,0,0,0,309,0,305,0,16,0,0,0,60,0,208,0,0,0,0,0,0,0,0,0,0,0,0,0,84,0,18,0,0,0,0,0,0,0,0,0,0,0,0,0,0,0,0,0,15,0,43,0,25,0,7,0,0,0,4,0,0,0,0,0,0,0,0,0,0,0,0,0,19,2,65,0,34,2,4,0,34,0,0,0,12,20,36,0,0,0,0,0,0,0,4,3,0,0,0,0,2,0,0,0,0,0,0,0,0,0,0,0,0,0,0,0,0,0,257,404,111,44,94,0,0,0,0,14,0,0,0,0,0
0,0,26,146,126,256,0,0,0,0,54,101,89,105,246,272,9,104,70,229,131,0,77,246,0,0,24,272,0,72,11,62,10,20,21,73,19,35,0,7,0,0,0,78,0,211,0,12,0,27,0,100,0,6,0,12,0,0,0,2,0,0,0,50,0,0,0,0,0,0,0,7,0,0,0,0,0,0,0,0,0,313,0,0,0,662,0,78,0,0,0,0,0,0,0,205,0,71,0,410,0,130,0,16,0,0,0,0,0,0,0,0,0,0,0,0,0,0,0,0,0,222,0,70,0,0,0,0,0,0,0,0,0,0,0,232,0,229,0,142,0,583,0,1011,0,120,0,0,0,0,0,0,0,0,0,0,0,0,0,0,0,0,0,0,0,25,0,96,0,65,0,9,0,7,0,0,2,81,8,25,0,0,0,0,0,0,1,12,0,0,0,0,0,0,0,0,0,0,0,0,0,0,0,0,0,0,0,0,0,0,0,0,0,0,69,0,0,0,306,437,150,51,0,0,0
30,290,376,168,95,233,10,23,0,0,21,189,0,9,420,350,149,53,179,27,66,77,0,516,56,49,76,0,131,26,16,0,69,62,4,0,10,17,118,0,0,0,0,0,28,0,7,0,0,0,0,0,9,0,162,0,0,0,0,0,32,0,49,0,0,0,0,1,0,0,0,0,0,0,0,0,0,0,0,0,0,0,0,0,115,0,0,0,0,0,0,0,0,0,0,0,311,0,0,0,0,0,0,0,183,0,0,0,0,0,0,0,0,0,0,0,0,0,0,0,0,0,0,0,0,0,0,0,0,0,8,0,29,0,0,0,166,0,0,0,0,0,281,0,0,0,7,0,0,0,23,0,0,0,1,0,0,0,0,0,0,0,0,0,0,0,23,0,0,0,0,0,103,0,0,0,14,34,0,0,0,0,0,0,0,0,0,0,0,0,0,0,0,0,0,0,3,0,16,0,185,0,0,0,0,0,0,0,0,0,152,182,178,41,56,0,1,0,0,12,0,0,0,0,0
235,69,309,253,233,101,0,24,0,1,149,57,5,0,121,86,118,135,0,63,76,246,516,0,113,56,0,40,32,78,0,51,17,46,0,23,0,14,15,21,1,0,0,0,0,33,0,0,0,10,0,5,0,4,0,17,0,2,0,0,0,0,7,34,0,0,0,0,0,0,0,3,0,0,0,0,0,0,0,1,0,119,0,65,0,423,0,31,0,0,0,27,0,0,0,100,0,148,0,278,0,87,0,0,0,0,0,128,0,0,0,0,0,0,0,0,0,0,0,0,0,40,0,8,0,0,0,0,0,0,0,0,0,0,0,453,0,168,0,54,0,68,0,374,0,7,0,0,0,0,0,0,0,1,0,0,0,0,0,0,0,0,0,0,0,0,0,7,0,25,0,0,0,17,0,0,43,116,8,39,0,1,0,4,0,0,0,0,0,0,0,0,0,0,0,0,0,0,0,0,0,0,0,0,0,0,0,0,0,0,0,0,8,0,0,0,0,0,86,604,23,4,0,0,0
3,447,46,45,1,0,238,198,0,99,0,0,0,0,56,22,194,92,24,0,10,0,56,113,0,351,0,0,98,35,0,0,0,5,0,0,0,0,28,27,0,0,0,0,7,0,0,0,0,0,0,0,79,1,334,5,17,0,5,0,95,11,110,6,0,0,0,0,0,0,0,0,0,0,0,0,0,0,0,0,23,0,0,0,159,0,0,0,0,0,139,0,0,0,0,0,351,0,0,0,0,0,0,0,199,0,243,0,0,0,0,0,0,0,0,0,0,0,0,0,0,0,42,0,3,0,0,0,45,0,10,0,34,0,182,0,255,0,108,1,0,0,415,0,0,0,8,0,0,0,12,0,0,0,4,0,0,0,15,0,6,0,0,0,0,0,8,0,0,1,2,0,101,0,0,0,7,52,0,0,0,0,1,0,0,0,0,0,0,0,0,0,0,0,0,0,0,0,0,0,189,0,0,0,0,0,0,0,50,0,155,202,143,23,60,0,0,0,0,7,3,0,0,0,0
358,5,94,29,0,1,215,276,212,16,0,1,0,0,0,26,39,107,0,0,0,0,49,56,351,0,0,0,10,187,0,0,0,11,0,0,0,8,0,110,0,0,0,0,0,0,0,0,0,0,0,0,16,27,36,152,0,26,0,3,16,47,138,36,0,0,1,0,0,0,0,0,0,0,0,0,0,0,0,1,0,0,0,0,0,80,0,0,0,0,0,12,0,0,0,0,0,58,0,0,0,0,0,0,0,0,0,121,0,0,0,0,0,0,0,0,0,0,0,0,0,0,0,0,0,0,0,46,0,23,0,0,0,97,0,398,0,194,0,82,0,24,0,85,0,0,0,0,0,0,0,0,0,0,0,11,0,1,0,7,0,0,0,0,0,0,0,0,0,0,0,0,0,53,0,0,27,22,2,0,0,0,13,0,0,0,0,0,0,0,0,0,0,0,0,0,0,0,0,0,3,69,0,0,0,0,0,0,0,50,3,1,0,0,102,0,0,0,216,147,118,41,1,2,0
63,0,72,0,226,0,0,0,45,0,68,11,236,571,177,10,76,0,171,253,261,24,76,0,0,0,0,659,40,0,30,0,17,4,72,0,43,0,1,0,31,185,264,75,220,58,141,369,24,25,451,67,15,0,0,0,0,1,0,2,0,0,42,0,0,0,0,1,0,0,0,0,11,0,0,0,0,0,0,0,0,0,0,0,0,0,0,0,0,0,0,0,24,0,0,0,0,0,0,0,0,0,0,0,0,0,0,0,0,0,0,0,0,0,0,0,0,0,0,0,0,0,0,0,0,0,0,0,0,0,0,0,0,0,0,0,0,0,0,0,0,0,0,0,50,0,0,0,50,0,0,0,0,0,0,0,0,0,0,0,0,4,12,0,185,0,15,0,55,5,0,0,0,0,0,0,14,141,19,0,0,1,55,0,68,0,59,17,0,0,0,0,0,0,0,0,0,0,0,0,0,0,0,0,0,0,0,0,0,0,71,360,308,0,26,0,0,20,0,23,0,0,0,0,0
0,109,0,47,58,421,0,17,0,15,15,96,480,172,80,172,0,0,263,427,135,272,0,40,0,0,659,0,0,0,0,8,0,0,80,63,20,14,0,0,363,8,118,367,133,219,279,231,0,42,188,397,0,8,0,0,0,0,0,0,0,10,0,10,0,0,0,0,0,0,0,0,0,0,0,25,0,0,0,7,0,0,0,64,0,207,0,0,0,0,0,0,0,0,0,0,0,0,0,0,0,0,0,0,0,0,0,0,0,0,0,0,0,12,0,0,0,0,0,0,0,86,0,0,0,0,0,0,0,0,0,0,0,0,0,0,0,33,0,0,0,0,0,0,0,0,0,0,0,0,0,48,0,61,0,0,0,0,0,0,0,0,0,0,0,42,0,7,0,41,0,0,0,4,0,0,0,52,0,3,0,50,0,0,0,0,50,16,0,0,0,4,0,0,0,0,0,0,0,0,0,0,0,0,0,9,0,0,0,85,0,0,0,0,70,0,0,0,129,670,389,68,0,0,22
102,22,233,11,19,0,0,0,0,0,18,0,0,0,2,16,147,0,0,1,61,0,131,32,98,10,40,0,0,0,26,0,11,1,37,0,13,0,1,0,0,0,12,0,13,0,0,0,0,0,3,0,6,0,3,0,0,0,0,0,1,0,33,0,0,0,0,0,0,0,92,0,0,0,90,0,0,0,38,0,174,0,0,0,0,0,89,0,0,0,0,0,0,0,0,0,57,0,193,0,0,0,0,0,0,0,0,0,0,0,0,0,0,0,0,0,0,0,0,0,132,0,46,0,0,0,0,0,0,0,0,0,0,0,0,0,21,0,55,0,96,0,79,0,126,0,0,0,0,0,0,0,0,0,1,0,0,0,0,0,0,0,11,0,0,0,0,0,0,0,0,0,0,0,0,0,3,3,0,0,0,0,23,1,0,0,0,0,0,0,0,0,0,0,0,0,0,0,0,0,0,0,0,0,0,0,0,0,0,0,11,75,0,0,0,0,0,0,1,0,0,0,0,0,0
22,129,38,65,0,11,0,226,4,12,0,0,0,0,0,0,16,278,0,0,0,72,26,78,35,187,0,0,0,0,0,24,0,18,0,9,0,9,0,35,0,0,0,0,0,0,0,0,0,1,0,0,0,0,0,21,0,2,0,0,0,56,0,29,0,0,0,0,0,0,0,0,0,0,0,0,0,0,0,0,0,0,0,0,0,36,0,0,0,0,0,0,0,0,0,0,0,0,0,0,0,0,0,0,0,0,0,0,0,0,0,0,0,0,0,0,0,0,0,0,0,0,0,0,0,0,0,0,0,0,0,0,0,0,0,66,0,124,0,147,0,202,0,161,0,0,0,0,0,0,0,0,0,0,0,0,0,8,0,0,0,0,0,0,0,0,1,0,0,0,0,0,0,0,0,0,0,22,0,28,0,3,0,15,0,0,0,0,0,0,0,0,0,0,0,0,0,0,0,0,0,0,0,0,0,0,1,0,0,12,0,0,0,0,0,0,0,0,18,154,3,0,0,0,0
0,0,35,0,67,10,0,0,0,0,32,0,9,0,76,17,45,0,18,18,48,11,16,0,0,0,30,0,26,0,0,0,8,0,15,0,9,0,1,0,0,0,27,0,0,0,0,0,0,0,27,0,0,0,0,0,0,0,0,0,0,0,2,0,0,0,0,0,0,0,21,0,5,0,0,0,0,0,0,0,16,0,0,0,0,0,31,0,0,0,0,0,0,0,0,0,0,0,54,0,0,0,0,0,0,0,0,0,0,0,0,0,0,0,0,0,0,0,0,0,25,0,0,0,0,0,0,0,0,0,0,0,0,0,0,0,0,0,0,0,0,0,0,0,8,0,0,0,0,0,0,0,0,0,0,0,0,0,0,0,0,0,0,0,1,0,10,0,6,0,0,0,0,0,0,0,0,0,6,0,0,0,0,0,0,0,0,0,0,0,0,0,0,0,0,0,0,0,0,0,0,0,0,0,0,0,0,0,0,0,33,58,24,0,0,0,0,0,0,0,0,0,0,0,0
0,26,0,113,0,223,0,0,0,0,0,74,0,0,53,56,0,57,0,7,22,62,0,51,0,0,0,8,0,24,0,0,0,1,0,27,0,6,2,0,0,0,0,17,0,0,0,0,0,0,0,15,0,0,0,3,0,0,0,0,0,0,1,18,0,0,0,0,0,0,0,0,0,0,0,0,0,0,0,0,0,0,0,0,0,52,0,0,0,0,0,0,0,0,0,0,0,0,0,0,0,12,0,0,0,0,0,0,0,0,0,0,0,0,0,0,0,0,0,0,0,0,0,0,0,0,0,0,0,0,0,0,0,0,0,0,0,0,0,78,0,120,0,60,0,20,0,0,0,0,0,3,0,0,0,0,0,0,0,0,0,1,0,1,0,0,0,36,0,2,0,0,0,6,0,0,0,49,0,32,0,0,0,0,0,0,0,0,0,0,0,0,0,0,0,0,0,0,0,0,0,0,0,0,0,0,0,0,0,0,0,0,0,0,0,0,0,0,32,76,30,0,0,0,0
8,0,170,0,258,0,1,0,0,0,211,0,0,0,91,29,65,0,0,0,16,10,69,17,0,0,17,0,11,0,8,0,0,0,14,0,23,0,0,0,0,0,9,0,1,0,0,0,0,0,15,0,0,0,0,0,0,0,0,0,6,0,3,0,0,0,0,0,0,0,11,0,0,0,12,0,0,0,11,0,0,0,0,0,0,0,18,0,0,0,0,0,0,0,0,0,0,0,0,0,0,0,0,0,0,0,0,0,0,0,0,0,0,0,0,0,0,0,0,0,10,0,0,0,0,0,0,0,0,0,0,0,0,0,0,0,0,0,0,0,0,0,0,0,11,0,0,0,0,0,0,0,0,0,0,1,0,0,0,0,0,0,4,0,0,0,32,1,5,0,0,0,12,0,0,0,26,4,29,0,0,0,0,0,0,0,0,0,0,0,0,0,0,0,0,0,0,0,0,0,0,0,0,0,0,0,0,0,0,0,67,96,37,0,13,0,0,0,0,0,0,0,0,0,0
0,109,39,197,0,415,0,0,0,0,17,251,7,2,112,58,13,28,0,4,42,20,62,46,5,11,4,0,1,18,0,1,0,0,0,5,0,176,0,1,0,0,0,3,0,2,0,0,0,0,0,0,0,2,0,1,0,3,0,0,0,0,0,7,0,0,0,0,0,0,0,0,0,0,0,0,0,0,0,0,0,8,0,0,0,45,0,0,0,0,0,0,0,0,0,0,0,0,0,0,0,0,0,0,0,0,0,0,0,0,0,0,0,0,0,0,0,0,0,0,0,0,0,0,0,2,0,0,0,0,0,0,0,0,0,0,0,0,0,33,0,47,0,38,0,13,0,0,0,0,0,0,0,0,0,0,0,12,0,0,0,1,0,0,0,0,0,54,0,3,0,3,0,26,0,0,0,115,0,135,0,0,0,6,0,0,0,4,0,0,0,0,0,0,0,0,0,0,0,0,0,0,0,0,0,0,0,0,0,0,0,0,0,0,13,0,0,0,26,145,73,7,0,0,0
6,0,0,0,182,68,0,0,0,0,0,0,157,65,71,27,34,0,171,101,76,21,4,0,0,0,72,80,37,0,15,0,14,0,0,5,128,0,0,0,0,0,14,0,0,0,0,0,1,0,71,0,0,0,0,0,0,0,2,0,5,0,0,0,3,0,1,0,0,0,44,0,0,0,34,0,0,0,0,0,0,0,0,0,0,0,0,0,0,0,0,0,0,0,0,0,0,0,0,0,8,0,0,0,0,0,0,0,0,0,0,0,0,0,0,0,0,0,0,0,0,0,0,0,0,0,0,0,0,0,0,0,0,0,0,0,0,0,0,0,7,0,0,0,32,0,0,0,0,0,0,0,0,0,0,1,0,0,0,0,0,0,0,0,34,0,54,0,0,0,0,0,0,0,0,0,0,23,61,0,0,0,0,0,12,0,6,0,0,0,0,0,0,0,0,0,0,0,0,0,0,0,0,0,0,0,0,0,0,0,98,250,181,32,40,1,0,0,0,0,0,0,0,0,0
0,6,0,0,0,167,0,0,0,0,0,63,14,42,45,40,0,2,0,71,0,73,0,23,0,0,0,63,0,9,0,27,0,5,5,0,0,275,0,4,0,0,0,20,0,10,1,9,0,1,3,19,0,0,0,0,0,0,0,0,0,7,0,0,0,0,0,0,0,0,0,0,0,0,0,0,0,0,0,0,0,0,0,0,0,120,0,0,0,0,0,4,0,0,0,0,0,0,0,139,0,0,0,0,0,0,0,0,0,0,0,0,0,0,0,0,0,0,0,0,0,0,0,25,0,0,0,0,0,0,0,0,0,0,0,0,0,38,0,36,0,158,0,185,0,80,0,0,0,0,0,0,0,5,0,0,0,0,0,1,0,0,0,0,0,18,0,91,0,18,0,2,0,8,0,0,0,35,0,2,0,0,0,0,0,0,0,22,0,0,0,0,0,0,0,0,0,0,0,0,0,0,0,0,0,0,0,0,0,0,0,0,0,0,0,0,0,0,94,156,116,28,0,0,0
15,0,29,0,268,26,0,0,0,0,124,9,91,19,166,19,3,0,91,27,4,19,10,0,0,0,43,20,13,0,9,0,23,0,128,0,0,0,16,0,0,1,17,0,55,0,0,0,0,0,45,0,0,0,0,0,6,0,9,3,52,0,6,0,5,0,2,0,0,0,97,0,15,0,64,0,0,0,0,0,99,0,0,0,0,0,74,0,0,0,0,0,0,0,0,0,0,0,0,0,11,0,0,0,0,0,0,0,0,0,0,0,0,0,0,0,0,0,0,0,76,0,38,0,0,1,0,0,0,0,0,0,0,0,0,0,0,0,46,0,102,0,40,0,172,0,0,0,0,0,0,0,0,0,2,2,36,0,0,1,5,0,58,0,9,0,60,0,23,0,53,0,48,0,0,0,10,0,70,0,0,0,0,0,0,0,0,0,0,0,0,0,0,0,0,0,0,0,0,0,0,0,0,0,0,0,0,0,0,0,55,99,96,20,23,0,0,0,0,1,0,0,0,0,0
0,79,0,57,56,330,0,0,0,0,0,146,43,59,90,48,0,0,37,102,51,35,17,14,0,8,0,14,0,9,0,6,0,176,0,275,0,0,0,10,0,0,0,25,0,25,0,5,0,0,0,102,0,2,0,3,0,0,0,0,0,14,0,6,0,0,0,0,0,0,0,4,0,0,0,0,0,0,0,0,0,0,0,0,0,84,0,0,0,0,0,0,0,0,0,0,0,0,0,0,0,0,0,5,0,0,0,0,0,0,0,0,0,2,0,0,0,0,0,0,0,144,0,20,0,0,0,0,0,0,0,0,0,0,0,0,0,60,0,85,0,206,0,164,0,175,0,0,0,0,0,0,0,0,0,2,0,46,0,0,0,3,0,7,0,5,0,31,0,20,0,15,0,25,0,0,0,89,0,57,0,0,0,7,0,0,0,12,0,0,0,0,0,0,0,0,0,0,0,0,0,0,0,0,0,0,0,0,0,0,0,0,0,0,10,0,0,0,31,54,53,9,0,0,0
169,0,261,9,99,0,0,0,0,0,98,0,3,0,0,17,29,0,0,1,0,0,118,15,28,0,1,0,1,0,1,2,0,0,0,0,16,0,0,0,0,0,0,0,2,0,0,0,0,0,0,0,7,0,0,0,2,0,0,0,9,0,2,0,0,0,0,0,0,0,0,0,0,0,0,0,0,0,0,0,0,0,0,0,0,0,0,0,0,0,0,0,0,0,0,0,0,0,0,0,0,0,0,0,0,0,0,0,0,0,0,0,0,0,0,0,0,0,0,0,0,0,0,0,0,0,0,0,0,0,0,0,0,0,0,0,0,0,53,0,0,0,0,0,50,0,0,0,0,0,0,0,0,0,13,0,74,0,0,0,0,0,5,0,0,0,16,0,0,0,18,0,27,0,2,0,0,0,9,0,0,0,19,0,0,0,0,0,0,0,0,0,0,0,0,0,0,0,0,0,0,0,0,0,0,0,0,0,0,0,19,78,29,0,7,0,0,0,0,0,0,0,0,0,0
0,235,0,82,0,0,0,163,0,20,0,0,0,0,0,0,0,94,0,0,0,7,0,21,27,110,0,0,0,35,0,0,0,1,0,4,0,10,0,0,0,0,0,3,0,0,0,0,0,0,0,0,0,7,0,2,0,0,0,0,0,28,1,18,0,0,0,0,0,0,0,0,0,0,0,0,0,0,0,0,0,0,0,0,0,0,0,0,0,0,0,0,0,0,0,0,0,0,0,0,0,0,0,0,0,0,0,0,0,0,0,0,0,0,0,0,0,0,0,0,0,0,0,0,0,0,0,0,0,0,0,0,0,0,0,0,0,0,0,14,0,0,0,16,0,13,0,0,0,0,0,3,0,0,1,4,0,45,0,19,0,0,0,0,0,0,0,0,0,0,0,4,0,17,0,0,0,76,0,29,0,0,0,33,0,0,0,0,0,0,0,0,0,0,0,0,0,0,0,0,0,0,0,0,0,0,0,0,0,0,0,0,0,0,55,0,0,0,73,180,19,17,1,0,0
31,0,0,0,114,0,0,0,0,0,105,0,243,225,4,3,0,0,13,53,0,0,0,1,0,0,31,363,0,0,0,0,0,0,0,0,0,0,0,0,0,155,72,84,33,66,160,277,184,37,32,41,2,0,0,0,0,0,0,0,0,0,0,0,0,0,0,0,3,0,0,0,0,0,0,0,0,0,0,0,0,0,0,0,0,0,0,0,0,0,0,0,9,0,0,0,0,0,0,0,0,0,0,0,0,0,0,0,0,0,0,0,0,0,0,0,0,0,1,0,0,0,0,0,0,0,0,0,0,0,0,0,0,0,0,0,0,0,0,0,0,0,0,0,0,0,0,0,8,0,10,0,0,0,0,0,0,0,0,0,0,0,0,0,38,0,0,0,0,0,0,0,0,0,27,0,56,95,53,0,31,0,42,0,0,0,81,3,0,0,0,0,0,0,0,0,0,0,0,0,0,0,0,0,0,0,0,0,0,0,0,115,54,0,0,0,0,21,0,14,0,0,0,0,0
0,45,0,0,0,75,0,0,0,0,0,103,52,259,0,0,0,0,35,0,9,0,0,0,0,0,185,8,0,0,0,0,0,0,0,0,1,0,0,0,155,0,31,19,116,49,231,141,21,177,20,0,0,0,0,0,0,0,0,0,0,0,1,0,0,0,0,0,0,0,0,1,0,0,0,0,0,3,0,0,0,0,0,7,0,0,0,0,0,0,0,0,0,6,0,0,0,0,0,0,0,0,0,5,0,0,0,0,0,0,0,0,0,0,0,0,0,0,0,0,0,0,0,0,0,0,0,0,0,0,0,0,0,0,0,0,0,0,0,0,0,0,0,0,0,0,0,0,0,0,0,0,0,0,0,0,0,0,0,0,0,0,0,0,0,25,0,0,0,0,0,0,0,0,0,0,0,193,0,7,0,0,0,0,0,0,52,7,0,0,0,0,0,0,0,0,0,0,0,0,0,0,0,0,0,0,0,0,0,0,0,0,0,0,0,0,0,0,0,80,22,0,0,0,36
0,0,0,0,10,0,0,0,0,0,0,0,76,0,0,0,13,0,20,0,32,0,0,0,0,0,264,118,12,0,27,0,9,0,14,0,17,0,0,0,72,31,0,10,189,22,97,92,18,4,49,7,0,0,0,0,1,0,3,0,0,0,3,0,0,0,0,0,0,0,0,0,0,0,0,0,0,0,0,0,0,0,0,0,0,0,0,0,0,0,0,0,0,0,0,0,0,0,0,0,0,0,0,0,0,0,0,0,0,0,0,0,0,0,0,0,0,0,0,0,0,0,0,0,0,0,0,0,0,0,0,0,0,0,0,0,0,0,0,0,10,0,0,0,17,0,0,0,0,0,0,0,0,0,0,0,0,0,0,0,4,0,0,0,46,3,9,0,0,0,0,0,4,0,0,0,5,0,9,0,0,0,0,0,0,0,78,0,0,0,0,0,0,0,0,0,0,0,0,0,0,0,0,0,0,0,0,0,0,0,20,65,88,5,0,0,1,3,0,6,0,0,0,0,0
1,8,0,0,0,0,0,0,0,0,0,51,24,256,0,0,0,0,15,60,0,78,0,0,0,0,75,367,0,0,0,17,0,3,0,20,0,25,0,3,84,19,10,0,31,217,98,123,0,80,9,95,0,0,0,0,0,0,0,1,0,0,0,1,0,0,0,0,0,0,0,10,0,2,0,0,0,0,0,0,0,60,0,0,0,0,0,22,0,0,0,0,0,0,0,34,0,0,0,0,0,0,0,0,0,0,0,0,0,0,0,0,0,2,0,0,0,0,0,0,0,59,0,0,0,0,0,0,0,0,0,0,0,0,0,0,0,0,0,0,0,0,0,0,0,0,0,0,0,0,0,0,0,0,0,0,0,0,0,0,0,0,0,0,0,16,0,0,0,11,0,1,0,3,0,0,0,56,0,0,0,0,0,0,0,0,6,77,0,0,0,0,0,0,0,0,0,0,0,0,0,0,0,0,0,4,0,0,0,0,0,0,0,0,20,0,0,0,51,118,131,10,0,0,4
4,0,7,0,15,0,0,0,0,0,0,0,55,77,0,0,46,0,25,0,56,0,28,0,7,0,220,133,13,0,0,0,1,0,0,0,55,0,2,0,33,116,189,31,0,46,139,171,123,45,78,11,8,0,0,0,0,0,4,3,4,0,46,0,6,0,3,0,0,0,78,0,0,0,72,0,0,0,0,0,138,0,45,0,92,0,115,0,0,0,0,0,42,0,60,0,258,0,0,0,14,0,0,0,0,0,164,1,0,0,0,0,0,0,0,0,0,0,0,0,58,0,0,0,0,0,0,0,0,0,0,0,0,0,0,0,0,0,0,2,17,0,32,0,48,0,0,0,0,0,0,0,0,0,0,0,0,0,1,0,5,0,0,0,209,14,14,0,46,0,0,0,0,0,0,0,4,33,0,0,0,0,0,0,13,0,47,0,0,0,0,0,0,0,0,0,0,0,0,0,0,0,0,0,0,0,0,0,0,0,28,112,188,0,10,0,1,39,0,9,4,0,0,0,2
0,37,0,0,0,66,0,0,0,0,0,41,51,81,9,50,0,0,25,80,15,211,0,33,0,0,58,219,0,0,0,0,0,2,0,10,0,25,0,0,66,49,22,217,46,0,86,263,13,302,18,117,0,0,0,0,0,0,0,0,0,0,0,0,0,0,0,0,0,5,0,0,0,0,0,0,0,24,0,0,0,0,0,99,0,0,0,45,0,0,0,0,0,0,0,116,0,0,0,0,0,38,0,30,0,0,0,0,0,1,0,0,0,0,0,0,0,2,0,0,0,0,0,0,0,0,0,0,0,0,0,0,0,0,0,0,0,0,0,0,0,151,0,259,0,0,3,0,0,0,0,0,0,30,0,0,0,11,0,0,0,0,0,0,0,152,0,0,0,92,0,0,0,8,0,0,0,50,0,0,0,0,0,0,0,2,11,29,0,0,0,0,0,0,0,25,0,0,0,0,0,0,0,0,0,0,0,0,0,0,0,2,0,0,0,0,0,1,26,305,368,10,5,0,198
40,0,27,0,171,0,0,0,18,0,77,0,258,136,29,0,0,0,12,0,1,0,7,0,0,0,141,279,0,0,0,0,0,0,0,1,0,0,0,0,160,231,97,98,139,86,0,399,192,80,29,39,0,0,0,0,0,0,0,0,0,0,3,0,0,0,0,0,6,0,0,0,0,0,0,0,0,0,0,0,0,0,0,0,0,0,0,0,0,0,10,0,0,0,0,0,0,0,0,0,0,0,8,0,0,0,0,0,0,0,0,0,0,0,0,0,0,0,0,0,0,0,0,0,11,0,0,0,0,0,0,0,0,0,0,0,0,0,0,0,0,1,0,0,0,0,0,0,0,0,0,0,0,0,0,0,0,0,0,0,2,0,0,0,150,0,0,0,11,10,0,0,0,0,0,0,0,104,35,0,14,0,50,0,35,0,71,0,0,0,0,0,0,0,10,0,0,0,0,0,0,0,0,0,0,0,0,0,0,0,0,247,159,0,0,0,0,75,0,20,5,0,0,0,3
0,130,0,0,0,279,0,0,0,32,0,194,169,348,15,0,0,0,89,71,31,12,0,0,0,0,369,231,0,0,0,0,0,0,0,9,0,5,0,0,277,141,92,123,171,263,399,0,54,134,66,0,0,0,0,0,0,0,0,0,0,0,0,0,0,0,0,0,0,0,0,0,0,0,0,0,0,0,0,0,0,0,0,0,0,0,0,0,0,0,0,0,0,0,0,0,0,0,0,0,0,0,0,0,0,0,0,0,0,0,0,0,0,0,0,0,0,0,0,0,0,0,0,0,0,0,0,0,0,0,0,0,0,0,0,0,0,0,0,0,0,0,0,0,0,0,0,0,0,0,0,0,0,0,0,0,0,0,0,0,0,0,0,0,0,0,0,0,0,0,0,0,0,0,0,0,0,95,0,0,0,0,0,0,0,0,68,21,0,0,0,0,0,0,0,0,0,0,0,0,0,0,0,0,0,0,0,0,0,56,0,9,0,0,0,0,0,0,0,441,69,0,0,0,112
2,0,0,0,7,0,9,1,0,1,6,0,53,0,1,0,0,0,0,0,1,0,0,0,0,0,24,0,0,0,0,0,0,0,1,0,0,0,0,0,184,21,18,0,123,13,192,54,0,80,5,0,1,0,5,1,9,0,9,0,3,0,1,0,0,0,0,0,16,0,0,0,1,0,0,0,3,1,3,0,0,0,6,3,0,0,0,0,7,0,0,0,48,0,19,0,0,0,9,0,2,0,35,0,8,0,8,0,5,0,0,0,0,1,0,0,0,0,0,0,0,0,0,0,0,0,0,0,0,0,4,0,0,0,3,0,0,0,0,0,0,1,4,0,0,0,4,0,0,0,4,0,3,0,4,0,0,0,0,0,10,0,12,0,15,0,0,0,5,1,5,0,6,0,3,0,7,21,7,0,2,2,0,0,2,0,226,0,22,0,0,0,5,0,19,0,0,0,11,0,17,0,24,0,35,0,11,0,8,0,24,48,99,7,42,1,0,33,0,18,20,0,0,0,4
0,0,0,0,0,10,0,0,0,1,0,22,0,58,0,16,0,0,1,16,0,27,0,10,0,0,25,42,0,1,0,0,0,0,0,1,0,0,0,0,37,177,4,80,45,302,80,134,80,0,0,16,0,0,0,2,0,0,0,0,0,0,0,0,0,0,0,0,0,7,0,0,0,0,0,0,0,18,0,0,0,84,0,46,0,105,0,17,0,8,0,0,0,32,0,51,0,0,0,97,0,0,0,14,0,0,0,4,0,0,0,0,0,3,0,0,0,2,0,0,0,88,0,12,0,0,0,0,0,0,0,0,0,0,0,0,0,0,0,0,0,0,0,0,0,20,0,0,0,0,0,0,0,0,0,0,0,0,0,0,0,0,0,0,0,33,0,3,0,8,0,0,0,0,0,0,0,94,0,0,0,4,0,0,0,0,34,41,0,0,0,0,0,0,0,0,0,0,0,0,0,0,0,0,0,0,0,0,0,0,0,14,3,0,0,0,0,1,76,28,24,0,0,0,43
7,0,0,0,38,26,0,0,0,0,26,0,325,100,6,0,6,0,192,112,45,0,0,0,0,0,451,188,3,0,27,0,15,0,71,3,45,0,0,0,32,20,49,9,78,18,29,66,5,0,0,10,0,0,0,0,0,0,7,2,0,0,0,0,0,0,0,0,4,0,0,0,2,0,7,0,0,0,0,0,0,0,0,0,0,0,0,0,0,0,0,0,4,0,0,0,24,0,28,0,3,0,0,0,0,0,0,0,0,0,0,0,0,0,0,0,0,0,1,0,0,0,0,0,0,0,0,0,1,0,0,0,0,0,0,0,0,0,0,0,1,0,8,0,0,0,0,0,0,0,4,0,10,0,4,1,0,0,0,0,3,0,0,0,87,0,21,0,64,0,6,0,15,0,0,0,0,20,24,0,0,0,0,0,12,0,76,7,0,0,0,0,0,0,0,0,0,0,0,0,0,0,0,0,0,0,0,0,0,0,81,201,185,18,23,0,0,0,0,0,0,0,0,0,1
0,19,0,0,5,55,0,0,0,0,0,61,29,248,0,12,0,0,19,209,9,100,0,5,0,0,67,397,0,0,0,15,0,0,0,19,0,102,0,0,41,0,7,95,11,117,39,0,0,16,10,0,0,0,0,3,0,0,0,0,0,0,0,0,0,0,0,1,0,0,0,36,0,0,0,57,0,0,0,23,0,136,0,75,0,94,0,53,0,7,0,0,0,11,0,99,0,0,0,129,0,0,0,19,0,16,0,0,0,0,0,0,0,8,0,0,0,0,0,0,0,162,0,22,0,0,0,0,0,0,0,0,0,0,0,0,0,0,0,0,0,0,0,96,0,83,0,0,0,0,0,0,0,0,0,0,0,5,0,0,0,9,0,5,0,16,0,30,0,66,0,14,0,32,0,4,0,35,0,2,0,0,0,1,0,0,7,29,0,0,0,0,0,0,0,27,0,0,0,0,0,11,0,0,0,0,0,0,0,0,0,0,0,0,56,0,0,0,132,96,93,43,10,3,3
2,0,15,0,0,0,37,26,32,122,0,0,0,0,21,0,26,7,13,0,8,0,9,0,79,16,15,0,6,0,0,0,0,0,0,0,0,0,7,0,2,0,0,0,8,0,0,0,1,0,0,0,0,55,39,161,97,13,31,107,14,0,16,54,9,8,2,129,0,0,5,0,0,0,7,0,0,0,0,0,37,0,0,0,108,0,9,0,0,0,26,0,0,0,0,0,117,0,68,0,4,0,0,0,0,0,47,0,0,0,0,0,0,0,0,0,0,0,0,0,25,0,32,0,0,1,8,0,63,0,36,0,8,0,15,0,149,0,225,0,135,0,226,0,23,0,0,0,0,0,0,0,0,0,126,12,59,2,102,0,30,4,4,0,0,0,3,0,4,0,85,0,13,0,0,0,23,3,0,0,0,0,16,0,17,7,0,0,0,0,0,0,1,0,0,0,0,0,0,0,13,0,0,0,0,0,0,0,0,0,98,410,105,168,85,0,22,0,0,0,0,0,0,0,0
0,11,0,0,0,7,5,13,49,38,0,8,0,0,0,5,0,30,0,8,0,6,0,4,1,27,0,8,0,0,0,0,0,2,0,0,0,2,0,7,0,0,0,0,0,0,0,0,0,0,0,0,55,0,59,52,18,39,124,26,0,37,6,34,0,0,52,16,0,0,0,0,0,0,0,0,0,0,0,0,0,0,0,0,0,11,0,0,0,0,0,0,0,0,0,0,0,0,0,0,0,3,0,0,0,0,0,0,0,0,0,0,0,0,0,0,0,0,0,0,0,0,0,0,0,0,0,0,0,29,0,1,0,52,0,111,0,141,0,280,0,59,0,78,0,6,0,0,0,0,0,0,0,0,12,98,9,24,0,182,0,12,0,0,0,0,0,1,0,0,0,9,0,2,0,1,4,22,0,0,0,0,0,4,0,10,0,0,0,0,0,0,0,0,0,0,0,0,0,0,0,0,0,0,0,0,0,0,0,0,0,0,0,0,55,0,0,0,49,83,24,56,6,5,0
0,12,97,0,0,0,120,66,6,339,0,0,0,0,66,0,12,23,0,0,0,0,162,0,334,36,0,0,3,0,0,0,0,0,0,0,0,0,0,0,0,0,0,0,0,0,0,0,5,0,0,0,39,59,0,193,67,0,54,27,12,0,29,113,34,0,14,125,1,0,0,0,0,0,0,0,1,0,0,0,0,0,0,0,0,0,0,0,0,0,0,0,0,0,0,0,45,0,0,0,0,0,0,0,0,0,0,0,0,0,0,0,0,0,0,0,0,0,0,0,0,0,2,0,24,0,22,0,84,0,104,0,53,0,120,0,239,0,0,0,0,0,138,0,0,0,3,0,0,0,0,0,0,0,21,0,17,0,22,0,42,0,0,0,0,0,0,0,12,0,67,0,40,0,0,0,13,17,0,0,1,0,0,0,4,0,0,0,0,0,0,0,0,0,0,0,0,0,0,0,98,0,0,0,0,0,6,0,0,0,427,238,188,381,339,0,48,0,0,0,1,0,0,0,0
0,4,0,48,0,7,31,98,356,33,1,0,0,0,0,78,0,44,0,0,0,12,0,17,5,152,0,0,0,21,0,3,0,1,0,0,0,3,0,2,0,0,0,0,0,0,0,0,1,2,0,3,161,52,193,0,16,38,224,26,0,71,62,145,0,0,116,1,0,1,0,0,0,0,0,0,0,0,0,0,0,0,0,0,0,17,0,0,0,0,0,0,0,0,0,0,0,22,0,0,0,0,0,0,0,0,0,0,0,0,0,0,0,0,0,0,0,0,0,0,0,0,0,0,0,7,0,41,0,92,0,22,0,75,0,177,2,181,1,62,0,9,0,19,0,0,0,0,0,0,0,0,0,0,18,22,23,28,0,37,0,9,0,19,0,2,0,0,0,9,0,188,0,62,0,0,18,14,0,0,0,0,0,0,0,3,0,0,0,0,0,0,0,0,0,0,0,0,0,0,0,0,0,0,0,0,0,0,0,48,0,0,0,0,706,0,1,0,768,138,375,535,44,126,0
0,0,0,0,3,0,18,0,3,0,0,0,0,0,0,0,0,0,0,0,0,0,0,0,17,0,0,0,0,0,0,0,0,0,0,0,6,0,2,0,0,0,1,0,0,0,0,0,9,0,0,0,97,18,67,16,0,0,146,0,0,0,3,8,18,38,9,64,0,0,0,0,0,0,0,0,2,0,0,0,0,0,0,0,0,0,0,0,0,0,0,0,0,0,0,0,0,0,0,0,0,0,0,0,0,0,0,0,0,0,0,0,0,0,0,0,0,0,0,0,0,0,0,0,25,0,20,0,49,0,131,0,10,0,0,0,37,0,11,0,0,0,0,0,2,0,0,0,8,0,10,0,0,0,55,36,7,0,55,0,82,0,44,0,0,0,24,0,15,0,117,0,18,0,0,0,4,0,0,0,0,7,0,0,0,14,0,0,0,0,0,0,0,0,0,0,0,0,0,0,16,0,0,0,0,0,0,0,6,0,485,108,324,563,534,3,67,6,0,0,0,0,0,0,0
0,1,0,0,0,0,0,10,0,6,0,0,0,0,0,0,0,15,0,0,0,0,0,2,0,26,1,0,0,2,0,0,0,3,0,0,0,0,0,0,0,0,0,0,0,0,0,0,0,0,0,0,13,39,0,38,0,0,0,93,0,8,0,16,0,0,35,3,0,0,0,0,0,0,0,0,0,0,0,0,0,0,0,0,0,0,0,0,0,0,0,0,0,3,0,0,0,0,0,0,0,0,0,0,0,0,0,0,0,0,0,0,0,0,0,0,0,0,0,0,0,0,0,0,0,0,0,0,0,114,0,8,0,65,0,33,0,54,0,73,0,6,0,5,0,0,0,0,0,0,0,0,0,0,17,43,0,0,0,97,0,20,0,0,0,1,0,0,0,12,0,227,0,7,0,0,0,0,0,0,0,0,0,0,0,4,0,0,0,0,0,0,0,0,0,0,0,0,0,4,0,0,0,0,0,0,0,0,0,27,1,0,0,0,193,0,0,0,220,48,244,232,34,51,0
5,0,0,0,0,0,7,0,69,0,0,0,0,0,0,0,1,2,0,0,0,0,0,0,5,0,0,0,0,0,0,0,0,0,2,0,9,0,0,0,0,0,3,0,4,0,0,0,9,0,7,0,31,124,54,224,146,0,0,281,6,0,0,64,186,69,67,500,0,0,0,0,0,0,0,0,0,0,0,0,0,0,0,0,0,0,0,0,0,0,0,0,0,0,0,0,0,0,0,0,0,0,0,0,0,0,0,0,0,0,0,0,0,0,0,0,0,0,0,0,0,0,0,0,25,0,33,0,20,0,113,0,18,0,18,0,0,0,0,0,0,0,0,0,2,3,5,0,9,3,6,0,0,0,30,90,53,0,5,22,50,0,0,0,8,0,17,0,14,0,77,0,47,0,0,4,139,7,0,0,0,5,0,0,55,37,0,0,0,0,0,0,0,0,0,0,0,0,0,0,0,0,0,0,0,0,0,0,21,0,1128,417,300,749,778,0,49,0,1,0,3,0,0,0,0
0,1,2,4,0,0,0,37,0,41,0,3,0,0,0,2,0,0,0,0,0,2,0,0,0,3,2,0,0,0,0,0,0,0,0,0,3,0,0,0,0,0,0,1,3,0,0,0,0,0,2,0,107,26,27,26,0,93,281,0,0,26,0,8,0,83,235,46,0,0,0,0,0,0,0,0,0,0,0,0,0,0,0,0,0,0,0,0,0,0,0,0,0,0,0,0,0,0,0,0,0,0,0,0,0,2,0,2,0,0,0,0,0,0,0,0,0,0,0,0,0,0,0,0,0,22,0,0,0,22,0,62,0,15,0,0,0,10,0,6,0,2,0,0,18,0,0,0,0,11,0,0,0,0,117,86,42,89,12,50,15,20,0,9,0,1,0,2,0,18,0,196,1,27,0,25,12,0,0,0,0,14,0,0,26,17,0,0,0,0,0,0,0,0,0,0,0,0,0,0,0,0,0,0,0,0,0,0,0,0,0,2,0,0,771,0,0,0,1170,323,470,602,305,91,0
201,0,131,1,0,0,89,8,29,8,4,0,0,0,0,0,28,6,0,0,2,0,32,0,95,16,0,0,1,0,0,0,6,0,5,0,52,0,9,0,0,0,0,0,4,0,0,0,3,0,0,0,14,0,12,0,0,0,6,0,0,0,11,2,0,0,0,3,0,0,11,0,2,0,0,0,0,0,0,0,0,0,0,0,0,0,0,0,0,0,0,0,1,0,0,0,0,0,0,0,1,0,0,0,0,0,0,0,0,0,0,0,0,0,0,0,0,0,0,0,0,0,0,0,0,0,0,0,0,0,0,0,2,0,0,0,13,0,180,0,122,0,0,0,223,0,0,0,2,0,0,0,0,0,37,0,127,0,5,0,0,1,19,0,0,0,2,0,0,0,73,0,122,0,0,0,31,5,0,0,2,0,38,0,0,0,0,0,0,0,0,0,0,0,0,0,0,0,0,0,0,0,0,0,0,0,0,0,0,0,104,198,125,82,46,0,0,0,0,0,0,0,0,0,0
0,109,0,0,0,4,0,227,0,253,0,0,0,0,0,0,0,15,0,0,0,0,0,0,11,47,0,10,0,56,0,0,0,0,0,7,0,14,0,28,0,0,0,0,0,0,0,0,0,0,0,0,0,37,0,71,0,8,0,26,0,0,2,78,0,0,0,11,0,0,0,0,0,0,0,2,0,0,0,0,0,0,0,0,0,0,0,0,0,0,0,0,0,0,0,0,0,0,0,0,0,0,0,0,0,0,0,0,0,0,0,0,0,0,0,0,0,0,0,0,0,0,0,0,0,0,0,0,0,0,0,0,0,0,0,6,0,0,0,109,0,159,0,41,0,155,0,0,0,0,0,0,0,0,2,9,0,168,0,82,0,0,0,3,0,2,0,0,0,1,0,82,0,40,0,0,0,114,0,8,0,0,0,36,0,0,0,0,0,0,0,0,0,0,0,0,0,0,0,0,0,0,0,0,0,0,0,0,0,0,0,0,0,0,71,0,0,0,84,190,57,81,1,14,2
152,49,149,0,4,0,276,99,47,151,3,0,0,0,35,0,266,29,32,0,67,0,49,7,110,138,42,0,33,0,2,1,3,0,0,0,6,0,2,1,0,1,3,0,46,0,3,0,1,0,0,0,16,6,29,62,3,0,0,0,11,2,0,24,0,4,0,10,0,0,64,0,0,0,73,0,0,0,0,0,165,0,0,0,141,0,102,0,0,0,0,0,0,0,0,0,0,0,224,0,0,0,0,0,4,0,0,0,0,0,0,0,0,0,0,0,0,0,0,0,149,0,104,0,0,0,0,0,0,1,0,0,0,0,8,0,0,0,249,0,139,0,158,0,54,0,0,0,0,0,0,0,0,0,35,0,32,0,14,0,0,0,0,0,0,0,0,0,0,0,5,0,8,0,0,0,52,15,0,0,0,0,28,0,5,0,0,0,0,0,0,0,0,0,0,0,0,0,0,0,0,0,0,0,0,0,0,0,0,0,89,494,28,40,18,0,4,0,4,0,0,1,0,0,0
0,10,0,0,0,2,34,125,135,171,0,0,0,0,0,14,0,106,0,21,0,50,0,34,6,36,0,10,0,29,0,18,0,7,0,0,0,6,0,18,0,0,0,1,0,0,0,0,0,0,0,0,54,34,113,145,8,16,64,8,2,78,24,0,0,0,21,3,0,0,0,0,0,1,0,0,0,0,0,0,0,0,0,0,0,0,0,0,0,0,0,1,0,0,0,0,0,0,0,0,0,0,0,0,0,0,0,0,0,0,0,0,0,0,0,0,0,0,0,0,0,1,0,1,0,0,0,0,0,8,0,0,0,16,0,19,0,51,0,168,0,60,0,25,0,7,1,0,0,0,0,0,0,0,1,24,0,20,0,28,0,3,0,0,0,0,0,0,0,0,0,13,0,4,0,0,6,82,0,0,0,0,0,36,0,3,0,0,0,0,0,0,0,0,0,0,0,0,0,0,0,2,0,0,0,0,0,0,0,0,0,0,0,0,50,0,0,0,51,97,20,50,0,4,0
50,0,25,0,11,0,59,0,102,0,2,0,5,0,0,0,0,0,0,0,3,0,0,0,0,0,0,0,0,0,0,0,0,0,3,0,5,0,0,0,0,0,0,0,6,0,0,0,0,0,0,0,9,0,34,0,18,0,186,0,0,0,0,0,0,72,192,40,0,0,0,0,0,0,0,0,0,0,0,0,0,0,0,0,0,0,0,0,0,0,0,0,0,0,0,0,0,0,0,0,0,0,0,0,0,0,0,0,0,0,0,0,0,0,0,0,0,0,0,0,0,0,0,0,27,0,10,0,0,0,34,0,0,0,2,0,0,0,9,43,0,0,0,0,56,9,40,0,106,0,12,0,3,0,3,51,0,1,0,43,296,101,0,0,0,0,0,0,0,0,3,0,3,0,4,3,73,0,0,0,141,36,3,0,82,11,0,0,1,0,0,0,0,0,0,0,0,0,0,0,0,0,0,0,0,0,0,0,6,0,126,39,0,0,73,0,0,0,0,0,0,0,0,0,0
0,21,0,0,0,0,0,2,0,208,0,9,0,0,0,0,0,0,0,0,0,0,0,0,0,0,0,0,0,0,0,0,0,0,0,0,0,0,0,0,0,0,0,0,0,0,0,0,0,0,0,0,8,0,0,0,38,0,69,83,0,0,4,0,72,0,64,316,0,0,0,0,0,5,0,0,0,0,0,0,0,0,0,0,0,0,0,0,0,0,0,0,0,0,0,0,0,0,0,0,0,0,0,0,0,0,0,0,0,0,0,0,0,0,0,0,0,0,0,0,0,0,0,0,0,139,0,24,0,3,0,120,0,13,0,0,0,0,39,13,0,0,0,0,36,10,0,43,15,139,0,14,0,46,29,4,6,6,35,3,93,332,0,4,0,0,0,0,0,0,0,0,0,0,0,36,4,0,0,0,5,169,0,0,5,47,0,0,0,0,0,1,0,0,0,0,0,0,0,0,0,0,0,0,0,0,0,0,0,11,0,0,0,0,48,0,0,0,62,67,16,0,0,0,0
13,0,3,0,4,0,43,0,134,0,0,0,0,0,0,0,0,0,0,0,0,0,0,0,0,1,0,0,0,0,0,0,0,0,1,0,2,0,0,0,0,0,0,0,3,0,0,0,0,0,0,0,2,52,14,116,9,35,67,235,0,0,0,21,192,64,0,242,0,0,0,0,0,0,0,0,0,0,0,0,0,0,0,0,0,0,0,0,0,0,0,0,0,0,0,0,0,0,0,0,0,0,0,0,0,0,0,0,0,0,0,0,0,0,0,0,0,0,0,0,0,0,0,0,18,0,0,0,0,0,23,0,0,0,0,0,0,0,0,0,0,0,0,0,4,1,0,0,48,2,0,0,0,0,0,73,7,0,0,40,88,16,0,0,0,0,1,0,0,0,0,0,0,0,0,4,186,0,0,0,0,0,0,0,304,21,0,0,0,0,0,0,0,0,0,0,0,0,0,0,0,0,0,0,0,0,0,0,0,0,143,114,0,0,87,0,0,0,0,0,0,0,0,0,0
0,5,0,0,0,0,6,16,128,13,0,0,0,0,0,0,0,0,0,0,0,0,1,0,0,0,1,0,0,0,0,0,0,0,0,0,0,0,0,0,0,0,0,0,0,0,0,0,0,0,0,1,129,16,125,1,64,3,500,46,3,11,10,3,40,316,242,0,0,0,0,0,0,1,0,0,0,1,0,0,0,0,0,0,0,0,0,0,0,0,0,0,0,0,0,0,0,0,0,0,0,0,0,0,0,0,0,3,0,0,0,0,0,0,0,0,0,0,0,0,0,0,0,0,0,22,0,0,0,1,0,75,0,10,0,7,0,0,11,0,1,0,0,0,12,4,0,0,0,71,0,0,0,7,132,49,46,45,34,10,26,37,0,0,0,0,0,0,0,0,0,19,0,4,0,91,45,23,0,0,0,35,0,1,27,305,0,0,0,0,0,0,0,0,0,0,0,0,0,1,0,0,0,1,0,0,0,0,0,5,3,0,0,0,174,0,0,0,291,162,61,146,65,9,0
0,0,0,0,0,0,0,0,0,0,0,0,0,0,0,0,0,1,0,0,0,0,0,0,0,0,0,0,0,0,0,0,0,0,0,0,0,0,0,0,3,0,0,0,0,0,6,0,16,0,4,0,0,0,1,0,0,0,0,0,0,0,0,0,0,0,0,0,0,0,0,0,15,0,4,0,58,0,29,0,7,0,17,0,0,0,9,0,9,0,0,0,72,0,12,0,0,0,0,0,16,1,128,0,0,0,60,0,176,0,18,0,8,0,21,0,11,0,1,0,0,0,0,0,0,0,0,0,0,0,0,0,0,0,0,0,0,0,0,0,0,0,0,0,0,0,3,0,0,0,0,0,7,0,0,0,0,0,0,0,0,0,0,0,32,0,0,0,107,0,2,0,0,0,0,0,0,0,0,0,4,2,0,0,0,0,0,0,62,0,0,0,0,0,44,0,1,0,0,0,0,0,0,0,72,0,0,0,0,0,41,16,139,10,13,36,134,7,0,0,0,0,0,0,0
0,0,0,0,0,0,0,0,0,0,0,0,0,0,0,0,0,0,0,0,0,0,0,0,0,0,0,0,0,0,0,0,0,0,0,0,0,0,0,0,0,0,0,0,0,5,0,0,0,7,0,0,0,0,0,1,0,0,0,0,0,0,0,0,0,0,0,0,0,0,0,0,0,2,0,0,0,17,0,0,0,0,0,28,0,0,0,1,0,43,0,0,0,29,0,10,0,0,0,0,0,3,0,138,0,0,0,0,0,37,0,4,0,4,0,16,0,17,0,0,0,0,0,0,0,0,0,0,0,0,0,1,0,0,0,0,0,0,0,0,0,0,0,0,0,0,0,0,0,0,0,0,0,0,0,0,0,0,0,0,0,0,0,0,0,30,0,0,0,10,0,2,0,0,0,0,0,3,0,0,0,0,0,0,0,0,0,0,0,5,0,1,0,0,0,10,0,0,0,0,0,2,0,0,0,0,0,0,0,0,0,0,0,0,2,0,0,0,7,12,80,1,11,17,5
0,0,3,0,2,0,0,0,0,0,0,0,0,0,0,0,48,0,0,0,48,0,0,0,0,0,0,0,92,0,21,0,11,0,44,0,97,0,0,0,0,0,0,0,78,0,0,0,0,0,0,0,5,0,0,0,0,0,0,0,11,0,64,0,0,0,0,0,0,0,0,0,215,0,255,0,7,0,133,0,0,0,0,0,0,0,14,0,0,0,0,0,0,0,0,0,0,0,0,0,0,0,0,0,0,0,0,0,0,0,0,0,0,0,0,0,0,0,0,0,52,0,15,0,0,0,18,0,19,0,20,0,9,0,47,0,22,0,0,0,104,0,69,0,140,0,0,3,0,0,29,0,22,4,0,0,5,0,0,0,0,0,145,0,0,0,2,0,30,0,36,0,16,0,13,0,0,0,0,0,29,0,0,0,0,0,0,0,0,0,0,0,0,0,0,0,0,0,0,0,0,0,0,0,3,0,0,0,37,0,49,0,23,3,3,0,1,0,0,0,0,0,0,0,0
0,0,0,1,0,0,0,0,0,1,0,0,0,0,0,0,0,1,0,0,0,7,0,3,0,0,0,0,0,0,0,0,0,0,0,0,0,4,0,0,0,1,0,10,0,0,0,0,0,0,0,36,0,0,0,0,0,0,0,0,0,0,0,0,0,0,0,0,0,0,0,0,0,149,0,281,0,13,0,8,0,7,0,0,0,0,0,82,0,0,0,0,0,0,0,0,0,0,0,0,0,0,0,0,0,0,0,0,0,0,0,0,0,0,0,0,0,0,0,0,0,0,0,53,0,49,0,0,0,5,0,31,0,16,0,0,0,0,0,15,1,45,0,0,0,116,0,0,4,46,0,0,0,0,0,0,0,0,0,0,0,0,0,21,0,0,0,0,0,0,0,8,0,13,0,17,0,0,0,0,0,31,0,0,0,0,0,0,0,0,0,0,0,0,0,0,0,0,0,0,0,0,0,0,0,0,0,0,0,21,0,0,0,0,0,0,0,0,11,0,0,0,0,0,0
0,0,0,0,0,0,0,0,1,0,0,0,0,0,0,0,0,0,0,0,0,0,0,0,0,0,11,0,0,0,5,0,0,0,0,0,15,0,0,0,0,0,0,0,0,0,0,0,1,0,2,0,0,0,0,0,0,0,0,0,2,0,0,0,0,0,0,0,15,0,215,0,0,0,96,0,54,0,104,0,2,0,20,0,0,0,16,0,0,0,0,0,0,0,0,0,0,0,0,0,0,0,3,0,0,0,0,0,0,0,0,0,0,0,0,0,0,0,0,0,38,0,6,0,27,0,41,0,8,0,10,0,17,0,114,0,25,0,6,0,49,0,85,0,60,0,15,0,14,0,78,0,0,0,0,0,0,0,0,0,0,0,63,0,0,0,0,0,40,0,4,0,2,0,5,0,0,0,0,0,0,4,0,0,2,0,0,0,0,0,0,0,0,0,5,0,0,0,65,0,54,0,0,0,43,0,121,0,133,0,286,5,53,7,30,1,0,0,0,0,0,0,0,0,0
0,0,0,0,0,0,0,0,0,0,0,0,0,0,0,0,0,0,0,0,0,0,0,0,0,0,0,0,0,0,0,0,0,0,0,0,0,0,0,0,0,0,0,2,0,0,0,0,0,0,0,0,0,0,0,0,0,0,0,0,0,0,0,1,0,5,0,1,0,2,0,149,0,0,0,147,0,82,0,33,0,15,0,20,0,57,0,190,0,0,0,0,2,0,0,5,0,0,0,0,0,0,0,0,0,0,0,0,0,0,0,0,0,1,0,0,0,0,0,0,0,41,0,53,0,56,0,76,0,0,0,41,0,27,0,187,0,0,0,20,0,26,0,42,0,82,0,0,0,44,0,69,0,0,0,0,0,0,1,0,6,0,0,25,0,0,0,0,0,5,0,8,0,5,0,0,0,1,0,0,0,0,0,0,0,3,0,0,0,45,0,0,0,0,0,15,0,0,0,0,0,83,0,0,0,54,0,223,0,0,0,0,0,0,0,0,0,0,157,2,20,0,0,0,0
0,0,2,0,0,0,0,0,0,0,0,0,0,0,15,0,80,0,19,0,50,0,0,0,0,0,0,0,90,0,0,0,12,0,34,0,64,0,0,0,0,0,0,0,72,0,0,0,0,0,7,0,7,0,0,0,0,0,0,0,0,0,73,0,0,0,0,0,4,0,255,0,96,0,0,0,8,0,125,0,25,0,34,0,24,0,66,0,0,0,2,0,0,0,0,0,10,0,7,0,0,0,0,0,0,0,0,0,0,0,0,0,0,0,0,0,0,0,0,0,136,0,51,0,0,0,0,0,11,0,22,0,2,0,42,0,5,0,12,4,97,4,84,0,159,0,0,0,0,0,22,0,59,0,2,0,0,0,0,0,1,0,76,0,0,0,0,0,66,0,0,0,0,0,22,0,0,0,0,0,43,20,0,0,0,0,0,0,0,0,0,0,0,0,0,0,0,0,0,0,25,0,32,0,0,0,0,0,35,0,61,0,27,0,0,0,0,0,0,0,0,0,0,0,0
0,0,0,0,0,0,0,0,0,0,0,0,0,0,0,0,0,0,0,0,0,0,0,0,0,0,0,25,0,0,0,0,0,0,0,0,0,0,0,0,0,0,0,0,0,0,0,0,0,0,0,57,0,0,0,0,0,0,0,0,0,2,0,0,0,0,0,0,0,0,0,281,0,147,0,0,0,12,0,59,0,11,0,0,0,0,0,124,0,0,0,0,0,0,0,4,0,0,0,5,0,0,0,0,0,0,0,0,0,0,0,0,0,0,0,0,0,0,0,0,0,85,0,75,0,80,0,0,18,6,0,0,0,0,0,39,6,0,13,0,0,98,0,29,0,261,0,0,0,0,0,26,0,53,0,0,0,0,0,0,0,0,0,58,0,0,0,0,0,3,0,0,0,0,0,26,0,0,0,0,0,83,0,0,0,0,0,0,0,0,0,0,0,0,0,0,0,0,0,0,0,0,0,0,0,0,0,0,0,49,0,0,0,0,0,0,0,0,34,0,6,2,0,0,0
1,0,0,0,0,0,0,0,1,0,0,0,0,0,0,0,0,0,0,0,0,0,0,0,0,0,0,0,0,0,0,0,0,0,0,0,0,0,0,0,0,0,0,0,0,0,0,0,3,0,0,0,0,0,1,0,2,0,0,0,0,0,0,0,0,0,0,0,58,0,7,0,54,0,8,0,0,0,31,0,2,0,21,0,0,0,20,0,3,0,0,0,73,0,16,0,24,0,0,0,0,0,39,0,21,0,15,0,15,0,1,0,0,0,0,0,0,0,0,0,0,0,0,0,0,0,0,0,0,0,0,0,0,0,0,0,0,0,1,2,0,0,0,0,0,0,0,0,0,0,0,0,0,1,0,0,1,0,0,0,0,0,4,0,9,0,0,0,22,0,0,0,0,0,0,0,0,0,0,0,0,0,0,0,0,0,0,0,42,0,0,0,12,0,16,0,0,0,0,0,24,0,0,0,0,0,0,0,6,0,55,3,81,0,18,6,2,0,0,0,0,0,0,0,0
0,0,0,0,0,0,0,0,0,0,0,0,0,0,0,0,0,0,0,0,0,0,0,0,0,0,0,0,0,0,0,0,0,0,0,0,0,0,0,0,0,3,0,0,0,24,0,0,1,18,0,0,0,0,0,0,0,0,0,0,0,0,0,0,0,0,0,1,0,17,0,13,0,82,0,12,0,0,0,7,0,87,0,323,0,57,0,225,0,113,0,9,0,157,0,249,0,0,0,40,1,11,0,123,0,36,0,50,0,17,0,3,0,8,0,0,0,19,0,0,0,19,0,0,0,0,0,0,0,0,0,5,0,0,0,53,0,0,0,0,0,0,2,14,0,8,0,20,0,0,0,0,0,0,0,0,0,0,0,0,0,3,0,3,0,26,0,0,0,31,0,2,0,0,0,0,0,4,0,0,0,0,0,0,0,0,0,0,0,127,0,0,0,0,0,102,0,5,0,0,0,64,0,0,0,106,0,0,0,0,0,0,0,0,19,0,0,0,134,27,202,0,22,3,5
0,0,0,0,0,0,0,0,0,0,0,0,0,0,0,0,0,0,0,0,36,0,0,0,0,0,0,0,38,0,0,0,11,0,0,0,0,0,0,0,0,0,0,0,0,0,0,0,3,0,0,0,0,0,0,0,0,0,0,0,0,0,0,0,0,0,0,0,29,0,133,0,104,0,125,0,31,0,0,0,8,0,102,0,37,0,33,0,0,0,0,0,96,0,20,0,29,0,11,0,0,0,18,0,0,0,19,0,1,0,0,0,0,0,0,0,0,0,0,0,91,0,28,0,0,0,0,0,17,0,12,0,0,0,0,0,7,0,4,0,40,5,119,0,41,1,0,0,24,0,0,0,12,0,1,0,0,0,0,0,0,0,23,0,9,0,0,0,54,0,0,0,0,0,0,0,0,0,0,0,0,0,0,0,0,0,0,0,58,0,0,0,0,0,15,0,0,0,170,0,140,0,0,0,180,0,0,0,65,0,412,10,122,0,67,6,3,2,0,0,0,0,0,0,0
