0,510,34,193,51,0,8,278,48,147,47,0,66,0,43,43,68,291,0,0,0,0,25,92,11,335,31,0,71,7,0,0,52,0,0,0,36,0,240,4,36,0,0,0,0,0,32,0,5,0,0,0,14,0,3,111,0,0,0,0,77,0,55,34,14,0,4,0,0,0,0,0,0,0,0,0,1,0,0,0,0,0,0,0,0,0,0,0,0,0,2,0,0,0,0,0,0,0,0,0,0,0,0,0,0,0,0,0,0,0,0,0,0,0,0,0,0,0,0,0,0,0,0,0,24,0,7,0,0,0,19,0,0,0,12,0,0,0,0,0,0,0,0,0,0,0,0,0,50,0,19,0,8,0,0,0,0,0,0,0,3,0,0,0,4,0,0,0,77,0,23,0,287,0,4,0,425,192,9,0,0,0,28,0,48,0,2,0,0,0,0,0,0,0,0,0,5,0,0,0,0,0,0,0,0,0,0,0,21,0,236,205,121,0,58,0,4,0,0,0,0,0,0,0,0
510,0,484,36,111,195,112,20,0,35,112,174,0,95,0,10,184,68,0,41,27,0,417,30,225,44,0,56,14,160,0,13,0,214,0,0,0,317,0,489,0,19,0,0,0,26,0,46,0,14,0,0,5,0,0,28,0,7,0,3,0,46,31,52,0,37,0,2,0,0,0,0,0,0,0,0,0,0,0,0,0,0,0,0,0,0,0,0,0,0,0,0,0,0,0,0,0,0,0,0,0,0,0,0,0,0,0,0,0,0,0,0,0,0,0,0,0,0,0,0,0,0,0,0,0,0,0,0,0,0,0,0,1,0,0,113,0,38,0,0,0,0,0,0,0,0,0,0,0,27,0,101,0,133,0,0,0,0,0,0,0,0,0,0,0,11,0,11,0,71,0,32,0,400,0,0,276,485,0,7,0,0,24,19,0,82,0,3,0,0,0,0,0,0,0,0,0,0,0,14,0,36,0,0,0,0,0,61,0,62,0,0,0,0,157,0,0,0,535,386,264,0,8,9,0
34,484,0,0,94,0,33,0,38,35,33,65,63,0,165,83,44,199,42,0,63,0,264,121,170,235,56,0,135,16,0,0,0,0,0,0,0,0,404,0,24,0,0,0,8,0,0,0,6,0,0,0,25,0,59,26,6,0,15,0,95,0,110,0,15,0,0,0,0,0,0,0,0,0,0,0,0,0,0,0,0,0,0,0,0,0,0,0,0,0,0,0,0,0,0,0,0,0,0,0,0,0,0,0,0,0,0,0,0,0,0,0,0,0,0,0,0,0,0,0,0,0,0,0,47,0,36,0,0,0,82,0,8,0,119,0,38,0,0,0,4,0,0,0,0,0,0,0,86,0,31,0,5,0,0,0,0,0,0,0,16,0,0,0,0,0,0,0,75,0,0,0,424,0,0,0,77,135,3,0,0,0,5,0,19,0,0,0,0,0,0,0,0,0,2,0,0,0,29,0,31,0,0,0,0,0,0,0,109,0,647,189,246,0,193,4,0,0,0,0,0,0,0,0,0
193,36,0,0,50,158,0,39,0,11,95,14,0,17,13,143,46,72,0,63,19,65,130,131,0,110,0,21,0,216,0,0,0,239,0,0,0,240,0,400,0,0,0,0,0,4,0,0,0,0,0,0,0,0,0,113,0,12,0,0,0,0,0,12,0,0,0,0,0,0,1,0,0,0,0,0,0,0,0,0,0,0,0,0,0,0,0,0,0,0,0,0,0,0,0,0,0,0,0,0,1,0,0,0,1,0,0,0,0,0,0,0,0,0,0,0,0,0,0,0,0,0,0,0,0,0,0,0,0,0,0,22,0,0,0,237,0,147,0,0,0,0,0,0,0,0,0,0,0,0,0,0,0,0,0,15,0,0,0,23,0,0,0,0,0,0,0,0,0,27,0,14,0,272,0,0,57,41,0,2,0,0,0,0,0,0,0,0,0,0,0,0,0,0,0,0,0,0,1,0,0,0,0,2,0,0,0,30,0,109,0,0,0,0,184,0,0,0,613,112,287,0,0,0,0
51,111,94,50,0,218,8,0,28,0,121,169,348,73,115,462,20,27,117,188,176,48,124,162,5,0,179,0,27,5,225,0,336,0,118,0,239,0,86,0,106,0,5,0,38,0,94,0,0,0,35,0,4,0,0,0,0,0,0,0,3,0,0,0,18,0,0,0,0,0,0,0,0,0,0,0,0,0,0,0,0,0,0,0,0,0,0,0,0,0,0,0,0,0,0,0,0,0,0,0,0,0,0,0,0,0,0,0,0,0,0,0,0,0,0,0,0,0,0,0,0,0,0,0,0,0,9,0,0,0,15,0,0,0,44,0,0,0,0,0,0,0,0,0,0,0,32,0,67,0,44,0,24,0,0,0,0,0,0,0,0,0,0,0,0,0,290,0,95,0,4,0,160,0,7,0,399,268,155,10,0,0,49,0,36,0,0,0,0,0,0,0,0,0,0,0,9,0,24,0,13,0,0,0,0,0,0,0,44,0,608,404,453,0,133,5,2,0,0,0,0,0,0,0,0
0,195,0,158,218,0,0,13,0,14,112,165,109,176,328,201,0,0,403,157,125,296,108,94,0,22,0,191,0,0,0,160,0,304,0,170,0,179,0,0,0,20,0,0,0,33,0,84,0,3,1,18,0,0,0,24,0,0,0,0,0,0,0,0,0,28,0,0,0,0,0,0,0,0,0,0,0,0,0,0,0,0,0,0,0,0,0,0,0,0,0,0,0,0,0,0,0,0,0,0,0,0,0,0,0,0,0,0,0,0,0,0,0,0,0,0,0,0,0,0,0,0,0,0,0,0,0,3,0,0,0,0,0,0,0,196,0,71,0,0,0,0,0,0,0,0,0,0,0,0,0,106,0,134,0,0,0,0,0,0,0,0,0,0,0,0,0,108,0,90,0,19,0,0,0,0,84,300,0,20,0,0,0,12,0,67,0,0,0,0,0,0,0,0,0,0,0,0,0,0,0,57,0,0,0,0,0,53,0,97,0,0,0,0,130,0,0,0,725,412,474,0,11,0,0
8,112,33,0,8,0,0,0,50,510,4,0,8,0,0,0,6,0,0,0,0,0,24,0,138,76,0,0,0,0,0,0,0,0,0,0,0,0,0,0,0,0,0,0,0,0,0,0,38,0,0,0,278,69,256,341,27,0,25,0,443,0,406,61,16,0,53,80,0,0,0,0,0,0,0,0,0,0,0,0,0,0,0,0,0,0,0,0,0,0,0,0,0,0,0,0,0,0,0,0,0,0,1,0,0,0,0,0,0,0,0,0,0,0,0,0,0,0,0,0,0,0,0,0,59,0,30,0,4,0,213,0,11,0,19,0,16,0,0,0,0,0,43,0,0,0,5,0,69,0,0,0,0,0,16,0,21,0,15,0,52,0,5,0,13,0,0,0,78,0,384,0,200,0,0,0,58,73,0,0,0,0,0,0,8,21,0,0,0,0,0,0,0,0,0,0,2,0,7,0,10,0,0,0,0,0,0,0,75,0,841,152,388,0,391,3,137,0,0,0,0,0,0,0,0
278,20,0,39,0,13,0,0,163,66,2,3,0,4,0,30,0,28,0,3,0,0,0,21,153,47,0,3,0,52,0,0,0,13,0,0,0,81,0,352,0,0,0,0,0,0,0,4,1,0,0,0,26,13,0,285,0,12,0,4,0,211,58,179,0,0,0,6,0,0,0,0,0,0,0,0,0,0,0,0,0,1,0,0,0,0,0,0,0,0,0,1,0,0,0,0,0,0,0,0,1,0,0,5,0,0,0,0,0,0,0,0,0,0,0,0,0,0,0,0,0,0,0,0,0,18,0,7,0,1,0,39,0,0,0,0,0,22,0,0,0,0,0,0,0,0,0,0,0,5,0,11,0,4,0,0,0,0,0,4,0,0,0,0,0,3,0,0,0,55,0,88,0,183,0,0,81,37,0,0,0,0,9,4,0,0,0,0,0,0,0,0,0,0,0,0,0,0,0,0,0,0,0,0,0,0,0,38,0,75,0,0,0,0,491,0,0,0,574,138,251,313,7,37,0
48,0,38,0,28,0,50,163,0,437,31,0,16,0,21,0,0,0,0,0,0,0,0,0,7,0,21,0,0,0,0,0,0,0,0,0,0,0,12,0,9,0,0,0,5,0,0,0,11,0,0,0,111,104,12,351,8,44,45,65,147,0,155,52,99,0,100,119,0,0,0,0,0,0,0,0,1,0,0,0,0,0,0,0,0,0,0,0,0,0,0,0,0,0,0,0,0,0,0,0,0,0,0,0,0,0,0,0,0,0,0,0,0,0,0,0,0,0,0,0,0,0,0,0,46,0,11,0,0,0,90,0,0,0,0,0,0,0,0,0,0,0,0,0,0,0,11,0,126,0,19,0,11,0,7,0,0,0,1,0,42,0,4,0,0,0,0,0,0,0,123,0,84,0,0,0,313,60,4,0,0,0,21,0,200,58,0,0,0,0,0,0,0,0,0,0,6,0,7,0,0,0,0,0,5,0,0,0,37,0,218,81,163,0,76,0,33,0,0,0,3,0,0,0,0
147,35,35,11,0,14,510,66,437,0,0,58,0,0,0,0,0,7,0,0,0,0,0,0,236,3,0,12,0,0,0,0,0,5,0,0,0,0,0,44,0,0,0,0,0,0,0,0,0,2,0,3,145,80,137,162,0,24,0,84,0,264,125,258,0,192,17,292,0,1,0,0,0,0,0,0,0,0,0,0,0,0,0,2,0,0,0,0,0,0,0,0,0,0,0,0,0,0,0,0,2,0,0,1,0,0,0,0,0,0,0,0,0,0,0,0,0,0,0,0,0,0,0,0,0,46,0,43,0,0,0,62,0,0,0,21,0,10,0,0,0,0,0,0,0,0,0,97,0,109,0,159,0,51,3,0,3,0,0,6,0,12,0,0,0,5,0,0,2,43,7,272,0,100,0,0,224,287,0,1,1,0,0,23,0,117,0,0,0,1,0,3,0,0,0,0,0,0,0,0,0,14,0,0,0,0,0,97,0,108,0,0,0,0,265,0,0,0,539,255,334,173,24,41,0
47,112,33,95,121,112,4,2,31,0,0,81,196,0,41,304,0,42,13,0,70,0,18,230,0,0,97,0,44,0,102,0,289,0,0,0,132,0,85,0,71,0,0,0,32,0,117,0,8,0,0,0,3,0,0,0,0,0,0,0,0,0,0,0,15,0,0,0,0,0,0,0,0,0,0,0,0,0,0,0,0,0,0,0,0,0,0,0,0,0,0,0,0,0,0,0,0,0,0,0,0,0,0,0,0,0,0,0,0,0,0,0,0,0,0,0,0,0,0,0,0,0,0,0,0,0,3,0,0,0,16,0,0,0,0,0,0,0,0,0,0,0,0,0,0,0,0,0,37,1,0,0,13,0,0,0,0,0,0,0,0,0,0,0,13,0,199,0,66,0,8,0,107,0,0,0,354,191,100,0,30,0,27,0,10,0,6,0,0,0,0,0,0,0,0,0,0,0,0,0,0,0,0,0,0,0,0,0,24,0,189,127,148,0,0,0,1,1,0,0,0,0,0,0,0
0,174,65,14,169,165,0,3,0,58,81,0,16,423,245,38,15,4,69,69,107,201,148,70,0,2,0,194,0,106,0,127,0,410,0,138,0,229,0,0,0,101,0,0,3,67,0,151,0,46,1,11,0,5,0,2,0,0,0,0,0,0,0,0,0,37,0,0,0,0,0,0,0,0,0,0,0,0,0,0,0,0,0,0,0,0,0,0,0,0,0,0,0,0,0,3,0,0,0,0,0,0,0,0,0,0,0,0,0,0,0,0,0,0,0,0,0,0,0,12,0,0,0,0,0,0,0,0,0,0,0,0,0,0,0,0,0,29,0,0,0,0,0,0,0,0,0,10,0,34,0,165,0,192,0,0,0,2,0,0,0,0,0,0,0,15,0,76,0,0,0,11,0,136,0,63,68,416,0,33,0,126,0,0,0,117,0,2,0,0,0,0,0,0,0,0,0,0,0,0,0,29,0,1,0,0,0,47,0,59,0,0,0,0,53,0,0,0,335,278,166,0,6,0,1
66,0,63,0,348,109,8,0,16,0,196,16,0,261,65,52,0,0,110,474,64,55,12,0,0,0,129,475,0,0,0,0,0,0,168,0,0,0,0,0,201,71,155,20,60,0,286,145,18,3,428,0,0,0,0,0,0,0,0,0,0,0,0,0,0,0,0,0,0,0,0,0,0,0,0,0,0,0,0,0,0,0,0,0,0,0,0,0,0,0,0,0,0,0,0,0,0,0,0,0,0,0,0,0,0,0,0,0,0,0,0,0,0,0,0,0,0,0,0,0,0,0,0,0,0,0,0,0,0,0,0,0,0,0,0,0,0,0,0,0,0,0,0,0,0,0,0,0,25,0,31,0,0,0,0,0,0,0,0,0,0,0,0,0,48,0,9,0,0,0,0,0,0,0,0,0,391,124,175,0,0,0,20,0,0,0,136,0,0,0,0,0,0,0,0,0,0,0,0,0,0,0,0,0,0,0,0,0,25,0,89,395,222,0,0,0,0,0,1,6,0,0,0,0,0
0,95,0,17,73,176,0,4,0,0,0,423,261,0,66,8,0,0,729,69,121,48,0,0,0,5,244,136,0,0,0,13,0,0,0,160,0,0,0,0,58,397,24,22,0,44,63,270,0,65,0,122,0,0,0,0,0,0,0,0,0,0,0,0,0,19,0,0,0,0,0,0,0,0,0,0,0,0,0,0,0,0,0,0,0,1,0,0,0,0,0,0,0,0,0,0,0,0,0,0,0,0,0,0,0,0,0,0,0,0,0,0,0,0,0,0,0,0,0,0,0,0,0,0,0,0,0,0,0,0,0,0,0,0,0,0,0,52,0,0,0,0,0,0,0,0,0,0,0,0,0,94,0,86,0,0,0,0,0,0,0,0,0,0,0,54,0,5,0,0,0,0,0,0,0,0,77,728,0,44,0,61,0,14,0,51,0,57,0,0,0,0,0,0,0,0,0,0,0,0,0,33,0,0,0,0,0,0,0,80,0,3,0,0,0,0,0,0,0,215,155,9,0,0,0
43,0,165,13,115,328,0,0,21,0,41,245,65,66,0,696,51,0,265,191,285,55,325,67,32,0,221,28,0,0,300,0,198,0,70,0,86,0,0,0,30,0,0,0,17,0,51,0,0,0,10,0,0,0,0,0,0,0,0,0,0,0,32,0,31,0,0,0,0,0,0,0,0,0,0,0,0,0,0,0,0,0,6,0,0,0,10,0,0,0,52,0,0,0,0,0,0,0,0,0,0,0,0,0,95,0,117,0,0,0,0,0,0,0,0,0,0,0,0,0,0,0,0,0,37,0,0,0,0,0,15,0,0,0,304,0,132,0,0,0,7,0,0,0,0,0,58,0,171,0,57,0,45,0,0,0,0,0,0,0,6,0,0,0,0,0,169,0,37,0,6,0,29,0,0,0,86,243,22,9,0,0,23,0,52,0,0,0,0,0,0,0,0,0,0,0,29,0,51,0,86,0,0,0,0,0,0,0,145,0,224,165,221,0,72,4,0,0,0,0,0,0,0,0,0
43,10,83,143,462,201,0,30,0,0,304,38,52,8,696,0,0,167,151,167,191,347,103,212,0,63,0,120,0,111,26,96,0,217,10,70,0,107,0,74,0,0,0,0,0,21,0,0,1,0,0,0,0,19,0,162,0,0,0,0,0,0,0,65,0,2,0,0,0,0,0,0,0,0,0,14,0,0,0,0,0,180,0,0,0,77,0,0,0,0,0,64,0,0,0,139,0,70,0,165,0,134,0,0,0,0,0,376,0,0,0,0,0,0,0,0,0,0,0,0,0,0,0,10,0,0,0,0,0,0,0,0,0,0,0,796,0,219,0,0,0,0,0,161,0,0,0,0,0,0,0,0,0,0,0,18,0,0,0,20,0,0,0,0,0,26,0,103,0,90,0,0,0,127,0,0,62,147,12,108,0,0,0,0,0,6,0,0,0,0,0,0,0,0,0,0,0,2,0,0,0,246,0,0,0,0,0,0,0,93,0,0,0,0,86,0,0,0,347,203,287,0,0,0,0
68,184,44,46,20,0,6,0,0,0,0,15,0,0,51,0,0,73,143,0,161,0,203,19,175,64,164,0,184,0,89,0,49,2,14,0,0,0,130,0,3,0,0,0,38,0,10,0,0,0,27,0,43,0,19,6,37,0,0,0,33,0,257,0,0,0,0,0,0,0,0,0,0,0,34,0,0,0,0,0,0,0,0,0,166,0,0,0,0,0,282,0,0,0,166,0,147,0,428,0,183,0,0,0,68,0,423,0,0,0,0,0,0,0,0,0,0,0,0,0,37,0,0,0,2,0,0,0,0,0,0,0,15,0,48,3,149,0,0,0,32,0,227,0,0,0,0,0,0,0,0,0,0,0,131,0,0,0,82,0,29,0,0,0,0,0,0,0,0,0,10,0,0,0,0,0,22,11,0,0,0,0,59,0,3,0,0,0,0,0,0,0,0,0,0,0,2,0,3,0,38,0,0,0,0,0,0,0,13,0,48,178,58,0,27,0,0,0,2,0,0,0,0,0,0
291,68,199,72,27,0,0,28,0,7,42,4,0,0,0,167,73,0,0,76,12,61,124,220,70,162,0,0,0,264,0,48,0,30,0,52,0,10,9,94,0,0,0,0,0,0,0,0,0,0,0,9,0,47,0,26,0,85,0,2,0,4,3,129,0,0,0,1,0,0,0,0,0,4,0,4,0,0,0,0,0,131,0,0,0,55,0,81,0,105,0,75,0,0,0,116,0,30,0,185,0,171,0,0,0,0,0,230,0,0,0,0,0,0,0,0,0,0,0,0,0,0,0,2,0,0,0,0,0,34,0,0,0,0,0,354,0,131,0,190,0,151,0,392,0,0,0,0,0,0,0,0,0,0,0,39,0,0,0,153,0,5,0,0,0,0,0,0,0,0,0,0,6,11,0,0,14,8,0,0,0,0,0,29,0,0,2,0,0,0,0,0,0,0,0,0,0,0,0,0,0,0,0,0,0,0,0,0,0,0,0,0,0,0,15,0,0,0,18,119,14,0,0,0,0
0,0,42,0,117,403,0,0,0,0,13,69,110,729,265,151,143,0,0,874,557,142,273,3,0,0,349,641,14,0,28,0,0,0,170,15,54,0,0,0,44,61,28,0,84,22,41,162,0,0,147,0,0,0,0,0,0,0,0,0,16,0,60,0,0,0,0,0,0,0,24,0,0,0,0,0,0,0,0,0,0,0,0,0,0,0,0,0,0,0,0,0,0,0,0,0,0,0,0,0,0,0,0,0,0,0,0,0,0,0,0,0,0,0,0,0,0,0,0,0,0,0,0,0,0,0,0,0,0,0,0,0,7,0,113,0,0,0,0,0,0,0,0,0,0,0,0,0,98,0,0,0,0,0,0,0,0,0,0,0,0,0,0,0,52,0,0,0,0,0,0,0,0,0,0,0,144,114,20,0,0,0,0,0,53,0,14,13,0,0,0,0,0,0,0,0,0,0,0,0,44,0,0,0,0,0,0,0,0,0,127,291,195,0,37,0,0,0,0,0,0,0,0,0,0
0,41,0,63,188,157,0,3,0,0,0,69,474,69,191,167,0,76,874,0,121,314,0,87,0,31,94,212,0,5,0,61,0,0,0,323,0,42,0,0,0,3,0,64,0,113,18,64,0,27,0,156,0,14,0,26,0,0,0,0,0,0,0,44,0,23,0,0,0,0,0,0,0,0,0,28,0,0,0,0,0,253,0,0,0,78,0,185,0,131,0,0,0,0,0,0,0,17,0,171,0,0,0,0,0,0,0,181,0,0,0,0,0,0,0,0,0,0,0,7,0,0,0,0,0,0,0,5,0,0,0,0,0,0,0,0,0,112,0,0,0,35,0,139,0,0,0,0,0,13,0,132,0,0,0,6,0,0,0,0,0,0,0,0,0,125,0,25,0,83,0,0,0,27,0,0,79,156,0,9,0,51,0,0,0,49,2,25,0,0,0,0,0,0,0,0,0,0,0,0,0,95,0,0,0,0,0,0,0,117,0,0,0,0,38,0,0,0,145,271,220,0,16,0,0
0,27,63,19,176,125,0,0,0,0,70,107,64,121,285,191,161,12,557,121,0,29,233,64,23,0,370,91,102,0,100,0,16,0,94,0,24,0,30,0,0,12,10,0,49,0,0,0,0,0,48,0,14,0,0,0,0,0,0,0,0,0,71,0,0,0,0,0,0,0,51,0,0,0,101,0,0,0,0,0,285,0,0,0,134,0,157,0,0,0,112,0,0,0,0,0,0,0,495,0,0,0,0,0,0,0,0,0,0,0,0,0,0,0,0,0,0,0,0,0,118,0,0,0,0,0,0,0,0,0,0,0,0,0,0,0,0,0,0,0,62,0,75,0,23,0,0,0,0,0,0,0,0,0,9,0,0,0,0,0,0,0,0,0,38,0,42,0,40,0,0,0,13,0,0,0,0,33,31,0,0,0,0,0,7,0,5,0,0,0,0,0,0,0,0,0,0,0,0,0,0,0,0,0,0,0,0,0,0,0,232,520,138,0,52,0,0,0,4,0,0,0,0,0,0
0,0,0,65,48,296,0,0,0,0,0,201,55,48,55,347,0,61,142,314,29,0,0,286,0,0,0,195,1,19,0,88,0,20,0,148,0,14,0,6,2,0,2,67,0,47,2,8,0,0,3,63,0,16,0,0,0,0,0,0,0,0,0,93,0,0,0,0,0,0,0,20,0,0,0,0,0,0,0,0,0,0,0,0,0,95,0,109,0,78,0,0,0,0,0,0,0,0,0,203,0,0,0,0,0,0,0,0,0,0,0,0,0,0,0,0,0,0,0,0,0,0,0,11,0,0,0,0,0,0,0,0,0,0,0,0,0,0,0,0,0,174,0,365,0,42,0,0,0,0,0,0,0,0,0,0,0,0,0,0,0,0,0,0,0,51,0,22,0,40,0,0,0,0,0,0,9,24,0,72,0,0,0,0,0,0,0,5,0,0,0,0,0,0,0,0,0,0,0,0,0,0,0,0,0,0,0,0,0,0,3,0,0,0,43,0,0,0,200,401,117,0,3,0,0
25,417,264,130,124,108,24,0,0,0,18,148,12,0,325,103,203,124,273,0,233,0,0,205,147,86,175,0,160,0,91,0,231,22,0,0,0,11,401,0,0,0,6,0,0,0,0,0,0,0,0,0,26,0,139,0,0,0,0,0,0,0,137,0,0,0,0,0,0,0,0,0,0,0,0,0,0,0,0,0,0,0,0,0,0,0,0,0,0,0,164,0,0,0,0,0,0,0,0,0,0,0,0,0,86,0,0,0,0,0,0,0,0,0,0,0,0,0,0,0,0,0,0,0,0,0,35,0,0,0,15,0,0,0,272,0,410,0,5,0,0,0,345,0,0,0,30,0,66,0,13,0,0,0,90,0,0,0,0,0,29,0,0,0,0,0,73,0,55,0,0,0,291,0,0,0,0,65,0,2,0,0,12,0,20,0,0,0,0,0,0,0,0,0,0,0,11,0,0,0,166,0,0,0,0,0,0,0,78,0,498,106,286,0,183,0,0,0,0,0,0,0,0,0,0
92,30,121,131,162,94,0,21,0,0,230,70,0,0,67,212,19,220,3,87,64,286,205,0,0,75,0,56,0,166,0,73,0,179,0,37,0,64,0,115,0,1,0,0,0,14,0,0,0,5,0,9,0,17,0,47,0,0,0,0,0,0,0,32,0,0,0,0,0,0,0,3,0,0,0,0,0,0,0,0,0,106,0,111,0,41,0,75,0,75,0,45,0,0,0,112,0,0,0,141,0,108,0,21,0,57,0,202,0,0,0,0,0,0,0,0,0,0,0,0,0,19,0,1,0,0,0,0,0,0,0,0,0,0,0,279,0,74,0,36,0,22,0,148,0,0,0,0,0,0,0,0,0,0,0,8,0,0,0,0,0,5,0,0,0,0,0,28,0,47,0,0,0,102,0,0,29,35,0,39,0,0,0,0,0,0,0,0,0,0,0,0,0,0,0,0,0,0,0,0,0,0,0,0,0,0,0,0,0,0,0,0,0,0,0,0,0,0,164,248,156,0,4,3,0
11,225,170,0,5,0,138,153,7,236,0,0,0,0,32,0,175,70,0,0,23,0,147,0,0,136,0,0,171,2,0,0,0,0,0,0,0,0,280,0,0,0,0,0,0,0,0,0,19,0,0,0,84,3,256,115,44,0,26,0,198,0,464,37,0,0,0,0,0,0,0,0,0,0,0,0,1,0,0,0,0,0,0,0,0,0,0,0,0,0,0,0,0,0,0,0,0,0,0,0,0,0,0,0,0,0,0,0,0,0,0,0,0,0,0,0,0,0,0,0,0,0,0,0,14,0,27,0,18,0,15,0,0,0,181,0,180,0,0,0,0,0,174,0,0,0,0,0,5,0,0,0,0,0,42,0,0,0,29,0,30,0,6,0,0,0,0,0,0,0,79,0,301,0,1,0,0,20,0,0,0,0,0,0,0,0,0,0,0,0,0,0,0,0,0,0,0,0,0,0,48,0,0,0,7,0,0,0,24,0,527,88,250,183,336,0,0,0,0,0,0,0,0,0,0
335,44,235,110,0,22,76,47,0,3,0,2,0,5,0,63,64,162,0,31,0,0,86,75,136,0,0,0,0,363,0,4,0,67,0,0,0,125,0,451,0,0,0,0,0,0,0,2,0,0,0,0,0,16,0,246,0,24,0,0,0,37,22,56,0,0,0,0,0,0,0,0,0,0,0,0,0,0,0,0,0,0,0,0,0,0,0,0,0,12,0,0,0,0,0,0,0,0,0,0,0,0,0,0,0,0,0,115,0,0,0,0,0,0,0,0,0,0,0,1,0,0,0,0,0,0,0,0,0,8,0,0,0,0,0,414,0,88,0,19,0,23,0,62,0,0,0,0,0,0,0,0,0,0,0,32,0,0,0,53,0,0,0,0,0,0,0,0,0,0,0,11,0,118,0,0,37,0,2,0,0,0,0,13,0,0,0,0,0,1,0,0,0,0,0,0,0,0,0,10,0,95,0,0,0,0,0,0,0,0,0,0,0,0,199,0,0,0,314,82,132,0,2,0,0
31,0,56,0,179,0,0,0,21,0,97,0,129,244,221,0,164,0,349,94,370,0,175,0,0,0,0,543,49,1,25,0,0,0,56,0,199,0,13,0,31,214,186,40,287,76,141,500,26,5,218,0,24,0,0,0,0,0,0,0,0,0,93,0,0,0,0,0,0,0,97,0,0,0,160,0,0,0,0,0,0,0,0,0,0,0,248,0,0,0,149,0,0,0,0,0,0,0,0,0,0,0,0,0,0,0,0,0,0,0,0,0,0,0,0,0,0,0,0,0,151,0,0,0,16,0,0,0,0,0,0,0,0,0,0,0,0,0,32,0,0,0,0,0,0,0,0,0,58,0,0,0,0,0,0,0,5,0,0,0,0,0,15,0,65,0,0,0,45,0,0,0,20,0,0,0,70,79,19,0,0,0,0,0,55,0,30,0,0,0,0,0,0,0,0,0,0,0,0,0,0,0,0,0,0,0,9,0,0,0,53,449,227,0,22,0,0,8,0,17,0,0,0,0,0
0,56,0,21,0,191,0,3,0,12,0,194,475,136,28,120,0,0,641,212,91,195,0,56,0,0,543,0,0,0,0,102,0,24,24,163,0,142,0,0,210,18,68,284,23,252,125,180,1,116,60,206,0,8,0,0,0,0,0,0,0,16,0,61,0,38,0,0,0,0,0,0,0,0,0,0,0,0,0,0,0,0,0,0,0,107,0,0,0,0,0,0,0,0,0,0,0,0,0,192,0,0,0,0,0,0,0,0,0,0,0,0,0,0,0,0,0,0,0,16,0,0,0,27,0,0,0,0,0,0,0,0,0,0,0,212,0,97,0,0,0,0,0,0,0,52,0,0,0,33,0,170,0,0,0,0,0,0,0,0,0,0,0,0,0,52,0,5,0,49,0,0,0,0,0,0,48,231,0,25,0,143,0,23,0,109,39,12,0,0,0,0,0,0,0,0,0,0,0,0,0,0,0,0,0,0,0,0,0,47,0,7,0,0,20,0,0,0,70,668,331,0,10,0,8
71,14,135,0,27,0,0,0,0,0,44,0,0,0,0,0,184,0,14,0,102,1,160,0,171,0,49,0,0,0,24,0,8,0,36,0,13,0,8,0,0,0,10,0,0,0,0,0,0,0,18,0,0,0,0,0,6,0,2,0,0,0,36,0,0,0,0,0,0,0,19,0,0,0,44,0,0,0,0,0,142,0,0,0,113,0,77,0,0,0,48,0,0,0,0,0,26,0,292,0,106,0,7,0,0,0,106,0,0,0,0,0,0,0,0,0,0,0,0,0,77,0,33,0,0,0,0,0,0,0,0,0,0,0,0,0,0,0,16,0,26,0,36,0,6,0,0,0,0,0,0,0,0,0,0,0,0,0,0,0,0,0,3,0,0,0,2,0,0,0,0,0,0,0,0,0,21,0,0,0,0,0,51,0,0,0,0,0,0,0,0,0,0,0,0,0,0,0,0,0,0,0,0,0,0,0,0,0,0,0,0,56,0,0,0,0,0,0,0,0,0,0,0,0,0
7,160,16,216,5,0,0,52,0,0,0,106,0,0,0,111,0,264,0,5,0,19,0,166,2,363,1,0,0,0,0,27,0,32,0,59,0,27,0,33,0,0,0,22,0,9,0,0,0,1,0,20,0,29,0,41,0,0,0,0,0,0,0,90,0,0,0,0,0,0,0,0,0,0,0,0,0,0,0,0,0,0,0,0,0,27,0,0,0,0,0,0,0,0,0,0,0,0,0,61,0,0,0,2,0,0,0,0,0,0,0,0,0,0,0,0,0,0,0,0,0,11,0,0,0,0,0,0,0,19,0,0,0,0,0,96,0,60,0,250,0,177,0,330,0,18,0,0,0,0,0,0,0,0,0,26,0,4,0,83,0,0,0,0,0,1,0,0,0,0,0,0,0,0,0,0,0,19,0,50,0,0,0,12,0,0,0,0,0,0,0,0,0,0,0,0,0,0,0,0,0,0,0,0,0,0,0,0,0,0,0,0,0,0,0,0,0,0,21,170,0,0,0,0,0
0,0,0,0,225,0,0,0,0,0,102,0,0,0,300,26,89,0,28,0,100,0,91,0,0,0,25,0,24,0,0,0,2,0,9,0,14,0,6,0,0,0,24,0,3,0,0,0,0,0,13,0,3,0,0,0,0,0,0,0,5,0,32,0,0,0,0,0,0,0,0,0,0,0,0,0,0,0,0,0,58,0,0,0,0,0,43,0,0,0,43,0,0,0,66,0,0,0,149,0,72,0,0,0,0,0,58,0,0,0,0,0,0,0,0,0,0,0,0,0,0,0,12,0,0,0,0,0,0,0,0,0,0,0,0,0,0,0,0,0,0,0,0,0,0,0,0,0,0,0,0,0,0,0,0,0,0,0,0,0,0,0,0,0,0,0,62,0,0,0,0,0,9,0,0,0,0,7,58,0,0,0,23,0,0,0,0,0,0,0,0,0,0,0,0,0,0,0,0,0,0,0,0,0,0,0,0,0,0,0,114,238,65,0,26,0,0,0,0,0,0,0,0,0,0
0,13,0,0,0,160,0,0,0,0,0,127,0,13,0,96,0,48,0,61,0,88,0,73,0,4,0,102,0,27,0,0,0,34,0,57,0,7,0,14,0,0,0,70,0,17,0,0,0,1,0,57,0,2,0,0,0,0,0,0,0,5,0,21,0,0,0,0,0,0,0,0,0,2,0,6,0,0,0,0,0,0,0,0,0,19,0,0,0,0,0,0,0,0,0,0,0,0,0,0,0,0,0,0,0,0,0,0,0,0,0,0,0,0,0,0,0,0,0,0,0,11,0,5,0,0,0,0,0,0,0,0,0,0,0,0,0,0,0,116,0,115,0,127,0,41,0,0,0,0,0,0,0,0,0,8,0,0,0,0,0,0,0,0,0,0,0,42,0,14,0,2,0,0,0,0,0,0,0,57,0,0,0,0,0,0,0,6,0,0,0,0,0,0,0,0,0,0,0,0,0,0,0,0,0,0,0,0,0,0,0,0,0,0,16,0,0,0,93,99,52,0,0,0,0
52,0,0,0,336,0,0,0,0,0,289,0,0,0,198,0,49,0,0,0,16,0,231,0,0,0,0,0,8,0,2,0,0,0,36,0,114,0,6,0,0,0,20,0,0,0,0,0,0,0,15,0,10,0,0,0,4,0,0,0,11,0,33,0,0,0,0,0,0,0,19,0,0,0,44,0,0,0,0,0,73,0,0,0,55,0,0,0,0,0,0,0,0,0,0,0,0,0,213,0,87,0,0,0,0,0,0,0,0,0,0,0,0,0,0,0,0,0,0,0,34,0,0,0,0,0,0,0,0,0,0,0,0,0,0,0,0,0,25,0,27,0,0,0,6,0,0,0,0,0,0,0,0,0,0,0,5,0,11,0,0,0,0,0,0,0,50,0,0,0,0,0,8,0,0,0,37,0,102,0,0,0,43,0,0,0,0,0,0,0,0,0,0,0,0,0,0,0,0,0,0,0,0,0,0,0,0,0,0,0,67,226,66,0,10,0,0,0,1,0,0,0,0,0,0
0,214,0,239,0,304,0,13,0,5,0,410,0,0,0,217,2,30,0,0,0,20,22,179,0,67,0,24,0,32,0,34,0,0,0,58,0,91,0,6,0,0,0,35,0,8,0,0,0,0,0,33,0,3,0,6,0,0,0,0,0,8,0,15,0,0,0,0,0,0,0,2,0,0,0,0,0,0,0,0,0,0,0,0,0,13,0,0,0,0,0,0,0,0,0,0,0,0,0,0,0,0,0,0,0,0,0,0,0,0,0,0,0,0,0,0,0,0,0,0,0,0,0,0,0,1,0,0,0,0,0,0,0,0,0,0,0,0,0,95,0,99,0,94,0,32,0,0,0,0,0,0,0,0,0,0,0,0,0,0,0,0,0,0,0,4,0,28,0,10,0,5,0,10,0,0,0,51,0,191,0,0,0,6,0,0,0,0,0,0,0,0,0,0,0,0,0,0,0,0,0,0,0,0,0,0,0,0,0,0,0,0,0,0,10,0,0,0,55,302,58,7,0,0,0
0,0,0,0,118,0,0,0,0,0,0,0,168,0,70,10,14,0,170,0,94,0,0,0,0,0,56,24,36,0,9,0,36,0,0,0,95,0,7,0,4,0,44,0,0,0,0,0,3,0,88,0,4,0,0,0,5,0,0,0,2,0,13,0,0,0,0,0,0,0,16,0,0,0,24,0,0,0,0,0,47,0,0,0,0,0,39,0,0,0,18,0,0,0,0,0,0,0,108,0,47,0,0,0,0,0,0,0,0,0,0,0,0,0,0,0,0,0,0,0,14,0,7,0,0,0,0,0,0,0,0,0,0,0,0,0,0,0,0,0,0,0,0,0,9,0,0,0,0,0,0,0,0,0,0,0,1,0,0,0,1,0,0,0,142,0,98,0,47,0,0,0,13,0,0,0,5,3,38,0,0,0,6,0,0,0,0,0,0,0,0,0,0,0,0,0,0,0,0,0,0,0,0,0,0,0,0,0,0,0,126,303,290,52,30,0,0,1,0,0,0,0,0,0,0
0,0,0,0,0,170,0,0,0,0,0,138,0,160,0,70,0,52,15,323,0,148,0,37,0,0,0,163,0,59,0,57,0,58,0,0,0,240,0,5,0,0,0,47,0,15,0,9,0,0,0,62,0,0,0,0,0,0,0,0,0,0,0,0,0,0,0,0,0,0,0,22,0,0,0,0,0,0,0,0,0,0,0,0,0,53,0,0,0,0,0,0,0,0,0,0,0,4,0,0,0,0,0,0,0,0,0,0,0,0,0,0,0,0,0,0,0,0,0,0,0,0,0,17,0,0,0,0,0,0,0,0,0,0,0,0,0,0,0,111,0,190,0,287,0,95,0,0,0,0,0,0,0,0,0,0,0,0,0,0,0,0,0,0,0,89,0,163,0,77,0,0,0,43,0,0,0,9,0,72,0,0,0,0,0,0,0,54,0,0,0,0,0,0,0,0,0,0,0,0,0,0,0,0,0,0,0,0,0,0,0,0,0,0,21,0,0,0,81,226,189,0,0,0,0
36,0,0,0,239,0,0,0,0,0,132,0,0,0,86,0,0,0,54,0,24,0,0,0,0,0,199,0,13,0,14,0,114,0,95,0,0,0,64,0,0,0,17,0,81,0,0,0,1,0,55,0,16,0,0,0,0,0,0,0,19,0,21,0,0,0,0,0,0,0,70,0,11,0,95,0,0,0,0,0,178,0,0,0,62,0,106,0,0,0,11,0,0,0,115,0,0,0,247,0,68,0,0,0,0,0,0,0,0,0,0,0,0,0,0,0,0,0,0,0,78,0,47,0,0,0,0,0,0,0,1,0,0,0,0,0,0,0,84,0,111,0,0,0,109,0,0,0,0,0,0,0,0,0,0,0,37,0,16,0,0,0,22,0,38,0,45,0,43,0,16,0,22,0,0,0,19,0,75,0,0,0,29,0,0,0,0,0,0,0,0,0,0,0,0,0,0,0,0,0,0,0,0,0,0,0,0,0,0,0,50,89,103,10,0,0,0,0,0,0,0,0,0,0,0
0,317,0,240,0,179,0,81,0,0,0,229,0,0,0,107,0,10,0,42,0,14,11,64,0,125,0,142,0,27,0,7,0,91,0,240,0,0,0,88,0,0,0,58,0,18,0,27,0,0,0,46,0,4,0,0,0,0,0,0,0,21,0,19,0,0,0,0,0,0,0,12,0,0,0,0,0,0,0,0,0,0,0,0,0,0,0,0,0,0,0,0,0,0,0,0,0,0,0,0,0,0,0,0,0,0,0,0,0,0,0,0,0,0,0,0,0,0,0,0,0,0,0,5,0,0,0,0,0,0,0,0,0,0,0,0,0,0,0,128,0,172,0,124,0,77,0,0,0,0,0,0,0,0,0,0,0,32,0,61,0,0,0,0,0,32,0,46,0,56,0,4,0,52,0,0,2,23,0,104,0,0,0,69,0,0,0,21,0,0,0,0,0,0,0,0,0,0,0,0,0,0,0,0,0,0,0,0,0,0,0,0,0,0,17,0,0,0,49,250,84,26,0,0,0
240,0,404,0,86,0,0,0,12,0,85,0,0,0,0,0,130,9,0,0,30,0,401,0,280,0,13,0,8,0,6,0,6,0,7,0,64,0,0,0,0,0,2,0,0,0,0,0,0,0,0,0,32,0,0,0,0,0,0,0,2,0,48,0,0,0,0,0,0,0,11,0,0,0,22,0,0,0,0,0,66,0,0,0,44,0,0,0,0,0,0,0,0,0,0,0,0,0,0,0,0,0,0,0,0,0,0,0,0,0,0,0,0,0,0,0,0,0,0,0,44,0,0,0,0,0,0,0,0,0,0,0,0,0,0,0,0,0,44,0,42,0,61,0,20,0,0,0,0,0,0,0,0,0,5,0,23,0,15,0,0,0,0,0,0,0,20,0,0,0,0,0,39,0,0,0,75,0,3,0,0,0,85,0,0,0,0,0,0,0,0,0,0,0,0,0,0,0,0,0,0,0,0,0,0,0,0,0,0,0,30,219,30,13,19,0,0,0,0,0,1,0,0,0,0
4,489,0,400,0,0,0,352,0,44,0,0,0,0,0,74,0,94,0,0,0,6,0,115,0,451,0,0,0,33,0,14,0,6,0,5,0,88,0,0,0,0,0,0,0,0,0,0,0,0,0,0,0,5,0,14,0,3,0,4,0,26,0,26,0,0,0,0,0,0,0,0,0,0,0,0,0,0,0,0,0,0,0,0,0,0,0,0,0,0,0,0,0,0,0,0,0,0,0,0,0,0,0,0,0,0,0,0,0,0,0,0,0,0,0,0,0,0,0,0,0,0,0,0,0,0,0,0,0,0,0,0,0,0,0,0,0,0,0,54,0,26,0,0,0,20,0,0,0,0,0,0,0,0,0,8,0,8,0,30,0,0,0,0,0,0,0,7,0,0,0,5,0,13,0,0,0,24,0,23,0,0,0,133,0,0,0,0,0,0,0,0,0,0,0,0,0,0,0,0,0,0,0,0,0,0,0,0,0,0,0,0,0,0,19,0,0,0,20,247,14,16,0,0,0
36,0,24,0,106,0,0,0,9,0,71,0,201,58,30,0,3,0,44,0,0,2,0,0,0,0,31,210,0,0,0,0,0,0,4,0,0,0,0,0,0,103,45,21,40,57,168,394,48,35,37,0,0,0,0,0,0,0,0,0,0,0,0,0,0,0,0,0,0,0,1,0,0,0,0,0,0,0,0,0,0,0,0,0,0,0,0,0,0,0,0,0,0,0,0,0,0,0,0,0,0,0,0,0,0,0,0,0,0,0,0,0,0,0,0,0,0,0,0,0,0,0,0,0,0,0,0,0,0,0,0,0,0,0,0,0,0,0,0,0,0,0,0,0,0,0,0,0,0,0,0,0,0,0,0,0,0,0,0,0,0,0,0,0,0,0,0,0,0,0,0,0,0,0,0,0,126,52,64,0,36,0,12,0,0,0,127,0,0,0,0,0,0,0,0,0,0,0,0,0,0,0,0,0,0,0,0,0,0,0,0,184,32,0,0,0,0,8,0,46,0,0,0,0,0
0,19,0,0,0,20,0,0,0,0,0,101,71,397,0,0,0,0,61,3,12,0,0,1,0,0,214,18,0,0,0,0,0,0,0,0,0,0,0,0,103,0,29,5,42,14,162,110,5,94,0,0,0,0,0,0,0,0,0,0,0,0,0,0,0,6,0,0,0,0,0,0,0,0,0,0,0,1,0,0,0,0,0,0,0,0,0,0,0,0,0,0,0,0,0,0,0,0,0,0,0,0,0,1,0,1,0,0,0,0,0,0,0,0,0,0,0,0,0,0,0,0,0,0,0,0,0,0,0,0,0,0,0,0,0,0,0,0,0,0,0,0,0,0,0,0,0,0,0,0,0,0,0,0,0,0,0,0,0,0,0,0,0,0,0,24,0,0,0,3,0,0,0,0,0,0,5,176,0,35,0,47,0,0,0,29,20,6,0,0,0,0,0,0,0,0,0,0,0,0,0,0,0,0,0,0,0,0,0,0,0,16,0,0,0,0,0,0,0,51,13,0,0,0,3
0,0,0,0,5,0,0,0,0,0,0,0,155,24,0,0,0,0,28,0,10,2,6,0,0,0,186,68,10,0,24,0,20,0,44,0,17,0,2,0,45,29,0,0,131,20,34,125,12,11,67,0,0,0,0,0,0,0,12,0,0,0,4,0,0,0,0,0,0,0,22,0,0,0,34,0,0,0,0,0,66,0,18,0,0,0,31,0,0,0,8,0,0,0,0,0,0,0,0,0,0,0,0,0,0,0,0,0,0,0,0,0,0,0,0,0,0,0,0,0,0,0,0,0,0,0,0,0,0,0,0,0,0,0,0,0,0,0,0,0,0,0,0,0,5,0,0,0,0,0,0,0,0,0,0,0,0,0,0,0,0,0,0,0,76,0,44,0,5,0,5,0,6,0,0,0,0,4,10,0,0,0,0,0,0,0,116,0,0,0,0,0,0,0,0,0,0,0,0,0,0,0,0,0,0,0,0,0,0,0,34,151,124,9,7,0,0,11,0,0,0,0,0,0,0
0,0,0,0,0,0,0,0,0,0,0,0,20,22,0,0,0,0,0,64,0,67,0,0,0,0,40,284,0,22,0,70,0,35,0,47,0,58,0,0,21,5,0,0,0,209,0,73,0,89,0,72,0,0,0,4,0,0,0,0,0,0,0,6,0,0,0,0,0,0,0,19,0,0,0,0,0,0,0,0,0,178,0,0,0,56,0,81,0,0,0,0,0,0,0,0,0,0,0,91,0,0,0,0,0,0,0,0,0,0,0,0,0,0,0,0,0,0,0,0,0,70,0,13,0,0,0,0,0,0,0,0,0,0,0,0,0,0,0,0,0,73,0,147,0,59,0,0,0,0,0,0,0,0,0,0,0,0,0,0,0,0,0,6,0,63,0,21,0,39,0,0,0,12,0,0,0,44,0,0,0,0,0,0,0,0,12,9,0,0,0,0,0,0,0,0,0,0,0,0,0,0,0,0,0,0,0,0,0,0,0,0,0,0,13,0,0,0,103,250,175,9,0,0,0
0,0,8,0,38,0,0,0,5,0,32,3,60,0,17,0,38,0,84,0,49,0,0,0,0,0,287,23,0,0,3,0,0,0,0,0,81,0,0,0,40,42,131,0,0,21,127,103,113,34,99,0,0,0,0,0,23,0,8,0,0,0,33,0,0,0,0,0,9,0,46,0,0,0,90,0,0,0,0,0,0,0,0,0,0,0,137,0,0,0,68,0,132,0,176,0,0,0,362,0,0,0,10,0,0,0,0,0,0,0,0,0,0,0,0,0,0,0,0,0,0,0,0,0,0,0,4,0,0,0,0,0,0,0,0,0,0,0,0,0,0,0,0,0,25,0,0,0,0,0,11,0,0,0,0,0,0,0,0,0,0,0,0,0,143,0,26,0,41,0,3,0,12,0,0,0,22,28,14,0,0,0,19,0,11,0,29,0,7,0,0,0,0,0,0,0,0,0,0,0,0,0,0,0,0,0,0,0,0,0,50,228,178,19,27,0,0,48,0,23,0,0,0,0,0
0,26,0,4,0,33,0,0,0,0,0,67,0,44,0,21,0,0,22,113,0,47,0,14,0,0,76,252,0,9,0,17,0,8,0,15,0,18,0,0,57,14,20,209,21,0,58,122,6,190,6,62,0,0,0,0,0,10,0,6,0,0,0,26,0,0,0,0,0,0,0,16,0,0,0,0,0,0,0,10,0,0,0,74,0,87,0,114,0,0,0,0,0,0,0,79,0,0,0,0,0,0,0,7,0,0,0,0,0,0,0,0,0,0,0,0,0,0,0,0,0,38,0,9,0,0,0,0,0,0,0,0,0,0,0,0,0,0,0,0,0,68,0,177,0,52,0,0,0,0,0,0,0,0,0,0,0,0,0,0,0,4,0,3,0,158,0,7,0,72,0,13,0,24,0,0,0,57,0,9,0,49,0,0,0,0,28,3,0,5,0,0,0,0,0,0,0,0,0,0,0,0,0,0,0,19,0,0,0,19,0,0,0,0,23,0,0,1,79,311,176,13,13,0,91
32,0,0,0,94,0,0,0,0,0,117,0,286,63,51,0,10,0,41,18,0,2,0,0,0,0,141,125,0,0,0,0,0,0,0,0,0,0,0,0,168,162,34,0,127,58,0,410,92,87,24,0,0,0,0,0,0,0,0,0,0,0,25,0,0,0,0,0,0,0,0,0,0,0,0,0,0,0,0,0,0,0,0,0,0,0,0,0,0,0,0,0,0,0,0,0,0,0,0,0,0,0,0,0,0,0,0,0,0,0,0,0,0,0,0,0,0,0,0,0,0,0,0,0,0,0,6,0,0,0,0,0,0,0,0,0,0,0,0,0,0,0,0,0,0,0,0,0,0,0,0,0,21,0,0,0,0,0,0,0,0,0,1,0,35,0,0,0,5,0,2,0,0,0,0,0,32,63,53,0,43,0,26,0,27,0,89,0,0,0,0,0,0,0,0,0,0,0,0,0,0,0,0,0,0,0,0,0,0,0,20,399,80,5,4,0,0,31,0,91,0,0,0,0,0
0,46,0,0,0,84,0,4,0,0,0,151,145,270,0,0,0,0,162,64,0,8,0,0,0,2,500,180,0,0,0,0,0,0,0,9,0,27,0,0,394,110,125,73,103,122,410,0,32,120,0,30,0,0,0,0,0,0,0,0,0,9,0,0,0,12,0,3,0,0,0,0,0,0,0,0,0,0,0,0,0,0,0,0,0,0,0,0,0,0,0,0,0,0,0,0,0,4,0,0,0,0,0,0,0,0,0,0,0,0,0,0,0,0,0,0,0,0,0,0,0,0,0,0,0,0,0,0,0,0,0,0,0,0,0,0,0,47,0,0,0,0,0,0,0,0,0,0,0,0,0,0,1,0,0,0,0,0,0,0,0,0,0,0,0,0,0,0,0,0,0,0,0,0,0,0,11,133,0,5,0,0,0,0,0,0,131,9,0,0,0,0,0,0,0,0,0,0,0,0,0,0,0,0,0,0,0,0,0,0,0,55,0,0,0,0,0,1,0,657,58,0,0,0,58
5,0,6,0,0,0,38,1,11,0,8,0,18,0,0,1,0,0,0,0,0,0,0,0,19,0,26,1,0,0,0,0,0,0,3,0,1,0,0,0,48,5,12,0,113,6,92,32,0,28,5,0,10,0,25,0,24,0,0,0,12,0,0,0,0,0,0,0,19,0,2,0,0,0,0,0,3,0,4,0,2,0,28,0,0,0,6,0,14,0,3,0,26,0,25,1,0,0,3,0,2,0,19,0,0,0,0,0,0,0,0,0,0,0,0,0,0,0,0,0,0,0,0,0,0,0,0,0,0,0,0,0,0,0,9,0,0,0,0,0,0,0,0,0,0,0,0,0,4,0,0,0,3,0,0,0,0,0,6,0,12,0,5,0,23,0,5,0,0,0,2,0,5,0,3,0,72,8,18,0,7,0,4,0,4,0,46,0,14,0,13,0,28,0,10,0,0,0,20,0,0,1,38,0,11,0,22,0,0,0,81,141,264,18,76,39,7,5,0,19,6,7,0,0,0
0,14,0,0,0,3,0,0,0,2,0,46,3,65,0,0,0,0,0,27,0,0,0,5,0,0,5,116,0,1,0,1,0,0,0,0,0,0,0,0,35,94,11,89,34,190,87,120,28,0,0,13,0,1,0,0,0,3,0,0,0,0,0,11,0,0,0,0,0,0,0,0,0,0,0,6,0,11,0,0,0,0,0,0,0,0,0,0,0,0,0,0,0,0,0,18,0,0,1,18,0,0,0,0,0,0,0,0,0,0,0,0,0,0,0,0,0,0,0,0,0,12,0,4,0,0,0,0,0,0,0,0,0,0,0,0,0,0,0,0,0,0,0,0,0,0,0,0,0,0,0,53,0,78,0,0,0,0,0,0,0,0,0,0,0,43,0,0,0,16,0,1,0,4,0,32,0,116,1,26,0,109,0,9,0,25,46,9,0,3,0,0,0,0,0,0,0,7,0,1,0,0,0,0,0,0,0,0,0,2,0,24,1,0,29,0,0,0,47,31,12,0,0,0,20
0,0,0,0,35,1,0,0,0,0,0,1,428,0,10,0,27,0,147,0,48,3,0,0,0,0,218,60,18,0,13,0,15,0,88,0,55,0,0,0,37,0,67,0,99,6,24,0,5,0,0,0,0,0,4,0,0,0,16,0,0,0,9,0,2,0,0,0,8,0,24,0,0,0,35,0,9,0,0,0,82,0,0,0,0,0,62,0,0,0,0,0,0,0,65,0,0,0,153,0,40,0,0,0,0,0,0,0,0,0,0,0,0,0,1,0,0,0,0,0,18,0,0,0,0,0,0,0,0,0,0,0,0,0,0,0,0,0,0,0,0,0,0,0,9,0,0,0,0,0,0,0,0,0,0,0,0,0,0,0,0,0,8,0,117,0,41,0,39,0,13,0,10,0,0,0,4,0,21,0,0,0,0,0,0,0,37,0,0,0,0,0,0,0,0,0,0,0,0,0,0,0,0,0,0,0,0,0,0,0,56,155,165,29,18,0,0,5,0,4,0,0,0,0,0
0,0,0,0,0,18,0,0,0,3,0,11,0,122,0,0,0,9,0,156,0,63,0,9,0,0,0,206,0,20,0,57,0,33,0,62,0,46,0,0,0,0,0,72,0,62,0,30,0,13,0,0,0,0,0,0,0,0,0,0,0,0,0,0,0,0,0,0,0,2,0,49,0,0,0,0,0,0,0,0,0,193,0,0,0,67,0,0,0,0,0,13,0,0,0,80,0,0,0,62,0,0,0,9,0,0,0,11,0,0,0,0,0,0,0,0,0,0,0,0,0,80,0,0,0,0,0,0,0,0,0,0,0,0,0,0,0,0,0,48,0,97,0,220,0,112,0,0,0,0,0,0,0,0,0,0,0,0,0,0,0,10,0,0,0,78,0,26,0,68,0,49,0,42,0,0,0,0,0,6,0,0,0,0,0,0,0,2,0,0,0,0,0,0,0,0,0,0,0,0,0,0,0,0,0,0,0,0,0,0,0,0,0,0,0,0,0,0,85,132,136,12,7,0,0
14,5,25,0,4,0,278,26,111,145,3,0,0,0,0,0,43,0,0,0,14,0,26,0,84,0,24,0,0,0,3,0,10,0,4,0,16,0,32,0,0,0,0,0,0,0,0,0,10,0,0,0,0,23,121,97,89,17,38,56,136,2,108,9,1,5,0,51,0,0,0,0,0,0,27,0,0,0,0,0,0,0,0,0,129,0,37,0,0,0,48,0,0,0,0,0,59,0,232,0,0,0,0,0,0,0,67,0,0,0,0,0,0,0,0,0,0,0,0,0,51,0,38,0,0,0,0,0,59,0,17,0,17,0,35,0,163,0,237,0,139,0,208,0,17,0,0,0,0,0,0,0,0,0,415,2,104,0,350,0,35,0,14,0,0,0,7,0,9,0,141,0,11,0,0,0,47,0,0,0,0,0,36,0,0,3,0,0,0,0,0,0,0,0,0,0,0,0,0,0,10,0,0,0,0,0,0,0,0,0,153,144,172,162,81,0,76,0,0,0,0,0,0,0,0
0,0,0,0,0,0,69,13,104,80,0,5,0,0,0,19,0,47,0,14,0,16,0,17,3,16,0,8,0,29,0,2,0,3,0,0,0,4,0,5,0,0,0,0,0,0,0,0,0,1,0,0,23,0,35,106,5,129,42,17,0,112,11,160,1,0,32,24,0,0,0,0,0,0,0,0,0,0,0,0,0,7,0,0,0,4,0,0,0,0,0,12,0,0,0,0,0,7,0,26,0,14,0,0,0,0,0,30,0,0,0,0,0,0,0,0,0,0,0,0,0,0,0,0,0,8,0,1,0,34,0,14,0,9,0,130,0,57,0,122,0,21,0,52,0,14,0,0,0,0,0,0,0,0,2,105,0,32,0,204,0,6,0,0,0,0,0,0,0,0,3,5,0,0,0,0,4,13,0,1,0,0,0,0,0,50,0,0,0,0,0,0,0,0,0,0,0,0,0,4,0,16,0,0,0,0,0,1,0,6,0,0,0,0,3,0,0,0,0,141,10,9,0,0,0
3,0,59,0,0,0,256,0,12,137,0,0,0,0,0,0,19,0,0,0,0,0,139,0,256,0,0,0,0,0,0,0,0,0,0,0,0,0,0,0,0,0,0,0,0,0,0,0,25,0,4,0,121,35,0,79,107,11,32,22,102,0,30,11,18,0,78,62,0,0,0,0,0,0,0,0,0,0,0,0,0,0,0,0,0,0,0,0,0,0,0,0,0,0,0,0,0,0,0,0,0,0,0,0,0,0,0,0,0,0,0,0,0,0,0,0,0,0,0,0,0,0,0,0,21,0,0,0,48,0,52,0,0,0,0,0,112,0,0,0,8,0,73,0,0,0,1,0,0,0,0,0,0,0,111,0,36,0,12,0,128,0,0,0,3,0,0,0,16,0,216,0,0,0,0,0,0,4,0,0,0,0,0,0,0,3,0,0,0,0,0,0,0,0,0,0,0,0,0,0,16,0,0,0,0,0,0,0,10,0,320,67,337,320,206,0,172,0,0,0,0,0,0,0,0
111,28,26,113,0,24,341,285,351,162,0,2,0,0,0,162,6,26,0,26,0,0,0,47,115,246,0,0,0,41,0,0,0,6,0,0,0,0,0,14,0,0,0,4,0,0,0,0,0,0,0,0,97,106,79,0,0,139,0,59,0,105,76,132,0,4,0,75,0,0,0,0,0,0,0,0,0,0,0,0,0,0,0,0,0,1,0,0,0,0,0,0,0,0,0,0,0,0,0,0,0,0,0,0,0,0,0,7,0,0,0,0,0,0,0,0,0,0,0,0,0,0,0,0,0,34,0,19,0,20,0,103,0,0,0,355,0,225,0,32,0,18,0,39,0,0,0,7,0,15,0,10,0,0,0,105,0,0,0,61,0,47,0,0,0,0,0,0,2,40,0,238,0,47,0,0,23,0,0,0,0,0,2,12,6,13,0,0,0,0,0,0,0,0,0,0,0,0,0,0,0,0,0,0,0,0,0,0,0,101,0,0,0,0,353,0,0,0,450,188,366,432,44,97,0
0,0,6,0,0,0,27,0,8,0,0,0,0,0,0,0,37,0,0,0,0,0,0,0,44,0,0,0,6,0,0,0,4,0,5,0,0,0,0,0,0,0,0,0,23,0,0,0,24,0,0,0,89,5,107,0,0,6,44,22,0,0,59,0,34,19,35,34,0,0,0,0,0,0,0,0,1,0,0,0,0,0,0,0,0,0,0,0,0,0,0,0,0,0,0,0,0,0,0,0,0,0,0,0,0,0,0,0,0,0,0,0,0,0,0,0,0,0,0,0,1,0,0,0,0,0,13,0,41,0,65,0,20,0,0,0,18,0,8,0,0,0,0,0,15,0,0,0,1,0,0,0,0,0,197,11,49,0,70,4,89,0,87,0,0,0,0,0,68,0,209,0,0,0,0,5,0,0,0,0,21,0,0,0,0,2,0,0,0,0,0,0,0,0,0,0,0,0,0,0,12,0,0,0,0,0,0,0,3,0,743,166,919,897,703,14,309,14,0,0,1,0,0,0,0
0,7,0,12,0,0,0,12,44,24,0,0,0,0,0,0,0,85,0,0,0,0,0,0,0,24,0,0,0,0,0,0,0,0,0,0,0,0,0,3,0,0,0,0,0,10,0,0,0,3,0,0,17,129,11,139,6,0,36,176,0,16,0,24,0,4,45,20,0,0,0,0,0,0,0,1,0,0,0,0,0,0,0,0,0,0,0,0,0,0,0,0,0,0,0,0,0,0,0,0,0,0,0,0,0,0,0,0,0,0,0,0,0,0,0,0,0,0,0,0,0,0,0,0,0,40,0,0,0,5,0,39,0,21,0,97,0,64,0,13,0,10,0,28,0,0,0,0,0,2,0,0,0,0,0,172,0,21,0,175,0,85,0,26,0,4,0,0,0,55,0,507,0,0,0,2,2,0,0,0,0,0,0,0,0,0,0,0,0,0,0,0,0,0,0,0,0,0,0,0,0,8,0,0,0,0,0,0,0,22,0,0,0,0,408,0,0,0,420,85,700,571,40,77,0
0,0,15,0,0,0,25,0,45,0,0,0,0,0,0,0,0,0,0,0,0,0,0,0,26,0,0,0,2,0,0,0,0,0,0,0,0,0,0,0,0,0,12,0,8,0,0,0,0,0,16,0,38,42,32,0,44,36,0,138,43,0,0,0,161,43,318,139,0,0,0,0,0,0,0,0,0,0,0,0,0,0,0,0,0,0,0,0,0,0,0,0,0,0,0,0,0,0,0,0,0,0,0,0,0,0,0,0,0,0,0,0,0,0,0,0,0,0,0,0,0,0,0,0,13,0,0,0,0,0,58,0,4,0,0,0,0,0,4,4,0,0,0,0,8,3,1,0,8,0,0,0,0,0,71,26,75,0,3,21,42,9,0,0,6,0,22,0,13,0,137,0,0,0,0,5,12,0,0,0,35,11,0,0,23,23,0,0,0,0,0,0,0,0,0,0,0,0,0,0,0,0,0,0,0,0,0,0,0,0,590,302,508,768,525,9,273,0,0,0,2,0,0,0,0
0,3,0,0,0,0,0,4,65,84,0,0,0,0,0,0,0,2,0,0,0,0,0,0,0,0,0,0,0,0,0,0,0,0,0,0,0,0,0,4,0,0,0,0,0,6,0,0,0,0,0,0,56,17,22,59,22,176,138,0,0,0,0,24,17,93,142,356,0,0,0,0,0,0,0,0,0,1,0,0,0,0,0,0,0,0,0,0,0,0,0,0,0,0,0,1,0,0,0,0,0,0,0,0,0,0,0,0,0,0,0,0,0,0,0,0,0,0,0,0,0,0,0,0,0,38,0,0,0,6,0,90,0,0,0,4,0,5,0,0,0,0,0,0,0,14,0,3,0,56,0,11,0,0,13,37,0,161,0,18,0,77,0,23,0,0,0,0,0,46,0,214,0,0,0,31,15,0,0,0,12,0,0,0,0,56,0,0,0,2,0,0,0,0,0,0,0,0,0,0,0,0,0,0,0,0,0,0,0,17,0,0,0,0,1047,0,0,0,1028,486,744,1077,82,111,0
77,0,95,0,3,0,443,0,147,0,0,0,0,0,0,0,33,0,16,0,0,0,0,0,198,0,0,0,0,0,5,0,11,0,2,0,19,0,2,0,0,0,0,0,0,0,0,0,12,0,0,0,136,0,102,0,0,0,43,0,0,0,86,0,0,0,0,0,0,0,7,0,2,0,16,0,0,0,0,0,0,0,0,0,0,0,0,0,0,0,0,0,4,0,0,0,0,0,0,0,0,0,0,0,0,0,0,0,0,0,0,0,0,0,0,0,0,0,0,0,17,0,22,0,0,0,0,0,0,0,0,0,0,0,0,0,0,0,122,0,65,0,0,0,111,0,0,0,0,0,0,0,0,0,39,0,174,0,25,0,0,0,5,0,0,0,0,0,0,0,69,0,33,0,0,0,95,3,0,0,0,0,51,0,0,0,0,0,0,0,0,0,0,0,0,0,1,0,0,0,0,0,0,0,0,0,0,0,0,0,69,109,99,64,22,0,22,1,0,0,0,0,0,0,0
0,46,0,0,0,0,0,211,0,264,0,0,0,0,0,0,0,4,0,0,0,0,0,0,0,37,0,16,0,0,0,5,0,8,0,0,0,21,0,26,0,0,0,0,0,0,0,9,0,0,0,0,2,112,0,105,0,16,0,0,0,0,0,95,0,0,0,0,0,0,0,0,0,0,0,0,0,0,0,0,0,0,0,0,0,0,0,0,0,0,0,0,0,0,0,1,0,0,0,0,0,0,0,0,0,0,0,0,0,0,0,0,0,0,0,0,0,0,0,0,0,0,0,0,0,0,0,2,0,0,0,0,0,0,0,0,0,0,0,111,0,42,0,0,0,203,0,0,0,0,0,0,0,0,0,8,0,193,0,52,0,0,0,0,0,0,0,0,0,4,0,128,0,8,0,0,0,0,0,0,0,0,0,81,0,0,0,0,0,0,0,0,0,0,0,0,0,0,0,0,0,0,0,0,0,0,0,0,0,0,0,0,0,0,0,0,0,0,46,232,125,139,0,30,0
55,31,110,0,0,0,406,58,155,125,0,0,0,0,32,0,257,3,60,0,71,0,137,0,464,22,93,0,36,0,32,0,33,0,13,0,21,0,48,0,0,0,4,0,33,0,25,0,0,0,9,0,108,11,30,76,59,0,0,0,86,0,0,23,0,0,0,2,0,0,21,0,0,0,56,0,0,0,0,0,0,0,0,0,265,0,130,0,0,0,86,0,0,0,0,0,124,0,430,0,153,0,0,0,0,0,0,0,0,0,0,0,0,0,0,0,0,0,0,0,125,0,0,0,0,0,0,0,0,0,0,0,0,0,0,0,102,0,69,0,114,0,210,0,14,0,0,0,0,0,0,0,0,0,111,0,46,0,157,0,8,0,3,0,0,0,0,0,13,0,20,0,23,0,0,0,63,4,0,0,0,0,100,0,10,0,0,0,0,0,0,0,0,0,0,0,2,0,0,0,0,0,0,0,0,0,0,0,0,0,59,131,41,44,35,0,0,0,0,0,0,0,0,0,0
34,52,0,12,0,0,61,179,52,258,0,0,0,0,0,65,0,129,0,44,0,93,0,32,37,56,0,61,0,90,0,21,0,15,0,0,0,19,0,26,0,0,0,6,0,26,0,0,0,11,0,0,9,160,11,132,0,24,0,24,0,95,23,0,0,0,1,23,0,0,0,0,0,0,0,0,0,0,0,0,0,0,0,0,0,0,0,0,0,0,0,0,0,0,0,0,0,0,0,0,0,0,0,0,0,0,0,0,0,0,0,0,0,0,0,0,0,0,0,0,0,0,0,0,0,0,0,0,0,9,0,4,0,0,0,16,0,0,0,84,0,15,0,8,0,43,0,0,0,0,0,0,0,0,0,21,0,30,0,83,0,1,0,0,0,0,0,0,0,0,0,4,0,0,0,0,0,63,0,0,0,0,0,118,0,49,0,0,0,1,0,0,0,0,0,0,0,0,0,0,0,0,0,0,0,0,0,0,0,0,0,0,1,0,13,0,0,0,14,419,28,31,0,4,0
14,0,15,0,18,0,16,0,99,0,15,0,0,0,31,0,0,0,0,0,0,0,0,0,0,0,0,0,0,0,0,0,0,0,0,0,0,0,0,0,0,0,0,0,0,0,0,0,0,0,2,0,1,1,18,0,34,0,161,17,0,0,0,0,0,0,156,11,0,0,0,0,0,0,0,0,0,0,0,0,0,0,0,0,0,0,0,0,0,0,0,0,0,0,0,0,0,0,0,0,0,0,0,0,0,0,0,0,0,0,0,0,0,0,0,0,0,0,0,0,0,0,0,0,18,0,3,0,0,0,27,0,0,0,0,0,0,0,49,16,6,0,0,0,79,4,10,0,82,0,17,0,1,0,0,20,10,0,10,32,143,19,0,0,2,0,0,0,0,0,0,0,0,0,79,5,13,0,0,0,273,53,27,0,164,3,0,0,0,0,0,0,0,0,1,0,7,0,6,0,0,0,0,0,0,0,0,0,16,0,184,24,0,0,126,0,0,0,0,0,0,0,0,0,0
0,37,0,0,0,28,0,0,0,192,0,37,0,19,0,2,0,0,0,23,0,0,0,0,0,0,0,38,0,0,0,0,0,0,0,0,0,0,0,0,0,6,0,0,0,0,0,12,0,0,0,0,5,0,0,4,19,4,43,93,0,0,0,0,0,0,31,196,0,0,0,4,0,0,0,0,0,0,0,0,0,0,0,0,0,0,0,0,0,0,0,0,0,0,0,0,0,0,0,0,0,0,0,0,0,0,0,0,0,0,0,0,0,0,0,0,0,0,0,0,0,0,0,0,0,13,0,9,0,0,8,25,0,0,0,0,0,0,0,55,0,0,0,0,0,105,0,73,0,97,0,70,0,43,0,0,0,0,10,5,0,232,0,0,0,0,0,0,0,4,0,0,0,0,0,88,0,0,0,0,49,129,0,5,0,129,0,0,0,0,0,0,0,0,0,0,0,1,0,0,0,0,0,0,0,0,0,26,0,0,1,0,0,0,155,0,0,0,180,15,0,0,0,7,0
4,0,0,0,0,0,53,0,100,17,0,0,0,0,0,0,0,0,0,0,0,0,0,0,0,0,0,0,0,0,0,0,0,0,0,0,0,0,0,0,0,0,0,0,0,0,0,0,0,0,0,0,0,32,78,0,35,45,318,142,0,0,0,1,156,31,0,52,0,0,0,0,0,0,0,0,0,0,0,0,0,0,0,0,0,0,0,0,0,0,0,0,0,0,0,0,0,0,0,0,0,0,0,0,0,0,0,0,0,0,0,0,0,0,0,0,0,0,0,0,0,0,0,0,12,0,0,0,0,0,43,0,0,0,0,0,0,0,0,0,0,0,0,0,0,0,0,0,28,0,0,0,0,0,16,25,8,0,0,15,51,5,0,0,0,0,1,0,2,0,0,0,0,0,7,4,83,0,0,0,39,5,9,0,345,24,0,0,0,0,0,0,0,0,0,0,0,0,0,0,0,0,0,0,0,0,0,0,0,0,55,54,34,0,33,2,22,0,0,0,0,0,0,0,0
0,2,0,0,0,0,80,6,119,292,0,0,0,0,0,0,0,1,0,0,0,0,0,0,0,0,0,0,0,0,0,0,0,0,0,0,0,0,0,0,0,0,0,0,0,0,0,3,0,0,0,0,51,24,62,75,34,20,139,356,0,0,2,23,11,196,52,0,0,0,0,0,0,0,0,0,0,0,0,0,0,0,0,0,0,0,0,0,0,0,0,0,0,0,0,0,0,0,0,0,0,0,0,0,0,0,0,0,0,0,0,0,0,0,0,0,0,0,0,0,0,0,0,0,0,33,0,0,0,0,0,33,0,0,0,0,0,0,0,0,0,0,0,0,0,5,0,15,0,72,0,10,0,0,8,4,2,6,0,4,0,39,0,0,0,0,0,0,0,1,0,0,0,0,0,55,33,4,0,0,6,0,0,0,10,372,0,0,0,0,0,0,0,0,0,0,0,0,0,0,0,0,0,0,0,0,0,0,0,3,0,0,0,1,92,0,0,0,116,132,53,99,0,0,0
0,0,0,0,0,0,0,0,0,0,0,0,0,0,0,0,0,0,0,0,0,0,0,0,0,0,0,0,0,0,0,0,0,0,0,0,0,0,0,0,0,0,0,0,9,0,0,0,19,0,8,0,0,0,0,0,0,0,0,0,0,0,0,0,0,0,0,0,0,0,0,0,4,0,0,0,100,0,30,0,3,0,23,0,0,0,21,0,0,0,0,0,40,0,0,0,0,0,0,0,0,0,116,0,0,0,0,0,69,0,50,0,14,0,16,0,14,0,0,0,0,0,0,0,0,0,0,0,0,0,0,0,0,0,0,0,0,0,0,0,0,0,0,0,0,0,0,0,0,0,0,0,0,0,0,0,0,0,0,0,0,0,0,0,32,0,0,0,123,0,0,0,2,0,0,0,0,0,0,0,0,0,0,0,0,0,1,0,0,0,0,0,0,0,0,0,28,0,0,0,0,0,0,0,0,0,0,0,0,0,46,14,94,0,0,137,120,0,0,0,0,0,0,0,0
0,0,0,0,0,0,0,0,0,1,0,0,0,0,0,0,0,0,0,0,0,0,0,0,0,0,0,0,0,0,0,0,0,0,0,0,0,0,0,0,0,0,0,0,0,0,0,0,0,0,0,2,0,0,0,0,0,0,0,0,0,0,0,0,0,0,0,0,0,0,0,0,0,2,0,0,0,96,0,1,0,0,0,73,0,0,0,5,0,19,0,0,0,87,0,14,0,0,0,0,0,0,0,176,0,0,0,0,0,41,0,0,0,1,0,0,0,13,0,0,0,0,0,0,0,0,0,0,0,0,0,0,0,0,0,0,0,0,0,0,0,0,0,0,0,0,0,0,0,0,0,0,0,0,0,0,0,0,0,0,0,0,0,1,0,32,0,0,0,74,0,0,0,0,0,0,0,2,0,0,0,0,0,0,0,0,0,0,0,0,0,0,0,0,0,0,0,1,0,0,0,0,0,0,0,0,0,0,0,0,0,0,0,0,0,0,0,0,15,5,69,0,0,37,0
0,0,0,1,0,0,0,0,0,0,0,0,0,0,0,0,0,0,24,0,51,0,0,0,0,0,97,0,19,0,0,0,19,0,16,0,70,0,11,0,1,0,22,0,46,0,0,0,2,0,24,0,0,0,0,0,0,0,0,0,7,0,21,0,0,0,0,0,0,0,0,0,101,0,120,0,3,0,103,0,4,0,0,0,0,0,12,0,0,0,0,0,0,0,0,0,0,0,0,0,0,0,0,0,0,0,0,0,0,0,0,0,0,0,0,0,0,0,0,0,18,0,0,0,63,0,117,0,27,0,13,0,37,5,59,0,0,0,3,0,64,0,38,0,57,0,50,0,11,0,38,0,21,0,0,0,9,0,0,0,0,0,109,0,0,0,47,0,12,0,16,0,51,0,10,0,0,0,0,0,28,5,0,0,2,0,0,0,0,0,0,0,0,0,0,0,0,0,19,0,0,0,0,0,0,0,0,0,90,0,71,0,35,0,0,0,0,0,0,0,0,0,0,0,0
0,0,0,0,0,0,0,0,0,0,0,0,0,0,0,0,0,0,0,0,0,20,0,3,0,0,0,0,0,0,0,0,0,2,0,22,0,12,0,0,0,0,0,19,0,16,0,0,0,0,0,49,0,0,0,0,0,0,0,0,0,0,0,0,0,4,0,0,0,0,0,0,0,87,0,271,0,12,0,12,0,18,0,4,0,1,0,42,0,0,0,0,0,0,0,0,0,0,0,2,0,0,0,0,0,0,0,0,0,0,0,0,0,0,0,0,0,0,0,0,0,6,0,6,0,100,0,65,0,8,0,35,0,28,0,0,0,7,0,2,0,33,0,31,0,71,0,0,0,21,0,44,0,10,0,0,0,0,0,0,0,3,0,29,0,0,0,25,0,4,0,30,0,17,0,3,0,0,0,0,0,13,0,0,0,0,0,0,0,0,0,0,0,0,0,0,0,0,0,0,0,0,0,0,0,0,0,0,0,48,0,0,0,0,0,0,0,0,57,13,17,4,0,0,0
0,0,0,0,0,0,0,0,0,0,0,0,0,0,0,0,0,0,0,0,0,0,0,0,0,0,0,0,0,0,0,0,0,0,0,0,11,0,0,0,0,0,0,0,0,0,0,0,0,0,0,0,0,0,0,0,0,0,0,0,2,0,0,0,0,0,0,0,4,0,101,0,0,1,243,0,51,0,313,0,0,0,15,0,0,0,5,0,0,0,0,0,8,0,1,0,0,0,0,0,0,0,0,0,0,0,0,0,0,0,0,0,0,0,0,0,0,0,0,0,58,0,0,0,51,0,183,0,24,0,29,0,37,0,190,0,26,0,0,0,48,0,68,0,36,0,0,0,7,0,66,0,21,0,0,0,0,0,0,0,0,0,35,0,1,0,10,0,11,0,6,0,13,0,0,0,0,0,0,0,0,0,0,0,0,0,0,0,0,0,0,0,0,0,0,0,49,0,203,0,0,0,0,0,47,0,0,0,323,0,273,3,16,0,17,0,0,0,0,0,0,0,0,0,0
0,0,0,0,0,0,0,0,0,0,0,0,0,0,0,0,0,4,0,0,0,0,0,0,0,0,0,0,0,0,0,2,0,0,0,0,0,0,0,0,0,0,0,0,0,0,0,0,0,0,0,0,0,0,0,0,0,0,0,0,0,0,0,0,0,0,0,0,0,2,0,87,1,0,0,203,0,115,0,124,0,16,0,21,0,41,0,145,0,0,0,0,0,0,0,0,0,0,0,16,0,0,0,0,0,0,0,0,0,0,0,0,0,0,0,0,0,0,0,0,0,39,0,13,0,107,0,83,0,0,0,11,0,0,3,160,0,41,0,0,0,16,0,0,0,37,2,42,0,0,0,0,0,0,0,0,0,0,0,4,0,0,0,39,0,0,0,0,0,4,0,11,0,4,0,3,0,0,0,0,3,0,0,0,0,0,0,0,0,0,0,38,0,0,0,0,0,0,0,240,0,124,0,363,0,0,0,0,0,0,0,0,0,0,13,0,0,0,271,8,11,0,0,0,0
0,0,0,0,0,0,0,0,0,0,0,0,0,0,0,0,34,0,0,0,101,0,0,0,0,0,160,0,44,0,0,0,44,0,24,0,95,0,22,0,0,0,34,0,90,0,0,0,0,0,35,0,27,0,0,0,0,0,0,0,16,0,56,0,0,0,0,0,0,0,120,0,243,0,0,0,14,0,157,0,45,0,12,0,41,0,37,0,0,0,13,0,19,0,9,0,14,0,17,0,0,0,1,0,0,0,0,2,0,0,0,0,0,0,0,0,0,0,0,0,68,0,27,0,0,0,0,0,11,0,0,0,0,0,230,0,35,0,0,0,90,0,184,0,83,0,68,0,0,0,42,0,39,0,0,0,8,0,4,4,0,0,127,0,0,0,64,0,17,0,20,0,0,0,14,0,0,0,0,0,35,0,0,0,0,0,0,0,0,0,0,0,64,0,0,0,37,0,175,0,57,0,181,0,45,0,0,0,166,0,115,5,0,0,10,8,0,0,0,0,0,0,0,0,0
0,0,0,0,0,0,0,0,0,0,0,0,0,0,0,14,0,4,0,28,0,0,0,0,0,0,0,0,0,0,0,6,0,0,0,0,0,0,0,0,0,0,0,0,0,0,0,0,0,6,0,0,0,0,0,0,0,1,0,0,0,0,0,0,0,0,0,0,0,0,0,271,0,203,0,0,0,21,0,20,0,0,0,0,0,25,0,79,0,0,0,0,0,0,0,0,0,0,0,0,0,0,0,0,1,0,1,0,0,0,0,0,0,0,0,0,0,0,0,0,0,114,0,67,4,94,6,104,0,0,0,0,0,0,0,108,0,48,0,3,0,91,0,109,0,174,0,0,0,0,0,76,0,36,0,0,0,7,0,0,0,0,0,50,0,0,0,22,0,0,0,10,0,22,0,0,0,0,0,0,0,0,0,0,0,0,0,0,0,0,0,4,0,0,0,0,0,11,0,96,0,0,0,63,0,0,0,81,0,181,0,0,0,0,7,0,0,0,112,20,21,0,0,0,0
1,0,0,0,0,0,0,0,1,0,0,0,0,0,0,0,0,0,0,0,0,0,0,0,1,0,0,0,0,0,0,0,0,0,0,0,0,0,0,0,0,0,0,0,0,0,0,0,3,0,9,0,0,0,0,0,1,0,0,0,0,0,0,0,0,0,0,0,100,0,3,0,51,0,14,0,0,0,58,0,0,0,62,0,0,0,24,0,6,0,10,0,16,0,0,0,0,0,0,0,0,0,53,0,17,0,23,0,14,0,0,0,3,0,0,0,24,0,0,0,12,0,0,0,0,0,0,0,0,0,0,0,0,0,0,0,0,0,0,0,0,0,0,0,0,0,0,0,0,0,0,0,0,0,0,0,0,0,0,0,0,0,0,0,9,0,0,0,53,0,0,0,0,0,1,0,0,0,3,0,0,0,0,0,0,0,0,0,81,0,0,0,0,0,25,0,0,0,0,0,0,0,0,0,0,0,0,0,0,0,8,0,12,0,0,27,50,0,0,0,1,0,0,0,0
0,0,0,0,0,0,0,0,0,0,0,0,0,0,0,0,0,0,0,0,0,0,0,0,0,0,0,0,0,0,0,0,0,0,0,0,0,0,0,0,0,1,0,0,0,0,0,0,0,11,0,0,0,0,0,0,0,0,0,1,0,0,0,0,0,0,0,0,0,96,0,12,0,115,0,21,0,0,0,23,0,101,0,302,0,0,0,240,0,0,0,0,0,121,0,90,0,37,1,19,0,5,0,114,0,0,0,0,0,0,0,0,0,1,0,0,0,12,0,0,0,12,0,3,0,0,0,18,0,0,0,0,0,0,0,0,0,7,0,0,0,0,0,0,0,9,0,12,0,0,0,15,0,0,0,0,0,0,0,0,0,0,0,0,0,7,0,0,0,129,0,0,0,0,0,0,1,0,0,0,0,0,0,0,0,0,0,0,0,219,0,0,0,0,0,60,0,0,0,0,0,84,0,0,0,308,0,0,0,0,0,0,0,0,0,0,0,0,68,5,52,0,31,1,0
0,0,0,0,0,0,0,0,0,0,0,0,0,0,0,0,0,0,0,0,0,0,0,0,0,0,0,0,0,0,0,0,0,0,0,0,0,0,0,0,0,0,0,0,0,0,0,0,4,0,0,0,0,0,0,0,0,0,0,0,0,0,0,0,0,0,0,0,30,0,103,0,313,0,157,0,58,0,0,0,26,0,73,0,13,0,84,0,7,0,18,0,41,0,12,0,0,0,0,0,5,0,50,0,0,0,0,0,9,0,0,0,0,0,2,0,16,0,0,0,122,0,0,0,0,0,0,0,0,0,0,0,0,0,143,0,0,0,0,0,17,0,0,0,18,0,0,0,0,0,0,0,0,0,0,0,0,0,0,0,0,0,23,0,0,0,0,0,62,0,0,0,0,0,3,0,0,0,0,0,0,0,0,0,0,0,0,0,224,0,0,0,407,0,52,0,0,0,443,0,145,0,454,0,285,0,0,0,225,0,208,2,54,0,14,43,35,0,0,0,0,0,0,0,0
