0,193,73,101,125,16,13,61,14,20,127,21,187,0,27,52,18,31,29,0,9,0,15,83,14,132,19,0,104,0,16,0,94,0,0,0,41,0,359,0,54,0,0,0,2,0,7,0,15,0,0,0,0,0,3,0,9,1,0,0,30,0,52,24,0,0,2,0,0,0,0,0,0,2,0,0,0,0,0,0,0,0,0,0,0,0,0,0,0,0,0,0,0,0,0,0,0,0,0,0,0,0,0,0,0,0,0,0,0,0,0,0,0,0,0,0,0,0,0,0,0,0,0,0,0,0,0,0,0,0,0,0,0,0,0,0,0,0,0,0,0,0,0,0,0,0,0,0,2,0,0,0,0,0,1,0,0,0,0,0,0,0,0,0,5,0,0,0,29,0,0,0,104,0,0,0,214,35,14,0,0,0,45,0,7,0,1,0,0,0,0,0,0,0,0,0,0,0,0,0,0,0,0,0,0,0,0,0,0,0,0,1,0,0,94,1,0,0,12,0,105,0,26,0,0,0,164,9,79,1,206,0,0,0,17,0,67,10,43,0,33,0,51,0,300,0,0,0,0
193,0,293,40,38,384,47,41,30,90,26,147,0,135,11,61,45,0,0,126,17,0,361,24,175,12,0,153,0,10,0,2,0,43,0,0,0,72,11,106,0,134,0,0,0,0,0,50,0,0,0,0,0,4,0,19,0,0,0,10,0,81,0,95,0,49,0,49,0,0,0,0,0,16,0,0,0,0,0,0,0,0,0,0,0,0,0,0,0,0,0,0,0,0,0,0,0,0,0,0,0,0,0,0,0,0,0,0,0,0,0,0,0,0,0,0,0,0,0,0,0,0,0,0,0,3,0,0,0,0,0,6,0,0,0,23,0,26,0,0,0,0,0,0,0,0,0,5,0,25,1,19,0,24,0,6,0,0,0,0,0,0,0,0,0,7,0,6,0,0,0,12,0,31,3,37,28,286,2,11,0,12,0,64,0,64,0,34,0,0,0,0,0,0,0,0,0,1,0,3,0,0,0,0,0,0,0,0,0,8,0,13,0,0,0,70,0,0,0,0,2,191,0,5,0,0,0,174,0,117,0,174,0,252,0,19,0,44,0,70,0,52,0,44,0,167,0,0,0
73,293,0,88,136,34,78,52,17,37,13,55,43,0,116,67,50,24,108,0,33,0,208,47,98,116,62,0,95,3,38,0,115,0,0,0,27,0,143,0,13,0,0,0,3,0,0,0,0,0,4,0,3,0,33,0,0,0,0,1,0,26,41,59,9,2,7,0,0,0,0,0,0,6,0,0,0,0,0,0,0,0,0,0,14,0,0,0,0,0,0,0,0,0,0,0,0,0,33,0,0,0,0,0,0,0,0,0,0,0,0,0,0,0,0,0,0,0,0,0,0,0,0,0,97,0,5,0,0,0,42,0,0,0,70,0,16,0,0,0,0,0,0,0,0,0,56,0,166,0,16,0,18,0,0,0,0,0,0,0,21,0,0,0,0,0,48,0,0,0,0,0,92,0,0,0,45,22,0,2,0,0,24,0,12,0,1,1,0,0,0,0,0,0,0,0,2,0,0,0,0,0,0,0,0,0,0,0,27,0,0,1,1,0,62,0,0,0,12,0,123,2,14,0,15,0,93,0,73,0,79,0,141,0,21,0,32,0,37,0,0,0,25,0,192,0,0,0,0
101,40,88,0,87,51,4,89,0,4,104,0,2,0,45,324,11,6,0,126,17,70,101,273,0,107,0,27,0,36,0,20,0,76,0,0,0,111,0,107,0,0,0,0,0,0,0,5,0,0,0,0,0,0,0,40,0,14,0,30,0,16,0,22,0,0,0,0,0,0,0,0,0,2,0,2,0,0,0,0,0,0,0,0,0,49,0,0,0,0,0,0,0,0,0,0,0,0,0,0,0,0,0,0,0,0,0,0,0,0,0,0,0,0,0,0,0,0,0,0,0,0,0,0,0,0,0,0,0,0,0,0,0,0,0,47,0,49,0,29,0,21,0,20,0,0,0,0,0,0,0,6,0,4,0,0,0,0,0,0,0,0,0,0,0,1,0,44,0,9,0,0,0,35,0,6,0,39,0,1,0,0,0,7,0,0,0,0,0,0,0,0,0,0,0,0,0,0,0,0,0,0,0,0,0,0,0,0,0,0,0,14,0,0,0,25,0,0,0,0,0,257,0,5,0,0,0,120,0,128,0,88,0,179,0,6,0,16,0,33,0,16,0,14,1,88,0,0,0
125,38,136,87,0,194,22,0,36,0,44,182,106,27,120,327,12,0,75,124,96,0,51,45,13,7,53,29,10,0,84,0,89,8,60,18,139,0,10,3,56,0,0,0,0,0,3,0,7,0,65,0,0,0,0,0,0,0,0,0,0,0,0,3,0,0,0,1,0,0,0,0,0,0,0,0,0,0,0,0,0,0,0,0,0,0,0,0,0,0,0,0,0,0,0,0,0,0,0,0,0,0,0,0,0,0,0,0,0,0,0,0,0,0,0,0,0,0,0,0,0,0,0,0,0,0,4,0,0,0,0,0,0,0,0,0,0,0,0,0,0,0,0,0,3,0,20,0,41,0,0,1,27,0,0,0,0,0,4,0,0,0,5,0,44,0,121,0,67,0,0,0,62,0,0,0,131,74,81,0,15,0,25,0,28,0,0,0,0,0,0,0,0,0,0,0,0,0,0,0,0,0,0,0,0,0,0,0,5,0,3,0,0,0,0,0,0,0,0,0,123,1,9,0,140,0,163,6,114,0,103,0,0,0,14,0,59,10,19,0,12,0,25,0,251,0,0,0,0
16,384,34,51,194,0,0,55,0,26,196,117,97,56,294,96,1,0,174,252,151,218,35,38,0,0,0,130,0,0,20,35,0,28,0,56,0,140,0,8,0,58,0,8,0,0,0,38,0,3,0,47,0,0,0,4,0,6,0,4,0,0,0,0,0,21,0,9,0,0,0,0,0,0,0,0,0,0,0,0,0,0,0,0,0,0,0,0,0,0,0,0,0,0,0,0,0,0,0,0,0,0,0,0,0,0,0,0,0,0,0,0,0,0,0,0,0,0,0,0,0,0,0,0,0,3,0,1,0,0,0,0,0,0,0,0,0,26,0,0,0,0,0,7,0,0,0,0,0,0,0,19,0,0,0,0,0,2,0,0,0,0,0,3,0,14,0,54,0,33,0,0,0,34,0,10,24,250,2,23,0,0,0,2,0,11,0,7,0,0,0,0,0,0,0,0,0,1,0,0,0,0,0,0,0,0,0,0,0,3,0,6,0,0,0,11,0,0,0,48,0,224,0,8,0,113,0,261,0,183,0,213,0,89,0,0,0,39,0,26,0,11,0,36,0,130,0,0,0
13,47,78,4,22,0,0,0,19,77,27,2,21,0,19,3,15,0,0,0,2,0,38,0,212,67,13,0,0,0,0,0,0,0,0,0,0,0,115,0,0,0,0,0,0,0,0,0,0,0,0,0,35,0,151,65,33,0,34,0,117,0,344,35,0,0,7,20,0,0,0,0,0,0,0,0,0,0,0,0,0,0,0,0,0,0,0,0,0,0,0,0,0,0,0,0,0,0,0,0,0,0,0,0,0,0,0,0,0,0,0,0,0,0,0,0,0,0,0,0,0,0,0,0,95,0,8,0,0,0,104,0,0,0,33,0,7,0,0,0,0,0,0,0,0,0,10,0,76,0,4,0,0,0,0,0,0,0,0,0,28,0,0,0,0,0,3,0,0,0,9,0,103,0,0,0,21,11,0,0,0,0,7,7,0,0,0,0,0,0,0,0,0,0,0,0,0,0,0,0,0,0,0,0,0,0,0,0,29,0,0,0,0,0,121,0,0,0,17,0,182,6,41,0,15,0,121,0,88,0,127,0,170,0,13,0,30,0,66,2,39,0,43,0,314,0,0,0,0
61,41,52,89,0,55,0,0,59,44,0,0,0,0,1,125,27,9,0,61,0,0,94,51,130,196,0,21,0,50,0,0,3,9,0,0,0,26,0,57,0,0,0,0,0,0,0,0,0,0,0,0,0,5,0,136,0,16,0,47,0,84,22,251,0,0,0,0,0,0,0,0,0,10,0,0,0,0,0,0,0,0,0,0,0,0,0,0,0,0,0,0,0,0,0,0,0,0,0,11,0,0,0,0,0,0,0,0,0,0,0,0,0,0,0,0,0,0,0,0,0,3,0,0,0,1,0,0,0,0,0,0,0,4,0,76,0,94,0,22,0,19,0,30,0,0,0,0,0,0,0,0,0,3,0,0,0,1,0,0,0,2,0,0,0,0,0,0,0,5,0,4,0,15,1,8,6,21,1,0,0,10,0,9,0,0,1,0,0,0,0,0,0,0,0,0,0,0,0,0,0,0,0,0,0,0,0,0,0,4,0,10,0,0,1,29,0,0,0,0,0,128,0,8,0,6,4,35,0,67,0,65,0,151,0,11,0,0,0,34,1,13,0,10,0,94,0,0,0
14,30,17,0,36,0,19,59,0,154,11,0,28,0,12,0,13,7,12,0,0,0,15,0,31,120,13,0,5,0,0,0,7,0,0,0,0,0,122,0,23,0,0,0,0,0,4,0,11,0,7,0,112,83,116,227,15,43,60,101,433,15,357,79,29,0,29,122,2,0,0,0,0,0,0,0,0,0,0,0,0,0,0,0,0,0,0,0,0,0,0,0,0,0,0,0,0,0,0,0,0,0,0,0,0,0,0,0,0,0,0,0,0,0,0,0,0,0,0,0,0,0,0,0,41,0,5,0,0,0,10,0,0,0,5,0,0,0,0,0,0,0,0,0,0,0,16,0,76,0,7,0,22,0,0,0,0,0,0,0,11,0,0,0,3,0,3,0,26,0,53,0,187,0,21,0,247,24,14,0,4,0,27,6,41,49,3,0,0,0,0,0,0,0,0,0,0,0,0,0,0,0,0,0,0,0,0,0,5,0,0,0,0,0,88,0,0,0,15,0,144,9,27,1,22,1,378,0,103,0,166,0,116,0,0,0,21,1,118,0,92,0,89,0,398,0,0,0,0
20,90,37,4,0,26,77,44,154,0,0,16,0,8,0,0,35,13,0,12,0,0,45,0,190,84,0,24,0,0,0,0,0,0,0,0,0,0,11,0,0,7,0,0,0,0,0,7,0,0,0,6,23,123,113,245,0,21,0,83,0,100,80,581,1,39,0,53,0,1,0,0,0,0,0,0,0,0,0,0,0,0,0,1,0,0,0,0,0,0,0,0,0,0,0,0,0,7,0,0,0,0,0,0,0,0,0,0,0,0,0,0,0,0,0,0,0,0,0,0,0,0,0,1,1,4,0,0,0,0,0,9,0,0,0,0,0,17,0,4,0,0,0,0,0,2,0,6,0,17,0,15,0,4,0,5,0,12,0,1,0,4,0,4,0,0,0,0,0,0,0,33,7,27,18,6,27,128,0,0,0,0,0,55,0,6,0,0,0,0,0,0,0,0,0,0,0,0,0,6,0,0,0,0,0,0,0,1,0,0,0,0,0,0,0,126,0,0,0,8,0,217,0,18,0,16,0,109,0,179,0,144,2,299,1,32,0,22,1,144,0,59,1,43,5,372,0,0,0
127,26,13,104,44,196,27,0,11,0,0,86,167,0,13,369,5,3,18,36,10,26,6,65,0,2,7,7,0,0,44,0,49,0,11,2,62,4,0,0,60,0,0,0,0,0,4,0,0,0,10,0,0,0,0,0,4,0,3,0,0,0,0,0,3,0,3,0,0,0,0,0,0,0,0,0,0,0,0,0,0,0,0,0,0,0,0,0,0,0,0,0,0,0,0,0,0,0,0,0,0,0,0,0,0,0,0,0,0,0,0,0,0,0,0,0,0,0,0,0,0,1,0,0,0,0,0,0,0,0,0,0,0,0,0,0,0,0,0,0,0,0,0,0,0,0,0,0,0,0,3,0,22,0,0,0,0,0,2,0,0,0,1,0,0,0,59,0,0,0,0,0,34,0,9,0,206,42,43,0,12,0,22,0,24,0,2,0,0,0,0,0,0,0,0,0,0,0,0,0,0,0,0,0,0,0,0,0,0,0,0,0,0,0,0,0,0,0,3,0,76,0,5,0,30,0,105,4,67,0,70,0,75,1,0,0,28,5,9,0,0,0,12,0,104,0,0,0,0
21,147,55,0,182,117,2,0,0,16,86,0,29,203,285,9,6,0,60,42,109,29,66,0,0,0,0,57,0,0,17,6,0,27,0,13,0,44,0,25,0,171,0,0,0,0,0,59,0,12,0,9,0,0,0,6,0,0,0,0,0,4,0,0,0,11,0,7,0,0,0,1,0,0,0,0,0,0,0,0,0,0,0,0,0,0,0,0,0,0,0,0,0,0,0,0,0,0,0,0,0,0,0,0,0,0,0,0,0,0,0,0,0,0,0,0,0,0,0,0,0,0,0,0,0,0,0,0,0,0,0,5,0,0,0,5,0,3,0,0,0,0,0,0,0,0,0,0,0,0,0,0,0,8,0,0,0,0,0,0,0,0,0,0,0,0,0,0,0,14,0,0,0,0,0,39,11,374,0,51,0,13,0,14,0,24,0,110,0,0,0,0,0,0,0,0,0,0,0,3,0,0,0,0,0,0,0,0,0,1,0,5,0,0,0,13,0,0,0,0,0,111,0,0,0,40,0,187,0,59,0,139,0,119,0,0,0,31,1,13,0,0,0,25,0,100,0,0,0
187,0,43,2,106,97,21,0,28,0,167,29,0,161,26,59,17,0,70,325,57,72,20,3,0,0,134,460,0,0,0,8,0,0,83,24,0,0,0,0,207,81,92,6,22,22,9,66,39,0,185,22,0,0,0,0,3,0,4,0,0,0,0,0,0,0,3,0,0,0,0,0,1,0,1,0,0,0,0,0,0,0,0,0,4,0,0,0,0,0,0,0,0,0,0,0,0,0,10,0,0,0,0,0,0,0,0,0,0,0,0,0,0,0,0,0,0,0,0,0,2,0,0,0,0,0,0,0,0,0,0,0,0,0,0,0,0,0,0,0,0,0,0,0,0,0,0,0,19,0,0,0,0,1,0,0,0,0,0,0,0,0,0,0,37,0,7,0,21,0,0,0,7,0,13,0,207,62,74,0,13,1,28,0,24,0,81,11,0,0,0,0,0,0,0,0,0,0,0,0,0,0,0,0,0,0,0,0,0,0,0,0,2,0,0,0,0,0,236,47,25,0,20,0,202,0,99,0,12,0,22,0,0,0,0,0,26,0,9,0,3,0,10,0,78,0,0,0,0
0,135,0,0,27,56,0,0,0,8,0,203,161,0,27,4,0,0,380,56,124,20,0,0,0,0,109,81,0,0,0,2,0,0,51,30,0,22,0,0,19,193,42,55,8,14,0,63,1,18,53,150,0,0,0,5,0,0,0,0,0,0,0,0,0,4,0,7,0,0,0,0,0,0,0,0,0,0,0,0,0,0,0,0,0,0,0,0,0,0,0,0,0,0,0,0,0,0,0,0,0,0,0,0,0,0,0,0,0,0,0,0,0,0,0,0,0,0,0,0,0,0,0,1,0,0,0,0,0,0,0,0,0,0,0,0,0,0,0,0,0,0,0,0,0,0,0,3,0,0,0,0,0,0,0,0,0,0,0,0,0,0,0,1,0,9,0,32,1,5,0,3,0,0,0,0,21,265,0,12,0,0,0,4,0,0,4,70,0,0,0,0,0,0,0,0,0,0,0,0,0,0,0,0,0,0,0,0,0,4,0,0,0,0,0,1,0,0,0,97,0,0,0,9,0,0,0,56,0,0,0,0,0,0,0,0,0,0,0,7,0,0,0,0,0,0,0,0,0
27,11,116,45,120,294,19,1,12,0,13,285,26,27,0,461,6,0,124,161,133,84,119,56,21,0,43,22,0,0,40,32,17,41,0,24,116,34,0,0,9,0,5,0,0,0,4,0,0,0,38,0,0,0,8,0,0,0,0,0,0,0,0,0,0,0,0,0,0,0,1,0,0,0,0,0,0,0,0,0,0,0,0,0,0,0,0,0,0,0,0,0,0,0,0,0,7,0,0,0,0,0,0,0,0,0,0,0,0,0,0,0,0,0,0,0,0,0,0,0,0,0,0,0,0,0,5,0,0,0,0,0,0,0,0,0,8,0,0,0,0,0,0,0,1,0,20,0,67,0,13,0,13,0,0,0,0,0,0,0,0,0,0,0,16,0,37,0,27,0,3,0,11,2,0,0,37,24,6,0,0,0,14,0,7,0,0,7,0,0,0,0,0,0,0,0,0,0,0,0,0,0,0,0,0,0,0,0,0,0,0,0,0,0,0,0,0,0,8,0,25,0,9,0,0,0,205,0,40,0,33,0,0,0,0,0,0,0,11,0,6,0,17,0,84,0,0,0,0
52,61,67,324,327,96,3,125,0,0,369,9,59,4,461,0,0,2,90,300,197,130,69,138,0,74,0,118,0,0,27,6,0,28,8,13,0,56,0,0,7,13,0,0,0,0,1,7,0,3,0,9,0,0,0,78,0,26,0,0,0,0,0,14,0,7,0,0,0,0,0,0,0,0,0,0,0,0,0,0,0,0,0,0,0,91,0,0,0,0,0,0,0,0,0,0,0,0,0,0,0,0,0,0,0,0,0,0,0,0,0,0,0,0,0,0,0,0,0,0,0,0,0,0,0,0,0,4,0,0,0,2,0,0,0,77,0,70,0,69,0,49,0,78,0,0,0,2,0,0,0,12,0,0,0,5,0,0,0,0,0,0,0,0,0,0,0,6,0,4,0,0,0,11,0,11,12,54,2,2,0,0,0,4,0,0,1,0,0,0,0,0,0,0,0,0,0,0,0,3,0,0,0,0,0,0,0,0,0,0,0,0,0,0,0,22,0,0,0,0,0,42,0,0,0,23,0,606,0,46,0,34,0,26,0,5,0,0,0,24,0,13,0,7,0,40,0,0,0
18,45,50,11,12,1,15,27,13,35,5,6,17,0,6,0,0,6,104,0,134,0,106,0,47,76,89,0,100,0,41,0,73,0,10,0,5,0,131,0,18,0,4,0,36,0,0,0,15,0,5,0,65,6,16,22,12,0,9,0,25,0,400,34,0,0,0,0,0,0,27,0,0,0,33,0,0,0,0,0,249,0,0,0,158,0,144,0,0,0,0,0,0,0,0,0,156,0,336,0,56,0,0,0,0,0,38,0,0,0,0,0,0,0,0,0,0,0,0,0,130,0,30,1,0,0,0,0,21,0,0,0,0,0,21,0,64,0,31,0,92,0,227,0,0,0,0,0,2,0,0,0,2,0,33,0,0,0,45,0,18,0,2,0,0,0,0,0,18,0,6,0,45,0,3,0,9,2,0,0,0,0,3,0,0,0,0,0,0,0,0,0,0,0,0,0,0,0,0,0,17,0,0,0,0,0,0,0,0,0,2,0,0,0,41,0,0,0,9,0,45,2,27,0,0,0,239,0,51,1,36,0,68,0,9,0,8,0,14,0,11,0,6,0,89,4,0,0,0
31,0,24,6,0,0,0,9,7,13,3,0,0,0,0,2,6,0,0,12,0,88,36,67,37,25,0,11,0,35,0,7,0,18,0,6,0,18,3,29,0,0,0,0,0,5,0,0,0,0,0,1,0,30,0,6,0,0,0,0,0,8,0,182,0,0,0,0,0,0,0,0,0,1,0,0,0,0,0,0,0,58,0,4,0,86,0,15,0,0,0,0,0,0,0,0,0,8,0,63,0,0,0,0,0,0,0,0,0,0,0,0,0,0,0,0,0,0,0,0,0,21,0,14,0,0,0,1,0,7,0,0,0,5,0,23,0,0,0,16,0,30,0,145,0,0,0,0,0,0,0,0,0,0,0,9,0,0,0,3,0,1,0,0,0,1,0,9,0,1,0,3,0,2,0,0,0,8,0,0,0,0,0,0,0,0,0,0,0,0,0,0,0,0,0,0,0,0,0,0,0,0,0,0,0,0,0,0,0,3,0,0,0,0,0,0,0,0,0,0,0,32,0,0,0,0,0,237,0,18,0,4,0,0,0,0,0,1,0,6,0,0,0,2,0,15,0,0,0
29,0,108,0,75,174,0,0,12,0,18,60,70,380,124,90,104,0,0,618,101,109,295,0,34,0,112,512,20,0,6,0,0,5,189,52,13,13,0,0,39,46,52,5,9,5,4,43,0,2,106,46,0,0,0,0,0,0,0,1,0,0,21,0,6,0,0,0,0,0,18,0,0,0,0,0,0,0,0,0,0,0,0,0,0,0,56,0,0,0,0,0,0,0,0,0,0,0,112,0,0,0,0,0,0,0,0,0,0,0,0,0,0,0,0,0,0,0,0,0,21,0,0,0,0,0,0,0,3,0,0,0,0,0,0,0,0,0,0,0,0,0,61,0,0,0,7,0,0,0,0,0,0,0,0,0,0,0,0,0,13,0,0,0,27,4,0,1,0,0,0,0,9,0,0,0,90,71,29,0,1,0,0,0,8,0,20,71,0,0,0,0,0,0,0,0,0,0,0,0,0,0,0,0,0,0,0,0,0,0,0,0,0,0,6,0,0,0,25,39,0,0,0,0,78,29,71,0,14,0,0,0,14,0,0,0,0,0,0,0,2,0,15,0,41,0,0,0,0
0,126,0,126,124,252,0,61,0,12,36,42,325,56,161,300,0,12,618,0,247,231,0,237,0,32,94,182,0,0,18,18,0,5,42,85,0,28,0,0,17,55,25,28,0,29,0,90,0,14,78,146,0,0,0,28,0,9,0,0,0,0,0,10,0,0,0,0,0,1,0,0,0,0,0,0,0,0,0,0,0,0,0,0,0,73,0,10,0,0,0,0,0,0,0,0,0,0,0,0,0,0,0,0,0,0,0,0,0,0,0,0,0,0,0,0,0,0,0,0,0,11,0,0,0,0,0,3,0,0,0,0,0,0,0,36,0,69,0,27,0,23,0,0,0,5,0,0,0,0,0,0,0,0,0,0,0,0,0,1,0,3,0,4,0,23,0,25,0,13,0,0,0,10,0,0,7,71,5,2,2,7,0,9,0,7,7,2,0,0,0,0,0,0,0,0,0,0,0,0,0,0,0,0,0,0,0,0,0,4,0,0,0,0,0,9,0,0,0,41,0,29,0,6,0,110,0,317,0,45,0,0,0,0,0,4,0,0,0,20,0,0,0,9,0,0,0,0,0
9,17,33,17,96,151,2,0,0,0,10,109,57,124,133,197,134,0,101,247,0,50,149,30,6,0,48,177,90,0,35,13,29,20,51,23,43,23,2,0,1,35,17,0,38,3,0,33,3,0,52,9,0,0,14,0,0,0,0,0,1,0,55,0,0,0,0,0,0,0,98,0,4,0,60,0,0,0,0,0,120,0,0,0,39,0,144,0,0,0,0,0,0,0,73,0,67,0,224,0,47,0,0,0,0,0,0,0,0,0,0,0,0,0,0,0,0,0,0,0,108,0,0,0,0,0,0,0,0,0,2,0,0,0,10,0,12,0,0,0,42,0,68,0,39,0,0,0,0,0,0,0,0,0,8,0,0,0,8,0,0,0,4,0,24,0,70,0,72,0,9,0,26,0,0,0,17,10,4,0,0,0,1,0,0,1,9,22,0,0,0,0,0,0,0,0,0,0,0,0,0,0,0,0,0,0,0,0,0,0,0,0,0,0,26,0,0,0,43,15,66,0,20,0,74,7,452,5,75,0,101,0,62,0,13,0,74,0,25,0,18,0,27,0,233,1,0,0,0
0,0,0,70,0,218,0,0,0,0,26,29,72,20,84,130,0,88,109,231,50,0,0,245,0,75,0,221,0,24,0,6,0,5,0,26,0,4,0,0,0,10,0,26,0,72,1,16,0,16,0,35,0,0,0,24,0,0,0,0,0,5,0,36,0,0,0,0,0,0,0,0,0,2,0,24,0,0,0,0,0,126,0,0,0,97,0,68,0,0,0,0,0,1,0,0,0,0,0,79,0,0,0,0,0,0,0,0,0,0,0,0,0,0,0,0,0,0,0,0,0,94,0,96,0,0,0,0,0,0,0,0,0,0,0,0,0,0,0,55,0,42,0,152,0,49,0,0,0,0,0,0,0,0,0,7,0,0,0,5,0,0,0,3,0,3,0,13,0,0,0,7,0,16,0,0,0,12,0,2,0,0,0,0,0,0,0,4,0,0,0,0,0,0,0,0,0,0,0,0,0,0,0,0,0,0,0,0,0,6,0,0,0,0,0,9,0,0,0,40,0,0,0,0,0,36,0,330,0,48,0,72,0,0,0,5,0,14,0,25,0,19,0,14,0,66,0,0,0
15,361,208,101,51,35,38,94,15,45,6,66,20,0,119,69,106,36,295,0,149,0,0,81,56,161,128,0,45,0,13,0,33,0,11,0,9,11,54,12,35,0,3,0,9,0,5,0,14,0,0,0,11,0,105,0,12,0,0,0,4,38,53,54,5,0,2,0,0,0,0,0,0,0,0,0,0,0,5,0,49,0,0,0,79,0,0,0,0,0,0,0,0,0,0,0,119,0,0,0,18,0,0,0,0,0,0,0,0,0,0,0,0,0,0,0,0,0,0,0,0,0,0,0,41,0,0,0,0,0,23,0,9,0,150,0,68,0,0,0,18,0,167,0,5,0,25,0,45,0,13,0,9,0,15,0,0,0,0,0,18,0,2,0,0,0,13,0,13,0,0,0,58,0,6,0,13,17,0,2,6,0,13,0,5,0,0,0,0,0,0,0,0,0,0,0,0,0,0,0,44,0,0,0,0,0,0,0,13,0,0,0,0,0,38,0,0,0,0,1,68,4,8,0,13,0,309,6,58,0,63,0,92,0,4,2,23,2,27,0,16,0,18,0,151,0,0,0,0
83,24,47,273,45,38,0,51,0,0,65,0,3,0,56,138,0,67,0,237,30,245,81,0,0,125,0,93,0,30,5,16,6,14,0,17,0,32,0,17,0,15,0,0,0,22,0,7,0,17,0,4,0,10,0,71,0,16,0,24,0,11,0,109,0,0,0,0,0,0,0,0,0,0,0,0,0,0,0,15,0,147,0,2,0,242,0,68,0,0,0,0,0,0,0,0,0,0,0,126,0,0,0,0,0,0,0,0,0,0,0,0,0,0,0,0,0,0,0,0,0,62,0,51,0,0,0,0,0,0,0,0,0,8,0,0,0,31,0,38,0,45,0,173,0,14,0,0,0,1,0,0,0,0,0,8,0,0,0,2,0,0,0,4,0,0,0,19,0,5,0,5,0,23,0,4,0,0,0,0,0,0,0,0,0,0,0,0,0,0,0,0,0,0,0,0,0,0,0,0,0,0,0,0,0,0,0,0,0,0,0,0,0,0,0,14,0,0,0,0,0,53,0,0,0,0,0,689,0,35,0,33,0,37,0,0,0,7,0,26,0,5,0,13,0,45,0,0,0
14,175,98,0,13,0,212,130,31,190,0,0,0,0,21,0,47,37,34,0,6,0,56,0,0,301,25,0,12,0,0,0,0,0,0,0,1,0,14,0,28,0,3,0,0,0,1,0,3,0,0,0,23,13,146,119,31,0,17,0,0,0,46,130,0,0,0,6,0,0,0,0,0,0,0,0,0,0,0,0,0,0,0,0,94,0,0,0,0,0,0,0,0,0,0,0,159,0,73,0,0,0,0,0,0,0,0,0,0,0,0,0,0,0,0,0,0,0,0,0,0,0,0,0,30,0,0,0,32,0,28,0,4,0,105,0,96,0,0,0,37,0,221,0,1,0,0,0,19,0,0,0,1,0,62,0,0,0,48,0,48,0,0,2,0,0,0,0,0,0,0,0,0,0,6,0,19,5,0,0,0,0,5,9,0,6,0,0,0,0,0,0,0,0,0,0,0,0,0,0,47,0,0,0,0,0,0,0,7,0,0,0,0,0,17,0,0,0,4,0,19,0,0,0,6,0,127,6,0,0,12,0,19,0,1,0,0,0,8,3,0,0,0,0,32,8,0,0,0
132,12,116,107,7,0,67,196,120,84,2,0,0,0,0,74,76,25,0,32,0,75,161,125,301,0,0,0,5,30,0,0,0,4,0,1,3,2,27,14,0,1,0,0,0,6,0,0,0,0,0,0,2,2,21,108,0,31,0,38,15,13,50,92,0,0,0,6,0,0,0,0,0,0,0,0,0,0,0,0,0,12,0,0,0,67,0,0,0,0,0,0,0,0,0,0,0,0,0,24,0,0,0,0,0,0,0,0,0,0,0,0,0,0,0,0,0,0,0,0,0,8,0,7,0,0,0,0,0,8,0,0,0,3,0,30,0,33,0,50,0,37,0,98,0,0,0,0,0,0,0,0,0,0,0,9,0,0,0,8,0,0,0,0,0,0,0,3,0,2,1,1,3,2,3,0,4,7,0,0,0,0,0,0,0,0,2,0,0,0,0,0,0,0,0,0,0,0,0,1,0,3,0,0,0,0,0,0,0,0,0,0,0,0,0,6,0,0,0,0,0,32,0,0,0,0,10,293,4,31,0,3,0,25,0,0,0,0,2,4,0,0,0,0,0,18,0,0,0
19,0,62,0,53,0,13,0,13,0,7,0,134,109,43,0,89,0,112,94,48,0,128,0,25,0,0,403,16,0,0,0,0,0,37,0,0,0,0,0,85,202,160,8,144,15,24,131,46,0,148,7,0,0,0,0,20,0,0,0,0,0,16,0,0,0,0,0,0,0,0,0,0,0,12,0,0,0,0,0,0,0,0,0,0,0,0,0,0,0,0,0,0,0,0,0,71,0,104,0,0,0,0,0,0,0,0,0,0,0,0,0,0,0,0,0,0,0,0,0,0,0,0,0,0,0,0,0,4,0,0,0,0,0,0,0,0,0,0,0,0,0,39,0,19,0,0,0,0,0,0,0,7,0,0,0,0,0,0,0,0,0,0,0,37,0,0,0,0,0,0,0,0,0,0,0,43,52,4,0,0,0,0,0,5,0,24,12,0,0,0,0,0,0,0,0,0,0,0,0,29,0,0,0,0,0,0,0,0,0,3,0,2,0,4,0,0,0,282,0,0,0,39,6,94,3,26,0,0,0,9,0,8,0,0,0,0,0,0,0,0,0,2,0,0,0,0,0,0
0,153,0,27,29,130,0,21,0,24,7,57,460,81,22,118,0,11,512,182,177,221,0,93,0,0,403,0,0,0,0,2,0,0,46,38,0,10,0,0,134,32,107,113,45,122,0,84,5,30,161,261,0,0,0,14,0,9,0,0,0,0,0,0,0,15,0,5,0,0,0,8,0,0,0,3,0,0,0,0,0,0,0,0,0,0,0,0,0,1,0,0,0,0,0,0,0,0,0,17,0,0,0,0,0,0,0,0,0,0,0,0,0,0,0,0,0,0,0,0,0,0,0,0,0,0,0,0,0,0,0,4,0,0,0,0,0,26,0,0,0,0,0,0,0,0,0,0,0,0,0,0,0,0,0,0,0,6,0,0,0,0,0,0,0,14,0,7,0,14,0,0,0,0,0,0,7,126,0,8,0,0,0,8,0,12,17,17,0,0,0,0,0,0,0,0,0,0,0,0,0,0,0,0,0,0,0,0,0,0,0,0,0,0,0,16,0,0,25,396,0,25,0,89,0,39,0,262,0,26,0,34,0,24,0,0,0,0,0,0,0,0,0,9,0,23,0,0,0
104,0,95,0,10,0,0,0,5,0,0,0,0,0,0,0,100,0,20,0,90,0,45,0,12,5,16,0,0,0,40,0,26,0,92,0,4,0,9,0,0,0,9,0,2,0,0,0,0,0,7,0,16,0,4,0,0,1,0,0,0,0,34,0,0,0,0,0,0,0,72,0,0,0,49,0,0,0,0,0,69,0,0,0,0,0,97,0,0,0,0,0,0,0,0,0,17,0,91,0,7,0,0,0,0,0,0,0,0,0,0,0,0,0,0,0,0,0,0,0,98,0,0,0,0,0,0,0,0,0,0,0,0,0,5,0,10,0,0,0,29,0,0,0,21,0,0,0,0,0,0,0,0,0,6,0,2,0,11,0,0,0,0,0,4,0,1,0,0,0,0,0,0,0,0,0,0,0,0,0,0,0,0,0,1,0,0,0,0,0,0,0,0,0,0,0,0,0,0,0,0,0,0,0,0,0,0,0,0,0,0,0,0,0,0,0,0,0,2,0,0,0,0,0,0,0,63,0,0,0,0,0,0,0,0,0,0,0,0,0,0,0,1,0,2,0,0,0,0
0,10,3,36,0,0,0,50,0,0,0,0,0,0,0,0,0,35,0,0,0,24,0,30,0,30,0,0,0,0,0,10,0,7,0,5,0,0,0,2,0,0,0,6,0,0,0,0,0,0,0,16,0,0,0,0,0,0,0,9,0,1,0,23,0,0,0,0,0,0,0,4,0,0,0,0,0,0,0,0,0,18,0,0,0,23,0,7,0,0,0,0,0,0,0,0,0,0,0,0,0,0,0,0,0,0,0,0,0,0,0,0,0,0,0,0,0,0,0,0,0,17,0,19,0,0,0,0,0,0,0,0,0,6,0,23,0,20,0,79,0,36,0,92,0,12,0,0,0,0,0,0,0,0,0,18,0,0,0,15,0,0,0,0,0,0,0,0,0,0,0,0,0,0,0,0,0,0,0,0,0,0,0,0,0,0,0,0,0,0,0,0,0,0,0,0,0,0,0,0,0,0,0,0,0,0,0,0,0,0,0,0,0,0,0,0,0,0,0,0,0,0,0,0,0,0,0,26,0,2,0,0,0,0,0,0,0,0,0,0,0,0,0,0,0,0,0,0,0
16,0,38,0,84,20,0,0,0,0,44,17,0,0,40,27,41,0,6,18,35,0,13,5,0,0,0,0,40,0,0,0,7,0,48,4,44,2,2,0,0,0,3,0,2,0,0,0,3,0,15,0,0,0,2,0,0,0,0,1,0,0,11,0,1,0,0,0,0,0,22,0,0,0,15,0,0,0,0,0,18,0,0,0,0,0,27,0,0,0,0,0,0,0,0,0,0,0,34,0,0,0,0,0,0,0,0,0,0,0,0,0,0,0,0,0,0,0,0,0,0,0,5,0,1,0,0,0,0,0,0,0,0,0,0,0,3,0,0,0,0,0,0,0,9,0,0,0,0,0,0,0,0,0,0,0,3,0,0,0,0,0,0,0,9,0,70,0,0,0,0,0,8,0,2,0,0,0,2,0,0,0,0,0,0,0,0,0,0,0,0,0,0,0,0,0,0,0,0,0,0,0,0,0,0,0,0,0,0,0,3,0,0,0,9,0,0,0,4,0,47,0,0,0,35,0,270,0,37,0,40,0,0,0,0,0,32,8,0,0,11,0,15,0,98,1,0,0,0
0,2,0,20,0,35,0,0,0,0,0,6,8,2,32,6,0,7,0,18,13,6,0,16,0,0,0,2,0,10,0,0,0,0,0,6,0,20,0,2,0,0,0,0,0,0,0,0,0,0,0,6,0,0,0,0,0,0,0,0,0,2,0,1,0,0,0,5,0,0,0,36,0,0,0,0,0,0,0,11,0,52,0,0,0,29,0,20,0,0,0,0,0,0,0,0,0,2,0,18,0,0,0,0,0,0,0,0,0,0,0,0,0,0,0,0,0,0,0,0,0,38,0,47,0,0,0,0,0,0,0,0,0,2,0,0,0,0,0,19,0,22,0,59,0,20,0,0,0,0,0,0,0,0,0,0,0,1,0,3,0,0,0,0,0,0,0,12,0,0,0,0,0,9,0,0,0,2,0,0,0,0,0,0,0,0,0,0,0,0,0,0,0,0,0,0,0,0,0,2,0,0,0,0,0,0,0,0,0,0,0,0,0,0,0,0,0,0,0,1,0,29,0,0,0,0,0,160,0,15,0,22,0,0,0,0,0,4,0,14,0,0,0,0,0,0,0,0,0
94,0,115,0,89,0,0,3,7,0,49,0,0,0,17,0,73,0,0,0,29,0,33,6,0,0,0,0,26,0,7,0,0,0,27,0,85,0,1,0,0,0,2,0,0,0,0,0,0,0,3,0,3,0,2,0,3,0,0,0,2,1,14,1,0,1,0,0,0,0,0,0,0,0,10,0,0,0,0,0,20,0,0,0,0,0,31,0,0,0,0,0,0,0,16,0,0,0,23,0,5,0,0,0,0,0,0,0,0,0,0,0,0,0,0,0,0,0,0,0,7,0,0,0,0,0,0,0,0,0,0,0,0,0,0,0,0,0,12,0,13,0,0,0,11,0,0,0,0,0,0,0,0,0,5,0,3,0,3,0,3,0,0,0,0,0,48,0,11,0,0,0,15,0,0,0,17,0,0,0,0,0,5,0,0,0,0,0,0,0,0,0,0,0,0,0,0,0,0,0,0,0,0,0,0,0,0,0,0,0,0,0,0,0,8,0,0,0,0,0,23,0,3,0,4,0,219,0,21,0,15,0,18,0,0,0,0,0,2,0,0,0,0,0,0,0,0,0,0
0,43,0,76,8,28,0,9,0,0,0,27,0,0,41,28,0,18,5,5,20,5,0,14,0,4,0,0,0,7,0,0,0,0,0,2,0,50,0,0,0,0,0,1,0,2,0,0,0,0,0,3,0,0,0,0,0,0,0,0,0,5,0,6,0,3,0,10,0,0,0,31,0,0,0,12,0,0,0,15,0,57,0,0,0,37,0,25,0,0,0,0,0,0,0,0,0,0,0,30,0,0,0,0,0,0,0,0,0,0,0,0,0,0,0,0,0,0,0,0,0,45,0,56,0,0,0,0,0,0,0,0,0,2,0,23,0,6,0,26,0,23,0,78,0,49,0,0,0,0,0,0,0,8,0,6,0,3,0,0,0,3,0,2,0,0,0,8,0,2,0,4,0,14,0,0,0,8,0,0,0,0,0,4,0,8,0,0,0,0,0,1,0,0,0,0,0,0,0,0,0,2,0,0,0,0,0,0,0,0,0,0,0,0,0,5,0,0,0,3,0,41,0,0,0,0,0,205,0,49,0,20,0,26,0,0,0,5,0,7,0,0,0,6,0,24,0,0,0
0,0,0,0,60,0,0,0,0,0,11,0,83,51,0,8,10,0,189,42,51,0,11,0,0,0,37,46,92,0,48,0,27,0,0,0,130,1,4,0,0,7,8,0,8,0,0,0,3,1,49,0,0,0,0,0,0,0,0,0,0,0,6,0,3,0,0,0,0,0,9,0,0,0,0,0,0,0,0,0,0,0,0,0,0,0,20,0,0,0,0,0,0,0,0,0,0,0,26,0,4,0,0,0,0,0,0,0,0,0,0,0,0,0,0,0,0,0,0,0,0,0,0,0,0,0,0,0,0,0,0,0,0,0,0,0,0,0,0,0,2,0,0,0,4,0,0,0,0,0,0,0,0,0,0,0,1,0,0,0,0,0,0,0,32,0,56,0,41,0,5,0,6,0,0,0,9,4,11,0,0,0,0,0,0,0,12,8,0,0,0,0,0,0,0,0,0,0,0,0,0,0,0,0,0,0,0,0,0,0,0,0,0,0,3,0,0,0,55,0,33,0,9,0,98,0,170,0,32,0,36,0,0,0,0,0,25,0,9,0,0,0,5,0,112,0,0,0,0
0,0,0,0,18,56,0,0,0,0,2,13,24,30,24,13,0,6,52,85,23,26,0,17,0,1,0,38,0,5,4,6,0,2,0,0,0,69,0,2,0,0,0,2,0,7,0,0,0,4,0,2,0,0,0,0,0,0,0,0,0,1,0,0,0,0,0,0,0,0,0,32,0,0,0,0,0,0,0,0,0,0,0,0,0,0,0,25,0,0,0,0,0,0,0,0,0,0,0,0,0,0,0,0,0,0,0,0,0,0,0,0,0,0,0,0,0,0,0,0,0,29,0,38,0,0,0,0,0,0,0,0,0,0,0,6,0,0,0,23,0,11,0,39,0,28,0,1,0,0,0,0,0,0,0,0,0,1,0,1,0,0,0,1,0,6,0,9,0,0,0,2,0,10,0,2,0,21,0,0,0,0,0,1,0,0,0,3,0,0,0,0,0,0,0,0,0,0,0,0,0,0,0,0,0,0,0,0,0,0,0,0,0,0,0,0,0,0,0,21,0,51,0,5,0,51,2,260,0,29,0,60,0,0,0,0,0,13,0,11,0,7,0,13,0,32,0,0,0
41,0,27,0,139,0,0,0,0,0,62,0,0,0,116,0,5,0,13,0,43,0,9,0,1,3,0,0,4,0,44,0,85,0,130,0,0,0,11,0,3,0,12,0,24,0,0,0,3,0,70,0,4,0,1,0,16,0,19,0,6,0,14,0,3,0,0,0,0,0,125,0,15,0,45,0,0,0,0,0,55,0,0,0,0,0,106,0,0,0,0,0,0,0,56,0,4,0,87,0,17,0,0,0,0,0,4,0,0,0,0,0,0,0,0,0,0,0,0,0,57,0,14,0,0,0,0,0,0,0,1,0,0,0,0,0,0,0,19,0,45,0,39,0,85,0,0,0,0,0,0,0,0,0,0,0,18,0,12,0,0,0,17,0,16,0,65,0,58,0,9,0,56,0,0,0,0,0,2,0,0,0,2,0,0,0,0,0,0,0,0,0,0,0,0,0,0,0,0,0,0,0,0,0,0,0,0,0,0,0,0,0,0,0,7,0,0,0,0,1,50,0,7,0,19,1,95,0,58,0,20,0,17,0,0,0,9,2,0,0,0,0,0,0,60,0,0,0,0
0,72,0,111,0,140,0,26,0,0,4,44,0,22,34,56,0,18,13,28,23,4,11,32,0,2,0,10,0,0,2,20,0,50,1,69,0,0,0,3,0,0,0,8,0,8,0,0,0,0,0,24,0,2,0,1,0,1,0,0,0,10,0,3,0,18,0,10,0,0,0,51,0,0,0,33,0,0,0,26,0,53,0,0,0,34,0,28,0,0,0,0,0,0,0,0,0,0,0,0,0,0,0,0,0,0,0,0,0,0,0,0,0,0,0,0,0,0,0,0,0,81,0,64,0,0,0,0,0,0,0,0,0,0,0,18,0,21,0,50,0,32,0,55,0,103,0,0,0,6,0,0,0,0,0,7,0,11,0,3,0,11,0,5,0,9,0,25,0,10,0,9,0,22,0,4,0,21,0,0,0,0,0,6,0,19,0,0,0,0,0,0,0,0,0,0,0,0,0,2,0,0,0,0,0,0,0,0,0,0,0,2,0,0,0,7,0,0,0,0,0,68,0,3,0,42,0,155,0,63,0,0,0,25,0,7,0,3,0,9,0,0,0,5,0,27,0,0,0
359,11,143,0,10,0,115,0,122,11,0,0,0,0,0,0,131,3,0,0,2,0,54,0,14,27,0,0,9,0,2,0,1,0,4,0,11,0,0,0,0,0,0,0,1,0,0,0,3,0,1,0,11,0,3,4,0,0,0,0,7,0,8,0,0,0,0,0,0,0,12,0,0,0,6,0,0,0,0,0,0,0,0,0,4,0,14,0,0,0,2,0,0,0,9,0,0,0,17,0,0,0,0,0,0,0,0,0,0,0,0,0,0,0,0,0,0,0,0,0,0,0,4,0,0,0,0,0,0,0,0,0,0,0,0,0,0,0,17,0,18,0,0,0,22,0,0,0,0,0,0,0,0,0,0,0,11,0,0,0,1,0,0,0,0,0,3,0,6,0,0,0,23,0,0,0,58,0,0,0,0,0,36,0,0,0,0,0,0,0,0,0,0,0,0,0,0,0,0,0,0,0,0,0,0,0,0,0,0,0,0,0,0,0,10,0,0,0,0,0,11,0,0,0,0,0,92,0,8,0,0,0,12,0,0,0,0,0,0,0,3,0,1,0,5,0,0,0,0
0,106,0,107,3,8,0,57,0,0,0,25,0,0,0,0,0,29,0,0,0,0,12,17,0,14,0,0,0,2,0,2,0,0,0,2,0,3,0,0,0,0,0,0,0,0,0,0,1,0,0,1,0,0,0,4,0,0,0,0,0,10,0,0,0,5,0,3,0,0,0,0,0,0,0,0,0,0,0,5,0,16,0,0,0,0,0,10,0,0,0,2,0,0,0,0,0,0,0,0,0,0,0,0,0,0,0,0,0,0,0,0,0,0,0,0,0,0,0,0,0,0,0,13,0,0,0,0,0,2,0,0,0,0,0,0,0,5,0,30,0,10,0,31,0,21,0,0,0,0,0,0,0,9,0,3,0,3,0,0,0,0,0,0,0,0,0,0,0,0,0,1,0,4,0,9,0,17,0,0,0,0,0,0,0,16,0,0,0,0,0,0,0,0,0,0,0,0,0,0,0,0,0,0,0,0,0,0,0,0,0,0,0,0,0,0,0,1,0,0,0,5,0,0,0,0,0,85,0,8,0,0,0,0,0,0,0,0,0,0,0,0,0,0,0,0,0,0,0
54,0,13,0,56,0,0,0,23,0,60,0,207,19,9,7,18,0,39,17,1,0,35,0,28,0,85,134,0,0,0,0,0,0,0,0,3,0,0,0,0,276,70,0,37,30,1,137,76,34,20,0,0,0,0,0,1,0,2,0,0,0,3,3,3,0,0,0,2,0,0,0,0,0,0,0,0,0,0,0,0,0,0,0,5,0,0,0,0,0,0,0,0,0,0,0,0,0,0,0,7,0,0,0,0,0,0,0,0,0,0,0,0,0,0,0,0,0,0,0,0,0,0,0,0,0,0,0,1,0,0,0,0,0,15,0,0,0,0,0,0,0,0,0,6,0,0,0,0,0,3,0,19,0,0,0,0,0,0,0,0,0,0,0,12,0,0,0,5,0,0,0,0,0,8,0,46,75,13,0,18,0,24,0,24,0,52,0,0,0,0,0,0,0,0,0,0,0,0,0,0,0,0,0,0,0,0,0,6,0,0,0,0,0,1,0,0,0,242,37,0,0,51,48,28,0,19,0,0,0,0,0,2,0,0,0,0,0,0,0,0,0,1,0,12,0,0,0,0
0,134,0,0,0,58,0,0,0,7,0,171,81,193,0,13,0,0,46,55,35,10,0,15,0,1,202,32,0,0,0,0,0,0,7,0,0,0,0,0,276,0,46,7,44,12,65,73,18,62,24,5,0,0,0,0,0,1,0,0,0,0,0,0,0,0,0,0,0,3,0,0,0,0,0,0,0,0,0,0,0,3,0,0,0,0,0,0,0,0,0,0,0,0,1,0,0,0,0,0,0,0,0,0,0,0,0,0,0,0,0,0,0,0,0,0,0,0,0,0,0,0,0,1,0,0,0,1,0,0,0,0,0,0,0,0,0,0,0,0,0,0,0,0,0,2,0,2,0,0,0,0,0,0,0,0,0,0,0,0,0,0,0,0,0,6,0,0,0,2,0,0,0,0,0,0,2,110,0,7,0,0,0,0,0,0,26,16,0,0,0,0,0,0,0,0,0,0,0,0,0,0,0,0,0,0,0,0,0,0,0,0,0,0,0,2,0,0,108,87,0,0,6,93,0,0,0,13,0,0,0,0,0,8,0,0,0,0,0,5,0,4,0,0,0,7,0,0,0
0,0,0,0,0,0,0,0,0,0,0,0,92,42,5,0,4,0,52,25,17,0,3,0,3,0,160,107,9,0,3,0,2,0,8,0,12,0,0,0,70,46,0,6,162,0,7,41,37,0,42,0,0,0,0,0,3,0,4,0,0,0,6,0,0,0,2,0,0,0,25,0,0,0,0,0,0,0,0,0,0,0,9,0,0,0,28,0,0,0,0,0,0,0,0,0,0,0,30,0,0,0,0,0,0,0,4,0,0,0,0,0,0,0,0,0,0,0,0,0,0,0,0,0,0,0,0,0,0,0,0,0,0,0,0,0,0,0,0,0,0,0,0,0,0,0,0,0,0,0,0,0,0,0,0,0,0,0,0,0,3,0,0,0,15,0,39,0,15,0,5,0,12,0,0,0,15,20,0,0,1,0,0,0,0,0,63,1,0,0,0,0,0,0,0,0,0,0,0,0,0,0,0,0,0,0,0,0,0,0,0,0,1,0,0,0,2,0,111,11,7,0,33,1,35,0,19,0,20,0,3,0,10,0,0,0,6,0,3,0,0,0,3,0,0,0,0,0,0
0,0,0,0,0,8,0,0,0,0,0,0,6,55,0,0,0,0,5,28,0,26,0,0,0,0,8,113,0,6,0,0,0,1,0,2,0,8,0,0,0,7,6,0,0,51,0,13,0,32,0,7,0,0,0,0,0,1,0,4,0,1,0,0,0,0,0,4,0,3,0,8,0,0,0,9,0,0,0,0,0,0,0,1,0,0,0,5,0,3,0,0,0,0,0,0,0,0,0,0,0,0,0,2,0,0,0,0,0,0,0,0,0,0,0,0,0,0,0,0,0,6,0,0,0,0,0,0,0,0,0,0,0,0,0,0,0,0,0,0,0,0,0,12,0,7,0,0,0,0,0,0,0,0,0,0,0,0,0,0,0,1,0,0,0,9,0,1,0,3,0,0,0,1,0,0,0,21,0,0,0,0,0,0,0,0,1,22,0,0,0,0,0,0,0,0,0,0,0,0,0,0,0,0,0,0,0,0,0,0,0,0,0,0,0,3,0,0,2,98,0,11,0,26,0,13,0,57,0,10,0,10,0,9,0,2,0,2,0,3,0,0,0,0,0,12,0,0,0
2,0,3,0,0,0,0,0,0,0,0,0,22,8,0,0,36,0,9,0,38,0,9,0,0,0,144,45,2,0,2,0,0,0,8,0,24,0,1,0,37,44,162,0,0,3,10,30,82,6,97,0,5,0,0,0,15,0,0,0,3,0,0,0,0,0,0,0,10,0,64,0,4,0,33,0,20,0,0,0,51,0,29,0,22,0,103,0,0,0,15,0,0,0,66,0,0,0,94,0,20,0,13,0,0,0,0,0,4,0,0,0,0,0,0,0,0,0,0,0,0,0,0,0,0,0,0,0,1,0,0,0,0,0,0,0,0,0,0,0,0,0,20,0,20,0,0,0,0,0,0,0,4,0,3,0,0,0,0,0,0,0,0,0,43,0,26,0,76,0,9,0,15,0,0,0,4,0,2,0,0,0,0,0,0,0,14,1,0,0,0,0,0,0,0,0,0,0,0,0,0,0,0,0,11,0,0,0,0,0,0,0,0,0,7,0,7,0,146,9,12,0,92,27,58,0,10,0,31,0,0,0,0,0,0,0,2,0,5,0,3,0,0,0,9,0,0,0,0
0,0,0,0,0,0,0,0,0,0,0,0,22,14,0,0,0,5,5,29,3,72,0,22,0,6,15,122,0,0,0,0,0,2,0,7,0,8,0,0,30,12,0,51,3,0,1,47,4,60,0,34,0,0,0,0,0,0,0,0,0,0,0,0,0,0,0,0,0,18,0,0,0,4,0,0,0,6,0,0,0,12,0,7,0,4,0,11,0,0,0,0,0,0,0,21,0,0,0,7,0,0,0,0,0,0,0,0,0,0,0,0,0,0,0,0,0,0,0,0,0,0,0,0,0,0,0,0,0,0,0,0,0,0,0,0,0,0,0,0,0,0,0,0,0,0,0,0,0,0,0,0,0,0,0,0,0,1,0,0,0,1,0,3,1,19,0,0,0,23,0,0,0,0,0,0,0,11,0,1,0,0,0,0,0,0,0,32,0,2,0,0,0,0,0,0,0,0,0,0,0,0,0,0,0,0,0,0,0,0,0,0,0,4,0,1,0,6,14,203,0,14,0,158,0,12,0,39,0,15,0,0,0,9,0,7,0,0,0,1,0,0,0,0,0,7,0,0,0
7,0,0,0,3,0,0,0,4,0,4,0,9,0,4,1,0,0,4,0,0,1,5,0,1,0,24,0,0,0,0,0,0,0,0,0,0,0,0,0,1,65,7,0,10,1,0,18,12,5,0,0,0,0,0,0,0,0,0,0,0,1,0,0,1,0,2,0,0,1,0,0,0,0,0,0,0,0,0,0,0,0,0,0,3,0,0,0,0,0,0,0,0,0,0,0,1,0,0,0,0,0,0,0,0,0,0,0,0,0,0,0,0,0,0,0,0,0,0,0,0,0,0,0,0,0,0,0,0,0,0,0,0,0,0,0,0,0,0,0,0,0,0,0,0,0,0,0,0,0,0,0,0,0,0,0,0,0,0,0,0,0,0,0,3,0,0,0,6,0,0,0,1,0,0,0,1,14,0,0,0,0,0,0,2,0,2,0,0,0,0,0,0,0,0,0,0,0,0,0,0,0,0,0,0,0,0,0,0,0,0,0,0,0,0,0,0,0,147,0,0,0,32,16,13,0,8,0,1,0,0,1,0,0,0,0,0,0,0,0,0,0,0,0,2,0,0,0,0
0,50,0,5,0,38,0,0,0,7,0,59,66,63,0,7,0,0,43,90,33,16,0,7,0,0,131,84,0,0,0,0,0,0,0,0,0,0,0,0,137,73,41,13,30,47,18,0,0,13,36,9,0,0,0,8,0,0,0,0,0,0,0,0,0,6,0,2,0,0,0,0,0,0,0,0,0,0,0,0,0,0,0,0,0,0,0,0,0,0,0,0,0,0,0,0,0,0,0,0,0,0,0,0,0,0,0,0,0,0,0,0,0,0,0,0,0,0,0,0,0,0,0,0,0,0,0,2,0,0,0,0,0,0,0,0,0,9,0,0,0,0,0,4,0,0,0,0,0,0,0,0,0,0,0,0,0,0,0,0,0,0,0,0,0,8,0,0,0,7,0,0,0,0,0,5,0,54,0,2,0,0,0,0,0,4,19,16,0,0,0,0,0,0,0,0,0,0,0,0,0,0,0,0,0,0,0,0,0,0,0,0,0,0,0,0,0,0,45,119,0,0,0,165,0,0,0,7,0,0,0,0,0,5,0,0,0,0,0,3,0,1,0,0,0,4,0,0,0
15,0,0,0,7,0,0,0,11,0,0,0,39,1,0,0,15,0,0,0,3,0,14,0,3,0,46,5,0,0,3,0,0,0,3,0,3,0,3,1,76,18,37,0,82,4,12,0,0,5,20,0,6,0,10,0,11,0,18,0,4,0,4,0,0,0,0,0,10,0,0,0,3,0,0,0,9,0,5,0,4,0,8,0,0,0,11,0,0,0,0,0,7,0,12,0,8,0,10,0,3,0,10,0,8,0,0,0,0,0,0,0,0,0,0,0,2,0,0,0,0,0,0,0,0,0,0,0,0,0,7,0,0,0,23,0,7,0,0,0,2,0,0,0,3,0,0,0,9,0,3,0,12,0,0,0,0,0,0,0,19,0,8,0,8,0,24,0,15,0,17,0,12,0,12,0,32,14,24,0,3,0,4,0,7,0,58,0,23,0,10,0,33,0,0,0,3,0,3,0,14,0,0,0,9,0,0,0,0,0,0,0,5,0,7,0,22,0,142,2,30,0,159,42,44,0,25,0,67,0,6,0,5,0,10,0,7,0,10,0,6,0,11,0,23,0,0,0,0
0,0,0,0,0,3,0,0,0,0,0,12,0,18,0,3,0,0,2,14,0,16,0,17,0,0,0,30,0,0,0,0,0,0,1,4,0,0,0,0,34,62,0,32,6,60,5,13,5,0,0,15,0,0,0,1,0,0,0,0,0,0,0,0,0,0,0,2,0,30,0,0,0,0,0,0,0,4,0,0,0,0,0,7,0,0,0,0,0,8,0,0,0,0,0,8,0,0,0,0,0,1,0,11,0,0,0,0,0,5,0,0,0,0,0,0,0,7,0,0,0,0,0,0,0,0,0,0,0,0,0,0,0,0,0,0,0,0,0,0,0,0,0,0,0,0,0,0,0,0,0,0,0,0,0,1,0,0,0,0,0,0,0,1,0,16,0,0,0,5,0,1,0,2,0,4,0,26,0,5,0,3,0,0,0,0,2,19,0,1,0,0,0,0,0,0,0,0,0,0,0,0,0,0,0,0,0,0,0,0,0,2,0,11,0,0,0,4,28,26,0,3,10,54,0,3,0,14,0,7,0,2,0,4,0,0,0,0,0,1,0,1,0,0,0,0,0,0,0
0,0,4,0,65,0,0,0,7,0,10,0,185,53,38,0,5,0,106,78,52,0,0,0,0,0,148,161,7,0,15,0,3,0,49,0,70,0,1,0,20,24,42,0,97,0,0,36,20,0,0,9,0,0,0,0,50,0,53,0,0,0,0,0,1,0,26,0,4,0,24,0,6,0,0,0,5,0,0,0,17,0,7,0,0,0,28,0,0,0,0,0,0,0,0,0,9,0,23,0,9,0,0,0,0,0,0,0,0,0,0,0,0,0,0,0,0,0,0,0,0,0,0,0,2,0,1,0,0,0,2,0,0,0,0,0,0,0,0,0,0,0,0,0,9,0,0,0,0,0,0,0,0,0,5,0,4,0,0,0,8,0,16,0,39,0,33,0,81,0,18,0,52,0,0,1,25,14,0,0,0,0,2,0,1,0,25,6,16,0,0,0,0,0,0,0,0,0,0,0,0,0,0,0,0,0,0,0,0,0,0,0,5,0,8,0,0,0,116,6,33,0,23,1,139,0,91,0,60,1,17,0,19,0,0,0,20,2,5,0,0,0,17,0,62,0,0,0,0
0,0,0,0,0,47,0,0,0,6,0,9,22,150,0,9,0,1,46,146,9,35,0,4,0,0,7,261,0,16,0,6,0,3,0,2,0,24,0,1,0,5,0,7,0,34,0,9,0,15,9,0,0,0,0,0,0,0,0,0,0,3,0,0,0,0,0,7,0,2,0,24,0,0,0,0,0,0,0,12,0,0,0,0,0,0,0,10,0,5,0,0,0,0,0,6,0,0,0,13,0,0,0,0,0,0,0,1,0,0,0,0,0,0,0,0,0,0,0,0,0,24,0,17,0,0,0,0,0,0,0,0,0,0,0,0,0,0,0,5,0,5,0,13,0,30,0,0,0,0,0,0,0,0,0,0,0,0,0,0,0,0,0,14,0,24,0,12,0,24,0,4,0,11,0,0,0,24,0,0,0,2,0,0,0,3,0,69,0,0,0,0,0,0,0,0,0,0,0,0,0,0,0,0,0,0,0,0,0,0,0,2,0,0,0,3,0,0,0,105,0,40,0,17,0,115,0,114,0,42,0,43,0,47,0,11,0,7,0,11,0,1,0,8,0,18,0,0,0
0,0,3,0,0,0,35,0,112,23,0,0,0,0,0,0,65,0,0,0,0,0,11,0,23,2,0,0,16,0,0,0,3,0,0,0,4,0,11,0,0,0,0,0,5,0,0,0,6,0,0,0,0,54,221,77,161,54,83,70,35,5,133,10,8,3,61,170,0,0,9,0,0,0,8,0,0,0,0,0,29,0,0,0,44,0,17,0,0,0,0,0,0,0,0,0,61,0,45,0,0,0,0,0,0,0,17,0,0,0,0,0,0,0,0,0,0,0,0,0,27,0,18,0,6,0,0,0,48,0,27,0,0,0,23,0,61,0,151,0,80,0,143,0,12,0,0,0,2,0,0,0,1,0,345,10,65,8,284,0,14,0,6,0,3,0,3,0,19,0,34,0,0,0,0,0,32,3,0,0,1,0,0,0,4,23,0,0,0,0,0,0,0,0,0,0,0,0,0,0,0,0,0,0,0,0,0,0,2,0,7,0,6,0,74,2,0,0,15,0,132,4,41,0,25,0,300,0,82,0,17,0,79,0,23,0,0,0,53,0,20,0,22,0,189,0,0,0,0
0,4,0,0,0,0,0,5,83,123,0,0,0,0,0,0,6,30,0,0,0,0,0,10,13,2,0,0,0,0,0,0,0,0,0,0,0,2,0,0,0,0,0,0,0,0,0,0,0,0,0,0,54,0,101,37,11,92,61,46,0,59,35,47,0,1,52,32,0,0,0,0,0,6,0,0,0,0,0,0,0,0,0,0,0,37,0,0,0,0,0,0,0,0,0,0,0,0,0,15,0,0,0,0,0,0,0,0,0,0,0,0,0,0,0,0,0,0,0,0,0,0,0,4,0,1,0,3,0,37,0,5,0,10,0,24,0,32,0,151,0,55,0,164,0,18,0,0,0,0,0,0,0,0,1,77,0,34,0,28,0,8,0,0,0,1,0,0,0,0,0,24,0,20,0,0,23,126,0,0,0,0,0,16,0,72,0,0,0,0,0,0,0,0,0,0,0,0,0,0,0,0,0,0,0,0,0,0,0,0,0,0,0,0,0,45,0,0,0,0,0,63,0,0,0,7,1,301,0,50,0,1,0,60,0,5,0,0,0,22,0,0,0,2,3,45,0,0,0
3,0,33,0,0,0,151,0,116,113,0,0,0,0,8,0,16,0,0,0,14,0,105,0,146,21,0,0,4,0,2,0,2,0,0,0,1,0,3,0,0,0,0,0,0,0,0,0,10,0,0,0,221,101,0,201,33,44,53,85,38,17,73,61,2,0,9,238,0,0,0,0,0,0,0,0,0,0,1,0,0,0,0,0,12,0,0,1,0,0,0,0,0,0,0,0,20,0,0,0,0,0,0,0,0,0,7,0,0,0,0,0,0,0,0,0,0,0,0,0,1,0,5,0,21,0,0,0,8,0,41,0,0,0,32,0,38,0,0,0,14,1,58,0,0,0,2,0,11,0,1,0,0,0,52,2,8,8,34,0,44,0,0,0,3,0,0,0,0,0,18,0,12,0,0,0,39,8,0,0,0,0,0,5,4,16,0,0,0,0,0,0,0,0,0,0,0,0,0,0,0,0,0,0,3,0,0,0,0,0,14,0,0,0,59,0,0,0,9,0,136,0,30,0,18,0,129,0,92,4,18,1,67,0,0,0,0,0,39,0,25,0,18,0,171,0,0,0,0
0,19,0,40,0,4,65,136,227,245,0,6,0,5,0,78,22,6,0,28,0,24,0,71,119,108,0,14,0,0,0,0,0,0,0,0,0,1,4,4,0,0,0,0,0,0,0,8,0,1,0,0,77,37,201,0,23,94,53,114,32,8,105,69,0,7,73,63,0,0,0,0,0,0,0,0,0,0,0,0,0,0,0,0,0,14,0,0,0,0,0,0,0,0,0,0,0,0,1,9,0,0,0,0,0,0,0,0,0,0,0,0,0,0,0,0,0,0,0,0,0,0,1,0,0,0,0,0,0,12,0,5,0,3,0,30,0,32,0,51,0,30,0,30,0,1,0,0,0,1,0,0,0,0,2,26,0,4,0,10,0,4,0,0,0,0,0,0,2,4,0,8,8,4,4,0,25,79,0,0,0,0,0,3,0,39,0,0,0,0,0,0,0,0,0,0,0,0,0,0,0,2,0,0,0,0,0,0,0,0,0,11,0,0,3,51,0,0,0,5,0,99,0,0,0,4,12,128,6,47,0,11,0,76,0,8,0,4,0,23,0,0,3,0,13,87,0,0,0
9,0,0,0,0,0,33,0,15,0,4,0,3,0,0,0,12,0,0,0,0,0,12,0,31,0,20,0,0,0,0,0,3,0,0,0,16,0,0,0,1,0,3,0,15,0,0,0,11,0,50,0,161,11,33,23,0,62,191,36,40,0,11,4,29,20,82,155,0,0,0,0,0,0,0,0,0,0,0,0,0,0,0,0,0,0,0,0,0,0,0,0,0,0,0,0,0,0,0,0,0,0,0,0,0,0,0,0,0,0,0,0,0,0,0,0,0,0,0,0,0,0,0,0,41,0,0,0,14,0,74,0,0,0,22,0,12,0,11,0,0,0,19,0,3,7,6,0,18,0,0,0,0,0,341,20,138,0,85,5,147,0,34,0,0,0,5,0,24,0,45,0,10,0,0,11,6,0,0,0,14,6,0,0,7,23,0,0,0,0,0,0,0,0,0,0,0,0,0,0,0,0,0,0,0,0,0,0,6,0,0,0,23,0,255,1,0,0,60,0,362,0,155,0,72,1,183,0,196,0,30,0,224,0,170,1,23,0,196,0,72,0,78,0,294,0,0,0,0
1,0,0,14,0,6,0,16,43,21,0,0,0,0,0,26,0,0,0,9,0,0,0,16,0,31,0,9,1,0,0,0,0,0,0,0,0,1,0,0,0,1,0,1,0,0,0,0,0,0,0,0,54,92,44,94,62,0,123,218,0,12,7,12,16,3,144,79,0,0,0,0,0,0,0,0,0,0,0,0,0,0,0,0,0,18,0,0,0,0,0,0,0,0,0,0,0,0,0,6,0,0,0,0,0,0,0,0,0,0,0,0,0,0,0,0,0,0,0,0,0,1,0,0,0,1,0,0,0,63,0,10,0,5,0,48,0,90,0,59,0,37,0,46,0,4,0,0,0,0,0,2,0,1,10,129,3,21,9,61,5,28,0,0,0,0,0,3,0,9,0,24,1,4,0,9,7,23,0,0,0,12,0,1,6,97,0,0,0,0,0,0,0,0,0,0,0,0,0,3,2,0,0,0,0,0,0,1,0,2,0,0,0,4,0,50,0,1,0,5,0,130,0,31,0,13,1,20,2,158,0,7,0,103,0,41,0,0,0,17,0,0,0,3,0,63,0,0,0
0,0,0,0,0,0,34,0,60,0,3,0,4,0,0,0,9,0,0,0,0,0,0,0,17,0,0,0,0,0,0,0,0,0,0,0,19,0,0,0,2,0,4,0,0,0,0,0,18,0,53,0,83,61,53,53,191,123,0,63,122,0,25,0,129,0,258,247,0,0,0,0,1,0,0,0,0,0,0,0,0,0,0,0,0,0,0,0,0,0,0,0,0,0,0,0,0,0,0,0,0,0,0,0,0,0,0,0,0,0,0,0,0,0,0,0,0,0,0,0,0,0,0,0,7,0,0,0,0,0,25,0,0,0,4,0,0,0,1,0,0,0,0,0,0,0,1,0,5,0,0,0,0,0,114,17,87,0,5,0,19,0,12,0,0,0,4,0,32,0,36,0,13,0,2,7,60,1,0,0,8,0,0,0,16,23,0,0,0,0,0,0,0,0,1,0,0,0,0,0,0,0,0,0,0,0,0,0,0,0,0,0,0,0,258,0,3,0,36,0,312,0,96,0,45,2,211,0,136,0,55,0,144,0,83,0,22,0,170,0,107,1,114,0,387,0,0,0,0
0,10,1,30,0,4,0,47,101,83,0,0,0,0,0,0,0,0,1,0,0,0,0,24,0,38,0,0,0,9,1,0,0,0,0,0,0,0,0,0,0,0,0,4,0,0,0,0,0,0,0,0,70,46,85,114,36,218,63,0,0,38,0,33,9,146,126,227,0,0,0,0,0,10,0,0,0,0,0,1,0,0,0,0,0,0,0,0,0,0,0,0,0,0,0,0,0,0,0,0,0,0,0,0,0,0,0,0,0,0,0,0,0,0,0,0,0,0,0,0,0,0,0,0,0,2,0,1,0,0,0,30,0,0,0,10,0,28,0,1,0,0,0,4,0,12,0,0,0,17,0,0,0,0,21,113,0,93,3,16,0,44,0,0,0,0,0,0,1,18,0,30,0,7,1,0,19,19,0,0,2,0,0,1,0,22,0,0,0,0,0,1,0,0,0,0,0,0,0,0,0,2,0,0,0,0,0,0,0,0,0,0,0,5,0,295,0,3,0,0,1,343,0,65,0,40,0,94,0,230,2,31,0,434,0,153,0,9,2,163,0,17,0,21,0,413,0,0,0
30,0,0,0,0,0,117,0,433,0,0,0,0,0,0,0,25,0,0,0,1,0,4,0,0,15,0,0,0,0,0,0,2,0,0,0,6,0,7,0,0,0,0,0,3,0,0,0,4,0,0,0,35,0,38,32,40,0,122,0,0,0,45,15,1,0,62,5,0,0,9,0,0,0,0,0,0,0,0,0,0,0,0,0,2,0,0,0,0,0,0,0,0,0,0,0,0,0,0,0,0,0,0,0,0,0,0,0,0,0,0,0,0,0,0,0,0,0,0,0,0,0,3,0,0,0,0,0,0,0,0,0,0,0,0,0,0,0,40,0,42,0,25,0,57,0,0,0,0,0,0,0,0,0,56,0,128,0,81,0,0,0,9,0,0,0,0,0,22,0,160,0,69,0,10,0,86,0,0,0,0,0,31,0,4,0,0,0,0,0,0,0,0,0,0,0,0,0,0,0,0,0,0,0,0,0,0,0,0,0,0,0,0,0,35,0,0,0,12,0,126,0,34,0,15,0,122,0,103,3,5,0,31,0,6,0,0,0,0,0,5,0,10,0,40,0,0,0,0
0,81,26,16,0,0,0,84,15,100,0,4,0,0,0,0,0,8,0,0,0,5,38,11,0,13,0,0,0,1,0,2,1,5,0,1,0,10,0,10,0,0,0,1,0,0,1,0,0,0,0,3,5,59,17,8,0,12,0,38,0,0,0,16,0,0,0,26,0,0,0,0,0,2,0,0,0,0,0,0,0,0,0,0,0,0,0,0,0,0,0,0,0,0,0,0,0,0,0,3,0,0,0,0,0,0,0,0,0,0,0,0,0,0,0,0,0,0,0,0,0,0,0,0,0,0,1,0,0,0,0,0,0,0,0,0,0,2,0,51,0,11,0,26,0,55,0,2,0,0,0,0,0,0,0,11,0,51,0,8,0,0,0,2,0,0,0,0,0,13,0,49,0,42,4,6,10,130,0,0,0,3,0,22,0,27,0,0,0,0,0,0,0,0,0,0,0,0,0,0,0,0,0,0,0,0,0,0,0,0,0,11,0,0,0,61,0,0,0,0,0,157,0,0,0,8,0,246,0,106,0,2,0,36,0,6,0,1,0,6,0,0,0,0,0,42,0,0,0
52,0,41,0,0,0,344,22,357,80,0,0,0,0,0,0,400,0,21,0,55,0,53,0,46,50,16,0,34,0,11,0,14,0,6,0,14,0,8,0,3,0,6,0,0,0,0,0,4,0,0,0,133,35,73,105,11,7,25,0,45,0,0,41,0,0,18,21,0,0,45,0,2,0,28,0,0,0,0,0,51,0,0,0,26,0,48,0,0,0,13,0,0,0,12,0,10,0,58,0,8,0,0,0,0,0,8,0,0,0,0,0,0,0,0,0,0,0,0,0,62,0,13,0,0,0,0,0,12,0,0,0,0,0,11,0,34,0,51,0,51,0,77,0,17,0,1,0,6,0,0,0,0,0,35,0,27,3,43,0,0,0,0,0,1,0,0,0,9,0,4,0,9,0,19,0,109,10,0,0,0,0,44,5,3,11,0,0,0,0,0,0,0,0,0,0,0,0,0,0,0,0,0,0,0,0,0,0,0,0,0,0,0,0,35,0,0,0,0,0,66,0,14,0,6,0,322,2,12,0,11,1,50,0,0,0,4,0,13,0,5,0,15,1,102,0,0,0,0
24,95,59,22,3,0,35,251,79,581,0,0,0,0,0,14,34,182,0,10,0,36,54,109,130,92,0,0,0,23,0,1,1,6,0,0,0,3,0,0,3,0,0,0,0,0,0,0,0,0,0,0,10,47,61,69,4,12,0,33,15,16,41,0,0,0,0,15,0,0,0,0,0,1,0,0,0,0,0,0,0,0,0,0,0,10,0,0,0,0,0,0,0,0,0,0,0,0,0,0,0,0,0,0,0,0,0,0,0,0,0,0,0,0,0,0,0,0,0,0,0,7,0,2,0,0,0,0,0,3,0,0,0,0,0,0,0,7,0,40,0,10,0,29,0,9,0,0,0,3,0,0,0,0,1,8,0,13,0,0,0,0,0,0,0,3,0,2,0,9,0,8,0,26,0,10,12,194,0,0,0,0,0,107,0,10,0,0,0,0,0,0,0,0,0,0,0,0,0,0,0,0,0,0,0,0,0,0,0,0,0,6,0,0,0,43,0,0,0,0,0,67,0,0,0,2,5,419,4,48,5,0,0,57,0,10,0,1,3,6,0,2,0,1,0,29,0,0,0
0,0,9,0,0,0,0,0,29,1,3,0,0,0,0,0,0,0,6,0,0,0,5,0,0,0,0,0,0,0,1,0,0,0,3,0,3,0,0,0,3,0,0,0,0,0,1,0,0,0,1,0,8,0,2,0,29,16,129,9,1,0,0,0,0,34,121,0,0,0,0,0,0,0,0,0,0,0,0,0,0,3,0,0,0,0,0,0,0,0,0,0,0,0,0,0,0,0,0,0,0,0,0,0,0,0,0,0,0,0,0,0,0,0,0,0,0,0,0,0,0,0,0,0,14,0,5,0,0,0,15,0,0,0,0,0,0,0,0,4,0,0,0,0,15,0,18,0,70,0,0,0,5,0,12,21,42,1,6,0,219,16,0,0,0,0,0,0,3,0,0,0,3,0,31,33,8,0,0,0,60,0,3,0,49,9,0,0,0,0,0,0,0,0,0,0,0,0,0,0,0,0,0,0,0,0,0,0,3,0,1,0,0,0,21,0,0,0,0,0,0,0,0,0,0,0,18,0,0,0,0,0,0,0,31,7,0,0,14,0,0,0,10,0,39,0,0,0,0
0,49,2,0,0,21,0,0,0,39,0,11,0,4,0,7,0,0,0,0,0,0,0,0,0,0,0,15,0,0,0,0,1,3,0,0,0,18,0,5,0,0,0,0,0,0,0,6,0,0,0,0,3,1,0,7,20,3,0,146,0,0,0,0,34,0,0,78,0,0,0,14,0,3,0,12,0,0,0,0,0,0,0,0,0,3,0,0,0,0,0,0,0,0,0,0,0,0,0,0,0,0,0,0,0,0,0,0,0,0,0,0,0,0,0,0,0,0,0,0,0,0,0,3,16,84,0,9,0,0,23,57,0,6,0,0,0,4,0,17,0,0,0,0,16,144,0,38,23,391,4,42,7,30,30,101,0,34,53,75,49,104,0,12,0,0,0,0,0,0,0,3,0,0,16,173,0,6,0,2,0,38,0,64,0,164,0,1,0,0,0,0,0,0,0,0,0,6,0,7,0,0,0,0,0,0,0,0,2,8,0,0,0,0,0,25,0,0,0,0,0,38,0,0,0,7,0,45,0,0,0,0,0,42,0,133,0,0,0,22,0,0,0,6,0,53,0,0,0
2,0,7,0,0,0,7,0,29,0,3,0,3,0,0,0,0,0,0,0,0,0,2,0,0,0,0,0,0,0,0,0,0,0,0,0,0,0,0,0,0,0,2,0,0,0,2,0,0,0,26,0,61,52,9,73,82,144,258,126,62,0,18,0,121,0,0,105,0,0,0,0,0,0,0,0,0,0,0,0,0,0,0,0,0,0,0,0,0,0,0,0,0,0,0,0,0,0,0,0,0,0,0,0,1,0,0,0,0,0,0,0,0,0,0,0,0,0,0,0,0,0,0,0,32,0,17,0,0,0,73,0,0,0,0,0,0,0,0,0,0,0,0,0,0,3,12,0,74,0,0,0,0,0,38,25,48,0,0,0,110,7,0,0,0,0,0,0,5,0,16,0,13,0,12,8,361,3,0,0,64,6,0,0,92,38,0,0,0,0,0,0,0,0,0,0,0,0,0,0,0,0,0,0,0,0,0,0,10,0,0,0,6,0,97,0,0,0,16,0,148,0,0,0,0,0,110,0,57,0,17,0,73,0,0,0,10,0,95,0,46,0,48,0,136,0,0,0,0
0,49,0,0,1,9,20,0,122,53,0,7,0,7,0,0,0,0,0,0,0,0,0,0,6,6,0,5,0,0,0,5,0,10,0,0,0,10,0,3,0,0,0,4,0,0,0,2,0,2,0,7,170,32,238,63,155,79,247,227,5,26,21,15,0,78,105,0,0,0,0,0,0,8,0,0,0,0,0,0,0,0,0,0,0,0,0,0,0,0,0,0,0,0,0,0,0,0,0,0,0,0,0,0,0,0,0,0,0,0,0,0,0,0,0,0,0,0,0,0,0,0,0,0,0,18,0,5,0,0,0,37,0,6,0,6,0,7,0,0,0,0,0,0,0,22,0,0,0,43,0,7,0,1,47,182,7,118,12,42,9,33,0,7,0,0,0,4,1,18,0,21,0,0,0,69,71,186,0,0,0,21,0,14,0,509,0,0,0,0,0,0,0,0,0,0,0,0,0,0,0,0,0,0,0,0,0,0,0,0,0,17,0,0,0,186,0,0,0,4,0,251,0,74,0,15,5,110,0,187,0,16,0,350,0,205,0,3,1,126,0,12,0,20,0,330,0,0,0
0,0,0,0,0,0,0,0,2,0,0,0,0,0,0,0,0,0,0,0,0,0,0,0,0,0,0,0,0,0,0,0,0,0,0,0,0,0,0,0,2,0,0,0,10,0,0,0,10,0,4,0,0,0,0,0,0,0,0,0,0,0,0,0,0,0,0,0,0,0,0,0,4,0,0,0,104,0,42,0,0,0,47,0,7,0,34,0,10,0,0,0,18,0,46,0,23,0,8,0,7,0,150,0,14,0,17,0,12,0,15,0,52,0,7,0,4,0,0,0,0,0,0,0,0,0,0,0,0,0,0,0,0,0,0,0,0,0,0,0,0,0,0,0,0,0,0,0,0,0,0,0,0,0,0,0,0,0,0,0,0,0,0,0,42,0,0,0,77,0,5,0,0,0,0,0,0,0,0,0,0,1,0,0,0,0,0,0,0,0,0,0,0,0,0,0,6,0,0,0,19,0,0,0,0,0,0,0,10,0,3,0,85,0,106,0,73,0,14,0,5,1,108,0,15,0,12,0,33,0,0,0,2,0,0,0,6,1,0,0,13,0,0,0,0,0,0,0,0
0,0,0,0,0,0,0,0,0,1,0,0,0,0,0,0,0,0,0,1,0,0,0,0,0,0,0,0,0,0,0,0,0,0,0,0,0,0,0,0,0,3,0,3,0,18,1,0,0,30,0,2,0,0,0,0,0,0,0,0,0,0,0,0,0,0,0,0,0,0,0,0,0,7,0,0,0,44,0,2,0,12,0,80,0,0,0,24,0,27,0,0,0,2,0,95,1,0,0,10,0,3,0,142,0,0,1,10,0,52,0,29,0,15,0,27,0,6,0,0,0,0,0,0,0,0,5,0,0,0,0,0,1,0,0,0,0,0,0,0,0,0,0,0,0,0,0,0,0,0,0,0,0,4,0,0,0,0,0,0,0,0,0,0,0,58,0,0,0,37,0,0,0,0,0,0,0,0,0,0,1,0,0,0,0,0,0,0,0,0,0,21,0,0,0,0,0,8,0,0,0,0,0,0,0,0,0,0,0,0,0,3,0,229,0,77,1,202,0,35,0,0,2,241,0,26,0,11,0,57,0,0,0,3,0,0,0,1,0,24,0,25,0,0,0,8,0,0,0
0,0,0,0,0,0,0,0,0,0,0,0,0,0,1,0,27,0,18,0,98,0,0,0,0,0,0,0,72,0,22,0,0,0,9,0,125,0,12,0,0,0,25,0,64,0,0,0,0,0,24,0,9,0,0,0,0,0,0,0,9,0,45,0,0,0,0,0,0,0,0,0,136,0,112,0,11,0,124,0,0,0,0,0,2,2,54,0,0,0,0,0,0,0,0,0,0,0,0,0,0,0,0,0,0,0,0,0,0,0,0,0,0,0,0,0,0,0,0,0,40,0,30,0,18,10,8,0,6,4,0,12,2,3,19,0,19,0,2,0,50,0,51,0,74,0,8,2,9,2,20,1,14,0,5,0,46,0,2,0,0,0,58,0,0,0,8,0,12,2,64,0,51,0,32,7,0,0,0,0,11,0,0,0,0,0,0,0,0,0,3,0,1,0,0,0,0,0,0,0,0,1,0,0,0,0,2,0,32,0,0,0,0,0,0,0,0,0,0,0,0,0,6,0,0,0,3,0,0,0,0,0,0,0,3,0,0,0,13,4,2,0,2,0,2,0,0,0,0
0,0,0,0,0,0,0,0,0,0,0,1,0,0,0,0,0,0,0,0,0,0,0,0,0,0,0,8,0,4,0,36,0,31,0,32,0,51,0,0,0,0,0,8,0,0,0,0,0,0,0,24,0,0,0,0,0,0,0,0,0,0,0,0,0,14,0,0,0,0,0,0,0,106,0,194,0,21,0,126,0,0,0,0,0,0,0,49,0,0,0,0,0,0,0,0,0,0,0,0,0,0,0,0,0,0,0,0,0,0,0,0,0,0,0,0,0,0,0,0,0,13,0,19,18,31,0,0,0,0,9,19,0,4,0,6,0,0,0,2,0,9,0,5,0,101,0,31,0,0,0,0,5,14,0,0,0,5,0,0,0,2,0,43,0,0,0,4,0,8,0,30,0,8,0,65,0,0,0,0,0,0,0,2,0,5,0,0,0,0,0,2,0,0,0,0,0,0,0,0,0,3,0,0,0,0,0,0,0,0,0,0,0,0,0,0,0,0,0,2,0,4,0,5,0,0,0,12,0,24,0,0,0,0,2,25,0,0,0,0,0,0,0,0,0,3,0,0,0
