0,379,34,144,44,136,41,0,82,0,58,65,54,0,17,240,6,98,24,0,0,0,2,380,4,178,30,0,82,0,0,0,0,0,0,0,0,4,435,0,0,0,0,0,8,0,20,0,0,0,0,0,7,0,12,0,0,0,2,0,145,0,87,0,2,0,6,0,0,0,0,0,0,0,0,0,0,0,0,0,0,0,0,0,0,0,0,0,0,0,0,0,0,0,0,0,0,0,0,0,0,0,0,0,0,0,0,0,0,0,0,0,0,0,0,0,0,0,0,0,0,0,0,0,0,0,10,0,0,0,10,0,2,0,5,0,0,0,0,0,0,0,0,0,0,0,8,0,11,0,19,0,33,0,0,0,0,0,0,0,4,0,0,0,0,0,0,0,0,0,0,0,112,0,0,0,592,153,16,0,23,0,73,0,45,0,0,0,0,0,0,0,0,0,0,0,1,0,0,0,0,0,0,0,0,0,0,0,4,0,428,284,98,0,97,2,0,0,0,14,0,0,0,0,0
379,0,368,73,0,202,237,16,78,39,0,205,0,57,0,38,106,35,0,173,102,39,160,62,183,12,0,221,28,212,0,0,0,347,0,0,0,91,43,478,0,26,0,0,6,0,0,64,0,8,0,0,0,0,0,9,0,0,0,15,0,210,69,210,0,31,0,6,0,0,0,0,0,0,0,0,0,0,0,0,0,6,0,0,0,0,0,0,0,0,0,1,0,0,0,0,0,0,0,0,0,0,0,0,0,0,0,0,0,0,0,0,0,0,0,0,0,0,0,0,0,0,0,0,0,25,0,0,0,0,0,20,0,5,0,43,0,24,0,0,0,0,0,0,0,0,0,48,0,60,0,0,0,69,0,0,0,0,0,0,0,0,0,0,0,0,0,0,2,8,0,15,0,67,0,15,92,570,2,17,0,0,0,111,0,23,1,0,0,0,0,0,0,0,0,0,0,8,0,0,0,0,0,0,0,0,0,50,0,57,1,0,2,0,429,0,0,0,1124,242,322,0,0,0,0
34,368,0,0,237,132,44,0,15,0,65,100,73,0,242,193,30,67,74,0,39,0,63,299,36,123,0,0,0,0,0,0,141,0,0,0,0,0,707,0,0,0,0,0,0,0,0,0,21,0,0,0,0,0,51,0,0,0,23,0,0,0,78,0,1,0,0,0,0,0,0,0,0,0,0,0,0,0,0,0,0,0,0,0,0,0,0,0,0,0,0,0,0,0,0,0,0,0,0,0,0,0,0,0,0,0,0,0,0,0,0,0,0,0,0,0,0,0,0,0,0,0,0,0,0,0,48,0,0,0,31,0,16,0,164,0,28,0,0,0,0,0,0,0,0,0,8,0,0,0,27,0,0,0,0,0,0,0,0,0,0,0,0,0,0,0,0,0,0,0,89,0,157,0,0,0,108,89,0,0,0,0,0,0,18,0,0,0,0,0,0,0,0,0,0,0,0,0,0,0,0,0,0,0,0,0,0,0,69,0,1087,215,308,0,506,0,0,0,0,17,0,0,0,0,0
144,73,0,0,0,55,0,164,0,8,0,17,0,0,0,100,60,21,0,124,45,49,0,126,0,52,0,0,14,260,0,0,0,255,0,0,0,0,0,228,0,0,0,0,0,0,0,0,0,0,0,0,0,0,0,57,0,6,0,0,0,17,0,31,1,10,0,0,0,0,0,0,0,0,0,0,0,0,0,0,0,0,0,0,0,0,0,0,0,0,0,0,0,0,0,0,0,0,0,0,0,0,0,0,0,0,0,0,0,0,0,0,0,0,0,0,0,0,0,0,0,0,0,0,0,0,0,0,0,0,0,0,0,0,0,369,0,335,0,0,0,0,0,17,0,0,0,26,0,26,0,0,0,0,0,0,0,0,0,0,0,6,0,0,0,0,0,0,0,0,0,6,0,58,0,0,27,111,0,3,0,0,0,5,0,0,0,0,0,0,0,0,0,0,0,0,0,0,0,0,0,0,0,0,0,0,0,91,0,240,0,0,0,0,234,0,0,0,418,29,403,95,0,0,0
44,0,237,0,0,614,18,0,57,0,75,293,710,384,131,381,0,0,244,644,191,175,25,102,1,0,226,0,0,0,150,0,281,0,347,0,214,0,254,0,152,0,0,0,68,0,90,0,12,0,26,14,0,0,0,0,0,0,12,0,0,0,0,0,13,0,0,0,0,0,0,0,0,0,0,0,0,0,0,0,0,0,0,0,0,0,0,0,0,0,0,0,0,0,0,0,0,0,0,0,0,0,0,0,0,0,0,0,0,0,0,0,0,0,0,0,0,0,0,0,0,0,0,0,0,0,71,0,0,0,18,0,0,0,67,0,0,0,0,0,0,0,0,0,0,0,54,0,0,0,0,0,52,0,0,0,0,0,0,0,0,0,0,0,0,0,73,0,0,0,12,0,0,0,0,0,498,161,99,0,0,0,38,0,71,0,6,0,0,0,0,0,0,0,0,0,0,0,16,0,0,0,0,0,0,0,0,0,59,0,1146,594,404,0,281,0,0,0,3,33,0,0,0,0,0
136,202,132,55,614,0,0,32,2,38,221,219,102,99,392,79,0,0,101,417,278,424,249,113,0,5,0,428,0,0,121,0,31,434,0,0,0,61,27,0,0,20,0,0,0,94,0,67,0,0,0,0,0,0,0,13,0,0,0,0,0,0,0,0,0,0,0,0,0,0,0,0,0,0,0,0,0,0,0,0,0,0,0,0,0,0,0,0,0,0,0,0,0,0,0,0,0,0,0,0,0,0,0,0,0,0,0,0,0,0,0,0,0,0,0,0,0,0,0,0,0,0,0,0,0,17,0,0,0,0,0,0,0,0,0,121,0,105,0,0,0,0,0,0,0,0,0,0,0,39,0,75,0,0,0,0,0,0,0,0,0,0,0,0,0,0,0,0,0,0,0,4,0,0,0,0,126,383,0,10,0,0,0,0,0,0,0,2,0,0,0,0,0,0,0,1,0,0,0,0,0,0,0,0,0,0,0,0,0,114,0,0,0,0,205,0,0,0,807,342,629,0,0,0,0
41,237,44,0,18,0,0,0,22,230,24,0,17,0,12,0,4,40,0,0,0,0,7,45,55,273,0,0,0,0,8,0,0,0,0,0,2,0,93,0,0,0,0,0,0,0,0,0,0,0,2,0,144,0,163,0,5,0,60,0,238,0,402,67,2,0,0,0,0,0,0,0,0,0,0,0,0,0,0,0,0,0,0,0,0,0,0,0,0,0,0,0,0,0,0,0,0,0,0,0,0,0,0,0,0,0,0,0,0,0,0,0,0,0,0,0,0,0,0,0,0,0,0,0,0,0,84,0,0,0,21,0,0,0,0,0,0,0,0,0,0,0,0,0,0,0,0,0,3,0,0,0,0,0,0,0,0,0,0,0,0,0,0,0,0,0,0,0,35,0,308,0,97,0,0,0,128,66,2,0,0,0,3,0,3,0,0,0,0,0,0,0,0,0,0,0,0,0,0,0,2,0,0,0,0,0,0,0,31,0,661,138,236,0,666,0,0,1,0,1,0,0,0,1,0
0,16,0,164,0,32,0,0,194,21,0,8,0,4,0,67,0,28,0,37,0,0,0,27,0,100,0,0,9,0,0,0,0,0,0,0,0,0,0,0,0,0,0,0,0,0,0,0,0,15,0,0,0,172,92,395,0,33,0,56,0,184,104,934,0,20,0,4,0,0,0,0,0,0,0,0,0,0,0,0,0,0,0,0,0,0,0,0,0,0,0,0,0,0,0,0,0,0,0,0,0,0,0,0,0,0,0,0,0,0,0,0,0,0,0,0,0,0,0,0,0,0,0,0,0,91,0,32,0,27,0,132,0,28,0,38,0,57,0,0,0,0,0,0,0,0,0,7,0,55,0,9,0,5,0,13,0,0,0,8,0,29,0,0,0,10,0,0,0,26,0,0,0,96,0,0,24,141,0,0,0,0,0,16,0,0,0,0,0,0,0,0,0,0,0,0,0,0,0,0,0,4,0,0,0,0,0,30,0,125,9,0,0,0,740,0,0,0,856,79,458,461,0,180,0
82,78,15,0,57,2,22,194,0,281,20,0,50,0,24,16,1,26,62,0,0,0,4,23,0,265,50,0,0,0,0,0,0,0,0,0,0,0,0,0,0,0,0,0,10,0,16,0,6,0,0,0,45,41,59,110,20,6,138,0,109,0,91,58,97,0,41,12,0,0,0,0,0,0,0,0,0,0,0,0,0,0,0,0,0,0,0,0,0,0,0,0,0,0,0,0,0,0,0,0,0,0,0,0,0,0,0,0,0,0,0,0,0,0,0,0,0,0,0,0,0,0,0,0,16,0,59,0,0,0,88,0,1,0,13,0,0,0,0,0,0,0,0,0,0,0,47,0,53,0,42,0,44,0,0,0,0,0,0,0,93,0,0,0,0,0,0,0,10,0,74,0,0,0,0,0,405,98,0,0,10,0,3,0,50,0,0,0,0,0,0,0,0,0,0,0,0,0,6,0,0,0,0,0,0,0,0,0,8,0,165,64,0,0,120,0,0,0,0,0,0,0,0,0,0
0,39,0,8,0,38,230,21,281,0,0,16,0,0,0,11,0,0,0,44,0,0,0,0,94,0,0,55,2,2,0,0,0,0,0,0,0,0,0,16,0,0,0,3,0,0,0,0,0,2,0,0,121,165,281,58,0,31,260,165,0,299,108,360,0,181,0,93,0,0,0,0,0,0,0,0,0,0,0,0,0,1,0,0,0,0,0,0,0,0,0,0,0,0,0,0,0,0,0,0,0,0,0,0,0,0,0,0,0,0,0,0,0,0,0,0,0,0,0,0,0,0,0,0,0,73,0,12,0,13,0,73,0,8,0,23,0,13,0,0,0,0,0,0,0,0,0,50,0,126,0,57,0,76,0,3,0,0,0,2,0,28,0,0,0,2,0,0,0,5,0,34,0,0,0,5,57,688,0,0,0,0,0,31,0,137,0,0,0,0,0,1,0,5,0,0,0,5,0,6,0,0,0,0,0,0,0,44,0,54,4,0,0,0,439,0,0,0,736,268,187,0,0,112,0
58,0,65,0,75,221,24,0,20,0,0,65,481,0,33,288,0,0,58,140,0,0,3,55,0,0,63,0,0,0,0,0,108,0,0,0,161,0,165,0,95,0,0,0,26,0,60,0,10,0,0,0,0,0,2,0,0,0,1,0,0,0,0,0,1,0,0,0,0,0,0,0,0,0,0,0,0,0,0,0,0,0,0,0,0,0,0,0,0,0,0,0,0,0,0,0,0,0,0,0,0,0,0,0,0,0,0,0,0,0,0,0,0,0,0,0,0,0,0,0,0,0,1,0,0,0,0,0,0,0,1,0,0,0,0,0,0,0,0,0,0,0,0,0,0,0,3,0,3,0,0,0,0,0,0,0,0,0,0,0,0,0,0,0,0,0,67,0,44,0,0,0,68,0,0,0,342,47,73,0,0,0,71,0,13,0,7,0,0,0,0,0,0,0,0,0,0,0,0,0,0,0,0,0,0,0,0,0,6,0,238,190,122,0,45,0,0,0,2,31,0,0,0,0,0
65,205,100,17,293,219,0,8,0,16,65,0,0,238,229,0,61,0,0,64,159,74,131,33,0,0,0,290,0,0,84,0,0,343,7,0,0,74,6,0,0,167,0,0,0,100,0,221,0,34,0,0,0,0,0,0,0,0,0,0,0,0,0,0,0,12,0,0,0,0,0,0,0,0,0,0,0,0,0,0,0,0,0,0,0,0,0,0,0,0,0,0,0,0,0,0,0,3,0,0,0,0,0,0,0,0,0,0,0,0,0,0,0,0,0,0,0,0,0,5,0,0,0,0,0,0,0,0,0,0,0,0,0,0,0,0,0,0,0,0,0,0,0,0,0,0,0,0,0,0,0,0,0,81,0,0,0,0,0,0,0,0,0,0,0,0,0,0,0,0,0,0,0,13,0,99,63,486,0,28,0,148,0,72,0,56,2,4,0,0,0,0,0,0,0,0,0,0,0,0,0,0,0,0,0,0,0,15,0,0,0,7,0,0,0,0,0,0,240,160,110,0,0,0,0
54,0,73,0,710,102,17,0,50,0,481,0,0,495,57,0,0,0,116,436,80,192,0,0,0,0,216,985,0,0,0,0,0,0,221,0,56,0,0,0,173,90,0,76,53,0,116,269,11,0,164,0,0,0,0,0,0,0,7,0,0,0,0,0,23,0,0,0,0,0,0,0,0,0,4,0,0,0,0,0,0,0,0,0,0,0,0,0,0,0,0,0,0,0,0,0,0,0,0,0,0,0,0,0,0,0,0,0,0,0,0,0,0,0,0,0,0,0,0,0,0,0,0,0,12,0,53,0,0,0,0,0,0,0,0,0,0,0,0,0,0,0,0,0,0,0,0,0,9,0,0,0,24,0,0,0,0,0,0,0,0,0,0,0,0,0,0,0,0,0,0,0,0,0,0,0,421,65,199,0,62,0,29,0,36,0,134,6,0,0,0,0,0,0,0,0,0,0,0,0,0,0,0,0,0,0,0,0,0,0,0,233,0,0,0,0,0,0,2,0,0,0,0,0,0
0,57,0,0,384,99,0,4,0,0,0,238,495,0,212,0,0,0,694,126,272,172,0,0,0,0,245,179,0,0,0,0,0,3,37,118,0,94,0,0,51,204,0,174,0,66,25,258,0,44,23,293,0,0,0,0,0,0,0,0,0,1,0,0,0,4,0,0,0,2,0,0,0,0,0,0,0,0,0,0,0,0,0,0,0,0,0,0,0,0,0,0,0,0,0,0,0,0,0,0,0,0,0,0,0,0,0,0,0,0,0,0,0,0,0,0,0,0,0,0,0,0,0,0,0,0,0,0,0,0,0,0,0,0,0,0,0,0,0,0,0,0,0,0,0,0,0,0,0,0,0,0,0,29,0,0,0,0,0,0,0,0,0,0,0,59,0,18,0,61,0,0,0,0,0,67,114,436,0,22,0,149,0,25,0,17,15,28,0,0,0,0,0,0,0,0,0,0,0,0,0,0,0,0,0,0,0,0,0,0,0,0,0,0,0,0,0,0,162,307,158,0,0,0,0
17,0,242,0,131,392,12,0,24,0,33,229,57,212,0,205,65,0,209,336,228,64,266,32,36,0,196,0,7,0,180,0,191,0,105,18,115,2,25,0,0,0,0,0,27,0,0,0,0,0,0,0,4,0,42,0,0,0,0,0,0,0,12,0,14,0,0,0,0,0,0,0,0,0,0,0,0,0,0,0,0,0,0,0,0,0,0,0,0,0,0,0,0,0,0,0,0,0,0,0,0,0,0,0,0,0,0,0,0,0,0,0,0,0,0,0,0,0,0,0,0,0,3,0,0,0,109,0,0,0,22,0,0,0,720,0,53,0,0,0,0,0,0,0,0,0,142,0,30,0,266,0,0,0,0,0,0,0,0,0,5,0,0,0,0,0,55,0,0,0,0,0,0,0,0,0,70,32,6,0,0,0,24,0,57,0,0,0,0,0,0,0,0,0,0,0,0,0,0,0,0,0,0,0,0,0,0,0,374,0,261,122,180,0,75,0,0,0,7,14,0,0,0,0,0
240,38,193,100,381,79,0,67,16,11,288,0,0,0,205,0,99,30,0,150,169,408,255,121,10,55,0,50,0,21,140,160,0,76,0,27,0,0,57,0,0,0,0,29,0,0,0,2,0,0,0,0,0,0,0,54,0,0,0,0,0,0,0,0,0,9,0,0,0,0,0,0,0,0,0,0,0,0,0,0,0,45,0,0,0,0,0,0,0,0,0,114,0,0,0,0,0,0,0,113,0,0,0,0,0,0,0,102,0,0,0,0,0,0,0,0,0,0,0,0,0,0,0,0,0,0,0,0,0,0,0,26,0,0,0,1034,0,603,0,36,0,0,0,144,0,0,0,0,0,0,0,0,0,0,0,0,0,0,0,0,0,0,0,0,0,0,0,42,0,0,0,0,0,0,0,0,74,140,0,4,0,0,0,0,0,6,0,0,0,0,0,0,0,0,0,1,0,0,0,0,0,0,0,0,0,0,0,107,0,238,0,6,0,0,0,0,0,0,111,247,161,0,0,0,0
6,106,30,60,0,0,4,0,1,0,0,61,0,0,65,99,0,20,136,5,173,0,123,118,113,11,103,0,259,0,113,0,54,0,19,0,5,0,72,0,0,0,0,0,96,0,0,0,0,0,0,0,59,0,28,0,24,0,0,0,7,0,272,0,0,0,0,0,0,0,0,0,0,0,0,0,0,0,0,0,0,0,0,0,111,0,0,0,0,0,265,0,0,0,0,0,149,0,0,0,0,0,0,0,0,0,364,0,0,0,0,0,0,0,0,0,0,0,0,0,0,0,17,0,0,0,0,0,111,0,0,0,0,0,354,0,262,0,0,0,0,0,673,0,0,0,4,0,0,0,0,0,0,0,22,0,0,0,0,0,0,0,0,0,0,0,0,0,0,0,0,0,16,0,0,0,15,0,0,0,0,0,25,0,0,0,0,0,0,0,0,0,0,0,0,0,0,0,0,0,463,0,0,0,0,0,0,0,0,0,48,173,65,0,58,0,0,0,0,6,0,0,0,0,0
98,35,67,21,0,0,40,28,26,0,0,0,0,0,0,30,20,0,0,37,15,109,0,109,0,10,2,0,0,132,0,70,0,30,0,46,0,0,25,17,0,0,0,0,0,0,0,0,0,0,0,28,0,0,0,17,0,10,0,1,0,0,0,103,0,0,0,0,0,0,0,0,0,0,0,0,0,0,0,0,0,0,0,0,0,272,0,27,0,0,0,77,0,0,0,56,0,0,1,135,0,80,0,0,0,0,0,0,0,0,0,0,0,0,0,0,0,0,0,0,0,7,0,0,0,0,0,0,0,0,0,0,0,94,0,475,0,473,0,127,0,86,0,373,0,0,0,0,0,0,0,0,0,0,0,0,0,0,0,0,0,10,0,0,0,0,0,0,1,0,0,0,0,0,0,0,0,8,0,0,0,0,0,3,0,0,0,0,0,0,0,0,0,0,0,0,0,0,0,0,0,0,0,0,0,0,0,0,0,0,0,0,0,0,0,0,0,0,30,182,18,0,0,0,0
24,0,74,0,244,101,0,0,62,0,58,0,116,694,209,0,136,0,0,450,466,244,100,0,0,0,266,789,0,0,58,0,0,0,324,0,42,0,0,0,5,0,25,53,45,0,14,125,0,0,136,0,0,0,0,0,0,0,0,0,0,0,0,0,17,0,0,0,0,0,0,0,0,0,0,0,0,0,0,0,0,0,0,0,167,0,0,0,0,0,0,0,0,0,0,0,0,0,0,0,0,0,0,0,0,0,0,0,0,0,0,0,0,0,0,0,0,0,0,0,0,0,0,0,0,0,0,0,0,0,0,0,0,0,0,0,57,0,0,0,0,0,0,0,0,0,0,0,21,0,0,0,0,0,0,0,0,0,0,0,0,0,0,0,30,0,33,0,37,0,0,0,0,0,0,0,84,38,35,0,0,0,54,0,89,0,8,10,0,0,0,0,0,0,0,0,0,0,0,0,0,0,0,0,0,0,0,0,86,0,289,396,261,44,56,0,0,0,11,0,0,0,0,0,0
0,173,0,124,644,417,0,37,0,44,140,64,436,126,336,150,5,37,450,0,314,396,0,63,0,0,102,375,0,5,71,109,0,48,39,175,5,51,0,0,0,0,0,69,0,95,0,14,0,1,0,87,0,0,0,12,0,0,1,0,0,0,0,46,0,33,1,0,0,0,0,0,0,0,0,0,0,0,0,0,0,0,0,0,0,0,0,32,0,0,0,0,0,0,0,0,0,341,0,307,0,0,0,0,0,0,0,0,0,0,0,0,0,0,0,0,0,0,0,0,0,25,0,0,0,0,0,0,0,0,0,0,0,0,0,1135,0,0,0,0,0,74,0,274,0,0,0,109,0,133,0,0,0,109,0,0,0,0,0,0,0,0,0,0,0,43,0,36,0,107,0,0,0,0,0,0,86,116,0,8,0,0,0,24,0,37,0,0,0,0,0,0,0,0,0,0,0,0,0,0,0,0,0,0,0,0,0,0,0,406,0,2,0,0,0,0,0,0,198,338,267,0,0,0,0
0,102,39,45,191,278,0,0,0,0,0,159,80,272,228,169,173,15,466,314,0,122,114,105,21,0,355,192,43,0,139,0,90,0,139,0,25,0,30,0,0,6,0,0,147,0,0,0,8,0,82,0,12,0,0,0,0,0,0,0,0,0,65,0,0,0,0,0,0,0,0,0,20,0,13,0,0,0,0,0,0,0,0,0,164,0,0,0,0,0,0,0,0,0,0,0,0,0,0,0,0,0,0,0,0,0,0,0,0,0,0,0,0,0,0,0,0,0,0,0,0,0,0,0,0,0,0,0,0,0,0,0,0,0,104,0,110,0,0,0,0,0,236,0,0,0,0,0,0,0,0,0,0,0,0,0,0,0,0,0,0,0,0,0,0,0,39,0,0,0,0,0,0,0,0,0,18,23,0,0,0,0,0,0,0,0,0,0,0,0,0,0,0,0,0,0,0,0,0,0,0,0,0,0,0,0,0,0,0,0,232,552,95,0,54,0,2,0,6,7,0,0,0,0,0
0,39,0,49,175,424,0,0,0,0,0,74,192,172,64,408,0,109,244,396,122,0,0,74,0,8,0,105,0,18,0,46,0,52,0,126,0,26,0,22,0,0,0,113,0,65,0,5,0,2,0,127,0,0,0,0,0,0,0,0,0,0,0,107,0,0,0,0,0,0,0,0,0,0,0,0,0,0,0,0,0,0,0,0,0,0,0,0,0,0,0,0,0,0,0,0,0,0,0,0,0,0,0,1,0,0,0,0,0,0,0,0,0,0,0,0,0,0,0,1,0,0,0,0,0,0,0,0,0,0,0,0,0,0,0,0,0,0,0,0,0,156,0,248,0,0,0,0,0,0,0,0,0,0,0,0,0,0,0,0,0,0,0,0,0,0,0,23,0,0,0,0,0,0,0,0,0,76,0,5,0,0,0,0,0,0,0,0,0,0,0,0,0,0,0,0,0,0,0,0,0,0,0,0,0,0,0,0,0,0,0,0,0,0,45,0,0,0,334,858,137,0,0,0,0
2,160,63,0,25,249,7,0,4,0,3,131,0,0,266,255,123,0,100,0,114,0,0,218,32,38,67,0,349,0,225,0,212,0,0,0,0,0,444,0,0,0,0,0,38,0,0,0,0,0,0,0,0,0,47,0,10,0,0,0,0,0,50,0,0,0,0,0,0,0,0,0,0,0,0,0,0,0,0,0,0,0,0,0,0,0,0,0,0,0,0,0,0,0,0,0,0,0,0,0,0,0,0,0,38,0,0,0,0,0,0,0,0,0,0,0,0,0,0,0,0,0,0,0,0,0,0,0,0,0,8,0,0,0,546,0,67,0,0,0,0,0,302,0,0,0,0,0,0,0,0,0,22,0,0,0,0,0,0,0,6,0,0,0,0,0,0,0,0,0,0,0,91,0,0,0,56,47,0,0,0,0,0,0,21,0,0,0,0,0,0,0,0,0,0,0,9,0,0,0,102,0,0,0,0,0,72,2,122,0,569,96,336,0,373,1,0,0,0,17,9,0,0,0,0
380,62,299,126,102,113,45,27,23,0,55,33,0,0,32,121,118,109,0,63,105,74,218,0,26,16,0,0,0,69,47,74,27,53,0,6,9,3,72,23,0,0,0,0,0,12,0,0,0,0,0,0,0,0,0,12,0,3,0,1,0,4,0,58,0,0,0,0,0,0,0,0,0,0,0,0,0,0,0,0,0,72,0,0,0,148,0,18,0,0,1,49,0,0,0,0,0,0,0,129,0,78,0,0,0,0,0,0,0,0,0,0,0,0,0,0,0,0,0,0,0,11,0,0,0,0,0,0,0,0,0,0,0,0,0,282,0,190,0,58,0,52,0,155,0,0,0,0,0,0,0,0,0,0,0,5,0,4,0,0,0,0,0,0,0,0,0,22,0,22,0,0,0,15,0,0,34,59,0,3,0,0,0,3,0,0,0,0,0,0,0,0,0,0,0,0,0,0,0,0,0,19,0,0,0,0,0,0,0,0,0,3,0,0,0,0,0,0,53,485,55,21,0,2,0
4,183,36,0,1,0,55,0,0,94,0,0,0,0,36,10,113,0,0,0,21,0,32,26,0,142,0,0,138,4,14,0,0,0,0,0,0,0,90,0,0,0,0,0,0,0,0,0,0,0,0,0,31,0,208,0,58,0,52,0,65,0,333,45,0,0,0,0,0,0,0,0,0,0,0,0,0,0,0,0,0,0,0,0,1,0,1,0,0,0,0,0,0,0,0,0,0,0,0,0,0,0,0,0,0,0,0,0,0,0,0,0,0,0,0,0,0,0,0,0,0,0,0,0,5,0,113,0,66,0,23,0,80,0,533,0,163,0,5,0,0,0,303,0,0,0,0,0,0,0,0,0,0,0,9,0,0,0,4,0,27,0,0,0,0,0,0,0,0,0,188,0,94,0,0,0,0,0,0,0,0,0,0,0,0,0,0,0,0,0,0,0,0,0,0,0,0,0,0,0,106,0,0,0,0,0,0,0,96,0,365,41,162,0,476,0,0,0,0,0,0,0,0,0,0
178,12,123,52,0,5,273,100,265,0,0,0,0,0,0,55,11,10,0,0,0,8,38,16,142,0,0,0,14,70,0,2,0,0,0,0,0,0,39,52,0,0,0,0,0,0,0,0,0,0,0,0,32,26,141,109,0,37,0,3,28,20,147,134,0,0,0,0,0,0,0,0,0,0,0,0,0,0,0,0,0,0,0,1,0,0,0,0,0,0,0,0,0,0,0,2,0,0,3,9,0,0,0,0,0,0,0,29,0,0,0,0,0,0,0,0,0,0,0,0,0,2,0,0,0,0,0,0,0,115,0,30,0,53,0,456,0,427,0,0,0,0,0,72,0,1,0,0,0,0,0,0,0,0,0,25,0,0,0,22,0,21,0,0,0,1,0,0,0,0,0,6,0,27,0,0,28,88,0,0,0,0,0,1,0,0,0,0,0,0,0,0,0,0,0,0,0,0,0,0,0,0,0,1,0,0,0,0,0,59,4,0,0,0,69,0,0,0,95,220,56,51,0,0,0
30,0,0,0,226,0,0,0,50,0,63,0,216,245,196,0,103,2,266,102,355,0,67,0,0,0,0,797,36,0,65,0,36,0,0,0,78,0,7,0,49,302,301,43,210,99,123,671,67,0,243,0,10,0,0,0,0,0,0,0,0,0,38,0,0,0,0,0,0,0,0,0,21,0,0,0,0,0,0,0,0,0,0,0,330,0,0,0,0,0,0,0,0,0,0,0,0,0,0,0,29,0,0,0,0,0,0,0,0,0,0,0,0,0,0,0,0,0,0,0,0,0,0,0,0,0,0,0,0,0,0,0,0,0,0,0,0,0,0,0,278,0,0,0,0,0,0,0,0,0,0,0,0,0,0,0,0,0,0,0,0,0,0,0,81,0,0,0,0,0,0,0,0,0,0,0,75,19,48,0,0,0,48,0,50,0,29,0,0,0,0,0,0,0,0,0,0,0,0,0,0,0,0,0,0,0,0,0,0,0,123,721,275,0,35,0,0,15,3,27,4,0,0,0,0
0,221,0,0,0,428,0,0,0,55,0,290,985,179,0,50,0,0,789,375,192,105,0,0,0,0,797,0,0,0,0,30,0,37,0,74,0,115,0,0,329,12,118,235,0,332,179,180,6,61,99,272,0,0,0,0,0,0,0,0,0,0,0,103,0,0,0,0,0,0,0,0,0,0,0,7,0,0,0,0,0,0,0,0,0,482,0,66,0,0,0,0,0,53,0,0,0,0,0,0,0,211,0,15,0,0,0,0,0,0,0,0,0,0,0,0,0,1,0,0,0,0,0,0,0,0,0,0,0,0,0,0,0,0,0,0,0,0,0,0,0,255,0,409,0,0,0,35,0,0,0,0,0,52,0,0,0,7,0,0,0,0,0,0,0,173,0,0,0,184,0,0,0,0,0,0,52,99,0,19,0,0,0,41,0,51,58,0,0,0,0,0,0,0,0,0,0,0,0,0,0,0,0,0,0,0,0,0,0,0,0,7,0,0,0,0,0,0,202,1213,272,0,0,0,16
82,28,0,14,0,0,0,9,0,2,0,0,0,0,7,0,259,0,0,0,43,0,349,0,138,14,36,0,0,0,29,0,27,0,40,0,20,0,23,0,0,0,0,0,0,0,0,0,0,0,25,0,23,0,6,0,0,0,0,0,16,0,67,0,0,0,0,0,0,0,0,0,0,0,1,0,0,0,0,0,0,0,0,0,41,0,0,0,0,0,0,0,0,0,0,0,63,0,0,0,0,0,0,0,0,0,0,0,0,0,0,0,0,0,0,0,0,0,0,0,0,0,0,0,0,0,0,0,36,0,0,0,0,0,0,0,220,0,210,0,125,0,126,0,4,0,0,0,0,0,0,0,0,0,8,0,0,0,29,0,0,0,0,0,0,0,0,0,0,0,0,0,4,0,0,0,0,6,0,0,0,0,40,0,0,0,0,0,0,0,0,0,0,0,0,0,0,0,0,0,0,0,0,0,0,0,0,0,0,0,24,155,12,0,13,0,0,0,0,0,0,0,0,0,0
0,212,0,260,0,0,0,0,0,2,0,0,0,0,0,21,0,132,0,5,0,18,0,69,4,70,0,0,0,0,0,4,0,0,0,33,0,0,2,2,0,0,0,0,0,0,0,0,0,0,0,24,0,9,0,5,0,0,0,0,0,1,0,162,0,0,0,0,0,0,0,0,0,0,0,0,0,0,0,0,0,0,0,0,0,0,0,0,0,0,0,0,0,0,0,0,0,0,0,0,0,0,0,0,0,0,0,0,0,0,0,0,0,0,0,0,0,0,0,0,0,0,0,0,0,0,0,0,0,0,0,0,0,0,0,0,0,0,0,122,0,66,0,110,0,3,0,0,0,0,0,0,0,0,0,6,0,0,0,0,0,0,0,0,0,0,0,3,0,0,0,0,0,0,0,0,0,0,0,1,0,0,0,0,0,0,0,0,0,0,0,0,0,0,0,0,0,0,0,0,0,0,0,0,0,0,0,0,0,0,0,0,0,0,0,0,0,0,0,90,0,0,0,0,0
0,0,0,0,150,121,8,0,0,0,0,84,0,0,180,140,113,0,58,71,139,0,225,47,14,0,65,0,29,0,0,0,15,0,55,0,0,0,14,0,0,0,0,0,0,0,0,0,0,0,34,0,14,0,0,0,0,0,0,0,3,0,73,0,0,0,0,0,0,0,0,0,0,0,16,0,0,0,0,0,0,0,0,0,236,0,28,0,0,0,344,0,0,0,0,0,198,0,308,0,0,0,0,0,0,0,164,0,0,0,0,0,0,0,0,0,0,0,0,0,0,0,0,0,0,0,0,0,0,0,0,0,0,0,0,0,237,0,127,0,145,0,312,0,9,0,0,0,0,0,0,0,0,0,17,0,0,0,25,0,0,0,0,0,0,0,54,0,0,0,0,0,36,0,0,0,14,0,16,0,0,0,0,0,0,0,0,0,0,0,0,0,0,0,0,0,0,0,0,0,0,0,0,0,0,0,0,0,0,0,229,413,0,0,82,1,0,0,0,14,0,0,0,0,0
0,0,0,0,0,0,0,0,0,0,0,0,0,0,0,160,0,70,0,109,0,46,0,74,0,2,0,30,0,4,0,0,0,0,0,50,0,4,0,6,0,0,0,30,0,0,0,0,0,1,0,24,0,0,0,0,0,0,0,0,0,6,0,77,0,0,0,0,0,0,0,0,0,0,0,0,0,0,0,0,0,0,0,0,0,0,0,0,0,0,0,0,0,0,0,0,0,0,0,0,0,0,0,0,0,0,0,0,0,0,0,0,0,0,0,0,0,0,0,0,0,0,0,0,0,0,0,0,0,0,0,0,0,0,0,0,0,0,0,0,0,63,0,79,0,0,0,0,0,0,0,0,0,0,0,2,0,2,0,3,0,0,0,0,0,0,0,24,0,11,0,0,0,0,0,0,0,54,0,0,0,0,0,0,0,0,0,0,0,0,0,0,0,0,0,0,0,2,0,0,0,0,0,0,0,0,0,0,0,0,1,3,0,0,27,0,0,0,125,352,85,0,0,0,0
0,0,141,0,281,31,0,0,0,0,108,0,0,0,191,0,54,0,0,0,90,0,212,27,0,0,36,0,27,0,15,0,0,3,36,0,68,0,1,0,0,0,15,0,0,0,0,0,10,0,51,0,9,0,0,0,0,0,0,0,13,0,29,0,0,0,0,0,0,0,3,0,0,0,0,0,0,0,0,0,0,0,0,0,59,0,0,0,0,0,0,0,0,0,0,0,0,0,0,0,0,0,0,0,0,0,0,0,0,0,0,0,0,0,0,0,0,0,0,0,0,0,18,0,0,0,0,0,0,0,0,0,0,0,0,0,99,0,196,0,127,0,115,0,18,0,0,0,0,0,0,0,0,0,9,0,14,0,0,0,0,0,0,0,0,0,74,0,0,0,0,0,60,0,0,0,0,0,0,0,0,0,0,0,0,0,0,0,0,0,0,0,0,0,0,0,0,0,0,0,0,0,0,0,0,0,0,0,0,0,253,266,156,0,128,0,0,0,0,0,0,0,0,0,0
0,347,0,255,0,434,0,0,0,0,0,343,0,3,0,76,0,30,0,48,0,52,0,53,0,0,0,37,0,0,0,0,3,0,0,55,0,84,0,0,0,0,0,44,0,43,0,0,0,0,0,59,0,0,0,0,0,0,0,0,0,0,0,26,0,0,0,0,0,0,0,0,0,0,0,0,0,0,0,0,0,0,0,0,0,0,0,0,0,0,0,0,0,0,0,0,0,0,0,14,0,0,0,0,0,0,0,0,0,0,0,0,0,0,0,0,0,0,0,0,0,0,0,0,0,0,0,0,0,0,0,0,0,0,0,0,0,0,0,60,0,60,0,54,0,0,0,0,0,0,0,0,0,0,0,0,0,0,0,0,0,0,0,0,0,0,0,94,0,8,0,3,0,45,0,0,0,107,0,0,0,0,0,0,0,0,0,0,0,0,0,0,0,0,0,0,0,0,0,0,0,0,0,0,0,0,0,0,0,0,0,0,0,0,27,0,0,0,99,713,237,13,0,0,0
0,0,0,0,347,0,0,0,0,0,0,7,221,37,105,0,19,0,324,39,139,0,0,0,0,0,0,0,40,0,55,0,36,0,0,0,91,0,3,0,0,0,9,8,0,0,0,0,6,0,63,2,2,0,0,0,0,0,0,0,0,0,0,0,0,0,0,0,0,0,5,0,0,0,0,0,0,0,0,0,0,0,0,0,0,0,0,0,0,0,0,0,0,0,0,0,0,0,0,0,0,0,0,0,0,0,0,0,0,0,0,0,0,0,0,0,0,0,0,0,0,0,0,0,0,0,0,0,0,0,0,0,0,0,0,0,0,0,36,0,0,0,63,0,0,0,0,0,0,0,0,0,0,0,0,0,0,0,0,0,0,0,0,0,22,0,98,0,0,0,4,0,26,0,0,0,0,0,10,0,0,0,0,0,0,0,0,0,0,0,0,0,0,0,0,0,0,0,0,0,0,0,0,0,0,0,0,0,0,0,377,481,279,0,78,1,0,0,0,0,0,0,0,0,0
0,0,0,0,0,0,0,0,0,0,0,0,0,118,18,27,0,46,0,175,0,126,0,6,0,0,0,74,0,33,0,50,0,55,0,0,0,76,0,47,0,0,0,79,0,0,0,0,0,0,0,30,0,2,0,0,0,0,0,0,0,13,0,42,0,0,0,0,0,0,0,0,0,0,0,0,0,0,0,0,0,0,0,0,0,0,0,0,0,0,0,0,0,0,0,0,0,0,0,0,0,0,0,0,0,0,0,0,0,0,0,0,0,0,0,0,0,0,0,0,0,0,0,0,0,0,0,0,0,0,0,0,0,0,0,0,0,0,0,148,0,90,0,0,0,0,0,0,0,0,0,0,0,0,0,0,0,0,0,0,0,0,0,0,0,31,0,85,0,38,0,0,0,11,0,0,0,0,0,0,0,0,0,0,0,0,0,0,0,0,0,0,0,0,0,0,0,0,0,0,0,0,0,0,0,0,0,0,0,0,0,0,0,0,43,0,0,0,276,505,245,0,0,0,0
0,0,0,0,214,0,2,0,0,0,161,0,56,0,115,0,5,0,42,5,25,0,0,9,0,0,78,0,20,0,0,0,68,0,91,0,0,0,150,0,0,0,71,0,32,0,0,0,11,0,87,0,0,0,0,0,0,0,0,0,24,0,5,0,0,0,0,0,0,0,26,0,0,0,17,0,0,0,0,0,0,0,0,0,57,0,29,0,0,0,0,0,0,0,0,0,0,0,0,0,0,0,0,0,0,0,0,0,0,0,0,0,0,0,0,0,0,0,0,0,0,0,47,0,0,0,0,0,0,0,0,0,0,0,0,0,64,0,133,0,210,0,160,0,75,0,0,0,0,0,0,0,0,0,3,0,30,0,0,0,1,0,0,0,25,0,70,0,38,0,28,0,36,0,0,0,0,0,44,0,0,0,0,0,0,0,0,0,0,0,0,0,0,0,0,0,0,0,0,0,0,0,0,0,0,0,0,0,0,0,190,172,192,38,58,0,2,0,0,0,0,0,0,0,0
4,91,0,0,0,61,0,0,0,0,0,74,0,94,2,0,0,0,0,51,0,26,0,3,0,0,0,115,0,0,0,4,0,84,0,76,0,0,0,31,0,0,0,66,0,20,0,0,0,0,0,87,0,0,0,0,0,0,0,0,0,48,0,26,0,0,0,0,0,0,0,0,0,0,0,6,0,0,0,0,0,0,0,0,0,0,0,0,0,0,0,0,0,0,0,0,0,0,0,0,0,0,0,0,0,0,0,0,0,0,0,0,0,0,0,0,0,0,0,0,0,0,0,0,0,0,0,0,0,0,0,0,0,0,0,0,0,0,0,134,0,141,0,0,0,53,0,0,0,0,0,0,0,0,0,0,0,56,0,0,0,0,0,0,0,47,0,58,0,55,0,7,0,40,0,0,0,0,0,0,0,0,0,10,0,0,0,0,0,0,0,0,0,0,0,0,0,0,0,0,0,0,0,0,0,0,0,0,0,0,0,0,0,0,20,0,0,0,88,378,223,15,0,0,0
435,43,707,0,254,27,93,0,0,0,165,6,0,0,25,57,72,25,0,0,30,0,444,72,90,39,7,0,23,2,14,0,1,0,3,0,150,0,0,2,0,0,7,0,0,0,0,0,3,0,16,0,14,0,0,0,0,0,0,0,27,0,29,0,0,0,0,0,0,0,0,0,0,0,0,0,0,0,0,0,0,0,0,0,0,0,0,0,0,0,0,0,0,0,0,0,0,0,0,0,0,0,0,0,0,0,0,0,0,0,0,0,0,0,0,0,0,0,0,0,0,0,0,0,0,0,0,0,0,0,0,0,0,0,0,0,21,0,40,0,38,0,0,0,7,0,0,0,0,0,0,0,0,0,0,0,10,0,0,0,0,0,0,0,0,0,25,0,0,0,7,0,55,0,0,0,88,5,22,0,0,0,295,0,0,0,0,0,0,0,0,0,0,0,0,0,0,0,0,0,0,0,0,0,0,0,0,0,0,0,73,550,93,34,55,0,0,0,0,0,0,0,0,0,0
0,478,0,228,0,0,0,0,0,16,0,0,0,0,0,0,0,17,0,0,0,22,0,23,0,52,0,0,0,2,0,6,0,0,0,47,0,31,2,0,0,0,0,23,0,5,0,0,0,0,0,30,0,5,0,4,0,0,0,0,0,2,5,54,0,0,0,0,0,0,0,0,0,0,0,0,0,0,0,0,0,0,0,0,0,0,0,0,0,2,0,0,0,0,0,0,0,0,0,0,0,0,0,0,0,0,0,0,0,0,0,0,0,0,0,0,0,0,0,0,0,0,0,0,0,0,0,0,0,0,0,0,0,0,0,0,0,0,0,71,0,18,0,0,0,17,0,0,0,0,0,0,0,0,0,9,0,22,0,0,0,0,0,0,0,0,0,5,0,0,0,0,0,19,0,0,0,42,0,0,0,0,0,43,0,0,0,0,0,0,0,0,0,0,0,0,0,0,0,0,0,0,0,0,0,0,0,0,0,0,0,0,0,0,0,0,0,0,0,240,33,0,0,1,0
0,0,0,0,152,0,0,0,0,0,95,0,173,51,0,0,0,0,5,0,0,0,0,0,0,0,49,329,0,0,0,0,0,0,0,0,0,0,0,0,0,118,20,0,28,57,58,341,135,18,0,0,0,0,2,0,0,0,4,0,0,0,0,0,0,0,0,0,3,0,0,0,0,0,0,0,0,0,0,0,0,0,0,0,0,0,0,0,0,0,0,0,0,0,0,0,0,0,0,0,0,0,0,0,0,0,0,0,0,0,0,0,0,0,0,0,0,0,0,0,0,0,0,0,0,0,0,0,0,0,0,0,0,0,0,0,0,0,0,0,0,0,0,0,0,0,0,0,0,0,0,0,0,0,0,0,0,0,0,0,0,0,0,0,32,0,0,0,0,0,0,0,0,0,0,0,38,17,47,0,0,0,0,0,14,0,137,0,0,0,0,0,0,0,0,0,0,0,5,0,0,0,0,0,0,0,0,0,0,0,0,112,42,0,0,1,0,12,0,15,0,0,0,0,0
0,26,0,0,0,20,0,0,0,0,0,167,90,204,0,0,0,0,0,0,6,0,0,0,0,0,302,12,0,0,0,0,0,0,0,0,0,0,0,0,118,0,52,19,97,20,229,99,8,53,0,0,0,0,0,0,0,0,0,0,0,0,0,0,0,0,0,0,0,0,0,0,0,0,0,0,0,3,0,0,0,8,0,0,0,0,0,0,0,0,0,0,0,8,0,0,0,0,0,0,0,0,0,0,0,0,0,0,0,0,0,0,0,0,0,0,0,0,0,0,0,0,0,0,0,0,0,0,0,0,0,0,0,0,0,0,0,0,0,0,0,0,0,0,0,0,0,0,0,0,0,0,0,0,0,0,0,0,0,0,0,0,0,0,0,30,0,0,0,0,0,0,0,0,0,0,4,153,0,24,0,0,0,0,0,0,36,7,0,0,0,0,0,0,0,5,0,0,0,0,0,0,0,0,0,0,0,0,0,0,0,18,0,0,0,0,0,0,0,89,13,0,0,0,8
0,0,0,0,0,0,0,0,0,0,0,0,0,0,0,0,0,0,25,0,0,0,0,0,0,0,301,118,0,0,0,0,15,0,9,0,71,0,7,0,20,52,0,0,145,27,97,154,98,4,38,0,0,0,1,0,0,0,0,0,0,0,0,0,0,0,0,0,0,0,82,0,27,0,49,0,0,0,0,0,0,0,0,0,112,0,0,0,0,0,0,0,0,0,0,0,195,0,0,0,0,0,0,0,0,0,0,0,0,0,0,0,0,0,0,0,0,0,0,0,0,0,44,0,0,0,0,0,0,0,0,0,0,0,0,0,0,0,0,0,0,0,0,0,0,0,0,0,0,0,0,0,0,0,2,0,0,0,0,0,0,0,20,0,42,0,31,0,0,0,22,0,18,0,0,0,0,0,0,0,0,0,0,0,0,0,1,0,0,0,0,0,0,0,0,0,0,0,0,0,0,0,0,0,0,0,0,0,0,0,0,246,157,12,10,0,0,45,0,6,0,0,0,0,0
0,0,0,0,0,0,0,0,0,3,0,0,76,174,0,29,0,0,53,69,0,113,0,0,0,0,43,235,0,0,0,30,0,44,8,79,0,66,0,23,0,19,0,0,0,62,0,102,0,50,7,62,0,0,0,0,0,0,0,0,0,8,0,85,0,0,0,0,0,0,0,19,0,0,0,27,0,0,0,0,0,187,0,0,0,0,0,32,0,0,0,0,0,5,0,0,0,0,0,0,0,58,0,0,0,0,0,0,0,0,0,0,0,0,0,0,0,0,0,0,0,100,0,10,0,0,0,0,0,0,0,0,0,0,0,0,0,0,0,330,0,314,0,241,0,0,0,0,0,0,0,0,0,0,0,0,0,0,0,0,0,0,0,8,0,97,0,13,0,84,0,0,0,4,0,0,0,0,0,0,0,0,0,0,0,0,0,0,0,0,0,0,0,0,0,0,0,0,0,0,0,0,0,0,0,0,0,0,0,0,1,0,0,0,0,0,0,0,116,465,271,0,0,0,4
8,6,0,0,68,0,0,0,10,0,26,0,53,0,27,0,96,0,45,0,147,0,38,0,0,0,210,0,0,0,0,0,0,0,0,0,32,0,0,0,28,97,145,0,0,35,208,173,184,58,41,0,0,0,0,0,0,0,0,0,0,0,0,0,0,0,0,0,0,0,84,0,46,0,73,0,21,0,0,0,0,0,0,0,302,0,0,0,0,0,0,0,0,0,0,0,396,0,831,0,0,0,10,0,0,0,0,0,0,0,0,0,0,0,0,0,0,0,0,0,0,0,113,0,0,0,0,0,0,0,0,0,0,0,0,0,227,0,0,0,298,0,376,0,0,0,0,0,5,0,0,0,0,0,0,0,7,0,0,0,0,0,40,0,107,1,28,0,110,0,0,0,23,0,60,0,83,39,44,0,60,0,0,0,0,0,74,0,0,0,0,0,0,0,0,0,0,0,0,0,0,0,0,0,0,0,0,0,0,0,48,150,183,16,29,0,0,60,0,19,0,0,0,0,0
0,0,0,0,0,94,0,0,0,0,0,100,0,66,0,0,0,0,0,95,0,65,0,12,0,0,99,332,0,0,0,0,0,43,0,0,0,20,0,5,57,20,27,62,35,0,107,196,4,181,0,36,0,0,0,0,0,0,0,0,0,0,0,94,0,0,0,0,0,0,0,21,0,0,0,33,0,32,0,0,0,258,0,73,0,303,0,67,0,0,0,0,0,29,0,113,0,0,0,227,0,126,0,5,0,0,0,0,0,0,0,0,0,0,0,0,0,0,0,0,0,95,0,0,0,0,0,0,0,0,0,0,0,0,0,0,0,0,0,400,0,427,0,357,0,0,0,0,0,0,0,0,0,0,0,0,0,9,0,0,0,0,0,18,0,149,0,11,0,113,0,25,0,36,0,0,0,22,0,5,0,0,0,7,0,0,6,0,0,0,0,0,0,0,0,0,0,0,0,0,0,0,0,0,0,0,0,0,0,0,0,5,0,0,11,0,0,0,45,366,186,12,1,0,97
20,0,0,0,90,0,0,0,16,0,60,0,116,25,0,0,0,0,14,0,0,0,0,0,0,0,123,179,0,0,0,0,0,0,0,0,0,0,0,0,58,229,97,0,208,107,0,458,225,53,0,0,0,0,0,0,0,0,0,0,0,0,0,0,0,0,0,0,0,0,0,0,0,0,0,0,0,0,0,0,0,0,0,0,0,0,0,0,0,0,0,0,0,0,0,0,0,0,0,0,0,0,6,0,0,0,0,0,0,0,0,0,0,0,0,0,0,0,0,0,0,0,0,0,0,0,0,0,0,0,0,0,0,0,0,0,0,0,0,0,0,0,0,0,0,0,0,0,0,0,0,0,18,0,0,0,0,0,0,0,0,0,0,0,98,0,0,0,0,0,0,0,0,0,0,0,36,54,48,0,19,0,14,0,0,0,161,0,0,0,0,0,0,0,0,0,0,0,0,0,0,0,0,0,0,0,0,0,0,0,0,315,128,0,0,0,0,77,0,30,0,0,0,0,0
0,64,0,0,0,67,0,0,0,0,0,221,269,258,0,2,0,0,125,14,0,5,0,0,0,0,671,180,0,0,0,0,0,0,0,0,0,0,0,0,341,99,154,102,173,196,458,0,10,153,0,0,0,0,0,0,0,0,0,0,0,0,0,0,0,0,0,0,0,0,0,0,0,0,0,0,0,0,0,0,0,0,0,0,0,0,0,0,0,0,0,0,0,0,0,0,0,0,0,0,0,0,0,0,0,0,0,0,0,0,0,0,0,0,0,0,0,0,0,0,0,0,0,0,0,0,0,0,0,0,0,0,0,0,0,0,0,0,0,0,0,0,0,34,0,0,0,0,0,0,0,0,0,17,0,0,0,0,0,0,0,0,0,0,0,73,0,0,0,0,0,0,0,0,0,0,8,200,0,6,0,0,0,9,0,0,79,28,0,0,0,0,0,0,0,0,0,0,0,0,0,0,0,0,0,0,0,0,0,0,0,29,0,0,0,0,0,0,0,600,42,0,4,0,72
0,0,21,0,12,0,0,0,6,0,10,0,11,0,0,0,0,0,0,0,8,0,0,0,0,0,67,6,0,0,0,0,10,0,6,0,11,0,3,0,135,8,98,0,184,4,225,10,0,9,24,0,0,0,30,0,21,0,5,0,33,0,8,0,0,0,2,0,12,0,27,0,0,0,0,0,6,0,8,0,20,0,23,0,0,0,13,0,15,0,0,0,16,0,32,0,29,0,90,0,5,0,15,0,8,0,0,0,0,0,0,0,0,0,0,0,0,0,0,0,0,0,0,0,0,0,0,0,0,0,0,0,0,0,0,0,0,0,0,0,0,0,20,0,7,0,0,0,0,0,5,1,0,0,0,0,0,0,0,0,7,0,14,0,28,0,34,0,48,0,32,0,43,0,4,1,99,4,27,0,0,0,6,0,4,0,144,0,30,0,7,0,29,0,15,0,3,0,0,0,17,0,27,0,0,0,0,0,0,0,79,204,234,18,25,22,5,11,0,1,3,1,0,0,0
0,8,0,0,0,0,0,15,0,2,0,34,0,44,0,0,0,0,0,1,0,2,0,0,0,0,0,61,0,0,0,1,0,0,0,0,0,0,0,0,18,53,4,50,58,181,53,153,9,0,0,4,0,0,0,0,0,0,0,0,0,2,0,0,0,0,0,0,0,4,0,0,0,0,0,8,0,8,0,0,0,32,0,11,0,0,0,0,0,18,0,0,0,11,0,17,0,0,0,23,0,0,0,5,0,0,0,0,0,0,0,0,0,0,0,0,0,0,0,0,0,0,0,0,0,0,0,0,0,0,0,0,0,0,0,0,0,0,0,0,0,0,0,0,0,0,0,0,0,2,0,13,0,0,0,0,0,0,0,0,0,1,0,0,3,72,0,6,0,18,0,14,0,13,0,15,0,140,0,10,0,0,0,3,0,0,17,38,0,0,0,0,0,0,0,0,0,0,0,0,0,0,0,1,0,0,0,0,0,0,0,3,0,0,7,0,0,0,35,41,29,3,1,0,7
0,0,0,0,26,0,2,0,0,0,0,0,164,23,0,0,0,0,136,0,82,0,0,0,0,0,243,99,25,0,34,0,51,0,63,0,87,0,16,0,0,0,38,7,41,0,0,0,24,0,0,0,0,0,0,0,0,0,0,0,0,0,0,0,0,0,0,0,2,0,51,0,29,0,51,0,0,0,0,0,0,0,0,0,135,0,0,0,0,0,225,0,0,0,0,0,0,0,469,0,0,0,0,0,0,0,0,0,0,0,0,0,0,0,0,0,0,0,0,0,0,0,45,0,0,0,0,0,0,0,0,0,0,0,0,0,0,0,0,0,0,0,125,0,38,0,0,0,0,0,0,0,0,0,0,0,0,0,0,0,4,0,0,0,39,0,30,0,89,0,31,0,33,0,0,0,0,2,0,0,0,0,0,0,1,0,0,0,0,0,0,0,0,0,0,0,0,0,0,0,0,0,0,0,0,0,0,0,0,0,100,278,269,35,32,0,2,8,2,0,0,0,0,0,0
0,0,0,0,14,0,0,0,0,0,0,0,0,293,0,0,0,28,0,87,0,127,0,0,0,0,0,272,0,24,0,24,0,59,2,30,0,87,0,30,0,0,0,62,0,36,0,0,0,4,0,0,0,0,0,7,0,0,0,0,0,22,0,32,0,0,0,0,0,0,0,20,0,0,0,27,0,0,0,0,0,130,0,0,0,92,0,26,0,0,0,0,0,9,0,0,0,0,0,132,0,0,0,0,0,0,0,0,0,0,0,0,0,0,0,0,0,0,0,0,0,0,0,0,0,0,0,0,0,0,0,0,0,0,0,0,0,0,0,173,0,250,0,186,0,120,0,0,0,0,0,0,0,0,0,0,0,0,0,0,0,0,0,23,0,37,0,10,0,80,0,28,0,51,0,0,0,28,0,0,0,0,0,0,0,0,0,0,0,0,0,0,0,0,0,0,0,0,0,0,0,0,0,0,0,0,0,0,0,0,0,0,0,0,16,0,0,0,137,171,186,0,0,2,0
7,0,0,0,0,0,144,0,45,121,0,0,0,0,4,0,59,0,0,0,12,0,0,0,31,32,10,0,23,0,14,0,9,0,2,0,0,0,14,0,0,0,0,0,0,0,0,0,0,0,0,0,0,17,202,55,84,12,68,44,80,0,76,21,1,0,6,34,0,0,0,0,0,0,0,0,0,0,0,0,1,0,0,0,11,0,0,0,0,0,17,0,0,0,0,0,0,0,0,0,0,0,0,0,0,0,37,0,0,0,0,0,0,0,0,0,0,0,0,0,0,0,0,0,0,0,0,0,194,0,17,0,26,0,79,0,176,0,142,0,20,0,254,0,6,0,0,0,0,0,0,0,0,0,93,0,111,0,103,0,16,0,0,0,0,0,8,0,25,0,76,0,0,0,0,0,15,19,0,0,0,0,0,0,0,0,0,0,0,0,0,0,0,0,0,0,0,0,0,0,107,0,0,0,0,0,0,0,0,0,111,157,153,122,217,0,89,0,0,0,0,0,0,0,0
0,0,0,0,0,0,0,172,41,165,0,0,0,0,0,0,0,0,0,0,0,0,0,0,0,26,0,0,0,9,0,0,0,0,0,2,0,0,0,5,0,0,0,0,0,0,0,0,0,0,0,0,17,0,29,202,13,108,78,83,3,49,7,25,0,0,16,11,0,0,0,0,0,0,0,0,0,0,0,0,0,0,0,0,0,0,0,0,0,0,0,0,0,0,0,0,0,0,0,0,0,0,0,0,0,0,0,0,0,0,0,0,0,0,0,0,0,0,0,0,0,0,0,0,0,0,0,0,0,223,0,0,0,53,0,110,0,272,0,438,0,82,0,48,0,45,0,0,2,0,0,0,0,0,0,70,3,80,0,146,0,51,0,0,0,0,0,0,0,9,0,58,0,4,0,0,1,0,0,0,0,0,0,0,6,0,0,0,0,0,0,0,0,0,0,0,0,0,0,0,0,0,0,0,0,0,0,0,0,0,0,0,0,0,268,0,0,0,278,175,111,136,6,78,0
12,0,51,0,0,0,163,92,59,281,2,0,0,0,42,0,28,0,0,0,0,0,47,0,208,141,0,0,6,0,0,0,0,0,0,0,0,0,0,0,2,0,1,0,0,0,0,0,30,0,0,0,202,29,0,79,78,0,33,0,104,0,44,55,3,0,25,44,0,0,0,0,0,0,0,0,0,0,0,0,0,0,0,0,0,0,0,0,0,0,0,0,0,0,0,0,0,0,0,0,0,0,0,0,0,0,0,0,0,0,0,0,0,0,0,0,1,0,0,0,1,0,0,0,0,0,5,0,49,0,30,0,16,0,68,0,63,0,17,0,0,0,111,0,0,0,0,0,0,0,0,0,0,0,44,0,49,0,7,0,20,0,0,0,2,0,0,0,39,0,225,0,0,0,0,0,18,24,0,0,0,0,0,0,0,3,0,0,0,0,0,0,0,0,0,0,1,0,0,0,44,0,0,0,0,0,0,0,0,0,303,102,305,0,703,0,213,3,0,0,0,0,0,0,0
0,9,0,57,0,13,0,395,110,58,0,0,0,0,0,54,0,17,0,12,0,0,0,12,0,109,0,0,0,5,0,0,0,0,0,0,0,0,0,4,0,0,0,0,0,0,0,0,0,0,0,7,55,202,79,0,0,272,218,84,6,60,24,91,0,1,51,5,0,2,0,0,0,0,0,0,0,0,0,0,0,0,0,0,0,0,0,0,0,0,0,0,0,0,0,0,0,0,0,0,0,0,0,2,0,0,0,0,0,0,0,0,0,0,0,0,0,0,0,0,0,0,0,0,0,43,0,0,0,137,0,92,0,59,0,179,0,319,0,80,0,0,0,33,0,11,0,3,0,0,0,1,0,0,1,113,0,0,0,58,0,64,0,0,0,2,1,0,0,30,0,130,0,0,0,0,0,17,0,0,0,0,0,0,0,0,0,0,0,0,0,0,0,0,0,0,0,0,0,0,0,0,0,0,0,0,0,5,0,43,0,0,0,0,358,0,0,0,192,73,492,0,17,266,0
0,0,0,0,0,0,5,0,20,0,0,0,0,0,0,0,24,0,0,0,0,0,10,0,58,0,0,0,0,0,0,0,0,0,0,0,0,0,0,0,0,0,0,0,0,0,0,0,21,0,0,0,84,13,78,0,0,0,96,79,32,1,0,0,20,0,16,101,0,0,0,0,1,0,0,0,0,0,0,0,0,0,0,0,0,0,0,0,0,0,0,0,0,0,0,0,0,0,0,0,0,0,0,0,0,0,0,0,0,0,0,0,0,0,0,0,0,0,0,0,0,0,0,0,6,0,0,0,40,0,84,0,10,0,8,0,23,0,11,0,0,0,14,0,6,0,0,0,0,0,0,0,0,0,249,19,102,0,42,0,27,0,21,0,4,0,0,0,45,0,72,0,16,0,0,0,0,0,0,0,0,0,0,0,5,0,0,0,0,0,0,0,0,0,0,0,0,0,0,0,0,0,0,0,0,0,0,0,0,0,349,84,452,574,1137,0,320,0,0,1,0,0,0,0,0
0,0,0,6,0,0,0,33,6,31,0,0,0,0,0,0,0,10,0,0,0,0,0,3,0,37,0,0,0,0,0,0,0,0,0,0,0,0,0,0,0,0,0,0,0,0,0,0,0,0,0,0,12,108,0,272,0,0,80,100,0,23,3,16,0,3,47,22,0,0,0,0,0,0,0,0,0,0,0,0,0,0,0,0,0,0,0,0,0,0,0,0,0,0,0,0,0,0,0,0,0,0,0,2,0,0,0,0,0,0,0,0,0,0,0,0,0,0,0,0,0,0,0,0,0,24,0,0,0,86,0,57,1,11,0,31,0,55,3,37,0,0,0,0,0,0,0,0,0,0,0,0,0,0,6,315,3,52,5,194,0,88,0,120,0,0,0,0,0,74,0,145,0,11,0,0,0,0,0,0,0,0,0,0,0,0,0,0,0,0,0,0,0,0,0,0,0,0,0,0,0,0,0,0,0,0,0,0,0,0,0,0,0,0,756,0,0,0,228,24,536,0,37,359,0
2,0,23,0,12,0,60,0,138,260,1,0,7,0,0,0,0,0,0,1,0,0,0,0,52,0,0,0,0,0,0,0,0,0,0,0,0,0,0,0,4,0,0,0,0,0,0,0,5,0,0,0,68,78,33,218,96,80,0,367,93,0,13,21,188,0,326,332,0,0,0,0,0,0,0,0,0,0,0,0,0,0,0,0,0,0,0,0,0,0,0,0,0,0,0,0,0,0,0,0,0,0,0,0,0,0,0,0,0,0,0,0,0,0,0,0,0,0,0,0,0,0,0,0,0,0,0,0,0,0,53,0,0,0,0,0,0,0,0,0,0,0,0,0,0,0,0,0,0,0,0,0,0,0,89,38,161,2,0,16,14,7,0,0,4,0,0,0,0,0,0,0,0,0,0,0,162,37,0,0,5,0,0,0,259,16,0,0,0,0,0,0,0,0,0,0,0,0,0,0,0,0,0,0,0,0,0,0,0,0,589,316,136,0,1001,0,214,0,0,0,1,0,0,0,0
0,15,0,0,0,0,0,56,0,165,0,0,0,0,0,0,0,1,0,0,0,0,0,1,0,3,0,0,0,0,0,0,0,0,0,0,0,0,0,0,0,0,0,0,0,0,0,0,0,0,0,0,44,83,0,84,79,100,367,0,0,67,0,26,83,152,176,158,0,0,0,0,0,0,0,0,0,0,0,0,0,0,0,0,0,0,0,0,0,0,0,0,0,0,0,0,0,0,0,0,0,0,0,1,0,0,0,0,0,0,0,0,0,0,0,0,0,0,0,0,0,0,0,0,0,7,0,1,0,5,0,26,0,4,0,0,0,0,0,2,0,0,0,0,0,0,0,0,0,3,0,0,0,0,50,95,52,157,28,38,66,37,0,52,0,0,0,0,1,42,0,0,0,0,0,35,11,0,0,0,4,0,0,0,50,66,0,0,0,0,0,0,0,0,0,0,0,0,0,0,0,0,0,0,0,0,0,0,0,0,0,0,0,0,1659,0,0,0,1070,174,447,875,39,424,0
145,0,0,0,0,0,238,0,109,0,0,0,0,0,0,0,7,0,0,0,0,0,0,0,65,28,0,0,16,0,3,0,13,0,0,0,24,0,27,0,0,0,0,0,0,0,0,0,33,0,0,0,80,3,104,6,32,0,93,0,0,0,89,0,0,0,0,0,0,0,0,0,0,0,0,0,0,0,0,0,0,0,0,0,0,0,0,0,0,0,0,0,0,0,0,0,0,0,0,0,0,0,0,0,0,0,0,0,0,0,0,0,0,0,0,0,0,0,0,0,0,0,0,0,0,0,0,0,0,0,0,0,0,0,0,0,0,0,148,0,159,0,0,0,120,0,0,0,0,0,0,0,0,0,5,0,91,0,0,0,0,0,12,0,0,0,0,0,20,0,178,0,72,0,0,0,48,0,0,0,0,0,2,0,0,0,0,0,0,0,0,0,0,0,0,0,0,0,0,0,0,0,0,0,0,0,0,0,0,0,82,345,141,163,140,0,34,0,0,0,0,0,0,0,0
0,210,0,17,0,0,0,184,0,299,0,0,0,1,0,0,0,0,0,0,0,0,0,4,0,20,0,0,0,1,0,6,0,0,0,13,0,48,0,2,0,0,0,8,0,0,0,0,0,2,0,22,0,49,0,60,1,23,0,67,0,0,3,11,0,0,0,0,0,1,0,0,0,0,0,0,0,0,0,0,0,0,0,0,0,0,0,0,0,0,0,0,0,0,0,0,0,0,0,0,0,0,0,0,0,0,0,0,0,0,0,0,0,0,0,0,0,0,0,0,0,0,0,0,0,0,0,0,0,0,0,0,0,0,0,0,0,0,0,80,0,79,0,0,0,82,0,0,0,0,0,0,0,0,0,3,0,81,0,8,0,0,0,6,0,4,0,8,0,9,0,126,0,67,0,0,0,0,0,0,0,0,0,30,0,0,0,0,0,0,0,0,0,0,0,0,0,0,0,0,0,0,0,0,0,0,0,0,0,0,0,0,0,0,85,0,0,0,35,508,184,92,3,42,0
87,69,78,0,0,0,402,104,91,108,0,0,0,0,12,0,272,0,0,0,65,0,50,0,333,147,38,0,67,0,73,0,29,0,0,0,5,0,29,5,0,0,0,0,0,0,0,0,8,0,0,0,76,7,44,24,0,3,13,0,89,3,0,26,0,0,0,2,0,0,0,0,0,0,0,0,0,0,0,0,0,0,0,0,18,0,0,0,0,0,0,0,0,0,0,0,0,0,0,0,0,0,0,0,0,0,0,0,0,0,0,0,0,0,0,0,0,0,0,0,0,0,0,0,1,0,0,0,40,0,5,0,0,0,0,0,0,0,55,0,33,0,66,0,0,0,0,0,0,0,0,0,0,0,21,0,44,0,16,0,2,0,0,0,0,0,0,0,0,0,41,0,0,0,0,0,60,13,0,0,0,0,1,0,0,0,0,0,0,0,0,0,0,0,0,0,1,0,0,0,0,0,0,0,0,0,0,0,0,0,45,176,26,54,81,0,9,0,0,0,0,0,0,0,0
0,210,0,31,0,0,67,934,58,360,0,0,0,0,0,0,0,103,0,46,0,107,0,58,45,134,0,103,0,162,0,77,0,26,0,42,0,26,0,54,0,0,0,85,0,94,0,0,0,0,0,32,21,25,55,91,0,16,21,26,0,11,26,0,0,0,3,0,0,0,0,0,0,0,0,0,0,0,0,0,0,0,0,0,0,0,0,0,0,0,0,6,0,0,0,0,0,0,0,0,0,0,0,0,0,0,0,0,0,0,0,0,0,0,0,0,0,0,0,0,0,0,0,0,0,0,0,0,0,0,0,0,0,0,0,72,0,98,0,80,0,0,0,0,0,26,0,0,0,0,0,0,0,0,0,0,0,22,0,14,0,11,0,0,0,2,0,2,0,0,0,10,0,29,0,0,0,53,0,0,0,0,0,0,0,0,0,0,0,0,0,0,0,0,0,0,0,0,0,0,0,0,0,0,0,0,0,0,0,0,0,0,0,0,104,0,0,0,196,349,61,79,0,28,0
2,0,1,1,13,0,2,0,97,0,1,0,23,0,14,0,0,0,17,0,0,0,0,0,0,0,0,0,0,0,0,0,0,0,0,0,0,0,0,0,0,0,0,0,0,0,0,0,0,0,0,0,1,0,3,0,20,0,188,83,0,0,0,0,0,73,71,60,0,0,5,0,4,0,2,0,0,0,0,0,0,0,0,0,0,0,2,0,0,0,0,0,0,0,0,0,0,0,0,0,0,0,0,0,0,0,0,0,0,0,0,0,0,0,0,0,0,0,0,0,0,0,0,0,8,0,22,0,0,0,38,0,0,0,0,0,0,0,0,0,0,0,0,0,30,0,33,0,51,0,24,0,0,0,7,40,13,0,12,72,329,0,3,0,0,0,0,0,0,0,0,0,0,0,18,11,83,0,0,0,127,13,0,0,199,0,0,0,0,0,0,0,0,0,0,0,0,0,0,0,0,0,0,0,0,0,0,0,10,0,49,8,0,0,77,0,0,0,0,0,0,0,0,0,0
0,31,0,10,0,0,0,20,0,181,0,12,0,4,0,9,0,0,0,33,0,0,0,0,0,0,0,0,0,0,0,0,0,0,0,0,0,0,0,0,0,0,0,0,0,0,0,0,0,0,0,0,0,0,0,1,0,3,0,152,0,0,0,0,73,0,27,310,0,0,0,62,0,0,38,92,0,0,0,0,0,37,0,0,0,0,0,18,0,0,0,0,0,0,0,0,0,0,0,0,0,0,0,0,0,0,0,0,0,0,0,0,0,0,0,0,0,0,0,0,0,0,0,0,0,82,0,0,123,0,0,54,0,0,1,0,0,0,241,31,0,32,0,0,114,140,0,24,143,234,0,34,0,23,0,2,34,10,30,21,212,171,0,21,0,0,0,0,0,15,0,0,0,0,0,109,0,0,0,0,75,230,0,6,0,121,0,0,0,0,0,0,0,0,0,0,0,0,0,0,0,0,0,0,0,0,0,16,0,13,0,0,0,0,267,0,0,0,209,19,0,0,2,0,0
6,0,0,0,0,0,0,0,41,0,0,0,0,0,0,0,0,0,0,1,0,0,0,0,0,0,0,0,0,0,0,0,0,0,0,0,0,0,0,0,0,0,0,0,0,0,0,0,2,0,0,0,6,16,25,51,16,47,326,176,0,0,0,3,71,27,0,69,0,0,1,0,0,0,1,0,0,0,0,0,0,0,0,0,0,0,0,0,0,0,0,0,0,0,0,0,0,0,0,0,0,0,0,0,0,0,0,0,0,0,0,0,0,0,0,0,0,0,0,0,0,0,0,0,2,0,0,0,0,0,15,0,0,0,0,0,0,0,0,0,0,0,0,0,3,0,0,0,11,0,0,0,0,0,0,35,24,0,0,0,92,0,0,0,0,0,0,0,0,0,0,0,0,0,0,12,193,18,0,0,0,0,0,0,381,13,0,0,0,0,0,0,0,0,0,0,0,0,0,0,0,0,0,0,0,0,0,0,0,0,51,32,0,0,66,1,7,0,0,0,1,0,0,0,0
0,6,0,0,0,0,0,4,12,93,0,0,0,0,0,0,0,0,0,0,0,0,0,0,0,0,0,0,0,0,0,0,0,0,0,0,0,0,0,0,0,0,0,0,0,0,0,0,0,0,0,0,34,11,44,5,101,22,332,158,0,0,2,0,60,310,69,0,0,0,0,0,0,0,0,0,0,0,0,0,0,0,0,0,0,0,0,0,0,0,0,0,0,0,0,0,0,0,0,0,0,0,0,0,0,0,0,0,0,0,0,0,0,0,0,0,0,0,0,0,0,0,0,0,0,15,0,0,0,0,0,32,0,2,0,0,0,0,33,0,0,0,0,0,10,5,0,0,0,37,1,0,0,0,37,19,54,34,20,0,66,106,1,0,0,0,0,0,0,6,0,0,0,0,0,98,17,87,0,0,6,0,0,0,58,380,0,0,0,0,0,0,0,0,0,0,0,0,0,0,0,0,0,0,0,0,0,0,0,0,0,0,0,0,389,0,0,0,325,150,0,0,10,0,0
0,0,0,0,0,0,0,0,0,0,0,0,0,0,0,0,0,0,0,0,0,0,0,0,0,0,0,0,0,0,0,0,0,0,0,0,0,0,0,0,3,0,0,0,0,0,0,0,12,0,2,0,0,0,0,0,0,0,0,0,0,0,0,0,0,0,0,0,0,0,0,0,1,0,0,0,20,0,9,0,2,0,31,0,0,0,6,0,31,0,0,0,136,0,9,0,0,0,0,0,7,0,234,0,0,0,0,0,52,0,3,0,2,0,1,0,0,0,0,0,0,0,0,0,0,0,0,0,0,0,0,0,0,0,0,0,0,0,0,0,0,0,0,0,0,0,0,0,0,0,0,0,0,0,0,0,0,0,0,0,0,0,0,0,19,0,0,0,88,0,11,0,0,0,0,0,0,0,0,0,0,0,0,0,0,0,0,0,0,0,0,0,0,0,0,0,0,0,13,0,0,0,0,0,0,0,0,0,0,0,23,10,86,0,10,38,71,1,0,0,0,0,0,0,0
0,0,0,0,0,0,0,0,0,0,0,0,0,2,0,0,0,0,0,0,0,0,0,0,0,0,0,0,0,0,0,0,0,0,0,0,0,0,0,0,0,0,0,0,0,0,0,0,0,4,0,0,0,0,0,2,0,0,0,0,0,1,0,0,0,0,0,0,0,0,0,0,0,0,0,0,0,15,0,0,0,0,0,47,0,0,0,6,0,40,0,0,0,21,0,30,0,0,0,0,0,5,0,115,0,0,0,27,0,33,0,10,0,12,0,0,0,21,0,0,0,0,0,0,0,0,0,0,0,0,0,0,0,0,0,0,0,0,0,0,0,0,0,0,0,0,0,0,0,0,0,0,0,0,0,0,0,0,0,0,0,0,0,0,0,20,0,0,0,48,0,7,0,0,0,0,0,0,0,0,0,0,0,0,0,0,0,0,0,0,0,0,0,0,0,0,0,0,0,0,0,0,0,0,0,0,0,0,0,0,0,0,0,0,4,0,0,0,0,0,61,0,8,36,0
0,0,0,0,0,0,0,0,0,0,0,0,0,0,0,0,0,0,0,0,0,0,0,0,0,0,0,0,0,0,0,0,3,0,5,0,26,0,0,0,0,0,82,0,84,0,0,0,27,0,51,0,0,0,0,0,0,0,0,0,0,0,0,0,5,0,1,0,0,0,0,0,244,0,320,0,10,0,154,0,0,0,0,0,3,0,49,0,0,0,0,2,0,0,0,0,3,0,6,0,0,0,0,0,0,0,0,0,0,0,0,0,0,0,0,0,0,0,0,0,24,0,2,0,0,0,15,0,0,0,14,0,0,0,0,0,10,0,0,31,63,0,10,0,48,0,16,0,0,0,0,0,32,0,0,0,8,0,0,0,16,0,56,0,8,0,47,0,30,0,30,0,25,0,10,0,0,0,0,0,45,0,0,0,0,0,0,0,0,0,0,0,0,0,0,0,0,0,0,0,0,0,0,0,0,0,0,0,0,0,0,0,42,0,0,0,0,0,1,0,0,0,0,0,0
0,0,0,0,0,0,0,0,0,0,0,0,0,0,0,0,0,0,0,0,0,0,0,0,0,0,0,0,0,0,0,0,0,0,0,0,0,0,0,0,0,0,0,19,0,21,0,0,0,0,0,20,0,0,0,0,0,0,0,0,0,0,0,0,0,62,0,0,0,0,0,0,0,73,0,188,0,18,0,5,0,0,0,5,0,2,0,79,0,0,0,0,0,0,0,0,0,0,0,0,0,0,0,0,0,0,0,0,0,0,0,0,0,0,0,0,0,0,0,0,0,2,0,3,0,64,0,0,0,42,0,0,0,61,0,12,0,0,0,15,0,16,0,0,0,95,0,0,0,32,0,13,0,0,0,0,0,0,0,0,0,4,0,46,0,0,0,0,0,9,0,31,0,15,0,14,0,0,0,0,0,17,0,0,0,22,0,0,0,0,0,0,0,0,0,0,0,0,0,0,0,0,0,0,0,0,0,0,0,0,0,0,0,0,5,0,0,0,19,10,12,0,0,1,0
0,0,0,0,0,0,0,0,0,0,0,0,0,0,0,0,0,0,0,0,20,0,0,0,0,0,21,0,0,0,0,0,0,0,0,0,0,0,0,0,0,0,27,0,46,0,0,0,0,0,29,0,0,0,0,0,1,0,0,0,0,0,0,0,4,0,0,0,1,0,244,0,0,0,171,0,17,0,216,0,17,0,62,0,73,0,20,0,0,0,0,0,11,0,2,0,0,0,0,0,0,0,0,0,0,0,0,0,0,0,0,0,0,0,0,0,0,0,0,0,45,0,25,0,34,0,0,0,13,0,17,0,0,0,0,0,24,0,23,0,74,0,105,6,52,0,0,0,0,0,81,0,29,0,0,0,0,0,0,0,9,0,54,0,0,0,0,0,10,0,12,0,6,0,17,0,0,0,0,0,0,0,0,0,0,0,0,0,0,0,0,0,0,0,0,0,0,0,0,0,50,0,0,0,0,0,0,0,17,0,211,0,28,0,15,0,0,0,0,0,0,0,0,0,0
0,0,0,0,0,0,0,0,0,0,0,0,0,0,0,0,0,0,0,0,0,0,0,0,0,0,0,0,0,0,0,0,0,0,0,0,0,0,0,0,0,0,0,0,0,0,0,0,0,0,0,0,0,0,0,0,0,0,0,0,0,0,0,0,0,0,0,0,0,0,0,73,0,0,0,493,0,105,0,42,0,17,0,17,0,22,0,106,0,0,0,0,0,0,0,1,0,0,0,0,0,1,0,0,0,0,0,0,0,0,0,0,0,0,0,0,0,0,0,0,0,15,0,27,0,0,0,0,0,14,0,0,0,21,0,72,0,0,0,0,0,24,0,27,0,38,0,7,0,0,0,0,0,0,0,0,0,0,0,0,0,0,0,40,0,1,0,0,0,13,0,14,0,4,0,0,0,0,0,0,0,0,0,0,0,0,0,0,0,0,0,0,0,0,0,0,0,0,0,0,0,27,0,59,0,0,0,0,0,0,0,0,0,0,0,0,0,0,72,0,30,21,2,0,0
0,0,0,0,0,0,0,0,0,0,0,0,4,0,0,0,0,0,0,0,13,0,0,0,0,0,0,0,1,0,16,0,0,0,0,0,17,0,0,0,0,0,49,0,73,0,0,0,0,0,51,0,0,0,0,0,0,0,0,0,0,0,0,0,2,38,1,0,0,0,320,0,171,0,0,0,13,0,278,0,19,0,20,0,36,0,38,0,0,0,0,0,0,0,0,0,0,0,19,0,0,0,0,0,0,0,0,0,0,0,0,0,0,0,0,0,0,0,0,0,74,0,47,1,0,0,28,0,8,0,27,0,0,0,57,0,37,0,15,0,70,37,134,0,44,0,31,0,59,0,89,0,83,0,0,0,5,0,0,0,10,27,77,0,0,0,31,0,30,0,19,0,0,0,37,0,0,0,0,0,85,12,0,0,0,0,0,0,0,0,0,0,0,0,0,0,0,0,31,0,18,0,0,0,0,0,0,0,0,0,27,0,0,0,0,0,0,0,0,0,0,0,0,0,0
0,0,0,0,0,0,0,0,0,0,0,0,0,0,0,0,0,0,0,0,0,0,0,0,0,0,0,7,0,0,0,0,0,0,0,0,0,6,0,0,0,0,0,27,0,33,0,0,0,8,0,27,0,0,0,0,0,0,0,0,0,0,0,0,0,92,0,0,0,0,0,188,0,493,0,0,0,39,0,159,0,25,0,9,0,30,0,184,0,0,0,0,0,2,0,3,0,0,0,16,0,0,0,0,0,0,0,0,0,0,0,0,0,0,0,0,0,0,0,0,0,133,0,16,0,139,0,28,0,0,0,60,0,111,0,136,0,0,0,21,20,11,0,55,0,156,0,38,0,112,0,70,0,35,0,0,0,0,0,0,0,0,0,65,0,0,0,7,0,13,0,10,0,18,0,41,0,0,0,0,5,81,0,0,0,47,0,0,0,0,0,0,0,0,0,0,0,0,0,27,0,0,0,0,0,0,0,0,0,0,0,0,0,0,21,0,0,0,38,10,11,0,0,0,0
0,0,0,0,0,0,0,0,0,0,0,0,0,0,0,0,0,0,0,0,0,0,0,0,0,0,0,0,0,0,0,0,0,0,0,0,0,0,0,0,0,0,0,0,21,0,0,0,6,0,0,0,0,0,0,0,0,0,0,0,0,0,0,0,0,0,0,0,20,0,10,0,17,0,13,0,0,0,21,0,27,0,61,0,0,0,27,0,22,0,0,0,52,0,21,0,17,0,0,0,11,0,65,0,46,0,31,0,36,0,0,0,0,0,0,0,3,0,0,0,0,0,0,0,0,0,0,0,0,0,0,0,0,0,0,0,0,0,0,0,0,0,0,0,0,0,0,0,0,0,0,0,0,0,0,0,0,0,0,0,0,0,2,0,12,0,0,0,32,0,4,0,0,0,0,0,0,0,0,0,0,0,0,0,0,0,0,0,114,0,0,0,0,0,84,0,0,0,0,0,0,0,0,0,0,0,0,0,0,0,85,6,87,0,0,30,15,0,0,0,0,0,0,0,0
0,0,0,0,0,0,0,0,0,0,0,0,0,0,0,0,0,0,0,0,0,0,0,0,0,0,0,0,0,0,0,0,0,0,0,0,0,0,0,0,0,3,0,0,0,32,0,0,0,8,0,0,0,0,0,0,0,0,0,0,0,0,0,0,0,0,0,0,0,15,0,18,0,105,0,39,0,0,0,17,0,70,0,66,0,0,0,84,0,72,3,0,0,18,0,85,0,0,0,0,0,0,0,123,0,48,0,0,0,48,0,4,0,0,0,2,0,8,0,0,0,0,0,7,0,0,0,0,0,0,0,0,0,0,0,0,0,0,0,0,0,19,0,17,0,0,0,0,0,0,0,0,0,0,0,0,0,0,0,0,0,0,0,0,0,14,0,0,0,86,0,2,0,0,0,0,0,0,0,0,0,0,0,0,0,0,0,0,0,0,0,0,0,0,0,60,0,0,0,0,0,66,0,0,0,48,0,0,0,0,0,0,0,0,17,0,0,0,86,0,185,0,20,1,0
0,0,0,0,0,0,0,0,0,0,0,0,0,0,0,0,0,0,0,0,0,0,0,0,0,0,0,0,0,0,0,0,0,0,0,0,0,0,0,0,0,0,0,0,0,0,0,0,8,0,0,0,0,0,0,0,0,0,0,0,0,0,0,0,0,0,0,0,9,0,154,0,216,0,278,0,21,0,0,0,65,0,99,0,102,0,55,0,9,0,0,0,12,0,19,0,23,0,48,0,9,0,19,0,0,0,0,0,15,0,0,0,0,0,0,0,2,0,0,0,69,0,31,0,0,0,0,0,0,0,0,0,0,0,0,0,0,0,0,0,25,0,0,0,0,0,0,0,0,0,0,0,0,0,0,0,0,0,0,0,0,0,0,0,0,0,0,0,43,0,3,0,0,0,0,0,0,0,0,0,0,0,0,0,0,0,0,0,105,0,0,0,0,0,51,0,0,0,0,0,66,0,0,0,0,0,0,0,0,0,177,2,50,0,24,18,18,0,0,0,0,0,0,0,0
0,0,0,0,0,0,0,0,0,0,0,0,0,0,0,0,0,0,0,0,0,0,0,0,0,0,0,0,0,0,0,0,0,0,0,0,0,0,0,0,0,0,0,0,0,0,0,0,0,0,0,0,0,0,0,0,0,0,0,0,0,0,0,0,0,0,0,0,0,0,0,5,0,42,0,159,0,17,0,0,0,13,0,0,0,14,0,23,0,0,0,0,0,0,0,3,0,0,0,5,0,3,0,0,0,0,0,0,0,0,0,0,0,0,0,0,0,0,0,0,0,6,0,8,0,29,0,0,0,0,0,14,0,0,0,63,0,0,0,7,0,17,0,20,0,27,0,0,0,0,0,17,0,0,0,0,0,0,0,0,0,1,0,0,0,0,0,0,0,4,0,3,0,7,0,0,0,0,0,0,0,0,0,0,0,2,0,0,0,12,0,0,0,0,0,0,0,0,0,0,0,8,0,34,0,0,0,0,0,0,0,0,0,0,0,0,0,0,11,0,4,0,0,0,0
