0,44,241,62,256,0,68,29,88,0,201,0,93,0,22,12,90,49,18,0,1,0,113,63,59,120,5,0,52,0,0,0,19,0,0,0,17,0,289,0,0,0,0,0,0,0,33,0,12,0,4,0,4,0,0,7,0,0,0,0,109,0,284,0,7,0,6,0,0,0,0,0,0,0,0,0,0,0,0,0,0,0,0,0,0,0,0,0,0,0,0,0,0,0,0,0,0,0,0,0,0,0,0,0,0,0,0,0,0,0,0,0,0,0,0,0,0,0,0,0,0,0,0,0,0,0,0,0,0,0,4,0,0,0,0,0,0,0,0,0,0,0,0,0,0,0,6,0,8,0,12,0,10,0,0,0,0,0,0,0,0,0,6,0,0,0,0,0,43,0,14,0,268,4,0,0,281,64,10,0,4,1,23,0,16,0,1,0,0,0,0,0,0,0,0,0,0,0,0,0,0,0,0,0,0,0,0,0,0,0,539,108,432,95,222,0,0,0,0,0,0,0,0,0,0
44,0,114,48,0,378,21,64,0,104,10,327,0,219,0,84,38,47,0,97,9,27,129,94,46,25,0,163,0,54,0,0,0,137,0,0,0,52,0,298,0,0,0,0,0,52,0,85,0,0,0,0,0,22,0,9,0,5,0,0,0,124,4,106,0,23,0,4,0,0,0,0,0,0,0,1,0,0,0,0,0,0,0,0,0,0,0,0,0,0,0,0,0,0,0,0,0,0,0,0,0,0,0,0,0,0,0,0,0,0,0,0,0,0,0,0,0,0,0,0,0,0,0,0,0,16,0,17,0,1,0,0,0,0,0,0,0,37,0,0,0,0,0,0,0,0,0,0,0,43,0,30,0,56,0,0,0,0,0,0,0,0,0,4,0,12,0,72,0,27,0,35,0,137,0,0,59,531,0,6,0,0,0,37,0,97,0,0,0,0,0,0,0,0,0,0,0,0,0,0,0,0,0,0,0,0,0,0,0,34,0,0,0,0,143,0,0,0,408,115,442,0,0,11,0
241,114,0,75,158,0,154,48,72,0,27,0,22,0,50,28,166,53,7,0,13,0,540,83,303,93,0,0,166,0,15,0,83,0,0,0,18,0,337,0,0,0,0,0,0,0,6,0,19,0,0,0,6,0,60,0,0,0,5,0,0,0,290,4,20,0,8,0,0,0,0,0,0,0,0,0,0,0,0,0,0,0,0,0,0,0,0,0,0,0,0,0,0,0,0,0,0,0,0,0,0,0,0,0,0,0,0,0,0,0,0,0,0,0,0,0,0,0,0,0,0,0,0,0,33,0,49,0,0,0,59,0,12,0,83,0,110,0,0,0,0,0,70,0,0,0,66,0,54,0,31,0,16,0,0,0,0,0,0,0,25,0,8,0,0,0,29,0,72,0,18,0,251,0,0,0,99,53,0,0,0,0,0,0,41,0,0,0,0,0,0,0,0,0,0,0,0,0,0,0,0,0,0,0,0,0,0,0,42,0,262,60,303,0,150,0,0,2,0,0,0,0,0,0,0
62,48,75,0,29,46,0,163,0,11,18,7,0,0,17,382,16,58,0,90,8,91,114,561,21,173,0,0,0,134,0,17,0,391,0,0,0,34,0,272,0,0,0,0,0,0,0,0,0,0,0,0,1,0,0,110,0,31,1,0,0,11,0,10,0,0,0,1,0,0,0,0,0,0,0,0,0,0,0,0,0,0,0,0,0,0,0,0,0,0,0,0,0,0,0,0,0,0,0,0,0,0,0,0,0,0,0,0,0,0,0,0,0,0,0,0,0,0,0,0,0,0,0,0,0,9,0,15,0,0,0,0,0,0,0,35,0,86,0,0,0,11,0,12,0,0,0,0,0,6,0,2,0,0,0,3,0,0,0,1,0,5,0,0,0,0,0,254,0,0,0,11,0,62,0,1,27,110,0,2,0,0,0,0,0,3,0,0,0,0,0,0,0,0,0,0,0,0,0,0,0,17,0,0,0,0,0,0,0,22,0,0,0,0,41,0,0,0,148,51,299,0,0,0,1
256,0,158,29,0,196,37,0,69,0,212,61,185,52,73,117,28,15,59,152,47,3,104,44,0,0,54,13,95,0,235,0,423,0,181,0,267,0,224,0,64,0,4,0,28,0,94,0,12,0,0,0,0,0,0,0,0,0,0,0,0,0,0,0,15,0,0,0,0,0,0,0,0,0,0,0,0,0,0,0,0,0,0,0,0,0,0,0,0,0,0,0,0,0,0,0,0,0,0,0,0,0,0,0,0,0,0,0,0,0,0,0,0,0,0,0,0,0,0,0,0,0,0,0,0,0,0,0,0,0,0,0,0,0,0,0,0,0,0,0,0,0,0,0,0,0,25,0,42,0,0,0,0,0,0,0,2,0,0,0,0,0,5,0,0,0,184,0,224,0,14,0,200,0,35,0,184,89,67,0,54,0,60,0,95,0,2,0,0,0,0,0,0,0,0,0,0,0,0,0,0,0,0,0,0,0,0,0,0,0,452,201,584,228,256,0,0,0,0,0,0,0,0,0,0
0,378,0,46,196,0,0,114,0,39,63,192,197,126,301,386,0,5,101,133,167,175,25,125,0,0,0,208,0,0,12,62,0,334,7,87,0,203,0,0,0,27,0,0,0,55,7,94,0,2,0,18,0,5,0,14,0,6,0,0,0,0,0,0,0,0,0,0,0,0,0,0,0,0,0,0,0,0,0,0,0,0,0,0,0,8,0,0,0,0,0,0,0,0,0,0,0,0,0,0,0,0,0,0,0,0,0,0,0,0,0,0,0,0,0,0,0,0,0,0,0,0,0,0,0,0,0,14,0,0,0,0,0,0,0,0,0,40,0,0,0,0,0,0,0,0,0,0,0,17,0,0,0,50,0,0,0,0,0,0,0,0,0,0,1,6,0,226,0,0,0,16,0,0,0,9,49,353,8,21,0,16,0,0,0,21,0,0,0,0,0,0,0,0,0,0,0,0,0,0,0,0,0,0,0,0,0,0,0,0,0,0,0,0,70,0,0,0,212,212,486,0,19,0,0
68,21,154,0,37,0,0,35,137,73,12,0,0,0,0,0,42,13,2,0,0,0,18,0,454,127,0,0,5,0,0,0,0,0,0,0,0,0,0,0,0,0,0,0,6,0,0,0,50,0,0,0,111,0,190,28,37,0,4,0,118,0,482,0,25,0,49,1,0,0,0,0,0,0,0,0,0,0,0,0,0,0,0,0,0,0,0,0,0,0,0,0,0,0,0,0,0,0,0,0,0,0,0,0,0,0,0,0,0,0,0,0,0,0,0,0,0,0,0,0,0,0,0,0,43,0,45,0,0,0,129,0,11,0,0,0,0,0,0,0,0,0,0,0,0,0,40,0,26,0,0,0,0,0,3,0,0,0,0,0,90,0,0,0,14,0,9,0,53,1,60,0,211,0,0,0,79,44,0,0,0,0,1,0,1,0,0,0,0,0,0,0,0,0,0,0,0,0,0,0,0,0,0,0,0,0,0,0,17,0,523,53,750,234,330,0,51,0,0,0,0,0,0,0,0
29,64,48,163,0,114,35,0,26,57,0,23,0,0,0,50,17,30,0,29,0,0,22,29,70,317,0,40,0,114,0,0,0,28,0,0,0,0,0,385,0,0,0,0,0,0,0,0,0,0,0,0,2,78,11,402,0,54,0,32,0,271,0,305,7,5,0,0,0,0,0,0,0,0,0,0,0,0,0,0,0,0,0,0,0,0,0,0,0,0,0,0,0,0,0,0,0,0,0,0,0,0,0,0,0,0,0,0,0,0,0,0,0,0,0,0,0,0,0,0,0,0,0,0,0,30,1,25,0,11,0,36,0,11,0,39,0,134,0,17,0,8,0,0,0,0,0,0,0,16,0,0,0,0,0,9,0,0,0,0,0,6,0,0,0,0,0,0,0,0,0,65,0,201,0,0,29,149,0,1,0,0,0,21,0,0,0,0,0,0,0,0,0,0,0,0,0,0,0,0,0,0,0,0,0,0,0,0,0,43,0,0,0,0,227,0,0,0,450,55,440,139,0,29,1
88,0,72,0,69,0,137,26,0,191,83,0,38,0,44,0,22,13,20,0,0,0,9,0,73,135,0,0,0,0,0,0,0,0,0,0,0,0,0,0,4,0,5,0,23,0,13,0,64,0,0,0,207,44,72,174,10,28,114,44,109,0,209,21,60,0,167,30,6,0,0,0,0,0,0,0,0,0,0,0,0,0,0,0,3,0,0,0,0,0,0,0,0,0,0,0,0,0,0,0,1,0,0,0,0,0,0,0,0,0,0,0,0,0,0,0,0,0,0,0,0,0,0,0,22,0,27,0,0,0,55,0,1,0,0,0,3,0,0,0,0,0,0,0,0,0,35,0,60,0,0,0,13,0,0,0,30,0,0,0,23,1,0,0,11,0,0,0,43,0,54,0,69,2,0,0,569,70,10,0,0,0,58,0,63,9,0,0,0,0,0,0,0,0,0,0,0,0,0,0,0,0,0,0,0,0,0,0,11,0,945,110,472,343,507,11,132,9,0,0,6,0,0,2,0
0,104,0,11,0,39,73,57,191,0,0,44,0,31,0,29,0,24,0,27,0,0,0,3,56,33,0,22,0,0,0,0,0,5,0,0,0,7,0,39,0,0,0,0,0,0,0,0,0,0,0,0,37,389,178,234,14,13,0,89,0,316,31,537,0,156,9,122,0,0,0,0,0,0,0,0,0,0,0,0,0,0,0,0,0,0,0,0,0,1,0,0,0,0,0,0,0,0,0,0,0,0,0,0,0,0,0,0,0,0,0,0,0,0,0,0,0,0,0,0,0,0,0,0,0,88,0,71,0,4,0,60,0,0,0,0,0,68,0,2,0,5,0,7,0,0,0,0,0,112,0,0,0,6,0,0,0,37,0,0,0,11,0,0,0,0,0,0,0,82,0,160,3,98,0,0,85,370,0,0,0,0,0,27,0,103,0,0,0,0,0,0,0,0,0,0,0,0,0,5,0,5,0,0,0,0,0,5,0,115,0,2,0,0,322,0,0,0,849,159,448,0,0,0,0
201,10,27,18,212,63,12,0,83,0,0,15,235,0,23,86,22,0,19,28,20,2,40,44,0,0,21,3,24,0,33,0,220,0,7,0,69,0,131,0,19,1,3,1,10,0,47,0,6,0,3,0,0,0,0,0,2,0,0,0,4,0,0,0,8,0,0,0,0,0,0,0,0,0,0,0,0,0,0,0,0,0,2,0,0,0,0,0,0,0,0,0,0,0,0,0,0,0,0,0,0,0,0,0,0,0,0,0,0,0,0,0,0,0,0,0,0,0,0,0,0,0,0,0,0,0,0,0,0,0,0,0,0,0,0,0,0,0,0,0,0,0,0,0,0,0,0,0,21,0,0,0,54,0,0,0,0,0,0,0,0,0,0,0,4,0,31,0,43,0,0,0,53,0,19,0,124,36,43,0,29,0,83,0,54,0,6,0,0,0,0,0,0,0,0,0,0,0,0,0,0,0,0,0,0,0,0,0,1,0,168,88,180,89,93,0,0,0,0,0,4,0,0,0,0
0,327,0,7,61,192,0,23,0,44,15,0,45,225,91,36,4,3,39,38,78,117,19,106,0,0,11,68,0,2,0,57,0,243,0,69,0,115,0,0,0,69,0,10,0,49,3,115,0,12,0,10,0,0,0,0,0,0,0,0,0,4,0,2,0,5,0,0,0,0,0,0,0,0,0,0,0,0,0,0,0,0,0,0,0,0,0,0,0,0,0,0,0,0,0,0,0,0,0,0,0,0,0,0,0,0,0,0,0,0,0,0,0,0,0,0,0,0,0,0,0,0,0,0,0,0,0,0,0,0,0,0,0,0,0,0,0,0,0,0,0,0,0,0,0,0,0,0,0,10,0,59,0,160,0,0,0,0,0,0,0,0,0,0,0,0,2,64,0,0,0,0,0,16,0,42,21,389,1,42,0,42,0,83,0,96,0,2,0,0,0,0,0,0,0,0,0,0,0,0,0,0,0,0,0,0,0,0,0,0,0,0,0,0,24,0,0,0,78,108,147,0,0,0,0
93,0,22,0,185,197,0,0,38,0,235,45,0,432,63,15,0,0,28,391,53,25,0,0,0,0,45,335,0,0,41,0,28,1,412,0,154,0,1,0,147,18,159,3,159,16,242,67,41,0,268,0,0,0,0,0,0,0,0,0,0,0,0,0,14,0,0,0,0,0,0,0,0,0,0,0,0,0,0,0,0,0,0,0,0,0,0,0,0,0,0,0,0,0,0,0,0,0,0,0,5,0,0,0,0,0,0,0,0,0,0,0,0,0,0,0,0,0,0,0,0,0,0,0,0,0,0,0,0,0,0,0,0,0,0,0,0,0,0,0,0,0,0,0,0,0,0,0,0,0,0,0,76,0,0,0,0,0,0,0,0,0,0,0,26,0,26,0,0,0,0,0,0,0,0,0,305,178,130,0,0,0,89,0,72,0,108,7,0,0,0,0,0,0,0,0,1,0,0,0,0,0,0,0,0,0,0,0,4,0,24,69,193,30,21,0,0,4,1,0,0,0,0,0,0
0,219,0,0,52,126,0,0,0,31,0,225,432,0,53,3,0,0,241,42,102,32,0,0,1,1,258,65,0,0,0,4,0,0,44,61,0,97,0,0,131,158,27,99,25,111,0,247,0,124,84,101,0,0,0,0,0,0,0,0,0,0,0,0,0,11,0,0,0,0,0,0,0,0,0,0,0,0,0,0,0,0,0,0,0,0,0,0,0,0,0,0,0,0,0,5,0,0,0,0,0,0,0,0,0,0,0,0,0,0,0,0,0,0,0,0,0,0,0,0,0,0,0,0,0,0,0,0,0,0,0,0,0,0,0,7,0,13,0,0,0,0,0,0,0,0,0,0,0,0,0,0,0,0,0,0,0,0,0,1,0,0,0,0,0,0,0,0,0,0,0,3,0,5,0,11,8,365,0,28,0,23,0,11,0,0,45,58,0,0,0,0,0,0,0,0,0,0,0,0,0,0,0,0,0,0,0,0,0,0,0,0,0,0,5,0,0,0,10,47,83,7,0,0,2
22,0,50,17,73,301,0,0,44,0,23,91,63,53,0,126,85,5,99,208,59,10,237,53,22,0,62,0,44,0,242,0,227,0,85,1,83,4,35,0,8,0,0,0,42,0,32,0,0,0,12,0,20,0,75,0,0,0,0,0,0,0,76,0,27,0,0,0,0,0,8,0,0,0,0,0,0,0,0,0,0,0,0,0,105,0,0,0,0,0,0,0,0,0,0,0,52,0,0,0,0,0,0,0,0,0,0,0,0,0,0,0,0,0,0,0,0,0,0,0,0,0,0,0,13,0,37,0,45,0,0,0,0,0,123,0,334,0,20,0,61,0,313,0,0,0,50,0,53,0,68,0,143,0,0,0,0,0,0,0,0,0,0,0,5,0,77,0,89,0,0,0,36,0,0,0,130,72,8,0,43,0,33,0,121,0,0,0,0,0,0,0,0,0,0,0,0,0,0,0,0,0,0,0,0,0,0,0,34,0,90,69,170,49,38,0,0,0,0,0,12,0,0,0,0
12,84,28,382,117,386,0,50,0,29,86,36,15,3,126,0,13,46,6,201,92,102,94,118,0,43,0,109,0,5,2,30,0,91,0,14,0,33,0,0,0,0,0,9,2,29,0,0,0,5,0,8,0,12,0,199,0,56,0,37,0,0,0,18,0,16,0,0,0,0,0,0,0,0,0,0,0,0,0,0,0,73,0,0,0,154,0,0,0,0,0,0,0,0,0,0,0,13,0,0,0,0,0,0,0,0,0,0,0,0,0,0,0,0,0,0,0,0,0,0,0,13,0,0,0,0,0,0,0,0,0,5,0,0,0,100,0,150,0,36,0,51,0,129,0,0,0,0,0,40,0,0,0,38,2,0,0,7,0,0,0,5,0,3,0,0,0,73,0,20,1,8,0,8,0,2,30,98,0,4,0,4,0,4,4,42,0,0,0,0,0,0,0,0,0,0,0,0,0,0,0,0,0,0,0,0,0,0,0,0,0,0,6,0,46,0,0,0,102,107,104,0,4,0,0
90,38,166,16,28,0,42,17,22,0,22,4,0,0,85,13,0,19,44,0,259,0,72,33,106,38,0,0,134,0,26,0,84,0,9,0,9,0,170,0,0,0,6,0,55,0,0,0,10,0,16,0,151,0,22,0,0,0,2,0,20,0,641,0,0,0,0,0,0,0,46,0,0,0,37,0,0,0,0,0,31,0,0,0,352,0,43,0,0,0,57,0,0,0,0,0,199,0,144,0,42,0,0,0,0,0,77,0,0,0,0,0,0,0,0,0,0,0,0,0,17,0,66,0,0,0,0,0,60,0,0,0,0,0,35,0,215,0,83,0,129,0,424,0,21,0,0,0,0,0,0,0,0,0,20,0,0,0,0,0,2,0,0,0,0,0,12,0,0,0,0,0,68,0,0,0,53,11,0,0,0,0,41,0,0,0,0,0,0,0,0,0,0,0,0,0,0,0,0,0,116,0,0,0,0,0,0,0,0,0,12,27,62,0,0,0,0,0,0,0,0,0,0,0,0
49,47,53,58,15,5,13,30,13,24,0,3,0,0,5,46,19,0,0,8,0,147,65,167,22,81,0,0,0,116,0,12,0,61,0,3,0,10,5,201,0,0,0,0,0,3,0,0,0,0,0,0,0,10,0,21,0,12,0,0,0,53,4,206,0,0,0,2,0,0,0,25,0,0,0,67,0,0,0,7,0,266,0,0,0,245,0,67,0,0,0,70,0,0,0,0,0,0,0,132,0,112,0,0,0,0,0,0,0,0,0,0,0,0,0,0,0,0,0,0,0,72,0,36,0,0,1,0,0,15,0,0,0,0,0,32,0,96,0,145,0,206,0,318,0,29,0,0,0,0,0,0,0,0,0,11,0,0,0,17,0,0,0,3,0,0,0,15,0,12,0,7,0,21,0,0,11,45,0,2,0,0,0,0,0,0,0,0,0,0,0,0,0,0,0,0,0,0,0,0,0,0,0,0,0,0,0,0,0,0,0,0,13,0,10,0,0,0,28,13,56,0,0,0,0
18,0,7,0,59,101,2,0,20,0,19,39,28,241,99,6,44,0,0,178,72,17,74,0,0,0,19,127,0,0,17,0,7,0,97,0,93,0,0,0,24,0,21,0,30,0,51,26,10,0,131,0,11,0,12,0,0,0,0,0,0,0,12,0,5,0,4,0,0,0,0,0,0,0,0,0,0,0,0,0,0,0,0,0,0,0,4,0,0,0,0,0,0,0,0,0,0,0,0,0,0,0,0,0,0,0,0,0,0,0,0,0,0,0,0,0,0,0,0,0,0,0,0,0,0,0,0,0,0,0,0,0,0,0,0,0,0,0,0,0,0,0,0,0,0,0,0,0,0,0,0,0,0,0,0,0,0,0,0,0,0,0,4,0,34,0,43,0,83,0,5,0,7,0,7,0,26,32,0,0,0,0,19,0,38,0,29,4,0,0,0,0,0,0,0,0,0,0,0,0,0,0,0,0,0,0,0,0,0,0,44,62,238,42,41,0,0,0,0,0,0,0,0,0,0
0,97,0,90,152,133,0,29,0,27,28,38,391,42,208,201,0,8,178,0,125,233,2,79,0,10,90,201,0,0,0,40,0,74,20,87,0,224,0,5,13,2,0,35,0,29,0,31,0,7,0,31,0,0,0,31,0,0,0,0,0,0,0,0,0,11,0,0,0,0,0,0,0,0,0,0,0,0,0,0,0,0,0,20,0,0,0,0,0,0,0,0,0,0,0,0,0,0,0,43,0,0,0,0,0,0,0,0,0,0,0,0,0,0,0,0,0,0,0,0,0,0,0,0,0,11,0,0,0,0,0,0,0,0,0,0,0,71,0,0,0,0,0,0,0,0,0,7,0,28,0,16,0,0,0,0,0,0,0,0,0,0,0,0,0,8,0,98,0,62,0,0,0,19,0,0,14,21,5,0,0,5,0,16,0,28,13,0,0,0,0,0,0,0,0,0,0,0,0,0,0,20,0,0,0,0,0,0,0,36,0,0,0,0,24,0,0,0,102,188,178,21,0,0,0
1,9,13,8,47,167,0,0,0,0,20,78,53,102,59,92,259,0,72,125,0,11,122,37,11,0,93,0,26,0,46,3,114,0,33,0,24,0,13,0,5,8,16,0,49,6,5,0,16,0,39,0,33,0,6,0,0,0,0,0,0,0,111,0,2,0,0,0,0,0,113,0,0,0,90,0,0,0,0,0,0,0,0,0,352,0,33,0,0,0,109,0,0,0,0,0,316,0,283,0,82,0,0,0,0,0,0,0,0,0,0,0,0,0,0,0,0,0,0,0,35,0,0,0,0,0,0,0,0,0,0,0,0,0,0,0,108,0,0,0,0,0,250,0,124,0,0,0,0,0,0,0,0,0,0,0,0,0,0,0,0,0,0,0,29,0,140,13,136,0,7,0,40,0,0,0,27,17,1,0,3,0,0,0,0,0,4,0,0,0,0,0,0,0,0,0,0,0,0,0,0,0,0,0,0,0,0,0,0,0,67,62,254,61,54,0,4,0,0,0,9,0,0,0,0
0,27,0,91,3,175,0,0,0,0,2,117,25,32,10,102,0,147,17,233,11,0,2,124,0,14,12,120,0,42,0,12,0,42,4,45,0,34,0,15,6,0,0,106,0,111,0,8,0,0,0,115,0,0,0,0,0,0,0,18,0,18,0,127,0,0,0,0,0,0,0,41,0,0,0,110,0,0,0,20,0,277,0,0,0,137,0,149,0,0,0,0,0,0,0,98,0,0,0,0,0,132,0,0,0,0,0,0,0,1,0,0,0,0,0,0,0,0,0,0,0,65,0,0,0,0,0,0,0,0,0,0,0,6,0,0,0,46,0,81,0,254,0,131,0,229,0,0,0,0,0,0,0,0,0,0,0,40,0,0,0,20,0,8,0,13,0,88,0,67,0,0,0,27,0,0,0,28,0,5,0,0,0,0,0,0,1,0,0,0,0,0,0,0,0,0,0,0,0,0,0,0,0,0,0,0,0,0,0,0,0,0,0,0,40,0,0,0,129,246,199,32,0,0,0
113,129,540,114,104,25,18,22,9,0,40,19,0,0,237,94,72,65,74,2,122,2,0,215,88,56,20,0,52,0,3,2,23,0,0,0,7,0,70,0,0,0,2,0,86,0,16,0,0,0,0,0,18,0,89,0,0,0,0,0,0,0,114,0,9,0,2,0,0,0,1,0,0,0,0,0,0,0,0,0,0,0,0,0,74,0,0,0,0,0,5,0,0,0,0,0,53,0,0,0,15,0,0,0,0,0,0,0,0,0,0,0,0,0,0,0,0,0,0,0,6,0,0,0,0,0,29,0,74,0,35,0,23,0,118,0,390,0,27,0,53,0,286,0,2,0,18,0,46,0,20,0,31,0,9,0,0,0,0,0,0,2,0,1,0,0,0,0,30,0,0,0,25,7,5,0,142,63,3,0,0,0,21,0,39,0,0,0,0,0,0,0,0,0,0,0,0,0,3,0,121,0,0,0,0,0,0,0,40,0,78,32,75,30,27,0,0,0,4,2,22,0,0,0,0
63,94,83,561,44,125,0,29,0,3,44,106,0,0,53,118,33,167,0,79,37,124,215,0,16,102,0,19,5,123,0,21,0,86,0,15,0,14,0,33,0,0,0,0,0,11,0,0,0,2,0,8,0,4,0,40,0,24,0,28,0,4,0,118,5,0,0,2,0,0,0,0,0,0,0,60,0,0,0,11,0,262,0,0,0,289,0,78,0,0,0,100,0,0,0,0,0,0,0,194,0,144,0,0,0,0,0,0,0,0,0,0,0,0,0,0,0,0,0,0,0,43,0,26,0,0,0,0,0,0,0,0,0,0,0,61,0,62,0,30,0,76,0,208,0,33,0,0,0,1,0,3,0,0,0,0,0,2,0,2,0,12,0,0,0,0,0,48,0,14,0,10,0,16,0,0,37,137,0,28,0,0,1,0,0,0,0,0,0,0,0,0,0,0,0,0,0,0,0,0,0,39,0,0,0,0,0,0,0,0,0,2,0,0,17,0,0,0,91,85,90,0,0,0,0
59,46,303,21,0,0,454,70,73,56,0,0,0,1,22,0,106,22,0,0,11,0,88,16,0,176,0,0,6,0,0,0,0,0,0,0,0,0,1,5,0,0,0,0,0,0,0,0,0,0,0,0,23,6,89,10,4,0,10,0,0,3,107,8,0,1,0,0,0,0,0,0,0,0,0,0,0,0,0,0,0,0,0,0,24,0,0,0,0,0,0,0,0,0,0,0,0,0,0,0,0,0,0,0,0,0,0,0,0,0,0,0,0,0,0,0,0,0,0,0,1,0,0,0,0,0,30,0,152,0,29,0,0,0,58,0,290,0,42,0,44,0,156,0,0,0,6,0,7,0,0,0,0,0,12,0,0,0,35,1,21,0,0,0,0,0,0,0,0,0,0,0,0,0,0,0,112,38,0,0,0,0,12,0,0,0,0,0,0,0,0,0,0,0,0,0,0,0,0,0,0,0,0,0,0,0,0,0,13,0,0,5,30,0,5,0,0,0,0,0,5,0,0,0,0
120,25,93,173,0,0,127,317,135,33,0,0,0,1,0,43,38,81,0,10,0,14,56,102,176,0,0,0,0,23,0,0,0,7,0,0,0,0,3,59,0,0,0,0,0,0,0,0,0,0,0,0,7,17,8,79,0,109,0,116,0,34,27,118,13,0,1,0,0,0,0,0,0,0,0,0,0,0,0,0,0,0,0,0,0,207,0,0,0,0,0,49,0,0,0,0,0,16,0,85,0,59,0,0,0,0,0,0,0,0,0,0,0,0,0,0,0,0,0,0,0,11,0,0,0,0,0,0,0,18,1,2,0,0,0,126,0,161,0,111,0,54,0,273,0,0,0,0,0,0,0,0,0,0,0,12,0,0,0,8,9,0,0,0,0,5,0,0,0,15,1,5,12,22,0,0,71,219,0,0,0,0,2,2,1,0,0,0,0,0,0,0,0,0,0,0,0,0,0,0,0,56,0,0,0,0,0,0,0,0,10,0,19,0,22,0,0,0,60,5,40,8,0,3,0
5,0,0,0,54,0,0,0,0,0,21,11,45,258,62,0,0,0,19,90,93,12,20,0,0,0,0,220,0,0,33,0,6,0,42,0,22,0,0,0,24,63,262,9,161,51,55,148,32,10,365,0,0,0,0,0,0,0,0,0,0,0,0,0,3,0,0,0,0,0,20,0,0,0,0,0,0,0,0,0,6,0,10,0,0,0,0,0,0,0,0,0,0,0,0,0,0,0,0,0,0,0,0,0,0,0,0,0,0,0,0,0,0,0,0,0,0,0,0,0,0,0,0,0,0,0,0,0,0,0,0,0,0,0,0,0,0,0,0,0,0,0,0,0,21,0,0,0,0,0,0,0,0,0,1,0,1,0,0,0,0,0,0,0,86,0,20,0,0,0,0,0,7,0,0,0,0,45,0,0,0,0,0,0,0,0,50,12,0,0,0,0,0,0,0,0,0,0,0,0,0,0,0,0,0,0,0,0,0,0,0,115,226,0,16,0,0,8,0,0,0,0,0,0,0
0,163,0,0,13,208,0,40,0,22,3,68,335,65,0,109,0,0,127,201,0,120,0,19,0,0,220,0,0,0,0,5,0,8,39,118,3,121,0,0,158,8,47,171,31,260,46,143,0,42,105,173,0,0,0,7,0,0,0,0,0,0,0,0,0,0,0,0,0,0,0,8,0,0,0,0,0,0,0,0,0,0,0,0,0,0,0,26,0,5,0,0,0,18,0,0,0,0,0,0,0,59,0,0,0,0,0,0,0,0,0,0,0,0,0,0,0,0,0,0,0,0,0,0,0,0,0,0,0,0,0,0,0,0,0,0,0,53,0,0,0,0,0,0,0,0,0,0,0,0,0,0,0,0,0,0,0,0,0,0,0,0,0,0,0,60,0,26,0,0,0,0,0,0,0,0,2,43,2,7,0,0,0,0,0,6,45,14,0,0,0,0,0,0,0,0,0,0,0,0,0,0,0,0,0,0,0,0,0,0,0,0,0,0,38,0,0,0,72,261,327,47,0,3,0
52,0,166,0,95,0,5,0,0,0,24,0,0,0,44,0,134,0,0,0,26,0,52,5,6,0,0,0,0,0,73,0,39,0,17,0,20,0,14,0,0,0,12,0,0,0,0,0,0,0,5,0,10,0,0,0,0,0,0,0,5,0,26,0,0,0,0,0,0,0,55,0,0,0,52,0,0,0,0,0,0,0,0,0,121,0,0,0,0,0,19,0,0,0,0,0,81,0,86,0,0,0,0,0,0,0,0,0,0,0,0,0,0,0,0,0,0,0,0,0,16,0,47,0,0,0,0,0,0,0,0,0,0,0,0,0,0,0,73,0,33,0,104,0,103,0,0,0,0,0,0,0,6,0,24,0,0,0,0,0,0,0,0,0,0,0,0,0,0,0,0,0,1,0,0,0,10,0,1,0,0,0,0,0,0,0,0,0,0,0,0,0,0,0,0,0,0,0,0,0,0,0,0,0,0,0,0,0,0,0,0,7,0,0,0,0,0,0,0,0,0,0,0,0,0
0,54,0,134,0,0,0,114,0,0,0,2,0,0,0,5,0,116,0,0,0,42,0,123,0,23,0,0,0,0,0,7,0,95,0,0,0,2,0,23,0,0,0,0,0,0,0,0,0,0,0,0,0,4,0,3,0,0,0,0,0,31,0,60,0,0,0,0,0,0,0,0,0,0,0,31,0,0,0,8,0,95,0,0,0,54,0,0,0,0,0,0,0,0,0,0,0,0,0,46,0,0,0,0,0,0,0,0,0,0,0,0,0,0,0,0,0,0,0,0,0,33,0,21,0,0,0,0,0,0,0,0,0,0,0,7,0,25,0,73,0,148,0,87,0,88,0,0,0,0,0,0,0,0,0,7,0,6,0,0,0,0,0,0,0,0,0,11,0,0,0,0,0,0,0,0,0,14,0,0,0,0,0,0,0,0,0,0,0,0,0,0,0,0,0,0,0,0,0,0,0,0,0,0,0,0,0,0,0,0,0,0,0,0,0,0,0,0,7,5,0,0,0,0,0
0,0,15,0,235,12,0,0,0,0,33,0,41,0,242,2,26,0,17,0,46,0,3,0,0,0,33,0,73,0,0,0,49,0,12,0,20,0,39,0,0,0,119,0,22,0,0,0,0,0,76,0,0,0,0,0,0,0,1,0,12,0,21,0,0,0,0,0,0,0,34,0,0,0,22,0,0,0,0,0,0,0,0,0,83,0,0,0,4,0,20,0,0,0,0,0,64,0,89,0,0,0,0,0,0,0,0,0,0,0,0,0,0,0,0,0,0,0,0,0,9,0,16,0,0,0,0,0,0,0,0,0,0,0,0,0,23,0,24,0,0,0,65,0,119,0,0,0,0,0,0,0,0,0,0,0,6,0,0,0,0,0,15,0,7,0,18,0,31,0,0,0,15,0,0,0,5,0,0,0,0,0,0,0,0,0,0,0,0,0,1,0,0,0,0,0,0,0,0,0,0,0,0,0,0,0,0,0,0,0,12,18,47,13,7,0,0,0,0,0,0,0,0,0,0
0,0,0,17,0,62,0,0,0,0,0,57,0,4,0,30,0,12,0,40,3,12,2,21,0,0,0,5,0,7,0,0,0,1,0,4,0,11,0,16,0,0,0,1,0,5,0,0,0,0,0,0,0,0,0,1,0,0,0,0,0,0,0,22,0,0,0,0,0,0,0,8,0,0,0,0,0,0,0,0,0,38,0,0,0,16,0,0,0,0,0,0,0,0,0,0,0,0,0,0,0,0,0,0,0,0,0,0,0,0,0,0,0,0,0,0,0,0,0,0,0,0,0,0,0,0,0,0,0,0,0,0,0,0,0,0,0,0,0,14,0,30,0,12,0,41,0,0,0,0,0,0,0,0,0,0,0,13,0,0,0,0,0,0,0,3,0,48,0,0,0,0,0,9,0,0,0,0,0,0,0,0,0,0,0,0,0,0,0,0,0,0,0,0,0,0,0,0,0,0,0,4,0,0,0,0,0,0,0,0,0,0,0,0,0,0,0,0,19,41,44,0,0,0,0
19,0,83,0,423,0,0,0,0,0,220,0,28,0,227,0,84,0,7,0,114,0,23,0,0,0,6,0,39,0,49,0,0,0,40,0,125,0,20,0,0,0,17,0,28,0,0,0,0,0,9,0,0,0,0,0,0,0,0,0,15,0,9,0,0,0,0,0,0,0,0,0,0,0,8,0,0,0,0,0,0,0,0,0,0,0,0,0,0,0,0,0,0,0,0,0,30,0,43,0,10,0,0,0,0,0,0,0,0,0,0,0,0,0,0,0,0,0,0,0,0,0,0,0,0,0,0,0,0,0,0,0,1,0,0,0,0,0,13,0,0,0,0,0,45,0,0,0,0,0,0,0,0,0,11,0,12,0,0,0,0,0,0,0,0,0,30,0,0,0,0,0,25,0,0,0,20,0,11,0,0,0,0,0,0,0,0,0,0,0,0,0,0,0,0,0,0,0,0,0,0,0,0,0,0,0,0,0,0,0,0,8,19,0,0,0,0,0,0,0,0,0,0,0,0
0,137,0,391,0,334,0,28,0,5,0,243,1,0,0,91,0,61,0,74,0,42,0,86,0,7,0,8,0,95,0,1,0,0,0,44,0,147,0,15,0,0,0,9,0,8,0,0,0,1,0,10,0,4,0,0,0,0,0,0,0,12,0,29,0,0,0,0,0,0,0,5,0,0,0,23,0,0,0,0,0,87,0,0,0,0,0,0,0,0,0,0,0,0,0,0,0,0,0,0,0,49,0,0,0,0,0,0,0,0,0,0,0,0,0,0,0,0,0,0,0,29,0,8,0,0,0,0,0,0,0,0,0,0,0,0,0,0,0,0,0,27,0,28,0,60,0,0,0,0,0,0,0,9,0,0,0,25,0,0,0,0,0,0,0,0,0,344,0,21,0,0,0,30,0,0,4,132,0,34,0,0,0,5,0,0,0,0,0,0,0,0,0,0,0,0,0,0,0,0,0,0,0,0,0,0,0,0,0,6,0,0,0,0,12,0,0,0,70,76,111,20,0,0,0
0,0,0,0,181,7,0,0,0,0,7,0,412,44,85,0,9,0,97,20,33,4,0,0,0,0,42,39,17,0,12,0,40,0,0,0,92,0,34,0,0,0,89,0,34,0,0,0,7,0,121,0,0,0,0,0,0,0,0,0,10,0,0,0,0,0,0,0,0,0,3,0,1,0,0,0,0,0,0,0,0,0,1,0,0,0,0,0,0,0,0,0,0,0,0,0,0,0,0,0,0,0,0,0,0,0,0,0,0,0,0,0,0,0,0,0,0,0,0,0,0,0,0,0,0,0,0,0,0,0,0,0,0,0,0,0,0,0,0,0,0,0,0,0,16,0,0,0,0,0,0,0,0,0,0,0,0,0,0,0,0,0,0,0,23,0,40,0,0,0,0,0,9,0,0,0,0,0,20,0,0,0,0,0,0,0,11,0,0,0,0,0,0,0,0,0,0,0,0,0,0,0,0,0,0,0,0,0,0,0,14,22,89,0,17,0,3,0,0,0,0,0,0,0,0
0,0,0,0,0,87,0,0,0,0,0,69,0,61,1,14,0,3,0,87,0,45,0,15,0,0,0,118,0,0,0,4,0,44,0,0,1,158,0,31,0,0,0,27,0,39,0,0,0,2,0,48,0,0,0,0,0,0,0,0,0,16,0,21,0,0,0,0,0,0,0,10,0,0,0,0,0,0,0,0,0,44,0,0,0,0,0,0,0,0,0,0,0,0,0,0,0,0,0,0,0,0,0,0,0,0,0,0,0,0,0,0,0,0,0,0,0,0,0,0,0,0,0,0,0,0,0,0,0,0,0,0,0,0,0,0,0,0,0,24,0,62,0,0,0,92,0,0,0,0,0,0,0,0,0,0,0,36,0,0,0,0,0,0,0,14,0,133,0,50,0,0,0,22,0,0,0,0,0,0,0,2,0,0,0,0,0,0,0,0,0,0,0,0,0,0,0,0,0,0,0,0,0,0,0,0,0,0,0,0,0,0,0,0,0,0,0,0,38,80,116,0,0,0,0
17,0,18,0,267,0,0,0,0,0,69,0,154,0,83,0,9,0,93,0,24,0,7,0,0,0,22,3,20,0,20,0,125,0,92,1,0,0,69,0,0,0,46,0,69,0,0,0,7,0,81,0,10,0,0,0,0,0,0,0,45,0,5,0,2,0,0,0,0,0,53,0,0,0,23,0,0,0,0,0,0,0,0,0,48,0,0,0,0,0,0,0,0,0,0,0,50,0,0,0,12,0,0,0,0,0,0,0,0,0,0,0,0,0,0,0,0,0,0,0,0,0,13,0,0,0,0,0,0,0,0,0,0,0,0,0,0,1,53,0,38,0,46,0,216,0,0,0,0,0,0,0,0,0,21,0,48,0,0,0,0,0,24,0,44,0,55,0,92,0,17,0,65,0,0,0,8,0,5,0,0,0,2,0,0,0,0,0,1,0,0,0,0,0,3,0,0,0,0,0,18,0,0,0,0,0,0,0,0,0,23,40,104,17,7,0,0,0,0,0,0,0,0,0,0
0,52,0,34,0,203,0,0,0,7,0,115,0,97,4,33,0,10,0,224,0,34,0,14,0,0,0,121,0,2,0,11,0,147,0,158,0,0,0,13,0,0,0,38,0,24,0,14,0,6,0,63,0,0,0,0,0,2,0,0,0,14,0,23,0,2,0,0,0,0,0,0,0,0,0,0,0,0,0,0,0,0,0,12,0,0,0,0,0,3,0,0,0,0,0,23,0,0,0,20,0,14,0,0,0,0,0,0,0,0,0,0,0,0,0,0,0,0,0,0,0,0,0,3,0,0,0,0,0,0,0,0,0,0,0,0,0,5,0,0,0,0,0,0,0,70,0,0,0,0,0,7,0,0,0,0,0,59,0,0,0,0,0,0,0,9,0,100,0,103,0,0,0,45,0,0,3,25,0,6,0,0,0,0,0,0,0,0,0,0,0,0,0,0,0,0,0,0,0,0,0,0,0,0,0,0,0,0,0,0,0,0,0,0,0,0,0,0,15,40,107,0,18,0,0
289,0,337,0,224,0,0,0,0,0,131,0,1,0,35,0,170,5,0,0,13,0,70,0,1,3,0,0,14,0,39,0,20,0,34,0,69,0,0,0,0,0,5,0,8,0,0,0,0,0,3,0,10,0,0,0,1,0,0,0,20,0,33,0,0,0,0,0,0,0,7,0,0,0,0,0,0,0,0,0,0,0,0,0,0,0,6,0,0,0,0,0,0,0,0,0,20,0,0,0,0,0,0,0,0,0,0,0,0,0,0,0,0,0,0,0,0,0,0,0,0,0,0,0,0,0,0,0,0,0,0,0,0,0,0,0,0,0,34,0,0,0,0,0,62,0,0,0,9,0,15,0,0,0,23,0,37,0,4,0,0,0,0,0,0,0,17,0,0,0,1,0,74,0,0,0,58,0,6,0,10,0,80,0,20,0,0,0,0,0,0,0,0,0,0,0,0,0,0,0,0,0,0,0,0,0,0,0,0,0,9,101,4,0,4,0,0,0,0,0,0,0,0,0,0
0,298,0,272,0,0,0,385,0,39,0,0,0,0,0,0,0,201,0,5,0,15,0,33,5,59,0,0,0,23,0,16,0,15,0,31,0,13,0,0,0,0,0,0,0,0,0,0,0,0,0,0,0,0,0,3,0,0,0,4,0,0,0,32,0,0,0,0,0,0,0,0,0,0,0,2,0,0,0,0,0,0,0,0,0,0,0,0,0,0,0,0,0,0,0,0,0,0,0,0,0,0,0,0,0,0,0,0,0,0,0,0,0,0,0,0,0,0,0,0,0,0,0,0,0,0,0,0,0,0,0,0,0,0,0,0,0,0,0,0,0,11,0,0,0,36,0,0,0,0,0,0,0,0,0,10,0,56,0,0,0,0,0,0,0,0,0,62,0,0,0,0,0,13,0,0,5,59,0,12,0,0,0,7,0,0,0,0,0,0,0,0,0,0,0,0,0,0,0,0,0,0,0,0,0,0,0,0,0,0,0,0,0,0,16,0,0,0,40,43,26,0,0,0,0
0,0,0,0,64,0,0,0,4,0,19,0,147,131,8,0,0,0,24,13,5,6,0,0,0,0,24,158,0,0,0,0,0,0,0,0,0,0,0,0,0,76,104,10,147,93,78,224,111,27,88,0,0,0,0,0,0,0,0,0,0,0,0,0,0,0,0,0,0,0,0,0,0,0,0,0,0,0,0,0,0,0,0,0,0,0,0,0,0,0,0,0,0,0,0,0,0,0,0,0,0,0,0,0,0,0,0,0,0,0,0,0,0,0,0,0,0,0,0,0,0,0,0,0,0,0,0,0,0,0,0,0,0,0,0,0,0,0,0,0,0,0,0,0,0,0,0,0,0,0,11,0,0,0,0,0,0,0,0,0,0,0,0,0,28,0,0,0,0,0,0,0,0,0,0,0,16,41,40,0,14,0,15,0,0,0,127,7,0,0,0,0,0,0,0,0,0,0,0,0,0,0,0,0,0,0,0,0,0,0,6,103,77,8,0,0,0,14,0,0,0,0,0,0,1
0,0,0,0,0,27,0,0,0,0,1,69,18,158,0,0,0,0,0,2,8,0,0,0,0,0,63,8,0,0,0,0,0,0,0,0,0,0,0,0,76,0,20,15,39,84,28,376,0,64,19,0,0,0,0,0,0,0,0,0,0,0,0,0,0,0,0,0,0,0,0,0,0,0,0,0,0,0,0,0,0,0,0,0,0,0,0,0,0,0,0,0,0,0,0,0,0,0,0,0,0,0,0,2,0,0,0,0,0,0,0,0,0,0,0,0,0,0,0,0,0,0,0,0,0,0,0,0,0,0,0,0,0,0,0,0,0,0,0,0,0,0,0,0,0,0,0,3,0,0,0,0,0,0,0,0,0,0,0,0,0,0,0,0,0,21,0,3,0,0,0,0,0,0,0,0,0,150,0,25,0,0,0,0,0,0,18,9,0,0,0,0,0,0,0,0,0,0,0,0,0,0,0,0,0,0,0,0,0,0,0,0,0,0,0,0,0,0,0,27,12,0,0,0,6
0,0,0,0,4,0,0,0,5,0,3,0,159,27,0,0,6,0,21,0,16,0,2,0,0,0,262,47,12,0,119,0,17,0,89,0,46,0,5,0,104,20,0,0,190,27,79,70,31,6,115,0,0,0,0,0,0,0,0,0,0,0,0,0,0,0,0,0,0,0,9,0,0,0,0,0,0,0,0,0,0,0,0,0,0,0,0,0,0,0,0,0,0,0,0,0,0,0,0,0,0,0,0,0,0,0,0,0,0,0,0,0,0,0,0,0,0,0,0,0,0,0,0,0,0,0,0,0,0,0,2,0,0,0,0,0,0,0,0,0,0,0,0,0,0,0,0,0,0,0,0,0,0,0,0,0,0,0,0,0,0,0,0,0,35,0,20,0,14,0,4,0,24,0,0,0,0,6,38,0,0,0,0,0,0,0,111,0,0,0,0,0,0,0,0,0,0,0,0,0,0,0,0,0,0,0,0,0,0,0,21,87,87,0,12,0,0,5,0,0,0,0,0,0,0
0,0,0,0,0,0,0,0,0,0,1,10,3,99,0,9,0,0,0,35,0,106,0,0,0,0,9,171,0,0,0,1,0,9,0,27,0,38,0,0,10,15,0,0,0,171,0,157,0,51,0,93,0,0,0,0,0,2,0,0,0,3,0,0,0,0,0,0,0,0,0,0,0,0,0,0,0,0,0,0,0,0,0,0,0,0,0,0,0,0,0,0,0,0,0,0,0,0,0,0,0,0,0,0,0,0,0,0,0,0,0,0,0,0,0,0,0,0,0,0,0,0,0,0,0,0,0,0,0,0,0,0,0,0,0,0,0,0,0,0,0,0,0,0,0,0,0,0,0,0,0,0,0,0,0,0,0,3,0,0,0,0,0,0,0,27,0,52,0,18,0,0,0,11,0,0,0,12,0,0,0,0,0,0,0,0,0,32,0,0,0,0,0,0,0,0,0,0,0,0,0,0,0,0,0,0,0,0,0,0,0,0,0,0,0,0,0,0,75,99,120,20,0,4,7
0,0,0,0,28,0,6,0,23,0,10,0,159,25,42,2,55,0,30,0,49,0,86,0,0,0,161,31,0,0,22,0,28,0,34,0,69,0,8,0,147,39,190,0,0,90,297,140,226,90,132,0,12,0,14,0,0,0,0,0,0,0,34,0,0,0,4,0,0,0,45,0,0,0,29,0,0,0,0,0,0,0,0,0,139,0,0,0,0,0,0,0,24,0,0,0,0,0,0,0,0,1,0,0,0,0,0,0,0,0,0,0,0,0,0,0,0,0,0,0,0,0,0,0,0,0,0,0,0,0,0,0,0,0,46,0,0,0,0,0,0,0,0,0,75,0,0,0,17,0,0,0,55,0,0,0,0,0,0,0,0,0,19,0,138,0,71,0,59,0,19,0,63,0,0,0,21,39,28,0,29,0,27,0,50,0,207,0,10,0,0,0,0,0,0,0,0,0,0,0,0,0,0,0,0,0,0,0,0,0,64,212,214,13,17,0,0,94,0,2,3,0,0,0,3
0,52,0,0,0,55,0,0,0,0,0,49,16,111,0,29,0,3,0,29,6,111,0,11,0,0,51,260,0,0,0,5,0,8,0,39,0,24,0,0,93,84,27,171,90,0,53,343,48,289,18,68,0,2,0,0,0,4,0,0,0,0,0,0,0,0,0,0,0,18,0,0,0,0,0,0,0,0,0,0,0,0,0,0,0,0,0,17,0,0,0,0,0,12,0,42,0,0,0,0,0,0,0,0,0,0,0,0,0,1,0,0,0,0,0,1,0,0,0,0,0,0,0,0,0,0,0,0,0,0,0,9,0,0,0,0,0,0,0,0,0,0,0,0,0,0,0,0,0,0,0,0,0,0,0,0,0,0,0,0,0,6,0,3,0,196,0,47,0,71,0,18,0,14,0,0,0,118,0,3,0,0,0,3,0,0,19,78,0,0,0,0,0,0,0,0,0,0,0,0,0,0,0,0,0,0,0,0,0,0,0,1,0,0,31,0,0,1,55,205,374,14,0,0,149
33,0,6,0,94,7,0,0,13,0,47,3,242,0,32,0,0,0,51,0,5,0,16,0,0,0,55,46,0,0,0,0,0,0,0,0,0,0,0,0,78,28,79,0,297,53,0,0,227,47,23,0,0,0,4,0,0,0,0,0,0,0,0,0,0,0,0,0,0,0,0,0,0,0,0,0,0,0,0,0,0,0,0,1,0,0,0,0,0,0,0,0,0,0,0,0,0,0,0,0,0,0,0,0,0,0,0,0,0,0,0,0,0,0,0,0,0,0,0,0,0,0,0,0,0,0,0,0,0,0,2,0,0,0,0,0,0,0,0,0,0,0,17,0,0,0,0,0,0,0,18,0,47,0,0,0,0,0,0,0,1,0,0,0,39,0,5,0,0,0,0,0,1,0,0,0,14,25,48,1,0,0,32,0,28,0,107,3,0,0,0,0,0,0,0,0,0,0,0,0,0,0,0,0,0,0,0,0,0,0,11,127,48,0,6,0,0,76,0,2,0,0,0,0,0
0,85,0,0,0,94,0,0,0,0,0,115,67,247,0,0,0,0,26,31,0,8,0,0,0,0,148,143,0,0,0,0,0,0,0,0,0,14,0,0,224,376,70,157,140,343,0,0,15,174,67,58,0,0,0,2,0,0,0,0,0,0,0,2,0,2,0,0,0,10,0,0,0,0,0,0,0,11,0,0,0,0,0,0,0,0,0,0,0,0,0,0,0,0,0,0,0,0,0,0,0,0,0,0,0,0,0,0,0,0,0,0,0,0,0,0,0,0,0,0,0,0,0,0,0,0,0,0,0,0,0,0,0,0,0,0,0,0,0,0,0,0,0,0,0,0,0,0,0,0,0,0,0,0,0,0,0,0,0,0,0,0,0,0,0,88,0,0,0,0,0,0,0,0,0,0,0,173,0,0,0,0,0,0,0,0,59,31,0,0,0,0,0,0,0,0,0,0,0,0,0,0,0,0,0,0,0,0,0,0,0,0,0,0,0,0,0,0,0,194,107,0,0,0,80
12,0,19,0,12,0,50,0,64,0,6,0,41,0,0,0,10,0,10,0,16,0,0,0,0,0,32,0,0,0,0,0,0,0,7,0,7,0,0,0,111,0,31,0,226,48,227,15,0,74,22,0,0,0,19,0,34,0,39,0,3,0,0,0,4,0,11,0,29,0,0,0,7,0,0,0,4,0,14,0,0,0,28,0,9,0,13,0,5,0,0,0,22,0,22,0,0,0,0,0,20,2,31,0,17,0,14,0,0,0,0,0,0,0,0,0,0,0,0,0,0,0,0,0,0,0,0,0,0,0,19,0,0,0,31,0,0,0,0,1,0,0,30,0,5,0,0,0,0,0,0,3,0,0,18,0,11,0,0,0,14,0,10,1,51,6,23,0,23,0,23,0,61,0,0,0,12,17,14,0,0,4,4,0,5,0,201,0,0,0,10,0,42,0,3,0,0,0,45,0,43,0,78,0,24,0,0,0,23,0,75,70,287,18,78,53,67,38,2,0,5,2,0,0,0
0,0,0,0,0,2,0,0,0,0,0,12,0,124,0,5,0,0,0,7,0,0,0,2,0,0,10,42,0,0,0,0,0,1,0,2,0,6,0,0,27,64,6,51,90,289,47,174,74,0,1,18,0,0,0,0,0,1,0,0,0,0,0,0,0,0,0,0,0,13,0,0,0,0,0,0,0,0,0,0,0,0,0,23,0,0,0,0,0,0,0,0,0,9,0,13,0,0,0,0,0,8,0,11,0,0,0,0,0,0,0,0,0,1,0,0,0,0,0,0,0,0,0,0,0,0,0,0,0,0,0,0,0,0,0,0,0,0,0,0,0,0,0,0,0,0,0,0,0,0,0,0,0,0,0,0,0,0,0,0,0,0,0,0,4,100,0,8,0,17,0,2,0,0,0,0,0,94,2,0,0,0,0,0,0,0,74,34,0,0,0,0,0,0,0,0,0,0,0,0,0,0,0,0,0,0,0,0,0,0,0,0,0,0,14,0,0,0,6,38,29,1,1,1,34
4,0,0,0,0,0,0,0,0,0,3,0,268,84,12,0,16,0,131,0,39,0,0,0,0,0,365,105,5,0,76,0,9,0,121,0,81,0,3,0,88,19,115,0,132,18,23,67,22,1,0,0,7,0,0,0,0,0,0,0,0,0,0,0,3,0,0,0,35,0,10,0,0,0,3,0,12,0,14,0,0,0,25,0,35,0,0,0,0,0,0,0,0,0,43,0,0,0,35,0,18,0,0,0,0,0,29,0,0,0,0,0,0,0,0,0,0,0,0,0,0,0,0,0,0,0,0,0,0,0,0,0,0,0,0,0,10,0,0,0,0,0,0,0,10,0,0,0,0,0,0,0,0,0,0,0,0,0,0,0,0,0,0,0,72,0,14,0,156,0,9,0,31,0,0,0,0,0,50,0,0,0,0,0,0,0,90,0,0,0,0,0,0,0,0,0,0,0,0,0,0,0,0,0,0,0,0,0,0,0,38,58,126,0,23,0,3,3,0,0,0,0,0,0,0
0,0,0,0,0,18,0,0,0,0,0,10,0,101,0,8,0,0,0,31,0,115,0,8,0,0,0,173,0,0,0,0,0,10,0,48,0,63,0,0,0,0,0,93,0,68,0,58,0,18,0,0,0,0,0,0,0,0,0,4,0,2,0,0,0,3,0,0,0,11,0,0,0,0,0,0,0,20,0,0,0,25,0,43,0,0,0,0,0,0,0,0,0,0,0,85,0,3,0,0,0,56,0,19,0,3,0,6,0,0,0,0,0,2,0,0,0,0,0,0,0,0,0,0,0,0,0,0,0,0,0,0,0,0,0,0,0,0,0,0,0,0,0,7,0,0,0,0,0,0,0,0,0,0,0,0,0,1,0,0,0,13,0,0,0,20,0,41,0,144,0,22,0,22,0,0,0,5,0,0,0,0,0,6,0,0,0,8,0,0,0,0,0,0,0,0,0,0,0,0,0,0,0,0,0,0,0,0,0,0,0,0,0,0,17,0,0,0,77,76,130,29,0,3,0
4,0,6,1,0,0,111,2,207,37,0,0,0,0,20,0,151,0,11,0,33,0,18,0,23,7,0,0,10,0,0,0,0,0,0,0,10,0,10,0,0,0,0,0,12,0,0,0,0,0,7,0,0,8,80,27,45,10,40,36,101,2,44,4,0,4,13,43,0,0,0,0,0,0,0,0,0,0,0,0,0,0,0,0,48,0,0,0,0,0,0,0,0,0,0,0,21,0,0,0,0,0,0,0,0,0,0,0,0,0,0,0,0,0,0,0,0,0,0,0,0,0,6,0,9,0,12,0,55,0,23,0,21,0,0,0,118,0,311,1,73,0,133,0,74,0,5,0,0,0,3,0,5,0,240,0,91,0,138,1,12,0,0,0,0,0,0,0,16,0,49,2,7,1,0,0,81,3,0,0,0,0,9,0,15,0,0,0,0,0,0,0,0,0,0,0,0,0,1,0,10,0,0,0,0,0,0,0,0,0,32,110,77,48,47,0,12,0,2,0,0,0,0,0,0
0,22,0,0,0,5,0,78,44,389,0,0,0,0,0,12,0,10,0,0,0,0,0,4,6,17,0,0,0,4,0,0,0,4,0,0,0,0,0,0,0,0,0,0,0,2,0,0,0,0,0,0,8,0,31,94,16,49,15,196,0,18,1,37,0,0,8,56,0,0,0,0,0,0,0,1,0,0,0,0,0,0,0,0,0,26,0,0,0,0,0,0,0,0,0,2,0,0,0,0,0,0,0,0,0,0,0,0,0,0,0,0,0,0,0,0,0,0,0,0,0,4,0,0,0,0,0,13,0,22,0,0,0,9,0,29,0,50,0,276,0,57,1,77,0,105,0,0,0,0,0,0,0,0,0,124,0,74,0,124,0,0,0,0,0,8,0,0,0,8,0,72,0,7,0,1,9,91,0,0,0,0,0,13,0,71,0,0,0,0,0,0,0,0,0,0,0,0,0,0,0,0,0,0,0,0,0,0,0,16,1,0,0,0,140,0,0,0,251,70,106,101,0,33,0
0,0,60,0,0,0,190,11,72,178,0,0,0,0,75,0,22,0,12,0,6,0,89,0,89,8,0,0,0,0,0,0,0,0,0,0,0,0,0,0,0,0,0,0,14,0,4,0,19,0,0,0,80,31,0,124,40,19,105,42,7,4,19,12,0,0,11,44,0,0,0,0,0,0,0,0,0,0,0,0,0,0,0,0,0,0,0,0,0,0,0,0,0,0,0,0,0,0,0,0,0,0,0,0,0,0,0,0,0,0,0,0,0,0,0,0,0,0,0,0,0,0,0,0,15,0,51,0,101,0,104,0,16,0,25,0,91,0,15,0,8,0,37,0,0,0,11,0,4,0,7,0,0,0,32,0,9,0,44,0,160,0,0,0,0,0,0,0,19,0,75,0,8,1,0,0,72,10,0,0,0,0,0,0,1,0,1,0,0,0,0,0,0,0,0,0,0,0,0,0,0,0,0,0,0,0,0,0,31,0,50,4,161,81,55,0,30,0,3,0,4,0,0,0,0
7,9,0,110,0,14,28,402,174,234,0,0,0,0,0,199,0,21,0,31,0,0,0,40,10,79,0,7,0,3,0,1,0,0,0,0,0,0,0,3,0,0,0,0,0,0,0,2,0,0,0,0,27,94,124,0,27,68,36,228,0,9,23,49,46,11,34,8,0,0,0,0,0,0,0,0,0,0,0,0,0,0,0,0,0,39,0,0,0,0,0,0,0,0,0,0,0,0,0,16,0,0,0,0,0,0,0,0,0,0,0,0,0,0,0,0,0,0,0,0,0,2,0,0,0,0,0,27,0,26,0,7,0,25,0,66,0,196,0,143,0,57,0,107,0,6,0,0,0,0,0,0,0,0,0,55,0,7,0,20,28,18,1,0,0,11,0,0,0,24,0,77,0,13,0,0,26,65,0,0,0,0,0,0,4,26,0,0,0,0,0,0,0,0,0,0,0,0,0,0,0,0,0,0,0,0,0,0,0,44,0,0,6,0,97,0,0,0,123,22,124,91,0,29,0
0,0,0,0,0,0,37,0,10,14,2,0,0,0,0,0,0,0,0,0,0,0,0,0,4,0,0,0,0,0,0,0,0,0,0,0,0,0,1,0,0,0,0,0,0,0,0,0,34,0,0,0,45,16,40,27,0,21,454,45,2,0,6,0,109,11,82,82,0,0,0,0,0,0,0,0,1,0,0,0,0,0,0,0,0,0,0,0,0,0,0,0,0,0,0,0,0,0,0,0,0,0,0,0,0,0,0,0,0,0,0,0,0,0,0,0,0,0,0,0,0,0,0,0,0,0,22,0,24,0,71,0,0,0,0,0,0,0,11,0,0,0,0,0,5,0,0,0,2,0,0,0,0,0,172,5,45,0,123,1,178,10,0,0,0,0,5,0,34,0,86,0,8,0,0,0,23,0,0,0,0,0,0,0,18,0,0,0,0,0,0,0,0,0,0,0,0,0,0,0,0,0,0,0,0,0,0,0,0,0,199,39,335,424,365,3,143,0,1,0,0,0,0,0,0
0,5,0,31,0,6,0,54,28,13,0,0,0,0,0,56,0,12,0,0,0,0,0,24,0,109,0,0,0,0,0,0,0,0,0,0,0,2,0,0,0,0,0,2,0,4,0,0,0,1,0,0,10,49,19,68,21,0,52,276,0,8,1,7,23,16,84,53,0,0,0,0,0,0,0,0,0,0,0,0,0,0,0,0,0,4,0,0,0,0,0,0,0,0,0,0,0,0,0,0,0,0,0,0,0,0,0,0,0,0,0,0,0,0,0,0,0,0,0,0,0,0,0,0,0,15,0,13,0,32,0,24,0,25,0,17,0,76,0,104,0,17,0,30,0,0,0,0,0,0,0,1,0,0,8,144,0,16,0,209,6,107,0,0,0,0,0,0,0,61,0,207,0,12,0,3,5,0,0,0,0,0,0,0,8,12,0,0,0,0,0,0,0,0,0,0,0,0,0,0,0,0,0,0,0,0,0,0,0,15,0,0,0,0,250,0,0,0,221,69,275,246,0,39,1
0,0,5,1,0,0,4,0,114,0,0,0,0,0,0,0,2,0,0,0,0,0,0,0,10,0,0,0,0,0,1,0,0,0,0,0,0,0,0,0,0,0,0,0,0,0,0,0,39,0,0,0,40,15,105,36,454,52,0,65,0,0,0,0,129,15,123,135,0,0,0,0,0,0,0,0,0,0,0,0,0,0,0,0,0,0,0,0,0,0,0,0,0,0,0,0,0,0,0,0,0,0,0,0,0,0,0,0,0,0,0,0,0,0,0,0,0,0,0,0,0,0,0,0,0,0,4,0,0,0,50,0,0,0,0,0,0,0,0,0,1,0,0,0,8,0,0,0,17,0,0,0,0,0,96,13,112,0,4,5,95,3,0,0,12,0,5,0,42,0,112,0,16,0,0,0,0,0,0,0,0,0,3,0,37,0,0,0,0,0,0,0,0,0,0,0,0,0,0,0,0,0,0,0,0,0,0,0,0,0,443,111,496,578,673,6,219,23,0,0,0,0,0,0,0
0,0,0,0,0,0,0,32,44,89,0,0,0,0,0,37,0,0,0,0,0,18,0,28,0,116,0,0,0,0,0,0,0,0,0,0,0,0,0,4,0,0,0,0,0,0,0,0,0,0,0,4,36,196,42,228,45,276,65,0,0,0,2,19,33,201,97,483,0,0,0,1,0,0,0,0,0,0,0,0,0,0,0,5,0,0,0,0,0,0,0,0,0,0,0,0,0,0,0,0,0,0,0,0,0,0,0,0,0,0,0,0,0,0,0,0,0,0,0,0,0,0,0,0,0,49,0,8,0,0,0,78,0,5,0,0,0,41,0,6,0,0,0,4,0,5,0,2,0,64,0,0,0,0,13,127,0,76,1,48,0,120,0,0,0,36,0,0,0,130,0,376,0,0,0,16,10,2,0,0,0,0,0,0,10,49,0,0,0,0,0,0,0,0,0,0,0,0,0,0,0,0,0,0,0,0,0,0,0,20,6,0,0,1,644,0,0,0,773,181,506,0,0,104,0
109,0,0,0,0,0,118,0,109,0,4,0,0,0,0,0,20,0,0,0,0,0,0,0,0,0,0,0,5,0,12,0,15,0,10,0,45,0,20,0,0,0,0,0,0,0,0,0,3,0,0,0,101,0,7,0,2,0,0,0,0,0,105,0,0,0,0,0,1,0,4,0,0,0,0,0,0,0,0,0,0,0,0,0,0,0,0,0,0,0,2,0,0,0,0,0,0,0,0,0,0,0,0,0,0,0,0,0,0,0,0,0,0,0,0,0,0,0,0,0,0,0,0,0,0,0,0,0,0,0,0,0,0,0,0,0,0,0,129,0,0,0,0,0,251,0,0,0,3,0,0,0,0,0,126,0,136,0,10,0,0,0,4,0,1,0,2,0,14,0,52,0,130,0,0,0,44,0,0,0,0,0,22,0,0,0,0,0,0,0,0,0,0,0,0,0,0,0,0,0,0,0,0,0,0,0,0,0,0,0,73,369,67,0,30,0,12,0,0,0,0,0,0,0,0
0,124,0,11,0,0,0,271,0,316,0,4,0,0,0,0,0,53,0,0,0,18,0,4,3,34,0,0,0,31,0,0,0,12,0,16,0,14,0,0,0,0,0,3,0,0,0,0,0,0,0,2,2,18,4,9,0,8,0,0,0,0,0,133,0,0,0,0,0,0,0,5,0,0,0,10,0,0,0,0,0,0,0,0,0,0,0,4,0,0,0,0,0,0,0,0,0,0,0,1,0,0,0,0,0,0,0,0,0,0,0,0,0,0,0,0,0,0,0,0,0,0,0,0,0,0,0,0,0,0,0,0,0,0,0,0,0,0,0,0,0,20,0,4,0,146,0,0,0,0,0,0,0,0,0,12,0,170,0,16,0,0,0,0,0,0,0,0,0,9,0,147,0,87,0,0,7,90,0,0,0,0,0,74,0,14,0,0,0,0,0,0,0,0,0,0,0,0,0,0,0,0,0,0,0,0,0,0,0,0,1,0,0,0,100,0,0,0,217,133,158,116,0,29,0
284,4,290,0,0,0,482,0,209,31,0,0,0,0,76,0,641,4,12,0,111,0,114,0,107,27,0,0,26,0,21,0,9,0,0,0,5,0,33,0,0,0,0,0,34,0,0,0,0,0,0,0,44,1,19,23,6,1,0,2,105,0,0,3,0,0,0,0,0,0,51,0,0,0,34,0,0,0,0,0,0,0,0,0,99,0,35,0,0,0,0,0,0,0,0,0,43,0,0,0,0,0,0,0,0,0,0,0,0,0,0,0,0,0,0,0,0,0,0,0,14,0,38,0,0,0,8,0,30,0,0,0,0,0,0,0,70,0,153,0,68,0,215,0,56,0,0,0,0,0,0,0,0,0,112,0,18,0,21,0,0,0,0,0,0,0,0,0,0,0,2,0,11,0,0,0,135,14,0,0,0,0,72,0,0,0,0,0,0,0,0,0,0,0,0,0,0,0,0,0,0,0,0,0,0,0,0,0,0,0,6,145,13,0,11,0,3,0,0,0,4,0,0,0,0
0,106,4,10,0,0,0,305,21,537,0,2,0,0,0,18,0,206,0,0,0,127,0,118,8,118,0,0,0,60,0,22,0,29,0,21,0,23,0,32,0,0,0,0,0,0,0,2,0,0,0,0,4,37,12,49,0,7,0,19,0,133,3,0,0,0,0,0,0,1,0,8,0,0,0,0,0,0,0,0,0,0,0,0,0,22,0,0,0,0,0,0,0,0,0,0,0,0,0,0,0,0,0,0,0,0,0,0,0,0,0,0,0,0,0,0,0,0,0,0,0,11,0,0,0,0,0,0,0,9,0,0,0,0,0,8,0,45,0,225,0,152,0,126,0,105,0,0,0,0,0,0,0,0,0,103,0,111,0,65,0,0,0,0,0,0,0,0,0,4,0,24,0,12,0,0,8,145,0,1,0,0,0,50,0,11,0,0,0,0,0,0,0,0,0,0,0,0,0,0,0,0,0,0,0,0,0,0,0,0,0,0,0,0,79,0,0,0,155,96,71,53,0,0,0
7,0,20,0,15,0,25,7,60,0,8,0,14,0,27,0,0,0,5,0,2,0,9,5,0,13,3,0,0,0,0,0,0,0,0,0,2,0,0,0,0,0,0,0,0,0,0,0,4,0,3,0,0,0,0,46,109,23,129,33,0,0,0,0,0,68,83,40,0,0,0,0,0,0,0,0,0,0,0,0,0,0,0,0,0,0,0,0,0,0,0,0,0,0,0,0,0,0,0,0,0,0,0,0,0,0,0,0,0,0,0,0,0,0,0,0,0,0,0,0,0,0,0,0,19,0,5,0,0,0,44,24,0,0,0,3,0,0,16,20,0,0,0,1,59,22,34,0,28,14,9,0,0,1,63,41,51,1,10,41,392,198,10,6,0,0,0,0,0,0,0,0,0,0,10,0,0,0,5,0,66,25,14,0,185,0,0,0,0,0,0,0,0,0,0,0,0,0,0,0,0,0,0,0,0,0,0,0,5,0,218,47,56,171,454,1,0,0,2,3,6,5,2,0,0
0,23,0,0,0,0,0,5,0,156,0,5,0,11,0,16,0,0,0,11,0,0,0,0,1,0,0,0,0,0,0,0,0,0,0,0,0,2,0,0,0,0,0,0,0,0,0,2,0,0,0,3,4,0,0,11,11,16,15,201,0,0,0,0,68,0,7,258,0,0,0,0,0,0,0,0,0,0,0,0,0,0,0,0,0,0,0,0,0,0,0,0,0,0,0,0,0,0,0,0,0,0,0,0,0,0,0,0,0,0,0,0,0,0,0,0,0,0,0,0,0,0,0,0,0,41,0,56,0,0,0,65,0,0,0,19,0,24,0,17,0,0,0,0,0,113,0,51,0,158,0,17,0,2,0,21,0,27,0,0,50,447,0,0,0,0,0,0,0,0,0,0,0,0,0,34,0,0,0,0,0,97,0,0,5,93,0,0,0,0,0,0,0,0,0,0,0,0,0,0,0,0,0,0,0,0,0,0,0,39,0,0,0,0,186,0,0,0,89,23,85,0,3,0,0
6,0,8,0,0,0,49,0,167,9,0,0,0,0,0,0,0,0,4,0,0,0,2,0,0,1,0,0,0,0,0,0,0,0,0,0,0,0,0,0,0,0,0,0,4,0,0,0,11,0,0,0,13,8,11,34,82,84,123,97,0,0,0,0,83,7,0,121,0,0,0,0,0,0,0,0,0,0,0,0,0,0,0,0,0,0,0,0,0,0,0,0,0,0,0,0,0,0,0,0,0,0,0,0,0,0,0,0,0,0,0,0,0,0,0,0,0,0,0,0,0,0,0,0,7,0,0,0,0,0,27,0,0,0,0,0,0,0,5,0,1,0,0,0,3,0,8,0,25,0,0,0,0,0,54,17,49,0,0,4,147,11,2,0,0,0,0,0,0,0,0,0,0,0,0,0,126,0,0,0,0,0,4,0,249,0,0,0,0,0,0,0,0,0,0,0,0,0,0,0,0,0,0,0,0,0,0,0,0,1,209,64,80,220,273,5,0,0,0,0,0,0,0,0,0
0,4,0,1,0,0,1,0,30,122,0,0,0,0,0,0,0,2,0,0,0,0,0,2,0,0,0,0,0,0,0,0,0,0,0,0,0,0,0,0,0,0,0,0,0,0,0,0,0,0,0,0,43,56,44,8,82,53,135,483,0,0,0,0,40,258,121,0,0,0,0,0,0,0,0,0,0,0,0,0,0,0,0,0,0,0,0,0,0,0,0,0,0,0,0,0,0,0,0,0,0,0,0,0,0,0,0,0,0,0,0,0,0,0,0,0,0,0,0,0,0,0,0,0,0,44,0,20,0,0,0,68,0,1,0,0,0,0,0,0,0,0,0,0,0,0,0,6,0,119,0,1,0,0,17,61,0,65,0,31,14,174,0,22,0,0,0,0,0,0,0,72,0,0,0,48,20,2,0,0,0,0,0,0,16,260,0,0,0,0,0,0,0,0,0,0,0,0,0,0,0,0,0,0,0,0,0,2,0,0,2,0,1,1,366,0,0,0,287,89,211,130,0,48,1
0,0,0,0,0,0,0,0,6,0,0,0,0,0,0,0,0,0,0,0,0,0,0,0,0,0,0,0,0,0,0,0,0,0,0,0,0,0,0,0,0,0,0,0,0,0,0,0,29,0,35,0,0,0,0,0,0,0,0,0,1,0,0,0,0,0,0,0,0,0,0,0,27,0,0,0,198,0,64,0,18,0,61,0,0,0,45,0,10,0,0,0,76,0,67,0,12,0,0,0,46,0,148,0,18,0,45,0,26,0,24,0,3,0,12,0,3,0,0,0,0,0,0,0,0,0,0,0,0,0,0,0,0,0,0,0,0,0,0,0,0,0,0,0,0,0,0,1,0,0,0,0,0,0,0,0,0,0,0,0,0,0,0,0,64,0,0,0,242,0,7,0,4,0,0,0,0,0,0,0,0,0,0,0,0,0,0,0,0,0,11,0,0,0,21,0,0,0,0,0,0,0,0,0,0,0,5,0,0,0,47,10,110,0,33,49,287,11,0,0,0,0,0,0,0
0,0,0,0,0,0,0,0,0,0,0,0,0,0,0,0,0,0,0,0,0,0,0,0,0,0,0,0,0,0,0,0,0,0,0,0,0,0,0,0,0,0,0,0,0,18,0,10,0,13,0,11,0,0,0,0,0,0,0,0,0,0,0,1,0,0,0,0,0,0,0,0,0,3,0,0,0,73,0,0,0,0,0,24,0,0,0,0,0,16,0,0,0,90,0,34,0,0,0,0,0,16,0,160,0,0,0,0,0,41,0,28,0,4,0,10,0,5,0,0,0,0,0,0,0,0,0,0,0,1,0,0,0,0,0,0,0,0,0,0,0,0,0,0,0,0,0,0,0,0,0,0,0,0,0,0,0,3,0,0,0,0,0,0,0,45,0,0,0,42,0,0,0,0,0,0,0,2,0,0,0,0,0,0,0,0,0,0,0,0,0,0,0,0,0,6,0,0,0,0,0,0,0,0,0,0,0,0,0,0,0,0,0,0,0,0,0,0,29,22,102,13,22,131,15
0,0,0,0,0,0,0,0,0,0,0,0,0,0,8,0,46,0,0,0,113,0,1,0,0,0,20,0,55,0,34,0,0,0,3,0,53,0,7,0,0,0,9,0,45,0,0,0,0,0,10,0,0,0,0,0,0,0,0,0,4,0,51,0,0,0,0,0,0,0,0,0,204,0,230,0,15,0,146,0,10,0,0,0,0,0,99,0,0,0,0,0,0,0,0,0,0,0,2,0,0,0,0,0,0,0,0,0,0,0,0,0,0,0,0,0,0,0,0,0,23,0,9,0,53,0,74,0,0,0,29,3,38,0,39,0,47,7,4,0,83,0,105,0,138,0,45,10,17,6,58,0,23,0,0,0,14,0,0,1,0,0,70,0,0,0,7,0,29,0,26,0,37,0,28,0,0,0,0,0,35,15,0,0,2,0,0,0,0,0,0,0,0,0,0,0,0,0,17,0,27,0,0,0,0,0,7,0,65,0,27,0,28,0,9,0,0,0,0,0,0,6,0,0,0
0,0,0,0,0,0,0,0,0,0,0,0,0,0,0,0,0,25,0,0,0,41,0,0,0,0,0,8,0,0,0,8,0,5,0,10,0,0,0,0,0,0,0,0,0,0,0,0,0,0,0,0,0,0,0,0,0,0,0,1,0,5,0,8,0,0,0,0,0,0,0,0,0,91,0,253,0,11,0,12,0,2,0,0,0,3,0,46,0,0,0,0,0,0,0,0,0,0,0,0,0,0,0,0,0,0,0,0,0,0,0,0,0,0,0,0,0,0,0,0,0,0,0,21,0,0,0,80,0,0,28,0,0,42,0,46,10,76,0,0,0,15,0,0,0,110,0,43,0,70,0,25,0,60,0,0,0,5,0,0,2,0,5,34,0,0,0,39,0,3,0,18,0,31,0,11,0,0,0,0,5,48,0,0,0,0,0,0,0,0,0,0,0,0,0,0,0,0,0,0,0,0,0,0,0,0,0,31,0,106,0,0,0,0,5,0,0,0,30,6,16,0,0,0,0
0,0,0,0,0,0,0,0,0,0,0,0,0,0,0,0,0,0,0,0,0,0,0,0,0,0,0,0,0,0,0,0,0,0,1,0,0,0,0,0,0,0,0,0,0,0,0,0,7,0,0,0,0,0,0,0,0,0,0,0,0,0,0,0,0,0,0,0,27,0,204,0,0,0,114,0,53,0,175,0,9,0,23,0,32,0,19,0,0,0,0,0,20,0,5,0,8,0,0,0,0,0,0,0,0,0,0,0,0,0,0,0,0,0,0,0,0,0,0,0,45,0,25,0,55,0,93,0,0,0,32,0,35,0,89,0,26,0,8,0,58,0,184,0,70,0,46,0,14,0,63,0,46,0,0,0,9,0,0,0,0,0,94,0,4,0,0,0,32,0,15,0,0,0,11,0,0,0,0,0,0,4,1,0,0,0,0,0,0,0,0,0,0,0,0,0,4,0,0,0,97,0,0,0,0,0,23,0,76,0,256,0,34,8,31,0,9,0,0,0,0,0,0,0,0
0,0,0,0,0,0,0,0,0,0,0,0,0,0,0,0,0,0,0,0,0,0,0,0,0,0,0,0,0,0,0,0,0,0,0,0,0,0,0,0,0,0,0,0,0,0,0,0,0,0,0,0,0,0,0,0,0,0,0,0,0,0,0,0,0,0,0,0,0,3,0,91,0,0,0,110,0,113,0,29,0,52,0,59,4,8,0,106,0,0,0,0,0,8,0,0,0,0,0,0,0,0,0,4,0,0,0,0,0,0,0,0,0,1,0,0,0,0,0,0,0,3,0,4,0,67,0,139,3,9,14,14,0,43,0,70,0,47,0,0,0,10,0,0,0,73,21,0,0,35,3,33,8,21,0,0,0,0,0,0,0,0,0,49,0,0,0,5,0,0,0,8,0,3,0,6,0,0,0,0,0,37,0,0,0,0,0,0,0,25,0,6,0,0,0,11,0,2,0,62,0,17,0,103,0,28,2,0,0,123,0,0,0,0,0,0,0,0,120,9,12,4,0,1,0
0,0,0,0,0,0,0,0,0,0,0,0,0,0,0,0,37,0,0,0,90,0,0,0,0,0,0,0,52,0,22,0,8,0,0,0,23,0,0,0,0,0,0,0,29,0,0,0,0,0,3,0,0,0,0,0,0,0,0,0,0,0,34,0,0,0,0,0,0,0,230,0,114,0,0,0,16,0,165,0,32,0,29,0,36,0,101,0,0,0,1,0,8,0,0,0,0,0,37,0,0,0,0,0,0,0,0,0,0,0,0,0,0,0,0,0,0,0,0,0,76,0,54,0,23,19,25,7,0,0,16,0,8,0,40,0,17,2,6,1,104,0,167,0,99,5,0,0,14,0,24,0,0,0,0,0,6,0,0,0,0,0,27,0,0,0,0,0,28,0,11,0,13,0,35,0,0,0,0,0,42,11,0,0,1,0,0,0,0,0,0,0,4,0,0,0,0,0,21,0,20,0,23,0,0,0,0,0,26,0,41,1,15,0,15,0,4,1,0,0,0,0,0,1,0
0,1,0,0,0,0,0,0,0,0,0,0,0,0,0,0,0,67,0,0,0,110,0,60,0,0,0,0,0,31,0,0,0,23,0,0,0,0,0,2,0,0,0,0,0,0,0,0,0,0,0,0,0,1,0,0,0,0,0,0,0,10,0,0,0,0,0,0,0,0,0,253,0,110,0,0,0,9,0,73,0,15,0,9,0,16,0,68,0,0,0,0,0,0,0,7,0,0,0,0,0,0,0,0,0,0,0,0,0,0,0,0,0,0,0,0,0,0,0,0,0,28,1,61,0,0,0,55,0,0,26,0,13,0,0,58,0,44,0,0,0,129,0,20,0,214,0,39,0,40,0,0,0,56,0,0,0,6,0,0,0,0,0,80,0,0,0,70,0,21,0,17,0,38,0,0,0,0,0,0,2,48,0,0,0,0,0,0,0,6,0,0,0,0,0,0,0,0,0,31,0,0,0,33,0,0,0,0,0,133,0,0,0,0,8,0,0,0,45,8,26,0,0,0,0
0,0,0,0,0,0,0,0,0,0,0,0,0,0,0,0,0,0,0,0,0,0,0,0,0,0,0,0,0,0,0,0,0,0,0,0,0,0,0,0,0,0,0,0,0,0,0,0,4,0,12,0,0,0,0,0,1,0,0,0,0,0,0,0,0,0,0,0,198,0,15,0,53,0,16,0,0,0,65,0,22,0,51,0,28,0,36,0,0,0,0,0,125,0,57,0,11,0,36,0,13,0,54,0,0,0,0,0,5,0,2,0,1,0,11,0,3,0,0,0,12,0,38,0,0,5,0,0,0,0,0,0,0,0,0,0,0,0,0,0,0,0,0,0,0,0,0,0,0,1,5,0,0,0,0,0,0,0,0,0,0,0,0,0,20,0,0,0,17,0,0,0,0,0,0,0,0,0,0,0,0,0,0,0,0,0,0,0,0,0,8,0,0,0,0,0,0,0,0,0,43,0,67,0,0,0,0,0,0,0,44,0,9,0,16,5,42,1,0,0,0,0,0,0,0
0,0,0,0,0,0,0,0,0,0,0,0,0,0,0,0,0,0,0,0,0,0,0,0,0,0,0,0,0,0,0,0,0,0,0,0,0,0,0,0,0,0,0,0,0,0,0,11,0,0,0,20,0,0,0,0,0,0,0,0,0,0,0,0,0,0,0,0,0,73,0,11,0,113,0,9,0,0,0,4,0,45,0,229,0,6,0,49,0,4,0,0,0,111,0,94,4,0,0,43,0,77,0,95,2,26,0,17,0,5,0,0,0,9,0,3,0,10,0,0,0,0,0,4,0,0,0,0,0,0,0,0,0,0,0,42,0,0,0,0,0,0,0,0,0,0,0,0,0,7,0,0,0,6,0,5,0,0,0,0,0,6,0,12,0,29,0,0,0,61,0,0,0,3,0,0,0,1,0,0,0,0,0,0,0,0,0,0,0,34,0,0,0,0,0,37,0,0,0,56,2,45,0,116,0,54,0,0,0,0,0,0,0,0,17,0,0,0,220,9,107,0,46,9,0
0,0,0,0,0,0,0,0,0,0,0,0,0,0,0,0,0,0,0,0,0,0,0,0,0,0,0,0,0,0,0,0,0,0,0,0,0,0,0,0,0,0,0,0,0,0,0,0,14,0,14,0,0,0,0,0,0,0,0,0,0,0,0,0,0,0,0,0,64,0,146,0,175,0,165,0,65,0,0,0,32,0,61,0,24,0,42,0,0,0,0,0,49,0,24,0,4,0,17,0,0,0,10,0,0,0,0,0,2,0,0,0,0,0,4,0,0,0,0,0,85,0,35,0,0,2,0,0,0,0,0,0,0,0,0,0,0,0,0,0,34,0,81,0,34,0,0,0,0,0,20,0,0,0,0,0,0,0,2,0,0,0,9,0,0,0,0,0,28,0,0,0,0,0,0,0,0,0,0,0,0,5,0,0,0,0,0,0,0,0,0,0,14,0,0,0,0,0,35,0,38,0,0,0,0,0,0,0,35,0,309,5,25,0,57,4,19,2,0,0,0,0,0,0,0
0,0,0,0,0,0,0,0,0,0,0,0,0,0,0,0,0,7,0,0,0,20,0,11,0,0,0,0,0,8,0,0,0,0,0,0,0,0,0,0,0,0,0,0,0,0,0,0,0,0,0,0,0,0,0,0,0,0,0,0,0,0,0,0,0,0,0,0,0,0,0,12,0,29,0,73,0,4,0,0,0,22,0,8,0,3,0,17,0,0,0,0,0,0,0,9,0,0,0,0,0,1,0,0,0,0,0,0,0,0,0,0,0,0,0,0,0,0,0,0,0,7,0,46,0,0,0,0,0,0,0,0,0,0,0,16,0,0,0,3,0,25,0,15,0,29,0,0,0,0,0,0,0,13,0,0,0,0,0,0,1,0,0,0,0,0,0,13,0,0,0,2,0,9,0,3,0,0,0,0,0,0,0,0,0,0,0,0,0,0,0,0,0,0,0,0,0,0,0,0,0,0,0,0,0,0,0,0,0,24,0,0,0,0,1,0,0,0,6,0,0,0,0,0,0
