0,250,55,178,108,0,32,207,14,15,100,21,112,0,19,0,12,0,21,0,0,0,3,114,18,393,0,0,52,0,0,0,49,0,0,0,22,3,287,0,42,0,1,0,0,0,30,0,0,0,0,0,0,0,0,0,0,0,0,0,104,0,93,52,4,0,5,0,0,0,0,0,0,0,0,0,0,0,0,0,0,0,0,0,0,0,2,0,0,0,0,0,0,0,0,0,0,0,0,0,0,0,0,0,0,0,0,0,0,0,0,0,0,0,0,0,0,0,0,0,0,0,0,0,0,0,0,0,0,0,0,0,0,0,0,0,0,0,0,0,0,0,0,0,0,0,0,0,10,0,0,0,2,0,0,0,0,0,0,0,0,0,0,0,0,0,0,0,0,0,0,0,139,0,0,0,368,67,10,0,2,0,41,4,8,0,1,0,0,0,0,0,0,0,1,0,0,0,0,0,0,0,0,0,0,0,0,0,0,0,636,103,145,0,308,0,0,2,0,8,0,0,0,0,0
250,0,309,20,34,228,0,71,31,91,0,102,0,242,27,56,78,26,0,59,0,0,397,31,233,55,0,125,0,32,0,0,0,70,0,0,0,65,0,193,0,63,0,0,0,12,0,156,0,0,0,0,0,0,0,18,0,5,0,7,0,311,0,356,0,64,0,40,0,0,0,0,0,0,0,0,0,0,0,0,0,0,0,0,0,16,0,0,0,0,0,0,0,0,0,0,0,0,0,0,0,0,0,0,0,0,0,0,0,0,0,0,0,0,0,0,0,0,0,0,0,0,0,0,0,16,0,0,0,0,0,16,0,7,0,65,0,127,0,0,0,14,0,0,0,0,0,35,0,79,0,27,0,24,0,9,0,10,0,0,0,11,0,0,0,10,0,0,0,6,0,40,0,128,0,13,105,437,0,6,0,8,0,14,0,62,0,0,0,0,0,0,0,0,0,0,0,0,0,9,0,16,0,0,0,0,0,17,0,51,0,0,0,0,292,0,0,0,894,235,321,175,0,0,0
55,309,0,221,213,0,153,123,9,0,36,123,91,0,105,0,87,0,159,0,35,0,166,137,71,244,81,0,95,0,62,0,156,0,0,0,70,0,183,0,39,0,0,0,59,0,65,0,42,0,0,0,0,0,64,0,0,0,0,0,0,0,66,0,22,0,10,0,0,0,0,0,0,0,0,0,0,0,0,0,0,0,0,0,0,0,0,0,0,0,0,0,0,0,0,0,44,0,0,0,0,0,0,0,0,0,0,0,0,0,0,0,0,0,0,0,0,0,0,0,0,0,0,0,96,0,3,0,0,0,179,0,11,0,144,0,108,0,0,0,0,0,114,0,0,0,38,0,279,0,23,0,0,0,7,0,0,0,0,0,47,0,0,0,0,0,145,0,75,0,0,0,166,0,0,0,107,28,2,0,0,0,22,3,21,0,1,0,0,0,0,0,0,0,0,0,0,0,0,0,82,0,0,0,0,0,0,0,37,0,472,55,282,0,373,0,0,3,0,0,0,0,0,0,0
178,20,221,0,110,111,0,69,6,0,111,4,0,35,83,132,45,52,0,155,36,62,242,164,69,58,0,82,3,171,0,22,8,193,0,0,0,109,0,244,0,0,0,0,0,0,0,47,0,20,0,0,0,0,0,60,0,9,0,15,0,46,0,147,0,0,0,0,0,0,0,0,0,0,0,0,0,0,0,0,0,0,0,0,0,42,0,0,0,0,0,0,0,0,0,0,0,0,0,0,0,0,0,0,0,0,0,0,0,0,0,0,0,0,0,0,0,0,0,0,0,0,0,0,0,0,0,1,0,0,0,2,0,0,0,91,0,94,0,0,0,0,0,41,0,2,0,0,0,4,0,3,0,1,0,0,0,0,0,0,0,0,0,0,0,0,0,98,0,22,0,15,0,161,0,4,41,82,0,0,2,1,0,3,0,4,0,0,0,0,0,0,0,0,0,0,0,0,0,0,0,22,0,0,0,0,0,0,0,8,0,0,0,0,217,0,0,0,348,128,412,105,0,0,0
108,34,213,110,0,350,27,0,19,0,90,257,147,59,55,318,12,20,109,0,51,0,33,155,23,28,90,0,0,0,135,0,172,0,136,0,232,0,0,0,60,0,6,0,0,0,54,0,22,3,114,8,0,0,4,0,0,0,0,0,0,0,0,0,12,0,7,0,0,0,0,0,0,0,0,0,0,0,0,0,0,0,0,0,0,0,0,0,0,0,0,0,0,0,0,0,0,0,0,0,0,0,0,0,0,0,0,0,0,0,0,0,0,0,0,0,0,0,0,0,0,0,0,0,0,0,0,0,0,0,0,0,0,0,0,0,0,0,0,0,0,0,0,0,0,0,0,0,61,0,9,0,0,0,0,0,0,0,0,0,0,0,0,0,0,0,289,0,167,0,0,0,122,0,0,0,383,112,64,0,0,0,35,0,0,0,4,0,0,0,0,0,0,0,0,0,0,0,0,0,0,0,0,0,0,0,0,0,12,0,495,207,371,0,308,0,0,0,0,38,0,0,0,0,0
0,228,0,111,350,0,0,86,0,15,232,143,88,96,485,261,0,0,134,300,292,340,0,176,0,30,0,223,0,0,10,108,0,140,0,170,0,251,0,37,0,31,0,0,0,26,0,151,0,0,0,0,0,0,0,16,0,0,0,0,0,0,0,3,0,19,0,0,0,0,0,0,0,0,0,0,0,0,0,0,0,0,0,0,0,0,0,0,0,0,0,0,0,0,0,0,0,0,0,0,0,0,0,0,0,0,0,0,0,0,0,0,0,0,0,0,0,0,0,0,0,0,0,0,0,0,0,0,0,0,0,13,0,0,0,0,0,0,0,0,0,0,0,0,0,1,0,0,0,0,0,0,0,0,0,0,0,0,0,0,0,0,0,5,0,34,0,264,0,65,0,20,0,60,0,11,67,308,0,11,2,7,0,0,0,0,2,4,0,0,0,0,0,0,0,0,0,0,0,0,0,0,0,0,0,0,0,0,0,31,0,0,0,0,164,0,0,0,532,447,496,0,0,0,0
32,0,153,0,27,0,0,159,10,204,6,0,25,0,11,0,16,0,0,0,0,0,12,0,196,258,11,0,0,0,0,0,0,0,0,0,0,0,77,0,0,0,0,0,0,0,0,0,26,0,0,0,34,0,58,113,23,0,28,0,222,0,344,97,7,0,42,0,0,0,0,0,0,0,0,0,0,0,0,0,0,0,0,0,0,0,0,0,0,0,0,0,0,0,0,0,0,0,0,0,0,0,0,0,0,0,0,0,0,0,0,0,0,0,0,0,0,0,0,0,0,0,0,0,83,0,10,0,0,0,260,0,0,0,55,0,0,0,0,0,0,0,0,0,0,0,0,0,80,0,0,0,4,0,0,0,1,0,3,0,37,0,0,0,0,0,10,0,0,0,58,0,115,0,0,0,51,31,0,1,0,0,2,12,0,0,0,0,0,0,0,0,0,0,0,0,0,0,0,0,0,0,0,0,0,0,0,0,10,0,606,48,287,311,382,0,25,6,4,0,0,0,0,0,0
207,71,123,69,0,86,159,0,109,63,0,0,0,7,0,45,55,48,0,0,0,0,115,15,285,86,0,0,0,0,0,0,0,0,0,0,0,0,0,49,0,0,0,0,0,0,0,0,0,4,0,0,0,4,0,228,0,28,0,56,0,97,56,277,0,5,2,9,0,0,0,0,0,0,0,0,0,0,0,0,0,0,0,0,0,0,0,0,0,0,0,0,0,0,0,0,0,0,0,0,0,0,0,0,0,0,0,0,0,0,0,0,0,0,0,0,0,0,0,0,0,0,0,0,0,0,0,0,0,9,0,0,0,16,0,209,0,199,0,26,0,55,0,0,0,0,0,0,0,0,0,9,0,0,0,4,0,7,0,0,0,0,0,3,0,0,0,0,0,22,0,38,0,136,0,13,57,154,0,0,0,0,0,0,0,1,0,0,0,0,0,0,0,0,0,0,0,0,0,0,0,0,0,0,0,0,0,8,0,16,0,0,0,0,286,0,0,0,533,60,307,0,0,0,0
14,31,9,6,19,0,10,109,0,324,8,0,10,0,21,0,25,0,0,0,3,0,5,0,52,132,0,0,0,0,0,0,0,0,0,0,0,0,110,0,16,0,0,0,0,0,18,0,28,0,2,0,283,167,168,334,0,55,161,139,490,0,534,113,59,0,64,126,0,0,0,0,0,0,0,0,0,0,0,0,0,0,0,0,0,0,0,0,0,0,0,0,0,0,0,0,0,0,0,0,0,0,0,0,0,0,0,0,0,0,0,0,0,0,0,0,0,0,0,0,0,0,0,0,19,0,5,0,0,0,44,0,0,0,9,0,0,0,0,0,0,0,0,0,0,0,10,0,116,0,0,0,6,0,0,0,4,0,0,0,12,0,0,0,0,0,0,0,62,0,103,3,237,0,1,0,288,43,7,0,0,0,24,0,181,0,0,0,0,0,0,0,0,0,0,0,0,0,0,0,0,0,0,0,0,0,0,0,0,0,762,207,135,0,344,0,21,0,0,0,0,0,0,0,0
15,91,0,0,0,15,204,63,324,0,0,21,0,10,0,18,21,0,0,0,0,0,9,0,199,26,0,25,0,0,0,0,0,0,0,0,0,0,0,0,0,0,0,0,0,0,0,0,0,8,0,0,75,78,238,237,0,32,61,125,0,84,120,218,0,108,30,162,0,0,0,0,0,0,0,0,0,0,0,0,0,0,0,0,0,0,0,0,0,0,0,0,0,0,0,0,0,0,0,0,0,0,0,0,0,0,0,0,0,0,0,0,0,0,0,0,0,0,0,0,0,0,0,0,0,28,0,7,0,0,0,19,0,4,0,0,0,31,0,0,0,0,0,0,0,0,0,11,0,55,0,36,0,0,0,0,0,57,0,0,0,6,0,0,0,2,0,0,0,6,0,108,0,0,0,0,69,237,0,8,0,1,0,11,10,40,0,0,0,0,0,0,0,0,0,0,0,0,0,8,0,0,0,0,0,0,0,15,0,40,0,5,0,0,321,0,0,0,637,165,158,153,0,0,0
100,0,36,111,90,232,6,0,8,0,0,117,173,0,19,242,0,0,10,47,0,33,0,124,0,0,0,0,1,0,0,11,96,0,20,0,99,0,0,0,42,0,0,0,0,0,42,0,7,0,17,0,0,0,0,0,0,0,0,0,0,0,0,0,1,0,0,0,0,0,0,0,0,0,0,0,2,0,0,0,0,0,0,0,0,0,0,0,0,0,0,0,0,0,0,0,0,0,0,0,0,0,0,0,0,0,0,0,0,0,0,0,0,0,0,0,0,0,0,0,0,0,0,0,0,0,0,0,0,0,0,0,0,0,0,0,0,0,0,0,0,0,0,0,0,0,0,0,3,0,0,0,0,0,0,0,0,0,0,0,0,0,4,0,0,0,69,0,79,0,0,0,47,0,0,0,362,54,81,0,0,0,19,0,30,0,19,0,0,0,0,0,0,0,0,0,0,0,0,0,0,0,0,0,0,0,0,0,0,0,289,126,146,0,118,0,0,0,0,21,0,0,0,0,0
21,102,123,4,257,143,0,0,0,21,117,0,14,254,346,84,33,0,39,50,196,123,176,84,0,0,0,74,0,0,5,84,1,115,0,57,0,86,0,34,0,87,0,0,0,0,0,127,0,57,0,0,0,0,0,0,0,0,0,0,0,0,0,0,0,14,0,8,0,0,0,0,0,0,0,0,0,0,0,0,0,0,0,0,0,0,0,0,0,0,0,0,0,0,0,0,0,0,0,0,0,0,0,0,0,0,0,0,0,0,0,0,0,0,0,0,0,0,0,0,0,0,0,0,0,0,0,2,0,0,0,3,0,0,0,10,0,12,0,0,0,2,0,0,0,0,0,0,0,18,0,10,0,58,0,0,0,2,0,0,0,1,0,0,0,8,0,75,0,0,0,0,0,25,0,47,79,465,0,20,0,17,0,39,0,89,0,10,0,0,0,0,0,0,0,0,0,0,0,0,0,0,0,0,0,0,0,5,0,0,0,0,0,0,128,0,0,0,513,291,197,55,0,0,0
112,0,91,0,147,88,25,0,10,0,173,14,0,173,11,54,9,0,142,440,42,155,0,0,0,0,158,481,0,0,0,14,0,0,136,0,18,0,0,0,85,0,89,27,18,45,81,0,28,7,238,67,0,0,0,0,0,0,0,0,1,0,0,0,0,0,2,0,0,0,0,0,0,0,0,0,0,0,0,0,0,0,0,0,0,0,0,0,0,0,0,0,0,0,0,0,15,0,0,0,0,0,0,0,0,0,0,0,0,0,0,0,0,0,0,0,0,0,0,0,0,0,0,0,0,0,0,0,0,0,0,0,0,0,0,0,0,0,0,0,0,0,0,0,0,0,0,0,0,0,0,0,0,0,0,0,0,0,0,0,0,0,0,0,41,8,0,0,0,0,0,0,0,0,0,0,347,76,51,0,0,0,58,0,0,0,95,0,0,0,0,0,0,0,0,0,0,0,0,0,0,0,0,0,0,0,0,0,0,0,48,218,115,0,0,0,0,0,0,46,0,0,0,0,0
0,242,0,35,59,96,0,7,0,10,0,254,173,0,67,0,0,0,430,63,248,173,0,0,0,0,106,144,0,0,0,0,0,0,98,257,0,60,0,0,0,106,0,108,0,0,0,106,0,35,63,389,0,0,0,3,0,0,0,0,0,0,0,0,0,0,0,0,0,0,0,0,0,0,0,0,0,0,0,0,0,0,0,0,0,0,0,0,0,0,0,0,0,0,0,0,0,0,0,0,0,0,0,0,0,0,0,0,0,0,0,0,0,0,0,0,0,0,0,0,0,0,0,0,0,2,0,0,0,0,0,0,0,0,0,0,0,0,0,0,0,0,0,0,0,0,0,0,0,11,0,7,0,0,0,0,0,0,0,0,0,0,0,0,0,22,0,24,0,0,0,0,0,0,0,0,49,255,0,5,0,0,0,0,0,0,11,86,0,0,0,0,0,0,0,0,0,0,0,0,0,0,0,0,0,0,0,0,0,0,0,0,0,0,16,0,0,0,76,247,146,0,0,0,6
19,27,105,83,55,485,11,0,21,0,19,346,11,67,0,562,21,0,62,220,37,123,222,144,64,0,59,0,0,3,128,0,99,0,69,0,154,23,0,1,3,0,0,0,46,0,14,0,0,0,26,6,4,0,0,0,0,0,0,0,0,0,3,0,9,0,0,0,0,0,0,0,0,0,0,0,0,0,0,0,0,0,0,0,0,0,0,0,0,0,0,0,0,0,0,0,34,0,0,0,0,0,0,0,0,0,0,0,0,0,0,0,0,0,0,0,0,0,0,0,0,0,0,0,20,0,0,0,0,0,0,0,0,0,0,0,0,0,0,0,0,0,0,0,0,0,0,0,55,0,0,0,0,0,0,0,0,0,0,0,0,0,0,0,0,0,35,0,0,0,1,0,17,0,0,0,182,66,67,0,0,0,27,0,17,0,1,0,0,0,0,0,0,0,0,0,0,0,0,0,0,0,0,0,0,0,0,0,0,0,115,154,55,0,27,0,0,0,0,43,0,0,0,0,0
0,56,0,132,318,261,0,45,0,18,242,84,54,0,562,0,0,14,0,311,251,120,100,129,0,88,0,86,0,2,0,13,13,38,14,6,0,75,0,0,0,0,0,0,0,17,0,0,0,33,0,0,0,0,0,69,0,18,0,0,0,5,0,7,0,0,0,0,0,0,0,0,0,0,0,0,0,0,0,0,0,0,0,0,0,201,0,0,0,0,0,0,0,0,0,0,0,90,0,0,0,0,0,0,0,3,0,0,0,0,0,0,0,0,0,0,0,0,0,1,0,0,0,0,0,0,0,0,0,0,0,0,0,0,0,164,0,123,0,37,0,56,0,0,0,0,0,17,0,18,0,0,0,0,0,5,0,0,0,0,0,0,0,0,0,6,0,59,0,0,0,22,0,28,0,6,33,119,0,5,0,0,0,0,0,0,0,0,0,0,0,0,0,0,0,0,0,0,0,0,0,0,0,0,0,0,0,0,0,15,0,0,0,0,66,0,0,0,246,520,75,0,0,5,0
12,78,87,45,12,0,16,55,25,21,0,33,9,0,21,0,0,31,83,0,215,0,78,30,66,132,130,0,104,3,85,0,85,0,30,0,12,0,138,3,9,0,0,0,136,0,0,0,15,0,0,0,110,0,18,0,0,0,0,0,51,0,200,32,0,0,0,0,0,0,24,0,0,0,110,0,0,0,0,0,267,0,0,0,513,0,172,0,0,0,303,0,0,0,0,0,175,0,664,0,244,0,0,0,0,0,0,0,0,0,0,0,0,0,0,0,0,0,0,0,118,0,78,0,0,0,0,0,49,0,11,0,0,0,17,0,172,0,83,0,115,0,153,0,3,0,0,0,0,0,0,0,0,0,40,0,1,0,68,0,15,0,0,0,0,0,15,0,36,0,0,0,100,0,0,0,6,0,0,0,0,0,0,4,0,0,0,0,0,0,0,0,0,0,0,0,0,0,0,0,0,0,0,0,0,0,0,0,0,0,100,135,109,87,94,0,4,0,2,0,0,0,0,0,0
0,26,0,52,20,0,0,48,0,0,0,0,0,0,0,14,31,0,0,0,0,106,140,98,49,90,0,32,0,50,2,20,0,46,0,21,0,10,0,37,0,0,0,0,0,25,0,0,0,0,0,9,0,86,0,30,0,25,0,0,0,21,0,293,0,0,0,0,0,0,0,0,0,0,0,8,0,0,0,0,0,276,0,0,0,293,0,60,0,0,0,0,0,0,0,0,0,0,0,174,0,224,0,0,0,0,0,0,0,0,0,0,0,0,0,0,0,0,0,0,0,37,0,28,0,12,0,0,0,0,0,0,0,33,0,85,0,112,0,135,0,120,0,302,0,6,0,0,0,0,0,0,0,1,0,15,0,0,0,13,0,0,0,0,0,0,0,25,0,13,0,5,0,38,0,0,0,0,0,0,0,0,0,0,0,0,0,0,0,0,0,0,0,0,0,0,0,0,0,0,0,0,0,0,0,0,0,0,0,0,0,0,0,0,25,0,0,0,54,256,106,27,0,0,0
21,0,159,0,109,134,0,0,0,0,10,39,142,430,62,0,83,0,0,587,71,211,315,0,71,0,91,698,5,0,8,0,0,0,182,89,0,0,0,0,12,32,51,0,0,0,27,155,0,0,190,117,4,0,0,0,0,0,0,0,0,0,5,0,13,0,0,0,0,0,0,0,0,0,0,0,0,0,0,0,0,0,0,0,0,0,0,0,0,0,0,0,0,0,0,0,0,0,0,0,0,0,0,0,0,0,0,0,0,0,0,0,0,0,0,0,0,0,0,0,0,0,0,0,0,0,0,0,0,0,0,0,0,0,0,0,0,0,0,0,0,0,0,0,0,0,0,0,0,0,0,0,0,0,0,0,0,0,0,0,0,1,0,0,11,0,5,0,0,0,0,0,0,1,0,0,199,78,9,0,0,0,16,0,20,0,64,32,0,0,0,0,0,0,0,0,0,0,0,0,0,0,0,0,0,0,0,0,0,0,57,138,63,0,13,0,0,0,0,50,0,0,0,0,0
0,59,0,155,0,300,0,0,0,0,47,50,440,63,220,311,0,0,587,0,403,364,0,129,0,56,0,154,0,0,10,52,0,13,162,179,0,32,0,0,0,9,0,25,0,60,0,102,0,11,115,117,0,0,0,14,0,0,0,0,0,0,0,0,0,0,0,0,0,0,0,0,0,0,0,0,0,0,0,1,0,0,0,0,0,0,0,0,0,0,0,0,0,0,0,0,0,0,0,0,0,0,0,0,0,0,0,0,0,0,0,0,0,0,0,0,0,0,0,0,0,0,0,0,0,0,0,6,0,0,0,0,0,6,0,0,0,0,0,0,0,0,0,0,0,0,0,0,0,0,0,0,0,0,0,0,0,0,0,0,0,0,0,0,0,0,0,58,0,0,0,0,0,13,0,0,60,128,7,0,0,0,0,0,0,0,15,18,0,0,0,0,0,0,0,0,0,0,0,0,0,0,0,0,0,0,0,0,0,0,0,0,0,0,33,0,0,0,119,376,200,32,0,0,3
0,0,35,36,51,292,0,0,3,0,0,196,42,248,37,251,215,0,71,403,0,191,224,87,54,0,91,371,53,0,21,0,107,10,17,80,10,0,0,2,0,23,17,41,48,0,0,110,0,4,74,67,5,0,0,0,15,0,0,0,0,0,24,0,0,0,0,0,0,0,56,0,0,0,160,0,8,0,0,0,165,0,0,0,152,0,194,0,0,0,138,0,0,0,0,0,65,0,471,0,204,0,0,0,0,0,0,0,0,0,0,0,0,0,0,0,0,0,0,0,70,0,0,0,0,0,0,0,0,0,0,0,0,0,0,0,0,0,6,0,0,0,35,0,54,0,0,0,0,0,0,0,0,0,0,0,0,0,0,0,0,0,9,0,24,2,76,0,75,0,6,0,33,0,0,0,57,32,11,0,0,0,2,0,1,0,8,0,0,0,0,0,0,0,0,0,0,0,0,0,0,0,0,0,0,0,0,0,0,0,235,502,92,0,90,0,0,0,0,48,0,0,0,0,0
0,0,0,62,0,340,0,0,0,0,33,123,155,173,123,120,0,106,211,364,191,0,0,266,0,89,0,270,0,51,0,20,0,4,0,31,0,0,0,2,0,0,0,42,0,261,0,33,0,0,0,18,0,0,0,0,0,0,0,0,0,0,0,14,0,0,0,0,0,0,0,0,0,2,0,0,0,0,0,0,0,0,0,0,0,175,0,61,0,0,0,0,0,0,0,0,0,0,0,0,0,0,0,0,0,0,0,0,0,0,0,0,0,0,0,0,0,0,0,0,0,75,0,0,0,0,0,0,0,0,0,0,0,0,0,0,0,0,0,0,0,79,0,187,0,34,0,0,0,0,0,0,0,0,0,0,0,5,0,0,0,0,0,0,0,14,0,30,0,0,0,16,0,12,0,0,0,64,0,0,0,0,0,0,0,0,0,25,0,0,0,0,0,0,0,0,0,0,0,0,0,0,0,0,0,0,0,0,0,0,0,0,0,0,0,0,0,0,176,556,81,0,0,0,0
3,397,166,242,33,0,12,115,5,9,0,176,0,0,222,100,78,140,315,0,224,0,0,252,54,364,209,0,39,0,28,0,31,0,7,0,18,0,59,0,0,0,0,0,198,0,44,0,0,0,0,0,16,4,62,5,0,0,14,0,0,27,31,61,0,0,0,0,0,0,0,0,0,0,0,0,0,0,0,0,0,0,0,0,0,0,0,0,0,0,133,0,0,0,0,0,107,0,0,0,0,0,0,0,0,0,241,0,0,0,0,0,0,0,0,0,0,0,0,0,0,0,0,0,28,0,0,0,20,0,33,0,7,0,104,0,96,0,0,0,0,0,126,0,0,0,29,0,65,0,14,0,14,0,13,0,0,0,0,0,18,0,0,0,3,0,18,0,21,0,6,0,62,0,0,0,65,22,0,0,0,0,19,2,23,0,0,0,0,0,0,0,0,0,0,0,0,0,0,0,0,0,0,0,0,0,0,0,14,0,235,211,92,71,115,0,3,0,0,8,10,0,0,0,0
114,31,137,164,155,176,0,15,0,0,124,84,0,0,144,129,30,98,0,129,87,266,252,0,0,135,0,65,0,193,5,26,0,36,0,20,0,46,0,18,0,1,0,0,0,104,0,0,0,0,0,0,0,0,0,65,0,21,0,0,0,7,0,50,0,0,0,0,0,0,0,0,0,0,0,19,0,0,0,0,0,355,0,0,0,396,0,60,0,0,0,0,0,0,0,0,0,108,0,271,0,322,0,0,0,0,0,0,0,0,0,0,0,0,0,0,0,0,0,0,0,60,0,0,0,0,0,0,0,0,0,0,0,0,0,186,0,112,0,50,0,94,0,235,0,2,0,0,0,9,0,0,0,0,0,5,0,3,0,0,0,0,0,1,0,8,0,63,0,0,0,16,0,33,0,0,0,38,0,1,0,0,0,0,0,0,0,0,0,0,0,0,0,0,0,0,0,0,0,0,0,0,0,0,0,0,0,0,0,0,0,0,0,0,65,0,0,0,233,713,119,45,0,0,0
18,233,71,69,23,0,196,285,52,199,0,0,0,0,64,0,66,49,71,0,54,0,54,0,0,601,69,0,0,1,7,0,0,0,0,0,0,0,40,0,12,0,0,0,0,0,33,0,0,0,0,0,34,72,151,102,31,0,11,0,33,0,86,204,0,0,0,0,0,0,0,0,0,0,0,0,0,0,0,0,0,0,0,0,192,0,0,0,0,0,229,0,0,0,0,0,207,0,0,0,0,0,0,0,0,0,381,0,0,0,0,0,0,0,0,0,0,0,0,0,0,0,15,0,20,0,0,0,50,0,44,0,0,0,147,0,275,0,0,0,58,0,242,0,0,0,0,0,44,0,0,0,0,0,40,0,0,0,43,0,78,0,5,0,0,0,4,0,0,0,0,0,37,0,0,0,34,16,0,0,0,0,10,8,9,0,0,0,0,0,0,0,0,0,0,0,0,0,10,0,0,0,0,0,0,0,0,0,19,0,89,95,39,0,54,0,0,0,0,0,0,0,0,0,0
393,55,244,58,28,30,258,86,132,26,0,0,0,0,0,88,132,90,0,56,0,89,364,135,601,0,0,14,2,11,0,0,4,0,0,0,0,4,0,12,0,0,0,0,0,11,0,0,0,0,0,0,13,12,19,123,0,40,0,48,46,24,117,86,0,0,0,0,0,0,0,0,0,0,0,0,0,0,0,0,0,0,0,0,0,106,0,0,0,0,0,0,0,0,0,0,0,0,0,55,0,0,0,0,0,0,0,0,0,0,0,0,0,0,0,0,0,0,0,0,0,0,0,0,0,0,0,0,0,10,0,0,0,0,0,90,0,0,0,41,0,56,0,99,0,1,0,0,0,0,0,0,0,0,0,5,0,2,0,3,2,0,0,0,0,3,0,0,0,6,0,7,22,35,0,0,47,72,0,0,0,0,0,1,0,0,0,0,0,0,0,0,0,0,0,0,0,0,0,0,0,0,0,0,0,0,0,0,0,0,23,0,0,0,57,0,0,0,131,298,72,34,0,0,0
0,0,81,0,90,0,11,0,0,0,0,0,158,106,59,0,130,0,91,0,91,0,209,0,69,0,0,659,36,0,9,0,0,0,74,0,34,5,0,0,25,119,214,65,187,156,93,385,29,41,324,0,0,0,0,0,0,0,0,0,0,0,0,0,0,0,0,0,0,0,47,0,0,0,0,0,0,0,0,0,0,0,0,0,0,0,0,0,0,0,0,0,0,0,0,0,0,0,0,0,0,0,0,0,0,0,0,0,0,0,0,0,0,0,0,0,0,0,0,0,0,0,0,0,0,0,0,0,0,0,0,0,0,0,0,0,0,0,0,0,0,0,0,0,37,0,0,0,0,0,0,0,0,0,0,0,0,0,0,0,0,0,0,0,46,13,0,3,0,0,0,0,0,0,0,0,42,122,0,0,0,0,12,0,0,0,183,0,0,0,0,0,0,0,0,0,0,0,0,0,0,0,0,0,0,0,0,0,0,0,55,207,114,0,0,0,0,37,0,47,0,0,0,0,0
0,125,0,82,0,223,0,0,0,25,0,74,481,144,0,86,0,32,698,154,371,270,0,65,0,14,659,0,0,10,0,6,0,0,145,0,0,10,0,4,214,94,246,132,99,268,68,240,7,93,326,107,0,0,0,0,0,0,0,0,0,0,0,5,0,0,0,0,0,0,0,0,0,0,0,0,0,0,0,0,0,0,0,0,0,0,0,0,0,0,0,0,0,0,0,0,0,0,0,0,0,0,0,0,0,0,0,0,0,0,0,0,0,0,0,0,0,0,0,0,0,0,0,0,0,0,0,0,0,0,0,0,0,0,0,0,0,0,0,0,0,28,0,0,0,20,0,16,0,0,0,0,0,0,0,0,0,0,0,0,0,0,0,0,0,51,0,0,0,0,0,0,0,0,0,0,0,204,0,0,0,0,0,6,0,0,73,74,0,0,0,0,0,0,0,0,0,0,0,0,0,0,0,0,0,0,0,0,0,0,0,14,0,0,0,0,0,0,0,541,249,0,0,0,42
52,0,95,3,0,0,0,0,0,0,1,0,0,0,0,0,104,0,5,0,53,0,39,0,0,2,36,0,0,0,38,0,51,0,84,0,9,0,65,0,0,0,0,0,15,0,0,0,0,0,16,0,7,0,0,0,3,0,0,0,15,0,14,0,0,0,0,0,0,0,34,0,0,0,100,0,0,0,0,0,0,0,0,0,93,0,127,0,0,0,0,0,0,0,0,0,0,0,285,0,0,0,0,0,0,0,0,0,0,0,0,0,0,0,0,0,0,0,0,0,0,0,0,0,0,0,0,0,0,0,0,0,0,0,0,0,13,0,29,0,50,0,39,0,38,0,0,0,0,0,0,0,0,0,4,0,0,0,0,0,0,0,0,0,0,0,0,0,0,0,0,0,0,0,0,0,7,0,0,0,0,0,16,0,0,0,0,0,0,0,0,0,0,0,0,0,0,0,0,0,0,0,0,0,0,0,0,0,0,0,0,77,0,0,0,0,0,1,0,0,0,0,0,0,0
0,32,0,171,0,0,0,0,0,0,0,0,0,0,3,2,3,50,0,0,0,51,0,193,1,11,0,10,0,0,0,28,0,131,0,24,0,0,0,6,0,0,0,11,0,17,0,0,0,0,0,11,0,14,0,0,0,0,0,0,0,25,0,18,0,0,0,0,0,0,0,16,0,0,0,35,0,0,0,0,0,245,0,0,0,153,0,52,0,0,0,0,0,0,0,0,0,0,0,0,0,112,0,0,0,0,0,0,0,0,0,0,0,0,0,0,0,0,0,0,0,92,0,39,0,0,0,0,0,0,0,0,0,18,0,0,0,71,0,85,0,199,0,324,0,0,0,0,0,0,0,0,0,0,0,22,0,0,0,0,0,0,0,0,0,5,0,11,0,0,0,0,0,4,0,0,0,0,0,0,0,0,0,0,0,2,0,0,0,0,0,0,0,0,0,0,0,0,0,0,0,0,0,0,0,0,0,0,0,0,0,0,0,0,0,0,0,0,0,56,0,2,0,0,0
0,0,62,0,135,10,0,0,0,0,0,5,0,0,128,0,85,2,8,10,21,0,28,5,7,0,9,0,38,0,0,0,65,0,39,0,23,1,0,0,0,0,14,0,0,0,0,0,5,0,21,0,0,0,1,0,0,0,0,0,0,0,6,0,0,0,0,0,0,0,14,0,4,0,36,0,0,0,0,0,0,0,0,0,0,0,0,0,0,0,0,0,0,0,0,0,0,0,60,0,0,0,0,0,0,0,0,0,0,0,0,0,0,0,0,0,0,0,0,0,0,0,10,0,0,0,0,0,0,0,0,0,0,0,0,0,0,0,21,0,0,0,0,0,11,0,0,0,0,0,0,0,0,0,3,0,0,0,0,0,0,0,0,0,0,0,65,0,29,0,0,0,19,0,0,0,0,0,0,0,0,0,3,0,0,0,0,0,0,0,0,0,0,0,0,0,0,0,0,0,0,0,0,0,0,0,0,0,0,0,72,152,31,0,32,0,0,0,0,5,0,0,0,0,0
0,0,0,22,0,108,0,0,0,0,11,84,14,0,0,13,0,20,0,52,0,20,0,26,0,0,0,6,0,28,0,0,0,0,0,1,0,9,0,0,0,0,0,3,0,6,0,0,0,0,0,0,0,0,0,2,0,0,0,0,0,0,0,7,0,0,0,0,0,0,0,0,0,0,0,20,0,0,0,0,0,0,0,0,0,53,0,0,0,0,0,0,0,0,0,0,0,0,0,34,0,52,0,0,0,0,0,0,0,0,0,0,0,0,0,0,0,0,0,0,0,63,0,13,0,0,0,0,0,0,0,0,0,0,0,0,0,0,0,0,0,38,0,104,0,0,0,0,0,0,0,0,0,0,0,3,0,0,0,0,0,0,0,0,0,0,0,0,0,0,0,0,0,0,0,0,0,0,2,1,0,0,0,0,0,0,0,0,0,0,0,0,0,0,0,0,0,0,0,0,0,0,0,0,0,0,0,0,0,0,0,0,0,0,21,0,0,0,74,270,0,0,0,0,0
49,0,156,8,172,0,0,0,0,0,96,1,0,0,99,13,85,0,0,0,107,0,31,0,0,4,0,0,51,0,65,0,0,0,15,0,352,0,0,0,0,0,3,0,0,0,0,0,0,0,14,0,2,0,0,0,0,0,0,0,4,0,0,0,0,0,1,0,0,0,7,0,2,0,0,0,0,0,0,0,0,0,0,0,0,0,0,0,0,0,0,0,0,0,0,0,2,0,0,0,0,0,0,0,0,0,0,0,0,0,0,0,0,0,0,0,0,0,0,0,15,0,0,0,0,0,0,0,0,0,0,0,0,0,0,0,0,0,0,0,11,0,0,0,0,0,0,0,0,0,0,0,0,0,0,0,1,0,5,0,0,0,0,0,0,0,78,0,24,0,2,0,21,0,0,0,20,0,0,0,0,0,23,0,9,0,0,0,0,0,0,0,0,0,0,0,0,0,0,0,0,0,0,0,0,0,0,0,0,0,101,332,60,0,33,3,0,0,0,2,0,0,0,0,0
0,70,0,193,0,140,0,0,0,0,0,115,0,0,0,38,0,46,0,13,10,4,0,36,0,0,0,0,0,131,0,0,0,0,0,1,0,67,0,4,0,0,0,0,0,0,0,0,0,0,0,0,0,0,0,0,0,0,0,0,0,8,0,9,0,0,0,0,0,0,0,0,0,0,0,0,0,0,0,3,0,170,0,0,0,0,0,29,0,0,0,2,0,1,0,0,0,15,0,51,0,54,0,0,0,0,0,0,0,0,0,0,0,0,0,0,0,0,0,0,0,75,0,16,0,0,0,0,0,0,0,0,0,0,0,11,0,0,0,25,0,47,0,125,0,25,0,0,0,0,0,0,0,0,0,4,0,10,0,0,0,10,0,0,0,0,0,45,0,5,0,0,0,0,0,0,0,0,0,0,0,0,0,0,0,0,0,0,0,0,0,0,0,0,0,0,0,0,0,0,0,0,0,0,0,0,0,0,0,0,0,0,0,0,22,0,1,0,82,475,82,11,0,0,0
0,0,0,0,136,0,0,0,0,0,20,0,136,98,69,14,30,0,182,162,17,0,7,0,0,0,74,145,84,0,39,0,15,0,0,0,87,0,0,0,0,0,0,0,3,0,5,0,12,0,57,0,0,0,0,0,0,0,0,0,0,0,0,0,0,0,0,0,0,0,9,0,0,0,38,0,0,0,0,0,0,0,0,0,0,0,0,0,0,0,0,0,0,0,0,0,0,0,0,0,0,0,0,0,0,0,0,0,0,0,0,0,0,0,0,0,0,0,0,0,0,0,7,0,0,0,0,0,0,0,0,0,0,0,0,0,0,0,0,0,0,0,0,0,0,0,0,0,0,0,0,0,0,0,0,0,0,0,0,0,0,0,0,0,39,0,36,0,0,0,0,0,0,0,0,0,44,0,0,0,0,0,0,0,0,0,9,4,0,0,0,0,0,0,0,0,0,0,0,0,0,0,0,0,0,0,0,0,0,0,102,292,154,0,25,0,0,4,0,19,0,0,0,0,0
0,0,0,0,0,170,0,0,0,0,0,57,0,257,0,6,0,21,89,179,80,31,0,20,0,0,0,0,0,24,0,1,0,1,0,0,0,157,0,2,0,0,0,0,0,0,0,0,0,2,0,0,0,0,0,0,0,0,0,0,0,0,0,0,0,0,0,0,0,0,0,44,0,0,0,57,0,0,0,0,0,0,0,0,0,0,0,69,0,0,0,0,0,0,0,0,0,0,0,0,0,0,0,0,0,0,0,0,0,0,0,0,0,0,0,0,0,0,0,0,0,133,0,35,0,0,0,0,0,0,0,0,0,4,0,0,0,0,0,22,0,77,0,171,0,49,0,0,0,0,0,0,0,0,0,0,0,8,0,0,0,0,0,0,0,17,0,31,0,16,0,0,0,14,0,0,0,52,0,0,0,0,0,0,0,0,0,0,0,0,0,0,0,0,0,0,0,0,0,0,0,0,0,0,0,0,0,0,0,0,0,0,0,0,0,0,0,0,142,470,115,0,0,0,0
22,0,70,0,232,0,0,0,0,0,99,0,18,0,154,0,12,0,0,0,10,0,18,0,0,0,34,0,9,0,23,0,352,0,87,0,0,0,43,0,0,0,10,0,22,0,0,0,7,0,44,0,8,0,1,0,5,0,0,0,0,0,7,0,0,0,0,0,0,0,106,0,0,0,140,0,8,0,0,0,148,0,0,0,46,0,171,0,0,0,0,0,0,0,0,0,0,0,259,0,66,0,0,0,0,0,0,0,0,0,0,0,0,0,0,0,0,0,0,0,0,0,27,0,0,0,0,0,0,0,0,0,0,0,0,0,0,0,110,0,105,0,0,0,145,0,0,0,0,0,0,0,0,0,17,0,11,0,13,0,0,0,21,0,18,0,30,0,70,0,8,0,26,0,0,0,0,2,6,0,0,0,14,0,0,0,0,0,0,0,0,0,0,0,0,0,0,0,0,0,0,0,0,0,0,0,0,0,0,0,96,98,91,25,35,0,0,0,0,0,0,0,0,0,0
3,65,0,109,0,251,0,0,0,0,0,86,0,60,23,75,0,10,0,32,0,0,0,46,0,4,5,10,0,0,1,9,0,67,0,157,0,0,0,7,0,0,0,5,0,0,0,0,0,1,0,23,0,1,0,0,0,0,0,3,0,25,0,0,0,0,0,0,0,0,0,24,0,0,0,56,0,0,0,0,0,198,0,0,0,67,0,72,0,0,0,0,0,0,0,0,0,0,0,0,0,0,0,0,0,0,0,0,0,0,0,0,0,0,0,0,0,0,0,0,0,124,0,34,0,0,0,0,0,0,0,0,0,3,0,0,0,0,0,65,0,70,0,145,0,118,0,0,0,0,0,0,0,0,0,9,0,28,0,5,0,0,0,0,0,10,0,38,0,22,0,16,0,37,0,0,1,11,0,2,0,0,0,2,0,0,0,22,0,0,0,0,0,0,0,0,0,0,0,0,0,0,0,0,0,0,0,0,0,0,0,0,0,0,23,0,0,0,45,129,71,0,0,0,0
287,0,183,0,0,0,77,0,110,0,0,0,0,0,0,0,138,0,0,0,0,0,59,0,40,0,0,0,65,0,0,0,0,0,0,0,43,0,0,0,0,0,0,0,0,0,0,0,0,0,0,0,5,0,4,0,0,0,0,0,5,0,9,3,0,0,0,0,0,0,0,0,0,0,0,0,0,0,0,0,0,0,0,0,0,0,0,0,0,0,0,0,0,0,0,0,0,0,0,0,0,0,0,0,0,0,0,0,0,0,0,0,0,0,0,0,0,0,0,0,0,0,0,0,0,0,0,0,0,0,0,0,0,0,0,0,0,0,25,0,0,0,14,0,0,0,0,0,0,0,0,0,0,0,0,0,1,0,0,0,0,0,0,0,0,0,29,0,0,0,1,0,61,0,0,0,60,0,0,0,0,0,89,0,0,0,0,0,0,0,0,0,0,0,0,0,0,0,0,0,0,0,0,0,0,0,0,0,0,0,0,179,2,2,0,0,0,0,0,0,0,0,0,0,0
0,193,0,244,0,37,0,49,0,0,0,34,0,0,1,0,3,37,0,0,2,2,0,18,0,12,0,4,0,6,0,0,0,4,0,2,0,7,0,0,0,0,0,5,0,0,0,0,0,0,0,5,0,0,0,1,0,0,0,0,0,3,0,2,0,0,0,0,0,0,0,2,0,0,0,0,0,0,0,0,0,0,0,0,0,0,0,0,0,0,0,0,0,0,0,0,0,0,0,0,0,0,0,0,0,0,0,0,0,0,0,0,0,0,0,0,0,0,0,0,0,0,0,0,0,0,0,0,0,0,0,0,0,0,0,0,0,0,0,35,0,53,0,0,0,20,0,0,0,2,0,0,0,0,0,0,0,5,0,0,0,0,0,0,0,0,0,1,0,0,0,0,0,18,0,0,0,0,0,0,0,0,0,0,0,0,0,0,0,0,0,0,0,0,0,0,0,0,0,0,0,0,0,0,0,0,0,0,0,0,0,0,0,0,0,0,0,0,3,115,5,0,0,0,0
42,0,39,0,60,0,0,0,16,0,42,0,85,0,3,0,9,0,12,0,0,0,0,0,12,0,25,214,0,0,0,0,0,0,0,0,0,0,0,0,0,48,72,0,55,145,25,254,103,107,56,0,0,0,0,0,0,0,0,0,0,0,0,0,0,0,0,0,0,0,0,0,0,0,0,0,0,0,0,0,0,0,0,0,0,0,0,0,0,0,0,0,0,0,0,0,0,0,0,0,0,0,0,0,0,0,0,0,0,0,0,0,0,0,0,0,0,0,0,0,0,0,0,0,0,0,0,0,0,0,0,0,0,0,0,0,0,0,0,0,0,0,0,0,0,0,0,0,0,0,0,0,0,0,0,0,0,0,0,0,0,0,0,0,0,0,0,0,0,4,0,0,0,0,0,0,24,58,9,0,0,0,30,0,11,0,133,0,0,0,0,0,0,0,0,0,0,0,0,0,0,0,0,0,0,0,0,0,0,0,38,160,41,0,6,0,0,18,0,51,2,0,0,0,0
0,63,0,0,0,31,0,0,0,0,0,87,0,106,0,0,0,0,32,9,23,0,0,1,0,0,119,94,0,0,0,0,0,0,0,0,0,0,0,0,48,0,29,205,42,44,32,153,0,51,0,184,0,0,0,1,0,0,0,0,0,0,0,0,0,0,0,0,0,0,0,0,0,0,0,0,0,0,0,0,0,0,0,0,0,0,0,0,0,0,0,0,0,0,0,0,0,0,0,0,0,0,0,0,0,0,0,0,0,0,0,0,0,0,0,0,0,0,0,0,0,0,0,0,0,0,0,0,0,0,0,0,0,0,0,0,0,0,0,0,0,0,0,0,0,0,0,0,0,0,0,0,0,0,0,0,0,0,0,0,0,0,0,0,0,19,0,0,0,0,0,0,0,0,0,0,0,77,0,14,0,0,0,0,0,0,11,6,0,0,0,0,0,0,0,0,0,0,0,0,0,0,0,0,0,0,0,0,0,0,0,2,0,0,0,0,0,0,0,57,32,0,0,0,13
1,0,0,0,6,0,0,0,0,0,0,0,89,0,0,0,0,0,51,0,17,0,0,0,0,0,214,246,0,0,14,0,3,0,0,0,10,0,0,0,72,29,0,0,107,57,36,123,63,14,26,20,0,0,0,0,6,0,10,0,0,0,0,0,0,0,0,0,0,0,23,0,0,0,33,0,3,0,0,0,0,0,0,0,0,0,0,0,0,0,0,0,0,0,0,0,0,0,0,0,0,0,0,0,0,0,0,0,0,0,0,0,0,0,0,0,0,0,0,0,0,0,0,0,0,0,0,0,0,0,0,0,0,0,0,0,0,0,20,0,0,0,0,0,0,0,0,0,0,0,0,0,0,0,0,0,0,0,0,0,0,0,10,0,20,4,30,0,0,0,2,0,12,0,0,0,0,29,0,0,0,0,0,0,0,0,73,0,0,0,0,0,0,0,0,0,0,0,0,0,0,0,0,0,0,0,0,0,0,0,28,120,47,5,6,0,0,19,0,17,0,0,0,0,0
0,0,0,0,0,0,0,0,0,0,0,0,27,108,0,0,0,0,0,25,41,42,0,0,0,0,65,132,0,11,0,3,0,0,0,0,0,5,0,5,0,205,0,0,0,229,0,72,0,88,0,13,0,0,0,1,0,0,0,0,0,0,0,0,0,0,0,0,0,0,0,13,0,0,0,17,0,0,0,0,0,0,0,0,0,0,0,0,0,0,0,0,0,0,0,0,0,0,0,0,0,0,0,0,0,0,0,0,0,0,0,0,0,0,0,0,0,0,0,0,0,0,0,0,0,0,0,0,0,0,0,0,0,0,0,0,0,0,0,13,0,0,0,0,0,8,0,0,0,0,0,0,0,0,0,0,0,0,0,0,0,0,0,2,0,6,0,14,0,0,0,3,0,9,0,0,0,56,0,0,0,0,0,0,0,0,0,104,0,0,0,0,0,0,0,0,0,0,0,0,0,0,0,0,0,0,0,0,0,0,0,0,0,0,14,0,0,0,47,167,78,5,0,0,5
0,0,59,0,0,0,0,0,0,0,0,0,18,0,46,0,136,0,0,0,48,0,198,0,0,0,187,99,15,0,0,0,0,0,3,0,22,0,0,0,55,42,107,0,0,82,267,147,204,106,102,0,0,0,0,0,0,0,0,0,2,0,0,0,0,0,8,0,0,0,69,0,31,0,152,0,5,0,0,0,0,0,0,0,0,0,0,0,0,0,0,0,0,0,0,0,0,0,0,0,189,0,0,0,0,0,0,0,0,0,0,0,0,0,0,0,0,0,0,0,0,0,0,0,0,0,0,0,0,0,0,0,0,0,0,0,0,0,0,0,20,0,0,0,52,0,0,0,0,0,0,0,10,0,0,0,0,0,0,0,0,0,15,0,69,0,42,0,57,0,0,0,13,0,0,0,0,36,0,0,0,0,29,0,0,0,54,0,0,0,0,0,0,0,0,0,0,0,0,0,0,0,0,0,0,0,0,0,0,0,22,206,118,7,0,0,6,94,0,17,0,0,0,0,0
0,12,0,0,0,26,0,0,0,0,0,0,45,0,0,17,0,25,0,60,0,261,0,104,0,11,156,268,0,17,0,6,0,0,0,0,0,0,0,0,145,44,57,229,82,0,104,185,39,225,39,88,0,0,0,0,0,0,0,0,0,0,0,0,0,7,0,0,0,61,0,28,0,12,0,0,0,38,0,0,0,0,0,67,0,0,0,54,0,18,0,0,0,46,0,101,0,0,0,41,0,0,0,28,0,0,0,0,0,0,0,0,0,0,0,0,0,0,0,0,0,0,0,0,0,0,0,0,0,0,0,0,0,0,0,0,0,0,0,0,0,49,0,0,0,32,0,0,0,0,0,0,0,0,0,0,0,0,0,0,0,0,0,0,0,96,0,8,0,140,0,12,0,14,0,0,0,26,0,0,0,0,0,0,0,0,27,17,0,0,0,0,0,0,0,0,0,0,0,0,0,0,0,0,0,0,0,0,0,0,0,12,0,0,0,0,0,2,41,172,164,0,0,5,126
30,0,65,0,54,0,0,0,18,0,42,0,81,0,14,0,0,0,27,0,0,0,44,0,33,0,93,68,0,0,0,0,0,0,5,0,0,0,0,0,25,32,36,0,267,104,0,134,140,142,13,0,0,0,0,0,0,0,3,0,0,0,0,0,0,0,0,0,0,0,0,0,0,0,0,0,0,0,0,0,0,0,0,0,0,0,0,0,0,0,0,0,0,0,0,0,0,0,0,0,0,0,0,0,0,0,0,0,0,0,0,0,0,0,0,0,0,0,0,0,0,0,0,0,0,0,0,0,0,0,0,0,0,0,0,0,0,0,0,0,0,0,0,0,0,0,0,0,82,0,0,0,0,0,0,0,0,0,0,0,0,0,1,0,21,0,0,0,0,0,0,0,0,0,0,0,42,32,8,0,0,0,71,0,28,0,85,0,0,0,0,0,0,0,0,0,0,0,0,0,0,0,0,0,0,0,0,0,0,0,14,267,48,0,0,0,0,128,0,20,0,0,0,0,0
0,156,0,47,0,151,0,0,0,0,0,127,0,106,0,0,0,0,155,102,110,33,0,0,0,0,385,240,0,0,0,0,0,0,0,0,0,0,0,0,254,153,123,72,147,185,134,0,35,125,116,0,0,0,0,0,0,0,0,0,0,0,0,0,0,0,0,0,0,0,0,0,0,0,0,0,0,0,0,0,0,0,0,0,0,0,0,0,0,0,0,0,0,0,0,0,0,0,0,0,0,0,0,0,0,0,0,0,0,0,0,0,0,0,0,0,0,0,0,0,0,0,0,0,0,0,0,0,0,0,0,0,0,0,0,0,0,0,0,0,0,0,0,0,0,0,0,0,0,0,0,0,0,0,0,0,0,0,0,0,0,0,0,0,0,20,0,0,0,0,0,0,0,0,0,6,0,220,0,4,0,0,0,0,0,0,58,36,0,0,0,0,0,0,0,0,0,0,0,0,0,0,0,0,0,0,0,0,0,0,0,9,0,0,0,0,0,0,0,155,0,0,0,0,64
0,0,42,0,22,0,26,0,28,0,7,0,28,0,0,0,15,0,0,0,0,0,0,0,0,0,29,7,0,0,5,0,0,0,12,0,7,0,0,0,103,0,63,0,204,39,140,35,0,83,37,0,24,0,0,0,70,0,75,0,7,0,11,0,0,0,0,0,9,0,0,0,12,0,0,0,4,0,6,0,12,0,22,0,0,0,22,0,0,0,0,2,41,0,33,0,0,0,0,0,35,0,93,0,0,0,0,0,4,0,0,0,0,0,0,0,1,0,0,0,0,0,0,0,7,0,0,0,0,0,0,0,0,1,0,0,0,0,2,0,0,0,0,0,0,0,0,0,0,0,0,0,0,0,0,0,3,0,6,0,16,0,14,0,49,0,46,0,38,2,26,0,30,0,15,0,40,7,10,0,23,0,16,0,0,0,156,0,84,0,0,0,0,0,21,0,19,0,0,0,0,0,0,0,0,0,0,0,21,1,135,205,279,24,126,54,49,59,0,4,8,0,0,1,0
0,0,0,20,3,0,0,4,0,8,0,57,7,35,0,33,0,0,0,11,4,0,0,0,0,0,41,93,0,0,0,0,0,0,0,2,0,1,0,0,107,51,14,88,106,225,142,125,83,0,0,50,0,0,0,6,0,5,0,0,0,4,0,0,0,3,0,1,0,83,0,9,0,0,0,0,0,21,0,0,0,59,0,39,0,31,0,0,0,0,0,0,0,86,0,74,0,0,0,0,0,0,0,46,0,0,0,2,0,0,0,0,0,0,0,0,0,0,0,0,0,0,0,0,0,7,0,0,0,0,0,0,0,0,0,0,0,0,0,0,0,0,0,0,0,0,0,0,0,0,0,0,0,0,0,0,0,3,0,0,0,0,0,0,0,96,0,15,0,75,0,0,0,0,0,0,3,56,0,9,0,0,0,4,0,0,50,61,0,19,0,0,0,0,0,6,0,0,0,0,0,0,0,9,0,0,0,0,0,5,0,16,0,0,14,0,0,4,65,27,53,16,21,39,18
0,0,0,0,114,0,0,0,2,0,17,0,238,63,26,0,0,0,190,115,74,0,0,0,0,0,324,326,16,0,21,0,14,0,57,0,44,0,0,0,56,0,26,0,102,39,13,116,37,0,0,0,2,0,0,0,10,0,12,0,0,0,0,0,0,0,0,0,0,0,15,1,0,0,21,0,19,0,26,0,36,0,61,0,17,0,59,0,0,0,0,0,51,0,74,0,0,0,76,3,40,0,40,0,0,0,0,0,0,0,0,0,0,0,0,0,0,0,0,0,0,0,0,0,0,0,0,2,0,0,0,0,0,0,0,0,0,0,0,0,0,0,0,1,11,0,0,0,0,0,0,0,0,0,0,0,0,0,0,0,0,0,16,0,30,9,20,0,176,0,9,0,27,0,0,0,39,0,11,0,0,0,0,0,0,0,42,0,0,0,0,0,0,0,0,0,0,0,0,0,0,0,0,0,0,0,0,0,0,0,87,258,116,27,34,6,5,22,0,35,3,0,0,0,0
0,0,0,0,8,0,0,0,0,0,0,0,67,389,6,0,0,9,117,117,67,18,0,0,0,0,0,107,0,11,0,0,0,0,0,0,0,23,0,5,0,184,20,13,0,88,0,0,0,50,0,0,0,0,0,0,0,0,0,0,0,0,0,2,0,0,0,0,0,0,0,29,0,0,0,0,0,11,0,0,0,0,0,0,0,0,0,0,0,0,0,0,0,0,0,0,0,0,0,0,0,0,0,0,0,0,0,0,0,0,0,0,0,0,0,0,0,0,0,0,0,55,0,0,0,0,0,0,0,0,0,0,0,0,0,0,0,0,0,0,0,17,0,0,0,26,1,0,0,0,0,0,0,0,0,0,0,0,0,0,0,0,0,0,0,41,0,64,0,75,0,0,0,34,0,0,0,80,0,0,0,0,0,0,0,0,0,216,0,0,0,0,0,0,0,0,0,0,0,0,0,0,0,0,0,0,0,0,0,0,0,0,0,0,41,0,0,0,131,221,183,29,0,2,7
0,0,0,0,0,0,34,0,283,75,0,0,0,0,4,0,110,0,4,0,5,0,16,0,34,13,0,0,7,0,0,0,2,0,0,0,8,0,5,0,0,0,0,0,0,0,0,0,24,0,2,0,0,94,150,196,142,107,112,155,66,1,114,29,7,8,101,257,0,0,0,0,0,0,0,0,0,0,0,1,0,0,0,0,97,0,14,0,0,0,0,0,0,0,0,0,44,0,0,0,0,0,0,0,0,0,0,0,0,0,0,0,0,0,0,0,0,0,0,0,0,0,12,0,0,0,0,0,85,0,33,0,0,0,0,0,132,0,147,0,73,0,90,0,8,0,0,0,0,0,0,0,0,0,261,12,82,4,134,4,36,0,23,0,0,0,0,0,63,0,81,3,10,0,0,0,44,2,0,0,3,0,7,0,138,1,0,0,0,0,0,0,0,0,0,0,0,0,0,0,0,0,0,0,0,0,0,0,0,0,185,220,110,160,148,0,39,0,4,0,3,0,0,0,0
0,0,0,0,0,0,0,4,167,78,0,0,0,0,0,0,0,86,0,0,0,0,4,0,72,12,0,0,0,14,0,0,0,0,0,0,0,1,0,0,0,0,0,0,0,0,0,0,0,0,0,0,94,0,201,33,10,82,90,53,0,73,47,118,0,0,82,16,0,0,0,0,0,1,0,0,0,0,0,0,0,0,0,0,0,48,0,4,0,0,0,0,0,0,0,0,0,0,0,0,0,24,0,0,0,0,0,3,0,0,0,0,0,0,0,0,0,0,0,0,0,4,0,0,0,0,0,0,0,19,0,0,0,25,0,40,0,60,0,187,0,63,0,91,0,24,0,0,0,0,0,0,0,0,0,147,1,132,0,49,0,10,0,0,0,0,0,0,0,0,0,40,0,7,0,0,19,76,0,0,0,0,0,13,5,12,0,0,0,0,0,0,0,0,0,0,0,1,0,0,0,0,0,0,0,0,0,0,0,0,0,0,0,0,181,0,0,0,216,343,69,158,0,46,1
0,0,64,0,4,0,58,0,168,238,0,0,0,0,0,0,18,0,0,0,0,0,62,0,151,19,0,0,0,0,1,0,0,0,0,0,1,0,4,0,0,0,0,0,0,0,0,0,0,0,0,0,150,201,0,296,41,44,118,152,28,0,29,85,5,0,67,194,0,0,0,0,0,0,0,0,0,0,0,0,0,0,0,0,0,0,0,0,0,0,0,0,0,0,0,0,0,0,0,0,0,0,0,0,0,0,0,0,0,0,0,0,0,0,0,0,0,0,0,0,0,0,0,0,0,0,0,0,0,0,27,0,0,0,0,0,126,0,0,0,0,0,78,0,0,0,0,0,0,0,0,0,0,0,74,5,28,0,0,0,76,0,0,0,14,0,0,0,60,0,114,0,15,0,0,0,45,6,0,0,0,0,3,0,34,0,0,0,0,0,0,0,0,0,0,0,0,0,0,0,0,0,0,0,0,0,0,0,5,0,363,110,186,336,332,0,95,5,0,0,0,0,0,0,0
0,18,0,60,0,16,113,228,334,237,0,0,0,3,0,69,0,30,0,14,0,0,5,65,102,123,0,0,0,0,0,2,0,0,0,0,0,0,0,1,0,1,0,1,0,0,0,0,0,6,0,0,196,33,296,0,13,328,117,252,0,0,154,47,0,5,96,43,0,0,0,0,0,0,0,0,0,0,0,0,0,0,0,0,0,81,0,0,0,0,0,0,0,0,0,0,0,0,0,0,0,0,0,0,0,0,0,0,0,0,0,0,0,0,0,0,0,0,0,0,0,0,0,0,0,0,0,1,0,37,0,9,0,27,0,117,0,173,0,99,0,97,0,121,0,0,0,0,0,1,0,0,0,0,0,18,0,9,0,10,0,25,0,0,0,2,0,4,0,6,0,51,0,0,0,0,29,108,0,0,0,0,0,4,10,15,0,0,0,0,0,0,0,0,0,0,0,0,0,0,0,0,0,0,0,0,0,0,0,0,0,0,0,0,150,0,2,0,97,134,73,148,0,42,0
0,0,0,0,0,0,23,0,0,0,0,0,0,0,0,0,0,0,0,0,15,0,0,0,31,0,0,0,3,0,0,0,0,0,0,0,5,0,0,0,0,0,6,0,0,0,0,0,70,0,10,0,142,10,41,13,0,43,229,65,0,0,0,0,56,48,40,143,0,0,0,0,0,0,0,0,0,0,0,0,0,0,0,0,0,0,0,0,0,0,0,0,0,0,0,0,0,0,0,0,0,0,0,0,0,0,0,0,0,0,0,0,0,0,0,0,0,0,0,0,0,0,0,0,13,0,2,0,21,0,79,0,11,0,23,0,52,0,0,0,0,0,34,0,0,2,0,0,7,0,0,0,0,0,299,41,105,5,147,0,232,0,123,0,0,0,28,0,199,0,115,0,30,0,10,0,0,0,0,0,0,0,0,0,30,0,0,0,0,0,0,0,0,0,1,0,0,0,0,0,0,0,0,0,0,0,0,0,2,0,615,157,582,807,788,84,271,0,6,0,3,0,0,1,1
0,5,0,9,0,0,0,28,55,32,0,0,0,0,0,18,0,25,0,0,0,0,0,21,0,40,0,0,0,0,0,0,0,0,0,0,0,0,0,0,0,0,0,0,0,0,0,0,0,5,0,0,107,82,44,328,43,0,103,269,0,0,0,13,16,8,114,294,0,0,0,0,0,0,0,0,0,0,0,0,0,0,0,0,0,41,0,0,0,0,0,0,0,0,0,0,0,14,0,0,0,0,0,0,0,0,0,0,0,0,0,0,0,0,0,0,0,0,0,0,0,0,0,0,0,16,0,0,0,72,0,35,0,16,0,70,0,88,0,65,0,52,0,68,0,0,0,0,2,2,0,0,0,0,36,240,0,20,0,93,0,67,0,11,0,0,0,0,0,18,0,202,0,29,0,2,0,5,0,0,0,0,0,0,27,32,0,0,0,0,0,0,0,0,0,0,0,0,0,0,0,0,0,0,0,0,0,0,0,2,9,0,0,0,330,0,0,0,228,81,204,310,0,105,0
0,0,0,0,0,0,28,0,161,61,0,0,0,0,0,0,0,0,0,0,0,0,14,0,11,0,0,0,0,0,0,0,0,0,0,0,0,0,0,0,0,0,10,0,0,0,3,0,75,0,12,0,112,90,118,117,229,103,0,120,101,0,0,0,111,11,232,272,0,0,0,0,0,0,0,0,0,0,0,0,0,0,0,0,0,0,0,1,0,0,0,0,0,0,0,0,0,0,0,0,0,0,0,0,0,0,0,0,0,0,0,0,0,0,0,0,0,0,0,0,0,0,0,0,3,0,0,0,0,0,23,1,0,0,0,0,0,0,0,2,0,0,0,0,0,0,1,0,16,0,0,0,0,0,91,37,141,10,0,0,15,1,0,0,0,0,26,0,101,0,135,0,0,0,7,0,0,0,0,0,0,0,0,0,180,0,0,0,0,0,0,0,0,0,0,0,0,0,0,0,0,0,0,0,0,0,0,0,2,0,917,375,390,778,719,57,246,0,14,5,0,0,0,0,0
0,7,0,15,0,0,0,56,139,125,0,0,0,0,0,0,0,0,0,0,0,0,0,0,0,48,0,0,0,0,0,0,0,0,0,0,0,3,0,0,0,0,0,0,0,0,0,0,0,0,0,0,155,53,152,252,65,269,120,0,0,0,34,19,0,149,163,264,0,0,0,0,0,0,0,0,0,0,0,0,0,0,0,0,0,0,0,0,0,0,0,0,0,0,0,0,0,0,0,0,0,0,0,0,0,0,0,0,0,0,0,0,0,0,0,0,0,0,0,0,0,0,0,0,0,4,0,0,0,2,0,34,0,0,0,2,0,13,0,4,0,4,0,6,0,0,0,0,0,0,0,0,0,1,26,70,1,72,0,16,0,46,0,24,0,5,0,0,0,24,0,178,0,0,0,0,0,0,0,0,2,0,0,0,29,13,0,0,0,0,0,0,0,0,0,0,0,0,0,0,0,0,0,0,0,0,0,0,0,0,0,0,0,0,887,0,0,0,723,104,307,683,2,195,0
104,0,0,0,0,0,222,0,490,0,0,0,1,0,0,0,51,0,0,0,0,0,0,0,33,46,0,0,15,0,0,0,4,0,0,0,0,0,5,0,0,0,0,0,2,0,0,0,7,0,0,0,66,0,28,0,0,0,101,0,0,0,69,0,1,0,33,0,0,0,18,0,0,0,13,0,0,0,0,0,0,0,0,0,0,0,0,0,0,0,0,0,0,0,0,0,0,0,0,0,0,0,0,0,0,0,0,0,0,0,0,0,0,0,0,0,0,0,0,0,18,0,13,0,0,0,0,0,0,0,0,0,0,0,0,0,0,0,117,0,93,0,0,0,94,0,0,0,0,0,0,0,0,0,80,0,69,0,28,0,0,0,19,0,4,0,0,0,20,0,101,0,114,0,0,0,78,0,0,0,0,0,25,0,42,0,0,0,0,0,0,0,0,0,0,0,0,0,0,0,0,0,0,0,0,0,0,0,0,0,96,143,37,84,38,0,11,0,0,0,0,0,0,0,0
0,311,0,46,0,0,0,97,0,84,0,0,0,0,0,5,0,21,0,0,0,0,27,7,0,24,0,0,0,25,0,0,0,8,0,0,0,25,0,3,0,0,0,0,0,0,0,0,0,4,0,0,1,73,0,0,0,0,0,0,0,0,0,24,0,0,0,0,0,0,0,1,0,0,0,0,0,0,0,0,0,0,0,0,0,0,0,0,0,0,0,0,0,0,0,0,0,0,0,0,0,0,0,0,0,0,0,0,0,0,0,0,0,0,0,0,0,0,0,0,0,4,0,0,0,0,0,0,0,0,0,0,0,0,0,0,0,0,0,19,0,17,0,0,0,39,0,0,0,0,0,0,0,0,0,10,0,175,0,5,0,0,0,0,0,1,0,2,0,4,0,53,0,130,0,0,10,0,0,1,0,0,0,0,0,0,0,0,0,0,0,0,0,0,0,0,0,0,0,0,0,0,0,0,0,0,0,0,0,0,0,0,0,0,91,0,0,0,125,334,150,131,0,0,0
93,0,66,0,0,0,344,56,534,120,0,0,0,0,3,0,200,0,5,0,24,0,31,0,86,117,0,0,14,0,6,0,0,0,0,0,7,0,9,0,0,0,0,0,0,0,0,0,11,0,0,0,114,47,29,154,0,0,0,34,69,0,0,91,0,0,8,23,0,0,40,0,0,0,106,0,0,0,0,0,129,0,0,0,117,0,105,0,0,0,0,0,0,0,0,0,0,0,192,0,0,0,0,0,0,0,0,0,0,0,0,0,0,0,0,0,0,0,0,0,70,0,57,0,0,0,0,0,15,0,0,0,0,0,0,0,61,0,153,0,116,0,112,0,21,0,0,0,0,0,0,0,0,0,58,1,8,0,61,0,0,0,0,0,0,0,1,0,11,0,25,0,25,0,0,0,111,6,0,0,0,0,14,0,53,0,0,0,0,0,0,0,0,0,0,0,0,0,0,0,0,0,0,0,0,0,0,0,0,0,70,148,59,51,60,0,0,0,0,0,0,0,0,0,0
52,356,0,147,0,3,97,277,113,218,0,0,0,0,0,7,32,293,0,0,0,14,61,50,204,86,0,5,0,18,0,7,0,9,0,0,0,0,3,2,0,0,0,0,0,0,0,0,0,0,0,2,29,118,85,47,0,13,0,19,0,24,91,0,0,0,10,8,0,0,0,0,0,0,0,0,0,0,0,0,0,0,0,0,0,0,0,0,0,0,0,0,0,0,0,0,0,0,0,0,0,0,0,0,0,0,0,0,0,0,0,0,0,0,0,0,0,0,0,0,0,0,0,0,0,0,0,0,0,0,0,0,0,0,0,0,0,0,0,46,0,31,0,0,0,0,0,0,0,0,0,0,0,0,0,7,0,6,0,0,0,0,0,0,0,0,0,0,0,4,0,12,0,27,0,0,18,121,0,0,0,0,0,6,0,0,0,0,0,0,0,0,0,0,0,0,0,0,0,0,0,0,0,0,0,0,0,0,0,2,0,0,0,0,78,0,0,0,84,345,41,66,0,25,0
4,0,22,0,12,0,7,0,59,0,1,0,0,0,9,0,0,0,13,0,0,0,0,0,0,0,0,0,0,0,0,0,0,0,0,0,0,0,0,0,0,0,0,0,0,0,0,0,0,0,0,0,7,0,5,0,56,16,111,0,1,0,0,0,0,47,67,10,0,0,0,0,0,0,0,3,0,0,0,0,0,0,0,0,0,0,0,0,0,0,0,0,0,0,0,0,0,0,0,0,0,0,0,0,0,0,0,0,0,0,0,0,0,0,0,0,0,0,0,0,0,0,0,0,7,0,0,0,0,0,32,0,0,0,0,0,0,0,0,0,0,0,0,0,18,24,0,0,55,0,1,0,0,0,42,28,42,0,3,27,195,22,0,0,0,0,0,0,8,0,0,0,5,0,23,0,0,0,0,0,72,0,1,0,106,0,0,0,0,0,0,0,0,0,0,0,0,0,0,0,0,0,0,0,0,0,0,0,2,0,130,43,0,0,102,0,0,1,0,0,0,0,0,0,0
0,64,0,0,0,19,0,5,0,108,0,14,0,0,0,0,0,0,0,0,0,0,0,0,0,0,0,0,0,0,0,0,0,0,0,0,0,0,0,0,0,0,0,0,0,7,0,0,0,3,0,0,8,0,0,5,48,8,11,149,0,0,0,0,47,0,0,107,0,0,0,0,0,16,0,42,0,0,0,0,1,0,0,0,0,0,0,0,0,0,0,0,0,0,0,0,0,0,0,0,0,0,0,0,0,0,0,0,0,0,0,0,0,0,0,0,0,0,0,0,0,3,0,0,10,56,0,4,0,0,0,71,0,0,0,0,0,10,0,29,0,0,0,0,0,104,0,24,0,269,0,25,0,8,80,48,3,0,54,40,67,123,0,0,0,0,0,0,0,16,0,0,0,0,1,87,0,0,0,10,32,11,0,12,18,161,0,0,0,0,0,0,0,0,0,0,0,1,0,0,0,0,0,0,0,0,0,15,3,31,0,0,0,0,134,0,0,0,169,34,92,0,0,0,0
5,0,10,0,7,0,42,2,64,30,0,0,2,0,0,0,0,0,0,0,0,0,0,0,0,0,0,0,0,0,0,0,1,0,0,0,0,0,0,0,0,0,0,0,8,0,0,0,0,0,0,0,101,82,67,96,40,114,232,163,33,0,8,10,67,0,0,191,0,0,0,0,0,0,0,0,0,0,0,0,0,0,0,0,0,0,0,0,0,0,0,0,0,0,0,0,0,0,0,0,0,0,0,0,0,0,0,0,0,0,0,0,0,0,0,0,0,0,0,0,0,0,0,0,17,2,4,0,0,0,61,0,0,0,0,0,0,0,0,0,0,0,0,0,0,1,0,0,64,0,0,0,1,0,30,0,65,0,0,0,66,0,0,0,0,0,0,0,25,0,39,0,7,0,14,0,32,1,0,0,0,0,4,0,613,0,0,0,0,0,0,0,0,0,0,0,0,0,0,0,0,0,0,0,0,0,3,0,3,0,272,166,96,0,158,24,0,0,0,0,3,0,0,0,0
0,40,0,0,0,0,0,9,126,162,0,8,0,0,0,0,0,0,0,0,0,0,0,0,0,0,0,0,0,0,0,0,0,0,0,0,0,0,0,0,0,0,0,0,0,0,0,0,0,1,0,0,257,16,194,43,143,294,272,264,0,0,23,8,10,107,191,0,0,0,0,0,0,0,0,0,0,0,0,0,0,0,0,0,0,0,0,0,0,0,0,0,0,0,0,0,0,0,0,0,0,0,0,0,0,0,0,0,0,0,0,0,0,0,0,0,0,0,0,0,0,0,0,0,0,43,0,9,0,0,0,52,0,6,0,0,0,30,0,0,0,0,0,0,2,47,0,0,0,76,0,20,0,0,61,121,0,107,0,55,14,43,0,0,0,1,0,0,0,18,0,170,0,0,0,18,20,62,0,0,0,0,0,7,62,295,0,0,0,0,0,0,0,0,0,0,0,0,0,0,1,0,0,0,0,0,0,0,0,6,0,0,0,0,579,0,0,0,632,171,182,0,0,0,0
0,0,0,0,0,0,0,0,0,0,0,0,0,0,0,0,0,0,0,0,0,0,0,0,0,0,0,0,0,0,0,0,0,0,0,0,0,0,0,0,0,0,0,0,0,0,0,0,9,0,0,0,0,0,0,0,0,0,0,0,0,0,0,0,0,0,0,0,0,0,0,0,41,0,0,0,130,0,48,0,15,0,56,0,0,0,34,0,6,0,0,0,25,0,24,0,0,0,0,0,19,0,271,0,0,0,0,0,111,0,50,0,46,0,72,0,14,0,1,0,0,0,0,0,5,0,0,0,0,0,0,0,0,0,0,0,0,0,0,0,0,0,0,0,0,0,0,0,0,0,0,0,0,0,0,0,0,0,0,0,0,0,0,0,29,0,0,0,138,0,0,0,0,0,0,0,0,0,0,0,22,8,0,0,0,0,0,0,0,0,0,0,0,0,33,0,0,1,0,0,0,0,0,0,0,0,0,0,0,0,147,0,54,0,13,129,108,0,0,0,0,0,0,0,0
0,0,0,0,0,0,0,0,0,0,0,0,0,0,0,0,0,0,0,0,0,0,0,0,0,0,0,0,0,0,0,0,0,0,0,0,0,0,0,0,0,0,0,0,0,61,0,0,0,83,0,0,0,0,0,0,0,0,0,0,0,0,0,0,0,0,0,0,0,0,0,0,0,0,0,0,0,67,0,0,0,0,0,78,0,0,0,13,0,46,0,0,0,46,0,152,0,0,0,0,0,43,0,296,0,0,0,0,0,44,0,29,0,13,0,39,0,10,0,0,0,0,0,0,0,0,0,0,0,0,0,0,0,0,0,0,0,0,0,0,0,0,0,0,0,0,0,0,0,0,0,0,0,0,0,0,0,0,0,0,0,0,0,0,0,37,0,0,0,76,0,8,0,0,0,0,0,0,0,0,0,0,0,0,0,0,0,0,0,0,0,0,0,0,0,0,0,0,0,0,0,0,0,0,0,0,0,0,0,0,0,0,0,0,11,0,0,0,105,0,123,7,93,187,8
0,0,0,0,0,0,0,0,0,0,0,0,0,0,0,0,24,0,0,0,56,0,0,0,0,0,47,0,34,0,14,0,7,0,9,0,106,0,0,0,0,0,23,0,69,0,0,0,0,0,15,0,0,0,0,0,0,0,0,0,18,0,40,0,0,0,0,0,0,0,0,0,138,0,121,0,25,0,198,0,0,0,0,0,0,0,30,0,0,0,0,0,0,0,0,0,0,0,0,0,0,0,0,0,0,0,0,0,0,0,0,0,0,0,0,0,0,0,0,0,14,0,1,0,24,0,12,3,6,0,0,0,0,0,19,0,50,0,0,4,41,0,38,0,69,0,0,0,0,0,0,0,10,0,0,0,26,0,0,2,0,0,48,0,0,0,36,0,16,0,20,0,46,0,22,0,0,0,0,0,33,0,0,0,0,0,0,0,0,0,0,0,0,0,0,0,0,0,0,0,9,0,0,0,0,0,0,0,28,0,12,1,16,0,4,0,0,0,0,0,0,0,0,0,0
0,0,0,0,0,0,0,0,0,0,0,0,0,0,0,0,0,0,0,0,0,0,0,0,0,0,0,0,0,16,0,0,0,0,0,44,0,24,0,2,0,0,0,13,0,28,0,0,0,9,1,29,0,0,0,0,0,0,0,0,0,1,0,0,0,0,0,0,0,0,0,0,0,77,0,208,0,37,0,4,2,0,0,4,0,1,0,33,0,0,0,0,0,0,0,0,0,0,0,0,0,0,0,0,0,0,0,0,0,0,0,0,0,0,0,0,0,0,0,0,0,3,0,5,13,45,0,0,7,0,0,0,0,0,0,0,0,0,3,2,0,0,0,0,8,60,0,0,0,0,0,0,0,0,0,0,0,0,13,0,0,4,0,61,0,0,0,28,0,12,0,17,0,41,0,30,0,0,0,0,16,0,0,0,0,12,0,0,0,0,0,0,0,0,0,0,0,0,0,0,0,0,0,0,0,0,0,0,0,0,0,0,0,0,11,0,0,0,28,1,0,0,0,0,0
0,0,0,0,0,0,0,0,0,0,0,0,0,0,0,0,0,0,0,0,0,0,0,0,0,0,0,0,0,0,4,0,2,0,0,0,0,0,0,0,0,0,0,0,31,0,0,0,12,0,0,0,0,0,0,0,0,0,0,0,0,0,0,0,0,0,0,0,41,0,138,0,0,0,90,0,56,0,94,0,10,0,18,0,0,0,44,0,0,0,0,0,7,0,0,0,0,0,0,0,0,0,6,0,0,0,0,0,0,0,0,0,0,0,0,0,0,0,0,0,43,0,21,0,65,0,0,0,16,0,16,0,86,0,94,0,108,0,0,0,30,0,115,0,52,0,27,4,0,0,102,3,0,0,0,0,0,0,0,0,6,0,104,24,0,0,15,0,22,0,12,0,17,0,25,0,0,0,0,0,91,0,0,0,0,0,0,0,0,0,0,0,0,0,0,0,55,0,0,0,74,0,0,0,30,0,0,0,157,0,319,28,75,18,50,3,14,4,0,0,24,0,0,0,0
0,0,0,0,0,0,0,0,0,0,0,0,0,0,0,0,0,0,0,0,0,2,0,0,0,0,0,0,0,0,0,0,0,0,0,0,0,0,0,0,0,0,0,0,0,12,0,0,0,0,0,0,0,1,0,0,0,0,0,0,0,0,0,0,0,16,0,0,0,0,0,77,0,0,0,186,0,93,0,49,0,19,0,24,0,0,0,58,0,0,0,0,0,0,0,1,0,4,0,2,0,0,0,5,0,0,0,0,0,2,0,0,0,0,0,0,0,1,0,0,0,15,0,12,0,46,0,70,0,0,30,37,0,0,0,58,0,0,0,0,0,0,0,27,0,55,0,0,0,0,0,50,0,0,0,0,0,3,0,0,0,2,15,65,0,0,0,7,0,0,0,15,0,15,0,32,0,0,0,0,25,71,0,0,0,0,0,0,0,0,0,0,0,0,0,0,0,0,0,88,0,58,0,0,0,0,0,0,0,112,15,0,0,0,29,0,0,0,176,0,19,0,0,0,0
0,0,0,0,0,0,0,0,0,0,0,0,0,0,0,0,110,0,0,0,160,0,0,0,0,0,0,0,100,0,36,0,0,0,38,0,140,0,0,0,0,0,33,0,152,0,0,0,0,0,21,0,0,0,0,0,0,0,0,0,13,0,106,0,0,0,0,0,0,0,121,0,90,0,0,0,23,0,129,0,2,0,44,0,53,0,48,0,0,0,0,0,0,0,0,0,0,1,1,0,0,0,0,0,0,0,0,0,0,0,0,0,0,0,0,0,0,0,0,0,18,0,76,0,0,0,0,1,0,2,0,10,15,0,0,0,18,0,4,0,97,0,78,0,98,0,0,0,0,0,13,0,0,0,0,0,25,0,0,0,0,0,66,0,0,0,31,0,51,0,8,0,0,0,0,0,0,0,0,0,39,0,0,0,0,0,0,0,0,0,0,0,0,0,0,0,0,2,0,0,13,0,0,0,0,0,0,0,34,0,27,0,11,0,8,0,0,2,0,0,0,0,0,0,0
0,0,0,0,0,0,0,0,0,0,0,0,0,0,0,0,0,8,0,0,0,0,0,19,0,0,0,0,0,35,0,20,0,0,0,57,0,56,0,0,0,0,0,17,0,0,0,0,0,0,0,0,0,0,0,0,0,0,0,0,0,0,0,0,3,42,0,0,0,0,0,208,0,186,0,0,0,18,0,67,0,16,0,0,0,2,0,100,0,0,0,0,0,0,0,0,0,0,0,0,0,0,7,0,0,0,0,0,0,0,0,0,0,0,0,0,0,0,0,0,0,90,0,35,49,0,0,105,25,0,88,64,0,0,7,50,0,12,0,1,0,32,0,55,15,169,51,0,0,121,11,0,0,0,0,0,0,14,26,0,0,5,0,93,0,1,0,0,0,23,0,30,0,46,0,76,0,0,0,0,41,96,0,0,0,0,0,0,0,0,0,0,0,0,0,0,10,0,0,0,0,0,0,0,0,0,0,145,0,92,0,0,0,0,33,0,0,0,68,0,0,0,0,0,0
0,0,0,0,0,0,0,0,0,0,2,0,0,0,0,0,0,0,0,0,8,0,0,0,0,0,0,0,0,0,0,0,0,0,0,0,8,0,0,0,0,0,3,0,5,0,0,0,4,0,19,0,0,0,0,0,0,0,0,0,0,0,0,0,0,0,0,0,130,0,25,0,56,0,23,0,0,0,24,0,12,0,23,0,0,0,38,0,0,0,0,0,3,0,13,0,6,0,0,0,0,0,67,0,0,0,0,0,43,0,0,0,1,0,66,0,22,0,0,0,0,0,0,0,0,0,0,0,0,0,0,0,0,0,0,0,0,1,0,0,0,0,0,0,4,0,0,0,0,0,0,0,0,0,0,0,0,0,0,0,0,0,0,8,0,0,0,0,13,6,0,0,0,0,0,0,0,0,0,0,0,0,0,0,0,0,0,0,78,0,0,0,0,0,0,0,30,0,0,0,37,0,0,0,0,0,0,0,0,1,126,17,32,3,0,34,35,0,0,0,0,0,0,0,0
0,0,0,0,0,0,0,0,0,0,0,0,0,0,0,0,0,0,0,0,0,0,0,0,0,0,0,0,0,0,0,0,0,0,0,0,0,0,0,0,0,0,0,0,0,38,0,0,0,21,0,11,0,0,0,0,0,0,0,0,0,0,0,0,0,0,0,0,0,67,0,37,0,93,0,18,0,0,2,15,0,66,0,65,0,0,0,66,0,2,0,0,0,11,0,118,0,0,0,17,14,17,0,112,0,0,0,0,0,4,0,0,0,0,0,1,0,20,0,0,0,10,0,6,11,0,0,0,0,0,0,0,0,0,0,0,0,0,9,0,0,6,0,9,0,11,0,31,0,0,0,0,0,0,0,0,0,0,0,0,0,2,0,10,0,33,0,0,0,97,0,1,0,0,2,0,0,0,0,0,0,0,0,0,0,0,0,0,0,0,0,0,0,0,0,34,0,23,0,0,0,0,0,93,0,0,0,0,0,0,0,0,0,0,31,0,0,0,185,0,107,0,60,22,0
0,0,0,0,0,0,0,0,0,0,0,0,0,0,0,0,0,0,0,0,0,0,0,0,0,0,0,0,0,0,0,0,0,0,0,0,0,0,0,0,0,0,0,0,0,0,0,0,6,0,26,0,0,0,0,0,0,0,0,0,0,0,0,0,0,0,0,0,48,0,198,0,94,0,129,0,24,2,0,0,0,0,111,0,0,0,23,0,0,0,0,0,38,0,0,0,0,0,0,0,0,0,26,0,0,0,0,0,7,0,0,0,0,0,11,0,0,0,0,0,82,0,40,0,0,0,0,0,0,0,10,0,0,0,0,0,0,0,1,0,36,0,71,0,42,0,0,0,0,0,0,0,16,0,0,0,0,0,0,0,0,0,14,0,0,0,0,0,34,0,0,0,0,0,0,0,0,0,0,0,0,9,0,0,0,0,0,0,0,0,0,0,0,0,0,0,0,0,0,0,134,6,0,0,0,0,0,0,82,0,221,16,44,7,13,21,6,3,10,0,0,0,0,0,0
0,0,0,0,0,0,0,0,0,0,0,0,0,0,0,0,0,0,0,1,0,0,0,0,0,0,0,0,0,0,0,0,0,3,0,0,0,0,0,0,0,0,0,0,0,0,0,0,0,0,0,0,1,0,0,0,0,0,0,0,0,0,0,0,0,0,0,0,0,0,0,4,0,49,0,67,0,15,0,0,0,2,0,0,2,2,0,30,0,0,0,0,0,0,0,0,0,0,0,0,0,0,0,0,0,0,13,0,0,0,0,0,0,0,0,0,0,0,0,0,0,2,0,2,0,0,1,0,0,0,0,0,0,0,0,0,0,0,5,2,0,0,0,0,0,36,0,0,0,0,0,0,0,0,0,0,0,0,0,0,0,0,0,9,0,0,0,0,0,0,0,0,0,0,0,13,0,0,0,0,13,0,0,0,0,0,0,0,0,0,0,0,0,0,0,0,0,0,0,0,0,8,0,0,0,0,0,0,0,0,0,0,0,0,0,0,0,0,7,0,0,0,0,0,0
