0,173,39,26,75,3,34,123,47,41,176,6,105,0,11,48,53,60,7,0,3,0,6,62,17,178,13,0,62,0,4,0,0,0,0,0,0,0,153,0,20,0,0,0,2,0,5,0,6,0,0,0,10,3,17,14,3,0,2,0,297,37,286,5,5,0,3,0,0,0,0,0,1,0,0,0,0,0,0,0,0,0,0,0,0,0,1,0,0,0,0,1,0,0,0,0,0,2,0,2,0,1,0,0,0,0,0,0,0,0,0,0,0,0,0,0,0,0,0,0,0,0,0,0,1,0,0,0,0,0,0,0,4,0,0,8,0,4,0,0,0,0,5,4,0,0,10,0,7,0,12,0,5,0,0,0,0,0,0,0,5,0,0,0,2,0,0,0,37,0,32,2,233,0,2,0,98,41,11,0,6,0,44,8,27,0,5,0,0,0,0,0,0,0,0,0,0,0,0,0,0,0,0,0,0,0,0,0,2,0,0,0,4,1,53,5,0,0,11,0,42,13,45,0,36,0,151,5,165,0,161,0,195,32,33,9,57,0,75,0,31,0,28,0,291,11,0,0,0
173,0,144,64,32,253,52,43,22,61,16,237,0,202,0,55,49,92,0,145,0,8,82,89,132,24,0,102,0,242,0,12,0,63,0,10,0,26,0,385,0,26,0,7,0,20,0,45,0,6,0,0,0,0,7,26,0,1,0,5,7,536,8,216,0,33,0,24,0,0,0,0,0,0,0,6,0,0,0,0,0,10,0,0,1,6,0,0,0,0,0,0,0,0,0,0,0,0,0,9,0,0,0,0,0,0,0,6,0,0,0,0,0,0,0,0,0,0,0,0,0,0,0,0,0,12,0,13,0,5,0,12,0,8,0,49,0,28,0,7,0,0,0,21,0,0,0,8,5,40,0,15,0,24,0,2,0,11,0,4,0,8,0,0,0,8,0,8,0,24,1,53,14,117,0,4,7,277,0,1,0,0,0,69,0,30,0,5,0,0,0,0,0,0,0,0,0,0,0,0,0,0,0,3,0,0,0,0,0,15,0,35,0,27,0,124,0,0,2,22,1,325,2,100,1,71,3,152,11,369,0,136,9,739,2,91,0,38,3,58,0,19,0,30,8,419,0,0,0
39,144,0,34,267,20,21,48,19,13,119,44,164,2,329,80,324,102,77,0,33,3,311,75,265,111,52,0,184,0,72,0,101,9,0,0,13,6,296,21,44,0,0,0,5,0,20,1,11,0,0,0,8,4,56,8,5,0,0,0,183,42,291,8,5,0,0,0,0,0,25,0,4,0,0,0,0,0,0,0,19,2,0,1,0,2,0,0,0,0,0,2,0,0,0,0,0,0,0,0,0,0,0,0,0,0,15,0,0,0,0,0,0,0,0,0,0,0,0,0,0,0,0,0,11,0,30,0,0,0,28,0,23,0,18,0,57,0,0,0,6,0,135,0,0,0,31,0,12,0,43,0,5,0,0,0,0,0,5,0,22,0,0,0,0,0,11,0,28,0,14,0,145,8,1,0,38,39,5,0,0,0,9,4,6,0,2,0,0,0,0,0,0,0,0,0,0,0,0,0,36,0,0,0,0,0,8,0,21,0,11,0,5,0,74,6,0,0,14,0,85,0,70,0,21,8,71,24,130,24,106,12,202,27,27,0,48,7,43,0,16,0,9,0,230,29,0,0,0
26,64,34,0,0,171,0,62,0,0,29,12,0,45,18,152,20,103,0,133,11,22,57,354,0,99,0,46,0,174,0,20,1,133,0,0,0,33,9,191,0,5,0,0,1,3,0,0,0,0,0,1,0,0,0,24,0,0,0,4,0,63,4,22,0,2,0,0,0,0,0,0,0,0,0,0,0,0,0,0,0,3,0,0,0,4,0,0,0,0,0,3,0,0,0,0,0,19,0,0,0,0,0,0,0,0,0,0,0,0,0,0,0,0,0,0,0,0,0,0,0,0,0,0,0,11,0,13,0,14,0,18,0,18,0,99,0,67,0,4,0,0,0,8,0,0,0,0,0,9,1,0,0,0,0,5,0,0,0,3,0,9,0,0,0,0,0,0,0,0,0,18,6,55,0,0,4,35,0,0,0,0,0,1,0,0,0,0,0,0,0,0,0,0,0,0,0,0,0,0,0,0,0,0,0,0,0,0,0,8,0,0,0,11,1,10,0,0,0,2,0,68,0,32,0,0,0,12,0,97,0,16,0,99,1,10,0,5,0,0,0,0,0,0,0,0,0,0,0
75,32,267,0,0,154,20,0,30,3,91,105,274,81,181,110,28,40,75,80,99,33,49,80,0,18,83,0,90,2,176,6,181,31,26,0,180,22,335,0,58,0,0,0,9,3,15,0,25,0,26,0,6,0,18,0,11,0,8,0,28,0,21,0,9,0,8,0,2,0,26,0,0,0,3,0,0,0,0,0,0,0,0,0,0,0,0,0,0,0,0,0,0,0,0,0,0,0,59,0,9,0,0,0,0,0,0,0,0,0,0,0,0,0,0,0,0,0,0,0,0,0,0,0,4,0,14,0,0,0,13,0,10,0,0,0,0,0,7,0,0,0,55,0,0,0,23,0,25,0,33,0,14,0,0,0,0,1,0,0,3,0,0,1,0,0,117,0,106,0,7,0,204,0,0,0,156,48,21,0,18,0,36,0,27,0,8,7,0,0,0,0,0,0,0,0,0,0,0,0,0,0,0,0,0,0,3,0,17,0,28,0,0,0,80,6,0,0,15,3,203,45,102,0,105,0,168,0,323,0,244,5,0,31,38,9,129,19,56,0,13,0,25,0,463,16,0,0,0
3,253,20,171,154,0,1,103,0,36,59,99,87,170,265,201,12,15,43,85,85,127,51,164,0,9,8,87,2,39,8,181,8,404,4,73,11,297,2,106,5,51,0,0,0,0,0,55,0,0,0,19,0,0,0,19,0,0,0,5,0,10,0,10,0,0,0,12,0,0,0,0,0,0,0,1,0,0,0,0,0,0,0,0,0,0,0,0,0,0,0,0,0,0,0,0,0,0,0,0,0,0,0,0,0,0,0,0,0,0,0,0,0,0,0,0,0,0,0,0,0,0,0,0,0,11,0,5,0,0,0,5,0,10,0,0,0,43,0,0,0,0,1,30,0,0,0,0,0,12,0,0,0,0,0,3,0,0,0,0,0,9,0,0,0,14,0,83,0,75,0,27,6,111,0,5,17,149,3,0,0,0,0,0,0,6,3,3,0,0,0,0,0,0,0,0,0,0,0,0,0,13,0,0,0,0,0,0,0,7,0,10,0,9,0,27,0,0,0,25,0,449,0,79,0,99,0,101,11,376,0,98,0,208,0,53,0,31,0,27,0,0,1,0,0,105,0,0,0
34,52,21,0,20,1,0,45,18,119,35,0,24,0,16,0,6,1,3,0,0,0,3,0,39,41,8,0,0,0,0,0,0,0,0,0,0,0,0,0,6,0,0,0,0,0,0,0,7,0,0,0,61,0,69,78,7,13,0,2,60,4,140,11,14,0,7,7,0,0,0,0,0,0,0,0,0,0,0,0,0,0,0,0,0,2,0,0,0,0,0,0,0,0,0,0,2,0,0,2,0,0,0,0,0,0,0,0,0,0,0,0,0,0,0,0,0,0,0,0,0,0,0,0,5,0,8,0,1,0,14,0,5,0,0,2,7,3,0,0,1,0,13,4,0,0,7,0,12,0,0,0,0,0,3,2,7,1,0,0,9,0,0,0,0,0,0,0,18,0,42,0,23,0,4,0,25,18,0,0,0,0,2,9,5,4,1,0,0,0,0,0,0,0,0,0,0,0,0,0,0,1,1,0,0,0,0,0,5,0,0,0,0,0,193,0,0,0,17,0,126,0,55,0,60,0,70,3,135,0,63,0,209,0,43,0,21,0,77,0,20,1,20,0,380,0,0,0,0
123,43,48,62,0,103,45,0,40,4,0,24,0,74,0,112,23,73,3,80,0,17,15,36,117,292,0,38,0,129,0,0,0,23,0,11,0,0,0,91,0,0,0,9,1,25,0,14,0,3,0,25,1,11,5,148,0,14,0,16,0,164,6,259,0,6,0,8,0,0,0,0,0,0,0,0,0,0,0,0,0,0,0,0,0,0,0,0,0,0,0,0,0,0,0,0,0,4,0,0,0,0,0,0,0,0,0,0,0,0,0,0,0,0,0,0,0,0,0,0,0,0,0,0,0,7,0,4,0,22,0,14,0,12,0,39,0,22,0,0,0,0,0,0,0,3,0,6,1,9,0,6,0,0,0,10,0,4,0,0,0,19,0,1,0,8,0,5,0,0,0,30,0,38,0,0,6,22,0,0,0,0,0,11,0,1,1,0,0,0,0,0,0,0,0,0,0,0,0,0,0,0,0,0,0,0,0,7,0,8,0,0,0,26,0,41,0,0,0,13,0,136,0,54,2,39,0,21,3,229,1,24,3,236,4,31,0,3,1,16,0,0,0,5,3,106,0,0,0
47,22,19,0,30,0,18,40,0,192,17,0,23,0,9,0,10,0,0,0,3,0,1,0,13,32,10,0,3,0,2,0,0,0,0,0,0,0,0,0,9,0,0,0,2,0,0,0,6,0,0,0,246,6,152,192,10,49,11,26,86,0,235,8,52,3,79,68,0,0,0,0,0,0,0,0,2,0,0,0,0,0,0,0,1,0,0,0,0,0,0,0,0,0,0,0,0,0,0,1,0,0,0,0,0,0,0,0,0,0,0,0,0,0,0,0,0,0,0,0,0,0,0,0,2,0,0,0,0,0,11,0,1,0,0,0,0,0,0,0,0,0,0,0,0,0,8,0,18,0,3,0,3,0,34,13,45,11,0,3,4,0,0,0,3,0,0,0,26,0,55,0,21,0,2,0,209,29,3,0,0,0,5,4,100,46,1,0,0,0,0,0,0,0,0,0,0,0,0,0,0,0,0,0,0,0,0,0,2,0,12,0,0,0,250,6,0,0,11,0,142,0,51,0,69,0,164,5,186,0,62,0,273,7,55,0,21,0,143,0,35,0,53,0,518,7,0,0,0
41,61,13,0,3,36,119,4,192,0,0,52,0,32,0,0,0,0,0,34,2,7,0,0,261,6,0,17,0,0,0,0,0,3,0,3,0,0,0,0,0,0,0,0,0,0,0,9,0,1,0,22,33,142,167,392,6,76,0,61,2,156,7,277,0,55,4,98,0,0,0,0,0,0,0,0,0,0,0,2,1,0,0,0,0,0,0,7,0,3,0,0,0,0,0,8,0,5,0,6,0,4,0,0,0,0,0,0,0,0,0,0,0,0,0,0,0,0,0,0,0,0,0,1,0,29,0,10,0,8,0,31,0,9,0,39,0,27,0,0,0,0,0,7,0,4,0,10,0,42,0,11,0,11,0,26,0,89,0,4,2,35,0,0,1,13,0,4,0,21,0,0,0,11,1,0,11,310,0,0,0,0,0,44,0,160,0,2,0,0,0,0,0,0,0,0,0,0,0,0,0,5,0,0,0,0,0,6,0,13,0,32,0,0,0,268,0,0,0,11,0,249,2,61,0,30,10,180,0,349,2,34,3,517,7,72,0,15,0,37,1,4,0,0,7,347,0,0,0
176,16,119,29,91,59,35,0,17,0,0,52,207,4,10,74,48,31,4,0,70,4,20,57,0,2,24,5,20,0,69,2,170,9,2,1,81,11,297,5,34,0,0,0,0,0,8,0,17,0,1,0,2,0,5,3,4,0,0,0,8,9,5,0,5,0,4,0,0,0,0,0,0,0,0,0,0,0,4,0,0,0,0,0,0,0,0,0,0,0,0,0,0,0,0,0,0,0,0,0,0,0,0,0,0,0,0,0,0,0,0,0,0,0,0,0,0,0,0,0,0,0,0,0,1,0,0,0,0,0,0,0,0,0,4,0,0,0,0,0,0,0,0,0,0,0,0,0,15,0,0,0,35,0,0,0,0,0,0,0,1,0,0,0,0,0,32,2,62,6,2,3,96,9,12,0,139,21,20,0,46,0,68,0,61,0,14,0,0,0,0,0,0,0,0,0,0,0,0,0,0,0,0,0,0,0,0,0,0,0,6,0,0,0,37,0,0,0,0,0,91,24,31,8,19,0,141,24,185,25,113,0,65,13,13,3,81,0,34,0,13,0,19,0,238,7,0,0,0
6,237,44,12,105,99,0,24,0,52,52,0,36,253,203,20,23,34,26,15,62,121,53,87,1,0,8,84,0,48,2,101,0,428,0,24,7,417,5,189,0,152,0,0,1,10,0,102,0,14,0,9,0,0,0,15,0,3,0,4,0,55,0,7,0,7,0,0,0,2,0,2,0,0,0,0,0,0,0,0,0,5,0,1,0,3,0,0,0,0,0,0,0,0,0,0,0,1,0,5,0,0,0,0,0,0,0,0,0,0,0,0,0,0,0,0,0,0,0,3,0,8,0,2,0,10,0,3,0,0,0,5,0,0,0,0,0,14,0,0,0,0,0,0,0,0,0,3,0,10,0,32,0,76,0,0,0,1,0,0,0,0,0,5,0,0,1,15,2,40,0,17,6,85,0,25,7,282,0,16,0,54,0,5,0,35,2,15,0,0,0,0,0,0,0,0,0,5,0,0,0,4,0,0,0,0,0,0,0,0,0,0,0,27,2,40,0,0,1,26,0,331,0,66,0,69,1,292,0,233,4,135,0,302,2,56,0,49,0,33,1,0,0,20,7,150,0,0,0
105,0,164,0,274,87,24,0,23,0,207,36,0,466,110,39,13,0,96,239,86,42,7,2,0,0,74,363,0,0,57,4,58,11,104,12,126,24,28,0,196,94,73,16,32,16,49,115,61,5,177,13,0,0,11,0,2,0,0,0,0,0,0,0,3,0,1,0,0,0,0,0,0,0,0,0,0,0,0,0,0,0,0,0,0,0,0,0,0,0,0,0,0,0,0,0,0,0,0,0,0,0,0,0,0,0,0,0,0,0,0,0,0,0,0,0,0,0,0,0,0,0,0,0,2,0,0,0,0,0,4,0,3,0,0,0,6,0,0,0,0,0,0,0,0,0,0,0,9,0,23,0,20,0,0,0,0,0,2,0,0,0,0,0,133,0,49,4,55,0,3,0,34,1,12,0,234,110,85,0,67,0,27,0,16,0,94,21,0,0,0,0,0,0,0,0,0,0,0,0,0,0,0,0,0,0,0,0,0,0,0,0,0,0,0,0,0,0,107,22,60,23,23,7,339,0,170,4,100,39,73,0,28,0,13,0,80,20,22,0,7,0,12,0,164,0,0,0,0
0,202,2,45,81,170,0,74,0,32,4,253,466,0,51,9,0,3,390,45,75,37,0,0,0,0,326,115,0,0,0,31,0,0,27,106,0,161,0,0,40,437,21,87,8,14,9,188,0,16,44,156,0,0,0,18,0,3,0,4,0,0,0,0,0,0,0,6,0,0,0,0,0,0,0,0,0,0,0,0,0,0,0,0,0,0,0,0,0,0,0,0,0,0,0,0,0,0,0,0,0,0,0,0,0,0,0,0,0,0,0,0,0,0,0,0,0,0,0,0,0,0,0,0,0,5,0,0,0,0,0,0,0,6,0,0,0,0,0,0,0,0,0,0,0,0,0,0,0,15,0,14,0,10,0,0,0,0,0,0,0,0,0,8,0,58,0,30,0,0,0,0,0,10,0,0,17,220,4,4,0,18,0,0,0,12,35,62,0,0,0,0,0,0,0,0,0,0,0,0,0,0,0,0,0,0,0,0,0,0,0,4,0,0,0,13,0,0,55,158,0,123,0,88,0,359,0,73,0,219,0,58,0,122,1,28,0,28,0,9,0,0,0,0,0,76,0,0,0
11,0,329,18,181,265,16,0,9,0,10,203,110,51,0,140,109,12,258,104,124,65,278,109,118,0,188,31,9,4,147,28,140,87,31,0,121,70,76,13,15,3,0,0,17,0,15,2,3,0,6,2,0,0,0,0,0,0,0,0,2,0,7,0,11,0,4,0,0,0,4,0,0,0,0,0,0,0,0,0,0,0,0,0,0,1,0,0,0,0,0,0,0,0,0,0,22,0,0,0,0,0,0,0,0,0,0,0,0,0,0,0,0,0,0,0,0,0,0,0,0,0,0,0,13,0,33,0,13,0,37,0,0,0,0,0,91,3,6,0,0,0,176,0,0,0,61,0,37,0,51,0,9,0,5,0,0,0,0,0,0,0,0,0,0,0,51,13,36,10,0,5,47,10,3,0,68,54,7,0,9,0,7,0,9,0,0,4,0,0,0,0,0,0,0,0,0,0,0,0,0,0,0,0,0,0,0,0,43,0,0,4,0,0,6,9,0,0,0,0,52,92,11,0,16,10,90,26,109,90,40,16,21,52,4,6,25,9,9,0,0,0,6,0,104,13,0,0,0
48,55,80,152,110,201,0,112,0,0,74,20,39,9,140,0,43,102,14,317,52,201,79,558,0,54,0,57,2,39,5,121,6,268,3,62,0,126,10,44,2,0,0,6,0,0,0,0,0,0,0,3,0,5,0,53,0,4,0,0,0,23,0,0,0,3,0,0,0,0,0,0,0,0,0,0,0,0,0,0,0,0,0,0,0,8,0,0,0,0,0,0,0,0,0,0,0,26,0,0,0,0,0,0,0,0,2,0,0,0,0,0,0,0,0,0,0,0,0,0,0,0,0,0,0,14,0,20,0,23,0,11,0,23,0,175,0,118,0,0,0,0,0,23,0,0,0,2,0,15,0,0,0,3,0,3,0,0,0,0,0,0,0,0,0,0,0,41,0,0,0,9,13,38,0,0,0,51,0,6,0,0,0,0,0,1,0,0,0,0,0,0,0,0,0,0,0,0,0,0,0,46,0,0,0,0,0,0,0,8,0,0,0,5,0,5,0,0,0,5,0,82,0,15,0,7,0,23,11,141,0,0,0,39,0,2,0,0,3,0,0,0,0,0,11,32,0,0,0
53,49,324,20,28,12,6,23,10,0,48,23,13,0,109,43,0,44,182,0,415,0,213,61,83,34,233,0,134,0,105,0,96,5,30,0,9,2,125,6,0,0,11,0,62,0,3,0,3,0,6,0,123,0,21,0,3,0,0,0,84,13,574,6,0,0,0,0,0,0,0,0,13,0,23,0,0,0,0,0,61,0,0,0,440,0,43,0,24,0,85,0,0,0,0,0,253,0,194,0,13,0,0,0,0,0,43,0,0,0,0,0,0,0,0,0,0,0,0,0,57,0,104,0,0,0,0,0,30,0,0,0,11,0,10,2,298,0,43,0,203,0,266,0,10,0,0,0,1,0,0,0,2,0,56,0,0,0,60,0,8,0,0,0,0,0,8,0,36,0,10,0,61,3,0,0,0,4,2,0,0,0,98,0,0,0,0,0,0,0,0,0,0,0,0,0,0,0,0,0,116,0,0,0,0,0,7,0,8,0,0,2,0,0,36,4,0,0,6,0,40,6,33,0,31,0,122,10,96,9,22,5,80,18,9,0,9,0,11,2,3,2,0,0,64,14,0,0,0
60,92,102,103,40,15,1,73,0,0,31,34,0,3,12,102,44,0,0,101,6,235,95,70,25,49,0,46,0,213,0,82,0,69,0,16,0,12,13,156,0,0,0,6,0,12,0,0,0,2,0,0,0,31,0,53,0,5,0,0,0,80,0,266,0,0,0,0,0,0,0,0,0,0,0,0,0,0,0,2,0,15,0,4,0,22,0,0,0,0,0,10,0,2,0,11,0,36,0,18,0,13,0,0,0,0,0,0,0,0,0,0,0,0,0,0,0,0,0,0,0,1,0,1,0,2,0,10,0,60,0,8,0,23,0,96,0,165,0,79,0,28,0,99,0,6,0,0,0,0,0,0,0,0,0,30,0,0,0,7,0,5,0,0,0,0,0,0,0,0,0,4,0,6,0,0,0,33,0,0,0,0,0,2,0,0,0,0,0,0,0,0,0,0,0,0,0,0,0,0,0,12,0,0,0,0,0,0,0,0,0,0,0,1,0,3,0,0,0,0,0,11,1,6,0,0,7,52,2,18,4,0,0,7,0,0,3,0,0,0,0,0,0,0,6,0,0,0,0
7,0,77,0,75,43,3,3,0,0,4,26,96,390,258,14,182,0,0,190,233,32,212,1,89,0,176,173,6,0,45,0,9,0,227,13,151,0,0,0,0,21,78,7,33,13,10,43,0,1,272,8,0,0,12,1,3,0,0,0,0,0,15,0,6,0,0,0,0,0,0,0,0,0,0,0,0,0,0,0,0,0,0,0,87,0,0,0,0,0,23,0,0,0,0,0,0,0,0,0,0,0,0,0,0,0,0,0,0,0,0,0,0,0,0,0,0,0,0,0,0,0,0,0,0,0,16,0,13,0,0,0,22,0,44,0,120,0,0,0,33,0,157,0,0,0,16,0,19,0,35,0,0,0,16,0,0,0,20,0,0,0,0,0,128,0,46,0,52,0,0,0,0,0,5,0,16,46,4,0,0,0,0,0,0,0,0,13,0,0,0,0,0,0,0,0,0,0,0,0,102,0,0,0,0,0,0,0,26,0,0,0,0,0,0,0,0,0,14,0,28,0,0,0,233,40,73,0,40,34,29,0,0,0,2,0,33,0,10,0,0,0,2,0,66,0,0,0,0
0,145,0,133,80,85,0,80,0,34,0,15,239,45,104,317,0,101,190,0,82,260,0,329,0,39,63,374,0,15,5,139,0,29,26,142,13,124,0,0,9,13,0,40,3,24,1,77,2,7,11,85,0,19,0,68,0,9,0,5,0,0,1,65,0,0,0,0,0,0,0,0,0,0,0,0,0,0,0,0,0,32,0,0,0,40,0,0,0,0,0,0,0,0,0,0,0,72,0,41,0,0,0,0,0,0,0,0,0,0,0,0,0,0,0,0,0,0,0,0,0,0,0,0,0,0,0,12,0,0,0,33,0,31,0,244,0,200,0,31,0,0,0,80,0,0,0,9,0,29,0,13,0,16,0,11,0,0,0,4,0,0,0,0,0,23,0,31,0,0,0,4,0,6,0,0,3,16,2,2,0,0,0,0,0,16,16,11,0,0,0,0,0,0,0,0,0,0,0,0,0,63,0,0,0,0,0,0,0,13,0,0,0,0,0,0,0,0,19,60,0,40,0,10,0,66,0,21,2,110,0,0,0,34,0,17,0,13,0,0,0,0,0,0,0,19,0,0,0
3,0,33,11,99,85,0,0,3,2,70,62,86,75,124,52,415,6,233,82,0,37,106,36,22,0,218,0,100,1,87,8,65,31,65,3,68,28,43,0,0,0,38,0,28,0,0,0,0,0,104,1,10,0,6,0,3,0,0,0,0,1,55,0,0,0,0,0,0,0,39,0,0,0,30,0,0,0,0,0,47,0,0,0,137,0,27,0,0,0,31,0,0,0,0,0,90,0,165,0,0,0,0,0,0,0,0,0,0,0,0,0,0,0,0,0,0,0,0,0,51,0,46,0,0,0,0,0,0,0,0,0,0,0,0,2,0,0,47,0,48,0,79,0,47,0,0,0,0,0,4,0,0,0,0,0,0,0,16,0,3,0,0,0,57,0,84,6,58,0,0,0,48,3,0,0,7,11,20,0,0,0,1,0,0,0,0,6,0,0,0,0,0,0,0,0,0,0,0,0,0,0,0,0,0,0,0,0,3,0,0,0,3,0,0,0,0,0,11,0,76,33,16,0,79,13,167,14,119,40,61,11,27,0,7,4,60,9,29,0,6,0,14,0,150,10,0,0,0
0,8,3,22,33,127,0,17,0,7,4,121,42,37,65,201,0,235,32,260,37,0,0,176,0,36,9,172,0,61,1,67,0,45,0,56,6,42,0,3,0,0,0,38,0,51,0,0,0,3,0,27,0,8,0,21,0,0,0,0,0,10,0,88,0,1,0,0,0,0,0,2,0,0,0,0,0,0,0,0,0,41,0,0,0,34,0,13,0,0,0,0,0,0,0,29,0,20,0,0,0,15,0,0,0,0,0,0,0,0,0,0,0,0,0,0,0,0,0,0,0,0,0,0,0,3,0,0,0,21,0,2,0,21,0,55,0,105,0,96,0,83,0,189,0,0,0,0,0,0,0,1,0,0,0,8,0,0,0,0,0,0,0,0,0,9,0,35,0,19,0,6,0,7,0,0,4,22,0,17,0,0,0,0,0,0,1,8,0,0,0,0,0,0,0,0,0,0,0,0,0,9,0,0,0,0,0,1,0,0,0,0,0,0,0,0,0,0,0,10,0,27,1,19,0,34,0,9,3,102,0,11,0,13,1,0,0,0,0,0,0,0,0,0,0,8,0,0,0
6,82,311,57,49,51,3,15,1,0,20,53,7,0,278,79,213,95,212,0,106,0,0,115,75,78,119,0,44,13,4,2,17,0,7,0,7,0,87,12,0,0,0,0,10,0,1,0,4,0,0,1,8,0,30,0,2,0,1,0,25,25,49,4,0,0,0,0,0,0,6,0,0,1,0,0,0,0,3,0,5,0,0,0,23,2,0,0,0,0,7,0,0,0,0,0,0,0,0,0,0,1,0,0,0,0,0,0,0,0,0,0,0,0,0,0,0,0,0,0,6,0,0,0,0,0,7,0,6,1,4,0,16,0,10,0,69,0,0,0,0,0,65,0,0,0,6,0,3,0,11,0,0,0,9,0,0,0,7,0,10,0,0,0,0,1,6,0,12,0,1,0,41,6,0,0,8,18,0,0,0,0,6,0,0,0,0,0,0,0,0,0,0,0,0,0,0,0,0,0,30,0,0,0,0,0,0,0,6,0,2,0,0,0,6,7,0,0,1,0,15,30,12,0,0,0,37,25,54,37,19,10,0,56,0,0,6,0,8,0,0,0,0,3,29,18,0,0,0
62,89,75,354,80,164,0,36,0,0,57,87,2,0,109,558,61,70,1,329,36,176,115,0,7,43,0,114,1,8,0,44,10,22,0,6,0,0,14,7,1,0,0,0,0,8,0,0,0,0,0,0,0,12,0,37,0,2,0,0,0,5,0,33,0,0,0,0,0,0,0,0,0,1,0,0,0,0,0,0,0,13,0,3,0,9,0,4,0,0,0,13,0,0,0,9,0,32,0,19,0,13,0,0,0,0,0,6,0,0,0,0,0,0,0,0,0,0,0,0,0,3,0,0,0,0,0,6,0,12,0,0,0,19,0,92,0,70,0,21,0,0,0,35,0,0,0,0,0,0,0,0,0,0,0,6,0,0,0,0,0,3,0,0,0,1,0,2,0,0,0,1,0,5,0,0,11,39,0,4,0,0,0,0,1,0,0,0,0,0,0,0,0,0,0,0,0,0,0,0,0,13,0,0,0,0,0,0,0,0,0,0,0,0,0,0,0,0,0,0,9,0,2,0,1,0,2,38,0,12,0,0,0,7,0,0,0,1,0,0,0,0,0,2,0,3,0,0,0
17,132,265,0,0,0,39,117,13,261,0,1,0,0,118,0,83,25,89,0,22,0,75,7,0,136,82,0,24,0,0,0,0,0,0,0,0,0,2,0,0,0,4,0,21,0,0,0,8,0,3,0,133,10,138,123,28,6,0,0,54,33,219,36,0,0,0,0,0,0,0,0,0,0,0,0,0,0,0,1,1,4,0,0,13,3,0,4,0,2,2,0,0,0,0,2,0,7,0,7,0,3,0,0,0,0,0,0,0,0,0,0,0,0,0,0,0,0,0,0,0,0,0,0,7,0,24,0,42,2,27,0,46,0,16,6,156,5,7,2,24,0,113,7,0,0,22,0,0,0,34,0,0,0,39,2,6,0,67,0,85,0,0,0,0,0,0,0,9,3,28,0,38,3,0,0,14,32,0,0,0,0,8,8,0,0,0,0,0,0,0,0,0,0,0,0,0,0,0,0,32,0,0,0,0,0,2,0,16,0,3,0,1,0,66,7,0,0,9,0,42,6,29,0,29,1,119,0,66,9,54,0,80,35,27,0,14,4,32,0,9,0,6,1,155,23,0,0,0
178,24,111,99,18,9,41,292,32,6,2,0,0,0,0,54,34,49,0,39,0,36,78,43,136,0,0,12,0,34,0,10,0,0,0,6,0,0,0,24,0,0,0,5,0,0,0,0,0,0,0,0,0,12,3,55,0,14,0,0,5,22,11,84,0,0,0,0,0,0,0,0,0,0,0,0,0,0,0,0,0,0,0,0,0,0,0,0,0,0,0,2,0,0,0,0,0,0,0,0,0,0,0,0,0,0,0,0,0,0,0,0,0,0,0,0,0,0,0,0,0,0,0,0,0,3,0,4,0,29,0,18,0,40,0,62,0,45,0,15,0,0,0,8,0,0,0,0,0,0,0,0,0,0,0,23,0,0,0,1,0,11,0,0,0,0,0,0,0,0,0,3,6,8,0,0,0,24,0,0,0,0,0,4,0,0,0,0,0,0,0,0,0,0,0,0,0,0,0,0,0,25,0,0,0,0,0,0,0,2,0,0,0,0,0,3,0,1,0,2,0,0,0,3,0,3,0,13,0,24,5,3,0,33,0,0,0,1,0,2,0,0,0,0,0,20,0,0,0
13,0,52,0,83,8,8,0,10,0,24,8,74,326,188,0,233,0,176,63,218,9,119,0,82,0,0,343,22,0,19,0,7,0,43,1,41,0,9,0,70,231,183,17,153,22,40,281,37,6,180,2,0,0,7,0,0,0,0,0,0,0,20,0,3,0,2,0,0,0,17,0,0,0,12,0,0,0,0,0,0,0,0,0,0,0,0,0,0,0,0,0,0,0,0,0,0,0,0,0,12,0,0,0,0,0,0,0,0,0,0,0,0,0,0,0,0,0,0,0,0,0,0,0,5,0,0,0,0,0,10,0,18,0,0,0,121,0,0,0,0,0,0,0,0,0,0,0,17,0,23,0,0,0,13,0,0,0,0,0,0,0,0,0,164,0,32,0,31,0,0,0,18,0,0,0,22,64,5,0,17,0,13,0,9,0,9,5,0,0,0,0,0,0,0,0,0,0,0,0,0,0,0,0,0,0,0,0,24,0,0,0,0,0,0,0,0,0,233,33,18,7,76,0,405,15,33,0,49,0,25,0,0,0,3,0,39,4,0,0,4,0,2,0,62,0,0,0,0
0,102,0,46,0,87,0,38,0,17,5,84,363,115,31,57,0,46,173,374,0,172,0,114,0,12,343,0,0,0,0,53,0,8,14,99,5,81,0,0,101,8,43,119,32,134,35,74,0,40,40,220,0,7,0,41,0,12,0,4,0,0,0,38,0,0,0,3,0,0,0,0,0,0,0,0,0,0,0,0,0,27,0,0,0,23,0,18,0,0,0,0,0,0,0,19,0,0,0,0,0,0,0,0,0,0,0,18,0,0,0,0,0,0,0,0,0,0,0,1,0,0,0,0,0,11,0,0,0,0,0,0,0,0,0,130,0,82,0,0,0,26,0,97,0,7,0,0,0,29,0,0,0,18,0,10,0,1,0,2,0,0,0,2,0,75,0,26,0,52,0,0,0,10,0,0,7,56,4,3,0,0,0,0,0,28,54,43,0,0,0,0,0,0,0,0,0,0,0,0,0,0,0,0,0,0,0,0,0,0,0,0,0,0,0,0,0,0,96,405,0,40,0,171,0,345,0,33,0,186,0,0,0,47,0,22,0,15,0,0,0,0,0,4,0,22,0,0,0
62,0,184,0,90,2,0,0,3,0,20,0,0,0,9,2,134,0,6,0,100,0,44,1,24,0,22,0,0,0,39,0,22,0,20,0,24,0,10,1,0,0,36,0,12,0,0,0,2,0,7,0,17,0,7,0,0,0,0,0,0,0,48,0,0,0,0,0,0,0,20,0,0,0,35,0,0,0,0,0,34,0,0,0,102,0,19,0,0,0,10,0,0,0,0,0,51,0,93,0,9,0,0,0,0,0,0,0,0,0,0,0,0,0,0,0,0,0,0,0,36,0,52,0,0,0,0,0,0,0,0,0,0,0,0,0,0,0,75,0,113,0,79,0,36,0,0,0,0,0,0,0,2,0,30,0,2,0,22,0,0,0,0,0,0,0,1,0,0,0,0,0,1,0,0,0,10,0,1,0,0,0,15,0,0,0,0,0,0,0,0,0,0,0,0,0,0,0,0,0,0,0,0,0,0,0,0,0,0,0,0,0,3,0,0,0,0,0,0,0,0,0,0,0,0,0,0,0,0,0,0,0,0,0,0,0,0,0,0,0,0,0,0,0,0,0,0,0,0
0,242,0,174,2,39,0,129,0,0,0,48,0,0,4,39,0,213,0,15,1,61,13,8,0,34,0,0,0,0,0,46,0,31,0,46,0,81,0,13,0,0,0,2,0,3,0,0,0,0,0,3,0,10,0,19,0,0,0,0,0,6,0,29,0,0,0,1,0,0,0,0,0,0,0,0,0,0,0,0,0,0,0,0,0,5,0,0,0,0,0,0,0,0,0,0,0,0,0,7,0,0,0,0,0,0,0,0,0,0,0,0,0,0,0,0,0,0,0,0,0,0,0,0,0,0,0,1,0,0,0,0,0,11,0,20,0,53,0,70,0,43,0,46,0,11,0,0,0,0,0,0,0,0,0,2,0,0,0,2,0,0,0,0,0,1,0,0,0,0,0,0,0,0,0,0,0,13,0,0,0,0,0,2,0,0,0,0,0,0,0,0,0,0,0,0,0,0,0,0,0,0,0,1,0,0,0,0,0,0,0,0,0,0,0,0,0,0,0,0,0,0,0,0,0,0,0,3,0,0,0,0,0,0,0,0,0,0,0,0,0,0,0,0,0,0,0,0,0
4,0,72,0,176,8,0,0,2,0,69,2,57,0,147,5,105,0,45,5,87,1,4,0,0,0,19,0,39,0,0,0,8,3,3,0,23,0,29,0,1,0,14,0,11,0,0,0,0,0,21,0,4,0,0,0,0,0,0,0,2,0,11,0,0,0,0,0,0,0,16,0,0,0,7,0,0,0,0,0,19,0,0,0,27,0,0,0,0,0,13,0,0,0,0,0,0,0,49,0,0,0,0,0,0,0,0,0,0,0,0,0,0,0,0,0,0,0,0,0,12,0,0,0,0,0,0,0,0,0,0,0,0,0,0,0,11,0,8,0,18,0,22,0,15,0,0,0,0,0,0,0,1,0,0,0,0,0,0,0,0,0,4,0,0,0,39,0,0,0,1,0,22,1,0,0,6,0,10,0,0,0,0,0,0,0,0,0,0,0,0,0,0,0,0,0,0,0,0,0,0,0,0,0,0,0,0,0,1,0,0,0,0,0,2,0,0,0,0,0,16,0,0,0,14,0,17,0,12,0,0,0,10,0,0,0,0,0,0,0,1,0,0,0,32,0,0,0,0
0,12,0,20,6,181,0,0,0,0,2,101,4,31,28,121,0,82,0,139,8,67,2,44,0,10,0,53,0,46,0,0,1,15,0,23,0,8,0,4,0,0,0,3,0,12,0,0,0,0,0,7,0,0,0,5,0,0,0,0,0,5,0,43,0,0,0,0,0,0,0,0,0,0,0,0,0,0,0,0,0,0,0,0,0,22,0,9,0,0,0,0,0,0,0,0,0,0,0,21,0,0,0,0,0,0,0,0,0,0,0,0,0,0,0,0,0,0,0,0,0,0,0,7,0,0,0,0,0,0,0,0,0,8,0,17,0,58,0,54,0,53,0,79,0,14,0,0,0,0,0,0,0,0,0,3,0,0,0,0,0,0,0,0,0,2,0,6,0,9,0,0,0,11,0,0,0,19,0,4,0,0,0,0,0,1,0,4,0,0,0,0,0,0,0,0,0,0,0,0,0,0,0,0,0,0,0,0,0,0,0,0,0,0,0,0,0,0,0,3,0,16,0,2,1,7,0,2,0,37,0,4,0,6,0,0,0,0,0,0,0,0,0,0,0,0,0,0,0
0,0,101,1,181,8,0,0,0,0,170,0,58,0,140,6,96,0,9,0,65,0,17,10,0,0,7,0,22,0,8,1,0,0,12,0,92,0,0,0,4,0,28,0,8,0,0,0,3,0,20,0,2,0,0,0,0,0,0,0,5,0,14,0,0,0,0,0,0,1,5,0,0,0,0,0,0,0,0,0,0,0,0,0,0,0,3,0,0,0,5,0,0,0,0,0,0,0,0,0,2,0,0,0,0,0,1,0,0,0,0,0,0,0,0,0,0,0,0,0,0,0,0,0,0,0,0,0,0,0,0,0,0,0,0,0,0,0,0,0,0,0,0,0,0,0,0,0,0,0,0,0,0,0,0,0,6,0,4,0,0,0,0,0,0,0,18,0,2,0,0,0,0,0,0,0,15,4,6,0,0,0,0,0,2,0,0,0,0,0,0,0,0,0,0,0,0,0,0,0,0,0,0,0,0,0,0,0,0,0,0,0,0,0,0,0,0,0,0,0,0,0,0,0,0,0,7,0,14,0,0,0,0,0,0,0,4,0,0,0,0,0,0,0,14,0,0,0,0
0,63,9,133,31,404,0,23,0,3,9,428,11,0,87,268,5,69,0,29,31,45,0,22,0,0,0,8,0,31,3,15,0,0,0,41,0,50,0,0,0,0,0,9,0,4,0,3,0,0,0,5,0,7,0,12,0,1,0,0,0,2,0,22,0,0,0,0,0,0,0,0,0,3,0,0,0,0,0,0,0,18,0,0,0,9,0,0,0,0,0,0,0,0,0,0,0,0,0,0,0,0,0,0,0,0,0,0,0,0,0,0,0,0,0,0,0,0,0,0,0,0,0,0,0,6,0,0,0,0,0,4,0,5,0,26,0,27,0,25,0,16,0,56,0,10,0,0,0,0,0,0,0,0,0,1,0,3,0,0,0,0,0,0,0,0,0,5,0,6,0,0,0,2,0,0,4,71,0,18,0,0,0,0,0,0,0,0,0,0,0,0,0,0,0,0,0,0,0,0,0,0,0,0,0,0,0,0,0,7,0,0,0,1,0,0,0,0,0,1,0,0,0,0,0,0,0,15,0,8,0,0,0,4,0,0,0,0,0,0,0,0,0,0,0,1,0,0,0
0,0,0,0,26,4,0,0,0,0,2,0,104,27,31,3,30,0,227,26,65,0,7,0,0,0,43,14,20,0,3,0,12,0,0,0,21,3,34,0,0,0,29,0,17,0,3,0,3,0,36,0,0,0,2,0,0,0,0,0,0,0,13,0,0,0,0,0,0,0,0,0,0,0,0,0,0,0,0,0,23,0,0,0,0,0,0,0,0,0,0,0,0,0,0,0,0,0,0,0,0,0,0,0,0,0,0,0,0,0,0,0,0,0,0,0,0,0,0,0,0,0,0,0,0,0,0,0,0,0,0,0,0,0,0,0,0,0,0,0,0,0,0,0,27,0,0,0,0,0,0,0,0,0,0,0,0,0,0,0,0,0,0,0,32,0,58,0,0,0,0,0,6,0,0,0,3,0,10,0,0,0,0,0,0,0,2,0,0,0,0,0,0,0,0,0,0,0,0,0,0,0,0,0,0,0,0,0,0,0,0,0,0,0,0,0,0,0,6,0,26,0,10,0,45,0,37,2,25,0,0,0,0,0,0,0,0,0,0,0,0,0,0,0,0,0,0,0,0
0,10,0,0,0,73,0,11,0,3,1,24,12,106,0,62,0,16,13,142,3,56,0,6,0,6,1,99,0,46,0,23,0,41,0,0,0,57,0,6,0,0,0,8,0,17,0,4,0,2,0,12,0,0,0,0,0,0,0,0,0,18,0,22,0,0,0,0,0,0,0,0,0,0,0,0,0,0,0,0,0,0,0,0,0,0,0,0,0,0,0,0,0,0,0,0,0,0,0,0,0,0,0,0,0,0,0,0,0,0,0,0,0,0,0,0,0,0,0,0,0,0,0,5,0,0,0,0,0,0,0,0,0,0,0,0,0,0,0,45,0,65,0,79,0,32,0,0,0,0,0,0,0,0,0,0,0,4,0,0,0,0,0,0,0,13,0,12,0,9,0,0,0,5,0,0,0,10,0,0,0,0,0,0,0,0,0,13,0,0,0,0,0,0,0,0,0,0,0,0,0,0,0,0,0,0,0,0,0,0,0,0,0,0,0,1,0,0,0,8,0,16,0,5,0,0,0,3,0,49,0,10,0,0,0,0,0,0,0,0,0,0,0,0,0,5,0,0,0
0,0,13,0,180,11,0,0,0,0,81,7,126,0,121,0,9,0,151,13,68,6,7,0,0,0,41,5,24,0,23,0,92,0,21,0,0,0,89,0,3,0,76,0,44,0,0,0,7,0,61,1,9,0,0,0,0,0,0,0,37,0,61,0,0,0,0,0,0,0,32,0,0,0,33,0,0,0,0,0,28,0,0,0,43,0,16,0,0,0,10,0,0,0,0,0,0,0,77,0,14,0,0,0,0,0,0,0,0,0,0,0,0,0,0,0,0,0,0,0,37,0,20,0,0,0,0,0,0,0,0,0,0,0,0,0,0,0,101,0,52,0,27,0,79,0,0,0,0,0,0,0,3,0,22,0,29,0,20,0,1,0,0,0,14,0,58,0,55,0,16,0,58,0,0,0,14,0,12,0,0,0,0,0,0,0,7,0,0,0,0,0,0,0,0,0,0,0,0,0,0,0,0,0,0,0,0,0,0,0,0,0,0,0,0,0,0,0,0,0,10,0,10,0,34,0,14,0,29,4,0,0,0,0,0,0,11,0,0,0,0,0,0,0,0,0,0,0,0
0,26,6,33,22,297,0,0,0,0,11,417,24,161,70,126,2,12,0,124,28,42,0,0,0,0,0,81,0,81,0,8,0,50,3,57,0,0,0,59,0,3,1,42,0,48,0,3,0,5,0,68,0,5,0,9,0,3,0,0,0,66,0,34,0,0,0,0,0,2,0,0,0,0,0,0,0,0,0,0,0,8,0,0,0,6,0,0,0,0,0,0,0,0,0,4,0,0,0,14,0,0,0,0,0,0,0,0,0,0,0,0,0,0,0,0,0,0,0,0,0,0,0,6,0,0,0,3,0,0,0,0,0,0,0,0,0,0,0,73,0,71,0,67,0,60,0,0,0,0,0,0,0,0,0,5,0,27,0,0,0,0,0,0,0,2,0,18,0,10,0,0,0,4,0,0,0,87,0,10,0,0,0,1,0,0,0,14,0,0,0,0,0,0,0,0,0,0,0,0,0,2,0,0,0,0,0,0,0,0,0,0,0,0,0,1,0,0,0,2,0,9,0,6,0,9,0,115,0,28,0,0,1,6,0,1,0,0,0,0,0,0,0,0,0,2,0,0,0
153,0,296,9,335,2,0,0,0,0,297,5,28,0,76,10,125,13,0,0,43,0,87,14,2,0,9,0,10,0,29,0,0,0,34,0,89,0,0,0,0,0,20,0,14,0,1,0,0,0,31,0,5,0,1,0,0,0,0,0,7,0,12,0,0,0,1,0,0,0,0,0,0,0,0,0,0,0,0,0,0,0,0,0,0,0,3,0,0,0,0,0,0,0,0,0,0,0,0,0,0,0,0,0,0,0,1,0,0,0,0,0,0,0,0,0,0,0,0,0,2,0,9,0,0,0,0,0,0,0,0,0,0,0,0,0,0,0,34,0,14,0,14,0,11,0,0,0,0,0,0,0,0,0,14,0,7,0,10,0,1,0,0,0,0,0,26,0,0,0,0,0,4,0,0,0,106,4,7,0,0,0,72,0,0,0,0,0,0,0,0,0,0,0,0,0,0,0,0,0,0,0,0,0,0,0,0,0,0,0,0,0,0,0,0,0,0,0,1,0,12,0,0,0,0,0,9,2,8,0,1,0,10,0,0,0,0,1,0,0,0,0,0,0,5,0,0,0,0
0,385,21,191,0,106,0,91,0,0,5,189,0,0,13,44,6,156,0,0,0,3,12,7,0,24,0,0,1,13,0,4,0,0,0,6,0,59,0,0,0,0,0,0,0,1,0,0,0,0,0,0,0,4,0,11,0,0,0,0,0,0,0,43,0,1,0,0,0,0,0,0,0,0,0,0,0,0,0,0,0,0,0,0,0,5,0,0,0,1,0,0,0,0,0,0,0,0,0,0,0,0,0,0,0,0,0,0,0,0,0,0,0,0,0,0,0,0,0,0,0,0,0,0,0,0,0,0,0,1,0,2,0,5,0,0,0,22,0,42,0,26,0,26,0,23,0,0,0,3,0,0,0,0,0,4,0,8,0,0,0,0,0,0,0,0,0,4,0,0,0,1,1,9,0,0,1,80,0,12,0,0,0,10,0,1,0,0,0,0,0,0,0,0,0,0,0,0,0,0,0,0,0,0,0,0,0,0,0,0,0,0,0,0,0,0,0,0,0,0,0,0,0,2,0,0,0,11,0,0,0,0,0,2,0,0,0,0,0,0,0,0,2,0,0,0,0,0,0
20,0,44,0,58,5,6,0,9,0,34,0,196,40,15,2,0,0,0,9,0,0,0,1,0,0,70,101,0,0,1,0,4,0,0,0,3,0,0,0,0,152,22,4,39,27,24,205,100,13,2,0,0,0,3,0,0,0,0,0,0,0,0,0,0,0,0,0,0,0,0,0,0,0,0,0,0,0,0,0,0,0,0,0,0,0,1,0,0,0,0,0,0,0,0,0,0,0,0,0,0,0,0,0,0,0,0,0,0,0,0,0,0,0,0,0,0,0,0,0,0,0,0,0,0,0,0,0,0,0,0,0,0,0,0,0,2,0,0,0,0,0,0,0,0,0,0,0,3,0,11,0,0,0,0,0,0,0,0,0,0,0,0,0,0,0,0,0,0,0,0,0,0,0,5,0,17,65,11,0,22,0,16,0,11,0,41,3,0,0,0,0,0,0,0,0,0,0,0,0,0,0,0,0,0,0,0,0,0,0,0,0,0,0,0,0,0,0,245,75,6,0,46,79,43,0,6,0,0,0,0,0,0,0,0,0,0,0,0,0,0,0,2,0,0,0,0,0,0
0,26,0,5,0,51,0,0,0,0,0,152,94,437,3,0,0,0,21,13,0,0,0,0,0,0,231,8,0,0,0,0,0,0,0,0,0,3,0,0,152,0,32,0,90,4,87,93,14,94,11,0,0,0,0,0,0,0,0,0,0,0,0,0,0,0,0,0,0,0,0,0,0,0,0,0,0,0,0,0,0,0,0,0,0,0,0,0,0,0,0,0,0,0,0,0,0,0,0,0,0,0,0,0,0,0,0,0,0,0,0,0,0,0,0,0,0,0,0,0,0,0,0,0,0,0,0,0,0,0,0,0,0,0,0,0,0,0,0,0,0,0,0,0,0,0,0,0,0,0,0,1,0,0,0,0,0,0,0,0,0,0,0,0,0,0,0,0,0,0,0,0,0,0,0,0,0,68,0,0,0,0,0,0,0,1,16,14,0,0,0,0,0,0,0,0,0,0,0,0,0,0,0,0,0,0,0,0,0,0,0,1,0,0,0,0,0,0,153,52,0,0,18,138,0,8,0,0,0,7,0,0,0,0,0,0,0,0,0,0,0,0,0,0,0,0,0,0,0
0,0,0,0,0,0,0,0,0,0,0,0,73,21,0,0,11,0,78,0,38,0,0,0,4,0,183,43,36,0,14,0,28,0,29,0,76,1,20,0,22,32,0,1,116,0,20,35,11,0,30,0,0,0,0,0,0,0,0,0,0,0,22,0,0,0,0,0,0,0,22,0,3,0,16,0,0,0,0,0,0,0,0,0,29,0,0,0,0,0,0,0,0,0,4,0,0,0,49,0,6,0,0,0,0,0,0,0,0,0,0,0,0,0,0,0,0,0,0,0,21,0,0,0,0,0,0,0,0,0,0,0,0,0,1,0,0,0,0,0,0,0,14,0,25,0,0,0,0,0,0,0,0,0,4,0,2,0,0,0,0,0,7,0,17,0,30,0,10,0,6,0,12,0,0,0,0,9,3,0,0,0,0,0,0,0,29,0,0,0,0,0,0,0,0,0,0,0,0,0,0,0,0,0,0,0,0,0,0,0,0,0,1,0,3,0,0,0,94,6,12,0,9,0,45,0,9,0,20,0,4,0,0,1,0,0,0,0,0,0,0,0,1,0,15,0,0,0,0
0,7,0,0,0,0,0,9,0,0,0,0,16,87,0,6,0,6,7,40,0,38,0,0,0,5,17,119,0,2,0,3,0,9,0,8,0,42,0,0,4,0,1,0,0,18,3,7,0,34,0,29,0,0,0,12,0,0,0,0,0,8,0,0,0,0,0,0,0,0,0,0,0,0,0,1,0,0,0,0,0,0,0,0,0,5,0,6,0,0,0,0,0,0,0,0,0,0,0,0,0,0,0,0,0,0,0,0,0,0,0,0,0,0,0,0,0,0,0,0,0,0,0,0,0,0,0,0,0,0,0,0,0,2,0,0,0,7,0,0,0,28,0,35,0,15,0,0,0,0,0,0,0,0,0,2,0,0,0,0,0,0,0,0,0,8,0,6,0,8,0,0,0,5,0,0,1,2,0,0,0,0,0,0,0,0,0,63,0,0,0,0,0,0,0,0,0,0,0,0,0,0,0,0,0,0,0,0,0,0,0,0,0,0,0,0,0,0,2,23,0,11,0,14,0,34,0,4,0,24,0,4,0,10,0,0,0,0,0,1,0,0,0,0,0,3,0,0,0
2,0,5,1,9,0,0,1,2,0,0,1,32,8,17,0,62,0,33,3,28,0,10,0,21,0,153,32,12,0,11,0,8,0,17,0,44,0,14,0,39,90,116,0,0,9,58,83,78,4,51,0,0,0,2,0,1,0,0,0,3,0,22,0,0,0,0,0,0,0,27,0,5,0,17,0,0,0,0,0,27,0,0,0,106,0,0,0,18,0,31,0,0,0,0,0,64,0,62,0,15,0,10,0,4,0,6,0,0,0,0,0,0,0,0,0,0,0,0,0,24,0,19,0,0,0,0,0,0,0,3,0,0,0,8,0,60,0,9,0,32,0,66,0,22,0,0,0,4,0,10,0,3,0,4,0,0,0,6,0,0,0,8,0,54,0,43,0,27,0,9,0,24,0,2,0,2,9,7,0,0,0,0,0,0,0,11,0,0,0,0,0,0,0,0,0,0,0,0,0,52,0,0,0,0,0,9,0,10,0,0,0,0,0,3,0,6,0,212,24,11,0,92,40,89,0,15,0,36,0,9,0,7,0,2,0,0,0,0,0,0,0,2,0,28,0,0,0,0
0,20,0,3,3,0,0,25,0,0,0,10,16,14,0,0,0,12,13,24,0,51,0,8,0,0,22,134,0,3,0,12,0,4,0,17,0,48,0,1,27,4,0,18,9,0,11,54,6,45,0,35,0,4,0,0,0,4,0,0,0,11,0,13,0,0,0,2,0,2,0,0,0,3,0,0,0,0,0,0,1,18,0,5,0,9,0,15,0,0,0,0,0,0,0,8,0,0,0,17,0,0,0,2,0,0,0,0,0,0,0,0,0,0,0,0,0,0,0,0,0,0,0,8,0,0,1,0,0,0,0,2,1,0,0,10,0,0,0,0,0,24,0,64,0,30,0,0,0,0,0,0,0,0,0,6,0,3,0,0,0,0,0,12,0,95,0,19,0,45,0,6,0,8,0,2,0,9,0,0,0,3,0,1,0,3,1,3,0,13,0,0,0,9,0,6,0,3,0,0,0,0,0,3,0,5,0,0,0,0,0,0,0,2,0,0,0,11,19,148,0,28,3,168,0,78,0,14,0,74,0,8,0,16,0,0,0,0,0,0,0,2,0,0,0,3,0,0,0
5,0,20,0,15,0,0,0,0,0,8,0,49,9,15,0,3,0,10,1,0,0,1,0,0,0,40,35,0,0,0,0,0,0,3,0,0,0,1,0,24,87,20,3,58,11,0,99,24,4,4,0,1,0,0,0,1,0,0,0,0,0,0,0,0,0,0,0,0,0,0,0,0,0,0,0,0,0,0,0,0,0,0,0,0,0,0,0,0,0,0,0,0,0,0,0,0,0,0,0,0,0,0,0,0,0,0,0,0,0,0,0,0,0,0,0,0,0,0,0,0,0,0,0,0,0,0,0,1,0,0,0,0,0,0,0,0,0,0,0,0,0,10,0,0,0,0,0,1,0,3,0,0,0,0,0,0,0,0,0,0,0,1,0,10,0,0,0,0,0,0,0,0,0,0,0,4,27,3,0,5,0,5,0,3,0,10,0,0,0,0,0,0,0,0,0,0,0,0,0,0,0,0,0,0,0,0,0,0,0,0,0,0,0,1,0,1,0,199,27,0,0,30,30,31,0,2,0,0,0,0,0,0,0,0,0,0,0,0,0,0,0,0,0,0,0,0,0,0
0,45,1,0,0,55,0,14,0,9,0,102,115,188,2,0,0,0,43,77,0,0,0,0,0,0,281,74,0,0,0,0,0,3,0,4,0,3,0,0,205,93,35,7,83,54,99,0,22,54,23,20,0,0,0,3,0,2,0,0,0,0,0,0,0,0,0,0,0,0,0,0,0,0,0,0,0,0,0,0,0,0,0,0,0,0,0,0,0,0,0,0,0,0,0,0,0,0,0,0,0,0,0,0,0,0,0,0,0,0,0,0,0,0,0,0,0,0,0,0,0,0,0,0,0,0,0,0,0,0,0,0,0,0,0,0,0,0,0,0,0,0,0,0,0,0,0,0,0,0,0,0,0,4,0,0,0,0,0,0,0,0,0,0,0,17,0,0,0,0,0,0,0,0,0,0,0,59,1,0,2,4,0,0,0,3,43,17,0,0,0,0,0,0,0,0,0,0,0,0,0,0,0,0,0,0,0,0,0,0,0,0,0,0,0,0,0,0,148,237,0,5,18,201,0,28,0,8,0,0,0,3,0,0,0,0,0,0,0,0,0,0,0,2,0,0,0,0,0
6,0,11,0,25,0,7,0,6,0,17,0,61,0,3,0,3,0,0,2,0,0,4,0,8,0,37,0,2,0,0,0,3,0,3,0,7,0,0,0,100,14,11,0,78,6,24,22,0,0,9,0,4,0,7,0,10,0,0,0,1,0,0,0,2,0,0,0,0,0,0,0,0,0,0,0,4,0,2,0,0,0,0,0,7,0,3,0,3,0,0,0,0,0,0,0,0,0,0,0,0,0,8,0,0,0,1,0,0,0,0,0,0,0,0,0,0,0,0,0,0,0,0,0,0,0,1,0,0,0,0,0,0,0,4,0,0,0,0,0,0,0,17,0,0,0,0,0,0,0,7,0,8,1,0,0,4,0,0,0,0,0,0,0,9,0,4,0,8,0,6,0,4,0,0,0,7,3,2,0,6,0,12,0,5,0,34,0,7,0,4,0,0,0,0,0,3,0,6,0,5,0,5,0,0,0,2,0,0,0,0,0,2,0,7,0,16,0,111,17,18,0,157,65,31,0,15,0,56,0,4,0,2,0,5,0,1,0,2,0,0,0,0,0,18,0,0,0,0
0,6,0,0,0,0,0,3,0,1,0,14,5,16,0,0,0,2,1,7,0,3,0,0,0,0,6,40,0,0,0,0,0,0,0,2,0,5,0,0,13,94,0,34,4,45,4,54,0,0,0,2,0,0,0,1,0,0,0,0,0,0,0,1,0,0,0,0,0,6,0,0,0,1,0,0,0,0,0,0,0,7,0,2,0,0,0,3,0,3,0,0,0,0,0,5,0,1,0,0,0,1,0,3,0,2,0,2,0,0,0,0,0,0,0,0,0,0,0,0,0,0,0,1,0,0,0,0,0,0,0,0,0,0,0,5,0,2,0,0,0,0,0,4,0,1,0,0,0,0,0,1,0,0,0,2,0,1,0,1,0,1,0,2,0,6,0,1,0,0,0,2,0,1,0,1,0,21,0,0,0,0,0,0,0,2,1,36,0,4,0,0,0,0,0,0,0,0,0,0,0,4,0,0,0,1,0,0,0,0,0,0,0,1,0,0,0,3,16,18,0,8,17,58,0,3,0,9,0,9,0,3,0,3,0,0,0,1,0,0,0,0,0,0,0,5,0,0,0
0,0,0,0,26,0,0,0,0,0,1,0,177,44,6,0,6,0,272,11,104,0,0,0,3,0,180,40,7,0,21,0,20,0,36,0,61,0,31,0,2,11,30,0,51,0,4,23,9,0,0,0,0,0,2,0,1,0,0,0,2,0,8,0,0,0,0,0,0,0,50,0,0,0,11,0,0,0,0,0,23,0,0,0,29,0,8,0,3,0,8,0,0,0,0,0,22,0,74,0,0,0,0,0,0,0,0,0,0,0,0,0,0,0,0,0,0,0,0,0,31,0,13,0,0,0,1,0,0,0,0,0,0,0,0,0,0,0,0,0,0,0,13,0,22,0,0,0,0,0,0,0,0,0,4,0,0,0,2,0,0,0,14,0,54,0,34,0,24,0,24,0,64,0,0,0,0,0,11,0,0,0,0,0,0,0,37,0,0,0,0,0,0,0,0,0,0,0,0,0,0,0,0,0,0,0,0,0,0,0,0,0,0,0,11,0,0,0,20,0,40,0,24,0,89,0,16,1,54,0,11,0,14,1,11,0,12,4,9,0,0,0,0,0,28,0,0,0,0
0,0,0,1,0,19,0,25,0,22,0,9,13,156,2,3,0,0,8,85,1,27,1,0,0,0,2,220,0,3,0,7,0,5,0,12,1,68,0,0,0,0,0,29,0,35,0,20,0,2,0,0,0,0,0,11,0,2,0,6,0,4,0,2,0,0,0,0,0,0,0,1,0,0,0,0,0,0,0,0,0,10,0,0,0,5,0,7,0,0,0,0,0,0,0,0,0,2,0,7,0,0,0,0,0,0,0,0,0,0,0,0,0,0,0,0,0,0,0,0,0,7,0,14,0,0,0,0,0,0,0,0,0,0,0,0,0,15,0,12,0,26,0,47,0,23,0,0,0,0,0,0,0,0,0,5,0,3,0,0,0,3,0,2,0,3,0,6,0,20,0,3,0,5,0,0,0,5,0,0,0,0,0,0,0,0,1,18,0,0,0,0,0,0,0,0,0,0,0,0,0,0,0,0,0,0,0,0,0,1,0,1,0,0,0,0,0,0,0,5,0,15,0,0,0,21,0,29,0,30,0,10,0,20,0,4,0,3,0,0,0,0,0,0,0,10,0,0,0
10,0,8,0,6,0,61,1,246,33,2,0,0,0,0,0,123,0,0,0,10,0,8,0,133,0,0,0,17,0,4,0,2,0,0,0,9,0,5,0,0,0,0,0,0,0,1,0,4,0,0,0,0,3,117,24,18,10,2,2,63,0,94,1,0,0,8,12,0,0,0,0,0,0,6,0,0,0,0,0,0,0,0,0,34,0,0,0,0,0,1,0,0,0,0,0,0,0,0,0,2,0,0,0,0,0,0,0,0,0,0,0,0,0,0,0,0,0,0,0,4,0,27,0,7,0,1,0,27,0,9,0,18,0,0,0,89,0,148,0,118,0,69,0,20,0,2,0,0,0,1,0,0,0,247,3,91,1,136,0,12,0,19,0,0,0,0,0,14,0,77,0,4,0,0,0,15,3,0,0,0,0,6,0,41,6,0,0,0,0,0,0,0,0,0,0,0,0,0,0,14,0,0,0,0,0,0,0,0,0,0,0,0,0,103,1,0,0,9,0,79,3,57,0,40,0,86,1,171,0,0,0,51,5,8,2,4,0,20,0,3,0,4,0,46,0,0,0,0
3,0,4,0,0,0,0,11,6,142,0,0,0,0,0,5,0,31,0,19,0,8,0,12,10,12,0,7,0,10,0,0,0,7,0,0,0,5,0,4,0,0,0,0,0,4,0,0,0,0,0,0,3,0,22,63,0,32,1,16,0,10,0,25,0,1,1,3,0,0,0,0,0,0,0,0,0,0,0,0,0,0,0,0,0,0,0,0,0,0,0,0,0,0,0,0,0,0,0,2,0,0,0,0,0,0,0,0,0,0,0,0,0,0,0,0,0,0,0,0,0,0,0,0,0,1,0,0,0,13,0,4,0,10,0,5,0,24,0,71,0,21,0,14,0,10,0,1,0,2,0,0,0,0,1,51,0,19,0,20,0,17,0,0,0,0,0,0,0,5,0,21,0,2,0,1,0,33,0,0,0,0,0,5,0,16,0,0,0,0,0,0,0,0,0,0,0,0,0,0,0,2,0,0,0,0,0,0,0,0,0,2,0,0,2,23,0,0,0,3,0,32,0,5,0,5,0,0,0,63,0,0,1,5,0,0,0,0,0,0,0,0,0,0,3,0,0,0,0
17,7,56,0,18,0,69,5,152,167,5,0,11,0,0,0,21,0,12,0,6,0,30,0,138,3,7,0,7,0,0,0,0,0,2,0,0,0,1,0,3,0,0,0,2,0,0,0,7,0,2,0,117,22,0,165,42,63,6,7,7,0,44,14,28,2,62,53,0,0,0,0,0,0,0,0,0,0,0,0,0,0,0,0,3,0,0,0,0,0,0,0,0,0,0,0,0,0,0,0,0,0,0,0,0,0,0,0,0,0,0,0,0,0,0,0,0,0,0,0,0,0,0,0,16,0,17,0,4,0,63,0,15,0,0,0,22,0,2,0,0,0,17,1,0,1,0,0,41,1,4,0,2,0,36,15,22,2,8,0,42,0,8,0,0,0,0,0,6,0,43,0,0,0,1,0,8,13,0,0,0,0,1,0,13,32,0,0,0,0,0,0,0,0,0,0,0,0,0,0,3,0,0,0,0,0,0,0,2,0,0,0,0,0,292,6,0,0,21,0,160,9,69,1,74,0,87,5,136,2,8,0,215,10,62,0,3,0,80,0,11,0,6,0,231,13,0,0,0
14,26,8,24,0,19,78,148,192,392,3,15,0,18,0,53,0,53,1,68,0,21,0,37,123,55,0,41,0,19,0,5,0,12,0,0,0,9,0,11,0,0,0,12,0,0,0,3,0,1,0,11,24,63,165,0,8,60,3,51,0,36,10,157,0,1,13,3,0,0,0,0,0,0,0,0,0,0,0,0,0,0,0,0,0,4,0,0,0,0,0,0,0,0,0,0,0,6,0,0,0,0,0,0,0,0,0,0,0,0,0,0,0,0,0,0,0,0,0,0,0,0,0,0,0,9,0,11,0,47,0,41,0,23,0,49,0,53,0,12,0,1,0,2,0,0,0,4,0,6,0,0,0,0,0,30,0,16,0,0,0,24,0,0,0,0,0,0,0,9,0,28,0,7,0,0,2,38,0,0,0,0,0,0,1,10,0,0,0,0,0,0,0,0,0,0,0,0,0,0,0,0,0,0,0,0,0,0,0,6,0,18,0,18,7,157,0,0,1,4,2,176,2,44,1,19,3,52,0,201,0,0,0,201,0,32,0,4,7,7,0,0,0,2,7,97,0,0,0
3,0,5,0,11,0,7,0,10,6,4,0,2,0,0,0,3,0,3,0,3,0,2,0,28,0,0,0,0,0,0,0,0,0,0,0,0,0,0,0,0,0,0,0,1,0,1,0,10,0,1,0,18,0,42,8,0,9,34,13,0,1,0,0,21,37,42,68,0,0,0,0,0,0,0,1,0,0,0,0,0,0,0,0,0,0,0,0,0,0,0,0,0,0,0,1,0,0,0,0,0,0,0,0,0,0,0,0,0,0,0,0,0,0,0,0,0,0,0,0,0,0,0,0,0,0,6,0,3,0,24,0,16,0,0,0,11,0,6,14,1,0,10,2,14,10,0,0,16,0,6,0,0,0,118,64,20,0,58,30,40,10,38,0,0,0,0,0,14,0,12,0,0,0,17,20,4,1,0,0,17,11,1,0,3,13,1,0,0,0,0,0,0,0,0,0,0,0,0,0,0,0,0,0,0,0,1,0,1,0,0,0,15,0,304,0,0,0,20,0,186,3,94,0,64,1,51,7,209,0,14,0,365,6,284,0,12,0,78,0,8,0,7,0,308,0,0,0,0
0,1,0,0,0,0,13,14,49,76,0,3,0,3,0,4,0,5,0,9,0,0,0,2,6,14,0,12,0,0,0,0,0,1,0,0,0,3,0,0,0,0,0,0,0,4,0,2,0,0,0,2,10,32,63,60,9,0,18,81,0,6,1,19,0,1,20,18,0,0,0,0,0,0,0,0,0,0,0,0,0,0,0,0,0,0,0,1,0,0,0,0,0,0,0,0,0,4,0,2,0,0,0,0,0,0,0,0,0,0,0,0,0,0,0,0,0,0,0,0,0,0,0,0,0,2,0,3,0,42,0,16,0,25,0,27,0,27,0,12,0,0,0,0,0,0,0,1,0,0,0,0,0,0,2,128,0,11,0,61,0,28,0,7,0,0,0,0,0,18,0,22,0,1,0,0,2,4,0,0,0,0,0,0,0,27,0,0,0,0,0,0,0,0,0,0,0,0,0,0,0,0,0,0,0,0,0,0,0,0,0,2,0,21,0,136,0,0,0,0,4,152,0,54,0,8,3,20,0,268,0,4,6,75,1,67,0,0,4,1,0,0,1,0,12,28,0,0,0
2,0,0,0,8,0,0,0,11,0,0,0,0,0,0,0,0,0,0,0,0,0,1,0,0,0,0,0,0,0,0,0,0,0,0,0,0,0,0,0,0,0,0,0,0,0,0,0,0,0,0,0,2,1,6,3,34,18,0,30,2,0,0,0,157,25,217,153,0,0,0,0,0,0,0,0,0,0,0,0,0,0,0,0,0,0,0,0,0,0,0,0,0,0,0,0,0,0,0,1,0,0,0,0,0,0,0,0,0,0,0,0,0,0,0,0,0,0,0,0,0,0,0,0,0,0,0,0,0,0,19,2,0,0,0,0,0,0,0,2,0,0,0,0,5,0,2,0,26,0,0,0,0,0,51,32,11,0,6,17,7,9,0,0,0,0,0,0,0,0,0,0,0,0,14,6,13,0,0,0,13,5,1,0,27,50,0,0,0,0,0,0,0,0,0,0,0,0,0,0,0,0,0,0,0,0,0,0,0,0,0,0,0,0,152,2,0,0,0,1,59,0,30,0,14,0,75,5,30,0,13,0,229,3,193,4,11,0,103,0,13,0,13,0,273,0,0,0,0
0,5,0,4,0,5,2,16,26,61,0,4,0,4,0,0,0,0,0,5,0,0,0,0,0,0,0,4,0,0,0,0,0,0,0,0,0,0,0,0,0,0,0,0,0,0,0,0,0,0,0,6,2,16,7,51,13,81,30,0,0,5,0,4,2,20,45,35,0,0,0,0,0,0,0,0,0,0,0,0,0,0,0,0,0,0,0,2,0,0,0,0,0,0,0,0,0,0,0,0,0,0,0,0,0,0,0,0,0,0,0,0,0,0,0,0,0,0,0,0,0,0,0,0,0,4,0,0,0,1,1,3,0,4,0,0,0,0,0,2,0,0,0,0,0,10,0,1,0,0,0,0,0,0,5,86,0,43,1,12,4,11,0,0,0,0,0,0,0,19,0,33,0,3,0,3,0,5,0,1,0,0,0,0,4,26,0,0,0,0,0,0,0,0,0,0,0,0,0,0,0,0,0,0,0,0,0,0,0,1,0,0,0,21,0,305,0,0,0,6,0,247,0,60,0,17,0,31,0,337,0,2,0,268,0,366,0,0,0,0,0,0,0,0,0,63,0,0,0
297,7,183,0,28,0,60,0,86,2,8,0,0,0,2,0,84,0,0,0,0,0,25,0,54,5,0,0,0,0,2,0,5,0,0,0,37,0,7,0,0,0,0,0,3,0,0,0,1,0,2,0,63,0,7,0,0,0,2,0,0,0,75,1,0,0,0,0,0,0,10,0,0,0,15,0,0,0,0,0,0,0,0,0,0,0,1,0,0,0,0,0,0,0,0,0,4,0,0,0,1,0,0,0,0,0,0,0,0,0,0,0,0,0,0,0,0,0,0,0,0,0,0,0,0,0,0,0,0,0,0,0,0,0,0,0,0,0,139,0,39,0,9,0,158,0,0,0,0,0,0,0,0,0,54,0,56,0,39,0,0,0,2,0,0,0,0,0,4,0,32,0,30,0,0,0,52,3,0,0,0,0,88,0,0,0,0,0,0,0,0,0,0,0,0,0,0,0,0,0,1,0,0,0,0,0,0,0,0,0,3,0,0,0,42,0,0,0,8,0,52,0,35,0,18,0,11,0,63,0,0,0,55,2,6,0,2,0,4,0,0,0,0,0,14,0,0,0,0
37,536,42,63,0,10,4,164,0,156,9,55,0,0,0,23,13,80,0,0,1,10,25,5,33,22,0,0,0,6,0,5,0,2,0,18,0,66,0,0,0,0,0,8,0,11,0,0,0,0,0,4,0,10,0,36,1,6,0,5,0,0,0,71,0,0,0,0,0,0,0,0,0,0,0,0,0,0,0,0,0,0,0,0,0,0,0,0,0,0,0,0,0,0,0,0,0,0,0,0,0,0,0,0,0,0,0,0,0,0,0,0,0,0,0,0,0,0,0,0,0,0,0,0,0,0,0,0,0,3,0,2,0,4,0,5,0,13,0,122,0,129,0,40,0,204,0,0,0,0,0,0,0,0,0,0,0,47,0,0,0,0,0,5,0,0,0,0,0,10,0,43,0,44,0,0,0,163,0,7,0,0,0,56,0,7,0,0,0,0,0,0,0,0,0,0,0,0,0,0,0,0,0,0,0,0,0,1,0,0,0,0,0,4,0,12,0,0,0,2,0,26,0,18,0,3,0,26,0,142,0,1,0,22,0,2,0,0,0,1,1,0,0,0,0,5,0,0,0
286,8,291,4,21,0,140,6,235,7,5,0,0,0,7,0,574,0,15,1,55,0,49,0,219,11,20,0,48,0,11,0,14,0,13,0,61,0,12,0,0,0,22,0,22,0,0,0,0,0,8,0,94,0,44,10,0,1,0,0,75,0,0,0,0,0,0,0,0,0,6,0,0,0,6,0,0,0,0,0,0,0,0,0,56,0,0,0,0,0,0,0,0,0,0,0,0,0,27,0,0,0,0,0,0,0,0,0,0,0,0,0,0,0,0,0,0,0,0,0,0,0,19,0,0,0,0,0,0,1,0,0,0,0,1,0,39,0,134,0,84,0,46,0,29,0,0,0,0,0,0,0,0,0,117,0,26,0,66,0,0,0,0,0,0,0,0,0,7,0,25,0,17,0,0,0,42,0,0,0,1,0,122,0,0,0,0,0,0,0,1,0,0,0,0,0,0,0,0,0,0,0,0,0,0,0,1,0,1,0,0,0,4,0,53,0,0,0,6,0,39,0,35,1,21,0,51,2,62,0,4,0,71,0,11,0,0,0,9,0,3,0,0,0,49,0,0,0,0
5,216,8,22,0,10,11,259,8,277,0,7,0,0,0,0,6,266,0,65,0,88,4,33,36,84,0,38,0,29,0,43,0,22,0,22,0,34,0,43,0,0,0,0,0,13,0,0,0,1,0,2,1,25,14,157,0,19,0,4,1,71,0,0,0,0,0,3,0,0,0,0,0,0,0,0,1,0,0,0,0,0,0,0,0,1,0,0,0,0,0,0,0,0,0,0,0,0,0,0,0,0,0,0,0,0,0,0,0,0,0,0,0,0,0,0,0,0,0,0,0,0,0,0,0,0,0,0,0,9,0,0,0,0,0,0,0,7,0,120,0,31,0,14,0,84,0,0,0,0,0,0,0,0,0,37,0,79,0,30,0,5,0,6,0,0,0,1,0,0,0,11,0,2,0,0,0,66,0,0,0,0,0,33,0,9,0,0,0,0,0,0,0,0,0,0,0,0,0,0,0,0,0,0,0,0,0,0,0,0,0,0,0,0,0,9,0,0,0,4,0,27,0,0,0,0,0,4,0,53,0,0,0,11,0,2,0,0,0,0,0,0,0,0,0,2,0,0,0
5,0,5,0,9,0,14,0,52,0,5,0,3,0,11,0,0,0,6,0,0,0,0,0,0,0,3,0,0,0,0,0,0,0,0,0,0,0,0,0,0,0,0,0,0,0,0,0,2,0,0,0,0,0,28,0,21,0,157,2,0,0,0,0,0,10,183,12,0,0,0,1,0,0,0,0,0,0,0,0,0,0,0,0,0,0,0,0,0,0,0,0,0,0,0,0,0,0,0,3,0,0,0,0,0,0,0,0,0,0,0,0,0,0,0,0,0,0,0,0,0,0,0,0,0,1,7,0,0,0,8,0,0,0,4,0,0,0,10,12,0,3,1,0,5,16,16,0,44,1,3,0,0,0,3,23,0,0,0,4,98,15,3,0,0,0,0,0,0,0,0,0,1,0,42,27,1,0,1,0,20,5,0,0,14,0,1,0,0,0,0,0,0,0,0,0,0,0,0,0,0,0,0,0,0,0,0,0,2,0,0,0,1,0,7,0,0,0,0,0,0,0,0,0,0,0,1,0,0,0,0,0,0,0,23,12,0,0,16,0,1,0,0,0,21,4,0,0,0
0,33,0,2,0,0,0,6,3,55,0,7,0,0,0,3,0,0,0,0,0,1,0,0,0,0,0,0,0,0,0,0,0,0,0,0,0,0,0,1,0,0,0,0,0,0,0,0,0,0,0,0,0,1,2,1,37,1,25,20,0,0,0,0,10,0,11,226,0,0,9,9,0,6,3,7,0,0,0,0,0,2,0,0,0,2,0,0,0,0,0,0,0,0,0,0,0,0,0,0,0,0,0,0,0,0,0,0,0,0,0,0,0,0,0,0,0,0,0,0,0,0,0,10,0,31,0,8,0,3,20,19,0,3,0,12,0,5,0,23,0,0,0,2,3,72,0,34,3,137,0,21,1,23,7,8,0,4,13,21,27,222,0,6,0,0,0,0,2,0,0,0,0,0,8,93,0,8,0,0,0,37,0,0,0,89,0,0,0,0,0,0,0,0,0,0,0,0,0,1,0,0,0,0,0,0,0,2,0,23,0,1,0,0,0,38,0,1,0,1,0,0,2,0,0,5,0,59,0,88,0,0,4,19,10,216,0,1,11,4,0,0,0,0,0,47,0,0,0
3,0,0,0,8,0,7,0,79,4,4,0,1,0,4,0,0,0,0,0,0,0,0,0,0,0,2,0,0,0,0,0,0,0,0,0,0,0,1,0,0,0,0,0,0,0,0,0,0,0,0,0,8,1,62,13,42,20,217,45,0,0,0,0,183,11,0,94,0,0,0,0,0,0,0,0,0,0,0,0,0,0,0,1,0,0,0,0,0,0,0,0,0,0,0,0,0,0,0,0,0,1,0,0,0,0,0,0,0,0,0,0,0,0,0,0,0,0,0,0,0,0,0,0,1,0,0,0,0,0,14,0,3,0,0,0,0,0,0,0,0,0,0,0,3,4,0,0,19,0,0,0,1,0,27,53,13,3,7,9,9,7,0,0,0,0,0,0,0,0,0,0,0,0,7,13,40,1,0,0,22,6,3,0,77,34,1,0,0,0,0,0,0,0,0,0,0,0,0,0,0,0,0,0,0,0,0,0,0,0,0,0,0,0,29,0,0,0,0,0,17,2,0,0,2,0,21,3,14,0,0,0,72,0,115,7,2,0,31,0,2,0,3,0,157,0,0,0,0
0,24,0,0,0,12,7,8,68,98,0,0,0,6,0,0,0,0,0,0,0,0,0,0,0,0,0,3,0,1,0,0,0,0,0,0,0,0,0,0,0,0,0,0,0,2,0,0,0,0,0,0,12,3,53,3,68,18,153,35,0,0,0,3,12,226,94,0,0,0,0,0,0,0,0,0,0,0,0,0,0,0,0,0,0,0,0,0,0,0,0,0,0,0,0,0,0,0,0,0,0,0,0,0,0,0,0,0,0,0,0,0,0,0,0,0,0,0,0,0,0,0,0,0,0,6,0,3,0,0,0,11,0,3,0,0,0,0,0,0,0,0,0,2,7,21,0,9,0,17,0,5,0,0,36,85,0,69,7,41,0,33,0,0,0,0,0,0,0,9,0,0,0,0,0,37,0,56,0,0,0,36,0,1,5,319,0,0,0,0,0,0,0,0,0,0,0,0,0,0,0,1,0,0,0,0,0,3,0,0,0,0,0,0,0,273,0,0,0,10,0,175,0,23,0,9,1,147,0,248,0,13,2,476,3,826,0,11,3,8,0,0,0,5,0,188,0,0,0
0,0,0,0,2,0,0,0,0,0,0,0,0,0,0,0,0,0,0,0,0,0,0,0,0,0,0,0,0,0,0,0,0,0,0,0,0,0,0,0,0,0,0,0,0,0,0,0,0,0,0,0,0,0,0,0,0,0,0,0,0,0,0,0,0,0,0,0,0,0,0,0,3,0,0,0,122,0,18,0,3,0,18,0,0,0,7,0,13,0,0,0,69,0,11,0,0,0,4,0,1,0,294,0,0,0,10,0,16,0,2,0,13,0,0,0,2,0,0,0,0,0,0,0,0,0,0,0,0,0,0,0,0,0,0,0,0,0,0,0,0,0,0,0,0,0,0,0,0,0,0,0,1,0,0,0,0,0,0,0,0,0,0,0,28,0,0,0,48,0,0,0,0,0,0,0,0,0,0,0,0,0,0,0,0,0,0,0,0,0,6,0,0,0,0,0,0,0,0,0,0,0,6,0,0,0,0,0,0,0,1,0,168,0,91,0,94,0,5,0,0,0,74,0,15,0,0,0,48,0,0,0,0,0,0,0,0,0,13,0,23,0,0,0,2,0,0,0,0
0,0,0,0,0,0,0,0,0,0,0,2,0,0,0,0,0,0,0,0,0,0,0,0,0,0,0,0,0,0,0,0,1,0,0,0,0,2,0,0,0,0,0,0,0,2,0,0,0,6,0,0,0,0,0,0,0,0,0,0,0,0,0,0,0,0,0,0,0,0,0,0,0,0,0,0,0,105,0,3,0,19,0,11,0,0,0,30,0,24,0,0,0,8,0,41,0,0,0,21,0,15,0,69,0,0,0,6,0,4,0,0,0,8,0,2,0,0,0,2,0,0,0,0,0,0,0,0,0,0,0,0,0,0,0,0,0,0,0,0,0,0,0,0,0,0,0,0,0,0,0,0,0,1,0,2,0,0,0,0,0,0,0,0,0,18,0,0,0,73,0,2,0,0,0,0,0,0,0,0,0,0,0,0,0,0,0,0,0,17,0,0,0,0,0,32,0,0,0,0,0,0,0,0,0,0,0,0,0,0,0,7,0,244,0,42,0,111,0,4,0,11,1,143,0,17,0,8,0,176,0,0,0,0,0,0,0,0,0,19,0,5,0,0,0,4,0,0,0
0,0,25,0,26,0,0,0,0,0,0,0,0,0,4,0,0,0,0,0,39,0,6,0,0,0,17,0,20,0,16,0,5,0,0,0,32,0,0,0,0,0,22,0,27,0,0,0,0,0,50,0,0,0,0,0,0,0,0,0,10,0,6,0,0,9,0,0,0,0,0,0,378,0,184,2,31,0,239,0,15,0,0,0,13,0,57,0,0,0,0,0,0,0,0,0,0,0,4,1,0,0,0,0,0,0,0,0,0,0,0,0,0,0,0,0,0,0,0,0,44,0,36,2,18,0,0,0,28,1,15,3,29,0,0,0,29,0,31,0,75,15,91,0,157,0,0,1,17,2,39,0,39,0,1,2,19,0,0,0,0,0,44,0,2,0,11,0,49,0,30,0,24,0,71,12,0,0,0,0,37,17,1,0,0,0,0,0,0,0,0,0,0,0,0,0,0,0,0,0,0,0,0,0,1,0,0,0,17,0,0,2,5,3,0,4,0,0,0,0,10,0,37,0,10,5,22,0,45,24,0,0,0,0,9,0,1,0,18,3,22,0,0,0,0,7,0,0,0
0,0,0,0,0,0,0,0,0,0,0,2,0,0,0,0,0,0,0,0,0,2,0,0,0,0,0,0,0,0,0,0,0,0,0,0,0,0,0,0,0,0,0,0,0,0,0,0,0,0,0,1,0,0,0,0,0,0,0,0,0,0,0,0,1,9,0,0,0,0,0,0,0,234,0,97,0,4,0,67,1,2,0,1,0,3,0,49,0,0,1,0,0,0,1,0,0,0,0,0,0,0,0,0,0,0,0,0,0,0,0,0,0,0,0,0,0,0,0,0,0,8,0,18,0,8,0,5,0,0,0,1,8,0,0,0,0,10,0,0,0,31,0,14,0,81,0,21,4,4,0,21,2,11,0,1,0,6,5,0,4,0,0,31,0,0,0,0,0,4,0,1,0,0,3,35,0,0,0,0,0,22,0,0,0,0,0,0,0,0,0,4,0,0,0,0,0,4,0,0,0,0,0,0,0,0,0,11,0,8,0,0,0,0,0,0,0,0,0,0,0,2,0,3,0,4,0,25,0,16,0,0,0,1,0,4,0,0,0,0,0,0,0,0,0,0,0,0,0
