0,378,47,295,31,32,7,194,66,59,55,0,58,0,0,41,14,139,2,0,0,0,7,83,1,402,0,0,48,0,2,0,26,0,0,0,13,0,271,0,6,0,0,0,0,0,10,0,0,0,1,0,9,0,18,0,0,0,16,0,36,0,34,38,5,0,12,0,0,0,0,0,0,0,0,0,0,0,0,0,0,0,0,0,0,0,0,0,0,0,0,0,0,0,0,0,0,0,0,2,0,0,0,0,0,0,0,0,0,0,0,0,0,0,0,0,0,0,0,0,0,0,0,0,15,0,17,0,0,0,17,0,0,0,1,0,0,0,0,0,0,0,2,0,0,0,0,0,15,0,0,0,0,0,0,0,0,0,0,0,4,1,2,0,0,0,0,0,14,0,0,0,124,0,0,0,682,34,0,1,0,0,23,34,8,0,0,0,0,0,0,0,0,0,0,0,0,0,0,0,0,0,0,0,0,0,1,0,6,0,155,212,120,67,113,0,4,0,0,0,20,0,0,0,0
378,0,252,16,137,72,75,42,36,35,26,74,0,38,20,7,118,25,0,29,22,0,361,19,183,7,0,103,0,33,0,0,0,71,0,0,0,115,6,178,0,23,0,0,0,32,0,64,1,8,0,0,0,8,0,5,0,5,0,5,0,85,16,72,0,32,0,2,0,0,0,0,0,0,0,0,0,0,0,0,1,0,0,0,0,0,0,0,0,0,0,0,0,0,0,0,0,0,0,0,0,0,0,0,0,0,0,0,0,0,0,0,0,0,0,0,0,0,0,0,0,2,0,0,0,0,0,0,0,0,0,0,0,0,0,5,0,0,0,0,0,0,0,0,0,0,0,5,0,8,0,5,0,0,0,0,0,0,0,0,0,3,0,0,0,4,0,20,2,37,0,29,0,231,0,0,134,208,0,4,0,0,5,15,0,102,0,0,0,0,0,0,0,0,0,0,0,0,0,0,0,2,0,0,0,0,0,2,0,7,2,0,0,0,130,0,0,0,220,255,146,88,0,0,0
47,252,0,166,204,35,75,72,4,24,38,30,86,0,58,0,50,56,68,0,30,0,137,65,21,147,0,0,84,0,13,0,51,0,0,0,0,0,315,0,47,0,0,0,0,0,61,0,0,0,0,0,0,6,17,4,2,0,6,0,18,0,27,19,2,0,0,0,0,0,0,0,0,0,0,0,0,0,0,0,0,0,0,0,0,0,0,0,0,0,0,0,0,0,0,0,0,0,0,0,0,0,0,0,0,0,0,0,0,0,0,0,0,0,0,0,0,0,0,0,0,0,0,0,12,0,14,0,0,0,5,0,8,0,18,0,6,0,0,0,5,0,44,0,0,0,8,0,13,0,0,0,0,0,0,0,0,0,0,0,5,0,0,0,0,1,13,0,27,0,11,0,162,0,0,0,132,10,0,6,0,0,0,34,0,0,0,0,0,0,0,0,0,0,0,0,0,0,0,0,0,0,0,0,0,0,0,0,31,0,191,140,156,89,186,0,3,0,0,0,0,0,0,0,0
295,16,166,0,121,108,0,19,0,7,41,18,0,8,35,206,79,61,0,185,14,25,226,136,0,51,0,55,0,167,0,0,0,258,0,0,0,257,0,436,0,2,0,0,0,9,0,7,0,2,0,0,0,3,0,29,0,0,0,0,0,62,0,68,0,6,0,0,0,0,0,0,0,0,0,0,0,0,0,0,0,0,0,0,0,0,0,0,0,0,0,0,0,0,0,0,0,0,0,0,0,0,0,0,0,0,0,0,0,0,0,0,0,0,0,0,0,0,0,0,0,0,0,0,0,16,1,6,0,0,0,3,0,3,0,46,0,21,0,0,0,0,0,4,0,0,0,5,0,12,0,8,0,0,0,0,0,0,0,0,0,0,0,0,0,7,0,45,0,33,0,0,0,247,0,0,75,35,0,0,0,0,0,0,0,0,0,0,0,0,0,0,0,0,0,0,0,0,0,6,0,0,0,0,0,0,0,0,0,15,0,0,3,0,217,0,0,0,295,160,180,73,0,0,0
31,137,204,121,0,405,16,3,14,0,70,228,228,35,103,243,26,0,114,155,57,57,105,105,38,0,91,0,30,0,71,0,194,0,146,0,159,0,143,0,142,0,0,0,57,0,282,0,0,0,30,0,0,0,0,0,0,2,0,0,1,0,0,0,5,0,0,0,0,0,0,0,0,0,0,0,0,0,0,0,0,0,0,0,0,0,0,0,0,0,0,0,0,0,0,0,0,0,0,0,0,0,0,0,0,0,0,0,0,0,0,0,0,0,0,0,0,0,0,0,0,0,0,0,17,0,4,0,0,0,6,0,0,0,39,0,14,0,0,0,0,0,0,0,0,0,25,0,57,0,0,0,0,0,0,0,0,0,0,0,0,1,0,0,21,0,140,0,75,0,6,0,239,0,0,0,405,29,23,17,0,0,14,22,25,0,0,0,0,0,0,0,0,0,0,0,0,0,0,0,0,0,0,0,0,0,0,0,36,0,513,371,445,110,275,0,0,0,0,0,0,0,0,0,0
32,72,35,108,405,0,0,17,0,4,238,143,57,136,480,169,0,3,91,160,119,83,100,70,0,9,0,320,0,25,0,52,9,399,0,174,0,267,0,55,0,18,0,0,0,0,0,93,0,0,0,68,0,0,0,11,0,0,0,0,0,0,0,0,0,0,0,0,0,2,0,0,0,0,0,0,0,0,0,0,0,0,0,0,0,0,0,0,0,0,0,0,0,0,0,0,0,0,0,0,0,0,0,0,0,0,0,0,0,0,0,0,0,0,0,0,0,0,0,0,0,0,0,0,0,0,0,0,0,0,0,0,0,0,0,0,0,0,0,0,0,0,0,0,0,0,0,0,0,8,0,0,0,0,0,0,0,0,0,0,0,0,0,0,0,52,0,238,0,95,0,18,0,91,0,0,148,254,14,22,0,0,0,3,0,0,0,12,0,0,0,0,0,0,0,0,0,0,0,0,0,0,0,0,0,0,0,3,0,0,0,0,0,0,289,0,0,0,630,458,629,136,0,0,0
7,75,75,0,16,0,0,120,16,252,4,0,6,0,5,0,35,0,0,0,11,0,20,0,120,162,0,0,0,0,0,0,0,0,0,0,0,0,0,0,6,0,0,0,0,0,2,0,0,0,23,0,108,59,237,138,8,0,13,0,118,0,198,48,14,0,31,0,0,0,0,0,0,0,0,0,0,0,2,0,0,0,0,0,0,0,0,0,0,0,0,0,0,0,0,0,0,0,0,0,0,0,0,0,0,0,0,0,0,0,0,0,0,0,0,0,0,0,0,0,0,0,0,0,7,0,0,0,0,0,19,0,0,0,2,0,0,0,0,0,2,0,0,0,0,0,5,0,10,0,0,0,0,0,0,0,2,0,0,0,10,0,12,0,5,0,0,0,28,0,248,0,105,0,0,0,95,25,0,0,0,0,2,30,0,0,0,0,0,0,0,0,0,0,0,0,0,0,0,0,0,0,0,0,0,0,0,0,0,0,394,175,371,273,394,0,30,4,3,5,0,0,0,0,0
194,42,72,19,3,17,120,0,171,39,0,7,0,2,0,6,62,32,0,10,0,0,46,16,195,20,0,12,0,32,0,0,0,14,0,0,0,46,0,235,0,3,0,0,0,0,0,8,0,5,0,0,4,62,25,198,0,10,0,4,0,211,46,345,0,5,0,0,0,0,0,0,0,0,0,0,0,0,0,0,0,0,0,0,0,0,0,0,0,0,0,0,0,0,0,0,0,0,0,0,0,0,0,0,0,0,0,0,0,0,0,0,0,0,0,0,0,0,0,0,0,0,0,0,0,24,0,3,0,0,0,9,0,3,0,42,0,23,0,0,0,0,0,3,0,0,0,5,0,6,0,6,0,0,0,0,0,4,0,0,0,2,0,6,0,13,0,0,0,64,0,79,0,299,0,0,60,54,0,0,0,0,10,4,0,0,0,0,0,0,0,0,0,0,0,0,0,0,0,6,0,0,0,0,0,0,0,0,0,43,3,0,0,0,380,0,0,0,444,105,379,213,0,9,0
66,36,4,0,14,0,16,171,0,373,19,0,32,0,2,0,10,10,13,0,0,0,0,0,0,143,28,0,2,0,0,0,0,0,7,0,0,0,35,0,11,0,0,0,11,0,21,0,24,0,11,0,68,103,41,316,16,0,37,47,108,0,139,27,123,0,67,54,0,0,0,0,0,0,0,0,0,0,4,0,0,0,0,0,0,0,0,0,2,0,0,0,0,0,0,0,0,0,0,0,0,0,0,0,0,0,0,0,0,0,0,0,0,0,0,0,0,0,0,0,0,0,0,0,45,0,20,0,0,0,57,0,0,0,15,0,2,0,0,0,0,0,6,0,0,0,40,0,119,0,8,0,6,0,0,0,4,0,0,0,29,0,0,0,0,0,0,0,12,0,120,0,31,0,0,0,516,19,1,0,0,0,10,11,129,0,0,0,0,0,1,0,0,0,0,0,4,0,2,0,3,0,0,0,0,0,0,0,19,0,289,127,201,138,275,0,19,5,4,5,0,0,0,0,0
59,35,24,7,0,4,252,39,373,0,0,11,0,0,0,0,25,2,0,9,0,0,11,2,228,2,0,22,0,0,0,0,1,0,0,0,0,6,0,0,0,3,0,3,0,8,0,6,0,4,0,3,62,71,268,156,15,84,63,21,0,79,136,72,0,64,58,48,0,0,0,0,0,0,0,1,0,0,0,0,0,0,0,0,0,0,0,0,0,2,0,0,0,0,0,0,0,0,0,0,0,0,0,0,0,0,0,0,0,0,0,0,0,0,0,0,0,0,0,0,0,0,0,0,0,20,0,2,0,0,0,69,0,8,0,4,0,4,0,0,0,0,0,0,0,0,0,4,0,56,0,0,0,0,0,0,0,12,0,0,0,28,0,0,0,11,0,0,0,40,2,105,0,53,0,11,111,190,1,0,0,0,3,36,10,232,0,0,0,0,0,0,0,0,0,0,0,1,0,2,0,0,0,0,0,0,0,4,0,10,3,7,0,0,373,0,0,0,503,76,327,187,0,12,1
55,26,38,41,70,238,4,0,19,0,0,90,133,0,15,183,0,5,0,63,10,23,3,36,0,0,18,0,0,0,25,0,96,0,24,4,74,0,30,0,91,0,0,1,0,0,47,0,0,0,0,0,0,0,0,0,0,0,1,0,0,0,0,0,0,0,0,0,0,0,0,0,0,0,0,0,0,0,0,0,0,0,0,0,0,0,0,0,0,0,0,0,0,0,0,0,0,0,0,0,0,0,0,0,0,0,0,0,0,0,1,0,0,0,0,0,0,0,0,0,0,0,0,0,3,0,0,0,0,0,0,0,2,0,0,0,0,0,1,0,0,0,0,0,0,0,9,0,25,0,37,0,31,0,0,0,0,0,0,0,0,0,0,0,0,1,47,0,30,0,0,0,61,0,18,0,424,12,28,0,26,0,27,1,62,0,12,0,0,0,0,0,0,0,0,0,0,0,0,0,2,0,0,0,0,0,0,0,5,0,271,235,168,0,116,2,0,0,0,5,0,2,0,0,0
0,74,30,18,228,143,0,7,0,11,90,0,16,133,294,5,0,0,26,18,43,70,57,36,0,0,0,207,0,0,0,23,0,243,0,38,0,125,0,0,0,94,0,0,0,29,0,165,0,25,0,3,0,2,0,0,0,0,0,0,0,0,0,0,0,2,0,0,0,0,0,0,0,0,0,0,0,0,0,0,0,0,0,0,0,0,0,0,0,0,0,0,0,0,0,0,0,0,0,0,0,0,0,0,0,0,0,0,0,0,0,0,0,0,0,0,0,0,0,0,0,0,0,0,0,1,0,0,0,0,0,1,0,0,0,1,0,0,0,0,0,0,0,0,0,0,0,0,0,4,0,0,0,0,0,0,0,0,0,0,0,0,0,0,0,0,0,43,0,23,0,4,0,21,0,6,100,298,3,23,0,0,0,28,0,19,0,5,0,0,0,0,0,0,0,0,0,0,0,0,0,0,0,0,0,0,0,0,0,0,0,6,0,0,46,0,0,0,121,228,114,0,0,0,0
58,0,86,0,228,57,6,0,32,0,133,16,0,130,9,13,1,0,26,312,59,92,14,0,4,0,46,248,0,0,7,0,0,0,333,0,51,0,0,0,138,0,74,44,26,0,217,0,40,0,224,0,0,0,1,0,0,0,0,0,0,0,0,0,7,0,0,0,0,0,0,0,0,0,0,0,0,0,0,0,0,0,0,0,0,0,0,0,0,0,0,0,0,0,0,0,0,0,0,0,0,0,0,0,0,0,0,0,0,0,0,0,0,0,0,0,0,0,0,0,0,0,0,0,0,0,6,0,0,0,4,0,5,0,20,0,0,0,0,0,0,0,0,0,0,0,0,0,29,0,0,0,0,0,0,0,0,0,0,0,2,0,0,0,59,4,29,0,49,0,0,0,0,0,0,0,249,11,73,0,8,0,35,0,32,0,216,0,0,0,0,0,0,0,0,0,0,0,0,0,0,0,0,0,0,0,0,0,24,0,92,261,192,35,39,0,0,0,5,5,16,0,0,0,0
0,38,0,8,35,136,0,2,0,0,0,133,130,0,32,4,0,0,296,32,153,29,0,0,0,0,314,166,0,0,0,0,0,0,0,105,0,40,0,0,45,154,20,145,22,47,43,204,0,38,50,240,0,0,0,1,0,0,0,0,0,0,0,0,0,0,0,0,0,0,0,0,0,0,0,0,0,0,0,0,0,0,0,0,0,0,0,0,0,0,0,0,0,0,0,0,0,0,0,0,0,0,0,0,0,0,0,0,0,0,0,0,0,0,0,0,0,0,0,0,0,0,0,0,0,0,0,0,0,0,0,0,0,0,0,0,0,0,0,0,0,0,0,0,0,0,0,4,0,4,0,0,0,0,0,0,0,0,0,0,0,0,0,0,0,44,0,20,0,0,0,0,0,0,0,25,42,393,0,19,0,11,0,11,0,15,33,36,0,0,0,0,0,0,0,0,0,0,0,0,0,0,0,0,0,0,0,0,0,0,0,0,0,0,15,0,0,1,56,244,332,28,0,0,4
0,20,58,35,103,480,5,0,2,0,15,294,9,32,0,231,17,0,174,157,76,44,344,65,56,0,168,13,4,0,64,0,49,0,41,0,80,26,0,0,0,0,0,0,33,2,14,0,0,0,7,0,4,0,41,0,0,0,7,0,0,1,7,0,2,0,0,0,0,0,0,0,0,0,0,0,0,0,0,0,0,0,0,0,0,0,0,0,0,0,13,0,0,0,0,0,21,0,0,0,0,0,0,0,0,0,0,0,0,0,0,0,0,0,0,0,0,0,0,0,0,0,0,0,7,0,7,0,0,0,0,0,0,0,86,0,22,0,0,0,0,0,0,0,3,0,12,0,21,0,7,0,0,0,0,0,0,0,0,0,0,0,0,0,0,0,53,0,27,0,0,0,44,0,0,0,94,28,13,13,0,0,3,2,10,0,0,0,0,0,0,0,0,0,0,0,5,0,0,0,0,0,0,0,0,0,0,0,64,0,152,283,105,0,61,2,0,0,0,0,34,0,0,0,0
41,7,0,206,243,169,0,6,0,0,183,5,13,4,231,0,0,62,0,319,49,196,66,225,0,140,0,73,0,28,0,46,10,315,0,25,0,147,0,63,0,0,0,34,0,36,0,0,0,8,0,25,0,0,0,30,0,0,0,0,0,0,0,47,0,0,0,0,0,0,0,0,0,0,0,0,0,0,0,0,0,0,0,0,0,81,0,0,0,0,0,0,0,0,0,51,0,0,0,62,0,0,0,0,0,0,0,0,0,0,0,0,0,0,0,0,0,0,0,0,0,7,0,0,0,0,0,0,0,0,0,0,0,0,0,0,0,0,0,6,0,0,0,18,0,0,0,5,0,0,0,0,0,0,0,1,0,0,0,0,0,0,0,0,0,0,0,103,0,0,0,13,0,32,0,0,42,21,11,6,0,0,0,0,0,0,0,0,0,0,0,0,0,0,0,0,0,0,0,0,0,0,0,0,0,0,0,0,0,29,0,0,0,0,46,0,0,0,115,309,164,22,0,0,0
14,118,50,79,26,0,35,62,10,25,0,0,1,0,17,0,0,38,0,0,196,0,113,10,85,134,71,0,218,0,35,0,60,0,37,0,13,0,307,0,0,0,0,0,74,0,14,0,10,0,11,0,56,3,8,28,6,0,0,0,37,0,344,17,0,0,0,0,0,0,116,0,12,0,116,0,77,0,82,0,152,0,195,1,152,0,217,0,112,0,0,0,0,0,203,0,31,0,192,0,255,0,91,0,0,0,159,0,0,0,0,0,0,0,0,0,0,0,0,0,143,1,20,0,0,0,0,0,0,0,0,0,0,0,8,0,88,0,29,0,36,0,62,0,21,0,0,0,0,0,1,0,0,0,3,0,0,0,6,0,1,0,11,0,0,0,0,0,46,0,19,0,103,0,0,0,1,2,0,0,0,0,15,20,0,0,0,0,0,0,0,0,0,0,0,0,0,0,0,0,0,0,0,0,0,0,0,0,13,0,43,68,103,27,35,0,0,0,7,4,0,0,0,0,0
139,25,56,61,0,3,0,32,10,2,5,0,0,0,0,62,38,0,0,0,6,146,82,89,95,86,0,0,0,34,0,3,0,34,0,0,0,0,0,58,0,0,0,0,0,0,0,0,0,0,0,0,2,48,0,10,0,12,0,0,0,16,6,170,0,0,0,0,0,0,0,0,0,0,0,0,0,0,0,0,0,169,0,0,0,185,0,26,0,0,0,0,0,0,1,56,0,16,0,114,0,135,0,0,0,0,0,0,0,0,0,0,0,0,0,0,0,0,0,0,0,0,0,0,0,0,0,0,0,0,0,0,0,17,0,280,0,126,0,58,0,6,0,76,0,0,0,2,0,0,0,0,0,0,0,19,0,0,0,14,0,10,0,0,0,0,0,0,0,0,0,0,0,8,0,0,0,0,0,0,0,0,1,1,0,0,0,0,0,0,0,0,0,0,0,0,0,0,0,0,0,0,0,0,0,0,0,0,0,0,0,0,0,0,0,0,0,0,7,63,5,0,0,0,0
2,0,68,0,114,91,0,0,13,0,0,26,26,296,174,0,0,0,0,444,85,86,216,0,35,0,86,231,1,0,11,0,0,0,299,17,40,13,0,0,10,0,13,35,35,0,87,10,5,0,141,41,0,0,0,0,0,0,0,0,0,0,13,0,0,0,0,0,0,0,0,0,0,0,5,0,0,0,0,0,0,0,0,0,19,0,0,0,0,0,0,0,0,0,0,0,0,0,0,0,0,0,0,0,0,0,0,0,0,0,0,0,0,0,0,0,0,0,0,0,0,0,0,0,0,0,0,0,0,0,2,0,0,0,51,0,11,0,0,0,0,0,74,0,0,0,0,0,36,0,0,0,6,0,0,0,0,0,0,0,0,0,0,0,35,0,35,0,0,0,0,0,18,0,0,0,120,18,12,1,0,0,11,0,19,0,29,10,0,0,0,0,0,0,0,0,2,0,0,0,0,0,0,0,0,0,0,0,60,0,45,162,69,0,17,0,0,0,0,0,0,0,0,0,0
0,29,0,185,155,160,0,10,0,9,63,18,312,32,157,319,0,0,444,0,131,149,0,117,0,59,155,323,0,0,8,33,0,35,0,169,0,86,0,0,28,2,0,171,0,155,0,36,0,0,0,200,0,8,0,16,0,4,0,0,0,0,0,23,0,27,0,0,0,0,0,0,0,0,0,0,0,0,0,0,0,0,0,0,0,60,0,0,0,0,0,0,0,0,0,0,0,9,0,44,0,0,0,0,0,0,0,0,0,0,0,0,0,0,0,0,0,0,0,0,0,0,0,0,0,28,0,15,0,0,0,0,0,0,0,0,0,83,0,0,0,0,0,0,0,0,0,31,0,42,0,10,0,0,0,0,0,0,0,0,0,0,0,0,0,50,0,94,0,77,0,7,0,9,0,0,44,108,8,9,0,0,0,8,0,22,33,34,0,0,0,0,0,0,0,0,0,0,0,40,0,18,0,0,0,0,0,0,0,96,0,0,0,0,47,0,0,0,127,301,240,24,0,0,0
0,22,30,14,57,119,11,0,0,0,10,43,59,153,76,49,196,6,85,131,0,32,213,14,64,0,78,86,41,0,84,0,88,0,111,5,34,16,10,0,0,0,7,13,28,0,17,8,9,0,16,0,29,0,0,0,0,0,0,0,0,0,153,0,0,0,0,0,0,0,116,0,0,0,100,0,0,0,0,0,61,0,0,0,0,0,136,0,73,0,0,0,0,0,0,0,31,0,166,0,216,0,0,0,0,0,0,0,0,0,0,0,0,0,0,0,0,0,0,0,0,0,0,0,0,0,0,0,0,0,0,0,0,0,0,0,0,0,40,0,49,0,0,0,59,0,0,0,0,0,0,0,0,0,0,0,0,0,0,0,0,0,0,0,38,0,58,0,76,0,0,0,51,0,0,0,15,5,13,7,0,0,10,0,1,0,0,0,0,0,0,0,0,0,0,0,0,0,0,0,0,0,0,0,0,0,0,0,0,0,185,611,174,44,77,0,0,0,6,0,0,0,0,0,0
0,0,0,25,57,83,0,0,0,0,23,70,92,29,44,196,0,146,86,149,32,0,0,211,0,25,59,108,0,58,0,7,1,34,0,53,0,34,0,14,22,0,0,54,0,21,0,5,0,4,0,101,0,12,0,0,0,0,1,1,0,0,0,164,0,0,0,0,0,0,0,0,0,0,0,22,0,0,0,0,0,363,0,0,0,199,0,131,0,0,0,0,0,0,0,0,0,0,0,85,0,104,0,0,0,0,0,0,0,1,0,0,0,0,0,0,0,0,0,0,0,50,0,16,0,0,0,0,0,0,0,0,0,0,0,171,0,85,0,94,0,71,0,229,0,0,0,0,0,3,0,0,0,0,0,9,0,0,0,12,0,3,0,0,0,33,0,52,0,45,0,0,0,9,0,0,7,34,3,10,0,0,0,1,0,0,0,0,0,0,0,0,0,0,0,0,0,0,0,0,0,0,0,0,0,0,0,0,0,0,0,0,0,0,56,0,0,0,129,359,102,39,0,0,0
7,361,137,226,105,100,20,46,0,11,3,57,14,0,344,66,113,82,216,0,213,0,0,79,84,126,279,0,157,2,35,0,106,0,11,2,26,5,533,0,21,0,0,0,99,0,63,0,13,0,0,0,10,0,67,2,0,0,11,0,14,0,31,0,1,0,0,1,0,0,9,0,0,0,8,0,0,0,24,1,27,5,0,0,63,0,48,0,58,0,0,0,0,0,0,0,19,0,74,0,73,0,0,0,0,0,130,0,0,0,0,0,0,0,0,0,0,0,0,0,0,1,8,0,6,0,7,0,0,0,0,0,12,0,58,0,37,0,20,0,18,0,164,0,0,0,5,0,9,0,0,0,0,0,0,0,0,0,3,0,5,0,0,0,0,0,5,0,59,0,22,0,284,0,0,0,34,7,0,5,0,0,12,50,0,0,0,0,0,0,0,0,0,0,0,0,0,0,12,0,13,0,0,0,0,0,13,0,63,0,312,396,257,140,257,0,3,0,0,7,0,0,0,0,0
83,19,65,136,105,70,0,16,0,2,36,36,0,0,65,225,10,89,0,117,14,211,79,0,0,92,0,22,0,33,0,6,7,48,0,12,0,15,0,39,0,0,0,0,0,0,0,0,0,0,0,17,0,23,0,13,0,2,0,0,0,0,0,147,0,6,0,0,0,0,0,0,0,0,0,0,0,0,0,0,0,146,0,0,0,106,0,25,0,0,0,0,0,0,0,0,0,0,0,82,0,101,0,0,0,0,0,31,0,0,0,0,0,0,0,0,0,0,0,0,0,19,0,7,0,2,0,0,0,0,0,0,0,7,0,251,0,80,0,0,0,0,0,31,0,0,0,3,0,5,0,0,0,0,0,5,0,1,0,0,0,0,0,0,0,2,0,13,0,8,0,0,0,16,0,0,16,11,0,6,0,0,4,1,0,0,0,0,0,0,0,0,0,0,0,0,0,0,0,0,0,0,0,0,0,0,0,0,0,15,0,0,0,0,0,0,0,0,33,390,23,0,0,0,0
1,183,21,0,38,0,120,195,0,228,0,0,4,0,56,0,85,95,35,0,64,0,84,0,0,291,53,0,125,0,0,0,12,0,0,0,0,0,198,0,6,0,0,0,41,0,17,0,14,0,0,0,59,44,262,71,33,0,10,0,111,0,180,105,0,0,0,0,0,0,7,0,0,0,0,0,0,0,0,0,0,15,0,0,150,0,49,0,87,0,34,0,0,0,0,0,64,0,110,0,115,0,0,0,0,0,298,0,0,0,0,0,1,0,0,0,0,0,0,0,0,0,0,0,14,0,14,0,42,0,1,0,23,0,77,0,106,0,34,0,39,0,289,0,0,0,3,0,1,0,0,0,0,0,8,0,0,0,7,0,6,0,0,0,0,1,0,0,59,0,112,0,204,0,0,0,24,11,0,2,0,0,0,66,0,0,0,0,0,0,0,0,0,0,0,0,0,0,18,0,21,0,0,0,0,0,0,0,82,0,283,221,304,191,280,2,0,5,0,0,0,0,0,0,0
402,7,147,51,0,9,162,20,143,2,0,0,0,0,0,140,134,86,0,59,0,25,126,92,291,0,0,6,0,90,0,0,0,27,0,3,0,37,12,224,0,0,0,0,2,0,0,0,0,3,1,0,13,29,17,250,0,30,0,0,0,66,54,147,0,7,0,0,0,0,0,0,0,0,0,0,0,0,0,0,0,0,0,0,2,46,0,0,0,0,0,0,0,0,3,0,0,14,0,26,0,40,0,0,0,0,0,55,0,0,0,0,0,0,0,0,0,0,0,0,0,0,0,0,0,4,0,0,0,9,0,6,0,13,0,601,0,192,0,20,0,0,0,8,0,0,0,0,0,11,0,30,0,0,0,15,0,2,0,6,0,10,0,0,0,0,0,0,0,17,0,9,0,78,0,0,21,9,0,0,0,0,11,0,0,0,0,0,0,0,0,0,0,0,0,0,0,0,0,55,0,11,0,0,0,0,0,24,0,98,0,5,0,0,39,0,0,0,58,155,77,36,0,0,0
0,0,0,0,91,0,0,0,28,0,18,0,46,314,168,0,71,0,86,155,78,59,279,0,53,0,0,676,21,0,12,0,0,0,28,0,22,0,0,0,33,79,169,90,201,170,114,105,41,16,216,41,0,0,0,0,0,0,0,0,0,0,62,0,0,0,0,0,0,0,63,0,0,0,0,0,0,0,0,0,0,0,0,0,0,0,0,0,0,0,0,0,0,0,0,0,0,0,0,0,0,0,0,0,0,0,0,0,0,0,0,0,0,0,0,0,0,0,0,0,0,0,0,0,0,0,0,0,0,0,0,0,0,0,63,0,0,0,20,0,0,0,0,0,45,0,0,0,37,0,0,0,0,0,0,0,0,0,0,0,1,0,0,0,66,0,14,0,32,0,0,0,13,0,0,0,39,12,12,0,0,0,13,0,40,0,140,0,0,0,0,0,0,0,0,0,0,0,0,0,0,0,0,0,0,0,0,0,60,0,0,420,155,33,15,0,0,33,0,10,0,0,0,0,0
0,103,0,55,0,320,0,12,0,22,0,207,248,166,13,73,0,0,231,323,86,108,0,22,0,6,676,0,0,0,0,4,0,0,0,46,0,33,0,0,214,12,101,276,56,225,157,143,0,55,146,289,0,0,0,0,0,0,0,0,0,0,0,0,0,30,0,2,0,0,0,0,0,0,0,0,0,0,0,0,0,0,0,0,0,0,0,0,0,0,0,0,0,0,0,0,0,0,0,0,0,0,0,0,0,0,0,0,0,0,0,0,0,0,0,0,0,0,0,0,0,0,0,4,0,20,0,16,0,0,0,0,0,0,0,0,0,0,0,0,0,3,0,0,0,0,0,33,0,45,0,0,0,0,0,0,0,0,0,1,0,0,0,0,0,62,0,0,0,0,0,0,0,5,0,0,14,130,0,5,0,0,0,0,0,63,65,32,0,0,0,0,0,0,0,0,0,0,0,0,0,0,0,0,0,0,0,0,0,71,0,0,0,0,30,0,0,0,48,418,354,0,0,0,6
48,0,84,0,30,0,0,0,2,0,0,0,0,0,4,0,218,0,1,0,41,0,157,0,125,0,21,0,0,0,5,0,5,0,8,0,0,0,2,0,0,0,29,0,8,0,0,0,0,0,21,0,7,0,3,0,0,0,0,0,10,0,13,0,0,0,0,0,0,0,25,0,0,0,9,0,0,0,0,0,4,0,21,0,0,0,0,0,5,0,0,0,0,0,8,0,0,0,0,0,0,0,0,0,0,0,0,0,0,0,0,0,0,0,0,0,0,0,0,0,12,0,3,0,0,0,0,0,2,0,0,0,0,0,0,0,6,0,19,0,0,0,0,0,21,0,0,0,0,0,0,0,0,0,0,0,0,0,0,0,0,0,0,0,0,0,0,0,0,0,0,0,0,0,0,0,0,0,0,0,0,0,22,0,0,0,0,0,0,0,0,0,0,0,0,0,0,0,0,0,0,0,0,0,0,0,0,0,0,0,0,28,0,0,7,0,0,0,0,0,0,0,0,0,0
0,33,0,167,0,25,0,32,0,0,0,0,0,0,0,28,0,34,0,0,0,58,2,33,0,90,0,0,0,0,0,11,0,18,0,3,0,7,0,33,0,0,0,0,0,0,0,0,0,0,0,0,0,8,0,6,0,0,0,0,0,3,0,78,0,0,0,0,0,0,0,0,0,0,0,0,0,0,0,0,0,57,0,0,0,78,0,0,0,4,0,0,0,0,0,0,0,0,0,20,0,0,0,0,0,0,0,0,0,0,0,0,0,0,0,0,0,0,0,0,0,0,0,2,0,0,0,0,0,0,0,0,0,16,0,109,0,104,0,86,0,48,0,115,0,10,0,0,0,0,0,0,0,0,0,18,0,0,0,0,0,0,0,0,0,0,0,0,0,0,0,0,0,0,0,0,0,0,0,0,0,0,0,0,0,0,0,0,0,0,0,0,0,0,0,0,0,0,0,0,0,0,0,0,0,0,0,0,0,0,0,0,0,0,0,0,0,0,15,19,0,0,0,0,0
2,0,13,0,71,0,0,0,0,0,25,0,7,0,64,0,35,0,11,8,84,0,35,0,0,0,12,0,5,0,0,0,3,2,64,0,10,0,1,0,0,0,115,0,6,0,0,0,0,0,81,0,3,0,0,0,0,0,0,0,0,0,21,0,0,0,0,0,0,0,10,0,0,0,0,0,6,0,0,0,0,0,0,0,0,0,11,0,0,0,0,0,0,0,0,0,0,0,8,0,0,0,0,0,0,0,0,0,0,0,0,0,0,0,0,0,0,0,0,0,0,0,0,0,0,0,0,0,0,0,0,0,0,0,0,0,0,0,0,0,0,0,5,0,11,0,0,0,0,0,0,0,0,0,0,0,0,0,0,0,0,0,0,0,6,0,11,0,0,0,0,0,10,0,0,0,19,0,19,0,0,0,6,0,6,0,0,0,0,0,0,0,0,0,0,0,0,0,0,0,0,0,0,0,1,0,0,0,0,0,0,104,26,3,6,0,0,0,0,0,0,0,0,0,0
0,0,0,0,0,52,0,0,0,0,0,23,0,0,0,46,0,3,0,33,0,7,0,6,0,0,0,4,0,11,0,0,0,4,0,0,0,0,0,14,0,0,0,18,0,0,0,0,0,0,0,17,0,0,0,0,0,0,0,0,0,8,0,7,0,0,0,0,0,0,0,0,0,0,0,0,0,0,0,0,0,0,0,0,0,4,0,0,0,0,0,0,0,0,0,0,0,0,0,0,0,0,0,0,0,0,0,0,0,0,0,0,0,0,0,0,0,0,0,0,0,0,0,0,0,0,0,0,0,0,0,0,0,0,0,0,0,0,0,0,0,15,0,19,0,9,0,0,0,0,0,0,0,0,0,5,0,5,0,5,0,0,0,0,0,0,0,3,0,3,0,0,0,0,0,0,0,10,0,0,0,0,0,0,0,0,0,0,0,0,0,0,0,0,0,0,0,0,0,0,0,0,0,0,0,0,0,0,0,0,0,0,0,0,0,0,0,0,2,25,4,0,0,0,0
26,0,51,0,194,9,0,0,0,1,96,0,0,0,49,10,60,0,0,0,88,1,106,7,12,0,0,0,5,0,3,0,0,0,50,0,27,0,0,0,0,0,44,0,6,0,0,0,0,0,44,0,1,0,0,1,0,0,0,0,1,0,0,0,0,0,0,0,0,0,0,0,0,0,3,0,0,0,0,0,0,0,0,0,0,0,2,0,0,0,0,0,0,0,0,0,0,0,0,0,0,0,0,0,0,0,0,0,0,0,0,0,0,0,0,0,0,0,0,0,0,0,0,0,0,0,0,0,0,0,0,0,0,0,0,0,0,0,0,0,0,0,0,0,0,0,0,0,0,0,0,0,0,0,0,0,0,0,0,0,0,0,0,0,0,0,3,0,0,0,0,0,0,0,0,0,45,0,35,0,0,0,47,0,0,0,0,0,0,0,0,0,0,0,0,0,0,0,0,0,0,0,0,0,0,0,0,0,0,0,19,266,6,0,9,0,0,0,0,0,0,0,0,0,0
0,71,0,258,0,399,0,14,0,0,0,243,0,0,0,315,0,34,0,35,0,34,0,48,0,27,0,0,0,18,2,4,0,0,0,5,0,35,0,9,0,0,0,12,0,1,0,0,0,0,0,4,0,13,0,0,0,0,0,0,0,16,0,15,0,53,0,0,0,0,0,0,0,0,0,0,0,0,0,0,0,22,0,0,0,0,0,0,0,0,0,0,0,0,0,0,0,0,0,0,0,0,0,0,0,0,0,0,0,0,0,0,0,0,0,0,0,0,0,0,0,0,0,0,0,0,0,0,0,0,0,0,0,0,0,0,0,10,0,12,0,5,0,13,0,8,0,0,0,23,0,0,0,0,0,0,0,6,0,0,0,0,0,0,0,0,0,16,0,0,0,0,0,3,0,0,0,119,0,95,0,0,0,26,0,120,0,0,0,0,0,0,0,0,0,0,0,0,0,0,0,0,0,0,0,0,0,0,0,0,0,0,0,0,17,0,0,0,32,262,21,11,0,0,0
0,0,0,0,146,0,0,0,7,0,24,0,333,0,41,0,37,0,299,0,111,0,11,0,0,0,28,0,8,0,64,0,50,0,0,0,73,0,0,0,0,0,30,0,5,0,7,0,7,0,54,0,0,0,0,0,0,0,0,0,0,0,28,0,0,0,0,0,0,0,0,0,0,0,39,0,0,0,0,0,0,0,0,0,0,0,0,0,0,0,0,0,0,0,0,0,0,0,0,0,0,0,0,0,0,0,0,0,0,0,0,0,0,0,0,0,0,0,0,0,0,0,0,0,0,0,0,0,0,0,0,0,0,0,0,0,0,0,0,0,0,0,0,0,22,0,0,0,0,0,0,0,0,0,0,0,0,0,0,0,0,0,0,0,58,0,68,0,0,0,0,0,28,0,0,0,23,0,43,0,0,0,0,0,0,0,38,0,0,0,0,0,0,0,0,0,0,0,0,0,0,0,0,0,0,0,0,0,0,0,106,274,161,33,45,0,1,0,10,0,0,0,0,0,0
0,0,0,0,0,174,0,0,0,0,4,38,0,105,0,25,0,0,17,169,5,53,2,12,0,3,0,46,0,3,0,0,0,5,0,0,0,46,0,5,0,0,0,31,0,6,0,0,0,0,0,25,0,0,0,0,0,0,0,0,0,13,0,8,0,0,0,0,0,0,0,0,0,0,0,0,0,0,0,0,0,0,0,0,0,26,0,0,0,0,0,0,0,0,0,0,0,0,0,6,0,0,0,0,0,0,0,0,0,0,0,0,0,0,0,0,0,0,0,0,0,0,0,0,0,0,0,0,0,0,0,0,0,0,0,0,0,0,0,45,0,36,0,64,0,21,0,0,0,0,0,0,0,0,0,6,0,4,0,0,0,0,0,1,0,10,0,17,0,10,0,0,0,8,0,0,0,61,0,16,0,0,0,0,0,6,0,0,0,0,0,0,0,0,0,0,0,0,0,0,0,0,0,0,0,0,0,0,0,0,0,0,0,0,0,0,0,0,18,149,35,5,0,0,0
13,0,0,0,159,0,0,0,0,0,74,0,51,0,80,0,13,0,40,0,34,0,26,0,0,0,22,0,0,0,10,0,27,0,73,0,0,0,29,0,0,0,33,0,50,0,0,0,2,0,41,0,0,0,5,0,0,0,0,0,0,0,10,0,0,0,0,0,3,0,80,0,0,0,50,0,0,0,0,0,26,0,0,0,0,0,0,0,12,0,0,0,0,0,0,0,0,0,0,0,43,0,0,0,0,0,0,0,0,0,0,0,0,0,0,0,0,0,0,0,0,0,0,0,0,0,0,0,0,0,0,0,0,0,0,0,0,0,30,0,21,0,0,0,79,0,0,0,0,0,0,0,0,0,2,0,0,0,0,0,0,0,15,0,26,0,10,0,69,0,10,0,34,0,0,0,36,0,46,0,0,0,21,0,9,0,17,0,0,0,0,0,0,0,0,0,0,0,0,0,0,0,0,0,0,0,0,0,0,0,61,121,55,25,28,0,0,0,0,0,0,0,0,0,0
0,115,0,257,0,267,0,46,0,6,0,125,0,40,26,147,0,0,13,86,16,34,5,15,0,37,0,33,0,7,0,0,0,35,0,46,0,0,0,34,0,0,0,41,0,12,0,0,0,0,0,39,0,6,0,0,0,0,0,0,0,16,0,16,0,0,0,0,0,0,0,17,0,0,0,7,0,0,0,0,0,132,0,0,0,42,0,64,0,0,0,0,0,0,0,0,0,0,0,8,0,15,0,0,0,0,0,0,0,0,0,0,0,0,0,0,0,0,0,0,0,52,0,5,0,0,0,0,0,0,0,0,0,0,0,0,0,0,0,26,0,50,0,84,0,62,0,0,0,10,0,0,0,0,0,0,0,17,0,0,0,0,0,0,0,4,0,13,0,34,0,0,0,16,0,0,11,140,0,28,0,18,0,31,0,88,0,0,0,0,0,0,0,0,0,0,0,0,0,0,0,0,0,0,0,0,0,0,0,12,0,0,0,0,17,0,0,0,16,222,35,11,0,0,0
271,6,315,0,143,0,0,0,35,0,30,0,0,0,0,0,307,0,0,0,10,0,533,0,198,12,0,0,2,0,1,0,0,0,0,0,29,0,0,0,0,0,2,0,0,0,0,0,0,0,0,0,1,0,0,0,0,0,0,1,11,0,0,0,0,0,0,0,0,0,1,0,0,0,0,0,2,0,0,0,1,0,0,0,0,0,0,0,0,0,0,0,0,0,0,0,0,0,0,0,0,0,0,0,0,0,0,0,0,0,0,0,0,0,0,0,0,0,0,0,0,0,0,0,0,0,0,0,0,0,0,0,0,0,0,0,0,0,3,0,0,0,0,0,3,0,0,0,0,0,0,0,2,0,3,0,7,0,0,0,0,0,0,0,0,0,5,0,0,0,0,0,46,0,0,0,71,0,3,0,0,0,114,0,9,0,0,0,0,0,0,0,0,0,0,0,0,0,0,0,0,0,0,1,0,0,0,0,0,0,49,473,34,47,39,0,0,0,0,0,0,0,0,0,0
0,178,0,436,0,55,0,235,0,0,0,0,0,0,0,63,0,58,0,0,0,14,0,39,0,224,0,0,0,33,0,14,0,9,0,5,0,34,0,0,0,0,0,3,0,0,0,0,0,0,0,0,0,5,0,0,0,0,0,0,0,11,0,10,0,15,0,0,0,0,0,0,0,0,0,0,0,0,0,0,0,0,0,0,0,15,0,0,0,0,0,0,0,0,0,0,0,0,0,9,0,0,0,0,0,0,0,0,0,0,0,0,0,0,0,0,0,0,0,0,0,0,0,2,0,0,0,0,0,0,0,0,0,0,0,0,0,0,0,24,0,20,0,33,0,6,0,0,0,0,0,0,0,0,0,9,0,4,0,0,0,1,0,0,0,0,0,0,0,0,0,2,0,24,0,0,0,97,0,0,0,0,0,23,0,0,0,0,0,0,0,0,0,0,0,0,0,0,0,0,0,0,0,0,0,0,0,0,0,0,0,0,0,0,44,0,0,0,72,91,0,18,0,0,0
6,0,47,0,142,0,6,0,11,0,91,0,138,45,0,0,0,0,10,28,0,22,21,0,6,0,33,214,0,0,0,0,0,0,0,0,0,0,0,0,0,41,72,0,49,131,112,53,123,39,0,5,0,0,0,0,0,0,0,0,0,0,0,0,0,0,0,0,0,0,0,0,0,0,0,0,0,0,0,0,0,0,0,0,0,0,2,0,0,0,0,0,0,0,0,0,0,0,0,0,0,0,0,0,0,0,0,0,0,0,0,0,0,0,0,0,0,0,0,0,0,0,0,0,0,0,0,0,0,0,4,0,0,0,0,0,0,0,0,0,0,0,0,0,0,0,0,0,20,0,0,0,0,0,0,0,0,0,0,0,0,0,0,0,12,0,0,0,0,0,0,0,0,0,0,0,34,5,68,0,14,0,26,0,17,0,296,0,0,0,0,0,0,0,0,0,0,0,0,0,2,0,0,0,0,0,4,0,0,0,0,83,15,0,0,0,0,49,0,17,0,0,0,0,0
0,23,0,2,0,18,0,3,0,3,0,94,0,154,0,0,0,0,0,2,0,0,0,0,0,0,79,12,0,0,0,0,0,0,0,0,0,0,0,0,41,0,16,32,51,112,48,223,10,197,19,18,0,1,0,0,0,0,0,0,0,0,0,0,0,0,0,0,0,0,0,0,0,0,0,0,0,0,0,0,0,2,0,0,0,0,0,0,0,0,0,0,0,2,0,0,0,0,0,0,0,0,0,0,0,0,0,0,0,0,0,0,0,0,0,0,0,0,0,0,0,0,0,0,0,0,0,0,0,0,0,0,0,0,0,0,0,0,0,0,0,0,0,0,0,0,0,3,1,2,0,0,0,0,0,0,0,0,0,0,0,0,0,0,0,18,0,0,0,0,0,0,0,0,0,24,0,144,0,23,0,13,0,6,0,15,27,2,0,0,0,0,0,0,0,0,0,0,0,0,0,0,0,0,0,0,0,1,0,0,0,0,0,0,0,0,0,3,0,86,10,4,0,0,11
0,0,0,0,0,0,0,0,0,0,0,0,74,20,0,0,0,0,13,0,7,0,0,0,0,0,169,101,29,0,115,0,44,0,30,0,33,0,2,0,72,16,0,0,188,49,96,39,113,7,48,0,0,0,0,0,0,0,4,0,0,0,0,0,0,0,0,0,0,0,0,0,0,0,0,0,0,0,0,0,0,0,0,0,0,0,0,0,0,0,0,0,0,0,0,0,0,0,0,0,0,0,0,0,0,0,0,0,0,0,0,0,0,0,0,0,0,0,0,0,0,0,0,0,0,0,0,0,0,0,0,0,0,0,0,0,0,0,3,0,0,0,0,0,0,0,0,0,0,0,0,0,0,0,0,0,0,0,0,0,0,0,5,0,27,0,22,0,0,0,8,0,12,0,0,0,0,3,2,0,0,0,0,0,5,0,51,0,0,0,0,0,0,0,0,0,0,0,0,0,0,0,0,0,0,0,0,0,0,0,23,106,127,20,6,1,0,80,0,3,0,0,0,0,0
0,0,0,0,0,0,0,0,0,3,1,0,44,145,0,34,0,0,35,171,13,54,0,0,0,0,90,276,0,0,0,18,0,12,0,31,0,41,0,3,0,32,0,0,0,196,0,25,0,51,0,59,0,0,0,0,0,0,0,0,0,0,0,0,0,0,0,0,0,0,0,0,0,0,0,10,0,11,0,0,0,145,0,0,0,51,0,77,0,0,0,0,0,0,0,0,0,0,0,0,0,0,0,0,0,5,0,0,0,0,0,0,0,0,0,0,0,0,0,0,0,0,0,0,0,0,0,0,0,0,0,0,0,0,0,0,0,0,0,0,0,31,0,63,0,36,0,0,0,0,0,0,0,0,0,0,0,0,0,0,0,0,0,0,0,41,0,31,0,49,0,6,0,0,0,0,0,0,0,0,0,0,0,0,0,0,2,15,0,0,0,0,0,0,0,0,0,2,0,0,0,0,0,0,0,0,0,0,0,0,0,0,0,0,0,0,0,0,52,134,197,0,0,1,2
0,0,0,0,57,0,0,0,11,0,0,0,26,22,33,0,74,0,35,0,28,0,99,0,41,2,201,56,8,0,6,0,6,0,5,0,50,0,0,0,49,51,188,0,0,111,179,54,154,74,97,0,13,0,0,0,5,0,0,0,0,0,56,0,0,0,0,0,0,0,92,0,13,0,59,0,43,0,0,0,0,0,0,0,0,0,79,0,0,0,13,0,0,0,0,0,0,0,0,0,0,0,0,0,0,0,0,0,0,0,0,0,0,0,0,0,0,0,0,0,0,0,0,0,0,0,7,0,0,0,0,0,0,0,38,0,0,1,46,0,0,0,0,0,65,0,0,0,0,0,0,0,0,0,3,0,0,0,0,0,0,0,12,0,97,0,23,0,37,0,15,0,24,0,0,0,13,8,8,0,0,0,10,0,17,0,87,0,0,0,0,0,0,0,0,0,0,0,0,0,0,0,0,0,0,0,0,0,0,0,45,131,111,0,27,0,2,151,0,15,0,0,0,0,3
0,32,0,9,0,0,0,0,0,8,0,29,0,47,2,36,0,0,0,155,0,21,0,0,0,0,170,225,0,0,0,0,0,1,0,6,0,12,0,0,131,112,49,196,111,0,130,214,51,256,36,74,0,5,0,0,0,3,0,0,0,0,0,0,0,17,0,0,0,0,0,0,0,0,0,0,0,39,0,0,0,65,0,54,0,18,0,39,0,14,0,0,0,0,0,48,0,3,0,19,0,0,0,0,0,0,0,0,0,0,0,0,0,0,0,0,0,0,0,0,0,11,0,0,0,9,0,0,0,0,0,0,0,0,0,0,0,0,0,0,0,0,0,0,0,10,0,0,0,25,0,0,0,0,0,1,0,0,0,0,0,0,0,3,0,193,0,5,0,113,0,8,0,11,0,11,0,56,0,0,0,0,0,16,0,64,48,3,0,0,0,4,0,0,0,0,0,12,0,0,0,0,0,0,0,0,0,0,0,0,0,0,0,0,26,0,0,6,77,208,310,43,4,0,143
10,0,61,0,282,0,2,0,21,0,47,0,217,43,14,0,14,0,87,0,17,0,63,0,17,0,114,157,0,0,0,0,0,0,7,0,0,0,0,0,112,48,96,0,179,130,0,66,184,60,35,0,0,0,0,0,0,0,0,0,0,0,16,0,0,0,0,0,0,0,0,0,0,0,0,0,0,0,10,0,0,0,0,0,0,0,0,0,0,0,0,0,0,0,0,0,0,0,0,0,0,0,0,0,0,0,0,0,0,0,0,0,0,0,0,0,0,0,0,0,0,0,0,0,15,0,2,0,0,0,0,0,0,0,29,0,4,0,0,0,0,0,0,0,0,0,0,0,43,0,0,0,0,0,0,0,0,0,0,0,0,0,0,0,41,2,0,0,0,0,0,0,0,0,0,0,25,11,21,0,0,0,18,0,29,0,204,0,0,0,0,0,0,0,0,0,0,0,0,0,0,0,0,0,0,0,0,0,28,0,0,166,35,4,0,0,0,172,0,10,0,0,0,0,2
0,64,0,7,0,93,0,8,0,6,0,165,0,204,0,0,0,0,10,36,8,5,0,0,0,0,105,143,0,0,0,0,0,0,0,0,0,0,0,0,53,223,39,25,54,214,66,0,17,112,29,14,0,0,0,0,0,0,0,0,0,0,0,0,0,0,0,0,0,0,0,0,0,0,0,0,0,0,0,0,0,0,0,0,0,0,0,0,0,0,0,0,0,0,0,0,0,0,0,0,0,0,0,0,0,0,0,0,0,0,0,0,0,0,0,0,0,0,0,0,0,0,0,0,0,0,0,0,0,0,0,0,0,0,0,0,0,0,0,0,0,0,0,0,0,0,0,0,0,9,0,5,0,0,0,0,0,0,0,0,0,0,0,0,0,18,0,0,0,0,0,0,0,0,0,0,0,81,0,8,0,0,0,7,0,0,31,2,0,0,0,0,0,0,0,0,0,0,0,0,0,0,0,0,0,0,0,0,0,9,0,0,1,0,0,0,0,0,0,173,0,2,0,0,29
0,1,0,0,0,0,0,0,24,0,0,0,40,0,0,0,10,0,5,0,9,0,13,0,14,0,41,0,0,0,0,0,0,0,7,0,2,0,0,0,123,10,113,0,154,51,184,17,0,63,30,0,0,0,12,0,46,0,29,0,8,0,0,0,5,0,3,0,29,0,0,0,0,0,2,0,20,0,14,0,0,1,54,0,0,0,5,0,0,0,0,0,34,0,23,0,0,0,0,0,10,0,19,0,21,0,0,0,6,0,0,0,0,0,0,0,0,0,0,0,0,0,0,0,7,0,0,0,2,0,16,0,0,0,11,0,0,0,0,0,2,0,10,0,0,0,0,0,5,0,0,0,0,0,2,0,2,0,0,0,35,0,4,0,41,0,13,0,31,0,3,0,10,0,0,0,44,9,20,0,26,0,6,0,8,0,173,0,19,0,0,0,10,0,7,0,3,0,12,0,5,0,24,0,19,0,0,0,0,0,20,114,115,2,27,8,1,31,0,9,2,0,0,0,3
0,8,0,2,0,0,0,5,0,4,0,25,0,38,0,8,0,0,0,0,0,4,0,0,0,3,16,55,0,0,0,0,0,0,0,0,0,0,0,0,39,197,7,51,74,256,60,112,63,0,0,21,0,0,0,0,0,0,0,2,0,0,0,0,0,0,0,1,0,0,0,0,0,0,0,0,0,0,0,0,0,0,0,8,0,0,0,3,0,2,0,0,0,7,0,6,0,0,0,0,0,0,0,0,0,0,0,0,0,0,0,0,0,0,0,0,0,0,0,0,0,0,0,0,0,1,0,0,0,0,0,0,0,0,0,0,0,0,0,0,0,0,0,0,0,0,0,3,0,0,0,0,0,0,0,0,0,0,0,0,0,0,0,0,1,31,0,1,0,4,0,0,0,5,0,0,0,166,0,6,0,8,0,12,0,17,68,52,0,2,0,0,0,0,0,0,0,0,0,3,0,0,0,4,0,0,0,0,0,0,0,0,0,0,6,0,0,51,21,63,10,5,0,0,20
1,0,0,0,30,0,23,0,11,0,0,0,224,50,7,0,11,0,141,0,16,0,0,0,0,1,216,146,21,0,81,0,44,0,54,0,41,0,0,0,0,19,48,0,97,36,35,29,30,0,0,0,6,0,5,0,3,0,5,0,0,0,11,0,0,0,0,0,0,0,36,0,0,0,29,0,11,0,28,0,0,0,59,0,0,0,26,0,0,0,0,0,28,0,0,0,0,0,29,0,0,0,0,0,0,0,0,0,0,0,0,0,0,0,0,0,0,0,0,0,9,0,0,0,0,0,0,0,0,0,0,0,0,0,0,0,6,0,0,0,0,0,0,0,14,0,0,0,0,0,0,0,0,0,0,0,0,0,0,0,0,0,7,0,90,0,34,0,58,0,9,0,19,0,0,0,0,1,8,0,0,0,0,0,0,0,79,0,0,0,0,0,0,0,0,0,0,0,0,0,0,0,0,0,0,0,0,0,0,0,49,172,165,46,34,0,0,16,0,0,1,0,0,0,0
0,0,0,0,0,68,0,0,0,3,0,3,0,240,0,25,0,0,41,200,0,101,0,17,0,0,41,289,0,0,0,17,0,4,0,25,0,39,0,0,5,18,0,59,0,74,0,14,0,21,0,0,0,0,0,6,0,0,0,2,0,0,0,0,0,0,0,0,0,0,0,17,0,2,0,18,0,0,0,0,0,151,0,0,0,54,0,83,0,0,0,0,0,0,0,0,0,0,0,17,0,19,0,0,0,0,0,0,0,0,0,0,0,0,0,0,0,0,0,0,0,49,0,4,0,0,0,0,0,0,0,0,0,0,0,0,0,0,0,12,0,0,0,58,0,37,0,0,0,0,0,0,0,0,0,0,0,7,0,0,0,0,0,0,0,27,0,25,0,95,0,22,0,16,0,0,0,54,0,0,0,0,0,0,0,0,0,16,0,0,0,0,0,0,0,0,0,0,0,0,0,0,0,0,0,0,0,0,0,0,0,0,0,0,22,0,0,0,62,68,93,0,0,0,3
9,0,0,0,0,0,108,4,68,62,0,0,0,0,4,0,56,2,0,0,29,0,10,0,59,13,0,0,7,0,3,0,1,0,0,0,0,0,1,0,0,0,0,0,13,0,0,0,0,0,6,0,0,12,113,52,171,5,21,25,44,1,62,4,5,0,12,39,0,0,14,0,0,0,14,0,0,0,16,0,23,0,0,0,58,0,51,0,26,0,4,0,0,0,45,0,0,0,41,0,59,0,0,0,0,0,28,0,0,0,0,0,0,0,0,0,0,0,0,0,52,0,10,0,0,0,5,0,57,0,10,0,11,0,0,0,88,0,142,0,41,0,31,0,17,0,0,0,0,0,0,0,0,0,109,0,170,0,51,0,19,0,12,0,0,0,0,0,9,0,91,0,0,0,0,0,0,0,0,0,4,0,0,0,0,0,0,0,0,0,0,0,0,0,0,0,0,0,0,0,2,0,0,0,0,0,0,0,0,0,57,445,57,37,49,0,6,3,0,0,0,1,0,0,0
0,8,6,3,0,0,59,62,103,71,0,2,0,0,0,0,3,48,0,8,0,12,0,23,44,29,0,0,0,8,0,0,0,13,0,0,0,6,0,5,0,1,0,0,0,5,0,0,0,0,0,0,12,0,101,95,9,62,21,15,0,87,25,41,0,1,13,5,0,0,0,0,0,0,0,0,0,1,0,0,0,7,0,1,0,15,0,0,0,0,0,0,0,0,0,5,0,1,0,13,0,12,0,1,0,0,0,9,0,0,0,0,0,0,0,0,0,0,0,0,0,0,0,0,0,0,0,7,0,17,0,7,0,24,0,140,0,93,0,165,0,20,0,18,0,24,0,0,0,1,0,0,0,0,0,142,0,130,0,73,0,18,0,0,0,0,0,0,0,3,0,0,0,4,0,1,0,29,0,0,0,0,0,0,0,5,0,0,0,0,0,0,0,0,0,0,0,0,0,0,0,0,0,0,0,0,0,2,0,6,0,0,0,0,46,0,0,0,32,105,19,19,2,0,0
18,0,17,0,0,0,237,25,41,268,0,0,1,0,41,0,8,0,0,0,0,0,67,0,262,17,0,0,3,0,0,0,0,0,0,0,5,0,0,0,0,0,0,0,0,0,0,0,12,0,5,0,113,101,0,149,40,17,42,42,21,0,8,18,7,0,6,90,2,0,0,0,0,0,0,0,0,0,0,0,0,0,0,0,27,0,0,0,0,0,0,0,0,0,0,0,10,0,0,0,0,0,0,0,0,0,20,0,0,0,0,0,0,0,0,0,0,0,0,0,0,0,0,0,12,3,14,0,38,0,0,0,21,0,17,0,59,0,28,0,23,0,80,0,0,0,1,0,2,0,0,0,0,0,22,0,9,0,6,0,43,1,22,0,1,0,0,0,29,0,255,0,10,0,0,0,3,0,0,0,4,0,0,0,0,3,0,0,0,0,0,0,0,0,0,0,0,0,0,0,0,0,0,0,0,0,0,0,26,0,179,88,274,167,195,0,33,7,7,0,0,0,0,0,0
0,5,4,29,0,11,138,198,316,156,0,0,0,1,0,30,28,10,0,16,0,0,2,13,71,250,0,0,0,6,0,0,1,0,0,0,0,0,0,0,0,0,0,0,0,0,0,0,0,0,0,6,52,95,149,0,0,125,65,44,3,34,78,47,0,2,82,14,0,0,0,0,0,0,0,0,0,0,0,0,0,0,0,0,0,12,0,0,0,0,0,0,0,0,0,0,0,0,0,5,0,11,0,6,0,0,0,8,0,0,0,0,0,0,0,0,0,0,0,0,0,0,0,0,0,62,0,16,0,20,0,56,0,53,0,232,0,190,0,37,0,5,0,0,0,0,0,7,0,27,0,0,0,1,0,39,0,16,0,27,0,51,0,0,0,8,0,2,0,33,0,226,0,50,0,0,14,0,0,0,0,0,3,0,0,1,0,0,0,0,0,0,0,0,0,0,0,0,0,16,0,0,0,0,0,0,0,0,1,93,0,0,0,1,362,0,0,0,252,62,249,284,14,24,1
0,0,2,0,0,0,8,0,16,15,0,0,0,0,0,0,6,0,0,0,0,0,0,0,33,0,0,0,0,0,0,0,0,0,0,0,0,0,0,0,0,0,0,0,5,0,0,0,46,0,3,0,171,9,40,0,0,0,149,45,7,0,3,0,32,33,15,72,0,0,0,0,0,0,0,0,0,0,0,0,0,0,0,0,0,0,0,0,0,0,0,0,0,0,0,0,1,0,0,0,0,0,0,0,0,0,0,0,0,0,0,0,0,0,0,0,0,0,0,0,0,0,0,0,5,0,0,0,6,0,21,0,4,0,3,0,6,0,2,0,0,0,15,0,0,0,3,0,8,0,0,0,0,0,54,11,24,0,15,9,55,0,58,0,2,0,7,0,36,0,206,0,0,0,0,1,0,0,0,0,48,5,0,0,3,0,0,0,0,0,0,0,0,0,0,0,0,0,0,0,0,0,0,0,0,0,0,0,4,0,276,110,500,375,569,0,116,19,2,4,2,2,0,0,0
0,5,0,0,2,0,0,10,0,84,0,0,0,0,0,0,0,12,0,4,0,0,0,2,0,30,0,0,0,0,0,0,0,0,0,0,0,0,0,0,0,0,0,0,0,3,0,0,0,0,0,0,5,62,17,125,0,0,53,109,0,5,0,6,11,7,53,36,0,0,0,0,0,0,0,0,0,0,0,0,0,0,0,0,0,0,0,0,0,0,0,3,0,0,0,0,0,0,0,0,0,0,0,0,0,0,0,0,0,0,0,0,0,0,0,0,0,0,0,0,0,0,0,0,0,20,0,3,0,24,0,38,0,18,0,55,0,67,0,18,0,7,0,5,0,8,0,0,0,4,0,0,0,0,6,60,1,27,0,56,0,73,0,0,0,9,0,0,0,77,0,374,0,18,0,0,0,0,0,0,3,0,0,0,0,0,0,0,0,0,0,0,0,0,0,0,0,0,0,3,0,0,0,0,0,0,0,1,0,15,3,0,0,0,880,0,0,0,332,99,558,461,53,27,0
16,0,6,0,0,0,13,0,37,63,1,0,0,0,7,0,0,0,0,0,0,1,11,0,10,0,0,0,0,0,0,0,0,0,0,0,0,0,0,0,0,0,4,0,0,0,0,0,29,0,5,0,21,21,42,65,149,53,0,173,28,0,8,0,116,25,88,207,0,0,0,0,0,0,0,0,0,0,0,0,0,0,0,0,0,0,0,0,0,0,0,0,0,0,0,0,0,0,0,0,0,0,0,0,0,0,0,0,0,0,0,0,0,0,0,0,0,0,0,0,0,0,0,0,1,0,0,0,0,0,12,0,0,0,0,0,0,0,0,1,0,0,0,0,0,0,0,0,0,0,0,0,0,0,10,7,54,0,1,10,0,20,16,0,0,0,0,0,15,0,115,0,6,0,16,2,12,0,0,0,109,5,0,0,72,23,0,0,0,0,0,0,0,0,0,0,0,0,0,0,0,0,0,0,0,0,0,0,0,0,323,203,367,471,696,0,104,27,6,1,0,0,0,0,0
0,5,0,0,0,0,0,4,47,21,0,0,0,0,0,0,0,0,0,0,0,1,0,0,0,0,0,0,0,0,0,0,0,0,0,0,0,0,1,0,0,0,0,0,0,0,0,0,0,2,0,2,25,15,42,44,45,109,173,0,0,0,0,2,37,145,160,84,0,0,0,0,0,0,0,0,0,1,0,0,0,0,0,0,0,0,0,0,0,0,0,0,0,0,0,0,0,0,0,0,0,0,0,0,0,0,0,0,0,0,0,0,0,0,0,0,0,0,0,0,0,0,0,0,0,2,0,1,0,1,0,14,0,1,0,0,0,5,1,0,0,0,0,0,0,14,0,1,0,6,0,0,0,0,17,41,0,66,3,12,31,17,0,0,0,1,0,0,0,22,0,94,0,0,2,35,0,0,0,0,0,0,0,0,14,72,0,0,0,0,0,0,0,0,0,0,0,0,0,0,0,0,0,0,0,0,0,0,0,0,5,3,2,0,1149,0,0,0,503,185,363,487,58,20,0
36,0,18,0,1,0,118,0,108,0,0,0,0,0,0,0,37,0,0,0,0,0,14,0,111,0,0,0,10,0,0,0,1,0,0,0,0,0,11,0,0,0,0,0,0,0,0,0,8,0,0,0,44,0,21,3,7,0,28,0,0,0,57,0,0,0,0,0,0,0,0,0,0,0,4,0,0,0,0,0,0,0,0,0,0,0,2,0,0,0,0,0,0,0,0,0,0,0,0,0,0,0,0,0,0,0,0,0,0,0,0,0,0,0,0,0,0,0,0,0,0,0,0,0,0,0,0,0,5,0,1,0,0,0,0,0,0,0,112,0,19,0,2,0,67,0,0,0,0,0,0,0,0,0,51,0,46,0,11,0,0,0,5,0,0,0,0,0,1,0,101,1,50,0,0,0,6,0,0,0,0,0,9,0,0,0,0,0,0,0,0,0,0,0,0,0,0,0,0,0,0,0,0,0,0,0,0,0,0,0,201,309,62,66,128,0,0,0,0,0,0,0,0,0,0
0,85,0,62,0,0,0,211,0,79,0,0,0,0,1,0,0,16,0,0,0,0,0,0,0,66,0,0,0,3,0,8,0,16,0,13,0,16,0,11,0,0,0,0,0,0,0,0,0,0,0,0,1,87,0,34,0,5,0,0,0,0,3,33,0,0,0,0,0,0,0,0,0,0,0,0,0,0,0,0,0,0,0,0,0,11,0,0,0,0,0,0,0,0,0,0,0,0,0,2,0,0,0,0,0,0,0,0,0,0,0,0,0,0,0,0,0,0,0,0,0,6,0,3,0,0,0,0,0,0,0,0,0,5,0,0,0,16,0,71,0,33,0,31,0,88,0,0,0,0,0,0,0,0,0,29,0,79,0,16,0,4,0,0,0,0,0,3,0,2,0,88,0,44,0,0,17,137,0,0,0,0,0,5,0,10,0,0,0,0,0,0,0,0,0,0,0,0,0,0,0,0,0,0,0,0,0,0,0,0,0,0,0,0,73,0,0,0,82,395,71,70,2,8,0
34,16,27,0,0,0,198,46,139,136,0,0,0,0,7,0,344,6,13,0,153,0,31,0,180,54,62,0,13,0,21,0,0,0,28,0,10,0,0,0,0,0,0,0,56,0,16,0,0,0,11,0,62,25,8,78,3,0,8,0,57,3,0,21,0,0,2,0,0,0,73,0,0,0,41,0,0,0,0,0,19,0,0,0,14,0,45,0,0,0,2,0,0,0,33,0,0,0,26,1,0,0,4,0,0,0,7,0,0,0,0,0,0,0,0,0,0,0,0,0,0,0,0,0,0,0,0,0,9,0,0,0,0,0,0,0,56,0,56,0,51,0,16,0,43,0,0,0,0,0,0,0,0,0,19,0,15,0,13,0,2,0,5,0,1,0,0,0,2,0,10,0,4,0,0,0,6,0,0,0,0,0,0,3,0,1,0,0,0,0,0,0,0,0,0,0,0,0,0,0,0,0,0,0,0,0,0,0,9,0,63,245,0,0,28,0,0,0,4,0,6,0,0,0,0
38,72,19,68,0,0,48,345,27,72,0,0,0,0,0,47,17,170,0,23,0,164,0,147,105,147,0,0,0,78,0,7,0,15,0,8,0,16,0,10,0,0,0,0,0,0,0,0,0,0,0,0,4,41,18,47,0,6,0,2,0,33,21,0,0,1,0,1,0,0,0,0,0,0,0,0,0,0,0,0,0,0,0,0,0,8,1,0,0,0,0,0,0,0,0,0,0,0,0,0,0,0,0,0,0,0,0,0,0,0,0,0,0,0,0,0,0,0,0,0,0,0,0,1,0,0,0,0,0,4,0,4,0,0,0,65,0,44,0,94,0,21,0,29,0,19,0,0,0,0,0,0,0,0,0,28,0,34,0,29,0,9,0,0,0,0,0,1,0,0,0,4,0,5,0,0,7,98,0,0,0,0,2,5,0,0,0,0,0,0,0,0,0,0,0,0,0,0,0,0,0,0,0,0,0,0,0,0,0,1,1,1,0,0,34,0,0,0,68,225,11,15,0,0,2
5,0,2,0,5,0,14,0,123,0,0,0,7,0,2,0,0,0,0,0,0,0,1,0,0,0,0,0,0,0,0,0,0,0,0,0,0,0,0,0,0,0,0,0,0,0,0,0,5,0,0,0,5,0,7,0,32,11,116,37,0,0,0,0,0,37,92,14,0,0,0,0,0,0,0,0,0,0,0,0,0,2,0,0,0,0,0,0,0,0,0,0,0,0,0,0,0,0,0,0,0,0,0,0,0,0,0,0,0,0,0,0,0,0,0,0,0,0,0,0,0,0,0,0,4,0,1,0,0,0,25,0,0,0,0,0,0,0,0,0,0,0,0,0,2,0,4,0,17,16,0,0,0,0,9,15,1,0,3,25,216,98,0,0,0,0,0,0,0,0,6,0,0,0,22,0,2,0,0,0,200,0,6,0,109,3,0,0,0,0,0,0,0,0,0,0,0,0,0,0,0,0,0,0,0,0,0,0,0,0,14,0,0,0,100,0,19,0,0,0,0,0,0,0,0
0,32,0,6,0,0,0,5,0,64,0,2,0,0,0,0,0,0,0,27,0,0,0,6,0,7,0,30,0,0,0,0,0,53,0,0,0,0,0,15,0,0,0,0,0,17,0,0,0,0,0,0,0,1,0,2,33,7,25,145,0,0,0,1,37,0,13,326,0,0,0,0,0,0,0,5,0,0,0,0,0,0,0,0,0,0,0,7,0,0,0,0,0,0,0,0,0,0,0,0,0,0,0,0,0,0,0,0,0,0,0,0,0,0,0,0,0,0,0,0,0,0,0,1,0,24,0,6,0,0,45,33,0,0,0,0,0,0,29,16,0,12,0,0,0,31,0,16,0,159,0,1,0,0,10,2,0,4,0,3,144,191,0,0,0,2,0,10,0,0,0,0,0,0,1,26,0,10,0,0,26,152,0,8,0,32,0,1,0,0,0,0,0,0,0,0,0,0,0,0,0,0,0,0,0,0,0,0,0,4,0,0,0,0,141,0,0,0,106,0,96,26,0,0,1
12,0,0,0,0,0,31,0,67,58,0,0,0,0,0,0,0,0,0,0,0,0,0,0,0,0,0,0,0,0,0,0,0,0,0,0,0,0,0,0,0,0,0,0,0,0,0,0,3,0,0,0,12,13,6,82,15,53,88,160,0,0,2,0,92,13,0,132,0,0,0,0,0,0,0,0,0,0,0,0,0,0,0,0,0,0,0,0,0,0,0,0,0,0,0,0,0,0,0,0,0,0,0,0,0,0,0,0,0,0,0,0,0,0,0,0,0,0,0,0,0,0,0,0,0,0,0,0,0,0,28,0,0,0,0,0,0,0,0,0,0,0,0,0,0,0,0,0,23,0,0,0,0,0,3,7,4,0,0,0,48,0,0,0,0,0,0,0,4,0,13,0,0,0,26,7,41,2,0,0,125,0,0,0,454,15,0,0,0,0,0,0,0,0,0,0,0,0,0,0,0,0,0,0,0,0,0,0,0,0,26,22,0,52,70,0,0,0,0,0,0,0,0,0,0
0,2,0,0,0,0,0,0,54,48,0,0,0,0,0,0,0,0,0,0,0,0,1,0,0,0,0,2,0,0,0,0,0,0,0,0,0,0,0,0,0,0,0,0,0,0,0,0,0,1,0,0,39,5,90,14,72,36,207,84,0,0,0,1,14,326,132,0,0,0,0,0,0,0,0,0,0,0,0,0,0,0,0,0,0,0,0,0,0,0,0,0,0,1,0,0,0,0,0,0,0,0,0,0,0,0,0,0,0,0,0,0,0,0,0,0,0,0,0,0,0,0,0,0,0,17,0,0,0,0,0,41,0,2,0,0,0,1,0,1,0,0,0,0,0,8,0,0,0,31,0,0,0,0,10,12,0,11,4,2,40,34,0,0,0,0,0,0,0,0,0,8,0,0,2,152,0,2,0,0,8,32,0,3,22,446,0,0,0,0,0,0,0,0,0,0,0,0,0,0,0,0,0,0,0,0,0,0,0,1,1,2,0,0,225,0,0,0,142,84,58,88,15,0,0
0,0,0,0,0,0,0,0,0,0,0,0,0,0,0,0,0,0,0,0,0,0,0,0,0,0,0,0,0,0,0,0,0,0,0,0,3,0,0,0,0,0,0,0,0,0,0,0,29,0,0,0,0,0,2,0,0,0,0,0,0,0,0,0,0,0,0,0,0,0,0,0,10,0,0,0,69,0,57,0,0,0,86,0,0,0,7,0,0,0,0,0,27,0,22,0,0,0,8,0,0,0,213,0,0,0,11,0,38,0,11,0,8,0,32,0,0,0,0,0,0,0,0,0,0,0,0,0,0,0,0,0,0,0,0,0,0,0,0,0,0,0,0,0,0,0,0,0,0,0,0,4,0,0,0,0,0,0,0,0,0,0,0,0,14,0,0,0,53,0,0,0,2,0,0,0,0,0,0,0,6,0,0,0,0,0,0,0,0,0,0,0,0,0,0,0,0,0,0,0,0,0,0,0,42,0,0,0,0,0,61,10,68,0,21,116,51,9,0,0,0,0,0,0,0
0,0,0,0,0,2,0,0,0,0,0,0,0,0,0,0,0,0,0,0,0,0,0,0,0,0,0,0,0,0,0,0,0,0,0,0,0,0,0,0,0,0,0,0,0,0,0,0,0,0,0,0,0,0,0,0,0,0,0,0,0,0,0,0,0,0,0,0,0,0,0,0,0,0,0,0,0,58,0,0,0,24,0,73,0,0,0,6,0,15,0,0,0,45,0,51,0,0,0,6,0,20,0,222,0,22,0,0,0,28,0,2,0,7,0,1,0,12,0,0,0,0,0,0,0,4,0,0,0,0,0,0,0,0,0,0,0,0,0,0,0,0,0,0,0,0,0,0,0,0,0,0,0,0,0,0,0,0,0,0,0,0,0,2,0,12,0,0,0,17,0,0,0,0,0,0,0,0,0,0,0,0,0,0,0,0,0,0,0,0,0,0,0,0,0,27,0,7,0,0,0,0,0,0,0,0,0,0,0,0,0,0,0,0,7,0,0,0,33,15,79,9,33,6,4
0,0,0,0,0,0,0,0,0,0,0,0,0,0,0,0,116,0,0,0,116,0,9,0,7,0,63,0,25,0,10,0,0,0,0,0,80,0,1,0,0,0,0,0,92,0,0,0,0,0,36,0,14,0,0,0,0,0,0,0,0,0,73,0,0,0,0,0,0,0,0,0,187,0,225,0,6,0,314,0,7,0,0,0,16,0,15,0,0,0,0,0,0,0,0,0,0,0,0,1,0,0,0,0,0,0,0,0,0,0,0,0,0,0,0,0,0,0,0,0,4,0,25,0,0,1,8,0,0,0,0,0,0,0,37,0,31,0,9,0,178,0,40,0,86,0,0,0,0,0,0,0,0,0,11,0,32,0,0,0,0,0,56,0,0,0,31,0,10,0,44,0,34,0,7,0,0,0,0,0,15,0,0,0,0,0,0,0,0,0,0,0,0,0,0,0,6,0,0,0,8,0,0,0,0,0,17,0,0,0,6,0,0,0,0,0,0,0,0,0,0,0,0,0,0
0,0,0,0,0,0,0,0,0,0,0,0,0,0,0,0,0,0,0,0,0,0,0,0,0,0,0,0,0,0,0,0,0,0,0,0,0,17,0,0,0,0,0,0,0,0,0,0,0,0,0,17,0,0,0,0,0,0,0,0,0,0,0,0,0,0,0,0,0,0,0,0,0,121,0,198,0,22,0,19,0,0,0,0,0,2,0,56,0,0,0,0,0,0,0,1,0,0,0,0,0,0,0,0,0,0,0,0,0,0,0,0,0,0,0,0,0,0,0,0,0,3,0,0,0,25,0,33,0,0,0,0,0,12,0,0,2,3,0,7,0,28,0,6,0,58,6,0,0,13,0,0,0,0,0,0,0,9,0,0,0,0,0,40,0,0,0,18,0,5,0,15,0,16,0,2,0,0,0,0,5,19,0,0,0,0,0,0,0,0,0,0,0,0,0,0,0,0,0,0,0,0,0,0,0,0,0,0,0,12,0,0,0,0,12,0,0,0,30,5,27,0,2,0,0
0,0,0,0,0,0,0,0,0,0,0,0,0,0,0,0,12,0,0,0,0,0,0,0,0,0,0,0,0,0,0,0,0,0,0,0,0,0,0,0,0,0,0,0,13,0,0,0,0,0,0,0,0,0,0,0,0,0,0,0,0,0,0,0,0,0,0,0,10,0,187,0,0,0,108,0,65,0,394,0,7,0,6,0,29,0,7,0,0,0,1,0,0,0,0,0,14,0,0,0,0,0,3,0,0,0,0,0,0,0,0,0,0,0,0,0,0,0,0,0,16,0,5,0,21,0,31,0,0,0,11,0,20,0,117,0,47,0,3,0,21,0,73,0,65,0,30,0,3,0,54,0,17,0,0,0,9,0,0,0,0,0,93,0,1,0,9,0,8,0,7,0,6,0,14,0,0,0,0,0,48,4,0,0,0,0,0,0,0,0,9,0,0,0,0,0,0,0,74,0,73,0,161,0,66,0,60,0,89,0,322,6,16,0,20,5,0,0,2,0,0,0,0,0,0
0,0,0,0,0,0,0,0,0,0,0,0,0,0,0,0,0,0,0,0,0,0,0,0,0,0,0,0,0,0,0,0,0,0,0,0,0,0,0,0,0,0,0,0,0,0,0,0,0,0,0,2,0,0,0,0,0,0,0,0,0,0,0,0,0,0,0,0,0,0,0,121,0,0,0,253,0,122,0,43,0,30,0,14,0,18,0,86,0,0,0,0,0,3,1,0,0,5,0,0,0,0,0,6,0,0,0,0,0,0,0,0,0,0,0,0,0,0,0,0,0,23,0,2,0,0,0,47,0,0,0,0,0,0,0,0,0,0,0,0,0,7,0,0,0,33,0,35,0,0,0,0,0,0,0,0,0,0,0,0,0,0,0,42,0,0,0,0,0,10,0,2,0,0,0,0,0,0,0,0,0,0,0,0,0,0,0,0,0,55,0,0,0,0,0,0,0,0,0,69,0,25,0,0,0,0,0,0,0,59,0,0,0,0,15,0,0,0,100,5,16,3,2,0,0
0,0,0,0,0,0,0,0,0,0,0,0,0,0,0,0,116,0,5,0,100,0,8,0,0,0,0,0,9,0,0,0,3,0,39,0,50,0,0,0,0,0,0,0,59,0,0,0,2,0,29,0,14,0,0,0,0,0,0,0,4,0,41,0,0,0,0,0,0,0,225,0,108,0,0,0,10,0,175,0,3,0,0,0,65,0,22,0,0,0,0,0,0,0,0,0,5,0,0,0,0,0,0,0,0,0,0,0,0,0,0,0,0,0,0,0,0,0,0,0,50,0,69,0,0,0,0,0,8,0,0,0,0,0,45,0,86,0,23,0,143,0,88,0,64,0,0,0,0,0,11,0,7,0,18,0,19,0,0,0,0,0,44,0,0,0,0,0,9,0,14,0,28,0,0,0,0,0,0,0,23,0,0,0,0,0,0,0,0,0,0,0,0,0,0,0,4,0,0,0,12,0,0,0,0,0,0,0,29,0,5,0,0,0,0,0,0,0,0,0,0,0,0,0,0
0,0,0,0,0,0,0,0,0,1,0,0,0,0,0,0,0,0,0,0,0,22,0,0,0,0,0,0,0,0,0,0,0,0,0,0,0,7,0,0,0,0,0,10,0,0,0,0,0,0,0,18,0,0,0,0,0,0,0,0,0,0,0,0,0,5,0,0,0,0,0,198,0,253,0,0,0,36,0,12,0,8,0,0,0,5,0,94,0,0,0,0,0,0,0,0,0,0,0,0,0,0,0,0,0,0,0,0,0,0,0,0,0,0,0,0,0,0,0,0,0,95,0,14,0,30,0,64,2,0,0,0,0,0,0,0,0,0,3,0,0,32,0,10,0,132,0,60,0,21,0,51,0,35,0,0,0,0,0,0,0,0,0,90,0,0,0,17,0,13,0,5,0,10,0,10,0,0,0,0,10,38,0,0,0,0,0,0,0,0,0,0,0,0,0,0,0,0,0,0,0,0,0,0,0,0,0,27,0,68,0,0,0,0,19,0,0,0,117,6,30,7,0,0,0
0,0,0,0,0,0,0,0,0,0,0,0,0,0,0,0,77,0,0,0,0,0,0,0,0,0,0,0,0,0,6,0,0,0,0,0,0,0,2,0,0,0,0,0,43,0,0,0,20,0,11,0,0,0,0,0,0,0,0,0,0,0,0,0,0,0,0,0,69,0,6,0,65,0,10,0,0,0,86,0,26,0,49,0,50,0,56,0,0,0,0,0,10,0,31,0,18,0,41,0,14,0,84,0,80,0,0,0,39,0,0,0,0,0,1,0,2,0,0,0,0,0,0,0,0,0,6,0,0,0,0,0,0,0,27,0,26,0,0,0,0,0,0,0,0,0,0,0,0,0,0,0,11,0,0,0,6,0,0,0,0,0,7,0,32,0,0,0,34,0,4,0,0,0,0,1,0,0,0,0,0,0,0,0,0,0,0,0,114,0,0,0,81,0,13,0,0,0,60,0,82,0,179,0,145,0,0,0,0,0,122,30,61,0,12,52,5,6,0,0,0,0,0,0,0
0,0,0,0,0,0,0,0,0,0,0,0,0,0,0,0,0,0,0,0,0,0,0,0,0,0,0,0,0,0,0,0,0,0,0,0,0,0,0,0,0,0,0,11,0,39,0,0,0,0,0,0,0,1,0,0,0,0,0,1,0,0,0,0,0,0,0,0,0,58,0,22,0,122,0,36,0,0,0,14,0,108,0,126,0,18,0,187,0,12,0,0,0,36,0,73,0,17,0,19,0,15,0,131,0,20,0,7,0,12,0,0,0,3,0,0,0,24,0,0,0,6,0,3,2,0,0,0,0,0,0,0,0,0,0,0,0,0,0,0,0,0,0,0,0,0,0,11,0,0,0,0,0,0,0,0,0,0,0,0,0,2,0,11,0,18,0,0,0,42,0,0,0,0,0,0,0,0,0,0,0,0,0,0,0,0,0,0,0,94,0,0,0,0,0,43,0,19,0,62,0,0,0,181,0,0,0,0,0,0,0,0,0,0,22,0,0,0,53,27,60,12,11,2,2
0,0,0,0,0,0,2,0,4,0,0,0,0,0,0,0,82,0,0,0,0,0,24,0,0,0,0,0,0,0,0,0,0,0,0,0,0,0,0,0,0,0,0,0,0,0,10,0,14,0,28,0,16,0,0,0,0,0,0,0,0,0,0,0,0,0,0,0,57,0,314,0,394,0,175,0,86,0,0,0,19,0,29,0,43,0,91,0,0,0,0,0,6,0,5,0,0,0,25,1,5,0,31,0,0,0,6,0,14,0,0,0,0,0,0,0,1,0,0,0,79,0,19,0,0,0,0,0,0,0,0,0,0,0,156,0,47,0,0,0,115,0,161,0,42,0,0,8,0,0,0,0,0,0,8,0,31,0,0,0,0,0,29,0,0,0,0,0,53,0,15,0,0,0,0,0,0,0,0,0,0,0,0,0,0,0,0,0,0,0,0,0,0,0,0,0,0,0,110,0,103,0,214,0,0,0,0,0,0,0,271,22,54,5,17,29,0,3,0,0,0,0,0,0,0
0,0,0,0,0,0,0,0,0,0,0,0,0,0,0,0,0,0,0,0,0,0,1,0,0,0,0,0,0,0,0,0,0,0,0,0,0,0,0,0,0,0,0,0,0,0,0,0,0,0,0,0,0,0,0,0,0,0,0,0,0,0,0,0,0,0,0,0,0,0,0,19,0,43,0,12,0,14,0,0,0,4,0,0,0,9,0,8,0,0,0,0,0,0,0,0,0,0,0,0,0,0,1,0,0,0,0,0,0,0,0,0,0,0,0,0,0,0,0,0,0,2,0,4,0,0,0,11,1,0,0,0,0,0,0,0,0,6,0,0,0,7,0,2,0,20,0,0,0,0,0,0,0,0,0,0,0,0,0,0,0,0,0,0,0,0,0,8,0,1,0,0,0,0,0,0,0,0,0,0,0,0,0,0,0,0,0,0,0,0,0,0,0,0,0,0,0,0,0,0,0,0,0,0,0,0,0,0,0,16,0,0,0,0,4,0,0,0,16,0,0,0,0,0,0
