0,245,137,47,91,0,71,168,134,114,85,0,85,0,27,69,54,20,8,0,16,0,6,100,0,191,20,0,215,0,0,0,0,0,2,0,24,0,349,0,10,0,0,0,0,0,13,0,10,0,10,0,7,0,0,20,0,0,2,0,234,19,63,3,13,0,34,0,0,0,0,0,0,0,0,0,0,0,0,0,0,0,0,0,0,0,0,0,0,0,0,0,0,0,0,0,0,0,0,0,0,0,0,0,0,0,0,0,0,0,0,0,0,0,0,0,0,0,0,0,0,0,0,0,3,0,0,0,0,0,0,0,0,0,14,0,0,0,0,0,0,0,3,0,0,0,15,0,38,0,10,0,11,0,0,0,0,0,0,0,0,0,0,0,14,0,0,0,23,1,42,0,308,18,0,0,215,385,31,0,0,0,58,8,59,0,5,0,0,0,0,0,0,0,0,0,0,0,6,0,3,0,0,0,0,0,0,0,0,0,472,77,182,157,394,2,0,2,0,0,0,0,0,0,0
245,0,252,27,0,190,59,53,25,176,17,220,0,190,0,19,60,68,0,79,9,0,204,62,232,20,0,160,0,152,0,0,0,135,0,0,0,132,0,468,0,39,0,0,0,3,0,80,3,8,0,0,1,43,0,5,0,0,0,11,0,127,5,30,0,97,0,8,0,0,0,0,0,0,0,0,0,0,0,0,0,0,0,0,0,0,0,0,0,0,0,0,0,0,0,0,0,0,0,0,0,0,0,0,0,0,0,0,0,0,0,0,0,0,0,0,0,0,0,0,0,0,0,0,0,62,0,19,0,0,0,109,0,0,0,47,0,60,0,0,0,0,0,0,0,0,0,28,0,170,0,74,0,194,0,10,0,34,0,0,0,20,0,2,0,6,0,0,0,31,0,63,0,186,0,56,3,522,0,30,0,83,16,54,0,157,0,0,0,0,0,0,0,0,0,0,0,0,0,18,0,3,0,0,0,0,0,0,0,32,0,0,0,0,608,0,0,0,655,60,314,146,0,0,0
137,252,0,0,327,50,269,91,45,0,54,66,77,0,227,135,117,31,149,0,125,14,209,149,73,105,112,0,509,7,169,0,114,0,4,0,38,0,486,19,0,0,0,0,0,0,33,0,14,0,0,0,0,0,47,0,0,0,20,0,189,0,102,0,26,0,14,0,0,0,0,0,0,0,7,0,0,0,0,0,0,0,0,0,0,0,0,0,0,0,0,0,0,0,0,0,0,0,0,0,0,0,0,0,18,0,0,0,0,0,0,0,0,0,0,0,0,0,0,0,0,0,0,0,64,0,37,0,6,0,105,0,0,0,100,0,63,0,0,0,0,0,98,0,0,0,73,0,203,0,20,0,26,0,2,0,0,0,2,0,29,0,0,0,22,0,12,0,37,0,42,0,304,18,3,0,41,221,10,0,5,0,0,4,8,0,0,0,0,0,0,0,0,0,0,0,2,0,25,0,57,0,0,0,1,0,0,0,16,0,485,57,317,268,686,1,0,2,0,0,0,0,0,0,0
47,27,0,0,0,96,0,116,0,9,0,2,0,7,22,151,13,55,0,88,0,25,99,279,0,162,0,18,0,128,0,58,5,315,0,0,5,76,0,198,0,0,0,0,0,0,0,0,0,4,0,0,0,0,0,45,0,10,0,17,0,0,0,0,0,6,0,0,0,0,0,0,0,0,0,0,0,0,0,0,0,0,0,0,0,0,0,0,0,0,0,0,0,0,0,0,0,0,0,0,0,0,0,0,0,0,0,0,0,0,0,0,0,0,0,0,0,0,0,0,0,0,0,0,0,0,0,0,0,84,0,137,0,0,0,0,0,101,0,0,0,0,0,0,0,0,0,0,0,0,0,49,0,0,0,18,0,0,0,0,0,48,0,0,0,13,0,133,0,46,0,44,0,154,0,0,0,51,2,3,0,0,7,0,0,0,0,0,0,0,0,0,0,0,0,0,0,0,0,0,0,0,0,0,0,0,0,0,0,82,0,0,0,0,353,0,0,0,198,20,416,108,0,0,0
91,0,327,0,0,357,45,0,41,0,136,214,398,80,142,224,24,1,119,284,298,77,42,99,0,0,212,0,126,0,254,0,351,0,125,0,220,0,213,0,84,0,9,5,0,0,94,0,7,0,58,8,4,0,7,0,0,0,0,0,0,0,0,0,0,0,0,0,0,0,0,0,0,0,0,0,0,0,0,0,0,0,0,0,0,0,0,0,0,0,0,0,0,0,0,0,0,0,0,0,0,0,0,0,0,0,0,0,0,0,0,0,0,0,0,0,0,0,0,0,0,0,0,0,0,0,9,0,0,0,0,0,4,0,51,0,11,0,6,0,0,0,32,0,0,0,35,0,71,0,14,0,39,0,0,0,0,0,0,0,0,0,0,0,27,0,115,0,43,0,16,0,116,0,0,0,143,241,241,0,0,0,44,0,32,0,6,2,0,0,0,0,0,0,0,0,0,0,0,0,27,0,0,0,0,0,0,0,7,0,613,150,534,191,646,0,2,6,39,0,52,0,0,0,0
0,190,50,96,357,0,0,115,0,14,164,389,179,284,428,117,0,0,178,301,91,199,87,66,0,15,0,336,0,0,0,156,0,318,22,242,0,274,0,0,0,71,0,21,4,5,0,74,0,5,0,147,0,0,0,18,0,0,0,10,0,0,0,0,0,29,0,0,0,0,0,0,0,0,0,0,0,0,0,0,0,0,0,0,0,0,0,0,0,0,0,0,0,0,0,0,0,0,0,0,0,0,0,0,0,0,0,0,0,0,0,0,0,0,0,0,0,0,0,0,0,0,0,4,0,0,0,0,0,27,0,150,0,0,0,0,0,105,0,0,0,0,0,0,0,0,0,13,0,85,0,42,0,47,0,0,0,0,0,0,0,17,0,7,0,0,0,384,0,131,0,37,0,183,0,0,0,343,33,89,0,0,0,0,0,0,0,34,0,0,0,0,0,0,0,0,0,0,0,52,0,0,0,0,0,0,0,0,0,45,0,0,0,0,982,0,0,0,1020,208,1219,204,0,0,0
71,59,269,0,45,0,0,89,205,279,25,0,17,0,28,0,7,21,0,0,0,0,47,0,228,51,0,0,14,0,0,0,0,0,0,0,0,0,44,0,0,0,0,0,0,0,0,0,54,0,0,0,120,48,101,113,89,0,54,0,433,0,260,38,53,0,185,30,0,0,0,0,0,0,0,0,3,0,0,0,0,0,0,0,0,0,0,0,0,0,0,0,0,0,0,0,0,0,0,0,0,0,0,0,0,0,0,0,0,0,0,0,0,0,0,0,0,0,0,0,0,0,0,0,59,0,19,0,1,0,138,0,8,0,11,0,14,0,4,0,0,0,12,0,0,0,25,0,84,0,2,0,0,0,4,0,16,0,0,0,80,0,3,0,10,0,11,0,12,1,238,0,191,12,0,0,49,98,0,0,0,0,6,0,0,15,0,0,0,0,0,0,0,0,0,0,0,0,0,0,4,0,0,0,0,0,0,0,0,0,645,74,480,379,839,17,69,8,0,2,0,0,0,0,0
168,53,91,116,0,115,89,0,0,50,0,15,0,7,0,87,32,109,0,43,0,3,24,15,168,100,0,22,0,388,0,0,0,0,0,0,0,89,0,622,0,0,0,0,0,0,0,7,0,0,0,0,8,7,0,40,0,49,0,59,0,345,27,115,0,8,0,5,0,0,0,0,0,0,0,0,0,0,0,0,0,0,0,0,0,0,0,0,0,0,4,0,0,0,0,0,0,0,0,0,0,0,0,0,0,0,0,0,0,0,0,0,0,0,0,0,0,0,0,0,0,0,0,0,0,135,0,27,0,37,0,229,0,21,0,0,0,38,0,0,0,0,1,0,0,0,0,0,0,64,0,66,0,3,0,15,0,0,0,6,0,84,0,7,0,5,0,0,0,31,0,68,0,244,0,0,2,62,1,0,0,0,0,7,3,0,0,0,0,0,0,0,0,0,0,0,0,0,0,0,0,0,0,0,0,0,0,17,0,63,0,0,0,0,592,0,0,0,444,15,377,164,0,0,0
134,25,45,0,41,0,205,0,0,460,37,0,15,0,9,0,0,25,9,0,0,0,0,0,8,34,13,0,0,0,0,0,0,0,0,0,0,0,0,0,0,0,0,0,0,0,0,0,10,0,0,0,72,64,0,286,27,8,133,24,251,0,103,50,186,0,222,67,0,0,0,0,0,0,0,0,0,0,0,0,1,0,0,0,0,0,0,0,0,0,0,0,0,0,2,0,0,0,0,0,0,0,0,0,0,0,1,0,0,0,0,0,0,0,0,0,0,0,0,0,0,0,0,0,21,0,10,0,0,0,17,0,0,0,5,0,0,0,0,0,0,0,0,0,0,0,30,0,101,0,9,0,9,0,0,1,12,0,0,0,61,0,0,0,0,0,0,0,4,0,72,0,53,0,0,0,586,225,9,0,0,0,69,15,127,55,0,0,0,0,0,0,0,0,0,0,0,0,1,0,0,0,0,0,0,0,0,0,0,0,327,50,134,110,330,0,0,4,15,5,0,9,0,0,0
114,176,0,9,0,14,279,50,460,0,0,14,0,0,0,0,29,0,0,0,0,1,0,0,252,4,0,0,0,44,0,0,0,0,0,0,0,34,0,62,0,3,0,0,0,0,0,0,0,1,0,0,82,99,261,88,0,50,46,56,15,620,147,320,1,161,37,106,0,0,0,0,0,0,0,0,0,0,0,0,0,0,0,0,0,0,0,0,0,0,0,0,0,0,0,0,15,0,0,0,0,0,0,0,0,0,0,0,0,0,0,0,0,0,0,0,0,0,0,0,0,0,0,0,0,64,1,0,0,0,0,142,0,9,0,15,0,18,0,0,0,0,0,0,0,0,0,7,0,123,0,16,0,3,3,10,11,40,0,9,0,52,0,2,0,0,0,7,0,36,0,80,0,138,0,5,52,377,0,1,0,5,0,63,0,142,0,0,0,0,0,0,0,0,0,0,0,0,0,0,0,0,0,0,0,0,0,7,0,12,0,0,0,0,662,0,0,0,559,36,339,244,3,157,3
85,17,54,0,136,164,25,0,37,0,0,92,299,0,47,171,28,0,4,32,137,45,25,78,0,0,34,0,46,0,123,0,276,0,7,0,177,0,134,0,24,0,0,0,5,0,27,0,0,0,0,0,2,0,0,0,0,0,0,0,5,0,5,0,0,0,0,0,0,0,0,0,0,0,0,0,0,0,0,0,0,0,0,0,0,0,0,0,0,0,0,0,0,0,0,0,0,0,0,0,0,0,0,0,1,0,0,0,0,0,0,0,0,0,0,0,0,0,0,0,0,0,0,0,0,0,0,0,0,0,0,0,0,0,0,0,0,0,0,0,5,0,0,0,0,0,0,0,0,0,7,0,67,0,0,0,0,0,0,0,0,0,0,0,0,0,55,0,13,0,3,0,42,0,25,0,126,159,157,0,0,0,76,0,41,0,26,0,0,0,0,0,0,0,0,0,0,0,0,0,0,0,0,0,0,0,0,0,0,0,352,99,146,67,267,0,0,0,0,0,15,0,0,0,0
0,220,66,2,214,389,0,15,0,14,92,0,40,314,243,9,3,3,70,30,31,141,152,79,0,0,0,118,0,13,0,33,0,176,6,85,0,102,0,18,0,94,0,0,0,4,0,81,1,26,0,17,0,0,0,0,0,0,0,0,0,0,0,5,0,13,0,0,0,0,0,0,0,0,0,0,0,0,0,0,0,0,0,0,0,0,0,0,0,0,0,0,0,0,0,0,0,0,0,0,0,0,0,0,0,0,0,0,0,0,0,0,0,0,0,0,0,0,0,0,0,0,0,0,0,13,0,0,0,0,0,17,0,0,0,0,0,0,0,0,0,0,0,0,0,0,0,0,0,43,0,63,0,160,0,0,0,0,0,0,0,0,0,0,0,4,0,0,0,0,0,4,0,30,0,62,0,490,22,88,0,145,0,22,0,53,0,7,0,0,0,0,0,3,0,0,0,0,0,0,0,0,0,0,0,0,0,0,0,0,0,0,0,0,329,0,0,0,479,123,252,45,0,2,0
85,0,77,0,398,179,17,0,15,0,299,40,0,573,19,15,0,0,121,373,72,54,0,0,0,0,186,480,0,0,5,0,0,0,115,20,105,0,0,0,304,86,132,29,38,39,271,156,35,2,397,35,0,0,0,0,0,0,0,0,0,0,0,0,2,0,7,0,0,0,0,0,0,0,0,0,0,0,0,0,0,0,0,0,0,0,0,0,0,0,0,0,0,0,0,0,0,0,0,0,0,0,0,0,0,0,0,0,0,0,0,0,0,0,0,0,0,0,0,0,0,0,0,0,0,0,0,0,0,0,0,0,0,0,0,0,5,0,8,0,0,0,0,0,0,0,4,0,0,0,5,0,29,0,0,0,0,0,0,0,2,0,0,0,59,0,40,3,36,0,0,1,0,0,31,0,299,134,87,0,53,0,58,0,0,0,94,10,0,0,0,0,0,0,0,0,0,0,0,0,0,0,0,0,2,0,0,0,0,0,140,268,350,0,130,0,0,0,27,66,67,0,0,0,0
0,190,0,7,80,284,0,7,0,0,0,314,573,0,18,3,0,0,397,56,80,48,0,0,0,0,247,191,0,0,0,2,0,0,29,75,0,12,0,0,149,242,21,138,0,35,0,139,0,46,76,167,0,0,0,0,0,0,0,0,0,0,0,0,0,11,0,0,0,0,0,0,0,0,0,0,0,6,0,0,0,0,0,0,0,0,0,0,0,0,0,0,0,0,0,0,0,0,0,0,0,0,0,0,0,0,0,0,0,0,0,0,0,0,0,0,0,0,0,0,0,0,0,0,0,0,0,0,0,0,0,20,0,0,0,0,0,0,0,0,0,0,0,0,0,0,0,0,0,0,0,19,0,25,0,0,0,0,0,0,0,0,0,0,0,0,0,0,0,0,0,0,0,0,0,24,0,442,0,47,0,41,0,0,0,19,51,93,0,0,0,0,0,0,0,0,0,0,0,0,0,0,0,0,0,0,0,0,0,0,11,0,0,0,122,0,0,0,154,328,510,86,0,0,0
27,0,227,22,142,428,28,0,9,0,47,243,19,18,0,224,97,0,392,185,457,139,481,32,55,0,187,0,5,0,191,0,182,24,77,9,110,11,10,0,0,0,0,0,5,1,0,0,0,0,28,0,11,0,47,0,0,0,0,0,0,0,19,0,10,0,0,0,0,0,0,0,0,0,0,0,0,0,0,0,0,0,0,0,0,0,0,0,0,0,0,0,0,0,0,0,0,0,0,0,0,0,0,0,0,0,0,0,0,0,0,0,0,0,0,0,0,0,0,0,0,0,0,0,0,0,0,0,14,0,34,0,0,0,124,0,58,0,0,0,0,0,194,0,0,0,52,0,68,0,18,0,27,0,0,0,0,0,0,0,0,0,0,0,0,0,54,0,13,0,0,0,29,0,0,0,32,87,22,0,0,0,20,0,23,0,0,0,0,0,0,0,0,0,0,0,0,0,0,0,108,0,0,0,0,0,0,0,20,0,111,78,149,24,81,0,0,1,50,11,36,0,0,0,0
69,19,135,151,224,117,0,87,0,0,171,9,15,3,224,0,8,21,27,431,45,158,273,357,15,136,0,43,0,44,0,174,28,381,4,133,0,173,0,32,2,0,0,12,0,0,0,0,0,3,0,16,0,12,0,206,0,0,0,3,0,0,1,15,0,6,0,0,0,0,0,0,0,0,0,0,0,0,0,4,0,0,0,0,0,0,0,0,0,0,0,0,0,0,0,0,0,27,0,0,0,0,0,0,0,0,0,0,0,0,0,0,0,0,0,0,0,0,0,0,0,0,0,0,0,41,0,0,0,73,0,63,0,0,0,387,0,343,0,0,0,0,0,0,0,0,0,0,0,25,0,0,0,15,0,9,0,0,0,0,0,0,0,0,0,3,0,158,0,23,0,10,0,77,0,0,0,101,6,13,1,16,0,0,0,8,0,0,0,0,0,0,0,0,0,0,0,0,0,0,0,54,0,0,0,0,0,26,0,130,26,0,30,0,100,0,0,0,91,16,179,20,0,0,0
54,60,117,13,24,0,7,32,0,29,28,3,0,0,97,8,0,4,114,0,471,0,245,21,194,27,270,0,295,0,39,0,22,0,21,0,28,0,49,0,0,0,40,0,205,0,17,0,4,0,35,0,174,0,29,2,5,0,0,0,140,3,649,3,0,0,0,0,0,0,15,0,0,0,31,0,0,0,0,0,48,0,0,0,199,0,41,0,0,0,189,0,0,0,0,0,630,0,58,0,0,0,0,0,0,0,103,0,0,0,0,0,0,0,0,0,0,0,0,0,39,0,24,0,0,0,0,0,84,0,0,0,21,0,94,0,132,0,183,0,0,0,899,0,3,0,0,0,0,0,0,0,0,0,22,0,0,0,20,0,0,0,0,0,3,0,2,0,0,0,0,0,52,0,0,0,7,22,7,0,0,0,27,5,0,0,0,0,0,0,0,0,0,0,0,0,0,0,0,0,339,0,0,0,0,0,0,0,0,0,28,55,75,41,41,0,0,0,0,0,0,0,0,0,0
20,68,31,55,1,0,21,109,25,0,0,3,0,0,0,21,4,0,0,21,1,211,22,131,18,195,0,0,0,213,0,45,0,36,0,0,0,0,0,59,0,0,0,0,0,0,0,0,0,0,0,0,0,168,0,165,0,44,0,0,0,0,4,129,0,0,0,0,0,0,0,0,0,0,0,0,0,0,0,0,0,24,0,0,0,136,0,28,0,0,0,39,0,0,0,0,0,0,0,34,0,0,0,0,0,0,0,0,0,0,0,0,0,0,0,0,0,0,0,0,0,0,0,0,0,0,0,0,0,230,0,0,0,209,0,422,0,333,0,247,0,22,0,176,0,0,0,0,0,0,0,0,0,0,0,40,0,0,0,58,0,5,0,0,0,0,0,0,0,0,0,2,0,0,0,0,1,33,0,0,0,0,1,2,0,0,0,0,0,0,0,0,0,0,0,0,0,0,0,50,0,66,0,0,0,0,0,0,0,58,0,0,0,0,0,0,0,0,7,10,0,0,0,0,0
8,0,149,0,119,178,0,0,9,0,4,70,121,397,392,27,114,0,0,343,237,67,559,0,0,0,286,304,0,0,11,5,6,1,246,26,62,2,0,0,20,18,131,42,11,0,9,60,7,0,511,42,19,0,101,0,0,0,0,0,0,0,38,0,3,0,0,0,0,0,0,0,0,0,0,0,0,0,0,0,0,0,0,0,0,0,0,0,0,0,0,0,0,0,0,0,0,0,0,0,0,0,0,0,0,0,0,0,0,0,0,0,0,0,0,0,0,0,0,0,0,0,0,0,0,0,0,0,0,0,0,0,0,0,0,0,0,0,0,0,0,0,0,0,2,0,0,0,0,0,0,0,0,0,0,0,0,0,0,0,0,0,0,0,57,0,69,4,34,0,0,0,5,0,4,0,45,35,17,0,4,0,10,0,21,0,23,3,0,0,0,0,0,0,0,0,0,0,0,0,195,0,0,0,0,0,0,0,0,0,162,235,225,0,104,0,0,1,46,45,76,0,0,0,0
0,79,0,88,284,301,0,43,0,0,32,30,373,56,185,431,0,21,343,0,80,674,0,197,7,64,29,878,0,0,11,86,0,0,59,340,0,60,0,0,7,14,0,115,0,52,0,47,2,12,0,317,0,49,0,93,0,0,0,3,0,0,0,68,0,54,0,0,0,0,0,0,0,0,0,0,0,0,0,0,0,73,0,0,0,0,0,0,0,0,0,0,0,0,0,0,0,0,0,73,0,0,0,0,0,0,0,0,0,0,0,0,0,0,0,0,0,0,0,0,0,0,0,0,0,0,0,0,0,0,0,85,0,0,0,433,0,273,0,0,0,0,0,0,0,0,0,0,0,92,0,57,0,72,0,0,0,24,0,0,0,0,0,0,0,38,0,132,0,147,0,0,0,40,0,0,5,71,25,8,2,0,0,1,0,59,18,13,0,0,0,0,0,0,0,0,0,0,0,0,0,0,0,0,0,0,0,0,0,129,39,26,80,7,131,0,0,0,160,70,315,45,0,13,0
16,9,125,0,298,91,0,0,0,0,137,31,72,80,457,45,471,1,237,80,0,28,388,9,39,0,173,68,70,0,46,0,13,0,73,0,9,0,19,0,0,11,58,0,68,0,0,0,0,0,161,0,26,0,0,0,0,0,0,0,0,0,91,0,0,0,0,0,0,0,21,0,0,0,26,0,0,0,0,0,0,0,0,0,126,0,0,0,0,0,0,0,0,0,0,0,433,0,110,0,13,0,0,0,0,0,0,0,0,0,0,0,0,0,0,0,0,0,0,0,45,0,0,0,0,0,0,0,17,0,0,0,0,0,30,0,0,0,22,0,0,0,218,0,8,0,0,0,0,0,0,0,6,0,2,0,0,0,0,0,2,0,0,0,13,0,51,2,24,0,7,0,16,0,0,0,63,24,49,0,0,0,23,0,0,0,19,0,0,0,0,0,4,0,0,0,0,0,0,0,112,0,0,0,0,0,0,0,0,0,202,228,207,53,126,0,0,0,0,0,17,0,0,0,0
0,0,14,25,77,199,0,3,0,1,45,141,54,48,139,158,0,211,67,674,28,0,29,277,0,93,0,447,1,154,5,215,0,233,0,114,5,92,0,13,0,0,0,81,0,38,0,20,0,8,2,185,0,0,0,50,0,0,0,0,0,0,0,97,0,0,0,0,0,0,0,0,0,0,0,0,0,0,0,0,0,170,0,0,0,653,0,106,0,0,0,0,0,0,0,0,0,0,0,95,0,125,0,0,0,0,0,0,0,0,0,0,0,0,0,0,0,0,0,0,0,47,0,0,0,0,0,0,0,0,0,0,0,93,0,459,0,256,0,321,0,229,0,671,0,38,0,0,0,0,0,0,0,0,0,11,0,0,0,0,0,0,0,0,0,28,0,66,0,47,0,0,0,18,0,0,0,52,3,14,0,0,0,0,0,0,0,13,0,0,0,0,0,0,0,12,0,0,0,0,0,78,0,0,0,0,0,0,0,0,14,0,12,0,35,0,0,0,91,81,79,7,0,1,0
6,204,209,99,42,87,47,24,0,0,25,152,0,0,481,273,245,22,559,0,388,29,0,221,80,30,402,0,218,6,115,5,65,55,0,0,33,17,171,9,4,0,0,0,46,0,39,0,3,0,0,0,7,0,140,0,10,0,0,0,11,2,31,0,0,0,0,0,0,0,0,0,0,0,0,0,0,0,0,0,0,0,0,0,0,0,0,0,0,0,0,0,0,0,0,0,67,0,0,0,0,0,0,0,0,0,0,0,0,0,0,0,0,0,0,0,0,0,0,0,0,0,0,0,0,0,0,0,32,0,41,0,34,0,109,0,95,0,0,0,0,0,394,0,0,0,7,0,0,0,2,0,6,0,3,0,0,0,0,0,2,0,0,0,4,0,14,0,5,0,7,1,133,0,0,0,0,96,9,0,0,0,8,0,1,0,0,0,0,0,0,0,0,0,0,0,0,0,0,0,128,0,0,0,0,0,0,0,11,0,95,113,125,65,105,0,0,1,0,0,20,0,0,0,0
100,62,149,279,99,66,0,15,0,0,78,79,0,0,32,357,21,131,0,197,9,277,221,0,32,31,0,27,7,100,0,69,0,148,0,16,0,18,0,22,0,0,0,0,0,0,0,0,0,0,0,2,0,38,0,26,0,4,0,0,0,0,0,98,0,0,0,0,0,0,0,0,0,0,0,0,0,0,0,0,0,44,0,0,0,180,0,20,0,0,0,53,0,0,0,0,0,0,0,25,0,0,0,0,0,0,0,0,0,0,0,0,0,0,0,0,0,0,0,0,0,0,0,0,0,0,0,0,0,49,0,0,0,0,0,270,0,112,0,48,0,11,0,131,0,0,0,0,0,0,0,0,0,0,0,0,0,0,0,0,0,0,0,0,0,0,0,0,0,0,0,3,0,13,0,0,0,130,0,9,1,0,6,3,0,0,0,0,0,0,0,0,0,0,0,0,0,0,0,32,0,53,0,0,0,0,0,0,0,34,0,0,0,0,11,0,0,0,5,25,26,5,0,0,0
0,232,73,0,0,0,228,168,8,252,0,0,0,0,55,15,194,18,0,7,39,0,80,32,0,176,0,2,174,5,0,0,7,0,0,0,0,4,142,0,0,0,0,0,18,0,16,0,10,0,0,0,61,0,173,31,25,0,8,1,344,13,341,37,0,0,0,0,0,0,0,0,0,0,0,0,0,0,0,0,0,0,0,0,7,0,0,0,0,0,0,0,0,0,0,0,0,0,0,0,0,0,4,0,0,0,0,0,0,0,0,0,0,0,0,0,0,0,0,0,0,0,0,0,0,0,0,0,62,0,51,0,0,0,75,0,144,0,32,0,0,0,378,0,0,0,0,0,0,0,0,0,0,0,26,0,0,0,15,0,9,0,0,0,14,0,5,0,16,0,85,5,291,14,0,0,7,81,0,0,0,0,0,19,0,0,0,0,0,0,0,0,0,0,0,0,0,0,0,0,65,0,0,0,0,0,0,0,0,0,266,58,251,179,332,0,0,4,20,0,12,0,0,0,0
191,20,105,162,0,15,51,100,34,4,0,0,0,0,0,136,27,195,0,64,0,93,30,31,176,0,0,0,0,265,0,0,0,0,0,0,0,0,0,161,0,0,0,0,0,0,0,0,0,0,0,0,0,28,0,198,0,22,0,0,0,14,8,17,0,0,0,0,0,0,0,0,0,0,0,0,0,0,0,0,0,2,0,0,0,0,0,0,0,0,0,0,0,0,0,0,0,0,0,0,0,0,0,0,0,0,0,0,0,0,0,0,0,0,0,0,0,0,0,0,0,0,0,1,0,0,0,0,0,113,0,31,0,114,0,172,0,171,0,36,1,0,0,0,0,0,0,0,0,0,0,10,0,3,0,11,0,0,0,0,0,17,0,2,0,3,0,0,0,5,0,4,0,44,0,0,0,56,0,0,0,0,5,0,0,0,0,0,0,0,0,0,0,0,0,0,0,0,0,69,0,25,0,5,0,0,0,0,0,72,0,0,0,0,41,0,0,0,24,10,55,23,0,0,0
20,0,112,0,212,0,0,0,13,0,34,0,186,247,187,0,270,0,286,29,173,0,402,0,0,0,0,330,27,0,9,0,0,0,16,0,18,0,0,0,62,158,135,26,196,42,365,298,29,32,254,20,32,0,0,0,0,0,0,0,0,0,99,0,0,0,0,0,0,0,44,0,0,0,50,0,0,0,0,0,0,0,0,0,0,0,0,0,0,0,0,0,0,0,0,0,0,0,0,0,0,0,0,0,0,0,0,0,0,0,0,0,0,0,1,0,0,0,0,0,0,0,0,0,0,0,0,0,0,0,0,0,0,0,0,0,0,0,0,0,0,0,0,0,0,0,0,0,0,0,0,0,17,0,0,0,0,0,0,0,0,0,0,0,134,0,0,0,0,0,0,0,9,0,4,0,27,35,17,0,7,0,19,0,11,0,56,9,0,0,0,0,0,0,4,0,0,0,0,0,0,0,0,0,0,0,0,0,0,0,69,481,437,0,61,0,0,23,0,0,9,0,0,0,0
0,160,0,18,0,336,0,22,0,0,0,118,480,191,0,43,0,0,304,878,68,447,0,27,2,0,330,0,0,0,0,0,0,5,16,39,10,6,0,0,279,42,64,357,0,370,48,296,3,60,105,291,0,28,0,13,0,0,0,4,0,0,0,0,0,34,0,0,0,0,0,0,0,0,0,0,0,0,0,0,0,0,0,0,0,94,0,0,0,0,0,0,0,0,0,0,0,0,0,0,0,0,0,0,0,0,0,0,0,0,0,0,0,0,0,0,0,0,0,0,0,0,0,0,0,0,0,0,0,0,0,0,0,0,0,0,0,0,0,0,0,0,0,0,0,0,0,0,0,0,0,41,0,0,0,0,0,21,0,0,0,0,0,0,0,135,0,0,0,110,0,0,0,0,0,0,4,133,7,9,0,38,0,0,0,36,63,30,0,0,0,0,0,0,0,0,0,0,0,0,0,0,0,0,0,0,0,0,0,0,0,0,0,0,89,0,0,0,120,500,618,0,0,0,20
215,0,509,0,126,0,14,0,0,0,46,0,0,0,5,0,295,0,0,0,70,1,218,7,174,0,27,0,0,0,26,0,21,0,29,0,57,0,22,0,0,0,34,0,0,0,0,0,0,0,21,0,36,0,31,0,0,0,0,0,30,0,81,0,0,0,0,0,0,0,46,0,0,0,33,0,0,0,0,0,78,0,0,0,151,0,46,0,0,0,0,0,0,0,0,0,281,0,99,0,0,0,0,0,0,0,0,0,0,0,0,0,0,0,0,0,0,0,0,0,72,0,30,0,0,0,0,0,35,0,0,0,0,0,0,0,38,0,112,0,23,0,246,0,27,0,0,0,0,0,0,0,0,0,14,0,0,0,0,0,0,0,0,0,0,0,0,0,0,0,2,0,0,0,0,0,25,11,0,0,0,0,34,0,0,0,0,0,0,0,0,0,0,0,0,0,0,0,0,0,141,0,0,0,0,0,0,0,11,0,10,17,0,0,0,0,0,0,0,0,0,0,0,0,0
0,152,7,128,0,0,0,388,0,44,0,13,0,0,0,44,0,213,0,0,0,154,6,100,5,265,0,0,0,0,0,53,0,32,0,20,0,18,0,3,0,0,0,0,0,0,0,0,0,0,0,3,0,27,0,333,0,5,0,0,0,47,0,29,0,0,0,0,0,0,0,0,0,0,0,0,0,0,0,0,0,0,0,0,0,0,0,0,0,0,0,4,0,0,0,0,0,0,0,0,0,0,0,0,0,0,0,0,0,0,0,0,0,0,0,0,0,0,0,0,0,0,0,0,0,0,0,0,0,28,0,0,0,0,0,70,0,36,0,121,0,36,0,40,0,20,0,0,0,0,0,0,0,0,0,2,0,2,0,21,0,0,0,0,0,0,0,0,0,0,0,1,0,0,0,1,0,47,0,0,0,0,0,11,0,0,0,0,0,0,0,0,0,0,0,0,0,0,0,0,0,0,0,0,0,0,0,0,0,0,0,0,0,0,5,0,0,0,4,7,0,4,0,1,0
0,0,169,0,254,0,0,0,0,0,123,0,5,0,191,0,39,0,11,11,46,5,115,0,0,0,9,0,26,0,0,0,4,0,24,1,12,0,6,0,0,0,0,0,4,0,0,0,0,0,8,0,0,0,0,0,0,0,0,0,0,0,0,0,0,0,0,0,0,0,2,0,0,0,0,0,0,0,0,0,0,0,0,0,0,0,5,0,0,0,0,0,0,0,0,0,41,0,0,0,0,0,0,0,0,0,0,0,0,0,0,0,0,0,0,0,0,0,0,0,0,0,0,0,0,0,0,0,0,0,0,0,0,0,0,0,0,0,0,0,0,0,0,0,0,0,0,0,0,0,0,1,0,0,0,0,0,0,0,0,0,0,1,0,0,0,27,0,0,0,0,0,7,0,0,0,49,14,37,0,0,0,4,0,0,0,0,0,0,0,0,0,0,0,0,0,0,0,0,0,0,0,0,0,0,0,0,0,0,0,34,53,58,15,26,0,0,0,0,0,0,0,0,0,0
0,0,0,58,0,156,0,0,0,0,0,33,0,2,0,174,0,45,5,86,0,215,5,69,0,0,0,0,0,53,0,0,0,21,0,33,0,7,0,10,0,0,0,6,0,0,0,0,0,0,0,8,0,3,0,13,0,0,0,0,0,0,0,14,0,0,0,0,0,0,0,0,0,0,0,0,0,0,0,0,0,0,0,0,0,68,0,0,0,0,0,0,0,0,0,0,0,0,0,0,0,0,0,0,0,0,0,0,0,0,0,0,0,0,0,0,0,0,0,0,0,9,0,0,0,0,0,0,0,0,0,0,0,0,0,0,0,0,0,94,0,55,0,108,0,0,0,0,0,0,0,0,0,1,0,0,0,0,0,6,0,0,0,0,0,0,0,0,0,0,0,0,0,0,0,0,0,12,0,1,0,0,0,0,0,0,0,0,0,0,0,0,0,0,0,0,0,0,0,0,0,0,0,0,0,0,0,0,0,0,0,0,0,0,0,0,0,0,0,2,0,0,0,0,0
0,0,114,5,351,0,0,0,0,0,276,0,0,0,182,28,22,0,6,0,13,0,65,0,7,0,0,0,21,0,4,0,0,0,8,0,99,0,6,0,0,0,2,0,0,0,0,0,0,0,6,0,12,0,0,0,0,0,0,0,17,0,9,0,0,0,0,0,0,0,4,0,0,0,4,0,0,0,0,0,7,0,0,0,15,0,4,0,0,0,0,0,0,0,0,0,32,0,0,0,0,0,0,0,0,0,0,0,0,0,0,0,0,0,0,0,0,0,0,0,0,0,0,0,0,0,0,0,0,0,0,0,0,0,0,0,0,0,9,0,0,0,0,0,7,0,0,0,0,0,0,0,0,0,0,0,8,0,0,0,0,0,0,0,1,0,60,0,9,0,4,0,14,0,0,0,87,24,82,0,0,0,0,0,0,0,1,0,0,0,0,0,0,0,0,0,0,0,0,0,5,0,0,0,0,0,0,0,0,0,34,53,85,18,21,0,0,0,0,0,0,0,0,0,0
0,135,0,315,0,318,0,0,0,0,0,176,0,0,24,381,0,36,1,0,0,233,55,148,0,0,0,5,0,32,0,21,0,0,0,38,0,126,0,4,0,0,0,17,0,0,0,0,0,0,0,11,0,0,0,37,0,0,0,0,0,15,0,0,0,0,0,0,0,0,0,0,0,0,0,0,0,0,0,0,0,0,0,0,0,0,0,0,0,0,0,0,0,0,0,0,0,0,0,0,0,0,0,0,0,0,0,0,0,0,0,0,0,0,0,0,0,0,0,0,0,0,0,0,0,0,0,0,0,0,0,0,0,0,0,0,0,0,0,68,0,0,0,0,0,22,0,0,0,0,0,0,0,0,0,13,0,25,0,19,0,0,0,0,0,0,0,17,0,0,0,0,0,8,0,0,0,124,0,18,0,0,0,0,0,0,0,0,0,0,0,0,0,0,0,0,0,0,0,0,0,0,0,0,0,0,0,0,0,0,0,0,0,0,0,0,0,0,0,43,0,0,0,0,0
2,0,4,0,125,22,0,0,0,0,7,6,115,29,77,4,21,0,246,59,73,0,0,0,0,0,16,16,29,0,24,0,8,0,0,2,28,0,3,0,0,2,11,0,6,0,0,0,0,0,39,0,0,0,0,0,0,0,0,0,1,0,5,0,0,0,3,0,3,0,3,0,0,0,4,0,0,0,0,0,7,0,0,0,0,0,0,0,0,0,0,0,0,0,0,0,49,0,14,0,0,0,0,0,0,0,0,0,0,0,0,0,0,0,0,0,0,0,0,0,0,0,0,0,0,0,0,0,0,0,0,0,0,0,0,0,0,0,0,0,0,0,0,0,0,0,0,0,0,0,0,0,0,0,0,0,0,0,0,0,0,0,0,0,16,0,99,0,18,0,2,0,5,0,0,0,40,18,16,0,0,0,0,0,0,0,11,0,0,0,0,0,0,0,0,0,0,0,0,0,0,0,0,0,0,0,0,0,0,0,90,108,174,0,58,0,0,0,0,4,0,0,0,0,0
0,0,0,0,0,242,0,0,0,0,0,85,20,75,9,133,0,0,26,340,0,114,0,16,0,0,0,39,0,20,1,33,0,38,2,0,0,442,0,4,0,0,0,8,0,10,0,0,0,0,2,17,0,0,0,6,0,0,0,0,0,7,0,2,0,0,0,0,0,0,0,0,0,0,0,0,0,0,0,0,0,0,0,0,0,171,0,21,0,0,0,0,0,0,0,0,0,0,0,0,0,0,0,0,0,0,0,0,0,0,0,0,0,0,0,0,0,0,0,0,0,0,0,0,0,0,0,0,0,0,0,4,0,0,0,0,0,55,0,96,0,127,0,234,0,27,0,0,0,0,0,0,0,0,0,0,0,0,0,14,0,0,0,0,0,3,0,28,0,0,0,5,0,0,0,0,1,25,0,8,0,0,0,0,0,0,0,5,0,0,0,0,0,0,0,0,0,0,0,0,0,0,0,0,0,0,0,0,0,0,0,0,0,0,5,0,0,0,0,6,30,0,0,0,0
24,0,38,5,220,0,0,0,0,0,177,0,105,0,110,0,28,0,62,0,9,5,33,0,0,0,18,10,57,0,12,0,99,0,28,0,0,0,264,0,0,0,35,0,26,0,0,0,3,0,91,0,20,0,11,0,2,0,6,0,24,0,24,0,2,0,2,0,0,0,154,0,8,0,76,0,0,0,0,0,112,1,0,0,167,0,76,0,0,0,35,0,0,0,0,0,211,0,174,0,0,0,0,0,0,0,24,0,0,0,0,0,0,0,0,0,0,0,0,0,110,0,0,0,0,0,0,0,0,0,0,0,0,0,0,0,38,0,86,0,119,0,73,0,153,0,0,0,0,0,0,0,0,0,14,0,43,0,15,0,0,0,49,0,10,0,116,0,26,0,26,0,44,0,0,0,57,25,43,0,0,0,11,0,0,0,0,0,0,0,0,0,0,0,0,0,0,0,0,0,4,0,0,0,0,0,0,0,0,0,32,47,185,16,25,0,0,0,0,0,0,0,0,0,0
0,132,0,76,0,274,0,89,0,34,0,102,0,12,11,173,0,0,2,60,0,92,17,18,4,0,0,6,0,18,0,7,0,126,0,442,0,0,0,11,0,0,0,35,0,22,0,0,0,1,0,90,0,0,0,17,0,0,0,0,0,76,0,5,0,0,0,0,0,0,0,10,0,0,0,19,0,0,0,0,0,0,0,0,0,100,0,0,0,0,0,17,0,0,0,0,0,0,0,17,0,0,0,0,0,0,0,0,0,0,0,0,0,0,0,0,0,0,0,0,0,28,0,16,0,0,0,0,0,17,0,0,0,0,0,0,0,35,0,125,0,148,0,143,0,114,0,0,0,0,0,0,0,0,0,7,0,31,0,16,0,0,0,0,0,1,0,56,0,22,0,14,0,66,0,0,0,109,0,12,0,0,0,20,0,0,0,1,0,3,0,0,0,0,0,6,0,0,0,0,0,0,0,0,0,0,0,0,0,0,0,0,5,0,0,0,0,0,0,228,33,0,0,0,0
349,0,486,0,213,0,44,0,0,0,134,0,0,0,10,0,49,0,0,0,19,0,171,0,142,0,0,0,22,0,6,0,6,0,3,0,264,0,0,0,0,0,3,0,0,0,0,0,0,0,0,0,19,0,0,0,0,0,0,0,10,0,16,0,0,0,0,0,0,0,0,0,0,0,0,0,0,0,0,0,0,0,0,0,0,0,0,0,0,0,0,0,0,0,0,0,0,0,0,0,0,0,0,0,0,0,0,0,0,0,0,0,0,0,0,0,0,0,0,0,0,0,0,0,0,0,0,0,0,0,0,0,0,0,0,0,0,0,0,0,0,0,0,0,30,0,0,0,0,0,0,0,0,0,12,0,23,0,0,0,0,0,0,0,0,0,28,0,0,0,0,0,67,0,0,0,61,26,26,0,0,0,95,0,2,0,0,0,0,0,0,0,0,0,0,0,0,0,0,0,0,0,0,0,0,0,0,0,0,0,5,68,10,0,0,0,0,0,0,0,0,0,0,0,0
0,468,19,198,0,0,0,622,0,62,0,18,0,0,0,32,0,59,0,0,0,13,9,22,0,161,0,0,0,3,0,10,0,4,0,4,0,11,0,0,0,0,0,0,0,0,0,0,0,0,0,0,0,5,0,135,0,0,0,0,0,41,0,5,0,0,0,0,0,0,0,0,0,0,0,0,0,0,0,0,0,0,0,0,0,0,0,0,0,0,0,0,0,0,0,0,0,0,0,0,0,0,0,0,0,0,0,0,0,0,0,0,0,0,0,0,0,0,0,0,0,0,0,0,0,0,0,0,0,0,0,0,0,0,0,0,0,0,0,12,0,0,0,0,0,41,0,0,0,0,0,0,0,0,0,11,0,65,0,12,0,0,0,0,0,0,0,0,0,0,0,3,0,19,0,0,0,167,0,4,0,0,0,64,0,0,0,0,0,0,0,0,0,0,0,0,0,0,0,0,0,0,0,0,0,0,0,0,0,0,0,0,0,0,5,0,0,0,6,54,16,2,0,0,0
10,0,0,0,84,0,0,0,0,0,24,0,304,149,0,2,0,0,20,7,0,0,4,0,0,0,62,279,0,0,0,0,0,0,0,0,0,0,0,0,0,164,24,21,16,85,214,416,122,107,0,4,0,0,0,0,0,0,0,0,0,0,0,0,0,0,0,0,0,0,0,0,0,0,0,0,0,0,1,0,0,0,0,0,0,0,0,0,0,0,0,0,0,0,0,0,0,0,0,0,0,0,0,0,0,0,0,0,0,0,0,0,0,0,0,0,0,0,0,0,0,0,0,0,0,0,0,0,0,0,0,0,0,0,0,0,0,0,0,0,0,0,0,0,0,0,0,0,0,0,0,0,0,0,0,0,0,0,0,0,0,0,0,0,5,1,0,0,0,0,0,0,0,0,0,0,16,75,24,0,11,0,9,0,3,0,212,7,0,0,0,0,0,0,0,0,0,0,0,0,0,0,0,0,0,0,0,0,0,0,0,298,66,0,6,0,0,41,0,9,7,0,0,0,4
0,39,0,0,0,71,0,0,0,3,0,94,86,242,0,0,0,0,18,14,11,0,0,0,0,0,158,42,0,0,0,0,0,0,2,0,0,0,0,0,164,0,21,13,12,37,85,330,10,73,28,4,0,1,0,0,0,0,0,0,0,0,0,0,0,0,0,0,0,0,0,0,0,0,0,0,0,0,0,0,0,0,0,0,0,0,0,0,0,0,0,0,0,0,0,0,0,0,0,0,0,0,0,0,0,0,0,0,0,0,0,0,0,0,0,0,0,1,0,0,0,0,0,0,0,0,0,0,0,0,0,0,0,0,0,0,0,0,0,0,0,0,0,0,0,0,0,0,0,0,0,3,0,0,0,0,0,0,0,0,0,0,0,0,0,20,0,0,0,0,0,0,0,0,0,0,0,230,0,16,0,0,0,4,0,0,25,16,0,0,0,0,0,0,0,0,0,0,0,0,0,0,0,0,0,0,0,0,0,0,0,4,0,0,0,0,0,0,0,66,12,0,0,0,17
0,0,0,0,9,0,0,0,0,0,0,0,132,21,0,0,40,0,131,0,58,0,0,0,0,0,135,64,34,0,0,0,2,0,11,0,35,0,3,0,24,21,0,0,164,16,55,86,17,7,117,0,11,0,0,0,0,0,3,0,5,0,33,0,0,0,0,0,0,0,70,0,0,0,60,0,0,0,0,0,112,0,0,0,0,0,0,0,0,0,0,0,0,0,0,0,0,0,174,0,0,0,0,0,0,0,0,0,0,0,0,0,0,0,0,0,0,0,0,0,0,0,0,0,0,0,0,0,0,0,0,0,0,0,0,0,0,0,0,0,0,0,0,0,25,0,0,0,0,0,0,0,0,0,0,0,0,0,0,0,0,0,10,0,39,0,24,0,0,0,15,0,13,0,2,0,34,5,0,0,4,0,0,0,2,0,37,2,0,0,0,0,0,0,0,0,0,0,0,0,0,0,0,0,0,0,0,0,0,0,0,91,56,0,0,0,0,1,0,2,0,0,0,0,0
0,0,0,0,5,21,0,0,0,0,0,0,29,138,0,12,0,0,42,115,0,81,0,0,0,0,26,357,0,0,0,6,0,17,0,8,0,35,0,0,21,13,0,0,0,396,0,43,0,42,0,121,0,0,0,0,0,0,0,0,0,0,0,0,0,0,0,0,0,0,0,0,0,0,0,14,0,0,0,0,0,43,0,0,0,90,0,28,0,0,0,0,0,0,0,0,0,0,0,0,0,24,0,10,0,0,0,0,0,0,0,0,0,0,0,0,0,0,0,0,0,0,0,21,0,0,0,0,0,0,0,0,0,0,0,0,0,0,0,39,0,77,0,71,0,40,0,0,0,0,0,0,0,0,0,0,0,0,0,6,0,0,0,0,0,58,0,24,0,49,0,0,0,14,0,0,0,44,0,0,0,0,0,0,0,0,3,86,0,0,0,0,0,0,0,0,0,0,0,0,0,0,0,0,0,0,0,0,0,0,0,0,0,0,11,0,0,0,0,59,83,6,0,0,0
0,0,0,0,0,4,0,0,0,0,5,0,38,0,5,0,205,0,11,0,68,0,46,0,18,0,196,0,0,0,4,0,0,0,6,0,26,0,0,0,16,12,164,0,0,9,325,38,201,30,122,0,41,0,19,0,19,0,0,0,0,0,148,0,0,0,0,0,10,0,199,0,0,0,136,0,0,0,0,0,0,0,0,0,340,0,171,0,20,0,0,0,14,0,0,0,922,0,365,0,0,0,0,0,0,0,0,0,0,0,0,0,0,0,0,0,0,0,0,0,193,0,0,0,0,0,0,0,0,0,0,0,0,0,0,0,0,0,33,0,0,0,0,0,50,0,0,0,1,0,0,0,0,0,1,0,0,0,0,0,0,0,35,0,223,0,32,0,29,0,24,0,31,0,0,0,10,14,4,0,0,0,3,0,0,0,18,0,0,0,0,0,0,0,0,0,0,0,0,0,0,0,0,0,0,0,0,0,0,0,68,133,277,35,39,0,4,60,0,0,1,0,0,0,1
0,3,0,0,0,5,0,0,0,0,0,4,39,35,1,0,0,0,0,52,0,38,0,0,0,0,42,370,0,0,0,0,0,0,0,10,0,22,0,0,85,37,16,396,9,0,35,241,16,293,0,159,0,0,0,0,0,0,0,0,0,3,0,0,0,0,0,0,0,35,0,39,0,5,0,34,0,34,0,0,0,132,0,92,0,215,0,62,0,60,0,0,0,101,0,149,0,0,0,41,0,56,0,57,0,14,0,0,0,0,0,0,0,19,0,0,0,10,0,0,0,94,0,44,0,0,0,0,0,0,0,0,0,0,0,35,0,0,0,0,0,85,0,145,0,46,0,0,0,0,0,0,1,0,0,0,0,0,0,0,0,0,0,9,0,281,0,31,0,98,0,16,0,47,0,0,0,38,0,0,0,0,0,0,0,0,9,18,0,0,0,0,0,0,0,0,0,0,0,0,0,0,0,0,0,0,0,0,0,0,0,7,4,0,29,0,0,0,39,253,436,16,0,0,163
13,0,33,0,94,0,0,0,0,0,27,0,271,0,0,0,17,0,9,0,0,0,39,0,16,0,365,48,0,0,0,0,0,0,0,0,0,0,0,0,214,85,55,0,325,35,0,216,254,159,0,0,0,0,9,0,0,0,0,0,0,0,0,0,0,0,0,0,2,0,0,0,0,0,2,0,0,0,0,0,0,0,0,0,14,0,0,0,0,0,0,0,0,0,0,0,0,0,0,0,0,0,0,0,0,0,0,0,0,0,0,0,0,0,0,0,0,0,0,0,0,0,0,0,0,0,0,0,0,0,0,0,6,0,0,0,0,0,0,0,0,0,0,0,0,0,0,0,0,0,0,0,0,0,0,0,0,0,0,0,0,0,0,0,47,0,0,0,3,0,0,0,0,0,10,0,19,59,44,0,0,0,13,0,0,0,78,0,0,0,0,0,0,0,0,0,0,0,0,0,0,0,0,0,0,0,0,0,5,0,59,420,243,0,17,0,0,153,0,18,0,0,0,0,16
0,80,0,0,0,74,0,7,0,0,0,81,156,139,0,0,0,0,60,47,0,20,0,0,0,0,298,296,0,0,0,0,0,0,0,0,0,0,0,0,416,330,86,43,38,241,216,0,68,131,78,10,0,0,0,0,0,0,0,0,0,0,0,0,0,0,0,1,0,0,0,0,0,0,0,0,0,0,0,0,0,0,0,0,0,0,0,0,0,4,0,0,0,0,0,0,0,0,0,0,0,0,0,0,0,0,0,0,0,0,0,0,0,0,0,0,0,0,0,0,0,0,0,0,0,0,0,0,0,0,0,0,0,0,0,0,0,0,0,0,0,0,0,0,0,0,0,0,0,14,0,0,0,0,0,0,0,0,0,0,0,0,0,0,0,0,0,0,0,0,0,0,0,0,0,0,0,165,0,0,0,0,0,2,0,0,52,13,0,0,0,0,0,0,0,0,0,0,0,0,0,0,0,0,0,0,0,0,0,0,0,10,2,0,0,0,0,7,0,399,49,0,0,0,59
10,3,14,0,7,0,54,0,10,0,0,1,35,0,0,0,4,0,7,2,0,0,3,0,10,0,29,3,0,0,0,0,0,0,0,0,3,0,0,0,122,10,17,0,201,16,254,68,0,76,8,0,6,0,26,0,58,0,44,0,0,0,0,0,0,0,0,0,10,0,0,1,0,0,0,1,3,0,4,0,0,0,8,0,0,0,8,0,9,0,0,0,17,0,13,0,7,0,0,1,11,0,14,0,0,0,8,0,0,0,0,0,0,0,0,0,0,0,0,0,0,0,0,0,4,0,0,0,3,0,2,0,0,0,18,0,10,0,3,0,0,0,8,0,0,0,5,0,0,0,10,0,8,0,10,0,0,0,0,0,18,0,0,0,12,0,6,0,4,0,8,0,15,0,15,0,94,29,21,0,19,0,2,0,2,0,235,0,18,0,0,0,18,0,5,0,0,0,31,0,5,0,28,0,0,0,21,0,16,0,251,152,228,30,113,4,2,37,0,9,9,0,0,0,7
0,8,0,4,0,5,0,0,0,1,0,26,2,46,0,3,0,0,0,12,0,8,0,0,0,0,32,60,0,0,0,0,0,0,0,0,0,1,0,0,107,73,7,42,30,293,159,131,76,0,0,7,0,0,0,1,0,1,0,1,0,0,0,0,0,0,0,0,0,0,0,7,0,0,0,4,0,0,0,0,0,0,0,4,0,0,0,9,0,7,0,0,0,7,0,0,0,0,0,0,0,0,0,0,0,0,0,2,0,0,0,0,0,0,0,0,0,0,0,0,0,0,0,0,0,0,0,0,0,0,0,0,0,0,0,0,0,0,0,0,0,0,0,0,0,6,0,0,0,0,0,3,0,10,0,0,0,0,0,0,0,0,0,3,0,15,0,8,0,0,0,0,0,13,0,0,0,294,0,13,0,17,0,5,0,9,38,49,0,0,0,0,0,0,0,0,0,0,0,1,0,0,0,0,0,0,0,0,0,0,0,19,0,0,5,0,0,6,18,31,18,0,0,0,28
10,0,0,0,58,0,0,0,0,0,0,0,397,76,28,0,35,0,511,0,161,2,0,0,0,0,254,105,21,0,8,0,6,0,39,2,91,0,0,0,0,28,117,0,122,0,0,78,8,0,0,0,2,0,0,0,12,0,0,0,0,0,16,0,0,0,5,0,7,0,60,0,7,0,39,0,9,0,0,0,44,0,0,0,65,0,43,0,0,0,0,0,15,0,28,0,0,0,94,0,14,0,0,0,0,0,0,0,0,0,0,0,0,0,0,0,0,0,0,0,36,0,4,0,0,0,0,0,0,0,0,0,0,0,0,0,0,0,0,0,9,0,0,0,14,0,0,0,0,0,0,0,0,0,0,0,0,0,3,0,0,0,21,0,73,0,82,0,84,0,31,0,44,0,0,0,49,13,13,0,0,0,0,0,1,0,73,0,0,0,0,0,0,0,0,0,0,0,0,0,0,0,8,0,0,0,0,0,0,0,44,133,166,30,33,1,0,0,0,0,10,0,0,0,0
0,0,0,0,8,147,0,0,0,0,0,17,35,167,0,16,0,0,42,317,0,185,0,2,0,0,20,291,0,3,0,8,0,11,0,17,0,90,0,0,4,4,0,121,0,159,0,10,0,7,0,0,0,0,0,0,0,0,0,0,0,4,0,0,0,0,0,0,0,0,0,0,0,0,0,19,0,11,0,0,0,88,0,20,0,154,0,43,0,0,0,0,0,0,0,0,0,0,0,16,0,0,0,0,0,0,0,0,0,0,0,0,0,0,0,0,0,0,0,0,0,63,0,34,0,0,0,0,0,0,0,0,0,0,0,0,0,0,0,63,0,109,0,149,0,45,0,0,0,0,0,0,0,0,0,0,0,5,0,0,0,0,0,8,0,38,0,35,0,108,0,15,0,36,0,0,0,30,0,0,0,0,0,1,0,0,4,45,0,0,0,0,0,0,0,27,0,0,0,0,0,0,0,0,0,40,0,0,0,0,0,0,0,0,14,0,0,0,19,14,50,0,0,1,0
7,1,0,0,4,0,120,8,72,82,2,0,0,0,11,0,174,0,19,0,26,0,7,0,61,0,32,0,36,0,0,0,12,0,0,0,20,0,19,0,0,0,11,0,41,0,0,0,6,0,2,0,0,8,213,82,112,7,42,38,49,0,214,2,0,2,0,69,0,0,0,0,0,0,0,0,0,0,0,0,0,0,0,0,38,0,0,0,0,0,14,0,0,0,0,0,71,0,11,0,0,0,0,0,0,0,0,0,0,0,0,0,0,0,0,0,0,0,0,0,0,0,12,0,0,0,7,0,78,0,15,2,14,0,0,0,109,0,299,0,47,0,180,0,23,0,0,0,0,0,0,0,0,0,317,0,79,0,89,0,3,0,0,0,0,0,1,0,4,0,127,0,10,0,0,1,21,6,0,0,0,0,0,0,8,3,0,0,0,0,0,0,0,0,0,0,0,0,0,0,28,0,0,0,0,0,0,0,0,0,65,123,128,58,60,8,14,0,5,1,3,0,0,0,0
0,43,0,0,0,0,48,7,64,99,0,0,0,0,0,12,0,168,0,49,0,0,0,38,0,28,0,28,0,27,0,3,0,0,0,0,0,0,0,5,0,1,0,0,0,0,0,0,0,0,0,0,8,0,37,74,0,136,26,21,0,53,15,180,0,0,15,40,0,0,0,0,0,0,0,0,0,0,0,0,0,0,0,0,0,5,0,0,1,0,0,0,0,0,0,0,0,0,0,0,0,0,0,0,0,0,0,3,0,0,0,0,0,1,0,0,0,0,0,0,0,0,0,0,0,0,0,1,0,77,0,7,0,62,0,39,0,40,0,199,0,16,0,8,0,13,0,0,0,0,0,0,0,0,0,101,0,62,0,175,0,0,0,0,0,0,0,0,0,0,0,0,0,0,0,0,4,50,0,0,0,0,0,29,1,41,0,0,0,0,0,0,0,0,0,0,0,0,0,11,0,0,0,0,0,0,0,0,0,0,0,0,0,0,0,0,0,0,0,1,0,1,0,3,1
0,0,47,0,7,0,101,0,0,261,0,0,0,0,47,0,29,0,101,0,0,0,140,0,173,0,0,0,31,0,0,0,0,0,0,0,11,0,0,0,0,0,0,0,19,0,9,0,26,0,0,0,213,37,0,152,114,9,144,48,48,6,99,28,1,0,0,98,0,0,0,0,0,0,0,0,0,0,0,0,0,0,0,0,0,0,0,0,0,0,0,0,0,0,0,0,0,0,0,0,0,0,0,0,0,0,0,0,0,0,0,0,0,0,0,0,0,0,0,0,0,0,0,0,0,0,0,0,24,0,57,0,0,0,0,0,46,0,20,0,0,0,67,0,2,0,0,0,3,0,0,0,0,0,54,2,35,4,20,0,27,0,0,0,3,0,0,0,3,0,146,0,20,0,0,0,25,10,1,0,0,0,0,6,0,0,0,0,0,0,0,0,0,0,0,0,0,0,0,0,0,0,0,0,0,0,0,0,0,0,256,120,306,260,332,47,54,5,0,4,0,0,0,0,0
20,5,0,45,0,18,113,40,286,88,0,0,0,0,0,206,2,165,0,93,0,50,0,26,31,198,0,13,0,333,0,13,0,37,0,6,0,17,0,135,0,0,0,0,0,0,0,0,0,1,0,0,82,74,152,0,0,216,72,33,10,539,40,709,0,0,72,49,0,0,0,0,0,0,0,0,0,0,0,0,0,0,0,0,0,0,0,0,0,0,1,0,0,0,0,0,0,0,0,0,0,0,0,0,0,0,0,0,0,0,0,0,0,0,0,0,0,0,0,0,0,0,0,0,0,56,0,0,0,178,0,80,0,99,0,63,0,102,0,47,0,0,0,0,0,0,0,0,0,5,0,21,0,0,5,120,8,50,0,32,0,113,0,17,0,4,0,0,0,91,0,334,0,332,0,0,11,37,0,0,0,0,0,9,0,7,0,0,0,0,0,0,0,0,0,0,0,0,0,0,0,0,0,0,0,0,0,0,0,65,0,2,0,0,767,0,0,0,379,53,713,525,0,290,6
0,0,0,0,0,0,89,0,27,0,0,0,0,0,0,0,5,0,0,0,0,0,10,0,25,0,0,0,0,0,0,0,0,0,0,0,2,0,0,0,0,0,0,0,19,0,0,0,58,0,12,0,112,0,114,0,0,4,305,68,0,0,5,0,33,22,79,76,0,0,0,0,0,0,0,0,0,0,0,0,0,0,0,0,0,0,0,0,0,0,0,0,0,0,0,0,0,0,0,0,0,0,0,0,0,0,0,0,0,0,0,0,0,0,0,0,0,0,0,0,0,0,0,0,9,0,0,0,28,0,89,0,0,0,0,0,26,0,5,3,2,0,27,0,19,0,0,0,0,0,0,0,0,0,161,12,81,0,65,15,230,0,8,0,7,0,12,0,8,0,215,0,26,0,0,13,0,0,0,0,8,48,0,0,14,3,0,0,0,0,0,0,0,0,0,0,0,0,2,0,0,0,0,0,0,0,0,0,0,0,658,237,684,544,901,124,122,12,10,11,11,0,0,0,0
0,0,0,10,0,0,0,49,8,50,0,0,0,0,0,0,0,44,0,0,0,0,0,4,0,22,0,0,0,5,0,0,0,0,0,0,0,0,0,0,0,0,0,0,0,0,0,0,0,1,0,0,7,136,9,216,4,0,59,418,0,14,0,34,3,4,78,110,0,9,0,0,0,0,0,0,0,13,0,0,0,0,0,0,0,0,0,0,0,1,0,0,0,7,0,0,0,0,0,0,0,0,0,0,0,0,0,0,0,0,0,0,0,0,0,0,0,0,0,0,0,0,0,0,0,24,0,0,0,88,0,61,0,36,0,26,0,35,0,51,0,0,0,0,0,15,0,0,0,0,0,9,0,0,11,176,4,57,0,182,0,138,0,39,0,2,0,7,0,116,0,414,0,36,0,0,0,0,0,0,0,0,0,0,6,5,0,0,0,0,0,0,0,0,0,0,0,2,0,0,0,0,0,0,0,0,0,3,0,20,0,0,0,0,981,0,0,0,401,60,1113,742,35,191,0
2,0,20,0,0,0,54,0,133,46,0,0,0,0,0,0,0,0,0,0,0,0,0,0,8,0,0,0,0,0,0,0,0,0,0,0,6,0,0,0,0,0,3,0,0,0,0,0,44,0,0,0,42,26,144,72,305,59,0,315,15,0,9,0,230,22,202,287,0,0,0,0,1,0,0,0,0,0,0,0,0,0,0,0,0,0,0,0,0,0,0,0,0,0,0,0,0,0,0,0,0,0,0,0,0,0,0,0,0,0,0,0,0,0,0,0,0,0,0,0,0,0,0,0,8,0,0,0,1,0,23,0,0,0,0,0,0,0,4,0,0,0,0,0,4,0,0,0,20,0,0,0,0,0,49,37,104,0,0,12,64,0,0,0,0,0,4,0,1,0,55,3,0,0,2,33,46,0,0,0,0,31,0,0,239,45,0,0,0,0,0,0,2,0,0,0,0,0,0,0,0,0,0,0,0,0,0,0,0,0,697,294,290,342,716,112,76,8,42,21,0,21,0,0,0
0,11,0,17,0,10,0,59,24,56,0,0,0,0,0,3,0,0,0,3,0,0,0,0,1,0,0,4,0,0,0,0,0,0,0,0,0,0,0,0,0,0,0,0,0,0,0,0,0,1,0,0,38,21,48,33,68,418,315,0,0,17,0,14,9,240,253,399,0,0,0,0,0,1,0,0,0,2,0,0,0,0,0,3,0,0,0,0,0,0,0,0,0,6,0,0,0,0,0,0,0,0,0,0,0,0,0,0,0,0,0,0,0,0,0,0,0,0,0,0,0,0,0,0,0,15,0,0,0,0,0,46,0,0,0,0,0,0,0,0,0,0,0,0,0,43,0,0,0,0,0,0,0,0,25,81,13,153,0,88,9,105,0,0,0,0,0,2,0,34,0,0,0,6,0,29,2,0,0,0,1,17,0,0,29,69,0,0,0,0,0,0,0,0,0,0,0,1,0,0,0,0,0,0,0,0,0,0,0,5,0,0,0,0,1174,0,0,0,874,171,625,564,28,98,6
234,0,189,0,0,0,433,0,251,15,5,0,0,0,0,0,140,0,0,0,0,0,11,0,344,0,0,0,30,0,0,0,17,0,1,0,24,0,10,0,0,0,5,0,0,0,0,0,0,0,0,0,49,0,48,10,0,0,15,0,0,0,35,0,0,0,0,6,0,0,22,0,0,0,0,0,0,0,0,0,0,0,0,0,0,0,9,0,0,0,0,0,0,0,0,0,0,0,0,0,0,0,0,0,0,0,0,0,0,0,0,0,0,0,0,0,0,0,0,0,0,0,14,0,0,0,0,0,0,0,0,0,6,0,0,0,0,0,74,0,66,0,0,0,223,0,0,0,0,0,0,0,0,0,37,0,123,0,10,0,0,0,15,0,0,0,0,0,0,0,142,1,94,0,0,0,21,8,0,0,0,0,13,0,0,0,0,0,0,0,0,0,0,0,0,0,0,0,0,0,0,0,0,0,0,0,0,0,0,0,14,22,52,34,32,0,0,1,0,0,0,0,0,0,0
19,127,0,0,0,0,0,345,0,620,0,0,0,0,0,0,3,0,0,0,0,0,2,0,13,14,0,0,0,47,0,0,0,15,0,7,0,76,0,41,0,0,0,0,0,3,0,0,0,0,0,4,0,53,6,539,0,14,0,17,0,0,8,21,0,0,0,0,0,0,0,0,0,1,0,0,0,0,0,0,0,1,0,0,0,0,0,0,0,0,0,0,0,0,0,0,0,0,0,0,0,0,0,0,0,0,0,0,0,0,0,0,0,0,0,0,0,0,0,0,0,0,0,0,0,0,0,0,0,0,0,0,0,0,0,0,0,0,0,174,0,90,0,0,0,232,0,0,0,0,0,0,0,0,0,35,0,123,0,43,0,0,0,7,0,0,0,0,0,8,1,50,0,99,0,0,7,164,0,0,0,0,0,96,0,0,0,0,0,0,0,0,0,0,0,0,0,0,0,0,0,0,0,0,0,0,0,0,0,0,0,0,0,0,4,0,0,0,3,76,55,14,0,16,0
63,5,102,0,0,0,260,27,103,147,5,0,0,0,19,1,649,4,38,0,91,0,31,0,341,8,99,0,81,0,0,0,9,0,5,0,24,0,16,0,0,0,33,0,148,0,0,0,0,0,16,0,214,15,99,40,5,0,9,0,35,8,0,13,0,1,0,3,0,0,19,0,0,0,19,0,0,0,0,0,48,0,0,0,198,0,0,0,0,0,0,0,0,0,0,0,0,0,0,0,0,0,0,0,0,0,0,0,0,0,0,0,0,0,0,0,0,0,0,0,56,0,48,0,0,0,0,0,76,0,0,0,24,0,0,0,87,0,361,0,58,0,224,0,34,0,0,0,0,0,0,0,0,0,110,0,29,0,52,0,0,1,0,0,0,0,0,1,0,0,9,2,20,0,0,0,11,19,1,0,0,0,0,3,0,1,0,0,0,0,0,0,0,0,0,0,0,0,0,0,35,0,0,0,0,0,0,0,0,0,14,54,20,16,24,0,0,0,6,0,0,0,0,0,0
3,30,0,0,0,0,38,115,50,320,0,5,0,0,0,15,3,129,0,68,0,97,0,98,37,17,0,0,0,29,0,14,0,0,0,2,0,5,0,5,0,0,0,0,0,0,0,0,0,0,0,0,2,180,28,709,0,34,0,14,0,21,13,0,0,0,0,0,0,0,0,0,0,0,0,0,0,0,0,0,0,0,0,0,0,0,0,0,0,0,0,0,0,0,0,0,0,0,0,0,0,0,0,0,0,0,0,0,0,0,0,0,0,0,0,0,0,0,0,0,0,0,0,0,0,0,0,0,0,27,0,0,0,0,0,0,0,6,0,50,0,0,0,6,0,0,0,0,0,0,0,0,0,0,0,30,0,7,0,23,0,0,0,0,0,0,0,0,0,0,0,0,0,4,0,0,0,121,0,0,0,0,0,66,0,10,0,0,0,0,0,0,0,0,0,0,0,0,0,0,0,2,0,0,0,0,0,0,0,0,1,0,0,0,2,0,0,0,0,10,0,2,0,0,0
13,0,26,0,0,0,53,0,186,1,0,0,2,0,10,0,0,0,3,0,0,0,0,0,0,0,0,0,0,0,0,0,0,0,0,0,2,0,0,0,0,0,0,0,0,0,0,0,0,0,0,0,0,0,1,0,33,3,230,9,0,0,0,0,0,0,195,6,0,0,0,0,0,0,1,0,0,0,0,0,0,0,0,0,0,0,0,0,0,0,0,0,0,0,0,0,0,0,0,0,0,0,0,0,0,0,0,0,0,0,0,0,0,0,0,0,0,0,0,0,0,0,0,0,12,0,1,0,0,0,35,0,0,0,0,0,0,0,0,13,0,0,0,0,15,36,3,0,91,0,0,0,0,0,0,14,1,0,0,28,533,95,0,0,0,0,0,0,0,0,5,0,0,0,72,10,3,0,0,0,126,164,10,0,72,0,0,0,0,0,0,0,0,0,0,0,0,0,0,0,0,0,0,0,0,0,0,0,0,0,50,20,14,0,77,0,0,0,30,0,0,0,0,0,0
0,97,0,6,0,29,0,8,0,161,0,13,0,11,0,6,0,0,0,54,0,0,0,0,0,0,0,34,0,0,0,0,0,0,0,0,0,0,0,0,0,0,0,0,0,0,0,0,0,0,0,0,2,0,0,0,22,4,22,240,0,0,1,0,0,0,27,935,0,0,0,11,0,0,0,5,0,0,0,0,0,0,0,0,0,0,0,0,0,0,0,0,0,0,0,0,0,0,0,0,0,0,0,0,0,0,0,0,0,0,0,0,0,0,0,0,0,0,0,1,0,0,0,1,0,28,0,13,0,0,0,87,0,0,0,0,0,0,25,15,0,5,0,0,17,56,0,39,27,202,0,15,0,15,14,4,0,3,30,10,111,462,0,0,0,0,0,0,0,0,0,0,0,0,2,71,0,0,0,0,14,229,0,4,0,124,0,0,0,0,0,0,0,0,0,0,0,0,0,0,0,0,0,0,0,0,0,0,0,0,0,0,0,0,108,0,0,0,83,41,73,0,9,0,0
34,0,14,0,0,0,185,0,222,37,0,0,7,0,0,0,0,0,0,0,0,0,0,0,0,0,0,0,0,0,0,0,0,0,3,0,2,0,0,0,0,0,0,0,0,0,0,0,0,0,5,0,0,15,0,72,79,78,202,253,0,0,0,0,195,27,0,171,0,0,0,0,0,0,0,0,0,0,0,0,0,0,0,0,0,0,1,0,0,0,0,0,0,0,0,0,0,0,0,0,0,0,0,0,0,0,0,0,0,0,0,0,0,0,0,0,0,0,0,0,0,0,0,0,19,0,4,0,0,0,21,0,0,0,11,0,0,0,3,0,0,0,1,0,6,0,13,0,59,0,4,0,4,0,10,29,16,4,0,21,151,17,0,5,0,0,0,0,0,0,7,0,0,0,15,44,122,0,0,0,0,68,14,0,895,55,0,0,0,0,0,0,0,0,0,0,0,0,3,0,0,0,0,0,0,0,1,0,0,0,120,77,35,0,148,17,0,0,25,21,12,0,0,0,0
0,8,0,0,0,0,30,5,67,106,0,0,0,0,0,0,0,0,0,0,0,0,0,0,0,0,0,0,0,0,0,0,0,0,0,0,0,0,0,0,0,0,0,0,0,0,0,1,0,0,0,0,69,40,98,49,76,110,287,399,6,0,3,0,6,935,171,0,0,0,0,0,0,0,0,0,0,0,0,0,0,0,0,0,0,0,0,0,0,0,0,0,0,0,0,0,0,0,0,0,0,0,0,0,0,0,0,0,0,0,0,0,0,0,0,0,0,0,0,0,0,0,0,0,0,18,0,0,0,0,0,117,0,0,0,4,0,0,0,0,0,0,0,0,1,14,0,0,0,54,0,4,0,2,14,38,0,87,0,49,9,105,0,0,0,0,0,0,0,4,0,0,0,0,1,85,21,13,0,0,0,41,0,0,23,538,0,0,0,0,0,0,0,0,0,0,0,0,0,0,0,0,0,0,0,0,0,0,0,0,0,0,0,0,356,0,0,0,314,98,130,0,11,0,0
0,0,0,0,0,0,0,0,0,0,0,0,0,0,0,0,0,0,0,0,0,0,0,0,0,0,0,0,0,0,0,0,0,0,3,0,0,0,0,0,0,0,0,0,10,0,2,0,10,0,7,0,0,0,0,0,0,0,0,0,0,0,0,0,0,0,0,0,0,0,0,0,2,0,2,1,31,0,10,0,7,0,68,0,3,0,10,0,52,0,5,0,46,0,22,0,5,0,0,0,12,0,109,0,0,0,0,0,43,0,4,0,16,0,7,0,0,0,0,0,0,0,0,0,4,2,0,0,0,0,0,0,2,0,0,0,6,0,0,0,3,0,5,0,0,0,0,0,0,0,0,0,2,0,0,0,0,0,0,0,0,0,0,0,82,0,2,0,80,0,1,0,0,0,2,0,0,0,0,0,0,0,0,0,0,0,0,0,35,0,6,0,22,0,16,0,0,0,0,0,0,0,0,0,12,0,3,0,0,0,129,0,137,0,0,23,10,0,0,0,0,0,0,0,0
0,0,0,0,0,0,0,0,0,0,0,0,0,0,0,0,0,0,0,0,0,0,0,0,0,0,0,0,0,0,0,0,0,0,0,0,0,0,0,0,0,0,0,0,0,35,0,0,0,0,0,0,0,0,0,0,0,9,0,0,0,0,0,0,0,0,0,0,0,0,0,0,0,0,0,0,0,63,0,0,0,0,0,9,0,0,0,6,0,71,0,0,0,44,0,30,2,0,0,0,0,8,0,129,0,0,0,0,0,12,0,2,0,35,0,5,0,23,0,0,0,0,0,0,3,0,0,0,0,0,0,0,0,0,0,0,0,3,0,0,0,0,0,0,0,0,0,0,0,0,0,0,0,0,0,0,0,0,0,0,0,1,0,1,0,76,0,0,0,64,0,2,0,0,0,0,0,0,0,0,0,0,0,0,0,0,0,0,0,0,0,0,0,0,0,16,0,0,0,0,0,0,0,0,0,0,0,0,0,0,0,0,0,0,0,0,0,0,41,0,72,0,31,37,1
0,0,0,0,0,0,0,0,0,0,0,0,0,0,0,0,15,0,0,0,21,0,0,0,0,0,44,0,46,0,2,0,4,0,3,0,154,0,0,0,0,0,70,0,199,0,0,0,0,0,60,0,0,0,0,0,0,0,0,0,22,0,19,0,0,0,0,0,0,0,0,0,270,0,234,0,13,0,220,0,0,3,0,0,5,0,24,0,0,0,0,0,0,0,0,0,0,0,0,0,0,0,0,0,0,0,0,0,0,0,0,0,0,0,0,0,0,0,0,0,22,0,9,0,36,16,90,0,56,0,58,0,38,0,0,0,119,0,58,0,241,0,129,0,189,0,71,10,11,0,110,0,52,0,0,0,19,0,1,0,0,0,116,0,0,0,14,0,17,0,46,0,62,0,57,0,0,0,6,0,94,23,7,0,0,0,0,0,0,0,0,0,0,0,0,0,0,0,0,0,0,0,0,0,0,0,0,0,0,0,12,0,8,0,13,0,0,0,15,0,52,0,0,0,0
0,0,0,0,0,0,0,0,0,0,0,0,0,0,0,0,0,0,0,0,0,0,0,0,0,0,0,0,0,0,0,0,0,0,0,0,0,10,0,0,0,0,0,0,0,39,0,0,1,7,0,0,0,0,0,0,0,0,0,0,0,0,0,0,0,11,0,0,0,0,0,0,0,36,0,171,0,4,0,10,1,0,0,0,0,0,0,39,1,0,6,0,0,0,0,0,0,0,0,0,2,0,0,0,0,0,4,0,0,0,0,0,0,0,0,0,0,0,0,0,0,0,0,11,0,94,20,107,19,0,0,36,0,132,0,0,11,0,12,5,0,37,0,0,0,149,20,0,0,37,0,0,0,31,0,0,0,5,0,0,17,13,0,36,0,0,0,0,0,8,0,27,0,15,1,33,0,0,0,0,22,145,0,0,0,0,0,0,0,0,0,0,0,0,0,0,0,0,0,0,0,0,0,0,0,0,0,6,0,0,0,0,0,0,0,0,0,0,52,3,11,0,0,0,0
0,0,0,0,0,0,0,0,0,0,0,0,0,0,0,0,0,0,0,0,0,0,0,0,0,0,0,0,0,0,0,0,0,0,0,0,8,0,0,0,0,0,0,0,0,0,0,0,0,0,7,0,0,0,0,0,0,0,1,0,0,0,0,0,0,0,0,0,2,0,270,0,0,0,153,0,20,0,140,0,7,0,21,0,2,0,15,0,0,0,0,0,3,0,14,0,0,0,0,0,2,0,0,0,0,0,3,0,0,0,0,0,0,0,0,0,2,0,0,0,15,0,0,0,30,0,60,0,26,1,27,0,25,0,85,0,78,16,12,0,54,0,110,0,70,0,0,0,0,0,87,0,32,0,0,0,1,0,0,0,0,0,31,0,2,0,0,0,15,0,4,0,5,0,0,0,0,0,0,0,37,0,0,0,0,0,0,0,2,0,0,0,0,0,0,0,0,0,45,0,23,0,0,0,0,0,0,0,48,0,177,0,26,0,11,0,2,0,3,0,0,0,0,0,0
0,0,0,0,0,0,0,0,0,0,0,0,0,0,0,0,0,0,0,0,0,0,0,0,0,0,0,0,0,0,0,0,0,0,0,0,0,0,0,0,0,0,0,0,0,5,0,0,0,0,0,0,0,0,0,0,0,0,0,1,0,1,0,0,0,0,0,0,0,0,0,36,0,0,0,195,0,43,0,32,4,16,0,18,0,9,0,92,0,0,0,0,0,3,0,4,0,0,0,0,0,0,0,0,0,0,0,0,0,0,0,0,0,0,0,0,0,0,0,0,0,37,0,59,0,42,0,46,0,0,0,0,0,0,0,66,0,0,0,0,0,46,0,8,0,16,0,0,0,0,0,0,6,0,0,0,0,0,0,0,0,0,0,32,0,0,0,0,0,18,0,17,0,2,0,8,0,0,0,0,0,53,0,0,0,1,0,0,0,0,0,0,0,0,0,0,0,0,0,0,0,27,0,57,0,0,0,0,0,42,0,0,0,0,6,0,0,0,87,2,15,0,2,0,0
0,0,7,0,0,0,0,0,0,0,0,0,0,0,0,0,31,0,0,0,26,0,0,0,0,0,50,0,33,0,0,0,4,0,4,0,76,0,0,0,0,0,60,0,136,0,2,0,0,0,39,0,0,0,0,0,0,0,0,0,0,0,19,0,1,0,0,0,2,0,234,0,153,0,0,0,19,0,199,0,18,0,0,0,42,0,55,0,0,0,0,0,0,0,0,0,7,0,5,0,0,0,0,0,0,0,0,0,0,0,0,0,0,0,0,0,0,0,0,0,106,0,59,0,19,6,41,0,36,0,0,0,24,16,105,0,78,0,16,6,200,0,377,0,69,0,0,0,10,0,79,0,39,0,0,0,11,0,0,0,0,0,39,0,0,0,0,0,23,0,20,0,0,0,38,0,0,0,0,0,63,0,0,0,0,0,0,0,0,0,0,0,11,0,0,0,0,0,77,0,61,0,57,0,13,0,0,0,0,0,86,1,0,0,10,0,0,0,0,0,45,0,0,0,0
0,0,0,0,0,0,0,0,0,0,0,0,0,0,0,0,0,0,0,0,0,0,0,0,0,0,0,0,0,0,0,0,0,0,0,0,0,19,0,0,0,0,0,14,0,34,0,0,1,4,0,19,0,0,0,0,0,0,0,0,0,0,0,0,0,5,0,0,1,0,0,171,0,195,0,0,0,3,0,17,0,5,0,0,0,0,0,56,0,0,0,0,0,0,0,0,0,0,0,0,2,0,0,0,0,0,23,0,0,0,0,0,0,0,0,0,0,0,0,0,0,59,0,65,0,88,30,198,0,0,0,0,0,145,0,86,21,63,0,6,0,75,15,34,5,188,32,35,0,0,17,115,0,60,0,0,0,3,0,0,0,0,0,46,0,0,0,13,0,3,0,19,0,22,2,30,0,0,0,1,47,225,0,0,0,0,0,0,0,0,1,0,0,0,0,0,0,0,0,0,0,30,0,0,0,0,0,0,0,108,16,0,53,0,12,0,0,0,114,0,10,0,0,0,0
0,0,0,0,0,0,3,0,0,0,0,0,0,0,0,0,0,0,0,0,0,0,0,0,0,0,0,0,0,0,0,0,0,0,0,0,0,0,0,0,0,0,0,0,0,0,0,0,3,0,9,0,0,0,0,0,0,0,0,0,0,0,0,0,0,0,0,0,31,0,13,0,20,0,19,0,0,0,40,0,17,0,102,0,0,0,40,0,20,0,0,0,69,0,29,0,18,0,0,0,13,0,82,0,0,0,16,0,8,0,0,0,2,0,7,0,18,0,0,0,0,0,2,0,0,2,0,0,0,0,0,0,8,0,0,0,10,0,0,0,0,0,24,0,3,0,0,1,0,0,0,0,0,0,0,0,0,0,0,0,0,0,0,0,24,0,10,0,119,0,3,0,0,0,5,0,0,0,0,0,6,0,0,0,0,0,0,0,0,0,15,0,0,0,0,0,0,0,0,0,31,0,0,0,0,0,0,0,0,0,83,0,63,0,0,2,12,0,0,0,0,0,0,0,0
0,0,0,0,0,0,0,0,0,0,0,0,0,6,0,0,0,0,0,0,0,0,0,0,0,0,0,0,0,0,0,0,0,0,0,0,0,0,0,0,0,0,0,0,0,34,0,0,0,0,0,11,0,0,0,0,0,13,0,2,0,0,0,0,0,0,0,0,0,63,0,4,0,43,0,3,0,0,0,3,0,94,0,184,0,9,0,176,0,23,0,4,0,42,0,125,2,4,0,15,0,17,0,54,0,0,0,6,0,10,0,0,0,9,0,0,0,32,0,0,0,0,0,5,0,0,0,0,0,0,0,0,0,0,0,0,0,0,0,0,0,0,0,0,0,0,0,0,0,0,0,0,0,3,0,0,0,0,0,0,0,0,0,7,0,44,0,0,0,157,0,7,0,1,0,0,0,0,0,0,0,22,0,0,0,0,0,0,0,0,0,0,0,0,0,54,0,0,0,0,0,27,0,49,0,0,0,0,0,0,0,0,3,0,6,0,0,0,70,0,101,0,8,3,0
0,0,0,0,0,0,0,0,0,0,0,0,0,0,0,0,0,0,0,0,0,0,0,0,0,0,0,0,0,0,0,0,0,0,0,0,0,0,0,0,1,0,0,0,0,0,0,0,4,0,0,0,0,0,0,0,0,0,0,0,0,0,0,0,0,0,0,0,10,0,220,0,140,0,199,0,40,0,0,0,66,0,143,0,30,0,145,0,0,0,0,0,12,0,28,0,31,0,0,0,0,1,31,0,0,0,34,0,0,0,0,0,0,0,14,0,19,0,0,0,75,0,18,0,0,0,0,7,0,0,0,0,0,0,132,0,37,8,0,0,89,0,158,0,25,0,0,0,0,0,0,0,0,0,0,0,0,0,0,0,0,0,11,0,4,0,5,0,81,0,0,0,0,0,0,0,0,0,0,0,0,0,0,0,0,0,0,0,75,0,0,0,0,0,0,0,0,0,119,0,107,0,130,0,118,0,0,0,0,0,404,5,82,0,30,1,13,1,0,0,0,0,0,0,0
