0,56,125,29,88,0,55,0,35,0,123,0,96,0,11,27,27,24,17,0,0,2,27,96,38,79,28,0,61,3,2,0,12,0,4,0,0,0,292,4,31,0,2,0,0,0,26,0,9,0,0,0,2,0,0,0,0,0,2,0,105,0,45,0,9,0,2,0,0,0,0,0,0,0,0,0,0,0,0,0,0,0,0,0,0,0,0,0,0,0,0,0,0,0,0,0,0,0,0,0,0,0,0,0,0,0,0,0,0,0,0,0,0,0,0,0,0,0,0,0,0,0,0,0,6,0,1,0,0,0,0,0,0,0,0,0,0,0,0,0,0,0,0,0,0,0,0,0,12,0,0,0,0,0,0,0,0,0,0,0,0,0,0,0,0,0,5,0,82,0,50,0,314,0,0,0,27,163,0,0,0,0,43,0,16,0,0,0,0,0,0,0,0,0,0,0,0,0,0,0,0,0,0,0,1,0,0,0,0,0,577,133,181,193,255,0,5,0,0,0,0,0,0,0,0
56,0,0,98,0,143,0,14,10,94,7,86,0,73,0,88,28,104,0,127,0,15,51,120,69,55,0,103,0,293,0,0,0,133,0,0,0,230,0,639,0,0,0,0,0,20,0,46,0,6,0,6,0,2,0,20,0,0,0,14,0,215,2,95,0,122,0,43,0,2,0,0,0,0,0,0,0,0,0,0,0,0,0,6,0,0,0,6,0,0,0,0,0,0,0,0,0,0,0,0,0,0,0,0,0,0,0,0,0,0,0,0,0,0,0,0,0,0,0,0,0,0,0,0,0,128,0,40,0,0,0,63,0,0,0,110,0,79,0,0,0,0,0,0,0,0,0,91,0,143,0,110,0,124,0,1,0,7,0,0,0,0,0,0,0,24,0,15,0,70,0,34,0,332,0,0,0,390,0,1,0,61,5,8,0,105,0,0,0,0,0,0,0,0,0,0,0,0,0,0,0,0,0,0,0,0,0,29,0,77,0,0,0,0,578,0,0,0,956,77,415,193,0,44,0
125,0,0,27,175,0,82,0,51,0,68,0,113,0,33,30,21,0,67,0,7,0,563,87,269,0,49,0,202,0,30,0,88,0,2,0,17,0,417,0,37,0,0,0,0,0,28,0,18,0,0,0,3,0,59,0,0,0,15,0,85,0,0,0,0,0,0,0,0,0,0,0,0,0,0,0,0,0,0,0,0,0,0,0,0,0,0,0,0,0,0,0,0,0,0,0,0,0,0,0,0,0,0,0,0,0,6,0,0,0,0,0,0,0,0,0,0,0,0,0,0,0,0,0,78,0,32,0,0,0,40,0,37,0,147,0,83,0,0,0,0,0,65,0,0,0,64,0,114,0,59,0,0,0,0,0,0,0,0,0,11,0,7,0,0,0,0,0,0,0,11,0,320,0,0,0,25,88,3,0,0,0,11,0,15,0,0,0,0,0,0,0,0,0,0,0,0,0,0,0,49,0,0,0,0,0,0,0,67,0,446,55,169,232,324,0,3,0,1,0,0,0,0,0,0
29,98,27,0,0,85,0,82,0,20,0,31,0,0,0,274,27,75,0,44,0,41,76,564,48,140,0,23,0,236,0,0,0,119,0,0,0,0,0,264,0,0,0,0,0,0,0,0,0,1,0,0,0,1,0,89,0,0,0,4,0,0,0,3,0,0,0,0,0,0,0,0,0,0,0,0,0,0,0,0,0,0,0,0,0,0,0,0,0,0,0,0,0,0,0,0,0,0,2,0,0,34,0,0,0,0,0,0,0,0,0,0,0,0,0,0,0,0,0,0,0,0,0,0,0,0,0,0,0,0,0,9,0,0,0,397,0,193,0,0,0,24,0,0,0,0,0,0,0,32,0,33,0,0,0,3,0,0,0,0,0,0,0,0,0,5,0,11,0,15,0,0,0,53,0,0,0,150,0,0,0,0,0,0,0,0,0,0,0,0,0,0,0,0,0,0,0,0,0,0,0,77,0,0,0,0,0,0,0,107,0,0,0,0,89,0,0,0,80,8,81,0,0,0,1
88,0,175,0,0,164,58,0,50,0,44,80,342,76,100,153,5,0,80,196,32,192,183,81,0,0,100,0,82,0,113,0,306,0,138,26,186,16,202,0,81,0,0,0,21,0,56,0,26,0,85,0,0,0,10,0,0,0,0,0,0,0,0,0,14,0,0,0,6,0,0,0,0,0,0,0,0,0,0,0,0,0,0,0,0,0,0,0,0,0,0,0,0,0,0,0,0,0,0,0,0,0,0,0,0,0,0,0,0,0,0,0,0,0,0,0,1,0,4,0,0,0,0,0,23,0,8,0,0,0,16,0,0,0,42,0,0,0,0,0,0,0,0,0,0,0,40,0,105,0,40,0,90,0,0,0,0,0,0,0,0,0,0,0,88,0,198,0,0,0,15,0,324,0,0,0,232,198,67,0,57,0,55,0,102,0,0,0,0,0,0,0,0,0,0,0,0,0,0,0,13,0,0,0,0,0,0,0,21,0,685,238,360,245,368,0,4,0,0,0,0,0,0,0,0
0,143,0,85,164,0,0,33,0,14,104,135,86,79,214,328,22,20,63,327,161,213,142,221,0,4,0,204,0,119,12,168,0,424,0,174,0,199,0,0,0,10,0,17,0,28,0,58,0,14,0,0,0,0,0,14,0,1,0,0,0,0,0,0,0,0,0,0,0,0,0,0,0,0,0,0,0,0,0,0,0,0,0,0,0,0,0,0,0,0,0,0,0,0,0,0,0,0,0,28,0,30,0,0,0,0,0,0,0,0,0,0,0,0,0,0,0,0,0,0,0,0,0,0,0,15,0,0,0,0,0,0,0,0,0,89,0,51,0,0,0,0,0,0,0,0,0,0,0,33,0,0,0,0,0,0,0,0,0,0,0,0,0,3,0,36,0,100,0,117,0,16,0,130,0,0,36,519,0,30,0,0,0,10,0,0,2,13,0,0,0,0,0,0,0,0,0,0,0,0,0,0,0,0,0,0,0,0,0,0,0,0,0,0,317,0,0,0,430,100,468,117,0,0,0
55,0,82,0,58,0,0,0,19,29,11,0,28,0,6,0,0,0,0,0,0,0,5,0,405,72,0,0,8,0,0,0,0,0,0,0,0,0,0,0,0,0,0,0,0,0,0,0,31,0,0,0,34,4,144,0,5,0,14,0,152,0,161,14,10,0,34,0,0,0,0,0,0,0,0,0,0,0,0,0,0,0,0,0,0,0,0,0,0,0,0,0,0,0,0,0,0,0,0,0,0,0,0,0,0,0,0,0,0,0,0,0,0,0,0,0,1,0,0,0,0,0,0,0,20,0,7,0,0,0,25,0,11,0,4,0,0,0,0,0,0,0,0,0,0,0,7,0,24,0,12,0,0,0,0,0,0,0,0,0,18,0,0,0,0,0,0,0,83,0,168,0,340,0,0,0,0,56,0,0,0,0,0,0,1,0,0,0,0,0,0,0,0,0,0,0,0,0,0,0,0,0,0,0,0,0,1,0,13,0,582,50,258,0,467,0,61,0,0,0,0,0,0,0,0
0,14,0,82,0,33,0,0,0,43,0,10,0,2,0,31,0,32,0,23,0,20,0,9,34,279,0,17,0,156,0,0,0,0,0,0,0,0,0,200,0,0,0,11,1,0,0,0,0,7,0,0,4,6,17,200,0,2,0,9,0,167,12,179,0,0,0,9,0,0,0,0,0,0,0,1,0,1,0,0,0,0,0,0,0,0,0,0,0,0,0,5,0,0,0,0,0,0,0,0,0,0,0,0,0,0,0,0,0,0,0,0,0,0,0,0,0,0,0,0,0,0,0,0,0,18,0,11,0,0,0,13,0,5,0,23,0,12,0,2,0,0,0,0,0,0,0,0,0,11,0,6,0,0,0,0,0,0,0,0,0,0,0,0,0,0,0,0,0,28,0,16,0,129,0,0,0,73,0,0,0,0,0,3,0,0,0,0,0,0,0,0,0,0,0,0,0,0,0,0,0,0,0,0,0,0,0,0,0,16,0,0,0,0,340,0,0,0,489,34,291,0,0,42,0
35,10,51,0,50,0,19,0,0,74,33,0,49,0,28,0,11,17,23,0,3,0,0,0,14,58,0,0,0,0,0,0,0,0,0,0,0,0,4,0,22,0,0,0,0,0,16,0,10,0,7,0,94,14,92,131,2,0,18,0,151,0,217,19,107,0,85,0,0,0,0,0,0,0,0,0,0,0,0,0,0,0,0,0,0,0,0,0,1,0,0,0,0,0,0,0,0,0,0,0,0,0,0,0,0,0,0,0,0,0,0,0,0,0,0,0,0,0,0,0,0,0,0,0,28,0,3,0,1,0,43,0,0,0,0,0,1,0,0,0,0,0,0,0,0,0,16,0,69,0,4,0,6,0,0,0,0,0,0,0,49,0,4,0,0,0,0,0,52,0,143,0,84,0,0,0,12,90,20,0,0,0,27,0,104,12,0,0,0,0,0,0,0,0,0,0,0,0,0,0,0,0,0,0,0,0,0,0,11,0,594,71,262,278,335,0,69,1,5,4,3,0,0,0,0
0,94,0,20,0,14,29,43,74,0,0,44,0,0,0,0,0,11,0,0,0,0,0,4,35,70,0,0,0,0,0,0,0,0,0,0,0,0,0,0,0,0,0,0,0,0,0,0,0,0,0,0,48,99,178,251,0,18,37,11,0,300,27,340,0,164,27,140,0,0,0,0,0,0,0,0,0,0,0,0,0,0,0,0,0,0,0,0,0,0,0,0,0,0,0,0,0,0,0,0,0,2,0,0,0,0,0,0,0,0,0,0,0,0,0,0,0,0,0,0,0,0,0,0,0,65,0,0,0,0,0,77,0,0,0,21,0,17,0,0,0,0,0,0,0,0,0,50,0,106,0,37,0,0,0,2,0,31,0,2,0,17,0,0,0,11,0,0,0,55,0,27,0,103,0,3,0,171,0,0,0,0,0,3,4,102,0,0,0,0,0,0,0,0,0,0,0,2,0,0,0,0,0,0,0,0,0,14,0,20,0,3,0,0,563,0,0,0,1093,106,327,185,9,0,2
123,7,68,0,44,104,11,0,33,0,0,26,135,7,6,138,9,0,5,45,0,82,31,103,0,0,0,0,36,0,34,0,215,12,0,0,99,0,177,0,24,0,1,0,9,0,16,0,6,0,0,0,0,0,0,0,0,0,0,0,0,0,0,0,0,0,0,0,0,0,0,0,0,0,0,0,0,0,0,0,0,0,0,0,0,0,0,0,0,0,0,0,0,0,0,0,0,0,0,0,0,0,0,0,0,0,0,0,0,0,0,0,0,0,0,0,1,0,0,0,0,0,0,0,0,0,0,0,0,0,4,0,0,0,0,0,0,0,0,0,0,0,0,0,0,0,0,0,10,0,0,0,62,0,0,0,0,0,0,0,0,0,2,0,21,0,63,0,102,0,0,0,195,0,0,0,310,166,43,0,37,0,38,0,32,0,1,0,0,0,0,0,0,0,0,0,0,0,0,0,3,0,0,0,0,0,0,0,0,0,334,141,167,0,162,0,0,0,0,0,0,0,0,0,0
0,86,0,31,80,135,0,10,0,44,26,0,0,68,86,72,0,7,27,117,68,113,72,105,0,0,0,213,0,104,3,64,3,453,0,70,0,271,0,126,0,68,0,0,0,68,0,154,0,28,0,18,0,0,0,0,0,0,0,0,0,13,0,5,0,14,0,0,0,1,0,0,0,0,0,0,0,0,0,0,0,28,0,0,0,0,0,0,0,0,0,0,0,0,0,0,0,0,0,0,0,0,0,0,0,0,0,0,0,0,0,0,0,0,0,0,0,1,0,7,0,0,0,0,0,0,0,0,0,0,0,5,0,0,0,0,0,18,0,0,0,0,0,0,0,0,0,0,0,23,0,75,0,122,0,0,0,0,0,0,0,0,0,0,0,20,0,64,0,77,0,11,0,143,0,59,13,368,0,21,0,154,0,58,0,47,0,9,0,0,0,0,0,0,0,0,0,0,0,0,0,0,0,0,0,0,0,0,0,0,0,0,0,0,426,0,0,0,643,162,418,141,0,0,0
96,0,113,0,342,86,28,0,49,0,135,0,0,171,36,39,0,0,90,424,49,225,0,0,0,0,118,330,0,0,12,0,6,0,107,35,27,6,0,0,80,71,58,28,54,17,111,112,7,0,230,0,2,0,0,0,0,0,1,0,0,0,0,0,9,0,0,0,0,0,0,0,0,0,0,0,0,0,0,0,0,0,0,0,0,0,0,0,0,0,0,0,0,0,0,0,0,0,0,0,0,0,0,0,0,0,0,0,0,0,0,0,0,0,0,0,0,0,3,0,0,0,0,0,17,0,0,0,0,0,2,0,0,0,0,0,0,0,0,0,0,0,0,0,0,0,0,0,50,0,24,0,168,0,0,0,0,0,0,0,0,0,0,0,100,0,0,0,38,0,3,0,6,0,73,0,120,149,105,0,110,0,75,0,91,0,168,0,0,0,0,0,0,0,0,0,0,0,0,0,0,0,0,0,0,0,0,0,0,0,164,229,311,66,72,0,0,0,0,0,0,0,0,0,0
0,73,0,0,76,79,0,2,0,0,7,68,171,0,85,8,0,0,299,79,110,77,0,0,0,0,140,183,0,0,7,16,1,0,36,182,8,39,0,0,0,124,24,240,0,72,0,168,1,48,52,385,0,1,0,0,0,0,0,0,0,0,0,0,0,0,0,0,0,0,0,0,0,0,0,4,0,0,0,0,0,0,0,0,0,0,0,0,0,0,0,0,0,0,0,0,0,0,0,0,0,0,0,0,0,0,0,0,0,0,0,0,0,0,0,0,0,0,0,0,0,0,0,0,0,0,0,0,0,0,0,0,0,0,0,0,0,0,0,0,0,0,0,7,0,0,0,0,0,0,0,0,0,0,0,0,0,0,0,0,0,0,0,0,0,39,0,9,0,60,0,0,0,9,0,17,0,277,0,23,0,48,0,18,0,0,26,72,0,0,0,0,0,0,0,0,0,0,0,0,0,0,0,0,0,0,0,0,0,0,0,0,0,0,33,0,0,0,60,135,261,27,0,0,0
11,0,33,0,100,214,6,0,28,0,6,86,36,85,0,202,25,0,244,196,143,255,226,44,26,0,141,0,13,0,226,32,114,34,177,43,115,18,0,0,22,0,0,0,0,5,38,0,4,0,33,3,0,0,40,0,0,0,11,0,0,0,11,0,24,0,0,0,0,0,45,0,0,0,0,0,0,0,0,0,0,0,0,0,0,0,0,0,0,0,30,0,0,0,0,0,201,0,0,0,0,0,0,0,0,0,0,0,0,0,0,0,0,0,0,0,0,0,0,0,0,0,0,0,77,0,0,0,0,0,25,0,36,0,271,0,182,0,0,0,0,0,242,0,0,0,119,0,191,0,82,0,93,0,0,0,0,0,0,0,0,0,3,0,55,0,162,0,54,0,0,0,78,0,0,0,92,116,0,0,0,0,14,0,115,0,0,0,0,0,0,0,0,0,0,0,0,0,0,0,125,0,0,0,0,0,0,0,75,0,186,78,146,0,93,0,0,0,0,2,0,0,0,0,0
27,88,30,274,153,328,0,31,0,0,138,72,39,8,202,0,28,0,21,323,153,163,181,78,17,37,0,114,0,8,5,64,10,51,0,14,0,23,0,0,1,1,0,0,0,27,0,8,0,9,0,0,0,2,0,59,0,6,0,0,0,7,0,26,0,20,0,4,0,0,0,0,0,0,0,16,0,0,0,0,0,0,0,0,0,90,0,0,0,0,0,168,0,0,0,0,0,36,0,196,0,0,0,0,0,0,0,0,0,0,0,0,0,0,0,0,0,0,0,0,0,0,0,0,0,0,0,0,0,3,0,0,0,24,0,759,0,311,0,0,0,66,0,116,0,0,3,0,0,57,0,0,1,0,0,13,0,0,0,3,0,0,0,0,0,0,0,0,0,0,0,3,0,13,0,0,35,235,0,6,0,0,2,0,0,12,0,0,0,0,0,0,0,0,0,0,0,0,0,0,0,130,0,0,0,0,0,0,0,153,0,0,0,0,27,0,0,0,47,35,60,13,0,2,0
27,28,21,27,5,22,0,0,11,0,9,0,0,0,25,28,0,14,83,2,219,5,131,69,88,46,51,0,364,0,44,0,87,0,5,0,16,0,400,0,0,0,0,0,23,0,12,0,13,0,5,0,85,0,7,3,7,0,0,0,71,0,307,0,0,0,0,0,0,0,40,0,0,0,40,0,0,0,0,0,72,0,0,0,493,0,33,0,0,0,100,0,0,0,0,0,492,0,133,0,9,0,0,0,0,0,0,0,0,0,0,0,0,0,0,0,0,0,0,0,0,0,96,0,0,0,0,0,32,0,0,0,16,0,69,0,276,0,61,0,160,0,519,0,0,0,0,0,0,0,0,0,2,0,23,0,0,0,21,0,5,0,0,0,0,0,8,0,41,0,14,0,178,0,0,0,21,46,3,0,0,0,33,0,1,0,0,0,0,0,0,0,0,0,0,0,0,0,0,0,75,0,0,0,0,0,0,0,0,0,95,22,108,140,139,0,0,0,0,0,0,0,0,0,0
24,104,0,75,0,20,0,32,17,11,0,7,0,0,0,0,14,0,0,16,0,104,26,99,75,57,0,0,0,369,0,15,0,96,0,0,0,20,0,252,0,0,0,0,0,0,0,0,0,0,0,0,0,56,5,18,0,5,0,0,0,21,0,155,0,0,0,0,0,0,0,0,0,0,0,0,0,0,0,0,0,65,0,0,0,143,0,19,0,0,0,60,0,0,0,0,0,25,0,80,0,0,0,0,0,0,0,0,0,0,0,0,0,0,0,0,0,0,0,0,0,16,0,4,0,0,0,0,0,22,0,0,0,15,0,304,0,0,0,82,0,203,0,294,0,0,0,0,0,0,0,0,0,0,0,44,0,0,0,26,0,0,0,0,0,0,0,0,0,0,0,1,0,19,0,0,0,75,0,0,0,0,0,16,0,0,0,0,0,0,0,0,0,0,0,0,0,0,0,0,0,0,0,0,0,0,0,0,0,0,0,0,0,0,13,0,0,0,17,0,40,12,0,0,0
17,0,67,0,80,63,0,0,23,0,5,27,90,299,244,21,83,0,0,486,182,172,283,0,0,0,286,421,0,0,32,15,0,0,229,59,72,18,0,0,28,36,30,34,39,0,28,76,4,0,226,0,0,0,0,0,0,0,0,0,0,0,68,0,33,0,0,0,0,0,48,0,0,0,46,0,0,0,0,0,0,0,0,0,209,0,0,0,0,0,0,0,0,0,0,0,582,0,0,0,0,0,0,0,0,0,0,0,0,0,0,0,0,0,0,0,0,0,0,0,0,0,0,0,0,0,24,0,0,0,0,0,0,0,254,0,166,0,0,0,0,0,0,0,0,0,0,0,110,0,0,0,0,0,0,0,0,0,0,0,0,0,0,0,79,0,19,0,46,0,6,0,30,0,0,0,8,92,7,0,0,0,0,0,84,0,19,2,0,0,0,0,0,0,0,0,0,0,0,0,164,0,0,0,0,0,0,0,0,0,170,181,158,39,64,0,0,0,0,0,0,0,0,0,0
0,127,0,44,196,327,0,23,0,0,45,117,424,79,196,323,2,16,486,0,215,204,15,133,0,10,156,120,0,13,27,70,0,7,97,138,0,36,0,0,17,2,17,81,0,44,0,31,0,7,94,107,0,10,0,19,0,0,0,2,0,6,0,49,0,32,0,7,0,0,0,0,0,0,0,0,0,0,0,0,0,0,0,0,0,139,0,58,0,0,0,0,0,0,0,0,0,0,0,102,0,0,0,0,0,0,0,0,0,0,0,0,0,0,0,0,0,0,0,0,0,0,0,0,0,0,0,0,0,0,0,0,0,0,0,0,0,91,0,0,0,0,0,78,0,10,0,0,0,72,0,0,0,0,0,0,0,0,0,0,0,0,0,0,0,10,0,17,0,54,0,0,0,0,0,0,0,210,0,9,0,0,0,0,0,38,10,21,0,0,0,0,0,0,0,0,0,0,0,0,0,0,0,0,0,0,0,0,0,0,0,0,0,4,47,0,0,0,98,80,105,0,0,0,0
0,0,7,0,32,161,0,0,3,0,0,68,49,110,143,153,219,0,182,215,0,209,138,32,27,0,147,69,76,0,139,23,127,16,124,39,108,0,7,0,0,0,6,0,18,0,2,0,0,0,51,0,29,0,17,0,0,0,0,0,8,0,193,0,7,0,0,0,0,0,186,0,0,0,131,0,0,0,0,0,197,0,0,0,502,0,84,0,0,0,188,0,0,0,0,0,698,0,497,0,14,0,0,0,0,0,0,0,0,0,0,0,0,0,0,0,0,0,0,0,87,0,0,0,0,0,0,0,0,0,0,0,21,0,79,0,103,0,0,0,106,0,311,0,37,0,0,0,0,0,0,0,12,0,8,0,0,0,0,0,0,0,0,0,23,0,51,0,48,0,0,0,45,0,0,0,32,46,7,0,0,0,0,0,0,0,6,0,0,0,0,0,0,0,0,0,0,0,0,0,85,0,0,0,0,0,0,0,0,0,106,69,76,41,36,0,0,0,0,0,0,0,0,0,0
2,15,0,41,192,213,0,20,0,0,82,113,225,77,255,163,5,104,172,204,209,0,34,264,0,10,0,233,0,170,25,28,8,58,40,68,0,12,0,17,2,0,0,52,0,57,0,16,0,0,9,41,0,25,0,51,0,0,0,0,0,0,0,183,0,0,0,0,0,0,0,27,0,0,0,77,0,0,0,0,0,377,0,0,0,375,0,178,0,0,0,0,0,0,0,0,0,0,0,243,0,0,0,0,0,0,0,0,0,0,0,0,0,0,0,0,0,0,0,0,0,132,0,0,0,0,0,0,0,0,0,0,0,0,0,0,0,0,0,155,0,290,0,548,0,58,0,0,0,0,0,0,0,0,0,0,0,0,0,0,0,0,0,21,0,40,0,48,0,93,0,9,0,34,0,0,6,92,6,8,0,0,0,0,0,0,0,7,0,20,0,0,0,0,0,0,0,0,0,0,0,0,0,0,0,0,0,0,0,0,0,0,0,0,141,0,0,0,239,254,253,74,0,0,0
27,51,563,76,183,142,5,0,0,0,31,72,0,0,226,181,131,26,283,15,138,34,0,293,93,0,80,0,53,0,37,0,56,33,4,0,0,16,53,7,0,0,0,0,31,0,0,0,0,0,0,0,16,0,126,0,20,0,19,0,0,0,29,0,16,2,0,0,0,0,0,0,0,0,0,0,0,0,0,0,0,0,0,0,0,0,0,0,0,0,0,0,0,0,0,0,242,0,0,0,0,0,0,0,0,0,0,0,0,0,0,0,0,0,0,0,0,0,0,0,0,0,0,0,34,0,24,0,0,0,0,0,93,0,394,0,567,0,0,0,0,0,581,0,0,0,79,0,87,0,63,0,76,0,16,0,0,0,0,0,21,0,0,0,0,0,16,0,38,0,19,0,96,13,0,0,148,209,32,0,6,0,35,0,51,0,0,0,0,0,0,0,0,0,0,0,0,0,0,0,185,0,0,0,0,0,0,0,94,0,120,39,61,0,87,1,7,0,18,0,0,0,0,0,0
96,120,87,564,81,221,0,9,0,4,103,105,0,0,44,78,69,99,0,133,32,264,293,0,110,68,0,60,0,220,0,69,5,157,0,14,0,19,0,47,0,0,0,15,0,0,0,0,0,0,0,9,0,46,0,22,0,2,0,0,0,0,0,199,0,0,0,0,0,0,0,0,0,0,0,0,0,0,0,34,0,262,0,0,0,343,0,104,0,0,0,260,0,0,0,0,0,80,0,477,0,340,0,0,0,0,0,201,0,0,0,0,0,0,0,0,0,0,0,0,0,62,0,0,0,0,0,0,0,0,0,0,0,0,3,695,0,119,0,0,0,159,0,301,0,0,0,0,0,0,0,0,0,5,0,0,0,0,0,0,0,0,0,0,0,0,0,0,0,0,0,0,0,12,0,2,22,248,0,9,0,0,7,8,0,0,0,0,0,0,0,0,0,0,0,0,0,0,0,0,0,141,0,0,0,0,0,0,0,0,0,0,0,0,13,0,0,0,42,29,59,0,0,0,0
38,69,269,48,0,0,405,34,14,35,0,0,0,0,26,17,88,75,0,0,27,0,93,110,0,226,12,0,44,0,0,0,0,0,0,0,0,0,48,0,0,0,0,0,0,0,0,0,0,0,0,0,68,0,68,25,29,0,18,0,27,0,59,13,0,0,0,0,0,0,0,0,0,0,0,0,0,0,0,0,0,0,0,0,0,0,0,0,0,0,0,0,0,0,0,0,83,0,0,0,0,0,0,0,0,0,0,0,0,0,0,0,0,0,0,0,0,0,0,0,0,0,0,0,16,0,25,0,100,0,10,0,69,0,151,0,402,0,25,0,0,0,283,0,1,0,0,1,0,0,9,0,0,0,26,0,0,0,30,0,57,0,0,0,0,0,0,0,0,0,16,0,66,0,0,0,3,198,0,0,0,2,45,0,0,0,0,0,0,0,0,0,0,0,0,0,0,0,0,0,59,0,0,0,0,0,0,0,33,0,111,21,50,67,89,0,5,0,5,0,0,0,0,0,0
79,55,0,140,0,4,72,279,58,70,0,0,0,0,0,37,46,57,0,10,0,10,0,68,226,0,0,0,0,49,0,2,0,0,0,1,0,0,0,21,0,0,0,0,0,0,0,0,0,0,0,0,3,8,35,79,0,13,0,3,0,28,16,36,0,0,0,2,0,0,0,1,0,0,0,0,0,0,0,0,0,0,0,0,0,0,0,0,0,0,1,0,0,0,0,0,2,7,0,14,0,0,0,0,0,0,0,0,0,0,0,0,0,0,0,0,0,0,0,0,0,0,0,0,0,20,0,0,0,0,0,7,0,29,0,243,0,139,0,34,0,39,0,46,0,0,0,0,0,0,0,0,0,0,0,27,0,0,0,0,0,46,0,0,0,0,0,0,0,0,0,0,13,12,0,0,0,324,0,0,0,0,10,8,0,0,0,0,0,0,0,0,0,0,0,0,0,0,0,0,0,32,0,0,0,0,0,0,0,41,14,0,0,0,21,0,0,0,46,9,39,10,0,2,0
28,0,49,0,100,0,0,0,0,0,0,0,118,140,141,0,51,0,286,156,147,0,80,0,12,0,0,403,19,0,18,0,0,0,76,9,139,0,0,0,41,262,232,0,190,55,103,250,6,0,417,5,0,0,0,0,0,0,5,0,0,0,54,0,15,0,0,0,0,0,92,0,0,0,0,0,0,0,0,0,0,0,0,0,0,0,0,0,0,0,0,0,0,0,0,0,0,0,0,0,0,0,0,0,0,0,0,0,0,0,0,0,0,0,0,0,0,0,0,0,0,0,0,0,0,0,0,0,0,0,0,0,0,0,0,0,0,0,0,0,0,0,0,0,0,0,38,0,81,0,0,0,0,0,0,0,0,0,0,0,0,0,0,0,136,0,20,0,0,0,0,0,0,0,0,0,0,100,13,0,23,0,46,0,96,0,96,2,0,0,0,0,0,0,0,0,0,0,0,0,0,0,0,0,0,0,0,0,0,0,107,249,346,65,51,0,0,6,0,0,0,0,0,0,0
0,103,0,23,0,204,0,17,0,0,0,213,330,183,0,114,0,0,421,120,69,233,0,60,0,0,403,0,0,7,0,9,0,8,62,40,0,0,0,0,117,31,70,276,19,194,32,164,2,16,175,248,0,0,0,11,0,0,0,0,0,0,0,0,0,0,0,0,0,0,0,0,0,0,0,0,0,0,0,0,0,0,0,0,0,0,0,0,0,0,0,0,0,0,0,0,0,0,0,0,0,0,0,0,0,0,0,0,0,0,0,0,0,0,0,0,0,0,0,0,0,0,0,0,0,0,0,0,0,0,0,0,0,0,0,0,0,0,0,0,0,0,0,0,0,0,0,0,0,0,0,0,0,0,0,0,0,0,0,0,0,0,0,4,5,28,0,10,0,0,0,0,0,11,0,0,0,142,0,0,0,0,0,0,0,0,50,28,0,0,0,0,0,0,0,0,0,0,0,0,0,0,0,0,0,0,0,0,0,0,0,6,0,0,0,0,0,0,0,182,211,28,0,0,0
61,0,202,0,82,0,8,0,0,0,36,0,0,0,13,0,364,0,0,0,76,0,53,0,44,0,19,0,0,0,51,0,44,0,29,0,39,0,11,0,0,0,14,0,11,0,0,0,0,0,17,0,4,0,11,0,0,0,0,0,7,0,27,0,0,0,0,0,0,0,14,0,0,0,11,0,0,0,0,0,0,0,0,0,50,0,10,0,0,0,0,0,0,0,0,0,45,0,49,0,0,0,0,0,0,0,0,0,0,0,0,0,0,0,0,0,0,0,0,0,13,0,25,0,0,0,0,0,0,0,0,0,0,0,0,0,0,0,21,0,30,0,52,0,14,0,0,0,0,0,0,0,0,0,4,0,2,0,3,0,0,0,0,0,0,0,0,0,0,0,0,0,0,0,0,0,0,0,5,0,0,0,15,0,0,0,0,0,0,0,0,0,0,0,0,0,0,0,0,0,3,0,0,0,0,0,0,0,0,0,3,6,0,0,0,0,0,0,0,0,0,0,0,0,0
3,293,0,236,0,119,0,156,0,0,0,104,0,0,0,8,0,369,0,13,0,170,0,220,0,49,0,7,0,0,0,28,0,24,0,55,0,15,0,27,0,0,0,0,0,0,0,0,0,0,0,9,0,18,0,20,0,14,0,0,0,22,0,84,0,0,0,0,0,0,0,0,0,0,0,0,0,0,0,0,0,0,0,0,0,71,0,0,0,0,0,26,0,0,0,2,0,9,0,0,0,0,0,0,0,0,0,0,0,0,0,0,0,0,0,0,0,0,0,0,0,10,0,0,0,0,0,0,0,0,0,0,0,0,0,91,0,0,0,115,0,117,0,108,0,33,0,0,0,0,0,0,0,0,0,29,0,7,0,42,0,0,0,0,0,0,0,6,0,0,0,0,0,0,0,0,1,0,0,0,0,0,0,0,0,0,0,0,0,0,0,0,0,0,0,0,0,0,0,0,0,0,0,0,0,0,0,0,0,0,0,0,0,0,0,0,0,0,0,6,0,0,0,0,0
2,0,30,0,113,12,0,0,0,0,34,3,12,7,226,5,44,0,32,27,139,25,37,0,0,0,18,0,51,0,0,0,6,0,20,0,8,0,20,0,1,0,8,0,2,0,0,0,0,0,8,0,0,0,0,0,0,0,1,0,0,0,34,0,0,0,0,0,0,0,24,0,0,0,14,0,0,0,0,0,0,0,0,0,52,0,0,0,0,0,13,0,0,0,0,0,74,0,0,0,0,0,0,0,0,0,0,0,0,0,0,0,0,0,0,0,0,0,0,0,20,0,16,0,0,0,0,0,0,0,2,0,0,0,0,0,0,0,0,0,30,0,50,0,0,0,0,0,1,0,0,0,0,0,0,0,0,0,0,0,0,0,0,0,0,0,6,2,0,0,0,0,3,0,0,0,25,0,24,0,0,0,0,0,0,0,0,0,0,0,0,0,0,0,0,0,0,0,0,0,4,0,0,0,0,0,0,0,0,0,10,10,0,0,0,0,0,0,0,0,0,0,0,0,0
0,0,0,0,0,168,0,0,0,0,0,64,0,16,32,64,0,15,15,70,23,28,0,69,0,2,0,9,0,28,0,0,0,6,0,10,0,14,0,6,0,0,0,5,0,7,0,0,0,0,0,13,0,2,0,6,0,0,0,0,0,0,0,12,0,0,0,0,0,0,0,0,0,0,0,0,0,2,0,0,0,0,0,0,0,0,0,0,0,0,0,0,0,0,0,0,0,0,0,0,0,0,0,0,0,0,0,0,0,0,0,0,0,0,0,0,0,0,0,0,0,0,0,0,0,0,0,0,0,0,0,0,0,0,0,0,0,0,0,24,0,45,0,83,0,13,0,0,0,0,0,0,0,0,0,0,0,4,0,0,0,0,0,0,0,0,0,20,0,20,0,3,0,0,0,0,0,27,0,3,0,0,0,0,0,0,0,0,0,0,0,0,0,0,0,0,0,0,0,0,0,0,0,0,0,0,0,0,0,0,0,0,0,0,20,0,0,0,39,40,77,0,0,1,0
12,0,88,0,306,0,0,0,0,0,215,3,6,1,114,10,87,0,0,0,127,8,56,5,0,0,0,0,44,0,6,0,0,0,19,0,54,0,10,0,0,0,14,0,7,0,0,0,2,0,6,0,0,0,0,0,1,0,0,0,7,0,21,0,0,0,0,0,0,0,7,0,0,0,14,0,0,0,0,0,0,0,0,0,25,0,0,0,0,0,0,0,0,0,0,0,0,0,0,0,0,0,0,0,0,0,0,0,0,0,0,0,0,0,0,0,0,0,0,0,0,0,0,0,0,0,0,0,0,0,0,0,0,0,0,0,0,0,0,0,0,0,0,0,0,0,0,0,0,0,0,0,0,0,4,0,0,0,0,0,3,0,0,0,0,0,4,0,0,0,0,0,1,0,0,0,70,0,44,0,0,0,7,0,0,0,0,0,0,0,0,0,0,0,0,0,0,0,0,0,0,0,0,0,0,0,0,0,0,0,0,69,7,0,6,0,0,0,0,0,0,0,0,0,0
0,133,0,119,0,424,0,0,0,0,12,453,0,0,34,51,0,96,0,7,16,58,33,157,0,0,0,8,0,24,0,6,0,0,0,33,0,74,0,3,0,0,0,15,0,11,0,0,0,0,0,15,0,0,0,5,0,0,0,0,0,15,0,15,0,0,0,0,0,1,0,0,0,0,0,7,0,0,0,0,0,0,0,0,0,36,0,0,0,0,0,0,0,0,0,0,0,0,0,0,0,0,0,0,0,0,0,0,0,0,0,0,0,0,0,0,0,0,0,0,0,0,0,0,0,0,0,0,0,0,0,0,0,0,0,0,0,0,0,34,0,45,0,66,0,31,0,0,0,0,0,0,1,0,0,3,0,12,1,17,0,0,0,0,0,4,0,39,0,21,0,0,0,19,0,0,0,55,0,54,0,0,0,3,0,12,0,0,0,0,0,0,0,0,0,0,0,0,0,0,0,0,0,0,0,0,0,0,0,0,0,0,0,0,0,0,0,0,36,83,59,0,0,2,0
4,0,2,0,138,0,0,0,0,0,0,0,107,36,177,0,5,0,229,97,124,40,4,0,0,0,76,62,29,0,20,0,19,0,0,0,183,0,3,0,0,0,20,2,12,0,0,0,1,0,50,0,0,0,0,0,0,0,0,0,1,0,0,0,0,0,0,0,0,0,57,0,0,0,28,0,0,0,0,0,0,0,0,0,67,0,0,0,0,0,0,0,0,0,0,0,0,0,0,0,0,0,0,0,0,0,0,0,0,0,0,0,0,0,0,0,0,0,0,0,0,0,0,0,0,0,0,0,0,0,0,0,0,0,0,0,0,0,0,0,0,0,0,0,0,0,0,0,0,0,0,0,0,0,4,0,0,0,0,0,0,0,0,0,45,0,27,0,0,0,0,0,21,0,0,0,21,0,42,0,0,0,0,0,0,0,12,0,0,0,0,0,0,0,0,0,0,0,0,0,0,0,0,0,0,0,0,0,0,0,52,44,80,0,24,0,0,0,0,0,0,0,0,0,0
0,0,0,0,26,174,0,0,0,0,0,70,35,182,43,14,0,0,59,138,39,68,0,14,0,1,9,40,0,55,0,10,0,33,0,0,0,211,0,16,0,0,0,25,0,16,0,0,0,0,0,39,0,0,0,12,0,0,1,0,0,8,0,16,0,4,0,0,0,0,0,0,0,0,0,0,0,0,0,0,0,0,0,0,0,0,0,0,0,0,0,0,0,0,0,0,0,0,0,0,0,0,0,0,0,0,0,0,0,0,0,0,0,0,0,0,0,0,0,0,0,0,0,0,0,0,0,0,0,0,0,0,0,0,0,0,0,7,0,62,0,125,0,153,0,45,0,0,0,0,0,0,0,0,0,0,0,0,0,0,0,0,0,0,0,19,1,61,0,64,0,0,0,30,0,0,0,88,0,7,0,0,0,0,0,0,0,39,0,0,0,0,0,0,0,0,0,0,0,0,0,0,0,0,0,0,0,0,0,0,0,0,0,0,38,0,0,0,70,110,186,19,0,0,0
0,0,17,0,186,0,0,0,0,0,99,0,27,8,115,0,16,0,72,0,108,0,0,0,0,0,139,0,39,0,8,0,54,0,183,0,0,0,26,0,0,0,24,0,56,0,4,0,3,0,71,0,6,0,0,0,5,0,0,0,35,0,45,0,4,0,0,0,0,0,127,0,0,0,80,0,0,0,0,0,69,0,0,0,77,0,0,0,0,0,0,0,0,0,0,0,73,0,161,0,0,0,0,0,0,0,0,0,0,0,0,0,0,0,0,0,0,0,0,0,48,0,0,0,0,0,0,0,0,0,0,0,0,0,0,0,40,0,146,0,174,0,108,0,130,0,0,0,0,0,0,0,0,0,23,0,47,0,0,0,0,0,0,0,24,0,10,0,25,0,17,0,46,0,0,0,31,6,39,0,0,0,0,0,0,0,0,0,0,0,0,0,0,0,0,0,0,0,0,0,0,0,0,0,0,0,0,0,0,0,55,44,72,15,0,0,0,0,0,0,0,0,0,0,0
0,230,0,0,16,199,0,0,0,0,0,271,6,39,18,23,0,20,18,36,0,12,16,19,0,0,0,0,0,15,0,14,0,74,0,211,0,0,0,16,0,0,0,42,0,23,0,0,0,1,0,74,0,3,0,0,0,0,0,3,0,28,0,11,0,0,0,0,0,0,0,3,0,0,0,6,0,0,0,0,0,46,0,0,0,68,0,23,0,0,0,0,0,0,0,0,0,0,0,25,0,0,0,0,0,0,0,0,0,0,0,0,0,0,0,0,0,0,0,0,0,28,0,0,0,0,0,0,0,0,0,0,0,0,0,0,0,0,0,75,0,98,0,116,0,122,0,0,0,0,0,0,0,0,0,17,0,22,0,0,0,2,0,0,0,13,0,48,0,79,0,4,0,85,0,0,1,61,0,23,0,0,0,20,0,0,0,10,0,0,0,0,0,0,0,0,0,0,0,0,0,0,0,0,0,0,0,0,0,0,0,0,0,0,25,0,0,0,24,222,115,22,0,0,0
292,0,417,0,202,0,0,0,4,0,177,0,0,0,0,0,400,0,0,0,7,0,53,0,48,0,0,0,11,0,20,0,10,0,3,0,26,0,0,0,0,0,0,0,0,0,0,0,3,0,2,0,5,0,0,0,0,0,0,0,7,0,16,0,0,0,0,0,0,0,11,0,0,0,7,0,0,0,0,0,0,0,0,0,0,0,0,0,0,0,0,0,0,0,0,0,0,0,0,0,0,0,0,0,0,0,0,0,0,0,0,0,0,0,0,0,0,0,0,0,0,0,0,0,0,0,0,0,0,0,0,0,0,0,0,0,0,0,21,0,31,0,0,0,19,0,0,0,0,0,0,0,0,0,8,0,24,0,0,0,0,0,0,0,0,0,13,0,0,0,0,0,52,0,0,0,60,12,19,0,0,0,119,0,0,0,0,0,0,0,0,0,0,0,0,0,0,0,0,0,0,0,0,0,0,0,0,0,0,0,27,150,12,36,29,0,0,0,0,0,0,0,0,0,0
4,639,0,264,0,0,0,200,0,0,0,126,0,0,0,0,0,252,0,0,0,17,7,47,0,21,0,0,0,27,0,6,0,3,0,16,0,16,0,0,0,0,0,0,0,0,0,0,0,0,0,8,0,9,0,5,0,0,0,0,0,35,0,16,0,0,0,4,0,0,0,0,0,0,0,0,0,0,0,0,0,0,0,0,0,5,0,0,0,0,0,0,0,0,0,0,0,0,0,0,0,0,0,0,0,0,0,0,0,0,0,0,0,0,0,0,0,0,0,0,0,0,0,0,0,0,0,0,0,0,0,0,0,2,0,0,0,0,0,55,0,62,0,32,0,60,0,0,0,0,0,0,0,0,0,13,0,24,0,67,0,0,0,0,0,0,0,5,0,0,0,0,0,22,0,0,0,0,0,25,0,0,0,44,0,4,0,0,0,0,0,0,0,0,0,0,0,0,0,0,0,0,0,0,0,0,0,0,0,0,0,0,0,0,0,0,0,0,0,128,10,0,0,0,0
31,0,37,0,81,0,0,0,22,0,24,0,80,0,22,1,0,0,28,17,0,2,0,0,0,0,41,117,0,0,1,0,0,0,0,0,0,0,0,0,0,227,38,4,61,68,97,248,79,33,44,0,0,0,0,0,0,0,3,0,0,0,0,0,6,0,0,0,0,0,0,0,0,0,0,0,0,0,0,0,0,0,0,0,0,0,0,0,0,0,0,0,0,0,0,0,0,0,0,0,3,0,0,0,0,0,0,0,0,0,0,0,0,0,0,0,0,0,0,0,0,0,0,0,8,0,0,0,0,0,0,0,0,0,0,0,0,0,0,0,0,0,0,0,0,0,15,0,0,0,20,0,63,0,0,0,0,0,0,0,0,0,0,0,20,0,0,0,0,0,0,0,0,0,97,0,140,90,51,0,85,0,31,0,48,0,168,1,0,0,0,0,0,0,0,0,0,0,0,0,0,0,0,0,0,0,0,0,0,0,0,196,58,0,0,0,0,18,0,3,0,0,0,0,0
0,0,0,0,0,10,0,0,0,0,0,68,71,124,0,1,0,0,36,2,0,0,0,0,0,0,262,31,0,0,0,0,0,0,0,0,0,0,0,0,227,0,43,76,63,46,106,41,11,83,61,67,0,0,0,0,0,0,0,0,0,0,0,0,0,0,0,0,0,0,0,0,0,0,0,0,0,0,0,0,0,0,0,0,0,0,0,0,0,0,0,0,0,0,0,0,0,0,0,0,0,0,0,6,0,0,0,0,0,0,0,0,0,0,0,0,0,0,0,4,0,0,0,0,0,0,0,0,0,0,0,0,0,0,0,0,0,0,0,0,0,0,0,0,0,0,0,0,0,0,0,0,0,0,0,0,0,0,0,0,0,0,0,0,4,22,0,1,0,10,0,0,0,0,0,61,0,253,0,29,0,93,0,22,0,0,75,13,0,0,0,0,0,0,0,0,0,1,0,0,0,0,0,0,0,0,0,0,0,0,0,2,0,0,0,0,0,0,0,92,67,0,1,0,16
2,0,0,0,0,0,0,0,0,0,1,0,58,24,0,0,0,0,30,17,6,0,0,0,0,0,232,70,14,0,8,0,14,0,20,0,24,0,0,0,38,43,0,0,140,18,47,56,58,0,31,0,0,0,0,0,2,0,0,0,0,0,0,0,0,0,0,0,0,0,0,0,0,0,0,0,0,0,0,0,0,0,0,0,13,0,0,0,0,0,0,0,0,0,0,0,0,0,0,0,0,0,0,0,0,0,0,0,0,0,0,0,0,0,0,0,0,0,0,0,0,0,0,0,0,0,0,0,0,0,0,0,0,0,0,0,0,0,13,0,0,0,0,0,0,0,0,0,0,0,0,0,0,0,0,0,0,0,0,0,0,0,0,0,23,0,0,0,6,0,0,0,5,0,0,0,0,13,1,0,0,0,0,0,0,0,26,2,0,0,0,0,0,0,0,0,0,0,0,0,0,0,0,0,0,0,0,0,0,0,13,43,28,0,0,0,0,14,0,0,0,0,0,0,0
0,0,0,0,0,17,0,11,0,0,0,0,28,240,0,0,0,0,34,81,0,52,0,15,0,0,0,276,0,0,0,5,0,15,2,25,0,42,0,0,4,76,0,0,0,201,0,140,0,34,11,74,0,0,0,34,0,0,0,0,0,0,0,0,0,0,0,9,0,0,0,12,0,0,0,30,0,0,0,0,0,0,0,0,0,0,0,0,0,0,0,0,0,0,0,0,0,0,0,0,0,0,0,0,0,0,0,0,0,0,0,0,0,0,0,0,0,0,0,0,0,0,0,0,0,0,0,0,0,0,0,0,0,0,0,0,0,0,0,0,0,0,0,0,0,0,0,0,0,0,0,0,0,0,0,0,0,0,0,0,0,8,0,0,0,43,0,47,0,61,0,6,0,39,0,0,0,11,1,0,0,0,0,0,0,0,0,62,0,0,0,0,0,0,0,0,0,0,0,0,0,0,0,0,0,0,0,0,0,0,0,0,0,0,39,0,0,0,0,157,241,0,0,0,2
0,0,0,0,21,0,0,1,0,0,9,0,54,0,0,0,23,0,39,0,18,0,31,0,0,0,190,19,11,0,2,0,7,0,12,0,56,0,0,0,61,63,140,0,0,21,127,50,107,16,109,1,4,0,0,0,0,0,6,0,0,0,23,0,7,0,0,0,4,0,29,0,0,0,0,0,6,0,0,0,0,0,32,0,0,0,0,0,0,0,0,0,6,0,27,0,0,0,82,0,11,0,12,0,0,0,0,0,0,0,0,0,0,0,0,0,0,0,2,0,22,0,0,0,0,0,0,0,0,0,0,0,0,0,0,0,10,0,0,0,0,1,0,0,12,0,0,0,0,0,0,0,0,0,0,0,0,0,0,0,6,0,6,0,201,0,14,0,132,0,9,0,19,0,0,0,10,18,4,0,10,1,33,0,42,0,22,0,0,0,0,0,0,0,0,0,0,0,0,0,0,0,0,0,0,0,0,0,0,0,59,193,208,22,21,0,3,53,0,0,0,0,0,0,0
0,20,0,0,0,28,0,0,0,0,0,68,17,72,5,27,0,0,0,44,0,57,0,0,0,0,55,194,0,0,0,7,0,11,0,16,0,23,0,0,68,46,18,201,21,0,23,288,4,123,20,94,0,0,0,26,0,0,0,0,0,4,0,16,0,0,0,0,0,7,0,19,0,0,0,26,0,20,0,0,0,183,0,67,0,124,0,97,0,23,0,0,0,37,0,54,3,0,0,68,0,0,0,41,0,0,0,0,0,0,0,0,0,0,0,0,0,0,0,0,0,68,0,0,0,0,2,0,0,0,0,0,0,0,0,0,0,0,0,0,0,59,0,111,0,41,0,0,0,0,0,0,0,15,0,0,0,0,0,0,0,0,0,0,0,118,0,26,0,182,0,11,0,32,0,0,0,42,0,0,0,0,0,0,0,0,10,22,0,0,0,0,0,0,0,57,0,0,0,0,0,0,0,0,0,0,0,0,0,0,0,1,0,0,40,0,0,0,39,191,302,12,0,0,39
26,0,28,0,56,0,0,0,16,0,16,0,111,0,38,0,12,0,28,0,2,0,0,0,0,0,103,32,0,0,0,0,0,0,0,0,4,0,0,0,97,106,47,0,127,23,0,85,132,33,32,0,0,0,3,0,0,0,0,0,0,0,9,0,0,0,0,0,0,0,0,0,0,0,0,0,0,0,0,0,0,0,2,0,0,0,0,0,0,0,13,0,2,0,0,0,0,0,0,0,0,0,0,0,0,0,0,0,0,0,0,0,0,0,0,0,0,0,0,0,0,0,0,0,0,0,0,0,0,0,0,0,0,0,0,0,20,0,0,0,0,0,0,0,0,0,0,0,75,0,48,0,142,0,0,0,0,0,0,0,0,0,0,0,39,0,0,0,15,0,0,0,0,0,104,0,80,49,21,0,106,0,63,0,104,0,76,0,0,0,0,0,0,0,0,0,0,0,0,0,0,0,0,0,0,0,0,0,0,0,0,319,96,0,0,0,0,51,0,1,0,0,0,0,0
0,46,0,0,0,58,0,0,0,0,0,154,112,168,0,8,0,0,76,31,0,16,0,0,0,0,250,164,0,0,0,0,0,0,0,0,0,0,0,0,248,41,56,140,50,288,85,0,26,65,86,52,0,0,0,0,0,0,0,0,0,0,0,0,0,0,0,0,0,0,0,0,0,0,0,0,0,0,0,0,0,0,0,0,0,0,0,0,0,0,0,0,0,0,0,0,0,0,0,0,0,0,0,0,0,0,0,0,0,0,0,0,0,0,0,0,0,0,0,0,0,0,0,0,0,0,0,0,0,0,0,0,0,0,0,0,0,5,0,0,0,0,0,0,0,0,0,0,0,0,0,0,0,0,0,0,0,0,0,0,0,0,0,0,0,25,0,0,0,0,0,0,0,0,0,0,0,137,0,4,0,0,0,0,0,0,70,18,0,0,0,0,0,0,0,0,0,0,0,0,0,0,0,0,0,0,0,0,0,0,2,0,0,0,0,0,0,2,0,183,149,0,0,0,36
9,0,18,0,26,0,31,0,10,0,6,0,7,1,4,0,13,0,4,0,0,0,0,0,0,0,6,2,0,0,0,0,2,0,1,0,3,0,3,0,79,11,58,0,107,4,132,26,0,20,17,0,0,0,0,0,29,0,12,0,4,0,0,0,0,0,1,0,15,0,3,0,1,0,0,0,1,0,6,0,1,0,16,0,4,0,0,0,9,0,5,0,4,0,22,0,0,0,0,0,3,0,13,0,5,0,11,0,1,0,0,0,0,0,0,0,0,0,0,0,0,0,0,0,11,0,6,0,0,0,0,0,0,0,9,0,0,2,0,0,0,0,14,0,0,0,9,0,0,0,13,0,0,0,0,0,0,0,0,0,18,0,21,0,17,0,3,0,29,0,11,0,7,0,2,0,31,9,3,0,11,2,7,0,0,0,112,0,0,0,5,0,20,0,5,0,15,0,19,0,0,0,38,0,0,0,31,0,20,0,45,125,151,7,89,0,0,4,0,0,0,0,0,0,0
0,6,0,1,0,14,0,7,0,0,0,28,0,48,0,9,0,0,0,7,0,0,0,0,0,0,0,16,0,0,0,0,0,0,0,0,0,1,0,0,33,83,0,34,16,123,33,65,20,0,0,12,0,0,0,0,0,2,0,8,0,0,0,9,0,0,0,6,0,13,0,8,0,3,0,12,0,6,0,0,0,102,0,49,0,46,0,0,0,7,0,0,0,43,0,26,0,0,0,28,0,0,0,28,0,0,0,0,0,0,0,0,0,0,0,0,0,1,0,1,0,25,0,0,0,0,0,3,0,0,0,0,0,0,0,0,0,0,0,0,0,3,0,0,0,0,0,8,0,0,0,18,0,0,0,0,0,0,0,0,0,14,0,7,0,36,0,3,0,28,0,2,0,3,0,8,0,47,0,8,0,11,0,5,0,0,17,11,0,0,0,5,0,3,0,0,0,0,0,4,0,1,0,0,0,5,0,0,0,0,0,0,0,0,3,0,0,0,21,8,64,6,0,0,17
0,0,0,0,85,0,0,0,7,0,0,0,230,52,33,0,5,0,226,94,51,9,0,0,0,0,417,175,17,0,8,0,6,0,50,0,71,0,2,0,44,61,31,11,109,20,32,86,17,0,0,0,0,0,0,0,0,0,0,0,3,0,7,0,0,0,0,0,0,0,24,0,0,0,16,0,0,0,0,0,0,0,2,0,38,0,0,0,0,0,9,0,0,0,0,0,0,0,0,0,0,0,0,0,0,0,0,0,0,0,0,0,0,0,0,0,0,0,0,0,10,0,0,0,0,0,0,0,0,0,0,0,0,0,0,0,0,0,0,0,0,0,0,0,9,0,0,0,0,0,0,0,0,0,0,0,0,0,0,0,0,0,8,0,55,0,10,0,49,0,3,0,33,0,0,0,11,0,18,0,0,0,1,0,0,0,44,0,0,0,0,0,0,0,0,0,0,0,0,0,0,0,0,0,0,0,4,0,0,0,113,77,126,31,32,0,0,0,1,0,0,0,0,0,0
0,6,0,0,0,0,0,0,0,0,0,18,0,385,3,0,0,0,0,107,0,41,0,9,0,0,5,248,0,9,0,13,0,15,0,39,0,74,0,8,0,67,0,74,1,94,0,52,0,12,0,0,0,7,0,29,0,6,0,0,0,0,0,10,0,0,0,2,0,0,0,0,0,0,0,0,0,0,0,14,0,105,0,0,0,0,0,42,0,0,0,0,0,0,0,0,0,0,0,0,0,0,0,0,0,0,0,0,0,0,0,0,0,0,0,0,0,0,0,0,0,0,0,0,0,1,0,0,0,0,0,0,0,0,0,0,0,0,0,0,0,0,0,85,0,30,0,0,0,0,0,0,0,0,0,0,0,0,0,0,0,0,0,0,0,35,0,56,0,112,0,6,0,42,0,0,0,0,0,0,0,0,0,1,0,0,0,96,0,0,0,0,0,0,0,0,0,0,0,0,0,0,0,0,0,0,0,0,0,0,0,0,0,0,30,0,0,0,0,65,142,0,0,0,2
2,0,3,0,0,0,34,4,94,48,0,0,2,0,0,0,85,0,0,0,29,0,16,0,68,3,0,0,4,0,0,0,0,0,0,0,6,0,5,0,0,0,0,0,4,0,0,0,0,0,0,0,0,11,123,92,68,13,55,20,39,0,47,3,9,0,69,74,0,0,0,0,0,0,0,0,0,0,0,0,0,0,0,0,44,0,0,0,0,0,4,0,0,0,0,0,28,0,0,0,0,0,0,0,0,0,1,0,0,0,0,0,0,0,0,0,0,0,0,0,4,0,13,0,8,0,9,0,60,0,6,0,19,0,0,0,140,0,171,0,159,0,145,0,17,0,2,0,4,0,3,0,0,0,122,0,108,0,114,0,11,0,0,0,0,0,0,0,0,0,80,3,13,0,0,1,34,3,0,0,0,0,2,0,25,7,0,0,0,0,0,0,0,0,0,0,0,0,0,0,0,0,0,0,0,0,0,0,0,0,18,80,62,33,24,0,8,0,3,0,1,0,0,0,0
0,2,0,1,0,0,4,6,14,99,0,0,0,1,0,2,0,56,0,10,0,25,0,46,0,8,0,0,0,18,0,2,0,0,0,0,0,3,0,9,0,0,0,0,0,0,0,0,0,0,0,7,11,0,22,80,4,74,26,46,0,67,1,65,0,3,25,50,0,0,0,0,0,0,0,0,0,0,0,0,0,0,0,0,0,0,0,0,0,0,0,0,0,0,0,0,0,0,0,0,0,0,0,0,0,1,0,2,0,0,0,0,0,0,0,0,0,0,0,0,0,0,0,0,0,6,0,0,0,21,0,5,0,11,0,72,0,14,0,91,0,87,0,44,0,4,0,3,0,1,0,2,0,3,0,135,0,134,0,74,0,12,0,0,0,0,0,0,0,0,1,11,0,7,0,3,0,7,0,0,1,0,0,0,3,52,0,0,0,0,0,0,0,0,0,0,0,0,0,0,0,6,0,0,0,0,0,2,0,0,2,1,0,4,19,0,0,0,11,0,26,12,0,0,0
0,0,59,0,10,0,144,17,92,178,0,0,0,0,40,0,7,5,0,0,17,0,126,0,68,35,0,0,11,0,0,0,0,0,0,0,0,0,0,0,0,0,0,0,0,0,3,0,0,0,0,0,123,22,0,171,31,11,58,0,28,0,43,38,27,0,112,30,0,0,0,0,0,0,0,0,0,0,0,0,0,0,0,0,7,1,0,0,0,0,0,0,0,0,0,0,0,0,0,0,0,0,0,0,0,0,0,0,0,0,0,0,0,0,0,0,0,0,0,0,0,0,0,0,0,0,5,0,24,0,11,0,26,0,0,0,59,0,11,0,19,0,28,0,1,0,0,0,12,0,14,0,0,0,24,0,8,0,19,0,60,0,0,0,3,0,0,0,35,0,247,0,52,0,0,0,6,31,0,0,0,0,1,0,3,12,0,0,0,0,0,0,0,0,0,0,0,0,0,0,5,0,0,0,0,0,0,0,0,0,206,37,303,272,202,19,90,0,17,0,0,5,0,0,0
0,20,0,89,0,14,0,200,131,251,0,0,0,0,0,59,3,18,0,19,0,51,0,22,25,79,0,11,0,20,0,6,0,5,0,12,0,0,0,5,0,0,0,34,0,26,0,0,0,0,0,29,92,80,171,0,23,114,86,39,0,57,24,78,0,2,75,99,0,3,0,0,0,0,0,0,0,0,0,0,0,0,0,0,0,0,0,0,0,0,0,0,0,0,0,0,0,0,0,0,0,0,0,0,0,0,0,0,0,0,0,0,0,0,0,0,0,0,0,0,0,0,0,0,0,45,0,47,0,27,0,31,0,18,0,125,0,98,0,28,0,35,0,31,0,0,0,0,0,23,0,22,0,0,0,73,0,32,0,18,0,64,0,6,0,0,0,22,0,40,0,136,5,76,0,0,1,38,0,0,0,0,0,0,8,36,0,0,0,0,0,0,0,0,0,0,0,0,0,0,0,9,0,0,0,0,0,0,0,40,28,4,0,15,462,0,0,0,358,41,286,234,20,32,0
0,0,0,0,0,0,5,0,2,0,0,0,0,0,0,0,7,0,0,0,0,0,20,0,29,0,0,0,0,0,0,0,1,0,0,0,5,0,0,0,0,0,2,0,0,0,0,0,29,0,0,0,68,4,31,23,0,17,136,0,0,0,7,0,48,0,50,62,0,0,1,0,0,0,0,0,0,0,0,0,0,0,4,0,0,0,0,0,0,0,0,0,0,0,0,0,0,0,0,0,0,0,5,0,0,0,0,0,0,0,0,0,0,0,0,0,1,0,0,0,1,0,0,0,21,0,8,0,69,0,22,0,40,0,15,0,0,0,17,0,0,0,0,0,13,0,2,0,4,0,7,0,0,0,131,0,51,0,65,0,162,0,21,0,0,0,4,0,42,0,301,0,26,0,5,7,0,0,0,0,0,16,0,0,2,2,0,0,0,0,1,0,0,0,0,0,0,0,0,0,0,0,0,0,0,0,1,0,17,0,402,106,636,674,764,80,98,0,2,3,0,0,0,0,0
0,0,0,0,0,1,0,2,0,18,0,0,0,0,0,6,0,5,0,0,0,0,0,2,0,13,0,0,0,14,0,0,0,0,0,0,0,0,0,0,0,0,0,0,0,0,0,0,0,2,0,6,13,74,11,114,17,0,48,104,0,13,0,12,0,3,72,66,0,0,0,0,0,0,0,0,0,0,0,0,0,0,0,0,0,3,0,0,0,0,0,0,0,0,0,0,1,0,0,0,0,0,0,0,0,0,0,0,0,0,0,0,0,0,0,0,0,0,0,0,0,0,0,0,0,33,0,28,0,32,0,25,0,31,0,55,0,55,8,9,0,17,0,24,0,2,0,9,0,0,0,3,0,0,26,199,5,32,0,84,0,159,0,8,0,4,0,0,0,46,0,238,0,0,0,32,0,0,0,0,9,14,0,0,5,7,0,0,0,0,0,0,0,0,0,0,0,0,0,0,0,0,0,0,0,0,0,0,0,23,0,0,0,0,441,0,0,0,206,97,349,325,0,0,0
2,0,15,0,0,0,14,0,18,37,0,0,1,0,11,0,0,0,0,0,0,0,19,0,18,0,5,0,0,0,1,0,0,0,0,1,0,0,0,0,3,0,0,0,6,0,0,0,12,0,0,0,55,26,58,86,136,48,0,77,37,0,10,6,68,0,159,164,0,0,0,0,0,0,0,0,0,0,0,0,0,0,3,0,0,0,0,0,0,0,0,0,0,0,2,0,0,0,0,0,0,0,0,0,0,0,0,0,0,0,0,0,0,0,0,0,0,0,0,0,0,0,0,0,1,0,0,0,0,0,6,0,0,0,0,0,0,0,0,0,0,0,0,0,0,0,1,0,0,0,0,0,0,0,66,4,105,0,0,0,24,0,4,0,4,0,0,0,13,0,100,0,0,0,10,25,30,0,0,0,26,8,0,0,30,6,0,0,0,0,0,0,0,0,0,0,0,0,0,0,0,0,0,0,0,0,0,0,0,0,613,250,377,712,998,75,108,0,7,0,2,0,0,0,0
0,14,0,4,0,0,0,9,0,11,0,0,0,0,0,0,0,0,0,2,0,0,0,0,0,3,0,0,0,0,0,0,0,0,0,0,0,3,0,0,0,0,0,0,0,0,0,0,0,8,0,0,20,46,0,39,0,104,77,0,0,0,0,17,0,53,133,236,0,0,0,0,0,0,0,0,0,0,0,0,0,0,0,0,0,0,0,2,0,0,0,0,0,0,0,0,0,0,0,0,0,0,0,0,0,0,0,0,0,0,0,0,0,0,0,0,0,0,0,0,0,0,0,0,0,27,0,11,0,3,0,38,0,8,0,0,0,0,0,0,0,0,0,0,0,0,0,0,0,4,0,0,0,0,29,81,12,147,0,19,0,46,0,17,0,4,0,0,1,71,0,163,0,54,0,37,1,0,0,0,19,55,0,0,0,23,0,0,0,0,0,0,0,0,0,0,0,0,0,0,0,0,0,0,0,0,0,0,0,7,8,0,0,0,1213,0,0,0,703,233,562,619,114,0,0
105,0,85,0,0,0,152,0,151,0,0,0,0,0,0,0,71,0,0,0,8,0,0,0,27,0,0,0,7,0,0,0,7,0,1,0,35,0,7,0,0,0,0,0,0,0,0,0,4,0,3,0,39,0,28,0,0,0,37,0,0,0,53,1,5,0,0,0,0,0,36,0,9,0,24,0,0,0,0,0,0,0,0,0,23,0,0,0,0,0,0,0,0,0,0,0,0,0,0,0,0,0,0,0,0,0,0,0,0,0,0,0,0,0,0,0,0,0,0,0,0,0,21,0,0,0,2,0,0,0,0,0,0,0,0,0,0,0,130,0,151,0,74,0,215,0,0,0,0,0,0,0,0,0,46,0,99,0,6,0,3,0,6,0,0,0,0,0,0,0,130,0,45,0,0,0,23,0,0,0,0,0,46,0,36,2,0,0,0,0,0,0,0,0,0,0,0,0,0,0,0,0,0,0,0,0,0,0,0,0,54,200,33,84,97,0,10,0,0,0,0,0,0,0,0
0,215,0,0,0,0,0,167,0,300,0,13,0,0,0,7,0,21,0,6,0,0,0,0,0,28,0,0,0,22,0,0,0,15,0,8,0,28,0,35,0,0,0,0,0,4,0,0,0,0,0,0,0,67,0,57,0,13,0,0,0,0,0,112,0,0,0,46,0,0,0,0,0,0,0,5,0,0,0,0,0,0,0,0,0,0,0,0,0,0,0,0,0,0,0,0,0,0,0,0,0,0,0,0,0,0,0,0,0,0,0,0,0,0,0,0,0,0,0,0,0,0,0,0,0,0,0,0,0,3,0,0,0,0,0,0,0,0,0,72,0,110,0,58,0,323,0,0,0,0,0,0,0,0,0,21,0,63,0,40,0,0,0,6,0,0,0,0,0,6,0,132,0,52,0,0,0,67,0,0,0,0,0,57,0,59,0,0,0,0,0,0,0,0,0,0,0,0,0,0,0,0,0,0,0,0,0,0,0,0,0,0,0,0,14,0,0,0,38,235,29,14,2,0,0
45,2,0,0,0,0,161,12,217,27,0,0,0,0,11,0,307,0,68,0,193,0,29,0,59,16,54,0,27,0,34,0,21,0,0,0,45,0,16,0,0,0,0,0,23,0,9,0,0,0,7,0,47,1,43,24,7,0,10,0,53,0,0,2,0,0,8,1,0,0,32,0,0,0,30,0,0,0,0,0,0,0,0,0,133,0,0,0,0,0,0,0,0,0,0,0,0,0,0,0,0,0,0,0,0,0,0,0,0,0,0,0,0,0,0,0,0,0,0,0,0,0,0,0,0,0,0,0,7,0,0,0,0,0,0,0,70,0,92,0,118,0,115,0,18,0,0,0,0,0,0,0,0,0,81,0,68,0,38,0,5,0,0,0,0,0,0,0,0,0,14,0,19,0,0,0,13,14,0,0,0,0,20,0,6,0,0,0,0,0,0,0,0,0,0,0,0,0,0,0,0,0,0,0,0,0,0,0,0,0,22,79,16,18,17,0,0,0,0,0,0,0,0,0,0
0,95,0,3,0,0,14,179,19,340,0,5,0,0,0,26,0,155,0,49,0,183,0,199,13,36,0,0,0,84,0,12,0,15,0,16,0,11,0,16,0,0,0,0,0,16,0,0,0,9,0,10,3,65,38,78,0,12,6,17,1,112,2,0,0,0,10,34,0,0,0,0,0,0,0,0,0,0,0,0,0,0,0,0,0,0,0,0,0,0,0,0,0,0,0,0,0,0,0,0,0,0,0,0,0,0,0,0,0,0,0,0,0,0,0,0,0,0,0,0,0,0,0,0,0,0,0,0,0,6,0,0,0,3,0,0,0,0,0,52,0,52,0,32,0,48,0,0,0,0,0,0,0,0,0,41,0,65,0,58,0,0,0,1,0,0,0,8,0,0,0,7,0,20,0,0,0,68,0,0,0,0,0,22,0,38,0,0,0,0,0,0,0,0,0,0,0,0,0,0,0,0,0,0,0,0,0,0,0,0,3,0,2,2,13,0,0,0,13,16,18,12,1,4,0
9,0,0,0,14,0,10,0,107,0,0,0,9,0,24,0,0,0,33,0,7,0,16,0,0,0,15,0,0,0,0,0,0,0,0,0,4,0,0,0,6,0,0,0,7,0,0,0,0,0,0,0,9,0,27,0,48,0,68,0,5,0,0,0,0,0,35,0,0,0,4,0,0,0,0,0,0,0,0,0,0,0,0,0,0,0,0,0,0,0,0,0,0,0,0,0,0,0,0,0,0,0,0,0,0,0,0,0,0,0,0,0,0,0,0,0,0,0,0,0,0,0,0,0,2,0,0,0,0,0,4,0,0,0,0,0,0,0,11,0,0,0,0,0,30,0,7,0,23,0,0,0,0,0,12,39,32,0,0,45,120,0,0,0,0,0,0,0,0,0,0,0,0,0,29,18,1,0,0,0,184,72,15,0,48,2,0,0,0,0,0,0,0,0,0,0,0,0,0,0,0,0,0,0,0,0,0,0,0,0,119,17,40,0,144,0,0,0,0,3,0,0,0,0,0
0,122,0,0,0,0,0,0,0,164,0,14,0,0,0,20,0,0,0,32,0,0,2,0,0,0,0,0,0,0,0,0,0,0,0,4,0,0,0,0,0,0,0,0,0,0,0,0,0,0,0,0,0,3,0,2,0,3,0,53,0,0,0,0,0,0,8,219,0,0,0,0,0,0,0,9,0,0,0,0,0,0,0,3,0,0,0,0,0,0,0,0,0,0,0,0,0,0,0,0,0,0,0,0,0,0,0,0,0,0,0,0,0,0,0,0,0,0,0,0,0,0,0,0,0,13,0,4,0,0,0,16,0,0,0,0,0,0,39,40,0,0,0,0,0,155,0,21,0,95,0,0,0,9,0,36,0,46,0,30,68,103,0,0,0,0,0,0,0,10,0,0,0,0,0,74,0,0,0,0,43,275,0,6,2,78,0,0,0,0,0,0,0,0,0,0,0,0,0,0,0,0,0,0,0,0,0,0,0,0,0,0,0,0,308,0,0,0,224,31,75,0,0,0,0
2,0,0,0,0,0,34,0,85,27,0,0,0,0,0,0,0,0,0,0,0,0,0,0,0,0,0,0,0,0,0,0,0,0,0,0,0,0,0,0,0,0,0,0,0,0,0,0,1,0,0,0,69,25,112,75,50,72,159,133,0,0,8,10,35,8,0,115,1,0,0,0,0,0,0,0,0,0,0,0,0,0,0,0,0,0,0,0,0,0,0,0,0,0,0,0,0,0,0,0,0,0,1,0,0,0,0,0,0,0,0,0,0,0,0,0,0,0,0,0,0,0,0,0,0,0,0,0,0,0,3,0,0,0,0,0,0,0,0,0,0,0,0,0,0,0,0,0,2,0,0,0,0,0,24,11,31,0,5,0,139,0,0,0,0,0,0,0,0,0,22,0,0,0,30,33,68,0,0,0,85,20,2,0,193,24,0,0,0,0,0,0,0,0,0,0,0,0,0,0,0,0,0,0,0,0,0,0,0,0,222,92,96,177,284,25,24,0,7,0,7,0,0,0,0
0,43,0,0,0,0,0,9,0,140,0,0,0,0,0,4,0,0,0,7,0,0,0,0,0,2,0,0,0,0,0,0,0,0,0,0,0,0,0,4,0,0,0,9,0,0,0,0,0,6,0,2,74,50,30,99,62,66,164,236,0,46,1,34,0,219,115,0,0,0,0,0,0,1,0,0,0,0,0,0,0,0,0,0,0,0,0,1,0,0,0,0,0,0,0,0,0,0,0,0,0,0,0,0,0,0,0,0,0,0,0,0,0,0,0,0,0,0,0,0,0,0,0,0,0,14,0,0,0,0,0,37,0,0,0,0,0,0,11,0,0,0,0,0,8,8,0,2,0,20,0,0,0,9,36,91,0,139,0,34,0,50,0,6,0,4,0,0,0,21,0,0,0,39,0,241,0,0,0,0,13,57,0,0,7,279,0,0,0,0,0,0,0,0,0,0,0,0,0,0,0,0,0,0,0,0,0,0,0,0,0,0,8,0,721,0,0,0,457,224,204,263,53,0,0
0,0,0,0,6,0,0,0,0,0,0,0,0,0,0,0,0,0,0,0,0,0,0,0,0,0,0,0,0,0,0,0,0,0,0,0,0,0,0,0,0,0,0,0,4,0,0,0,15,0,0,0,0,0,0,0,0,0,0,0,0,0,0,0,0,0,1,0,0,0,0,0,16,0,0,0,107,0,28,0,0,0,48,0,0,0,0,0,10,0,0,0,55,0,15,0,10,0,14,0,0,0,343,0,31,0,95,0,36,0,10,0,8,0,48,0,12,0,0,0,0,0,0,0,0,0,0,0,0,0,0,0,1,0,0,0,1,0,0,0,0,0,0,0,0,0,0,0,0,0,0,0,0,0,0,0,0,0,0,0,0,0,0,0,7,0,0,0,160,0,13,0,2,0,2,0,1,0,0,0,0,0,0,0,0,0,0,0,49,0,0,0,0,0,24,0,35,0,0,1,0,0,52,0,0,0,0,0,0,0,46,9,104,0,5,64,165,0,0,0,1,0,0,0,0
0,2,0,0,0,0,0,0,0,0,0,1,0,0,0,0,0,0,0,0,0,0,0,0,0,0,0,0,0,0,0,0,0,1,0,0,0,0,0,0,0,0,0,0,0,7,0,0,0,13,0,0,0,0,0,3,0,0,0,0,0,0,0,0,0,0,0,0,0,0,0,0,0,3,0,0,0,31,0,3,0,15,0,17,0,0,0,17,0,21,0,0,0,119,0,19,0,0,0,10,0,11,0,94,0,0,0,0,0,8,0,1,0,1,0,3,0,2,0,1,0,0,0,0,0,3,0,0,0,0,0,0,0,0,0,0,0,0,0,0,0,0,0,0,0,0,0,0,0,0,0,0,1,0,0,0,0,0,0,0,0,0,0,0,0,21,0,0,0,15,0,0,0,2,0,0,0,1,0,0,0,2,0,0,0,0,0,0,0,12,0,0,0,0,0,0,0,5,0,0,0,0,0,0,0,0,0,0,0,0,0,0,0,0,3,0,0,0,9,12,45,0,4,41,1
0,0,0,0,0,0,0,0,0,0,0,0,0,0,45,0,40,0,48,0,186,0,0,0,0,0,92,0,14,0,24,0,7,0,57,0,127,0,11,0,0,0,0,0,29,0,0,0,3,0,24,0,0,0,0,0,1,0,0,0,36,0,32,0,4,0,0,0,0,0,0,0,288,0,246,0,8,0,277,0,0,0,0,0,16,0,27,0,0,0,0,0,0,0,0,0,0,0,0,0,0,0,0,0,0,0,0,0,0,0,0,0,0,0,0,0,0,0,0,0,7,0,26,0,0,13,58,6,0,0,15,0,31,0,40,0,42,0,6,0,260,19,155,0,120,12,68,0,0,0,118,0,56,0,2,0,29,0,0,0,5,29,57,0,0,0,6,0,31,0,88,0,92,0,46,0,0,0,0,0,87,24,0,0,11,0,0,0,0,0,0,0,0,0,0,0,0,0,0,0,0,0,0,0,0,0,63,0,127,0,12,11,46,0,15,0,5,0,0,0,0,0,0,0,0
0,0,0,0,0,0,0,0,0,0,0,0,0,0,0,0,0,0,0,0,0,27,0,0,0,1,0,0,0,0,0,0,0,0,0,0,0,3,0,0,0,0,0,12,0,19,0,0,0,8,0,0,0,0,0,0,0,0,0,0,0,0,0,0,0,0,0,0,0,0,0,0,0,116,0,258,0,18,0,9,0,2,0,0,1,0,0,22,0,0,0,0,0,0,0,0,0,0,0,0,0,0,0,0,0,0,0,0,0,0,0,0,0,0,0,0,0,0,0,0,0,13,0,15,0,109,11,153,0,0,0,0,3,86,0,34,1,44,0,0,0,50,2,41,3,97,0,93,0,25,0,119,3,55,0,0,0,6,0,0,0,0,0,46,0,0,0,19,0,16,0,24,0,48,0,47,0,0,0,0,5,70,0,0,0,0,0,1,0,0,0,0,0,0,0,0,0,0,0,0,0,0,0,10,0,0,0,0,0,100,0,0,0,0,0,0,0,0,27,0,25,0,0,2,0
0,0,0,0,0,0,0,0,0,0,0,0,0,0,0,0,0,0,0,0,0,0,0,0,0,0,0,0,0,0,0,0,0,0,0,0,0,0,0,0,0,0,0,0,0,0,0,0,1,0,0,0,0,0,0,0,0,0,0,0,9,0,0,0,0,0,0,0,16,0,288,0,0,0,180,0,38,0,266,0,6,0,33,0,27,0,17,0,0,0,0,0,8,0,0,0,0,0,0,0,0,0,0,0,0,0,4,0,0,0,0,0,0,0,0,0,0,0,0,0,29,0,26,0,95,0,102,0,0,0,27,0,69,0,58,0,36,0,0,0,96,0,119,0,68,0,67,0,0,0,188,0,41,0,0,0,2,0,1,0,0,0,40,0,0,0,0,0,9,0,18,0,0,0,15,0,0,0,0,0,38,10,0,0,0,0,0,0,0,0,17,0,28,0,0,0,13,0,0,0,46,0,114,0,0,0,165,0,212,0,227,8,23,0,6,2,0,0,1,0,0,0,0,0,0
0,0,0,0,0,0,0,0,0,0,0,0,0,0,0,0,0,0,0,0,0,0,0,0,0,0,0,0,0,0,0,0,0,0,0,0,0,0,0,0,0,0,0,0,0,0,0,0,0,3,0,0,0,0,0,0,0,0,0,0,0,0,0,0,0,0,0,1,0,3,0,116,0,0,0,316,0,86,0,85,0,0,0,21,0,15,0,126,0,0,0,0,0,4,0,2,0,0,0,0,0,0,0,0,0,0,0,0,0,0,0,0,0,0,0,0,0,0,0,2,0,35,0,10,0,126,0,107,0,0,0,20,0,33,0,0,0,0,0,5,0,18,0,0,0,48,0,76,0,22,0,69,0,37,0,0,0,0,0,0,0,0,0,43,0,0,0,0,0,29,0,10,0,7,0,34,0,0,0,0,0,43,0,0,0,0,0,0,0,0,0,0,0,0,0,0,0,0,0,0,0,0,0,0,0,0,0,0,2,66,0,0,0,0,7,0,3,0,160,2,22,10,0,0,0
0,0,0,0,0,0,0,0,0,0,0,0,0,0,0,0,40,0,46,0,131,0,0,0,0,0,0,0,11,0,14,0,14,0,28,0,80,0,7,0,0,0,0,0,0,0,0,0,0,0,16,0,0,0,0,0,0,0,0,0,24,0,30,0,0,0,0,0,0,0,246,0,180,0,0,0,18,0,243,0,11,5,13,0,50,1,47,0,0,0,0,0,3,0,6,0,0,0,0,1,0,0,0,0,0,0,0,0,0,0,0,0,0,0,0,0,0,0,0,0,28,1,100,0,0,0,0,0,0,0,0,0,0,0,32,0,17,0,4,16,97,28,280,1,60,14,43,0,21,0,39,0,44,0,0,0,12,0,0,0,0,0,33,0,0,0,6,0,12,0,22,0,39,0,60,0,0,0,0,0,105,37,0,0,0,0,0,0,0,0,0,0,0,0,0,0,0,0,0,0,17,0,0,0,0,0,80,0,69,0,9,1,0,0,16,0,0,1,0,0,13,0,0,0,0
0,0,0,0,0,0,0,1,0,0,0,0,0,4,0,16,0,0,0,0,0,77,0,0,0,0,0,0,0,0,0,0,0,7,0,0,0,6,0,0,0,0,0,30,0,26,0,0,0,12,0,0,0,0,0,0,0,0,0,0,0,5,0,0,0,9,0,0,0,0,0,258,0,316,0,0,0,38,0,67,0,34,0,0,0,92,0,101,0,0,9,0,0,0,0,1,0,1,5,0,0,0,0,0,0,0,0,0,0,0,0,0,0,0,0,0,0,0,0,0,0,126,0,33,0,49,0,0,0,0,0,0,0,54,0,145,0,81,0,0,0,135,0,116,5,160,0,0,0,0,0,0,0,95,0,0,0,13,0,0,0,0,0,63,0,0,0,26,0,19,0,18,0,0,0,39,0,2,0,0,0,120,0,0,0,0,0,0,0,13,0,0,0,30,0,0,1,0,0,76,2,29,2,47,0,0,0,150,0,148,0,0,0,0,0,0,0,0,92,0,34,6,0,0,0
0,0,0,0,0,0,0,0,0,0,0,0,0,0,0,0,0,0,0,0,0,0,0,0,0,0,0,0,0,0,0,0,0,0,0,0,0,0,0,0,0,0,0,0,6,0,0,0,1,0,0,0,0,0,0,0,0,0,0,0,0,0,0,0,0,0,0,0,107,0,8,0,38,0,18,0,0,0,48,0,8,0,27,0,20,0,27,0,0,0,0,0,36,0,4,0,0,0,7,0,1,0,36,0,17,0,0,0,0,0,0,0,0,0,0,0,5,0,0,0,19,0,0,0,0,0,0,0,0,0,0,0,0,0,0,0,0,0,0,0,0,1,0,0,0,0,0,0,0,0,0,0,1,0,0,0,0,0,0,0,4,0,0,0,0,0,0,0,19,0,0,0,0,0,0,0,0,0,0,0,0,0,0,0,0,0,0,0,0,0,0,0,42,0,14,0,35,0,0,0,26,0,0,0,0,0,0,0,0,0,16,0,30,0,0,0,17,0,0,0,0,0,0,0,0
0,0,0,0,0,0,0,1,0,0,0,0,0,0,0,0,0,0,0,0,0,0,0,0,0,0,0,0,0,0,0,2,0,0,0,0,0,0,0,0,0,0,0,0,0,20,0,0,0,6,0,0,0,0,0,0,0,0,0,0,0,0,0,0,0,0,0,0,0,31,0,18,0,86,0,38,0,0,0,40,0,39,0,106,0,0,0,177,0,0,0,1,0,75,0,20,0,0,0,23,0,0,0,31,0,38,3,24,0,0,0,0,0,0,0,3,0,4,0,0,0,7,0,0,0,5,0,0,0,0,0,0,0,0,0,0,0,0,0,0,0,0,0,0,0,0,0,0,0,0,0,0,0,3,0,0,0,0,0,0,0,6,0,5,0,10,0,0,0,91,0,1,0,0,0,0,0,0,0,0,0,0,0,0,0,0,0,0,0,127,0,13,0,0,0,61,0,0,0,0,0,0,0,0,0,22,0,0,0,0,0,0,0,0,0,0,0,0,40,10,97,0,5,6,0
0,0,0,0,0,0,0,0,0,0,0,0,0,0,0,0,0,0,0,0,0,0,0,0,0,0,0,0,0,0,0,0,0,0,0,0,0,0,0,0,0,0,0,0,0,0,0,0,6,0,0,0,0,0,0,0,0,0,0,0,0,0,0,0,0,0,0,0,28,0,277,0,266,0,243,0,48,0,0,0,11,1,101,1,45,0,32,0,0,0,3,0,74,0,0,0,0,0,0,0,2,0,10,0,0,0,0,2,2,0,0,0,0,0,0,0,3,0,2,0,45,0,53,0,0,0,28,0,0,0,0,0,0,0,67,0,29,0,0,0,34,0,193,0,0,0,0,6,0,0,90,0,20,0,0,0,0,0,1,0,0,0,13,0,0,0,0,0,34,0,0,0,0,0,19,0,0,0,0,0,0,17,0,0,0,0,0,0,0,0,0,0,107,0,8,0,48,0,209,0,123,0,344,0,47,0,0,0,0,0,305,16,58,0,50,29,5,3,0,0,4,0,0,1,0
0,0,0,0,0,0,0,0,0,0,0,0,0,0,0,0,0,0,0,0,0,0,0,34,0,0,0,0,0,0,0,0,0,0,0,0,0,0,0,0,0,0,0,0,0,0,0,0,0,0,0,14,0,0,0,0,0,0,0,0,0,0,0,0,0,0,0,0,0,3,0,9,0,85,0,67,0,40,0,0,0,10,0,3,0,62,0,71,0,0,0,0,0,1,0,0,0,0,0,0,0,0,0,0,0,0,0,0,0,0,0,0,0,0,0,0,0,0,0,0,0,54,0,15,4,0,0,0,0,0,0,0,0,0,0,62,0,18,0,0,0,29,0,48,0,46,0,0,0,0,0,0,0,0,0,0,0,0,0,0,0,0,0,12,0,0,0,16,0,27,0,0,0,10,0,13,0,0,0,0,0,0,0,0,0,0,0,0,0,12,0,0,1,0,0,0,0,0,0,35,0,0,0,0,0,0,0,0,0,54,0,0,5,0,0,0,0,0,0,2,10,0,0,0,0
