0,225,55,70,54,23,25,34,100,1,146,58,167,0,13,67,21,47,18,0,10,0,20,79,22,63,21,0,173,25,6,2,36,9,0,0,28,15,255,20,19,0,0,0,7,0,7,0,5,0,0,0,3,0,2,1,0,0,0,0,37,6,82,33,18,0,0,0,0,0,0,0,0,0,0,0,0,0,0,0,1,0,1,0,0,0,2,0,0,0,0,0,0,0,0,0,0,0,0,0,1,0,0,0,2,0,0,0,0,0,0,0,0,0,0,0,0,0,0,0,0,0,0,0,0,0,14,0,3,0,4,0,0,0,15,0,0,0,0,0,4,0,0,0,0,0,12,0,24,0,34,0,25,0,0,0,0,0,0,0,0,0,5,0,0,0,6,0,20,0,0,0,136,4,6,0,71,37,5,2,13,0,7,3,30,0,0,0,0,0,0,0,0,0,0,0,0,0,2,0,0,0,0,0,0,0,0,0,20,0,10,0,1,0,29,2,0,0,6,0,86,0,25,0,36,0,97,11,153,7,99,2,171,11,7,0,12,0,61,2,26,0,21,0,315,9,0,0,0
225,0,160,77,0,153,79,87,79,53,5,274,0,159,5,29,44,14,2,72,0,0,76,4,210,44,0,79,17,95,0,9,0,71,0,0,4,154,33,262,0,58,0,0,0,9,0,37,0,9,0,0,10,0,11,17,1,0,1,3,8,176,72,111,0,69,0,6,0,0,0,3,0,8,0,0,0,0,0,0,0,0,0,0,0,3,0,0,0,0,0,0,0,0,0,0,0,0,0,3,0,0,0,0,0,0,0,0,0,0,0,0,0,0,0,0,0,0,0,2,0,0,0,2,0,15,0,72,0,1,0,9,0,3,0,11,0,15,0,0,0,0,0,0,0,0,0,70,0,65,0,87,0,42,0,0,0,3,0,0,0,5,0,0,0,16,0,3,3,2,0,11,27,58,0,5,5,212,0,3,0,34,9,18,0,48,0,0,0,0,0,0,0,0,0,0,0,13,0,6,0,5,0,0,0,0,0,12,0,47,0,8,0,3,0,38,0,0,0,10,0,256,0,14,7,59,20,165,33,219,3,170,12,451,0,18,0,30,9,85,5,18,0,17,32,307,0,0,0
55,160,0,84,167,41,74,6,15,0,48,91,95,0,261,70,97,18,129,0,68,6,342,94,126,14,59,0,243,22,26,7,149,7,0,5,46,5,201,15,30,0,0,0,12,0,10,0,4,0,0,0,5,0,85,0,0,0,0,0,15,2,41,5,31,0,4,0,0,0,0,0,0,0,0,0,0,0,0,0,0,0,0,2,0,0,0,0,0,0,0,0,0,0,0,0,0,0,0,0,0,0,0,0,45,0,28,0,0,0,0,0,0,0,0,0,0,0,0,0,0,0,0,0,50,0,97,0,0,0,24,0,12,0,279,0,38,0,0,0,0,0,37,0,0,1,32,0,101,0,157,0,52,0,4,0,0,0,0,0,2,0,0,0,0,0,47,0,11,0,0,0,163,0,0,0,29,19,0,0,0,0,5,0,19,0,0,0,0,0,0,0,2,0,3,0,15,0,39,0,26,0,0,0,0,0,43,0,282,0,4,0,0,0,26,0,0,0,10,0,171,0,28,0,52,1,77,0,251,7,140,0,245,15,9,0,10,3,56,0,21,0,27,2,326,0,0,0,0
70,77,84,0,0,90,10,78,0,0,36,20,0,29,4,162,18,23,0,160,20,111,38,66,18,127,3,69,14,179,1,72,7,165,0,0,0,44,9,92,0,23,0,7,0,0,0,16,0,1,0,0,0,0,0,73,0,6,0,5,0,0,5,2,0,0,0,0,0,0,0,0,0,0,0,0,0,0,0,0,0,0,0,0,0,6,0,0,0,0,1,0,0,0,0,0,0,0,0,4,0,0,0,0,0,0,0,0,0,0,0,0,0,0,0,0,0,0,0,0,0,0,0,0,0,7,0,35,0,0,0,0,0,10,0,102,0,78,0,0,0,0,0,0,0,1,0,25,0,15,0,69,0,0,0,0,0,0,0,0,0,0,0,3,1,0,0,5,0,0,0,0,0,51,0,0,5,22,0,3,0,0,1,0,0,0,0,0,0,0,0,5,0,0,0,0,0,6,0,16,0,0,0,0,0,0,0,18,0,67,0,1,0,1,0,7,0,0,0,0,0,201,0,5,0,21,0,58,13,146,0,55,6,159,0,12,0,5,0,11,0,0,2,0,0,64,0,0,0
54,0,167,0,0,52,11,0,34,0,61,53,189,48,159,54,0,0,76,97,156,32,11,4,0,0,81,11,0,0,72,10,111,6,0,6,64,15,20,0,53,0,0,0,8,0,36,0,2,0,12,0,0,0,1,0,0,0,0,0,1,0,0,0,13,0,1,0,0,0,0,0,0,0,2,0,0,0,0,0,0,0,0,0,0,0,0,0,0,0,0,0,0,0,0,0,0,0,0,0,0,0,0,0,0,0,0,0,0,0,0,0,0,0,0,0,0,0,0,0,1,0,0,0,0,0,0,0,0,0,0,0,1,0,17,0,0,0,0,0,0,0,0,0,0,0,0,0,0,0,39,0,21,0,0,0,0,0,0,0,0,0,0,0,0,0,43,0,0,0,0,0,25,0,4,0,21,22,5,3,14,0,8,0,21,0,0,0,0,0,0,0,0,0,0,0,0,0,0,0,0,0,0,0,0,0,0,0,20,0,1,0,0,0,2,0,0,0,5,0,70,8,6,0,0,0,57,0,91,0,17,0,0,2,0,0,12,0,12,0,9,0,0,0,95,0,0,0,0
23,153,41,90,52,0,0,30,0,3,62,115,41,87,84,41,20,0,58,54,134,83,16,5,0,32,6,99,9,18,30,52,29,76,0,35,14,51,0,11,0,62,1,0,0,0,2,41,0,2,2,2,0,0,0,7,0,1,0,0,0,6,0,5,0,21,0,3,0,0,0,5,0,0,0,0,0,0,0,0,0,0,0,0,0,7,0,0,0,0,0,0,0,0,0,0,0,0,0,0,0,0,0,0,0,10,0,0,0,0,0,0,0,0,0,0,0,0,0,0,0,0,0,0,0,6,0,30,0,0,0,1,0,8,0,0,0,0,0,0,0,0,0,0,0,0,0,35,0,26,0,62,0,27,0,2,0,0,0,0,0,0,0,0,0,0,0,6,0,0,0,5,4,0,0,5,4,102,0,64,0,36,0,0,0,28,1,4,0,0,0,0,0,5,0,0,0,0,0,0,0,0,0,0,0,0,0,0,0,27,0,1,0,0,0,6,0,0,0,7,19,137,3,0,0,38,0,65,16,99,0,51,0,110,0,1,0,9,0,14,0,0,1,0,17,50,0,0,0
25,79,74,10,11,0,0,18,85,0,15,2,32,0,10,9,20,23,6,0,0,0,12,8,291,55,0,0,75,0,4,0,0,0,0,0,4,0,91,8,0,0,0,0,0,0,1,0,10,0,0,0,123,0,243,0,8,0,10,0,124,0,359,32,0,0,20,0,0,0,2,0,0,0,0,0,0,0,0,0,0,0,0,0,0,0,0,0,0,0,0,0,0,0,0,0,6,0,0,0,2,0,0,0,0,0,0,0,0,0,0,0,0,0,0,0,0,0,0,0,0,0,0,0,46,0,54,0,7,0,68,0,14,0,83,0,9,1,0,0,0,0,23,0,0,0,0,0,20,0,11,0,0,0,8,0,0,0,2,0,5,0,0,0,0,0,4,0,8,0,81,0,142,1,0,0,9,7,0,0,0,0,0,0,0,0,0,0,0,0,0,0,0,0,0,0,0,0,0,0,0,0,1,0,0,0,10,0,127,0,0,0,12,0,136,0,0,0,16,0,224,0,73,0,148,0,86,0,272,0,45,0,407,0,29,0,6,0,122,0,39,0,23,0,564,0,0,0,0
34,87,6,78,0,30,18,0,48,11,2,25,0,19,0,23,5,3,0,17,0,0,2,4,55,262,0,21,0,64,0,2,0,14,0,5,0,60,0,196,0,11,0,0,0,0,0,0,0,0,0,0,8,25,0,288,0,9,0,2,0,100,49,141,0,0,0,0,0,0,0,0,0,0,0,0,0,1,0,0,0,0,0,0,0,0,0,0,0,0,0,0,0,0,0,0,0,0,0,0,0,0,0,0,0,0,0,0,0,0,0,0,0,0,0,0,0,0,0,0,0,0,0,0,0,7,0,15,0,0,0,8,0,5,0,0,0,0,0,0,0,0,0,0,0,0,0,0,0,0,0,3,0,0,0,0,0,0,0,0,1,0,0,0,0,7,0,0,0,0,0,10,0,50,0,0,2,16,0,0,0,0,10,0,0,0,0,0,0,0,0,0,0,1,0,0,0,0,0,0,0,0,0,0,0,0,0,1,0,21,0,19,0,4,0,71,0,0,1,6,3,293,0,36,0,64,0,23,0,215,0,60,0,379,1,14,0,13,3,41,0,8,0,9,9,179,0,0,0
100,79,15,0,34,0,85,48,0,209,32,0,67,0,13,3,3,16,22,0,6,0,1,0,12,113,19,0,0,0,0,0,0,0,0,0,0,0,0,0,5,0,3,0,0,0,8,0,7,0,0,0,208,64,107,140,26,18,79,0,216,10,286,71,98,0,94,30,0,0,0,0,1,0,0,0,0,0,0,0,0,0,0,0,0,0,0,0,0,0,0,0,0,0,0,0,0,0,0,0,1,0,0,0,0,0,0,0,0,0,0,0,0,0,0,0,0,0,0,0,0,0,0,0,29,0,51,0,3,0,79,0,13,0,12,0,0,0,3,0,0,0,0,0,0,0,16,0,94,0,44,0,25,0,4,8,11,0,0,0,16,0,0,0,0,0,0,0,6,0,60,0,45,0,18,0,86,34,6,0,8,0,24,9,44,0,0,0,0,0,0,0,0,0,0,0,0,0,0,0,2,0,0,0,0,0,14,0,58,0,5,0,0,0,155,0,0,0,7,0,197,0,28,0,88,0,98,4,238,0,28,0,300,0,24,0,4,0,175,2,50,0,66,0,561,6,0,0,0
1,53,0,0,0,3,0,11,209,0,0,24,0,9,0,0,0,0,0,0,0,0,0,0,33,26,0,0,0,0,0,0,0,0,0,0,0,0,0,0,0,0,0,0,0,0,0,0,0,0,0,1,160,105,78,303,3,46,6,40,15,218,82,227,0,180,14,129,0,0,0,0,0,4,0,0,0,0,0,0,0,0,0,0,0,0,0,0,0,0,0,0,0,0,0,0,0,0,0,0,0,0,0,0,0,1,0,0,0,0,0,0,0,0,0,0,0,0,0,0,0,0,0,0,0,55,0,84,0,0,0,19,0,0,0,3,0,9,0,0,0,0,0,1,0,0,1,88,0,109,0,39,0,16,0,8,0,41,0,1,1,0,1,0,0,0,0,1,0,5,6,18,3,41,3,0,27,246,0,0,0,3,5,54,0,32,0,0,0,0,0,2,0,0,0,0,0,0,0,0,0,0,0,0,0,1,0,9,0,69,0,0,0,10,0,243,0,0,0,4,0,463,0,44,0,51,9,36,18,358,0,55,5,866,3,61,0,28,6,102,7,8,0,11,24,495,0,0,0
146,5,48,36,61,62,15,2,32,0,0,83,232,10,82,85,24,0,18,28,94,15,0,23,0,0,19,0,15,15,40,17,101,11,0,2,38,8,40,0,21,2,0,1,4,0,5,0,0,1,5,0,0,0,0,0,0,0,0,0,0,0,0,0,9,0,0,0,0,0,0,0,0,0,0,0,0,0,0,0,0,0,0,0,0,0,0,0,0,1,0,0,0,0,1,0,0,0,5,0,0,0,0,0,0,0,0,0,0,0,0,0,0,0,0,0,0,0,0,0,0,0,0,0,0,0,0,0,0,0,2,0,0,0,0,0,0,0,0,0,0,0,3,0,0,0,7,0,0,0,37,0,21,0,0,0,0,0,0,0,0,0,0,0,0,1,37,0,31,0,1,0,32,0,8,0,51,14,11,4,23,0,17,0,25,0,0,0,0,0,0,0,0,0,0,0,0,0,0,0,0,0,0,0,0,0,5,0,15,0,1,0,0,0,0,0,0,0,3,0,96,11,8,0,8,0,47,6,133,8,83,2,67,10,0,0,14,2,23,0,10,0,9,0,174,9,0,0,0
58,274,91,20,53,115,2,25,0,24,83,0,23,260,86,8,23,0,11,56,117,19,54,5,3,8,5,73,24,36,24,36,33,90,0,7,18,38,17,64,0,112,0,0,0,3,2,50,0,12,0,1,0,0,0,3,0,0,0,1,0,5,0,10,0,46,0,2,0,0,0,3,0,0,0,0,0,0,0,4,0,9,0,0,0,6,0,9,0,0,0,0,0,0,0,0,0,0,0,6,0,0,0,0,0,0,0,0,0,0,0,0,0,0,0,0,0,0,0,0,0,0,0,0,0,6,0,30,0,0,0,1,0,0,0,0,0,4,0,0,0,0,0,0,0,4,0,53,0,61,0,83,0,75,0,0,0,0,0,0,0,0,0,0,0,0,0,2,0,0,0,3,0,8,0,24,16,234,0,39,0,94,1,0,0,64,0,4,0,0,0,0,0,0,0,0,0,25,0,9,0,0,0,0,0,0,0,9,0,21,0,1,0,0,0,3,0,0,1,3,19,106,0,0,0,23,5,116,30,45,15,59,0,101,0,4,0,6,0,10,0,7,0,5,20,61,0,0,0
167,0,95,0,189,41,32,0,67,0,232,23,0,202,44,28,4,0,42,202,47,55,0,1,0,0,54,171,0,0,35,6,36,5,113,31,35,15,9,0,214,38,12,15,18,0,125,31,21,1,79,16,0,0,0,0,0,0,0,0,0,0,0,0,19,0,0,0,0,0,0,0,1,0,0,0,0,0,0,0,0,0,0,0,0,0,0,0,0,0,0,0,0,0,0,0,0,0,0,0,0,0,0,0,0,0,0,0,0,0,0,0,0,0,0,0,0,0,0,0,0,0,3,0,7,0,0,0,0,0,0,0,0,0,21,0,0,0,0,0,0,0,0,0,2,0,9,0,31,0,41,0,45,0,0,0,0,0,0,0,0,0,0,0,12,0,12,0,29,0,2,0,11,0,30,0,131,75,29,0,71,0,39,0,36,0,19,1,0,0,0,0,0,0,0,0,3,0,0,0,0,0,0,0,0,0,0,0,22,0,0,0,0,0,0,0,0,0,8,0,66,5,8,0,140,13,86,4,66,0,28,0,23,0,2,0,10,0,6,0,0,0,2,0,108,0,0,0,0
0,159,0,29,48,87,0,19,0,9,10,260,202,0,46,14,0,0,242,31,167,19,0,0,0,7,220,35,0,0,26,14,9,3,70,28,0,38,0,0,63,220,13,19,13,0,28,113,0,20,38,37,0,1,0,1,0,0,0,0,0,0,0,0,0,29,0,0,0,0,0,0,0,0,0,0,0,0,0,0,0,7,0,0,0,0,0,0,0,0,0,0,0,0,0,0,0,0,0,0,0,0,0,0,0,0,0,0,0,0,0,0,0,0,0,0,0,0,0,0,0,0,0,0,0,4,0,27,0,0,0,0,0,2,0,0,0,12,0,0,0,0,0,0,0,0,0,40,0,36,0,51,0,43,0,0,0,0,0,0,0,3,0,0,0,0,0,0,0,13,0,0,3,1,0,22,13,314,0,70,0,75,0,5,0,32,6,51,0,0,0,0,0,0,0,0,0,20,0,0,0,0,0,0,0,0,0,0,0,17,0,0,0,0,0,5,1,0,1,53,6,30,0,14,0,157,0,45,0,76,0,24,0,37,0,1,3,8,0,4,0,0,0,1,0,0,0,0,0
13,5,261,4,159,84,10,0,13,0,82,86,44,46,0,105,65,2,128,89,356,37,208,18,26,0,101,15,31,8,198,29,112,18,124,9,48,18,22,0,0,0,0,0,9,0,12,0,2,0,11,0,24,0,88,0,3,0,0,0,0,0,26,0,16,0,2,0,0,0,16,0,0,0,0,0,0,0,4,0,0,0,0,0,38,0,0,0,0,0,42,0,0,0,0,0,59,0,0,0,0,0,0,0,84,0,102,0,0,0,0,0,0,0,0,0,0,0,0,0,0,0,0,0,0,0,22,0,2,0,0,1,0,0,234,0,38,0,0,0,9,0,106,0,11,0,33,0,45,0,107,0,77,0,3,0,0,0,0,0,0,0,0,0,0,0,38,0,0,0,2,0,27,0,5,0,55,17,8,2,23,0,15,0,48,0,0,0,0,0,0,0,0,0,0,0,10,0,0,0,92,0,0,0,3,0,0,0,128,1,0,0,0,0,0,0,0,0,3,0,55,14,0,0,13,9,43,8,58,0,20,0,20,9,3,0,9,0,22,0,12,0,9,0,66,4,0,0,0
67,29,70,162,54,41,9,23,3,0,85,8,28,14,105,0,35,86,16,208,139,289,34,66,10,100,5,86,10,86,34,180,41,164,0,14,0,53,19,38,0,0,0,14,0,0,1,0,0,0,0,4,1,0,0,100,0,32,0,0,0,6,0,12,0,5,0,1,0,0,0,0,0,0,0,5,0,0,0,0,0,23,0,0,0,60,0,8,0,19,0,0,0,0,0,0,0,147,0,26,0,0,0,0,0,0,0,81,0,0,0,0,0,0,0,0,0,0,0,0,0,8,0,6,0,0,0,0,0,0,0,5,0,12,0,289,0,172,0,52,0,16,0,68,0,0,0,22,0,10,0,62,0,6,0,12,0,0,0,3,0,6,0,0,0,0,0,3,5,7,0,0,5,16,0,2,4,32,0,23,0,0,0,0,0,2,0,0,0,0,0,0,0,0,0,0,0,0,0,45,0,96,0,0,0,0,0,23,0,84,1,0,0,0,0,4,0,0,2,3,19,90,1,8,0,21,0,96,20,110,0,24,0,83,3,4,0,9,0,7,0,0,0,2,23,46,0,0,0
21,44,97,18,0,20,20,5,3,0,24,23,4,0,65,35,0,5,62,0,344,0,128,18,61,11,68,0,365,14,45,0,28,0,13,0,6,0,59,4,0,0,9,0,19,0,0,0,0,0,12,0,52,0,28,1,9,0,0,0,4,2,199,3,0,0,0,0,0,0,10,0,0,0,0,0,0,0,0,0,85,0,0,0,205,0,56,0,0,0,194,0,0,0,0,0,273,1,225,0,38,0,0,0,61,0,150,0,0,0,0,0,0,0,0,0,0,0,0,0,21,0,0,0,0,0,5,0,10,0,0,0,0,0,93,0,106,0,72,0,40,0,345,0,13,0,0,0,0,0,0,0,0,0,41,0,0,0,12,0,0,0,0,0,0,0,5,0,16,0,2,0,21,1,0,0,15,6,5,0,0,0,7,0,0,0,0,0,0,0,0,0,2,0,0,0,0,0,11,0,179,0,0,0,0,0,0,0,0,0,0,0,0,0,4,0,0,0,0,0,24,0,0,0,0,1,30,4,33,0,0,0,31,0,0,0,0,0,1,0,1,1,0,0,13,0,0,0,0
47,14,18,23,0,0,23,3,16,0,0,0,0,0,2,86,5,0,0,69,2,135,7,98,61,31,0,32,4,170,0,48,0,27,0,29,0,17,0,122,0,1,0,0,0,0,0,0,0,0,0,0,2,13,4,28,0,9,0,0,4,33,36,204,0,0,0,0,0,0,0,0,0,4,0,0,0,0,0,0,0,42,0,0,0,167,0,0,0,0,0,35,0,0,0,0,0,185,0,47,0,57,0,0,0,0,0,0,0,0,0,0,0,0,0,0,0,0,0,0,0,0,0,0,0,0,0,0,0,38,0,0,0,34,0,182,0,230,0,92,0,72,0,250,0,4,0,0,0,0,0,0,0,0,0,29,0,0,0,23,0,6,0,0,0,2,0,0,0,0,0,0,10,4,0,0,0,13,0,4,0,0,2,1,0,0,0,0,0,0,0,0,0,0,0,0,0,0,0,0,0,25,0,0,0,0,0,0,0,12,0,0,0,0,0,1,0,0,0,0,0,19,0,0,2,6,4,38,0,24,0,2,0,13,0,1,0,0,0,3,0,1,0,0,10,6,0,0,0
18,2,129,0,76,58,6,0,22,0,18,11,42,242,128,16,62,0,0,277,202,78,79,0,10,0,155,188,18,0,38,0,6,0,250,22,22,0,2,0,11,27,6,13,7,3,23,17,2,0,110,0,3,0,28,0,0,0,0,0,4,0,45,0,6,0,0,0,0,0,0,0,2,0,11,0,0,0,0,0,0,0,0,0,0,1,0,0,0,0,0,0,0,0,0,0,53,0,0,0,0,0,0,0,0,0,0,0,0,0,0,0,0,0,0,0,0,0,0,0,0,0,0,0,2,0,0,0,0,0,0,0,0,0,55,0,0,0,6,0,0,0,0,0,10,0,7,0,0,0,43,0,41,0,0,0,0,0,0,0,0,0,0,0,18,0,8,0,18,0,0,0,13,0,5,0,35,63,3,0,0,0,15,0,26,0,5,0,2,0,0,0,0,0,0,0,0,0,0,0,0,0,0,0,0,0,9,0,40,0,0,0,0,0,3,0,0,0,6,0,26,0,5,0,74,0,60,0,37,0,25,0,14,0,2,0,6,2,30,0,9,0,10,0,82,0,0,0,0
0,72,0,160,97,54,0,17,0,0,28,56,202,31,89,208,0,69,277,0,266,253,0,60,0,36,70,177,0,37,54,122,36,41,43,154,12,92,3,6,20,29,0,47,4,21,7,49,1,2,18,56,0,0,0,0,0,0,0,0,0,11,0,28,0,17,0,0,0,0,0,10,0,0,0,0,0,0,0,0,0,80,0,0,0,88,0,26,0,0,0,21,0,1,0,0,0,71,0,61,0,0,0,0,0,0,0,54,0,0,0,0,0,0,0,0,0,0,0,0,0,0,0,0,0,0,0,0,0,0,0,0,0,0,0,102,0,40,0,0,0,16,0,79,0,8,0,0,0,22,0,71,0,30,0,0,0,0,0,0,0,0,0,0,0,10,0,3,0,0,0,0,0,1,0,6,20,71,6,30,0,46,0,0,0,10,0,7,0,0,0,0,0,0,0,0,0,15,0,13,0,0,0,0,0,0,0,12,0,40,0,0,0,0,0,0,0,0,0,37,14,34,0,13,0,124,0,41,0,104,0,13,1,35,0,1,0,0,0,4,0,0,0,2,0,21,0,0,0
10,0,68,20,156,134,0,0,6,0,94,117,47,167,356,139,344,2,202,266,0,89,91,15,27,0,79,96,97,15,134,42,30,27,74,26,6,29,4,2,3,20,10,9,14,0,0,6,0,1,30,4,10,0,21,0,0,0,3,0,0,0,162,0,4,0,0,0,0,0,41,0,0,0,0,0,0,0,0,0,93,0,0,0,121,0,85,0,0,0,130,0,0,0,0,0,177,0,285,0,39,0,0,0,36,0,100,0,0,0,0,0,0,0,0,0,0,0,0,0,21,0,24,0,0,0,0,0,0,0,0,0,0,0,81,0,21,0,0,0,20,0,139,1,43,0,0,0,0,0,0,0,11,0,0,0,0,0,0,0,0,0,0,0,5,0,35,0,25,0,0,0,17,0,0,0,48,35,23,0,7,0,15,0,9,0,0,3,0,0,0,0,0,0,0,0,0,0,0,0,90,0,0,0,0,0,14,0,29,0,0,0,0,0,3,0,0,0,3,1,55,17,0,0,18,10,117,15,74,0,40,0,38,0,0,1,11,2,11,0,2,0,7,0,147,0,0,0,0
0,0,6,111,32,83,0,0,0,0,15,19,55,19,37,289,0,135,78,253,89,0,0,35,0,11,22,107,0,74,17,152,17,99,11,38,8,7,2,8,4,3,0,66,0,12,5,7,0,0,6,62,0,0,0,0,0,0,1,0,0,0,0,34,0,0,0,1,0,0,0,22,0,0,0,7,0,0,0,13,0,93,0,0,0,85,0,45,0,12,0,0,0,0,0,0,0,49,0,43,0,0,0,0,0,0,0,0,0,0,0,0,0,0,0,0,0,0,0,0,0,46,0,16,0,0,0,0,0,0,0,0,0,0,0,31,0,18,0,0,0,0,0,115,0,21,0,0,0,0,0,0,0,0,0,0,0,1,0,0,0,0,0,2,1,3,0,2,0,13,0,2,0,3,0,0,1,10,0,17,0,0,0,0,0,2,2,5,0,0,0,0,0,0,0,0,0,5,0,0,0,0,0,0,0,0,0,4,0,0,0,0,0,0,0,1,0,0,0,25,8,42,0,3,3,58,0,118,0,40,3,34,0,55,0,1,0,4,1,7,0,0,0,2,4,25,0,0,0
20,76,342,38,11,16,12,2,1,0,0,54,0,0,208,34,128,7,79,0,91,0,0,48,54,4,20,0,150,25,8,0,77,5,1,0,17,0,48,7,0,0,2,0,3,0,1,0,0,0,0,0,16,0,105,0,0,0,0,0,1,0,17,3,0,0,0,0,0,0,0,0,0,0,0,0,0,0,0,0,0,0,6,0,0,0,0,0,0,0,30,0,0,0,0,0,53,0,0,0,0,0,0,0,0,0,57,0,0,0,0,0,0,0,0,0,0,0,0,0,0,0,0,0,2,0,11,0,0,0,4,0,0,0,156,0,33,0,0,0,0,0,121,0,0,0,2,0,8,0,36,0,9,0,5,0,0,0,0,0,0,0,0,0,0,0,15,0,0,0,5,0,41,0,0,0,7,3,5,0,0,0,4,0,0,0,0,0,0,0,0,0,0,0,0,0,7,0,0,0,85,0,3,0,0,0,12,0,63,0,0,0,0,0,5,0,0,0,4,0,53,11,14,0,5,0,39,8,79,0,12,0,73,13,0,0,6,0,5,1,0,0,5,0,58,0,0,0,0
79,4,94,66,4,5,8,4,0,0,23,5,1,0,18,66,18,98,0,60,15,35,48,0,18,35,0,14,13,107,0,18,8,38,0,4,4,11,18,56,0,0,0,4,0,0,0,0,0,1,0,0,0,0,0,55,0,11,0,0,0,2,7,34,0,0,0,0,0,0,0,0,0,0,0,0,0,0,0,0,0,14,0,0,0,30,0,0,0,15,0,0,0,0,0,13,0,70,0,20,0,24,0,6,0,12,0,46,0,0,0,0,0,0,0,0,0,0,0,0,0,0,0,2,0,0,0,5,0,7,0,1,0,0,0,104,0,57,0,25,0,6,0,22,0,0,0,0,0,0,0,0,0,0,0,6,0,0,0,0,0,1,0,0,0,2,0,2,1,9,0,0,5,12,0,0,1,11,0,4,0,0,2,0,0,0,0,0,0,0,0,0,0,0,0,0,0,2,0,0,0,28,0,0,0,2,0,0,0,16,0,1,0,0,0,0,0,2,0,0,5,54,0,0,0,8,4,77,0,36,6,0,0,27,0,1,0,1,1,4,0,0,1,0,10,14,0,0,0
22,210,126,18,0,0,291,55,12,33,0,3,0,0,26,10,61,61,10,0,27,0,54,18,0,114,0,0,67,0,4,0,4,0,0,0,0,6,34,11,0,0,1,0,0,0,0,0,0,0,0,0,66,3,171,7,0,0,3,0,12,16,95,63,0,0,0,0,0,0,0,0,0,0,0,0,0,0,0,0,0,0,0,0,31,0,0,0,0,0,0,0,0,0,0,0,34,0,11,0,0,0,0,0,34,0,53,0,0,0,0,0,0,0,0,0,0,0,0,0,0,0,0,0,3,0,4,0,10,0,1,0,5,0,167,0,82,0,14,0,6,0,161,0,0,0,0,0,0,0,6,0,0,0,22,0,0,0,0,0,0,0,1,0,0,0,0,0,0,0,0,0,13,0,0,0,3,7,0,0,0,0,7,2,0,0,0,0,0,0,0,0,0,0,0,0,0,0,8,0,77,0,0,0,0,0,9,0,33,0,0,0,2,0,5,0,0,0,5,0,17,0,14,0,18,2,19,7,41,0,0,5,36,0,0,0,0,0,6,0,0,0,0,0,14,10,0,0,0
63,44,14,127,0,32,55,262,113,26,0,8,0,7,0,100,11,31,0,36,0,11,4,35,114,0,2,17,4,21,0,0,0,5,0,0,0,17,0,51,0,2,0,0,0,0,0,0,0,0,0,0,20,16,28,160,0,34,0,3,0,52,104,253,0,1,1,0,0,0,0,0,0,3,0,0,0,0,0,0,0,0,0,0,0,0,0,0,0,0,0,0,0,0,0,0,0,0,0,0,0,0,0,0,0,11,0,30,0,0,0,0,0,0,0,0,0,0,0,0,0,0,0,0,0,0,0,0,0,27,0,0,0,22,0,145,0,162,0,75,0,20,2,11,0,0,0,0,0,1,0,0,0,0,0,40,0,2,0,17,0,6,0,0,0,0,0,0,0,4,0,0,12,6,2,0,0,19,0,1,0,0,10,0,1,0,0,0,0,0,0,0,0,0,0,0,0,0,0,6,0,0,0,0,0,0,0,8,0,40,0,0,0,0,0,9,0,0,1,4,0,54,0,0,5,18,0,29,20,56,3,10,8,65,0,0,0,1,0,10,4,0,0,2,22,34,0,0,0
21,0,59,3,81,6,0,0,19,0,19,5,54,220,101,5,68,0,155,70,79,22,20,0,0,2,0,421,91,0,67,4,16,0,163,14,26,0,6,0,63,198,103,19,134,15,60,158,12,4,239,47,2,0,0,0,0,0,0,0,0,0,73,0,0,0,0,0,0,0,43,0,0,0,24,0,0,0,0,0,91,0,0,0,0,0,70,0,0,0,111,0,0,0,0,0,92,0,208,0,0,0,0,0,0,0,0,0,0,0,0,0,0,0,0,0,0,0,0,0,0,0,0,0,0,0,0,0,0,0,4,0,0,0,32,0,0,0,0,0,0,0,64,0,40,0,0,0,18,0,24,0,21,0,0,0,0,0,0,0,2,0,0,0,76,1,11,0,25,0,6,0,12,0,4,0,31,66,7,0,14,0,8,0,19,0,25,2,0,0,0,0,0,0,0,0,0,0,0,0,23,0,0,0,0,0,0,0,17,0,0,0,0,0,1,0,2,0,156,39,30,0,19,0,327,0,40,0,39,0,20,0,0,0,1,0,4,1,0,0,2,0,2,0,44,0,0,0,0
0,79,0,69,11,99,0,21,0,0,0,73,171,35,15,86,0,32,188,177,96,107,0,14,0,17,421,0,0,42,8,78,0,56,80,70,0,54,0,9,168,64,41,117,33,118,108,93,3,18,88,154,0,0,0,0,0,0,0,0,0,14,0,22,0,23,0,0,0,0,0,7,0,0,0,0,0,0,0,0,0,94,0,0,0,93,0,0,0,22,0,0,0,0,0,0,0,0,0,41,0,47,0,0,0,0,0,0,0,0,0,0,0,0,0,0,0,0,0,0,0,34,0,19,0,0,0,0,0,0,0,0,0,0,0,47,0,0,0,0,0,32,0,164,0,20,0,27,0,0,0,0,0,46,0,0,0,1,0,0,0,0,0,0,0,26,0,3,0,25,0,0,0,2,0,9,7,42,0,8,0,0,0,0,0,22,6,5,0,0,0,0,0,0,0,0,0,0,0,0,0,21,0,0,0,0,0,0,0,30,0,0,0,3,0,0,0,0,18,548,2,11,0,121,0,165,0,53,0,64,0,0,0,24,0,0,0,0,0,0,0,0,0,0,0,12,0,0,0
173,17,243,14,0,9,75,0,0,0,15,24,0,0,31,10,365,4,18,0,97,0,150,13,67,4,91,0,0,3,121,0,58,0,73,0,54,0,31,0,1,0,71,0,15,0,2,0,0,0,57,0,7,0,5,0,0,0,0,0,3,0,376,0,0,0,0,0,0,0,27,0,3,0,19,0,0,0,0,0,106,0,0,0,124,0,74,0,37,0,85,0,0,0,0,0,154,0,255,0,23,0,0,0,0,0,48,0,0,0,0,0,0,0,0,0,0,0,0,0,25,0,36,0,0,0,0,0,0,0,0,0,0,0,0,0,23,0,45,0,75,0,150,0,50,0,0,0,0,0,0,0,0,0,13,0,0,0,7,0,0,0,0,0,0,0,5,0,0,0,1,0,0,0,4,0,89,7,9,0,3,0,31,0,2,0,0,0,0,0,0,0,0,0,0,0,0,0,0,0,18,0,0,0,0,0,0,0,0,0,0,0,0,0,0,0,0,0,0,0,4,0,0,0,0,0,24,0,4,2,0,0,0,0,0,0,0,0,0,0,1,0,0,0,5,0,0,0,0
25,95,22,179,0,18,0,64,0,0,15,36,0,0,8,86,14,170,0,37,15,74,25,107,0,21,0,42,3,0,0,57,6,34,0,82,0,35,0,26,0,0,0,19,0,0,0,0,0,0,0,21,0,2,0,0,0,0,0,0,1,6,0,141,0,0,0,0,0,0,0,0,0,0,0,4,0,0,0,0,0,75,0,8,0,156,0,27,0,0,0,0,0,0,0,0,0,66,0,56,0,51,0,0,0,0,0,18,0,0,0,0,0,0,0,0,0,0,0,0,0,22,0,4,0,0,0,0,0,11,0,0,0,22,0,97,0,95,0,24,0,87,0,291,0,8,0,0,0,4,0,0,0,0,0,0,0,0,0,0,0,0,0,0,0,0,0,0,0,0,0,0,0,0,0,0,0,37,0,30,0,0,0,2,0,0,0,0,0,0,0,0,0,0,0,0,0,0,0,0,0,0,0,0,0,0,0,0,0,0,0,0,0,0,0,0,0,0,0,0,0,0,0,0,0,3,0,58,0,0,0,0,0,0,0,0,0,0,0,0,0,0,0,0,4,0,0,0,0
6,0,26,1,72,30,4,0,0,0,40,24,35,26,198,34,45,0,38,54,134,17,8,0,4,0,67,8,121,0,0,9,25,3,42,5,16,0,4,0,0,0,39,0,10,0,0,0,0,0,120,0,0,0,0,0,0,0,0,0,0,0,25,0,0,0,0,0,0,0,26,0,1,0,0,0,0,0,0,0,38,1,0,0,0,0,0,0,0,0,0,0,0,0,0,0,0,0,68,0,0,0,0,0,0,0,0,0,0,0,0,0,0,0,0,0,0,0,0,0,0,0,0,0,1,0,0,0,0,0,0,0,0,0,0,0,0,0,0,0,10,0,42,0,0,0,0,0,0,0,0,0,7,0,0,0,0,0,0,0,0,0,0,0,5,0,93,0,0,0,3,0,32,0,0,0,16,4,7,1,0,0,0,0,7,0,0,0,0,0,0,0,0,0,0,0,0,0,0,0,0,0,0,0,0,0,0,0,0,0,1,0,0,0,0,0,0,0,0,0,46,8,0,0,0,0,59,0,55,0,13,0,0,0,4,0,10,5,0,0,2,0,2,0,44,0,0,0,0
2,9,7,72,10,52,0,2,0,0,17,36,6,14,29,180,0,48,0,122,42,152,0,18,0,0,4,78,0,57,9,0,0,21,2,58,4,7,3,6,1,0,0,52,0,5,0,1,0,0,1,35,0,2,0,0,0,2,0,0,0,0,0,24,0,0,0,0,0,0,0,11,0,0,0,6,0,0,0,7,0,36,0,0,0,0,0,24,0,0,0,0,0,0,0,0,0,20,0,0,0,0,0,0,0,0,0,0,0,0,0,0,0,0,0,0,0,0,0,0,0,0,0,8,0,0,0,0,0,0,0,0,0,0,0,21,0,16,0,8,0,0,0,65,0,9,0,3,0,0,0,0,0,0,0,0,0,0,0,0,0,0,0,0,0,0,0,8,0,0,0,2,0,1,0,0,0,22,1,28,0,0,0,0,0,0,1,1,0,0,0,0,0,0,0,0,0,0,0,0,0,9,0,0,0,0,0,0,0,0,0,0,0,0,0,0,0,0,0,9,0,46,0,0,0,24,0,81,0,39,0,23,0,0,0,3,0,6,0,6,0,0,0,0,0,14,0,0,0
36,0,149,7,111,29,0,0,0,0,101,33,36,9,112,41,28,0,6,36,30,17,77,8,4,0,16,0,58,6,25,0,0,9,43,0,143,0,5,0,0,0,21,0,0,0,0,0,0,0,39,0,0,0,6,0,0,0,2,0,2,0,17,0,0,0,0,0,0,0,12,0,0,0,7,0,0,0,0,0,0,0,0,0,16,0,9,0,0,0,0,0,0,0,0,0,16,0,33,0,2,0,0,0,0,0,0,0,0,0,0,0,0,0,0,0,0,0,0,0,0,0,7,0,0,0,0,0,0,0,0,0,0,0,0,0,0,0,0,0,10,0,15,0,18,0,0,0,0,0,6,0,0,0,2,0,0,0,0,0,0,0,1,0,4,0,98,0,25,0,0,0,37,0,0,0,72,3,20,1,0,0,28,0,0,0,0,0,0,0,0,0,0,0,0,0,0,0,0,0,8,0,0,0,0,0,0,0,0,0,1,0,0,0,1,0,0,0,0,0,49,6,0,0,11,0,92,0,63,0,17,0,0,0,0,0,7,1,4,0,0,0,5,0,55,0,0,0,0
9,71,7,165,6,76,0,14,0,0,11,90,5,3,18,164,0,27,0,41,27,99,5,38,0,5,0,56,0,34,3,21,9,0,0,67,0,107,0,13,0,0,0,31,0,7,0,0,0,0,0,30,0,0,0,0,0,0,0,2,0,11,0,54,0,7,0,0,0,0,0,7,0,0,0,0,0,0,0,0,0,52,0,0,0,55,0,14,0,0,0,0,0,0,0,0,0,0,0,17,0,0,0,0,0,0,0,0,0,0,0,0,0,0,0,0,0,0,0,0,0,0,0,8,0,0,0,0,0,4,0,0,0,0,0,26,0,11,0,0,0,50,0,131,0,28,0,0,0,0,0,0,0,0,0,0,0,9,0,0,0,0,0,0,0,0,0,4,0,4,0,0,0,13,0,0,0,45,0,71,0,0,0,0,0,0,0,0,0,0,0,0,0,0,0,0,0,0,0,0,0,0,0,0,0,0,0,0,0,0,0,0,0,0,0,3,0,0,0,3,0,85,0,0,0,8,2,154,0,116,0,0,0,24,0,1,0,0,0,0,0,0,0,1,2,10,0,0,0
0,0,0,0,0,0,0,0,0,0,0,0,113,70,124,0,13,0,250,43,74,11,1,0,0,0,163,80,73,0,42,2,43,0,0,3,105,2,13,0,12,16,37,7,11,0,0,16,2,0,105,0,0,0,0,0,2,0,0,0,0,0,3,0,0,0,0,0,0,0,0,0,0,0,0,0,0,0,0,0,27,0,0,0,0,0,0,0,0,0,0,0,0,0,0,0,0,0,56,0,0,0,0,0,0,0,0,0,0,0,0,0,0,0,0,0,0,0,0,0,0,0,0,0,0,0,0,0,0,0,2,0,0,0,0,0,0,0,0,0,4,0,0,0,13,0,0,0,0,0,0,0,3,0,0,0,0,0,0,0,4,0,4,0,23,0,46,0,20,0,0,0,13,0,0,0,5,0,13,0,0,0,3,0,0,0,9,1,0,0,0,0,0,0,0,0,0,0,0,0,0,0,0,0,0,0,0,0,0,0,1,0,0,0,2,0,0,0,8,0,65,0,0,0,130,0,80,0,66,0,14,0,0,0,1,0,0,0,5,0,0,0,3,0,47,0,0,0,0
0,0,5,0,6,35,0,5,0,0,2,7,31,28,9,14,0,29,22,154,26,38,0,4,0,0,14,70,0,82,5,58,0,67,3,0,0,94,0,34,4,3,0,36,0,15,0,10,0,0,0,74,0,0,0,1,0,0,0,0,0,0,0,23,0,0,0,0,0,0,0,11,0,6,0,5,0,0,0,4,0,42,0,0,0,35,0,0,0,4,0,0,0,0,0,0,0,0,0,14,0,0,0,0,0,0,0,0,0,0,0,0,0,0,0,0,0,0,0,0,0,0,0,14,0,0,0,0,0,0,0,0,0,0,0,0,0,0,0,0,0,25,0,81,0,34,0,0,0,0,0,0,0,0,0,0,0,3,0,0,0,0,0,3,0,27,0,31,0,21,0,4,0,6,0,0,0,4,0,5,0,4,0,0,0,0,2,5,0,0,0,0,0,0,0,0,0,0,0,0,0,0,0,0,0,0,0,0,0,0,0,2,0,0,0,0,0,0,0,56,0,57,1,0,0,134,0,134,0,95,0,0,0,37,0,5,0,11,0,10,0,0,0,4,0,0,0,0,0
28,4,46,0,64,14,4,0,0,0,38,18,35,0,48,0,6,0,22,12,6,8,17,4,0,0,26,0,54,0,16,4,143,0,105,0,0,0,128,0,0,0,45,0,15,0,1,0,0,0,106,0,0,0,0,0,0,0,0,0,23,0,11,0,0,0,0,0,0,0,72,0,4,0,22,0,0,0,0,0,51,0,15,0,11,0,45,0,19,0,16,0,0,0,19,0,0,0,81,0,0,0,0,0,0,0,0,0,0,0,0,0,0,0,0,0,0,0,0,0,11,0,10,0,0,0,0,0,0,0,0,0,0,0,0,0,6,0,31,0,66,0,57,0,114,0,0,0,0,0,0,0,0,0,16,0,17,0,16,0,0,0,14,0,20,0,63,0,44,0,7,0,54,0,0,0,38,5,9,1,9,0,11,0,0,0,3,0,0,0,0,0,0,0,0,0,0,0,0,0,0,0,0,0,0,0,0,0,0,0,0,0,0,0,0,0,0,0,3,0,35,3,6,0,50,0,49,0,91,0,9,0,15,0,0,0,2,1,1,0,0,0,0,0,24,0,0,0,0
15,154,5,44,15,51,0,60,0,0,8,38,15,38,18,53,0,17,0,92,29,7,0,11,6,17,0,54,0,35,0,7,0,107,2,94,0,0,1,62,2,0,0,108,0,9,0,8,0,2,0,48,0,0,0,0,0,0,0,1,0,79,0,83,0,2,0,0,0,0,0,23,0,4,0,8,0,0,0,0,0,46,0,0,0,40,0,25,0,4,0,4,0,0,0,12,0,0,0,16,0,0,0,0,0,0,0,0,0,0,0,0,0,0,0,0,0,0,0,0,0,21,0,24,0,0,0,3,0,0,0,0,0,0,0,11,0,0,0,55,0,92,0,148,0,112,0,0,0,0,0,0,0,0,0,0,0,35,0,0,0,0,0,0,0,14,0,48,0,33,0,7,6,15,0,0,4,75,2,32,0,4,0,9,0,0,0,4,0,0,0,0,0,0,0,0,0,0,0,0,0,0,0,0,0,0,0,0,0,1,0,0,0,0,0,0,0,2,0,13,0,121,0,14,0,86,1,251,0,265,0,11,0,39,0,5,1,0,0,0,0,0,0,0,0,0,0,0,0
255,33,201,9,20,0,91,0,0,0,40,17,9,0,22,19,59,0,2,3,4,2,48,18,34,0,6,0,31,0,4,3,5,0,13,0,128,1,0,0,1,0,23,0,6,0,0,0,0,0,10,0,2,0,1,0,0,0,0,0,6,1,11,2,0,0,0,0,1,0,21,0,0,0,13,0,0,0,0,0,29,0,0,0,14,0,21,0,0,0,0,0,0,0,0,0,7,0,57,0,0,0,0,0,0,0,0,0,0,0,0,0,0,0,0,0,0,0,0,0,0,0,15,0,0,0,0,0,0,0,0,0,0,0,0,0,0,0,29,0,24,0,22,0,41,0,0,0,1,0,0,0,0,0,13,0,8,1,9,0,0,0,0,0,1,0,13,0,0,0,5,0,57,0,0,0,100,8,5,0,0,0,46,1,0,0,0,0,0,0,0,0,0,0,0,0,0,0,0,0,0,0,0,0,0,0,0,0,0,0,0,0,0,0,0,0,0,0,1,0,36,0,0,0,7,0,90,0,17,0,2,0,18,4,0,0,2,0,0,0,0,0,0,0,20,3,0,0,0
20,262,15,92,0,11,8,196,0,0,0,64,0,0,0,38,4,122,0,6,2,8,7,56,11,51,0,9,0,26,0,6,0,13,0,34,0,62,0,0,0,0,0,16,0,0,0,0,0,0,0,13,0,2,0,0,0,0,0,0,0,21,0,114,0,0,0,0,0,0,0,3,0,0,0,0,0,0,0,1,0,19,0,0,0,22,0,15,0,0,0,0,0,0,0,6,0,0,0,11,0,6,0,0,0,0,0,0,0,0,0,0,0,0,0,0,0,0,0,0,0,0,0,8,0,0,0,0,0,0,0,0,0,0,0,12,0,0,0,35,0,53,0,121,0,41,0,0,0,0,0,0,0,0,0,3,0,14,0,17,0,0,0,0,0,0,0,2,0,1,0,0,0,6,0,0,0,63,0,8,0,0,0,17,0,0,0,0,0,0,0,0,0,0,0,0,0,0,0,0,0,0,0,0,0,1,0,0,0,0,0,0,0,0,1,0,0,0,0,0,2,14,2,0,0,3,1,124,0,26,0,0,0,0,0,0,0,0,0,0,0,0,0,0,0,0,0,0,0
19,0,30,0,53,0,0,0,5,0,21,0,214,63,0,0,0,0,11,20,3,4,0,0,0,0,63,168,1,0,0,1,0,0,12,4,0,2,1,0,0,155,35,3,52,24,47,144,88,11,39,15,0,0,0,0,0,0,0,0,0,0,0,0,2,0,0,0,0,0,0,0,0,0,0,0,0,0,0,0,0,0,0,0,0,0,0,0,0,0,0,0,0,0,0,0,0,0,0,0,1,0,0,0,0,0,0,0,0,0,0,0,0,0,0,0,0,0,0,0,0,0,0,0,0,0,0,0,0,0,0,0,0,0,0,0,0,0,0,0,0,0,0,0,0,0,3,0,0,0,0,0,6,0,0,0,0,0,0,0,0,0,0,0,42,5,0,0,5,0,0,0,0,0,8,0,26,84,16,0,16,0,8,0,8,0,73,2,0,0,0,0,0,0,0,0,0,0,0,0,0,0,0,0,0,0,0,0,0,0,0,0,0,0,0,0,0,0,225,37,0,0,81,113,63,0,4,0,0,0,0,0,0,0,0,0,0,0,0,0,0,0,0,0,6,1,0,0,0
0,58,0,23,0,62,0,11,0,0,2,112,38,220,0,0,0,1,27,29,20,3,0,0,0,2,198,64,0,0,0,0,0,0,16,3,0,0,0,0,155,0,50,16,101,2,120,113,5,50,29,22,0,0,0,0,0,0,0,1,0,0,0,0,0,11,0,0,0,1,0,0,0,1,0,0,0,0,0,0,0,0,0,1,0,0,0,0,0,0,0,0,0,0,0,0,0,0,0,0,0,0,0,0,0,0,0,0,0,0,0,0,0,0,0,0,0,0,0,0,0,0,0,0,0,0,0,0,0,0,0,1,0,0,0,0,0,0,0,0,0,0,0,5,0,3,0,11,0,0,0,25,0,9,0,0,0,0,0,0,0,0,0,0,0,4,0,0,0,0,0,0,0,0,0,11,0,198,0,28,0,29,0,2,0,18,7,12,0,0,0,0,0,0,0,0,0,0,0,0,0,4,0,0,0,0,0,0,0,0,0,0,0,0,0,0,0,0,69,64,0,0,0,269,0,8,0,0,0,6,0,0,0,3,0,0,0,0,0,0,0,0,0,0,0,0,0,0,0
0,0,0,0,0,1,0,0,3,0,0,0,12,13,0,0,9,0,6,0,10,0,2,0,1,0,103,41,71,0,39,0,21,0,37,0,45,0,23,0,35,50,0,0,142,6,30,37,10,0,98,0,0,0,0,0,1,0,0,0,0,0,0,0,0,0,0,0,0,0,48,0,0,0,0,0,0,0,0,0,62,0,0,0,33,0,0,0,0,0,29,0,0,0,0,0,0,0,117,0,0,0,0,0,0,0,0,0,0,0,0,0,0,0,0,0,0,0,0,0,0,0,0,0,0,0,0,0,0,0,0,0,0,0,0,0,0,0,16,0,26,0,63,0,39,0,0,0,0,0,0,0,0,0,0,0,2,0,0,0,0,0,0,0,42,0,13,0,11,0,8,0,5,0,0,0,0,7,2,0,0,0,0,0,0,0,54,0,0,0,0,0,0,0,0,0,0,0,0,0,0,0,0,0,0,0,0,0,0,0,0,0,0,0,0,0,0,0,87,0,7,0,49,0,115,0,6,0,16,1,0,0,9,0,0,0,0,0,0,0,0,0,0,0,0,0,0,0,0
0,0,0,7,0,0,0,0,0,0,1,0,15,19,0,14,0,0,13,47,9,66,0,4,0,0,19,117,0,19,0,52,0,31,7,36,0,108,0,16,3,16,0,0,3,67,9,22,0,15,6,71,0,0,0,0,0,1,0,0,0,0,0,22,0,0,0,0,0,0,0,16,0,0,0,0,0,0,0,0,0,60,0,0,0,47,0,32,0,4,0,0,0,0,0,12,0,0,0,21,0,0,0,0,0,0,0,0,0,0,0,0,0,0,0,0,0,0,0,0,0,24,0,13,0,0,0,0,0,0,0,0,0,3,0,0,0,8,0,0,0,29,0,111,0,29,0,0,0,1,0,0,0,0,0,0,0,0,0,0,0,0,0,1,0,19,0,3,0,20,0,0,0,1,0,0,0,12,0,0,0,0,0,0,0,0,0,9,0,0,0,0,0,0,0,0,0,0,0,4,0,0,0,0,0,0,0,0,0,0,0,0,0,0,0,0,0,0,0,167,0,6,0,30,0,180,0,62,0,57,0,0,0,8,0,0,0,4,0,0,0,0,0,0,0,0,0,0,0
7,0,12,0,8,0,0,0,0,0,4,0,18,13,9,0,19,0,7,4,14,0,3,0,0,0,134,33,15,0,10,0,0,0,11,0,15,0,6,0,52,101,142,3,0,13,51,64,28,12,102,4,2,0,0,0,1,0,2,0,5,0,20,0,1,0,0,0,0,0,47,0,4,0,20,0,3,0,0,0,72,0,0,0,34,0,59,0,28,0,52,0,0,0,27,0,39,0,162,0,16,0,0,0,0,0,21,0,0,0,0,0,0,0,0,0,0,0,0,0,15,0,7,0,0,0,0,0,0,0,0,0,0,0,0,0,0,0,7,0,0,0,29,0,30,0,1,0,0,0,2,0,4,0,0,0,0,0,0,0,0,0,11,0,187,0,53,0,34,0,15,0,15,0,0,0,3,36,2,0,0,0,0,0,4,0,20,0,0,0,0,0,0,0,0,0,0,0,0,0,0,0,0,0,0,0,0,0,0,0,0,0,0,0,4,0,0,0,211,20,38,0,87,72,180,0,21,0,51,0,11,0,10,0,2,0,0,0,6,0,5,0,0,0,29,0,0,0,0
0,9,0,0,0,0,0,0,0,0,0,3,0,0,0,0,0,0,3,21,0,12,0,0,0,0,15,118,0,0,0,5,0,7,0,15,0,9,0,0,24,2,6,67,13,0,12,22,0,69,0,76,0,0,0,0,0,0,0,0,0,0,0,0,0,0,0,0,0,1,0,4,0,3,0,0,0,10,0,3,0,19,0,5,0,9,0,23,0,5,0,0,0,4,0,27,0,8,0,7,0,0,0,0,0,0,0,0,0,0,0,0,0,0,0,0,0,0,0,0,0,7,0,4,0,0,0,1,0,0,0,0,0,0,0,0,0,0,0,0,0,0,0,20,0,5,0,0,0,0,0,0,0,0,0,0,0,0,0,0,0,0,0,2,0,59,0,1,0,33,0,5,0,0,0,0,0,39,0,0,0,7,0,0,0,0,0,37,0,18,0,0,0,0,0,0,0,2,0,0,0,0,0,0,0,0,0,0,0,0,0,0,0,3,0,2,0,10,11,203,0,20,0,272,0,52,0,19,0,67,0,0,0,0,0,1,0,2,0,0,0,0,0,0,0,0,0,0,0
7,0,10,0,36,2,1,0,8,0,5,2,125,28,12,1,0,0,23,7,0,5,1,0,0,0,60,108,2,0,0,0,0,0,0,0,1,0,0,0,47,120,30,9,51,12,0,81,15,6,33,9,0,0,0,0,0,0,0,0,0,0,4,0,0,0,0,0,0,0,0,0,0,0,0,0,1,0,0,0,0,0,0,0,0,0,0,0,0,0,0,0,0,0,0,0,0,0,7,0,0,0,0,0,1,0,0,0,0,0,0,0,0,0,0,0,0,0,0,0,3,0,0,0,0,0,0,0,0,0,0,0,0,0,0,0,0,0,0,0,0,0,0,0,0,0,0,0,0,0,0,0,0,0,0,0,0,0,0,0,0,0,0,0,51,2,2,0,0,1,0,0,0,0,5,0,15,51,8,0,13,0,8,0,4,0,15,3,0,0,1,0,0,0,0,0,0,0,0,0,0,0,0,0,0,0,0,0,0,0,0,0,0,0,0,0,0,0,279,14,0,0,55,64,89,0,5,2,0,0,3,0,0,0,0,0,0,0,0,0,0,0,0,0,0,0,0,0,0
0,37,0,16,0,41,0,0,0,0,0,50,31,113,0,0,0,0,17,49,6,7,0,0,0,0,158,93,0,0,0,1,0,0,16,10,0,8,0,0,144,113,37,22,64,22,81,0,0,21,19,21,0,0,0,3,0,0,0,0,0,0,0,0,0,9,0,0,0,0,0,0,0,0,0,0,0,0,0,0,0,6,0,0,0,0,0,0,0,3,0,0,0,0,0,0,0,0,0,0,0,0,0,0,0,0,0,0,0,0,0,0,0,0,0,0,0,0,0,0,0,0,0,0,0,3,0,0,0,0,0,0,0,0,0,0,0,0,0,0,0,0,0,0,0,0,0,0,0,0,0,0,0,0,0,0,0,0,0,0,0,0,0,0,1,8,0,2,0,4,0,0,0,0,0,0,0,62,0,6,0,0,0,0,0,0,0,8,0,0,0,0,0,0,0,0,0,0,0,0,0,0,0,0,0,0,0,0,0,10,0,0,0,0,0,0,0,0,39,194,0,0,0,284,0,0,0,0,0,5,0,0,0,0,0,0,0,0,0,0,0,0,0,0,0,0,0,0,0
5,0,4,0,2,0,10,0,7,0,0,0,21,0,2,0,0,0,2,1,0,0,0,0,0,0,12,3,0,0,0,0,0,0,2,0,0,0,0,0,88,5,10,0,28,0,15,0,0,2,10,0,0,0,0,0,5,0,1,0,0,0,0,0,0,0,0,0,0,0,1,0,0,0,0,0,1,0,0,0,6,0,13,0,3,0,6,0,0,0,0,0,0,0,15,0,1,0,3,0,0,0,4,0,1,0,0,0,0,0,0,0,0,0,0,0,0,0,0,0,0,0,0,0,0,0,0,0,0,0,0,0,0,0,0,0,0,0,0,0,0,0,3,0,0,0,0,0,0,0,3,0,0,0,0,0,1,0,2,0,1,0,2,0,10,0,2,0,6,0,1,0,4,0,0,0,1,0,2,0,0,0,0,0,1,0,69,0,0,0,0,0,0,0,0,0,0,0,0,0,0,0,0,0,0,0,0,0,0,0,0,0,0,0,1,0,4,0,56,0,20,0,90,20,26,0,7,0,17,0,0,0,0,0,3,0,0,0,0,0,0,0,0,0,0,0,0,0,0
0,9,0,1,0,2,0,0,0,0,1,12,1,20,0,0,0,0,0,2,1,0,0,1,0,0,4,18,0,0,0,0,0,0,0,0,0,2,0,0,11,50,0,15,12,69,6,21,2,0,0,24,0,0,0,0,0,0,0,1,0,0,0,0,0,0,0,0,0,7,0,6,0,1,0,0,0,0,0,2,0,6,0,2,0,5,0,9,0,3,0,0,0,0,0,7,0,1,0,4,0,1,0,3,0,0,0,0,0,0,0,0,0,0,0,0,0,0,0,0,0,3,0,2,0,0,0,0,0,0,0,0,0,1,0,2,0,0,0,0,0,0,0,4,0,4,0,0,0,0,0,0,0,4,0,0,0,0,0,0,0,0,0,0,0,4,0,3,0,0,0,3,0,2,0,1,0,52,0,4,0,2,0,0,0,0,4,32,0,0,0,0,0,0,0,0,0,1,0,0,0,0,0,0,0,0,0,0,0,0,0,0,0,1,0,1,0,1,10,7,0,16,5,56,0,14,0,7,0,8,0,1,0,0,0,1,0,1,0,0,0,0,0,0,0,5,0,0,0
0,0,0,0,12,2,0,0,0,0,5,0,79,38,11,0,12,0,110,18,30,6,0,0,0,0,239,88,57,0,120,1,39,0,105,0,106,0,10,0,39,29,98,6,102,0,33,19,10,0,0,8,2,0,0,0,2,0,0,0,4,0,0,0,0,0,0,0,0,0,24,0,11,0,13,0,0,0,0,0,29,0,0,0,13,0,23,0,0,0,30,0,0,0,19,0,26,0,87,0,5,0,0,0,3,0,12,0,0,0,0,0,0,0,0,0,0,0,0,0,9,0,0,0,0,0,0,0,0,0,0,0,0,0,0,0,0,0,0,0,6,0,17,0,0,0,0,0,0,0,0,0,2,0,1,0,0,0,0,0,2,0,22,0,58,0,41,0,26,0,17,0,22,0,0,0,3,7,15,0,1,0,0,0,0,0,61,0,0,0,0,0,0,0,1,0,0,0,0,0,0,0,0,0,0,0,0,0,0,0,0,0,0,0,1,0,2,0,75,0,28,0,42,0,140,0,18,0,42,0,0,0,9,0,2,0,0,0,8,0,0,0,0,0,24,0,0,0,0
0,0,0,0,0,2,0,0,0,1,0,1,16,37,0,4,0,0,0,56,4,62,0,0,0,0,47,154,0,21,0,35,0,30,0,74,0,48,0,13,15,22,0,71,4,76,9,21,0,24,8,0,0,0,0,0,0,0,0,0,0,0,0,4,0,0,0,0,0,0,0,29,0,4,0,13,0,0,0,13,0,55,0,0,0,38,0,21,0,6,0,0,0,0,0,17,0,0,0,16,0,19,0,0,0,0,0,0,0,0,0,0,0,0,0,0,0,0,0,0,0,26,0,16,0,0,0,0,0,0,0,0,0,0,0,0,0,0,0,0,0,0,0,66,0,23,0,0,0,1,0,0,0,0,0,0,0,1,0,0,0,0,0,4,0,14,0,8,0,3,0,8,0,3,0,0,0,28,0,4,0,0,0,0,0,0,0,63,0,0,0,0,0,2,0,0,0,0,0,0,0,0,0,0,0,0,0,0,0,0,0,0,0,0,0,0,0,1,0,27,0,20,0,5,1,54,0,36,0,41,0,8,0,19,0,3,0,0,0,1,0,0,0,1,0,11,0,0,0
3,10,5,0,0,0,123,8,208,160,0,0,0,0,24,1,52,2,3,0,10,0,16,0,66,20,2,0,7,0,0,0,0,0,0,0,0,0,2,0,0,0,0,0,2,0,0,0,0,0,2,0,0,87,124,150,49,65,25,57,118,8,50,17,0,3,14,146,0,0,6,0,0,0,5,0,5,0,0,0,15,0,0,0,89,0,14,0,0,0,40,0,0,0,0,0,112,0,55,0,7,0,9,0,3,0,34,0,0,0,0,0,0,0,0,0,0,0,0,0,9,0,9,0,0,0,0,0,20,0,6,0,10,0,24,0,119,1,177,0,122,0,257,0,48,0,0,0,0,0,0,0,0,0,316,27,48,10,128,0,5,0,9,0,0,0,0,0,7,0,21,0,0,0,6,0,73,14,0,0,0,4,0,0,9,12,0,0,0,0,0,0,0,0,1,0,0,0,0,0,43,0,0,0,0,0,0,0,3,0,0,0,0,0,57,4,0,0,2,0,93,9,0,0,23,0,34,0,113,0,0,0,24,0,7,0,0,0,7,2,0,0,2,0,37,6,0,0,0
0,0,0,0,0,0,0,25,64,105,0,0,0,1,0,0,0,13,0,0,0,0,0,0,3,16,0,0,0,2,0,2,0,0,0,0,0,0,0,2,0,0,0,0,0,0,0,0,0,0,0,0,87,0,39,31,6,45,27,8,6,27,5,39,0,0,57,43,0,0,0,0,0,0,0,0,0,0,0,0,0,0,0,0,0,11,0,0,0,0,0,0,0,0,0,0,0,20,0,0,0,0,0,0,0,0,0,8,0,0,0,0,0,0,0,0,0,0,0,0,0,0,0,0,0,9,0,16,0,72,0,9,1,48,7,53,0,138,0,139,0,46,0,48,0,17,0,2,0,0,0,0,0,0,4,99,0,54,0,130,0,3,0,0,0,0,0,0,0,1,0,2,0,0,1,0,9,94,0,0,0,0,0,2,7,50,0,0,0,0,0,0,0,0,0,0,0,0,0,0,1,4,0,0,0,0,0,0,0,7,0,0,0,0,5,5,0,0,0,1,7,10,0,0,0,0,2,9,6,3,0,0,8,5,1,3,0,0,5,2,0,0,1,0,8,4,0,0,0
2,11,85,0,1,0,243,0,107,78,0,0,0,0,88,0,28,4,28,0,21,0,105,0,171,28,0,0,5,0,0,0,6,0,0,0,0,0,1,0,0,0,0,0,0,0,0,0,0,0,0,0,124,39,0,37,51,20,21,0,0,3,21,23,0,0,9,41,0,0,0,0,0,0,0,0,0,0,0,0,0,0,0,0,0,0,0,0,0,0,0,0,0,0,0,0,0,0,0,0,0,0,0,0,0,0,0,0,0,0,0,0,0,0,0,0,0,0,0,0,0,0,0,0,12,0,6,1,60,0,20,0,24,0,182,0,147,0,3,0,2,0,95,0,2,0,0,0,0,0,0,0,0,0,68,11,0,0,12,0,6,1,9,0,0,0,0,0,9,0,33,0,3,0,0,0,4,7,0,0,0,0,0,0,0,10,0,0,0,0,0,0,0,0,0,0,0,0,0,1,20,1,0,0,1,0,2,0,45,0,0,0,11,0,199,2,0,0,7,0,222,0,34,0,69,0,30,0,248,0,0,2,182,0,23,0,1,0,49,0,6,0,10,0,215,7,0,0,0
1,17,0,73,0,7,0,288,140,303,0,3,0,1,0,100,1,28,0,0,0,0,0,55,7,160,0,0,0,0,0,0,0,0,0,1,0,0,0,0,0,0,0,0,0,0,0,3,0,0,0,0,150,31,37,0,0,127,17,38,0,15,45,85,0,6,46,127,0,0,0,0,0,0,0,0,0,1,0,0,0,0,0,0,0,0,0,0,0,0,0,0,0,0,0,0,0,0,0,0,0,0,0,0,0,0,0,3,0,0,0,0,0,0,0,0,0,0,0,0,0,0,0,0,0,30,0,26,0,21,0,14,0,31,0,42,0,84,0,40,0,3,0,0,1,0,0,6,0,11,0,2,0,0,5,57,0,13,0,19,0,14,0,0,0,0,0,0,1,11,4,26,2,16,1,0,11,12,0,0,0,0,3,4,8,5,0,0,0,0,0,0,0,0,0,0,0,0,0,3,0,0,0,0,0,0,0,0,3,38,0,0,0,6,0,150,0,0,0,0,0,322,1,18,3,24,5,19,18,249,0,7,0,232,0,28,0,0,4,14,0,0,0,0,17,101,0,0,0
0,1,0,0,0,0,8,0,26,3,0,0,0,0,3,0,9,0,0,0,0,0,0,0,0,0,0,0,0,0,0,0,0,0,2,0,0,0,0,0,0,0,1,0,1,0,0,0,5,0,2,0,49,6,51,0,0,16,130,0,3,1,0,0,18,6,37,46,0,0,0,0,0,0,0,0,0,0,0,0,0,0,0,0,0,0,0,0,0,0,0,0,0,0,0,0,0,0,0,0,0,0,0,0,4,0,0,0,0,0,0,0,0,0,0,0,0,0,0,0,0,0,0,0,5,0,3,0,35,0,25,0,22,0,26,0,22,0,7,0,0,0,11,0,12,0,0,0,2,0,0,0,0,0,104,8,20,0,73,23,31,0,12,0,0,0,0,0,10,0,28,0,8,0,0,0,5,0,0,0,4,0,0,0,24,18,0,0,0,0,0,0,0,0,0,0,0,0,0,0,0,0,0,0,0,0,0,0,13,0,12,0,0,0,309,0,1,0,15,0,272,0,59,0,57,0,25,0,358,0,0,0,199,1,176,0,0,0,57,0,4,0,18,0,179,0,0,0,0
0,0,0,6,0,1,0,9,18,46,0,0,0,0,0,32,0,9,0,0,0,0,0,11,0,34,0,0,0,0,0,2,0,0,0,0,0,0,0,0,0,0,0,1,0,0,0,0,0,0,0,0,65,45,20,127,16,0,80,41,1,2,0,12,12,1,81,85,0,1,0,0,0,0,0,0,0,0,0,1,0,0,0,0,0,0,0,0,0,0,0,0,0,0,0,0,0,0,0,0,0,0,0,0,0,0,0,0,0,0,0,0,0,0,0,0,0,0,0,0,0,0,0,0,0,27,0,11,1,25,0,13,0,23,0,23,0,63,0,24,0,2,0,1,10,3,0,0,0,3,0,0,0,0,36,127,2,11,14,168,0,21,0,3,0,0,0,0,0,17,2,41,0,2,0,0,2,6,0,0,0,6,0,0,7,44,0,0,0,0,0,0,0,0,0,0,0,0,0,0,0,8,0,0,0,0,0,1,0,32,0,0,0,8,0,155,0,0,0,9,0,251,0,45,0,24,3,25,1,324,0,8,0,100,0,67,0,5,0,6,0,0,1,0,0,36,0,0,0
0,1,0,0,0,0,10,0,79,6,0,0,0,0,0,0,0,0,0,0,3,1,0,0,3,0,0,0,0,0,0,0,2,0,0,0,0,0,0,0,0,0,0,0,2,0,0,0,1,0,0,0,25,27,21,17,130,80,0,47,26,0,3,2,51,6,122,80,0,0,2,0,0,0,0,0,0,0,0,0,0,0,0,0,1,0,0,0,0,0,0,0,0,0,0,0,0,0,0,0,0,0,0,0,2,0,0,0,0,0,0,0,0,0,0,0,0,0,0,0,0,0,0,0,2,0,5,0,2,0,23,0,5,0,3,0,0,0,3,0,0,0,0,0,11,0,0,0,11,0,0,0,0,0,29,41,44,0,7,25,12,0,0,0,0,0,0,0,10,0,17,0,0,0,1,0,50,1,0,0,4,12,1,0,42,56,0,0,0,0,0,0,0,0,0,0,0,0,0,0,0,0,0,0,0,0,1,0,7,0,8,0,7,0,427,0,0,0,9,0,411,0,34,0,45,0,54,0,253,0,7,0,371,0,271,0,4,0,179,0,14,0,45,0,417,0,0,0,0
0,3,0,5,0,0,0,2,0,40,0,1,0,0,0,0,0,0,0,0,0,0,0,0,0,3,0,0,0,0,0,0,0,2,0,0,0,1,0,0,0,1,0,0,0,0,0,0,0,1,0,0,57,8,0,38,0,41,47,0,0,5,0,2,15,42,58,228,0,0,0,0,0,0,0,0,0,0,0,0,0,0,0,0,0,0,0,0,0,0,0,0,0,0,0,0,0,0,0,1,0,0,0,0,0,0,0,0,0,0,0,0,0,0,0,0,0,0,0,0,0,0,0,0,0,2,0,6,0,0,0,3,0,1,0,0,0,0,15,0,0,0,0,0,25,9,0,0,2,0,0,0,0,1,60,20,8,63,36,2,20,1,0,0,0,0,0,0,0,25,0,23,0,3,0,5,2,8,0,0,0,29,0,0,0,78,0,0,0,0,0,0,0,0,0,0,0,0,0,0,0,0,0,0,0,0,0,0,0,8,0,0,0,10,0,496,0,0,0,13,0,520,0,68,0,36,0,39,0,386,0,16,2,447,0,531,0,6,0,41,0,0,0,5,0,226,0,0,0
37,8,15,0,1,0,124,0,216,15,0,0,0,0,0,0,4,4,4,0,0,0,1,0,12,0,0,0,3,1,0,0,2,0,0,0,23,0,6,0,0,0,0,0,5,0,0,0,0,0,4,0,118,6,0,0,3,1,26,0,0,0,31,0,0,0,24,0,0,0,28,0,0,0,16,0,0,0,0,0,6,0,0,0,5,0,0,0,0,0,0,0,0,0,5,0,0,0,0,0,0,0,0,0,0,0,0,0,0,0,0,0,0,0,0,0,0,0,0,0,0,0,0,0,0,0,0,0,0,0,0,0,0,0,0,0,0,0,38,0,54,0,14,0,202,0,0,0,0,0,0,0,0,0,17,0,150,0,7,0,0,0,7,0,0,0,1,0,6,0,137,0,62,0,14,0,150,4,0,0,1,0,6,4,9,0,0,0,0,0,0,0,0,0,0,0,0,0,0,0,0,0,0,0,0,0,0,0,0,0,3,0,0,0,20,0,0,0,0,0,47,0,9,0,9,0,35,0,99,0,1,0,25,0,1,0,0,0,7,1,0,0,1,0,21,0,0,0,0
6,176,2,0,0,6,0,100,10,218,0,5,0,0,0,6,2,33,0,11,0,0,0,2,16,52,0,14,0,6,0,0,0,11,0,0,0,79,1,21,0,0,0,0,0,0,0,0,0,0,0,0,8,27,3,15,1,2,0,5,0,0,7,99,0,0,0,19,0,0,0,5,0,9,0,2,0,0,0,0,0,0,0,0,0,0,0,0,0,0,0,0,0,0,0,0,0,0,0,0,0,0,0,0,0,0,0,0,0,0,0,0,0,0,0,0,0,0,0,0,0,3,0,0,0,1,0,0,0,0,0,1,0,0,0,0,0,0,0,83,0,57,0,35,0,122,0,0,0,0,0,0,0,0,0,14,0,127,0,48,0,0,0,2,0,1,0,1,0,0,0,47,0,33,0,0,0,159,0,0,0,0,0,24,0,20,0,0,0,0,0,0,0,0,0,0,0,0,0,0,0,0,0,0,0,0,0,0,0,0,0,0,0,0,0,0,0,0,0,0,0,13,0,2,1,0,0,121,5,70,0,0,0,0,0,0,0,0,0,0,0,0,0,0,5,0,0,0,0
82,72,41,5,0,0,359,49,286,82,0,0,0,0,26,0,199,36,45,0,162,0,17,7,95,104,73,0,376,0,25,0,17,0,3,0,11,0,11,0,0,0,0,0,20,0,4,0,0,0,0,0,50,5,21,45,0,0,3,0,31,7,0,31,0,0,0,0,0,0,11,0,0,0,0,0,0,0,0,0,0,0,18,0,72,0,37,0,0,0,29,0,0,0,0,0,53,0,53,0,0,0,0,0,0,0,17,0,0,0,0,0,0,0,0,0,0,0,0,0,12,0,16,0,0,0,0,0,0,0,0,0,0,0,0,0,20,0,72,0,75,0,103,0,47,0,0,0,0,0,0,0,0,0,35,0,40,0,18,0,0,0,0,0,0,0,0,0,0,0,3,0,4,0,15,0,137,7,1,0,0,0,12,2,0,0,0,0,0,0,0,0,0,0,0,0,0,0,0,0,14,0,0,0,0,0,0,0,0,0,0,1,0,0,1,0,0,0,0,0,6,0,0,1,0,0,28,1,6,2,0,0,6,0,0,0,0,0,0,0,0,0,1,0,3,7,0,0,0
33,111,5,2,0,5,32,141,71,227,0,10,0,0,0,12,3,204,0,28,0,34,3,34,63,253,0,22,0,141,0,24,0,54,0,23,0,83,2,114,0,0,0,22,0,0,0,0,0,0,0,4,17,39,23,85,0,12,2,2,0,99,31,0,0,0,7,10,0,0,0,0,0,4,0,0,0,0,0,0,0,10,0,0,1,57,0,0,0,10,0,12,0,0,0,0,0,51,0,13,0,13,0,0,0,0,0,24,0,0,0,0,0,0,0,0,0,0,0,0,0,0,0,0,0,1,0,8,0,32,0,0,0,51,1,107,0,193,0,125,0,113,0,185,0,31,0,0,0,0,0,0,0,0,1,46,0,46,0,83,0,6,1,2,0,0,0,0,0,0,0,0,0,1,0,1,3,146,0,0,0,0,1,29,0,13,0,0,0,0,0,0,0,0,0,0,0,1,0,2,0,9,0,1,0,0,0,2,0,8,0,0,0,0,2,2,0,0,0,0,0,14,2,0,0,0,4,47,0,16,0,0,7,3,0,0,0,0,9,1,0,0,1,0,15,0,0,0,0
18,0,31,0,13,0,0,0,98,0,9,0,19,0,16,0,0,0,6,0,4,0,0,0,0,0,0,0,0,0,0,0,0,0,0,0,0,0,0,0,2,0,0,0,1,0,0,0,0,0,0,0,0,0,0,0,18,12,51,15,0,0,0,0,0,17,95,15,0,0,12,1,0,0,0,0,0,0,0,0,0,0,0,0,0,0,0,0,0,0,0,0,0,0,0,0,0,0,1,0,1,0,0,0,0,0,0,0,0,0,0,0,0,0,0,0,0,0,0,0,0,0,0,0,0,0,0,0,0,0,11,0,1,0,0,0,0,0,10,17,0,0,0,0,40,15,22,0,66,10,41,0,13,0,3,8,6,0,11,39,30,34,0,0,0,0,0,0,0,0,0,0,0,0,16,10,5,0,0,0,22,16,21,0,61,10,0,0,0,0,0,0,0,0,0,0,5,0,0,0,0,0,0,0,0,0,0,0,7,0,0,0,0,0,0,0,0,0,0,0,3,0,0,0,0,0,2,0,4,0,0,0,8,0,62,0,0,0,18,0,0,0,0,0,10,0,0,0,0
0,69,0,0,0,21,0,0,0,180,0,46,0,29,0,5,0,0,0,17,0,0,0,0,0,1,0,23,0,0,0,0,0,7,0,0,0,2,0,0,0,11,0,0,0,0,0,9,0,0,0,0,3,0,0,6,6,1,6,42,0,0,0,0,17,0,0,223,0,0,14,5,0,0,0,3,0,1,0,3,0,0,0,0,0,0,0,0,0,0,0,0,0,0,0,4,0,0,0,0,0,0,0,0,0,0,0,0,0,0,0,0,0,0,0,0,0,0,0,0,0,1,0,0,6,26,0,33,0,0,39,4,0,0,0,0,1,1,14,13,0,0,0,0,27,48,0,82,0,210,0,29,7,11,17,2,3,0,9,3,37,133,0,8,0,0,0,0,0,0,0,0,0,0,13,67,0,3,0,0,2,45,0,0,3,38,0,0,0,0,0,0,0,0,0,0,0,0,0,0,0,0,0,0,0,1,0,0,0,13,0,0,0,0,0,17,0,0,0,0,0,22,0,0,0,0,0,32,0,47,0,0,0,20,0,96,0,0,0,14,0,0,0,2,0,22,0,0,0
0,0,4,0,1,0,20,0,94,14,0,0,0,0,2,0,0,0,0,0,0,0,0,0,0,1,0,0,0,0,0,0,0,0,0,0,0,0,0,0,0,0,0,0,0,0,0,0,0,0,0,0,14,57,9,46,37,81,122,58,24,0,0,7,95,0,0,45,0,0,0,0,1,0,0,0,0,0,0,0,0,0,0,0,0,0,0,0,0,0,0,0,0,0,0,0,0,0,0,0,0,0,0,0,0,0,0,0,0,0,0,0,0,0,0,0,0,0,0,0,0,0,0,0,11,0,13,0,0,0,23,0,5,0,0,0,0,0,0,0,0,0,0,0,0,0,0,0,37,0,6,0,0,0,22,33,16,5,4,14,16,0,2,0,0,0,0,0,1,0,0,0,0,0,2,0,82,0,0,0,7,0,1,0,71,57,0,0,0,0,0,0,0,0,0,0,0,0,0,0,0,0,0,0,0,0,0,0,9,0,0,0,0,0,65,0,0,0,1,0,67,0,0,0,3,0,14,2,34,0,3,0,67,0,30,0,1,0,33,0,2,0,3,0,97,4,0,0,0
0,6,0,0,0,3,0,0,30,129,0,2,0,0,0,1,0,0,0,0,0,1,0,0,0,0,0,0,0,0,0,0,0,0,0,0,0,0,0,0,0,0,0,0,0,0,0,0,0,0,0,0,146,43,41,127,46,85,80,228,0,19,0,10,15,223,45,0,0,0,0,0,0,0,0,0,0,0,0,0,0,0,0,0,0,0,0,0,0,0,0,0,0,0,0,0,0,0,0,0,0,0,0,0,0,0,0,0,0,0,0,0,0,0,0,0,0,0,0,0,0,0,0,0,0,9,0,18,0,0,12,24,0,0,0,0,0,0,15,1,0,0,0,0,37,6,0,20,0,59,0,5,0,0,70,21,10,68,35,4,41,30,0,0,0,0,0,0,0,2,0,0,0,1,0,16,7,100,0,0,0,82,0,0,6,343,0,0,0,0,0,0,0,0,0,0,0,2,0,0,0,0,0,0,0,0,0,2,0,11,0,0,0,2,0,190,0,0,0,2,0,168,0,29,0,6,0,21,0,93,0,4,0,217,0,313,0,8,2,38,0,0,2,3,11,171,0,0,0
0,0,0,0,0,0,0,0,0,0,0,0,0,0,0,0,0,0,0,0,0,0,0,0,0,0,0,0,0,0,0,0,0,0,0,0,0,0,1,0,0,0,0,0,0,0,0,0,0,0,0,0,0,0,0,0,0,0,0,0,0,0,0,0,0,0,0,0,0,0,2,0,0,0,0,0,77,0,9,0,0,0,35,0,0,0,19,0,1,0,0,0,5,0,8,0,0,0,0,0,0,0,37,0,12,0,0,0,34,0,2,0,0,0,0,0,8,0,0,0,0,0,0,0,0,1,0,0,0,0,0,0,0,0,0,0,0,0,0,0,0,0,0,0,0,0,0,0,0,0,0,0,0,2,0,0,0,0,0,0,0,0,0,0,10,0,0,0,57,0,0,0,0,0,0,0,0,0,0,0,0,0,0,0,0,0,0,0,0,0,6,0,0,0,10,0,0,0,0,0,0,0,0,0,0,0,0,0,0,0,5,0,187,0,140,0,63,0,9,0,3,0,71,0,20,0,0,0,68,0,0,0,0,0,0,0,0,0,0,0,13,0,0,0,0,0,0,0,0
0,0,0,0,0,0,0,0,0,0,0,0,0,0,0,0,0,0,0,0,0,0,0,0,0,0,0,0,0,0,0,0,0,0,0,0,0,0,0,0,0,1,0,0,0,1,0,0,0,7,0,0,0,0,0,0,0,1,0,0,0,0,0,0,0,0,0,0,0,0,0,0,0,4,0,0,0,95,0,1,0,0,0,41,0,0,0,7,0,10,0,0,0,7,0,37,0,0,0,0,0,0,0,138,0,0,0,0,0,27,0,6,0,7,0,1,0,3,0,0,0,0,0,0,0,0,0,1,0,0,0,0,0,0,0,0,0,0,0,0,0,0,0,0,0,0,0,0,0,0,0,0,0,0,0,0,0,0,0,0,0,0,0,0,0,12,0,0,0,25,0,0,0,0,0,0,0,1,0,0,0,1,0,0,0,0,0,0,0,0,0,2,0,0,0,4,0,0,0,0,0,0,0,4,0,0,0,0,0,0,0,0,0,135,0,34,0,38,0,4,0,0,0,54,0,8,0,0,0,61,0,0,0,0,0,0,0,0,0,4,0,4,0,2,0,0,0,0,0
0,0,0,0,0,0,2,0,0,0,0,0,0,0,16,0,10,0,0,0,41,0,0,0,0,0,43,0,27,0,26,0,12,0,0,0,72,0,21,0,0,0,48,0,47,0,0,0,1,0,24,0,6,0,0,0,0,0,2,0,28,0,11,0,12,14,0,0,2,0,0,0,226,0,222,0,0,0,120,0,4,0,0,0,10,0,12,0,0,0,0,0,0,0,0,0,0,0,12,0,1,0,0,0,0,0,0,0,0,0,0,0,0,0,0,0,0,0,0,0,49,0,102,0,17,0,26,0,17,4,33,0,0,0,39,0,19,0,20,19,61,7,72,0,164,0,16,0,47,0,27,0,27,0,1,0,23,0,0,10,19,18,63,0,0,0,3,0,29,0,39,0,31,0,19,18,1,0,0,0,17,16,0,0,28,0,0,0,0,0,0,0,0,0,0,0,0,0,5,0,6,0,1,1,0,0,0,0,32,0,0,0,0,0,0,0,0,0,0,0,0,0,10,0,9,0,3,0,45,0,0,0,0,0,2,0,0,0,14,0,10,0,0,0,0,0,0,0,0
0,3,0,0,0,5,0,0,0,0,0,3,0,0,0,0,0,0,0,10,0,22,0,0,0,0,0,7,0,0,0,11,0,7,0,11,0,23,0,3,0,0,0,16,0,4,0,0,0,6,0,29,0,0,0,0,0,0,0,0,0,5,0,0,1,5,0,0,0,0,0,0,0,176,0,144,0,5,0,39,0,0,0,0,0,6,0,26,0,0,0,0,0,0,0,0,0,0,0,0,0,0,0,0,0,0,0,0,0,0,0,0,0,0,0,0,0,0,0,0,0,24,0,51,0,79,0,39,0,32,0,34,7,53,0,0,4,57,2,0,0,13,0,44,0,212,0,0,0,64,0,32,0,17,0,0,0,7,0,0,0,8,0,26,0,0,0,3,0,12,0,9,0,3,6,24,0,0,0,0,0,30,0,0,0,6,0,0,0,0,0,0,1,0,0,0,0,0,0,0,0,0,0,0,0,1,0,0,0,13,0,0,0,0,0,9,0,1,0,0,0,11,0,9,0,0,0,8,0,53,0,0,0,0,1,8,0,0,0,2,0,0,0,1,0,8,0,0,0
