0,80,22,37,83,0,12,122,5,0,45,2,91,0,28,25,65,107,18,0,0,0,67,98,14,219,2,0,129,13,46,0,61,0,0,0,22,0,343,29,0,0,0,0,0,0,0,0,11,0,0,0,1,0,0,0,0,0,1,0,51,0,0,0,0,0,3,0,0,0,0,0,0,0,0,0,0,0,0,0,0,0,0,0,0,0,0,0,0,0,0,0,0,0,0,0,0,0,0,0,0,0,0,0,0,0,0,0,0,0,0,0,0,0,0,0,0,0,0,0,0,0,0,0,0,0,2,0,0,0,2,0,0,0,13,0,0,0,0,0,0,0,0,0,0,0,6,0,15,0,0,0,7,0,0,0,0,0,0,0,0,0,0,0,19,0,0,0,55,0,22,0,158,0,0,0,230,67,4,0,2,0,14,0,7,0,2,0,0,0,0,0,0,0,0,0,0,0,4,0,0,0,0,0,0,0,0,0,2,0,427,161,244,0,200,0,0,0,0,0,0,0,0,0,0
80,0,70,44,30,166,42,24,0,28,0,100,0,52,19,97,56,34,0,110,17,0,140,118,57,43,0,31,0,54,6,28,18,174,0,0,6,79,0,202,0,9,0,0,0,0,0,30,0,1,0,0,0,7,0,0,0,0,0,0,0,0,0,0,0,18,0,4,0,0,0,0,0,0,0,0,0,0,0,0,0,0,0,0,0,0,0,9,0,0,0,0,0,0,0,0,0,3,0,0,0,0,0,0,0,0,0,0,0,0,0,0,0,0,0,0,0,0,0,0,0,13,0,4,0,11,0,4,0,0,0,9,0,0,0,13,0,42,0,0,0,0,0,0,0,5,0,4,0,19,0,35,0,20,0,0,0,0,0,0,0,38,0,4,0,0,0,38,0,0,0,12,0,193,0,23,49,318,0,5,0,53,4,18,0,44,0,0,0,0,0,0,0,0,0,0,0,0,0,0,0,0,0,0,0,0,0,5,0,31,0,0,0,0,170,0,0,0,809,204,383,122,9,3,0
22,70,0,74,206,0,42,41,15,0,29,0,65,0,173,0,107,71,95,0,80,0,240,105,52,131,0,0,263,0,93,0,200,22,0,0,46,6,268,0,13,0,0,0,0,0,0,0,10,0,0,0,0,0,44,0,23,0,0,0,14,0,9,0,14,0,8,0,0,0,0,0,0,0,0,0,0,0,0,0,0,0,0,0,0,0,0,0,0,0,0,0,0,0,0,0,47,0,0,0,0,0,0,0,0,0,0,0,0,0,0,0,0,0,0,0,0,0,0,0,0,0,0,0,18,0,0,0,0,0,34,0,32,0,250,0,259,0,0,0,8,0,190,0,0,0,16,0,72,0,34,0,26,0,5,0,0,0,0,0,49,0,0,0,0,0,55,0,0,0,0,0,193,0,0,0,126,0,0,0,12,0,6,0,15,0,0,0,0,0,0,0,0,0,0,0,4,0,59,0,162,0,0,0,26,0,0,0,46,0,423,90,344,172,355,0,0,0,0,0,0,0,0,0,0
37,44,74,0,75,84,0,47,0,6,40,3,0,0,103,295,34,17,0,147,60,92,192,271,13,217,0,0,0,0,36,40,54,125,0,0,21,43,0,36,0,0,0,0,0,6,0,0,0,1,0,12,0,0,0,26,0,10,0,7,0,0,0,0,0,7,0,0,0,0,0,0,0,0,0,0,0,0,0,0,0,0,0,0,0,0,0,0,0,0,0,0,0,0,0,0,0,7,0,0,0,0,0,0,0,0,0,0,0,0,0,0,0,0,0,0,0,0,0,0,0,0,0,0,0,0,0,11,0,0,0,0,0,49,0,152,0,304,0,0,0,0,0,0,0,0,0,12,0,16,0,44,0,0,0,0,0,0,0,0,0,0,0,0,0,0,0,57,0,0,0,0,0,113,0,0,44,169,0,8,0,0,0,0,0,13,0,0,0,0,0,0,0,0,0,0,0,2,0,0,0,125,0,0,0,0,0,0,0,117,0,0,36,0,0,0,0,0,204,40,319,71,0,0,0
83,30,206,75,0,0,16,2,23,0,122,48,178,0,165,121,25,0,62,118,146,61,103,52,0,0,84,22,0,11,173,0,218,21,166,0,183,9,37,0,49,0,0,0,23,0,42,0,0,0,0,0,0,0,0,0,9,0,0,0,0,0,0,0,5,0,0,0,0,0,0,0,0,0,0,0,0,0,0,0,0,0,0,0,0,0,0,0,0,0,0,0,0,0,0,0,0,0,0,0,0,0,0,0,0,0,0,0,0,0,0,0,0,0,0,0,0,0,0,0,0,0,0,0,0,0,0,0,0,0,0,0,0,0,43,0,0,0,0,0,0,0,0,0,0,0,8,0,25,0,0,0,0,0,0,0,0,0,0,0,0,0,0,0,26,0,179,0,114,0,0,0,170,0,0,0,244,82,88,0,28,0,46,0,22,0,8,0,0,0,0,0,0,0,0,0,2,0,0,0,0,0,0,0,0,0,0,0,11,0,405,220,424,118,207,0,0,0,0,0,0,0,0,0,0
0,166,0,84,0,0,0,16,0,46,46,153,0,111,270,231,0,0,0,240,86,367,44,131,0,24,0,112,0,0,0,149,0,192,0,131,0,143,0,3,0,24,0,0,0,12,0,104,0,4,0,0,0,0,0,0,0,0,0,1,0,0,0,0,0,14,0,0,0,0,0,0,0,0,0,0,0,0,0,0,0,0,0,0,0,0,0,0,0,0,0,0,0,0,0,0,0,0,0,0,0,0,0,0,0,0,0,0,0,0,0,2,0,3,0,0,0,0,0,0,0,0,0,0,0,0,0,0,0,0,0,0,0,0,0,0,0,47,0,0,0,0,0,0,0,0,0,0,0,11,0,0,0,0,0,0,0,0,0,0,0,0,0,0,0,0,0,210,0,0,0,14,0,194,0,0,35,328,8,30,0,32,0,0,0,0,0,23,0,0,0,0,0,0,0,0,0,0,0,0,0,0,0,0,0,0,0,0,0,0,0,0,0,0,112,0,0,0,646,346,531,112,0,0,0
12,42,42,0,16,0,0,0,3,0,9,1,0,0,10,0,12,36,0,0,0,0,14,0,143,91,0,0,160,3,0,0,5,0,0,0,0,0,130,0,0,0,0,0,0,0,0,0,15,0,3,0,56,28,84,0,9,0,0,0,133,0,233,22,7,0,7,0,4,0,0,0,0,0,0,0,0,0,0,0,0,0,0,0,0,0,0,0,0,0,0,0,0,0,0,0,0,0,0,0,0,0,0,0,0,0,0,0,0,0,0,0,0,0,0,0,0,0,0,0,0,0,0,0,7,0,1,0,0,0,14,0,10,0,40,0,18,0,0,0,0,0,26,0,0,0,1,0,14,0,0,0,0,0,0,0,0,0,2,0,22,0,0,0,0,0,0,0,91,0,64,0,221,0,0,0,69,35,0,0,0,0,0,0,0,0,0,0,0,0,0,0,0,0,0,0,0,0,0,0,0,0,0,0,0,0,0,0,0,0,516,84,378,296,450,0,0,0,0,0,0,0,0,0,0
122,24,41,47,2,16,0,0,85,2,0,1,0,5,0,41,97,27,0,44,0,0,32,28,213,425,0,0,0,113,0,0,0,0,0,0,0,0,0,291,0,0,0,0,0,4,0,0,0,0,0,0,0,6,0,20,0,9,0,7,0,21,71,32,0,0,0,0,0,0,0,0,0,0,0,0,0,0,0,0,0,0,0,0,0,0,0,0,0,0,0,0,0,0,0,0,0,0,0,0,0,0,0,0,0,0,0,0,0,0,0,0,0,0,0,0,0,0,0,0,0,0,0,0,0,4,0,0,0,0,0,0,0,0,0,0,0,35,0,0,0,0,0,0,0,0,0,0,0,0,0,0,0,0,0,1,0,0,0,0,0,7,0,6,0,0,0,0,0,31,0,25,0,178,0,1,45,147,0,0,0,0,0,0,0,0,0,0,0,2,0,0,0,0,0,0,0,0,0,0,0,0,0,0,0,0,0,0,0,0,0,0,0,0,238,0,0,0,469,27,539,181,0,0,0
5,0,15,0,23,0,3,85,0,178,9,0,16,0,19,0,10,30,6,0,0,0,4,0,12,163,0,0,0,3,0,0,0,0,0,0,0,0,49,0,0,0,0,0,5,0,0,0,15,0,0,0,83,116,50,183,0,0,10,0,225,0,137,103,21,0,21,58,7,0,0,0,0,0,0,0,0,0,0,0,0,0,0,0,0,0,0,0,0,0,0,0,0,0,0,0,0,0,0,0,0,0,0,0,0,0,0,0,0,0,0,0,0,0,0,0,0,0,0,0,0,0,0,0,14,0,3,0,0,0,34,0,10,0,83,0,35,0,0,0,0,0,24,0,0,0,4,0,75,0,11,0,6,0,0,0,0,0,0,0,6,0,0,0,21,1,0,0,63,0,83,0,160,0,0,0,249,92,7,0,0,0,19,0,20,0,1,0,0,0,0,0,0,0,0,0,0,0,0,0,22,0,0,0,8,0,0,0,18,0,490,137,239,0,274,0,0,1,0,0,0,0,0,0,0
0,28,0,6,0,46,0,2,178,0,0,17,0,8,0,12,0,5,0,59,2,0,0,0,184,86,0,6,0,0,0,0,0,0,0,0,0,0,0,137,0,0,0,0,0,5,0,12,0,0,0,0,119,90,105,38,0,9,0,1,0,134,142,126,0,25,0,57,0,2,0,0,0,0,0,0,0,0,0,0,0,0,0,0,0,0,0,0,0,0,0,0,0,0,0,0,1,0,0,0,0,0,0,0,0,0,0,0,0,0,0,0,0,0,0,0,0,0,0,0,0,1,0,0,0,10,0,7,0,0,0,10,0,0,0,0,0,29,0,3,0,0,0,1,0,0,0,11,0,34,0,57,0,30,0,6,0,15,0,0,0,10,0,0,0,19,0,0,0,0,0,42,0,93,0,0,79,372,0,0,0,7,0,7,0,26,0,0,0,0,0,0,0,0,0,0,0,0,0,0,0,11,0,0,0,2,0,13,0,24,0,0,0,0,205,0,0,0,675,87,358,0,5,0,0
45,0,29,40,122,46,9,0,9,0,0,0,120,0,50,79,7,0,13,23,38,26,47,25,0,0,0,0,0,0,61,0,70,0,46,0,94,0,11,0,13,0,0,0,4,0,9,0,0,0,0,0,1,0,0,0,0,0,0,0,0,0,0,0,0,0,0,0,0,0,0,0,0,0,0,0,1,0,0,0,0,0,0,0,0,0,0,0,0,0,0,0,0,0,0,0,0,0,0,0,0,0,0,0,0,0,0,0,0,0,0,0,0,0,0,0,0,0,0,0,0,0,0,0,0,0,0,0,0,0,0,0,0,0,0,0,0,0,0,0,0,0,0,0,0,0,0,0,4,0,0,0,0,0,0,0,0,0,0,0,0,0,0,0,0,0,85,0,58,0,0,0,0,0,0,0,156,37,63,0,34,0,39,0,12,0,10,0,0,0,0,0,0,0,0,0,0,0,0,0,0,0,0,0,0,0,0,0,0,0,172,113,181,35,79,0,0,0,3,0,8,0,0,0,0
2,100,0,3,48,153,1,1,0,17,0,0,18,191,195,52,0,0,0,77,33,121,0,94,0,0,0,65,0,0,7,80,7,176,0,91,0,101,0,0,0,44,0,0,0,9,0,64,0,12,0,23,0,0,0,0,0,0,0,0,0,0,0,0,0,0,0,0,0,0,0,0,0,0,0,7,0,0,0,0,0,0,0,0,0,0,0,0,0,0,0,0,0,0,1,0,0,0,0,0,0,0,0,0,0,0,0,0,0,0,0,0,0,2,0,0,0,0,0,0,0,8,0,0,0,6,0,0,0,0,0,4,0,0,0,0,0,0,0,0,0,0,0,0,0,0,0,0,0,3,0,6,0,19,0,0,0,0,0,0,0,5,0,2,1,30,0,74,0,0,0,14,0,90,0,48,23,263,0,28,0,87,0,52,0,59,0,1,0,0,0,0,0,0,0,0,0,6,0,0,0,0,0,0,0,0,0,0,0,0,0,0,0,0,47,0,0,0,316,213,227,0,8,0,0
91,0,65,0,178,0,0,0,16,0,120,18,0,150,35,33,0,0,130,298,122,83,38,0,0,0,218,525,0,0,22,0,0,0,242,37,29,7,0,0,80,43,59,110,83,0,147,68,12,0,314,47,0,0,0,0,0,0,0,0,0,0,0,0,3,0,0,0,0,0,0,0,3,0,0,0,0,0,0,0,0,0,0,0,0,0,0,0,0,0,0,0,0,0,0,0,0,0,0,0,0,0,0,0,0,0,0,0,0,0,0,0,0,0,0,0,0,0,0,0,0,0,0,0,0,0,0,0,0,0,0,0,0,0,0,0,0,0,0,0,0,0,0,0,0,0,0,0,0,0,0,0,0,0,0,0,0,0,0,0,0,0,0,0,66,0,41,0,0,0,0,0,22,0,0,0,157,93,114,0,19,0,47,0,18,0,303,2,0,0,0,0,0,0,0,0,0,0,0,0,0,0,0,0,0,0,0,0,5,0,104,224,188,0,42,0,2,0,0,0,16,0,0,0,0
0,52,0,0,0,111,0,5,0,8,0,191,150,0,76,7,0,0,368,44,145,141,0,0,0,0,124,54,0,0,0,49,0,0,131,264,0,21,0,0,14,90,0,66,0,50,0,135,0,46,82,197,0,0,0,0,0,6,0,2,0,0,0,0,0,0,0,0,0,0,0,0,0,0,0,0,0,0,0,0,0,0,0,0,0,0,0,0,0,0,0,0,0,0,0,0,0,0,0,0,0,0,0,0,0,0,0,0,0,0,0,0,0,0,0,0,0,0,0,0,0,0,0,0,0,0,0,0,0,0,0,0,0,0,0,0,0,0,0,0,0,0,0,0,0,0,0,0,0,0,0,0,0,0,0,0,0,0,0,0,0,0,0,0,0,77,0,0,0,0,1,0,0,0,0,0,7,383,5,21,0,28,0,19,0,26,25,51,0,0,0,0,0,0,0,0,0,0,0,0,0,0,0,0,0,0,0,0,0,0,0,0,0,0,13,0,0,0,195,484,376,0,0,0,0
28,19,173,103,165,270,10,0,19,0,50,195,35,76,0,411,44,7,150,273,180,192,312,128,108,0,51,0,3,0,215,0,43,55,153,63,31,17,0,0,0,0,2,0,6,0,13,0,9,0,26,0,0,0,50,0,0,0,0,0,0,0,12,0,0,0,0,0,0,0,0,0,0,0,0,0,0,0,0,0,0,0,0,0,0,0,0,0,0,0,0,0,0,0,0,0,0,0,0,0,0,0,0,0,0,0,0,0,0,0,0,0,0,0,0,0,0,0,0,0,0,0,0,0,0,0,0,0,0,0,0,0,0,0,41,0,58,0,0,0,0,0,0,0,0,0,0,0,29,0,0,0,0,0,25,0,0,0,0,0,0,0,0,0,0,0,149,0,0,0,7,0,0,0,0,0,250,141,32,0,13,0,19,0,20,0,2,0,0,0,0,0,0,0,0,0,1,0,0,0,0,0,0,0,0,0,0,0,12,0,147,200,152,0,63,0,0,0,0,0,0,0,0,0,0
25,97,0,295,121,231,0,41,0,12,79,52,33,7,411,0,0,39,0,452,60,458,81,163,3,47,0,81,0,3,0,60,40,12,0,86,19,68,0,2,0,0,0,17,0,0,0,0,0,0,0,19,0,0,0,78,0,53,0,0,0,0,0,12,0,6,0,0,0,0,0,9,0,0,1,0,0,0,0,0,0,135,0,0,0,158,0,0,0,0,0,0,0,0,0,0,0,33,0,0,0,0,0,0,0,0,0,0,0,0,0,0,0,0,0,0,0,0,0,2,0,41,0,16,0,0,0,0,0,0,0,0,0,0,0,256,0,294,0,0,0,0,0,248,0,8,0,0,0,0,0,15,0,0,0,20,0,8,0,0,0,0,0,0,0,0,0,73,0,0,0,3,0,45,0,0,45,189,19,20,0,0,0,0,0,16,0,0,0,0,0,0,0,0,0,0,0,0,0,0,0,0,0,0,0,0,0,0,0,38,0,0,0,0,37,0,0,0,125,144,116,0,0,0,0
65,56,107,34,25,0,12,97,10,0,7,0,0,0,44,0,0,65,83,0,148,0,22,48,69,201,0,0,221,0,30,0,15,0,0,0,5,0,44,18,20,0,0,0,24,0,15,0,0,0,5,0,117,9,21,0,9,0,0,0,0,1,107,26,0,0,0,0,0,0,0,0,0,0,7,0,0,0,0,0,0,0,0,0,442,0,0,0,0,0,94,0,0,0,0,0,403,0,74,0,0,0,0,0,0,0,153,0,0,0,0,0,0,0,0,0,0,0,0,0,16,0,96,0,0,0,3,0,31,0,0,0,39,0,0,0,101,0,58,0,96,0,288,0,0,0,0,0,0,0,0,0,0,0,54,0,0,0,56,0,0,0,0,0,0,0,0,0,28,0,0,0,33,2,0,0,97,26,0,0,2,0,31,0,3,0,2,0,0,0,0,0,0,0,0,0,0,0,0,0,0,0,0,0,0,0,0,0,20,0,37,70,77,53,43,0,0,0,0,0,0,0,0,0,0
107,34,71,17,0,0,36,27,30,5,0,0,0,0,7,39,65,0,0,26,16,108,98,106,87,68,0,0,0,139,0,0,0,60,0,1,0,10,21,154,0,0,0,0,0,0,0,0,0,0,0,0,0,40,0,17,0,69,0,0,0,0,0,66,0,0,0,0,0,0,0,0,0,0,0,0,0,0,0,0,0,34,0,0,0,68,0,9,0,2,0,0,0,0,0,0,0,7,0,0,0,0,0,0,0,0,0,0,0,0,0,0,0,0,0,0,0,0,0,0,0,0,0,0,0,0,0,0,0,0,0,0,0,40,0,0,0,151,0,118,0,192,0,288,0,0,0,0,0,0,0,0,0,0,0,71,0,0,0,56,0,0,0,0,0,6,0,4,0,8,0,0,0,37,0,0,24,59,0,0,0,0,0,2,0,0,0,0,0,0,0,0,0,0,0,0,0,0,0,0,0,0,0,0,0,0,0,0,0,0,0,0,0,0,21,0,0,0,20,82,72,0,0,0,0
18,0,95,0,62,0,0,0,6,0,13,0,130,368,150,0,83,0,0,472,196,174,233,0,0,0,154,592,3,0,40,0,0,0,174,69,37,0,0,0,28,29,13,114,39,0,49,44,17,0,152,67,0,0,0,0,0,0,0,0,0,0,0,1,0,0,0,0,0,0,0,0,0,0,0,0,0,0,0,0,0,0,0,0,0,0,0,0,0,0,0,0,0,0,0,0,430,0,240,0,0,0,0,0,0,0,0,0,0,0,0,0,0,0,0,0,0,0,0,0,0,0,0,0,0,0,0,0,0,0,0,0,0,0,0,0,0,0,0,0,0,0,0,0,0,0,0,0,0,0,0,0,0,1,0,0,0,0,0,0,0,0,7,0,48,0,71,0,0,0,7,0,20,0,0,0,117,70,23,0,0,0,6,0,0,0,51,0,0,0,0,0,0,0,0,0,0,0,0,0,0,0,0,0,0,0,0,0,0,0,78,150,165,0,33,0,0,0,0,0,0,0,0,0,0
0,110,0,147,118,240,0,44,0,59,23,77,298,44,273,452,0,26,472,0,265,537,0,89,0,16,0,112,0,0,40,70,0,0,211,182,0,54,0,0,0,0,0,56,0,12,1,22,0,0,47,130,0,0,0,0,0,0,0,6,0,0,0,41,0,16,0,0,0,0,0,33,0,0,0,0,0,0,0,0,0,312,0,0,0,293,0,0,0,0,0,0,0,0,0,0,0,39,0,0,0,0,0,0,0,0,0,0,0,0,0,0,0,0,0,0,0,0,0,0,0,0,0,0,0,0,0,0,0,0,0,0,0,0,0,0,0,0,0,0,0,109,0,474,0,23,0,0,0,0,0,76,0,0,0,17,0,0,0,0,0,0,0,0,0,101,0,51,0,0,0,0,0,39,0,0,21,246,0,18,0,0,0,6,0,59,13,16,0,0,0,0,0,0,0,0,0,0,0,0,0,0,0,0,0,0,0,0,0,107,15,0,0,0,38,0,0,0,180,230,244,0,0,0,0
0,17,80,60,146,86,0,0,0,2,38,33,122,145,180,60,148,16,196,265,0,92,101,49,31,0,192,203,16,9,113,0,117,10,113,41,50,0,0,0,29,6,16,45,89,0,28,0,10,0,31,0,0,0,12,0,12,0,0,0,0,0,42,0,0,0,0,0,0,0,36,0,0,0,57,0,0,0,0,0,114,0,0,0,608,1,82,0,0,0,0,0,0,0,0,0,409,0,296,0,110,0,0,0,0,0,145,0,0,0,0,0,0,0,0,0,0,0,0,0,156,0,263,0,0,0,0,0,0,0,0,0,23,0,0,0,90,0,75,0,142,0,326,0,28,0,0,0,0,0,0,0,0,0,19,0,0,0,0,0,0,0,0,0,0,0,91,0,119,0,5,0,68,0,0,0,87,44,50,0,0,0,11,0,0,0,41,0,0,0,0,0,0,0,0,0,0,0,0,0,0,0,0,0,0,0,0,0,0,0,154,281,144,0,58,0,0,0,0,9,0,0,0,0,0
0,0,0,92,61,367,0,0,0,0,26,121,83,141,192,458,0,108,174,537,92,0,0,176,0,52,0,282,0,164,0,48,4,62,62,165,0,52,1,0,0,0,0,40,0,23,0,20,0,1,0,46,0,51,0,28,0,51,0,0,0,11,0,114,0,7,0,0,0,0,0,0,0,0,0,32,0,0,0,5,0,0,0,0,0,301,0,0,0,0,0,8,0,0,0,0,0,23,0,0,0,0,0,0,0,0,0,0,0,0,0,0,0,0,0,0,0,0,0,0,0,88,0,0,0,0,0,0,0,0,0,0,0,0,0,0,0,0,2,209,0,649,0,989,0,76,0,0,0,0,0,0,0,0,0,0,0,0,0,24,0,0,0,0,0,0,0,45,0,0,0,0,0,24,0,0,10,169,0,14,0,0,0,0,0,0,0,12,0,0,0,0,0,0,0,0,0,0,0,0,0,0,0,0,0,0,0,0,0,0,0,8,0,0,15,0,0,0,114,259,96,0,0,0,0
67,140,240,192,103,44,14,32,4,0,47,0,38,0,312,81,22,98,233,0,101,0,0,223,72,141,67,0,12,28,28,5,28,39,0,0,18,8,29,0,59,0,0,0,51,0,62,0,0,0,0,0,35,0,61,0,0,0,0,0,0,0,10,0,0,0,0,0,0,0,0,0,1,0,0,0,0,0,0,0,0,0,0,0,195,0,0,0,0,0,109,0,0,0,0,0,411,0,0,0,0,0,0,0,0,0,0,0,0,0,0,0,0,0,0,0,0,0,0,0,3,0,0,0,0,0,0,0,0,0,0,0,13,0,0,0,132,0,0,0,0,0,187,0,0,0,0,0,0,0,0,0,0,0,55,0,1,0,24,0,0,0,0,0,0,0,10,0,0,0,0,0,40,0,0,0,230,79,74,1,8,0,49,0,10,0,5,0,0,0,0,0,0,0,0,0,0,0,0,0,138,0,0,0,0,0,0,0,0,0,59,136,79,0,44,0,0,0,0,0,23,0,0,0,0
98,118,105,271,52,131,0,28,0,0,25,94,0,0,128,163,48,106,0,89,49,176,223,0,0,33,0,26,19,73,24,17,44,41,0,22,14,45,18,18,0,0,0,0,0,0,0,0,0,0,0,8,0,16,0,12,0,0,0,0,0,0,0,29,0,0,0,0,0,0,0,4,0,0,0,0,0,0,0,0,0,134,0,0,0,145,0,0,0,0,0,0,0,0,0,0,0,0,0,61,0,0,0,0,0,0,0,0,0,0,0,0,0,0,0,0,0,0,0,1,0,0,0,0,0,0,0,0,0,0,0,0,0,0,0,0,0,0,0,0,0,46,0,224,0,0,0,0,0,0,0,0,0,0,0,0,0,0,0,0,0,0,0,0,0,0,0,34,0,20,0,6,0,41,0,0,34,202,0,29,0,0,6,7,0,0,0,0,0,0,0,0,0,0,0,0,0,0,0,0,0,0,0,0,0,0,0,0,0,0,0,0,0,0,29,0,0,0,112,278,107,29,0,0,0
14,57,52,13,0,0,143,213,12,184,0,0,0,0,108,3,69,87,0,0,31,0,72,0,0,335,0,0,172,0,0,0,17,0,0,0,0,0,89,25,0,0,0,0,0,0,0,0,7,0,0,0,45,41,56,51,25,0,14,0,0,0,56,104,0,1,0,9,0,0,0,0,0,0,0,0,0,0,0,0,0,0,0,0,67,0,0,0,0,0,45,0,0,0,0,0,117,0,0,0,0,0,0,0,0,0,76,0,0,0,0,0,0,0,0,0,0,0,0,0,0,0,0,0,1,0,0,0,28,0,0,0,0,0,0,0,58,0,0,0,14,0,86,0,0,0,0,0,0,0,0,0,0,0,35,0,0,0,33,0,4,0,0,0,16,0,4,0,31,0,10,1,58,0,0,0,119,58,0,0,0,0,17,0,0,0,0,0,0,0,0,0,0,0,0,0,0,0,0,0,96,0,0,0,0,0,0,0,0,0,120,85,112,0,142,0,0,0,0,0,12,0,0,0,0
219,43,131,217,0,24,91,425,163,86,0,0,0,0,0,47,201,68,0,16,0,52,141,33,335,0,0,0,46,102,11,0,23,16,0,0,0,0,43,44,0,0,0,0,0,1,0,0,0,0,0,0,17,27,28,99,0,119,0,14,0,0,120,19,0,0,0,0,0,0,0,0,0,0,0,0,0,0,0,0,0,0,0,0,0,52,0,0,0,0,0,3,0,0,0,0,0,0,0,0,0,0,0,0,0,0,0,0,0,0,0,0,0,0,0,0,0,0,0,0,0,0,0,0,0,0,0,0,0,0,0,0,0,92,0,237,0,196,0,0,0,0,0,189,0,0,0,0,0,0,0,0,0,0,0,14,0,0,0,0,0,7,0,0,0,0,0,0,0,16,0,14,18,43,1,0,72,124,0,0,0,1,0,0,0,0,0,0,0,0,0,0,0,2,0,0,0,0,0,19,0,0,0,0,0,0,0,0,0,0,0,0,0,0,56,0,0,0,58,95,115,0,0,5,0
2,0,0,0,84,0,0,0,0,0,0,0,218,124,51,0,0,0,154,0,192,0,67,0,0,0,0,858,11,0,33,1,0,0,37,17,91,0,4,0,20,227,125,191,146,218,59,286,48,0,193,91,0,0,0,0,0,0,0,0,0,0,12,0,0,0,0,0,0,0,42,0,0,0,94,0,0,0,0,0,0,0,0,0,0,0,0,0,0,0,0,0,0,0,0,0,0,0,0,0,0,0,0,0,0,0,0,0,0,0,0,0,0,0,0,0,0,0,0,0,107,0,0,0,0,0,0,0,0,0,0,0,0,0,0,0,0,0,0,0,0,0,0,0,0,0,0,0,0,0,0,0,0,0,0,0,0,0,0,0,0,0,0,0,59,0,0,0,0,0,0,0,0,0,0,0,0,43,12,0,0,0,0,0,0,0,207,0,0,0,0,0,0,0,0,0,0,0,0,0,0,0,0,0,0,0,0,0,0,0,0,272,233,16,0,0,0,0,0,30,0,0,0,0,0
0,31,0,0,22,112,0,0,0,6,0,65,525,54,0,81,0,0,592,112,203,282,0,26,0,0,858,0,0,0,0,22,0,0,204,101,0,46,0,0,239,30,140,313,74,298,40,91,0,35,365,365,0,0,0,0,0,0,0,0,0,0,0,0,0,0,0,0,0,0,0,0,0,0,0,0,0,0,0,0,0,0,0,0,0,0,0,0,0,0,0,0,0,0,0,0,0,0,0,0,0,0,0,0,0,0,0,0,0,0,0,0,0,0,0,0,0,0,0,0,0,0,0,0,0,0,0,0,0,0,0,0,0,0,0,0,0,0,0,0,0,0,0,583,0,37,0,0,0,0,0,0,0,0,0,0,0,0,0,0,0,0,0,0,0,65,0,12,0,0,0,8,0,0,0,0,0,228,0,0,0,0,0,9,0,10,46,13,0,0,0,0,0,0,0,0,0,0,0,0,0,0,0,0,0,0,0,0,0,0,0,0,0,0,0,0,0,0,61,293,337,0,0,0,14
129,0,263,0,0,0,160,0,0,0,0,0,0,0,3,0,221,0,3,0,16,0,12,19,172,46,11,0,0,0,3,0,13,0,3,0,3,0,1,0,0,0,6,0,0,0,0,0,2,0,0,0,7,0,4,3,0,0,0,0,6,0,27,0,0,0,0,0,0,0,3,0,0,0,0,0,0,0,0,0,0,0,0,0,54,0,0,0,0,0,0,0,0,0,0,0,38,0,0,0,0,0,0,0,0,0,0,0,0,0,0,0,0,0,0,0,0,0,0,0,7,0,17,0,0,0,0,0,4,0,0,0,0,0,0,0,12,0,58,0,38,0,59,0,8,0,0,0,0,0,0,0,0,0,6,0,3,0,18,0,0,0,0,0,0,0,0,0,0,0,0,0,0,0,0,0,59,9,0,0,0,0,78,0,0,0,0,0,0,0,0,0,0,0,0,0,0,0,0,0,0,0,0,0,0,0,0,0,0,0,3,33,0,0,0,0,0,0,0,1,0,0,0,0,0
13,54,0,0,11,0,3,113,3,0,0,0,0,0,0,3,0,139,0,0,9,164,28,73,0,102,0,0,0,0,0,18,0,74,0,21,0,4,0,23,0,0,0,15,0,1,0,0,0,0,0,0,0,37,0,23,0,16,0,0,0,8,0,30,0,0,0,0,0,0,0,0,0,0,0,0,0,0,0,0,0,23,0,0,0,22,0,0,0,0,0,0,0,0,0,0,0,5,0,7,0,0,0,0,0,0,0,0,0,0,0,0,0,0,0,0,0,0,0,0,0,0,0,0,0,0,0,0,0,0,0,0,0,22,0,0,0,62,0,118,0,150,0,152,0,16,0,0,0,0,0,0,0,0,0,14,0,1,0,27,0,0,0,0,0,0,0,1,0,0,0,0,0,0,0,0,3,42,0,8,0,0,0,17,0,0,0,0,0,0,0,0,0,0,0,0,0,0,0,0,0,0,0,0,0,0,0,0,0,0,0,0,7,0,0,0,0,0,0,23,0,0,0,0,0
46,6,93,36,173,0,0,0,0,0,61,7,22,0,215,0,30,0,40,40,113,0,28,24,0,11,33,0,3,0,0,0,6,0,112,0,16,0,0,0,0,0,44,0,13,0,0,0,0,0,25,0,0,0,0,0,0,0,0,0,2,0,14,0,0,0,0,0,0,0,16,0,0,0,0,0,0,0,0,0,0,0,0,0,89,0,12,0,0,0,23,0,0,0,0,0,65,0,0,0,0,0,0,0,0,0,0,0,0,0,0,0,0,0,0,0,0,0,0,0,0,0,49,0,0,0,0,0,0,0,0,0,8,0,0,0,0,0,40,0,0,0,0,0,0,0,1,0,0,0,0,0,0,0,4,0,1,0,0,0,0,0,0,0,0,0,0,0,21,0,0,0,20,0,0,0,59,15,57,0,0,0,0,0,0,0,0,0,0,0,0,0,0,0,0,0,0,0,0,0,0,0,0,0,0,0,0,0,0,0,57,133,35,15,19,0,0,0,0,0,0,0,0,0,0
0,28,0,40,0,149,0,0,0,0,0,80,0,49,0,60,0,0,0,70,0,48,5,17,0,0,1,22,0,18,0,0,0,3,8,2,0,32,0,2,0,0,0,5,0,5,0,0,0,0,0,3,0,0,0,4,0,0,0,0,0,3,0,9,0,0,0,0,0,0,0,0,0,0,0,0,0,0,0,0,0,0,0,0,0,22,0,0,0,0,0,0,0,0,0,0,0,2,0,0,0,0,0,0,0,0,0,0,0,0,0,0,0,0,0,0,0,0,0,0,0,0,0,0,0,0,0,0,0,0,0,0,0,0,0,0,0,34,0,48,0,158,0,173,0,0,0,0,0,0,0,0,0,0,0,0,0,4,0,0,0,0,0,0,0,6,0,20,0,0,0,0,0,12,0,0,0,72,0,6,0,0,0,0,0,0,0,0,0,0,0,0,0,0,0,1,0,0,0,0,0,0,0,0,0,0,0,0,0,0,0,0,1,0,0,0,0,0,0,82,27,0,0,0,0
61,18,200,54,218,0,5,0,0,0,70,7,0,0,43,40,15,0,0,0,117,4,28,44,17,23,0,0,13,0,6,0,0,12,36,0,145,0,0,0,0,0,14,0,7,0,0,0,4,0,11,0,8,0,0,0,4,0,0,0,5,0,14,0,1,0,0,0,0,0,21,0,0,0,34,0,0,0,0,0,37,0,0,0,83,0,0,0,0,0,0,0,0,0,0,0,0,0,57,0,0,0,0,0,0,0,0,0,0,0,0,0,0,0,0,0,0,0,0,0,60,0,74,0,0,0,0,0,0,0,0,0,0,0,0,0,0,0,63,0,63,0,88,0,31,0,0,0,0,0,0,0,0,0,8,0,0,0,13,0,0,0,6,0,0,0,39,0,0,0,2,0,30,0,0,0,107,9,84,0,0,0,36,0,0,0,0,0,0,0,0,0,0,0,0,0,0,0,0,0,0,0,0,0,0,0,0,0,0,0,36,175,31,11,0,0,0,0,0,2,0,0,0,0,0
0,174,22,125,21,192,0,0,0,0,0,176,0,0,55,12,0,60,0,0,10,62,39,41,0,16,0,0,0,74,0,3,12,0,0,5,0,83,0,0,0,0,0,0,0,0,0,0,0,0,0,0,0,5,0,0,0,0,0,0,0,2,0,10,0,2,0,0,0,0,0,0,0,0,0,1,0,0,0,0,0,0,0,0,0,32,0,0,0,0,0,0,0,0,0,0,0,10,0,0,0,0,0,0,0,0,0,0,0,0,0,0,0,0,0,0,0,0,0,0,0,0,0,3,0,0,0,0,0,0,0,0,0,0,0,0,0,0,0,0,0,50,0,117,0,13,0,0,0,0,0,0,0,0,0,0,0,4,0,0,0,0,0,0,0,0,0,24,0,0,0,0,0,13,0,0,0,158,0,26,0,0,0,6,0,0,0,1,0,0,0,0,0,0,0,0,0,0,0,0,0,0,0,0,0,0,0,0,0,0,0,0,0,0,0,0,0,0,0,390,12,0,0,0,0
0,0,0,0,166,0,0,0,0,0,46,0,242,131,153,0,0,0,174,211,113,62,0,0,0,0,37,204,3,0,112,8,36,0,0,0,117,0,0,0,0,15,58,47,18,0,0,0,6,0,96,0,0,0,0,0,0,0,0,0,0,0,0,0,0,0,0,0,0,0,11,0,0,0,0,0,0,0,0,0,0,0,0,0,0,0,0,0,0,0,0,0,0,0,0,0,0,0,0,0,0,0,0,0,0,0,0,0,0,0,0,0,0,0,0,0,0,0,0,0,0,0,0,0,0,0,0,0,0,0,0,0,0,0,0,0,0,0,0,0,7,0,0,0,0,0,0,0,0,0,0,0,0,0,4,0,0,0,0,0,0,0,0,0,33,0,72,0,38,0,0,0,24,0,0,0,77,24,99,0,0,0,0,0,0,0,81,0,0,0,0,0,0,0,0,0,0,0,0,0,0,0,0,0,0,0,0,0,0,0,72,226,172,31,33,0,0,0,0,0,0,0,0,0,0
0,0,0,0,0,131,0,0,0,0,0,91,37,264,63,86,0,1,69,182,41,165,0,22,0,0,17,101,0,21,0,2,0,5,0,0,0,256,0,1,0,0,0,55,3,16,0,9,0,0,0,79,0,0,0,0,0,12,0,0,0,4,0,0,0,0,0,0,0,0,0,0,0,0,0,0,0,0,0,0,0,0,0,0,0,42,0,0,0,0,0,0,0,0,0,0,0,0,0,0,0,0,0,0,0,0,0,0,0,0,0,0,0,0,0,0,0,0,0,0,0,0,0,0,0,0,0,0,0,0,0,0,0,0,0,0,0,0,0,46,0,249,0,330,0,30,0,0,0,0,0,0,0,0,0,0,0,0,0,0,0,0,0,0,0,44,0,88,0,0,0,0,0,17,0,0,1,108,0,0,0,0,0,0,0,0,0,46,0,0,0,0,0,0,0,0,0,0,0,0,0,0,0,0,0,0,0,0,0,0,0,0,0,0,0,0,0,0,47,253,134,19,0,0,0
22,6,46,21,183,0,0,0,0,0,94,0,29,0,31,19,5,0,37,0,50,0,18,14,0,0,91,0,3,0,16,0,145,0,117,0,0,0,16,0,0,0,76,0,76,0,0,0,6,0,61,0,0,0,3,0,0,0,0,0,0,0,2,0,0,0,0,0,0,0,92,0,38,0,107,0,0,0,55,0,153,0,0,0,126,0,88,0,0,0,0,0,0,0,0,0,55,0,229,0,0,0,0,0,0,0,0,0,0,0,0,0,0,0,0,0,0,0,0,0,179,0,98,0,0,0,0,0,0,0,0,0,0,0,0,0,0,0,69,0,83,0,0,0,111,0,0,0,0,0,0,0,0,0,22,0,17,0,4,0,0,0,49,0,22,0,27,0,53,0,14,0,52,0,0,0,49,9,84,0,0,0,0,0,0,0,16,0,0,0,0,0,0,0,0,0,0,0,0,0,0,0,0,0,0,0,0,0,0,0,49,61,91,19,19,0,0,0,0,0,0,0,0,0,0
0,79,6,43,9,143,0,0,0,0,0,101,7,21,17,68,0,10,0,54,0,52,8,45,0,0,0,46,0,4,0,32,0,83,0,256,0,0,0,22,0,4,0,101,0,18,0,0,0,0,0,37,0,2,0,0,0,0,0,0,0,23,0,10,0,0,0,0,0,0,0,0,0,0,0,0,0,0,0,0,0,0,0,0,0,0,0,0,0,0,0,0,0,0,0,0,0,0,0,0,0,0,0,0,0,0,0,0,0,0,0,0,0,3,0,0,0,0,0,0,0,0,0,0,0,0,0,0,0,0,0,0,0,0,0,0,0,0,0,54,0,168,0,142,0,101,0,0,0,4,0,0,0,0,0,0,0,18,0,8,0,0,0,0,0,18,0,27,0,25,0,11,0,55,0,0,0,67,0,9,0,0,0,0,0,0,0,5,0,0,0,0,0,0,0,0,0,0,0,0,0,0,0,0,0,0,0,0,0,0,0,0,0,0,0,0,0,0,25,457,60,0,0,0,0
343,0,268,0,37,0,130,0,49,0,11,0,0,0,0,0,44,21,0,0,0,1,29,18,89,43,4,0,1,0,0,0,0,0,0,0,16,0,0,0,2,0,0,0,13,0,0,0,1,0,4,0,7,0,0,0,0,0,0,0,9,0,6,0,0,0,0,0,0,0,1,0,0,0,0,0,0,0,0,0,0,0,0,0,11,0,0,0,0,0,0,0,0,0,0,0,0,0,0,0,0,0,0,0,0,0,0,0,0,0,0,0,0,0,0,0,0,0,0,0,0,0,13,0,0,0,0,0,0,0,0,0,0,0,0,0,5,0,61,0,18,0,0,0,15,0,0,0,0,0,0,0,0,0,48,0,45,0,10,0,0,0,0,0,0,0,17,0,0,0,0,0,13,0,0,0,132,16,16,0,5,0,142,0,0,0,0,0,0,0,0,0,0,0,0,0,0,0,0,0,0,0,0,0,0,0,0,0,0,0,3,174,7,6,9,0,0,0,0,0,4,0,0,0,0
29,202,0,36,0,3,0,291,0,137,0,0,0,0,0,2,18,154,0,0,0,0,0,18,25,44,0,0,0,23,0,2,0,0,0,1,0,22,0,0,0,0,0,0,0,0,0,0,0,1,0,0,0,5,2,42,0,3,0,0,0,11,0,14,0,0,0,5,0,0,0,0,0,0,0,1,0,0,0,0,0,0,0,0,0,0,0,0,0,0,0,0,0,0,0,0,0,0,0,0,0,0,0,0,0,0,0,0,0,0,0,0,0,0,0,0,0,0,0,0,0,0,0,0,0,0,0,0,0,0,0,0,0,0,0,0,0,0,0,42,0,17,0,25,0,33,0,0,0,0,0,0,0,0,0,0,0,8,0,4,0,0,0,1,0,0,0,10,0,0,0,0,0,16,0,0,11,203,0,0,0,0,0,76,0,0,0,0,0,0,0,0,0,0,0,0,0,0,0,0,0,0,0,0,0,0,0,0,0,0,0,0,0,0,0,0,0,0,8,355,0,0,0,0,0
0,0,13,0,49,0,0,0,0,0,13,0,80,14,0,0,20,0,28,0,29,0,59,0,0,0,20,239,0,0,0,0,0,0,0,0,0,0,2,0,0,84,126,56,100,164,41,119,56,18,118,0,2,0,0,0,0,0,0,0,0,0,1,0,0,0,0,0,0,0,0,0,0,0,0,0,0,0,0,0,0,0,0,0,0,0,24,0,0,0,0,0,0,0,0,0,0,0,0,0,0,0,0,0,0,0,0,0,0,0,0,0,0,0,0,0,0,0,0,0,0,0,0,0,0,0,0,0,0,0,0,0,0,0,0,0,0,0,0,0,15,0,0,0,4,0,0,0,0,0,0,0,2,0,0,0,0,0,0,0,0,0,0,0,0,1,0,0,0,0,0,0,0,0,0,0,15,0,15,0,7,0,2,0,2,0,229,2,0,0,0,0,0,0,0,0,0,0,0,0,0,0,0,0,0,0,0,0,0,0,27,173,53,0,13,0,0,9,0,22,0,0,0,0,0
0,9,0,0,0,24,0,0,0,0,0,44,43,90,0,0,0,0,29,0,6,0,0,0,0,0,227,30,0,0,0,0,0,0,15,0,0,4,0,0,84,0,25,91,72,152,48,122,0,38,44,88,0,0,0,0,0,0,0,0,0,0,0,0,0,0,0,0,0,0,0,0,0,0,0,0,0,0,0,0,0,0,0,0,1,0,0,0,0,0,0,0,0,0,0,0,0,0,0,0,0,0,0,0,0,0,0,0,0,0,0,0,0,0,0,0,0,0,0,0,0,0,0,0,0,0,0,0,0,0,0,0,0,0,0,0,0,0,0,0,0,0,0,0,0,0,0,0,0,0,0,0,0,0,0,0,0,0,0,0,0,0,0,0,0,14,0,0,0,0,0,0,0,0,0,0,0,158,2,10,0,32,0,0,0,0,15,1,0,0,0,0,0,0,0,0,0,0,0,0,0,0,0,0,0,0,0,0,0,0,0,2,2,0,0,0,0,0,0,71,43,0,0,0,15
0,0,0,0,0,0,0,0,0,0,0,0,59,0,2,0,0,0,13,0,16,0,0,0,0,0,125,140,6,0,44,0,14,0,58,0,76,0,0,0,126,25,0,29,122,74,38,50,40,3,35,0,0,0,0,0,3,0,0,0,0,0,0,0,0,0,0,0,0,0,0,0,0,0,0,0,0,0,0,0,0,0,0,0,0,0,24,0,0,0,0,0,0,0,0,0,0,0,0,0,13,0,0,0,0,0,0,0,0,0,0,0,0,0,0,0,0,0,0,0,0,0,0,0,0,0,0,0,0,0,1,0,0,0,0,0,0,0,0,0,0,0,0,0,0,0,0,0,0,0,0,0,0,0,0,0,0,0,0,0,2,0,13,0,13,0,23,0,11,0,9,0,12,0,0,0,0,0,0,0,0,0,0,0,0,0,121,0,0,0,0,0,0,0,0,0,0,0,0,0,3,0,0,0,0,0,0,0,0,0,26,200,60,8,11,0,0,0,0,0,0,0,0,0,0
0,0,0,0,0,0,0,0,0,0,0,0,110,66,0,17,0,0,114,56,45,40,0,0,0,0,191,313,0,15,0,5,0,0,47,55,0,101,0,0,56,91,29,0,19,181,8,157,0,7,96,98,0,0,0,0,0,0,0,0,0,0,0,0,0,0,0,0,0,0,0,0,0,4,0,0,0,0,0,0,0,0,0,0,0,0,0,0,0,0,0,0,0,0,0,0,0,0,0,0,0,0,0,0,0,0,0,0,0,0,0,0,0,0,0,0,0,0,0,0,0,0,0,0,0,0,0,0,0,0,0,0,0,0,0,0,0,0,0,0,0,0,0,0,0,38,0,0,0,0,0,3,0,0,0,0,0,0,0,0,0,0,0,18,0,39,0,10,0,22,0,0,0,8,0,0,0,20,0,0,0,0,0,0,0,0,5,11,0,0,0,0,0,0,0,0,0,0,0,0,0,0,0,0,0,0,0,0,0,0,0,0,0,0,0,0,0,0,53,220,150,0,0,0,0
0,0,0,0,23,0,0,0,5,0,4,0,83,0,6,0,24,0,39,0,89,0,51,0,0,0,146,74,0,0,13,0,7,0,18,3,76,0,13,0,100,72,122,19,0,126,180,99,192,50,111,0,0,0,0,0,0,0,0,0,0,0,0,0,0,0,0,0,17,0,93,0,0,0,141,0,0,0,0,0,201,0,0,0,457,0,176,0,0,0,128,0,0,0,0,0,0,0,504,0,0,0,0,0,0,0,0,0,0,0,0,0,0,0,0,0,0,0,0,0,182,0,100,0,0,0,0,0,0,0,0,0,0,0,0,0,0,0,0,0,54,0,0,0,26,0,1,0,0,0,0,0,0,0,0,0,0,0,0,0,0,0,21,0,96,0,89,0,79,0,26,0,24,0,0,0,9,10,15,0,0,0,0,0,8,0,106,0,0,0,0,0,0,0,0,0,0,0,0,0,0,0,0,0,0,0,0,0,0,0,54,179,130,26,26,0,0,31,0,24,11,0,0,0,10
0,0,0,6,0,12,0,4,0,5,0,9,0,50,0,0,0,0,0,12,0,23,0,0,0,1,218,298,0,1,0,5,0,0,0,16,0,18,0,0,164,152,74,181,126,0,90,291,19,83,48,106,0,0,0,0,0,0,0,5,0,0,0,3,0,0,0,0,0,27,0,0,0,3,0,0,0,0,0,0,0,0,0,36,0,35,0,0,0,0,0,0,0,16,0,0,0,0,0,10,0,0,0,10,0,0,0,0,0,0,0,0,0,3,0,0,0,0,0,0,0,0,0,0,0,0,0,0,0,0,0,0,0,0,0,0,0,0,0,0,0,0,0,156,0,0,0,0,0,2,0,0,0,0,0,11,0,0,0,0,0,0,0,0,3,59,0,0,0,127,0,0,0,0,0,0,0,40,0,2,0,0,0,0,0,0,39,4,0,0,0,0,0,0,0,0,0,0,0,0,0,0,0,0,0,0,0,0,0,0,0,9,0,0,0,0,0,0,20,256,154,14,0,0,83
0,0,0,0,42,0,0,0,0,0,9,0,147,0,13,0,15,0,49,1,28,0,62,0,0,0,59,40,0,0,0,0,0,0,0,0,0,0,0,0,41,48,38,8,180,90,0,60,110,32,17,0,0,0,0,0,0,0,0,0,0,0,0,0,0,0,0,0,0,0,0,0,0,0,0,0,0,0,0,0,0,0,0,0,0,0,0,0,0,0,0,0,0,0,0,0,0,0,120,0,0,0,0,0,0,0,0,0,0,0,0,0,0,0,0,0,0,0,0,0,0,0,0,0,0,0,0,0,0,0,0,0,0,0,0,0,0,0,3,0,13,0,0,0,0,0,0,0,0,0,0,0,0,0,0,0,0,0,0,0,0,0,0,0,23,0,2,0,0,0,0,0,7,0,0,0,7,9,10,0,0,0,3,0,0,0,120,0,0,0,0,0,0,0,0,0,0,0,0,0,0,0,0,0,0,0,0,0,0,0,24,226,101,0,0,0,0,35,0,20,0,0,0,0,4
0,30,0,0,0,104,0,0,0,12,0,64,68,135,0,0,0,0,44,22,0,20,0,0,0,0,286,91,0,0,0,0,0,0,0,9,0,0,0,0,119,122,50,157,99,291,60,0,4,49,65,101,0,0,0,0,0,0,0,0,0,0,0,0,0,0,0,0,0,0,0,0,0,0,0,0,0,0,0,0,0,0,0,0,0,0,0,0,0,0,0,0,0,0,0,0,0,0,0,0,0,0,0,0,0,0,0,0,0,0,0,0,0,0,0,0,0,0,0,0,0,0,0,0,0,0,0,0,0,0,0,0,0,0,0,0,0,0,0,0,0,0,0,0,0,0,0,0,0,0,0,0,0,0,0,0,0,0,0,0,0,0,0,0,2,16,0,0,0,0,0,0,0,0,0,0,0,103,0,0,0,0,0,0,0,0,34,15,0,0,0,0,0,0,0,0,0,0,0,0,0,0,0,0,0,0,0,0,0,2,0,0,0,0,0,0,0,0,17,256,153,0,0,0,54
11,0,10,0,0,0,15,0,15,0,0,0,12,0,9,0,0,0,17,0,10,0,0,0,7,0,48,0,2,0,0,0,4,0,6,0,6,0,1,0,56,0,40,0,192,19,110,4,0,10,21,0,0,0,0,0,46,0,14,0,10,0,0,0,0,0,0,0,16,0,0,0,0,0,0,0,8,0,15,0,0,0,32,0,0,0,6,0,4,0,4,0,6,0,37,0,14,0,0,0,32,0,25,0,0,1,9,0,0,0,0,0,0,0,0,0,0,0,0,0,0,0,0,0,5,0,0,0,5,1,21,2,7,0,14,0,0,0,0,0,0,0,0,0,4,0,0,0,0,0,0,0,0,0,0,0,3,0,0,0,0,0,13,0,59,0,15,0,46,0,11,0,5,0,1,0,8,4,6,0,0,0,0,0,0,0,48,0,46,0,15,0,33,0,10,0,0,0,30,0,19,0,0,0,0,0,0,0,17,0,61,61,134,5,26,19,3,2,0,0,0,0,0,0,0
0,1,0,1,0,4,0,0,0,0,0,12,0,46,0,0,0,0,0,0,0,1,0,0,0,0,0,35,0,0,0,0,0,0,0,0,0,0,0,1,18,38,3,7,50,83,32,49,10,0,0,4,0,0,0,0,0,0,0,0,0,0,0,0,0,0,0,0,0,18,0,0,0,0,0,0,0,0,0,0,0,0,0,0,0,0,0,0,0,0,0,0,0,3,0,0,0,0,0,0,0,0,0,0,0,2,0,2,0,0,0,0,0,0,0,0,0,0,0,0,0,0,0,0,0,0,0,0,0,0,0,0,0,0,0,0,0,0,0,0,0,0,0,0,0,0,0,0,0,0,0,0,0,0,0,0,0,0,0,0,0,0,0,0,0,30,0,1,0,35,0,0,0,0,0,0,0,14,0,5,0,7,0,0,0,0,23,2,0,0,0,0,0,0,0,0,0,0,0,0,0,0,0,0,0,0,0,0,0,0,0,3,0,0,0,0,0,0,0,2,5,0,0,0,2
0,0,0,0,0,0,3,0,0,0,0,0,314,82,26,0,5,0,152,47,31,0,0,0,0,0,193,365,0,0,25,0,11,0,96,0,61,0,4,0,118,44,35,96,111,48,17,65,21,0,0,44,0,0,0,0,3,0,0,0,3,0,1,0,0,0,0,0,5,0,7,0,5,0,24,0,0,0,16,0,34,0,21,0,0,0,28,0,0,0,0,0,0,0,0,0,30,0,76,0,22,0,0,0,0,0,0,0,0,0,0,0,0,0,0,0,0,0,0,0,23,0,0,0,0,0,0,0,0,0,0,0,0,0,0,0,0,0,0,0,0,0,0,0,0,0,0,0,0,0,0,0,0,0,0,0,0,0,0,0,0,0,16,0,67,0,23,0,61,0,18,0,30,0,0,0,0,0,29,0,0,0,0,0,0,0,184,0,0,0,0,0,0,0,0,0,0,0,0,0,0,0,0,0,0,0,0,0,0,0,16,89,132,0,21,0,0,0,0,0,0,0,0,0,0
0,0,0,12,0,0,0,0,0,0,0,23,47,197,0,19,0,0,67,130,0,46,0,8,0,0,91,365,0,0,0,3,0,0,0,79,0,37,0,0,0,88,0,98,0,106,0,101,0,4,44,0,0,0,0,0,0,0,0,5,0,0,0,0,0,0,0,0,0,5,0,34,0,8,0,50,0,0,0,0,0,0,0,0,0,31,0,0,0,0,0,0,0,0,0,0,0,0,0,0,0,0,0,0,0,0,0,0,0,0,0,0,0,0,0,0,0,0,0,0,0,0,0,32,0,0,0,0,0,0,0,0,0,0,0,0,0,0,0,0,0,88,0,257,0,68,0,0,0,0,0,0,0,0,0,0,0,0,0,0,0,28,0,45,0,53,0,25,0,50,0,80,0,46,0,0,0,19,0,1,0,0,0,0,0,0,0,26,0,0,0,0,0,0,0,0,0,0,0,0,0,3,0,0,0,0,0,0,0,0,0,0,0,0,21,0,0,0,96,158,148,19,0,3,0
1,0,0,0,0,0,56,0,83,119,1,0,0,0,0,0,117,0,0,0,0,0,35,0,45,17,0,0,7,0,0,0,8,0,0,0,0,0,7,0,2,0,0,0,0,0,0,0,0,0,0,0,0,282,87,274,113,85,52,116,13,0,52,63,0,14,26,228,1,0,0,0,0,0,0,0,0,0,0,0,0,0,0,0,162,0,0,0,0,0,0,0,0,0,0,0,129,0,0,0,0,0,0,0,0,0,0,0,0,0,0,0,0,0,0,0,0,0,0,0,0,0,17,0,0,0,0,0,39,0,0,0,40,0,8,0,98,0,79,0,73,0,172,0,3,0,0,0,0,5,1,0,0,0,147,9,36,0,115,0,13,0,0,0,0,0,0,0,0,0,82,0,7,0,0,0,116,14,0,0,0,0,3,0,73,6,0,0,0,0,0,0,0,0,0,0,0,0,0,0,36,0,0,0,0,0,0,0,6,1,17,82,84,0,33,0,12,0,20,0,28,0,0,0,0
0,7,0,0,0,0,28,6,116,90,0,0,0,0,0,0,9,40,0,0,0,51,0,16,41,27,0,0,0,37,0,0,0,5,0,0,0,2,0,5,0,0,0,0,0,0,0,0,0,0,0,0,282,0,162,132,30,204,81,74,0,16,79,42,0,0,68,111,0,0,0,0,0,0,0,0,0,0,0,0,0,0,0,0,0,7,0,0,0,0,0,0,0,0,0,0,0,0,0,0,0,0,0,0,0,0,0,0,0,0,0,0,0,0,0,0,0,0,0,0,0,0,0,0,0,0,0,0,0,17,0,0,0,22,0,11,0,58,0,86,0,51,0,62,0,5,0,0,0,0,0,0,0,0,19,85,0,40,0,48,0,0,0,1,0,0,0,0,0,0,0,5,0,0,0,0,15,95,0,0,0,0,0,0,0,100,0,0,0,0,0,0,0,0,0,0,0,0,0,0,0,0,0,0,0,0,0,0,0,7,0,0,0,0,10,0,0,0,5,44,22,8,0,0,0
0,0,44,0,0,0,84,0,50,105,0,0,0,0,50,0,21,0,0,0,12,0,61,0,56,28,0,0,4,0,0,0,0,0,0,0,3,0,0,2,0,0,0,0,0,0,0,0,0,0,0,0,87,162,0,132,70,41,232,47,0,4,17,55,0,0,0,77,0,0,0,0,0,0,0,0,0,0,0,0,0,0,0,3,17,0,0,0,0,0,0,0,0,0,0,0,0,0,0,0,0,0,0,0,0,0,31,0,0,0,0,0,0,0,0,0,0,0,0,0,0,0,0,0,0,7,0,0,55,0,0,0,19,0,71,0,149,0,0,0,16,0,137,0,0,0,0,0,0,0,0,0,0,0,39,0,5,0,41,0,61,0,12,0,0,0,0,0,20,0,125,0,30,0,0,0,70,19,0,0,0,0,0,0,18,0,0,0,0,0,0,0,0,0,0,0,0,0,0,0,106,0,0,0,0,0,0,0,0,0,78,42,167,0,138,0,0,0,20,0,0,0,0,0,0
0,0,0,26,0,0,0,20,183,38,0,0,0,0,0,78,0,17,0,0,0,28,0,12,51,99,0,0,3,23,0,4,0,0,0,0,0,0,0,42,0,0,0,0,0,0,0,0,0,0,0,0,274,132,132,0,0,120,61,52,13,44,137,73,0,0,65,3,0,0,0,0,0,0,0,0,0,0,0,0,0,0,0,0,0,0,0,0,0,0,0,0,0,0,0,0,0,0,4,0,2,0,0,0,0,0,0,0,0,0,0,0,0,0,0,0,0,0,0,0,0,0,0,0,0,0,0,0,0,13,0,3,0,72,0,30,0,102,0,14,0,16,0,23,0,0,4,0,6,0,0,0,0,0,0,32,5,0,0,25,0,85,0,0,0,36,0,0,0,48,0,130,0,115,0,0,24,31,0,0,0,0,0,0,0,9,0,0,0,0,0,0,0,0,0,0,0,0,0,0,0,0,0,0,0,0,0,0,0,0,12,0,0,0,175,0,0,0,282,14,394,241,0,36,0
0,0,23,0,9,0,9,0,0,0,0,0,0,0,0,0,9,0,0,0,12,0,0,0,25,0,0,0,0,0,0,0,4,0,0,0,0,0,0,0,0,0,3,0,0,0,0,0,46,0,3,0,113,30,70,0,0,88,283,64,5,0,21,0,82,71,161,142,7,0,0,0,0,0,0,0,0,0,0,0,0,0,0,0,0,0,0,0,0,0,0,0,0,0,0,0,0,0,0,0,0,0,0,0,0,0,0,0,0,0,0,0,0,0,0,0,0,0,0,0,0,0,0,0,8,0,0,0,16,0,24,0,16,0,17,0,17,0,5,14,0,0,11,0,18,0,0,0,6,0,0,0,0,0,71,31,11,0,75,30,218,32,34,0,27,0,0,0,40,0,235,0,17,0,0,0,0,0,0,0,0,0,0,0,31,0,0,0,0,0,0,0,0,0,0,0,0,0,0,0,0,0,0,0,0,0,0,0,3,0,471,89,657,730,729,0,163,0,9,0,0,0,0,0,0
0,0,0,10,0,0,0,9,0,9,0,0,0,6,0,53,0,69,0,0,0,51,0,0,0,119,0,0,0,16,0,0,0,0,0,12,0,0,0,3,0,0,0,0,0,0,0,0,0,0,0,0,85,204,41,120,88,0,64,107,0,0,0,20,15,89,141,60,0,0,0,0,0,0,0,0,0,0,0,0,0,0,0,5,0,0,0,0,0,0,0,0,0,0,0,0,0,5,0,0,0,0,0,0,0,0,0,0,0,0,0,0,0,0,0,0,0,0,0,0,0,0,1,0,0,43,0,0,0,13,0,13,0,76,0,35,0,132,0,38,0,0,0,56,0,21,0,1,0,4,0,0,0,0,50,203,0,79,0,74,34,122,0,12,0,35,0,0,3,60,0,286,0,27,0,0,0,0,0,0,0,0,0,0,15,0,0,0,0,0,0,0,0,0,0,0,0,1,0,0,0,0,0,0,0,0,0,0,0,21,0,0,0,0,470,0,0,0,575,63,658,535,120,0,0
1,0,0,0,0,0,0,0,10,0,0,0,0,0,0,0,0,0,0,0,0,0,0,0,14,0,0,0,0,0,0,0,0,0,0,0,0,0,0,0,0,0,0,0,0,0,0,0,14,0,0,0,52,81,232,61,283,64,0,0,36,0,7,0,52,18,24,152,5,0,0,0,1,0,0,0,1,0,0,0,0,0,0,0,0,0,0,0,0,0,0,0,0,0,0,0,0,0,0,0,0,0,0,0,0,0,0,0,0,0,0,0,0,0,0,0,0,0,0,0,0,0,0,0,0,0,1,0,0,0,18,0,4,0,18,0,8,0,0,0,0,0,0,0,0,0,0,0,0,1,0,0,0,0,21,0,26,0,18,8,56,0,9,0,0,0,0,0,44,0,155,0,0,0,0,0,11,0,0,0,0,0,0,0,80,4,0,0,0,0,0,0,0,0,0,0,0,0,0,0,0,0,0,0,0,0,0,0,0,0,482,159,366,523,552,0,103,0,0,0,0,0,0,0,0
0,0,0,7,0,1,0,7,0,1,0,0,0,2,0,0,0,0,0,6,0,0,0,0,0,14,0,0,0,0,0,0,0,0,0,0,0,0,0,0,0,0,0,0,0,5,0,0,0,0,0,5,116,74,47,52,64,107,0,0,0,0,0,44,0,47,80,62,0,0,0,0,0,0,0,0,0,0,0,0,0,0,0,0,0,0,0,0,0,0,0,0,0,0,0,0,0,0,0,0,0,0,0,0,0,0,0,0,0,0,0,0,0,0,0,0,0,0,0,0,0,0,0,0,0,40,0,8,0,0,0,43,0,30,0,12,0,33,9,0,0,0,0,0,0,6,0,1,0,17,0,24,0,0,45,30,0,80,18,15,0,177,0,0,0,17,0,0,0,0,0,108,0,0,0,0,0,0,0,0,0,0,1,0,16,15,0,0,0,0,0,0,0,0,0,0,0,0,0,0,0,0,0,0,0,0,0,13,0,52,0,2,0,0,346,0,0,0,554,58,343,380,65,50,0
51,0,14,0,0,0,133,0,225,0,0,0,0,0,0,0,0,0,0,0,0,0,0,0,0,0,0,0,6,0,2,0,5,0,0,0,0,0,9,0,0,0,0,0,0,0,0,0,10,0,3,0,13,0,0,13,5,0,36,0,0,0,37,0,0,0,15,0,0,0,4,0,0,0,0,0,0,0,0,0,0,0,0,0,0,0,0,0,0,0,0,0,0,0,0,0,0,0,0,0,0,0,0,0,0,0,0,0,0,0,0,0,0,0,0,0,0,0,0,0,0,0,0,0,0,0,0,0,0,0,0,0,0,0,0,0,7,0,135,0,46,0,0,0,122,0,0,0,0,0,0,0,0,0,82,0,163,0,8,0,0,0,21,0,1,0,0,0,12,0,100,0,83,0,0,0,36,0,0,0,0,0,0,0,50,0,0,0,0,0,0,0,0,0,0,0,0,0,0,0,0,0,0,0,0,0,0,0,0,0,34,169,101,115,43,1,24,0,0,0,0,0,0,0,0
0,0,0,0,0,0,0,21,0,134,0,0,0,0,0,0,1,0,0,0,0,11,0,0,0,0,0,0,0,8,0,3,0,2,0,4,0,23,0,11,0,0,0,0,0,0,0,0,0,0,0,0,0,16,4,44,0,0,0,0,0,0,0,11,0,0,0,50,0,0,0,0,0,0,0,0,0,0,0,0,0,0,0,0,0,0,0,0,0,0,0,0,0,0,0,0,0,0,0,0,0,0,0,0,0,0,0,0,0,0,0,0,0,0,0,0,0,0,0,0,0,0,0,3,0,0,0,0,0,0,0,0,0,0,0,0,0,2,0,48,0,51,0,0,0,241,0,0,0,0,0,0,0,0,0,10,0,88,0,20,0,0,0,4,0,2,0,0,0,0,0,70,0,43,0,0,0,92,0,0,0,0,0,0,0,0,0,0,0,0,0,0,0,0,0,0,0,0,0,0,0,0,0,0,0,0,0,0,0,0,0,0,0,0,0,0,0,0,20,407,25,17,0,0,0
0,0,9,0,0,0,233,71,137,142,0,0,0,0,12,0,107,0,0,0,42,0,10,0,56,120,12,0,27,0,14,0,14,0,0,0,2,0,6,0,1,0,0,0,0,0,0,0,0,0,1,0,52,79,17,137,21,0,7,0,37,0,0,79,0,0,0,26,0,0,2,0,0,0,0,0,0,0,0,0,0,0,0,0,27,0,0,0,0,0,0,0,0,0,0,0,0,0,0,0,0,0,0,0,0,0,0,0,0,0,0,0,0,0,0,0,0,0,0,0,0,0,25,0,0,0,0,0,0,0,0,0,16,0,0,0,50,0,75,0,54,0,0,0,5,0,0,0,0,0,0,0,0,0,61,0,31,0,59,0,2,0,0,0,0,0,0,0,8,0,7,0,19,0,0,0,128,24,0,0,0,0,15,0,11,0,0,0,0,0,0,0,0,0,0,0,0,0,0,0,3,0,0,0,0,0,0,0,0,0,10,49,21,46,25,0,2,0,0,0,0,0,0,0,0
0,0,0,0,0,0,22,32,103,126,0,0,0,0,0,12,26,66,1,41,0,114,0,29,104,19,0,0,0,30,0,9,0,10,0,0,0,10,0,14,0,0,0,0,0,3,0,0,0,0,0,0,63,42,55,73,0,20,0,44,0,11,79,0,0,0,3,24,0,0,0,0,0,0,0,0,0,0,0,0,0,0,0,0,0,0,0,0,0,0,0,0,0,0,0,0,0,0,0,0,0,0,0,0,0,0,0,0,0,0,0,0,0,0,0,0,0,0,0,0,0,0,0,0,0,0,0,0,0,19,0,0,0,2,0,0,0,15,0,101,0,37,0,18,0,46,0,0,0,0,0,0,0,0,0,19,0,13,0,37,0,0,0,0,2,0,0,2,0,0,0,9,0,14,0,0,19,87,0,0,0,0,0,25,0,10,0,0,0,0,0,0,0,0,0,0,0,0,0,0,0,0,0,0,0,0,0,0,0,3,0,0,0,0,0,0,0,0,3,25,25,9,0,2,0
0,0,14,0,5,0,7,0,21,0,0,0,3,0,0,0,0,0,0,0,0,0,0,0,0,0,0,0,0,0,0,0,1,0,0,0,0,0,0,0,0,0,0,0,0,0,0,0,0,0,0,0,0,0,0,0,82,15,52,0,0,0,0,0,0,96,59,24,0,0,0,0,0,0,0,0,0,0,0,0,0,0,0,0,0,0,0,0,0,0,0,0,0,0,0,0,0,0,0,0,0,0,0,0,0,0,0,0,0,0,0,0,0,0,0,0,0,0,0,0,0,0,0,0,0,0,0,0,0,0,11,0,0,0,0,0,0,0,37,74,0,0,0,0,80,10,0,0,13,33,3,0,1,0,8,0,0,0,5,61,225,93,0,2,0,0,0,0,2,0,0,0,0,0,7,6,0,0,0,0,167,5,0,0,53,0,1,0,0,0,0,0,0,0,0,0,0,0,0,0,0,0,0,0,0,0,0,0,0,0,100,3,7,0,117,0,0,0,16,0,0,0,0,0,0
0,18,0,7,0,14,0,0,0,25,0,0,0,0,0,6,0,0,0,16,0,7,0,0,1,0,0,0,0,0,0,0,0,2,0,0,0,0,0,0,0,0,0,0,0,0,0,0,0,0,0,0,14,0,0,0,71,89,18,47,0,0,0,0,96,0,42,74,0,0,0,8,0,0,0,0,0,0,0,0,0,22,0,0,0,14,0,0,0,0,0,0,0,0,0,0,0,0,0,7,0,0,0,0,0,0,0,0,0,0,0,0,0,0,0,0,0,0,0,0,6,7,0,7,0,23,0,4,0,0,66,24,0,0,0,0,0,0,0,79,0,6,0,0,18,124,0,32,32,59,0,48,0,18,57,38,0,16,99,36,163,127,0,0,0,0,0,0,0,5,0,0,0,0,1,89,0,0,0,0,50,13,0,1,8,28,0,0,0,0,0,0,0,3,0,0,0,0,0,0,0,5,0,0,0,0,0,8,0,9,0,2,0,0,169,0,0,0,158,13,57,133,42,0,0
3,0,8,0,0,0,7,0,21,0,0,0,0,0,0,0,0,0,0,0,0,0,0,0,0,0,0,0,0,0,0,0,0,0,0,0,0,0,0,0,0,0,0,0,0,0,0,0,0,0,0,0,26,68,0,65,161,141,24,80,15,0,0,3,59,42,0,237,2,0,0,0,0,0,0,0,0,0,0,0,0,0,0,0,0,0,0,0,0,0,0,0,0,0,0,0,0,0,0,0,0,0,0,0,0,0,0,0,0,0,0,0,0,0,0,0,0,0,0,0,0,0,0,0,0,0,0,0,0,0,3,0,0,0,0,0,1,0,0,12,0,0,1,0,5,0,0,0,4,0,0,0,0,0,20,28,15,0,0,18,69,0,2,0,0,0,0,0,4,0,0,3,0,0,0,0,20,0,0,0,26,0,2,0,526,6,0,0,0,0,0,0,0,0,0,0,0,0,0,0,0,0,0,0,0,0,0,0,0,0,180,109,112,184,211,0,20,0,0,0,0,0,0,0,0
0,4,0,0,0,0,0,0,58,57,0,0,0,0,0,0,0,0,0,0,0,0,0,0,9,0,0,0,0,0,0,0,0,0,0,0,0,0,0,5,0,0,0,0,0,0,0,0,0,0,0,0,228,111,77,3,142,60,152,62,0,50,26,24,24,74,237,0,0,1,0,0,0,0,0,2,0,0,0,0,0,0,0,0,0,0,0,0,0,0,0,0,0,0,0,0,0,0,0,0,0,0,0,0,0,0,0,0,0,0,0,0,0,0,0,0,0,0,0,0,0,0,0,0,0,29,0,5,6,0,0,62,0,0,0,4,0,11,0,0,0,0,0,0,0,13,0,9,0,25,0,22,0,6,98,27,8,66,0,0,13,39,0,0,0,5,0,0,0,10,0,57,0,0,0,18,20,41,0,0,0,0,0,0,18,204,0,0,0,0,0,1,0,0,0,0,0,0,0,2,0,0,0,1,0,0,0,3,0,17,0,0,0,0,207,0,0,0,304,55,242,224,0,0,0
0,0,0,0,0,0,4,0,7,0,0,0,0,0,0,0,0,0,0,0,0,0,0,0,0,0,0,0,0,0,0,0,0,0,0,0,0,0,0,0,0,0,0,0,17,0,0,0,16,0,5,0,1,0,0,0,7,0,5,0,0,0,0,0,0,0,2,0,0,0,0,0,7,0,3,0,78,0,14,0,2,0,40,0,0,0,6,0,2,0,0,0,25,0,21,0,0,0,0,0,7,0,122,0,0,0,0,0,61,0,26,0,14,0,32,0,14,0,0,0,2,0,0,0,0,0,0,0,0,0,0,0,0,0,0,0,0,0,0,0,0,0,0,0,0,0,0,1,0,0,0,0,0,0,0,0,2,0,4,0,0,0,4,0,17,0,0,0,230,0,3,0,0,0,0,0,0,0,0,0,0,0,0,0,0,0,0,0,0,0,0,0,0,0,0,0,0,0,0,0,0,0,0,0,0,0,0,0,0,0,36,17,80,6,0,44,93,0,0,0,0,0,0,0,0
0,0,0,0,0,0,0,0,0,2,0,0,0,0,0,0,0,0,0,0,0,0,0,0,0,0,0,0,0,0,0,0,0,0,0,0,0,0,0,0,0,0,0,0,0,27,0,0,0,18,0,5,0,0,0,0,0,0,0,0,0,0,0,0,0,0,0,1,0,0,0,0,0,0,0,0,0,82,0,0,0,16,0,144,0,0,0,0,0,11,0,0,0,161,0,62,0,0,0,0,0,0,0,297,0,0,0,0,0,13,0,9,0,0,0,0,0,21,0,0,0,0,0,0,0,0,0,0,0,0,0,1,0,0,0,0,0,0,0,0,0,0,3,0,0,0,0,0,0,0,0,0,0,0,0,1,0,0,0,0,0,0,0,1,0,17,0,0,0,39,0,0,0,0,0,0,0,0,0,0,0,0,0,0,0,0,0,0,0,0,0,0,0,0,0,36,0,0,0,0,0,25,0,0,0,0,0,0,0,0,0,0,0,0,0,0,0,0,45,20,91,8,27,66,6
0,0,0,0,0,0,0,0,0,0,0,0,0,0,0,0,0,0,0,0,36,0,0,0,0,0,42,0,3,0,16,0,21,0,11,0,92,0,1,0,0,0,0,0,93,0,0,0,0,0,7,0,0,0,0,0,0,0,0,0,4,0,2,0,0,0,0,0,0,0,0,0,191,0,113,0,10,0,236,0,0,0,0,0,2,0,52,0,0,0,0,0,0,0,0,0,0,0,3,0,0,0,0,0,0,0,0,0,0,0,0,0,0,0,0,0,0,0,0,0,9,0,8,0,0,10,8,0,0,0,19,0,0,0,0,0,10,0,2,0,64,0,29,0,24,0,0,0,0,0,0,0,0,0,0,0,0,0,0,0,6,5,59,0,0,0,55,0,22,0,22,0,21,0,18,0,0,0,0,0,32,0,0,0,0,0,0,0,0,0,0,0,0,0,0,0,0,0,0,0,0,0,0,0,1,0,0,0,0,0,16,7,16,0,0,0,0,0,0,0,6,0,0,0,0
0,0,0,0,0,0,0,0,0,0,0,0,0,0,0,9,0,0,0,33,0,0,0,4,0,0,0,0,0,0,0,0,0,0,0,0,0,0,0,0,0,0,0,0,0,0,0,0,0,0,0,34,0,0,0,0,0,0,0,0,0,0,0,0,0,8,0,0,0,0,0,0,0,138,0,232,0,12,0,20,0,6,0,0,0,0,2,72,0,0,0,0,0,0,0,0,0,0,0,0,0,0,0,0,0,0,0,0,0,0,0,0,0,0,0,0,0,0,0,0,0,2,0,11,0,0,0,0,0,0,0,62,0,0,0,0,0,0,0,0,0,41,0,7,0,113,0,0,0,22,0,28,0,0,0,0,0,0,0,0,0,0,0,57,0,0,0,0,0,7,0,19,0,12,0,0,0,0,0,0,0,20,0,0,0,0,0,0,0,0,0,0,0,0,0,0,0,0,0,0,0,0,0,0,0,0,0,0,0,0,3,0,0,0,0,0,0,0,38,4,14,0,1,0,0
0,0,0,0,0,0,0,0,0,0,0,0,3,0,0,0,0,0,0,0,0,0,1,0,0,0,0,0,0,0,0,0,0,0,0,0,38,0,0,0,0,0,0,0,0,0,0,0,0,0,5,0,0,0,0,0,0,0,1,0,0,0,0,0,0,0,0,0,7,0,191,0,0,0,286,0,67,0,215,0,12,0,48,0,0,0,19,1,0,0,0,0,58,0,0,0,0,0,0,1,0,0,29,0,0,0,0,2,2,0,0,0,0,0,0,0,2,0,0,0,22,0,12,0,7,0,25,0,0,0,15,0,29,0,0,0,74,0,0,0,58,0,63,0,25,0,0,0,0,0,0,0,3,0,0,0,2,0,0,0,0,0,102,0,2,0,32,0,15,0,12,0,16,0,10,0,0,0,0,0,26,0,0,0,0,0,0,0,0,0,0,0,0,0,0,0,0,0,0,0,35,0,0,0,22,0,0,0,119,0,118,11,61,0,18,7,8,0,0,0,0,0,0,0,0
0,0,0,0,0,0,0,0,0,0,0,0,0,0,0,0,0,0,0,0,0,0,0,0,0,0,0,0,0,0,0,0,0,0,0,0,0,0,0,0,0,0,0,4,0,3,0,0,0,0,0,8,0,0,0,0,0,0,0,0,0,0,0,0,0,0,0,0,0,0,0,138,0,0,0,458,0,115,0,66,0,31,0,28,0,13,0,119,0,0,0,0,0,0,0,0,0,5,0,3,6,0,0,3,0,0,0,0,0,0,0,0,0,0,0,0,0,0,0,0,0,23,0,43,0,87,0,0,0,0,0,39,0,0,0,84,0,0,0,1,0,37,0,0,0,49,0,0,0,0,4,0,0,49,0,0,0,0,0,0,0,0,0,72,0,0,0,0,0,7,0,7,0,0,0,18,0,0,0,0,0,0,0,0,0,0,0,0,0,93,0,0,0,0,0,0,0,0,0,0,0,63,0,0,0,0,2,313,0,180,0,0,0,0,32,0,0,0,178,6,21,0,0,0,0
0,0,0,0,0,0,0,0,0,0,0,0,0,0,0,1,7,0,0,0,57,0,0,0,0,0,94,0,0,0,0,0,34,0,0,0,107,0,0,0,0,0,0,0,141,0,0,0,0,0,24,0,0,0,0,0,0,0,0,0,0,0,0,0,0,0,0,0,3,0,113,0,286,0,0,0,9,0,200,0,8,1,14,0,6,0,29,0,0,0,0,0,0,0,0,0,0,0,5,0,2,0,0,0,0,0,0,0,0,0,0,0,0,0,0,0,0,0,0,0,70,2,62,0,0,0,0,0,0,0,53,69,14,0,56,1,45,0,0,8,69,0,85,0,53,0,0,2,0,10,6,0,15,0,0,0,0,0,0,0,12,0,88,0,0,0,77,0,11,0,15,0,28,0,49,0,0,0,0,0,68,0,0,0,5,0,0,0,0,0,0,0,0,0,0,0,0,0,75,0,56,0,70,0,0,0,0,0,87,0,51,0,28,0,0,0,5,0,6,0,0,0,0,0,0
0,0,0,0,0,0,0,0,0,0,0,7,0,0,0,0,0,0,0,0,0,32,0,0,0,0,0,0,0,0,0,0,0,1,0,0,0,0,0,1,0,0,0,0,0,0,0,0,0,0,0,50,0,0,0,0,0,0,0,0,0,0,0,0,0,0,0,2,0,0,0,232,0,458,0,0,0,19,3,49,0,7,0,0,0,0,0,66,0,0,0,0,0,0,0,0,0,0,0,0,0,0,0,0,0,0,0,0,0,0,0,0,0,0,0,0,0,0,0,0,0,138,0,81,0,176,0,131,0,11,0,0,0,0,0,31,0,24,0,0,0,108,0,61,0,185,0,0,0,54,0,109,1,74,0,0,0,0,0,0,0,0,0,125,0,0,0,0,0,14,0,30,0,16,0,36,0,0,0,1,14,51,0,0,0,12,0,0,0,0,0,0,0,0,0,0,0,0,0,0,0,0,0,45,0,0,0,134,0,138,0,0,0,0,12,0,0,0,129,11,36,0,0,2,0
0,0,0,0,0,0,0,0,0,0,1,0,0,0,0,0,0,0,0,0,0,0,0,0,0,0,0,0,0,0,0,0,0,0,0,0,0,0,0,0,0,0,0,0,0,0,0,0,8,0,0,0,0,0,0,0,0,0,1,0,0,0,0,0,0,0,0,0,78,0,10,0,67,0,9,0,0,0,44,0,15,0,10,0,0,0,8,0,0,0,0,0,36,0,13,0,16,0,0,0,0,0,53,0,5,0,0,0,21,0,6,0,1,0,11,0,32,0,0,0,9,0,0,0,0,0,0,0,0,0,5,0,0,0,0,0,0,0,0,0,0,0,0,0,0,0,0,0,0,0,0,0,0,1,0,0,0,0,0,0,0,0,0,0,4,0,0,0,44,0,0,0,0,0,0,0,0,0,0,0,0,0,0,0,0,0,0,0,0,0,0,0,0,0,0,0,0,0,0,0,25,0,0,0,0,0,0,0,0,0,24,19,28,0,0,11,50,2,0,0,0,0,0,0,0
0,0,0,0,0,0,0,0,0,0,0,0,0,0,0,0,0,0,0,0,0,0,0,0,0,0,0,0,0,0,0,0,0,0,0,0,0,0,0,0,0,0,0,0,0,0,0,0,0,0,0,0,0,0,0,0,0,0,0,0,0,0,0,0,0,0,0,0,0,82,0,12,0,115,0,19,0,0,0,14,0,123,0,151,0,0,0,217,0,0,0,2,0,83,0,39,0,24,0,23,0,0,0,102,0,0,0,0,0,11,0,0,0,0,0,0,0,43,0,4,0,22,0,0,12,0,0,0,0,0,0,0,0,0,0,0,0,0,0,0,5,0,0,0,0,6,0,0,0,13,0,0,0,0,0,0,0,0,0,0,0,0,3,12,0,14,0,0,0,41,0,4,0,0,0,13,0,0,0,0,0,0,0,0,0,0,0,0,0,151,0,16,0,0,0,63,0,0,0,0,0,95,0,0,0,0,0,0,0,0,0,0,0,0,30,0,0,0,132,21,90,0,8,13,2
0,0,0,0,0,0,0,0,0,0,0,0,0,0,0,0,0,0,0,0,0,0,0,0,0,0,0,0,0,0,0,0,0,0,0,0,55,0,0,0,0,0,0,0,0,0,0,0,15,0,16,0,0,0,0,0,0,0,0,0,0,0,0,0,0,0,0,0,14,0,236,0,215,0,200,3,44,0,0,0,16,0,51,0,32,0,39,0,0,0,0,0,124,0,12,0,37,2,18,0,2,0,36,0,0,0,0,0,0,0,0,0,0,0,0,0,3,0,0,0,103,0,43,0,0,5,0,0,0,0,28,0,0,0,0,0,0,0,1,8,45,0,94,0,24,1,0,0,19,3,0,0,0,0,0,0,0,0,0,0,0,0,46,0,6,0,0,0,56,0,0,0,0,0,0,1,0,0,0,0,0,6,0,0,0,0,0,0,0,0,0,0,0,0,0,0,0,0,193,0,121,0,215,0,43,0,0,0,0,0,145,11,56,0,26,16,37,0,0,0,0,0,0,0,0
0,0,0,0,0,0,0,0,0,0,0,0,0,0,0,0,0,0,0,0,0,5,0,0,0,0,0,0,0,0,0,0,0,0,0,0,0,0,0,0,0,0,0,0,0,0,0,0,0,0,0,0,0,0,0,0,0,0,0,0,0,0,0,0,0,0,0,0,0,0,0,20,0,66,0,49,0,14,0,0,0,9,0,5,0,0,0,48,0,0,0,0,0,0,0,0,0,0,0,0,0,0,0,0,0,0,0,0,0,0,0,0,0,0,0,0,0,0,0,0,0,7,2,37,0,0,0,66,0,0,0,0,0,0,0,30,0,0,0,0,0,38,0,20,0,41,0,0,0,0,0,0,0,0,0,0,0,0,0,0,0,0,0,21,0,0,0,0,0,6,0,9,0,0,0,0,0,0,0,0,0,0,0,0,0,0,0,0,0,0,0,0,0,0,0,0,0,0,0,60,0,23,0,57,0,0,0,0,2,66,0,0,0,0,0,0,0,0,30,5,15,0,0,1,0
