0,464,56,157,49,7,12,112,30,28,131,18,157,0,23,56,37,118,29,0,7,5,58,82,11,64,24,3,34,0,17,0,142,4,0,0,73,16,271,7,46,0,7,0,9,0,11,2,6,0,10,0,0,0,6,0,0,0,3,0,7,5,0,2,12,0,1,0,0,0,0,0,1,0,0,0,0,0,0,0,0,0,0,0,0,0,0,0,0,0,0,0,0,0,0,0,0,0,0,0,0,0,0,0,0,0,0,0,0,0,0,0,0,0,0,1,0,0,6,0,0,0,0,0,5,0,3,0,0,0,0,0,0,0,5,0,0,0,3,0,0,0,0,0,0,0,8,0,16,0,57,1,26,0,3,0,3,0,0,0,4,0,0,0,0,0,50,0,25,0,0,0,107,9,12,0,138,89,12,1,67,0,8,2,53,0,15,0,0,0,0,0,0,0,0,0,0,0,1,0,0,0,0,0,0,0,0,0,0,0,0,0,0,0,22,0,9,0,0,0,223,7,14,0,10,0,160,22,172,0,174,0,134,8,23,0,18,0,138,0,85,0,90,1,388,9,0,0,0
464,0,228,28,44,198,187,33,84,45,20,237,0,76,16,48,131,34,0,137,11,37,316,38,184,6,0,230,0,62,0,28,0,124,0,0,7,256,20,252,0,94,0,0,0,0,0,71,0,3,0,0,0,10,0,18,0,0,0,24,0,64,1,22,0,88,0,6,0,0,0,0,0,0,0,0,0,2,0,0,0,0,0,0,0,2,0,0,0,0,0,0,0,0,0,0,0,0,3,1,0,0,0,0,0,6,0,0,0,0,0,0,0,0,0,0,0,0,0,0,0,0,0,0,0,2,0,12,0,0,0,13,0,0,0,12,0,13,0,0,0,0,0,0,0,0,0,13,0,77,0,128,0,50,0,0,0,0,0,0,0,0,0,5,0,0,2,19,0,19,0,14,0,140,0,22,62,223,0,1,0,93,0,39,0,153,0,0,0,0,0,0,0,0,0,0,0,5,0,5,0,15,0,0,0,0,0,11,0,28,0,4,0,0,0,33,0,20,0,0,0,358,0,18,0,8,8,145,11,246,0,137,0,442,1,21,0,17,3,88,0,25,0,20,0,362,0,0,0
56,228,0,55,167,29,49,12,6,0,54,32,50,0,184,74,157,59,102,0,29,0,90,43,36,8,58,0,49,0,46,0,172,7,0,0,58,0,195,0,20,0,0,0,19,0,11,0,5,0,9,0,7,0,48,0,24,0,0,0,7,3,0,0,9,0,0,0,0,0,0,0,0,0,0,0,0,0,0,0,0,0,0,0,8,0,0,0,0,0,0,0,0,0,0,0,32,0,0,0,0,0,0,0,19,0,20,0,0,0,0,0,0,0,0,1,0,0,1,0,0,0,0,0,5,0,15,0,15,0,7,0,5,0,134,0,37,0,5,0,0,0,96,0,0,0,27,0,24,0,111,0,24,0,2,0,0,0,0,0,3,0,0,0,10,0,118,0,51,0,0,0,156,4,2,0,22,42,0,0,0,1,1,0,26,0,2,0,0,0,0,0,0,0,0,0,0,0,39,0,13,0,0,0,0,0,10,0,97,0,6,0,0,0,21,0,0,0,8,0,232,12,11,0,16,0,53,0,210,7,115,0,122,0,0,0,5,0,66,0,52,0,45,1,274,0,0,0,0
157,28,55,0,36,111,21,73,8,2,36,6,0,2,32,404,21,103,0,168,12,106,136,375,7,123,0,46,2,121,2,45,3,136,0,4,5,141,5,180,0,9,0,0,0,13,0,5,0,0,0,0,0,0,0,77,0,0,0,0,0,5,0,1,0,0,0,0,0,0,1,0,0,3,0,0,0,0,0,0,0,0,0,0,0,66,0,0,0,0,0,0,0,0,0,0,0,88,0,39,0,19,0,0,0,0,0,0,0,0,0,0,0,0,0,0,0,0,0,0,0,0,0,0,0,0,0,5,0,0,0,17,0,0,0,128,0,61,0,0,0,7,0,29,5,0,0,0,10,8,0,6,0,0,0,1,0,0,0,0,0,4,0,0,0,0,3,25,0,12,0,0,0,70,2,0,14,28,0,0,0,0,0,0,0,2,0,0,0,0,0,0,0,0,0,0,0,0,0,12,0,43,0,0,0,0,0,0,0,22,0,3,0,0,0,18,0,0,0,1,0,185,0,12,0,2,0,40,0,126,5,41,0,158,0,10,0,4,0,17,0,2,0,1,0,98,0,0,0
49,44,167,36,0,172,31,0,7,0,57,131,137,79,124,272,6,7,116,77,115,36,75,48,0,0,119,35,0,0,55,9,108,8,74,2,122,20,7,0,98,0,12,0,23,0,37,0,7,0,88,0,1,0,3,0,0,0,0,0,1,0,2,0,8,0,0,0,0,0,0,0,0,0,0,0,0,0,0,0,0,0,0,0,0,0,0,0,0,0,0,0,0,0,0,0,0,0,0,0,0,0,0,0,0,0,0,0,0,0,0,0,0,0,0,1,0,0,1,0,0,0,0,0,0,0,7,0,0,0,0,0,0,0,13,0,0,0,0,0,0,0,0,0,0,0,12,0,20,0,71,0,33,0,2,0,1,0,0,0,0,0,0,0,51,0,192,0,99,0,4,0,72,0,0,0,99,69,6,6,49,0,15,0,32,0,0,0,0,0,0,0,0,0,0,0,0,0,10,0,0,0,0,0,0,0,0,0,11,0,0,0,0,0,0,1,0,0,3,0,224,0,14,0,115,0,139,14,222,0,126,0,0,0,0,0,16,0,27,0,19,0,13,0,246,0,0,0,0
7,198,29,111,172,0,1,66,0,9,81,89,130,55,272,156,0,0,80,181,62,204,47,56,0,0,12,164,0,8,0,97,5,105,5,56,0,147,0,0,0,44,0,9,0,9,0,49,0,2,5,32,0,4,0,15,0,0,0,0,0,0,0,0,0,20,0,0,0,0,0,0,0,0,0,0,0,0,0,0,0,0,0,0,0,0,0,0,0,0,0,0,0,0,0,0,0,0,0,0,0,0,0,0,0,0,0,0,0,0,0,0,0,0,0,0,0,0,0,5,0,0,0,2,0,1,0,7,0,0,0,0,0,0,0,41,0,24,0,0,0,0,0,0,0,0,0,0,0,37,0,65,0,0,0,2,0,0,0,0,0,3,0,2,0,24,0,74,0,32,0,0,0,67,0,0,20,185,6,9,1,43,0,0,0,22,2,4,0,0,0,0,0,0,0,0,0,4,0,18,0,31,0,0,0,0,0,6,0,16,0,0,0,0,0,8,0,0,0,14,0,132,0,0,12,82,0,49,0,188,0,58,0,79,0,11,1,0,0,10,0,5,0,0,0,67,0,0,0
12,187,49,21,31,1,0,90,32,179,17,0,12,0,0,0,6,45,0,0,0,0,16,11,135,92,0,0,85,0,0,0,0,0,0,0,5,5,193,0,4,0,0,0,0,0,0,0,0,0,0,0,43,3,68,13,9,0,1,4,157,0,211,16,10,0,8,7,0,0,0,0,0,0,0,0,0,0,0,0,0,0,0,0,0,0,0,0,0,0,0,0,0,0,0,0,2,0,0,0,0,0,0,0,0,0,0,0,0,0,0,0,0,0,0,2,0,0,0,0,0,0,0,0,16,0,26,0,11,0,16,0,9,0,34,0,20,0,0,0,0,0,0,0,0,0,14,0,6,0,31,2,4,1,3,0,3,0,0,0,6,0,0,0,6,0,0,0,28,0,73,4,136,1,0,0,10,21,0,0,3,0,0,9,2,2,0,0,0,0,0,0,0,0,0,0,0,0,0,0,0,0,0,0,0,0,0,0,29,0,0,0,0,0,136,0,0,0,0,0,179,0,7,0,18,0,92,5,129,0,31,0,208,3,23,2,4,0,179,0,51,0,47,0,416,5,0,0,0
112,33,12,73,0,66,90,0,224,5,0,17,2,8,4,60,36,30,0,57,0,25,19,27,121,191,0,42,0,95,0,4,0,24,0,0,0,170,13,204,0,12,0,0,0,0,0,11,0,0,0,0,12,17,18,109,1,12,0,18,0,206,30,130,0,22,0,3,0,0,0,0,0,1,0,0,0,0,0,0,0,0,0,0,0,9,0,0,0,0,0,0,0,0,0,0,0,0,0,0,0,0,0,1,0,7,0,0,0,0,0,0,0,0,0,0,0,0,0,0,0,0,0,2,0,16,0,26,0,0,5,28,0,0,0,74,0,71,1,0,0,4,0,8,0,5,0,15,0,34,0,11,0,2,0,1,0,2,0,0,0,6,0,1,0,7,0,0,0,12,0,17,4,81,0,0,5,15,0,0,0,0,0,9,0,0,0,0,0,0,0,0,0,0,0,0,0,0,0,16,0,40,0,0,0,0,0,8,0,51,0,17,0,0,1,59,0,0,0,8,4,288,0,34,2,14,2,26,0,150,0,37,0,401,0,19,0,3,3,97,0,10,0,0,0,325,0,0,0
30,84,6,8,7,0,32,224,0,741,15,0,17,2,7,0,3,33,11,0,0,1,0,0,36,249,11,0,0,0,0,0,0,0,3,0,0,0,24,0,13,0,0,0,0,0,0,0,4,0,0,0,29,15,34,129,7,0,144,16,205,10,191,76,129,0,46,36,0,0,0,0,0,0,0,0,0,0,0,0,0,0,0,0,0,0,0,0,0,0,1,0,0,0,0,0,0,0,0,0,0,0,0,0,4,0,0,0,0,0,1,0,0,0,0,0,0,0,0,0,1,0,0,0,28,0,43,0,1,0,19,0,8,0,5,0,3,0,0,0,0,0,0,2,1,0,59,0,57,0,85,0,11,0,0,0,2,0,1,0,3,0,0,0,0,0,0,0,21,0,90,0,97,2,7,0,262,56,0,0,16,1,4,36,41,7,0,0,0,0,0,0,0,0,0,0,2,0,3,0,0,0,0,0,0,0,0,0,9,0,4,0,0,0,84,0,0,0,0,0,87,7,11,0,36,0,143,5,169,0,13,0,0,0,0,1,0,0,129,0,58,0,27,0,270,0,0,0,0
28,45,0,2,0,9,179,5,741,0,1,9,0,0,0,0,16,1,1,0,0,0,0,1,242,24,0,10,0,0,0,1,0,0,0,0,0,0,4,23,0,4,0,0,0,0,0,0,0,0,0,0,95,33,146,40,16,2,20,75,0,134,98,152,0,193,32,82,0,0,0,0,0,0,0,0,0,0,0,0,0,1,0,0,0,0,0,0,0,0,2,0,0,0,0,0,0,0,0,0,0,0,0,0,0,7,0,0,0,0,0,0,0,0,0,0,0,0,0,0,0,0,0,0,0,9,0,32,0,0,0,23,0,0,0,40,0,40,0,0,0,0,0,0,0,0,0,38,0,124,0,67,0,44,0,0,0,3,0,0,2,4,0,0,0,7,0,0,0,11,0,30,0,38,3,0,59,252,0,0,0,0,2,60,5,22,0,0,0,0,0,0,0,0,0,0,0,2,0,0,0,16,0,0,0,0,0,10,0,70,0,0,0,0,0,44,0,1,0,1,0,141,0,24,0,8,3,47,0,171,0,17,0,152,0,7,0,0,1,86,0,10,2,6,3,188,0,0,0
131,20,54,36,57,81,17,0,15,1,0,64,162,6,30,218,2,0,32,17,57,18,13,52,0,0,27,0,0,0,46,6,73,7,10,0,66,0,3,0,99,1,0,0,19,0,16,1,2,0,11,0,0,0,0,0,0,0,1,0,0,0,0,0,6,0,0,0,0,0,0,0,1,0,0,0,0,0,0,0,0,0,0,0,0,0,0,0,0,0,0,0,0,0,0,0,0,0,0,0,0,0,0,0,0,0,0,0,0,0,0,0,0,0,0,0,0,0,2,0,0,0,0,0,0,0,0,0,0,0,1,0,0,0,0,0,0,0,0,0,0,0,0,0,0,0,2,0,3,0,31,0,19,0,0,0,0,0,0,0,0,0,0,0,10,0,42,0,0,0,0,0,21,0,15,0,120,39,41,1,73,0,16,0,15,0,50,0,0,0,0,0,0,0,0,0,0,0,0,0,0,0,0,0,0,0,0,0,1,0,2,0,0,0,6,0,0,0,6,0,105,15,10,0,25,0,69,3,93,0,80,0,42,0,9,0,11,0,21,0,19,0,16,0,164,0,0,0,0
18,237,32,6,131,89,0,17,0,9,64,0,37,291,187,21,0,13,48,81,35,65,49,31,0,0,0,225,0,16,10,38,0,127,2,14,0,99,0,22,0,272,0,11,0,22,0,109,0,20,0,12,0,0,0,12,0,0,0,0,0,0,0,0,0,12,0,0,0,0,0,0,0,0,0,0,0,0,0,0,0,0,0,0,0,0,0,0,0,0,0,0,0,0,0,4,0,0,0,0,0,0,0,0,0,0,0,2,0,0,0,0,0,0,0,0,0,0,0,8,0,0,0,0,0,0,0,0,0,0,0,0,0,0,0,4,0,4,0,0,0,0,0,0,0,0,0,0,0,23,0,81,0,55,0,0,0,0,0,0,0,0,0,0,0,6,0,25,0,8,0,4,0,40,0,28,12,227,0,11,0,164,0,16,0,58,2,7,0,0,0,0,0,0,0,5,0,0,0,0,0,0,0,0,0,0,0,0,0,6,0,0,0,0,0,11,0,0,0,0,4,142,0,8,6,22,3,54,0,128,0,47,0,79,0,5,0,5,0,8,0,0,0,9,0,73,0,0,0
157,0,50,0,137,130,12,2,17,0,162,37,0,516,15,59,0,0,62,282,43,74,31,0,0,0,73,302,0,0,12,14,16,3,54,7,57,19,0,0,227,70,91,9,34,18,36,23,11,0,198,26,0,0,4,0,0,0,0,0,0,0,0,0,12,0,0,0,0,0,0,0,0,0,0,0,0,0,0,0,0,0,0,0,0,0,0,0,0,0,0,0,0,0,0,0,0,0,0,0,5,0,0,0,0,0,0,0,0,0,0,0,0,0,0,0,0,0,4,0,0,0,0,0,0,0,2,0,3,0,0,0,0,0,15,0,0,0,0,0,2,0,0,0,0,0,0,0,14,0,57,0,44,0,0,0,0,0,0,0,0,0,0,0,68,0,9,0,47,0,0,0,4,0,24,0,156,21,77,0,76,0,53,0,41,0,32,0,0,0,4,0,0,0,4,0,4,0,0,0,0,0,0,0,0,0,0,0,0,0,1,0,0,0,0,0,0,0,50,7,25,7,16,0,179,0,58,3,17,13,28,0,0,0,0,1,15,1,0,0,2,0,0,0,39,0,0,0,0
0,76,0,2,79,55,0,8,2,0,6,291,516,0,26,3,0,0,196,43,103,82,0,0,0,0,220,45,0,0,0,28,0,4,0,77,0,134,0,0,173,271,0,107,0,25,28,94,0,18,24,123,0,1,0,0,0,0,0,0,0,0,0,0,0,0,0,0,0,0,0,0,0,0,0,1,0,0,1,0,0,0,0,0,0,0,0,0,0,0,0,0,0,0,0,0,0,0,0,0,0,0,0,0,0,0,0,0,0,0,0,0,0,0,0,0,0,0,0,0,0,0,0,0,0,0,0,0,0,0,0,3,0,0,0,0,0,0,0,0,0,0,0,0,0,0,0,0,0,8,0,25,0,16,0,0,0,0,0,0,0,0,0,1,6,42,0,16,0,37,0,0,0,8,0,0,3,319,0,26,0,90,0,3,1,13,18,23,0,0,0,0,0,0,1,0,0,8,0,0,0,0,0,0,0,0,0,0,0,0,0,0,0,0,0,0,0,0,11,118,0,14,0,20,32,268,0,35,3,86,0,0,0,0,0,1,0,0,1,6,0,0,0,0,0,0,0,0,0
23,16,184,32,124,272,0,4,7,0,30,187,15,26,0,392,40,0,173,69,280,32,167,39,33,1,121,5,5,0,219,13,159,19,104,0,123,18,1,0,2,1,14,0,25,3,3,0,0,0,22,0,0,0,0,0,0,0,0,0,1,0,7,0,7,0,0,0,0,0,2,0,0,0,0,0,0,0,0,0,0,0,0,0,10,0,0,0,0,0,17,0,0,0,0,0,0,0,0,0,0,0,0,0,0,0,19,0,0,0,0,0,0,0,0,0,0,0,1,0,0,0,0,0,0,0,0,0,0,0,4,0,0,0,53,0,5,0,0,0,0,0,33,0,1,0,11,0,20,0,66,0,23,0,0,0,0,0,0,0,0,0,0,0,24,0,88,0,46,0,0,0,0,2,0,0,28,33,10,0,10,0,1,0,15,0,0,0,0,0,1,0,0,0,0,0,0,0,0,0,0,0,0,0,0,0,0,0,50,0,0,0,0,0,3,0,0,0,1,0,71,20,0,0,44,0,29,5,59,17,33,0,14,0,0,0,10,0,6,0,2,3,0,0,57,8,0,0,0
56,48,74,404,272,156,0,60,0,0,218,21,59,3,392,0,8,12,32,260,110,322,156,43,0,97,0,92,0,4,18,81,10,54,0,8,6,78,0,10,2,0,0,19,0,27,0,0,0,0,1,16,0,0,0,14,0,5,0,0,0,0,0,7,0,2,0,0,0,2,0,0,0,0,0,0,0,0,0,5,0,49,0,0,0,171,0,33,0,0,0,0,0,0,0,18,0,112,0,114,0,59,0,0,0,7,0,38,0,0,0,0,0,0,0,0,0,0,0,0,0,0,0,5,0,0,0,0,0,0,3,1,0,0,0,128,0,57,0,6,0,16,0,72,0,5,0,0,4,6,0,25,0,0,0,4,0,0,0,0,0,0,0,1,0,0,0,15,0,16,0,3,0,10,0,0,9,52,9,18,0,0,0,0,0,3,0,0,0,0,0,0,0,1,0,0,0,1,0,11,0,58,0,0,0,2,0,0,2,0,0,0,0,0,0,0,0,0,0,0,9,55,0,0,4,12,0,61,0,77,0,22,0,31,0,1,0,1,0,19,0,3,0,1,7,52,0,0,0
37,131,157,21,6,0,6,36,3,16,2,0,0,0,40,8,0,44,73,0,315,0,87,22,146,29,75,0,271,2,160,0,166,0,25,0,44,3,225,2,0,0,0,0,58,0,0,0,1,0,19,0,152,0,12,0,14,0,0,0,18,0,459,0,0,0,0,0,0,0,22,0,0,0,20,0,0,0,0,0,215,0,0,0,138,0,92,0,41,0,195,0,0,0,82,0,219,0,370,0,52,0,0,0,0,0,101,0,0,0,0,0,0,0,0,0,0,0,0,0,115,0,54,0,0,0,0,0,56,0,3,0,0,0,20,0,51,0,82,0,55,0,201,0,9,0,0,0,1,0,0,0,0,0,16,0,1,0,6,0,5,0,0,0,0,0,16,0,9,0,0,0,49,0,0,0,1,3,3,0,0,0,9,0,0,0,0,0,0,0,0,0,0,0,0,0,0,0,0,0,18,0,0,0,0,0,0,0,8,0,0,0,0,0,14,0,0,0,4,0,74,5,0,0,13,0,99,0,44,3,0,0,0,4,0,0,0,0,16,0,0,0,0,0,58,3,0,0,0
118,34,59,103,7,0,45,30,33,1,0,13,0,0,0,12,44,0,0,0,1,80,80,68,32,74,0,0,1,170,0,28,1,59,0,2,0,48,8,221,0,0,0,0,0,0,0,0,0,0,0,6,1,43,5,9,0,21,0,0,0,22,3,328,0,0,0,0,0,0,0,1,0,1,0,3,0,0,0,0,0,62,0,0,0,133,0,31,0,0,0,19,0,0,0,0,0,33,0,86,0,28,0,0,0,0,0,0,0,0,0,0,0,0,0,0,0,0,0,0,0,30,0,15,0,0,0,0,0,30,0,10,0,16,0,38,0,115,0,82,0,140,0,263,0,12,0,0,0,0,0,2,0,0,0,52,0,0,0,43,0,0,0,0,0,0,0,2,0,0,0,0,2,6,0,0,4,9,0,14,0,0,0,32,0,0,0,0,0,0,0,0,0,0,0,0,0,0,0,0,0,0,0,0,0,0,0,0,1,0,0,0,0,0,0,0,0,0,0,0,2,40,0,1,0,2,0,74,0,17,0,1,3,12,0,0,0,0,0,6,0,0,0,1,0,12,0,0,0
29,0,102,0,116,80,0,0,11,1,32,48,62,196,173,32,73,0,0,134,164,47,382,0,47,0,112,88,13,0,5,11,0,2,133,3,70,19,0,0,12,19,61,4,41,12,17,0,0,0,160,0,20,0,4,0,0,0,0,0,1,0,29,0,3,0,0,0,0,0,0,0,0,0,0,0,0,0,0,0,0,0,0,0,0,0,0,0,0,0,84,0,0,0,20,0,83,0,0,0,0,0,0,0,0,0,0,0,0,0,0,0,0,0,0,0,0,0,0,0,0,0,0,0,0,0,0,0,0,0,4,0,0,0,68,0,0,0,0,0,0,0,0,0,8,0,0,0,19,0,51,0,0,0,0,0,3,0,0,0,0,0,0,0,40,1,11,0,17,2,0,0,5,0,3,0,11,6,6,0,39,0,5,0,38,0,4,0,0,0,0,0,0,0,0,1,0,0,0,0,32,0,0,0,0,0,0,0,40,0,0,0,0,0,3,0,0,0,11,1,20,6,0,0,113,12,34,3,18,7,8,0,2,0,0,0,2,0,3,0,0,0,0,0,20,0,0,0,0
0,137,0,168,77,181,0,57,0,0,17,81,282,43,69,260,0,0,134,0,59,274,0,49,0,30,49,184,0,0,0,176,0,19,4,107,3,207,0,0,33,8,4,45,0,39,3,43,1,1,9,77,0,12,0,3,0,0,0,0,0,0,0,19,0,24,0,0,0,0,0,0,0,0,0,0,0,0,0,0,0,0,0,0,0,89,0,34,0,0,0,0,0,0,0,0,0,85,0,88,0,0,0,6,0,0,0,0,0,0,0,0,0,0,0,0,0,0,0,0,0,15,0,9,0,0,0,13,0,0,0,0,0,0,0,115,0,33,0,0,0,10,0,31,0,5,0,0,0,37,0,87,0,0,0,0,0,0,0,0,0,0,0,0,4,24,0,17,4,10,0,5,0,0,0,11,3,42,4,5,0,76,0,0,0,46,4,1,0,0,0,0,0,0,0,3,0,8,0,0,0,84,0,0,0,0,0,19,0,0,0,0,0,0,0,0,0,24,0,29,0,36,1,4,13,99,3,21,4,68,0,0,0,18,0,0,0,0,0,9,0,0,0,2,1,37,0,0,0
7,11,29,12,115,62,0,0,0,0,57,35,43,103,280,110,315,1,164,59,0,27,129,17,22,0,106,37,84,4,43,0,21,6,58,1,42,8,0,0,0,3,83,3,42,0,0,0,0,0,74,0,17,0,0,0,0,0,0,0,2,0,66,0,0,0,0,0,0,0,99,0,0,0,53,0,0,0,0,0,162,0,0,0,54,0,89,0,44,0,83,0,0,0,0,0,72,0,380,0,52,0,0,0,0,0,0,0,0,0,0,0,0,0,0,0,0,0,0,0,102,0,0,0,0,1,0,0,0,0,0,0,0,0,0,0,0,0,25,0,37,0,30,0,45,0,0,0,0,0,0,0,0,0,0,0,0,0,0,0,0,0,0,0,33,0,46,0,66,0,0,0,15,0,0,0,10,2,33,0,0,0,0,0,3,0,2,0,0,0,0,0,0,0,0,0,0,0,0,0,0,0,0,0,0,0,0,0,0,0,1,0,0,0,0,0,0,0,14,0,54,0,11,0,116,4,83,7,59,0,46,0,0,0,4,0,0,0,0,0,0,0,5,0,83,0,0,0,0
5,37,0,106,36,204,0,25,1,0,18,65,74,82,32,322,0,80,47,274,27,0,13,250,0,66,7,146,0,32,4,52,0,18,3,24,0,36,0,12,0,2,2,29,0,64,0,8,0,0,2,65,0,14,0,10,0,8,0,0,0,9,0,112,0,0,0,0,0,0,0,0,0,0,0,31,0,0,0,23,0,176,0,0,0,167,0,115,0,0,0,0,0,0,0,43,0,79,0,161,0,96,0,0,0,0,0,0,0,0,0,0,0,0,0,0,0,0,0,0,0,60,0,43,0,0,0,0,0,9,0,0,0,0,0,0,0,73,0,46,0,131,0,256,0,67,0,0,0,0,0,17,0,0,0,11,0,3,0,18,0,0,0,0,0,16,0,19,0,20,0,0,0,17,0,0,0,9,0,31,0,7,0,0,0,0,1,11,0,0,0,0,0,0,0,0,0,0,0,0,0,28,0,0,0,0,0,0,0,0,0,0,0,0,0,6,0,0,0,35,0,36,0,0,0,83,0,77,0,82,0,37,0,40,0,4,0,11,0,10,0,3,0,0,0,43,0,0,0
58,316,90,136,75,47,16,19,0,0,13,49,31,0,167,156,87,80,382,0,129,13,0,133,72,9,170,0,47,13,34,0,62,22,24,0,23,18,114,25,2,0,0,0,46,1,0,0,2,0,9,0,21,0,55,0,27,0,0,0,0,2,38,0,1,0,0,0,0,0,0,0,0,0,0,0,0,0,0,0,0,0,0,0,26,0,4,0,0,0,70,0,0,0,0,0,98,0,48,0,0,0,0,0,0,0,46,0,0,0,0,0,0,0,0,0,0,0,0,0,9,0,4,0,0,0,1,0,35,0,2,0,0,0,154,0,39,0,0,0,0,0,138,0,0,0,0,0,21,0,56,0,16,0,6,0,2,0,0,0,0,0,0,0,0,0,29,0,19,0,3,0,59,2,0,0,13,34,6,0,13,0,1,0,5,0,0,0,0,0,0,0,1,0,0,0,0,0,49,0,30,0,0,0,2,0,0,0,98,0,0,0,0,0,14,0,0,0,2,0,81,19,7,0,6,0,131,9,67,14,52,2,40,8,0,0,0,0,30,0,28,0,13,2,102,9,0,0,0
82,38,43,375,48,56,11,27,0,1,52,31,0,0,39,43,22,68,0,49,17,250,133,0,7,100,0,17,0,23,0,60,4,31,0,6,0,28,0,9,0,0,0,16,0,0,0,0,0,0,0,7,0,3,0,12,0,0,0,0,0,0,0,29,0,0,0,0,0,0,0,5,0,0,0,6,0,0,0,0,0,36,0,0,0,84,0,46,0,0,0,0,0,0,0,14,0,0,1,80,0,0,0,1,0,0,0,0,0,0,0,0,0,0,0,0,0,0,0,0,0,13,0,0,0,0,0,0,0,0,0,0,0,6,0,32,0,31,0,17,0,28,0,61,0,0,0,0,0,0,0,0,0,0,0,13,0,0,0,0,0,1,0,0,0,1,0,2,0,2,0,2,0,3,0,1,7,15,0,22,0,0,0,0,0,0,0,0,0,0,0,0,0,0,0,0,0,0,0,0,0,0,0,0,0,0,0,0,0,0,0,0,0,0,0,0,0,0,0,0,3,22,0,0,0,0,0,100,4,17,4,8,1,18,0,0,0,0,0,4,0,2,0,2,0,20,0,0,0
11,184,36,7,0,0,135,121,36,242,0,0,0,0,33,0,146,32,47,0,22,0,72,7,0,98,0,0,83,0,3,0,5,0,4,0,7,0,107,2,0,0,0,0,9,0,1,0,3,0,0,0,57,1,43,12,16,0,1,2,84,0,212,25,0,0,0,0,0,0,0,0,0,0,0,0,0,0,0,0,16,0,0,0,30,0,0,0,0,0,41,0,0,0,0,0,87,0,0,0,0,1,0,0,0,0,29,0,0,0,0,0,0,0,0,0,0,0,0,0,0,0,7,0,0,0,3,0,96,0,2,0,6,0,100,0,52,0,29,0,22,0,162,0,0,0,0,0,0,0,12,0,0,0,40,0,3,0,13,0,4,0,0,0,0,0,0,0,11,0,27,0,81,0,0,0,1,6,0,0,1,0,2,0,0,0,0,0,0,0,0,0,0,0,0,0,0,0,19,0,25,0,1,0,0,0,0,0,32,0,7,0,0,0,101,1,0,0,2,0,118,3,11,0,16,0,99,0,102,0,21,2,171,4,18,0,2,0,104,0,47,0,11,0,275,0,0,0,0
64,6,8,123,0,0,92,191,249,24,0,0,0,0,1,97,29,74,0,30,0,66,9,100,98,0,0,0,0,49,0,9,0,6,0,0,0,28,7,40,0,0,0,0,0,0,0,0,0,0,0,4,13,11,22,111,0,50,2,0,0,102,27,229,2,0,9,0,0,0,0,0,0,0,0,0,0,0,0,0,0,5,0,0,0,137,0,0,0,0,0,0,0,0,0,0,0,95,0,67,1,0,0,0,0,0,0,0,0,0,0,0,0,0,0,0,0,0,0,1,0,1,0,0,0,0,0,0,0,6,8,5,0,0,0,161,0,123,5,37,0,45,1,104,0,2,0,0,0,0,0,0,0,0,0,35,0,4,0,8,8,0,0,0,0,3,0,0,0,6,0,9,0,41,0,0,0,1,0,0,0,0,1,7,0,0,0,0,0,0,0,0,0,0,0,0,0,0,0,0,0,0,0,0,0,0,0,0,0,0,0,0,0,0,0,27,0,0,0,5,0,118,0,11,0,12,0,69,4,123,0,10,0,125,0,8,0,0,0,54,0,8,0,0,0,105,0,0,0
24,0,58,0,119,12,0,0,11,0,27,0,73,220,121,0,75,0,112,49,106,7,170,0,0,0,0,267,30,0,11,2,7,0,43,1,39,1,0,0,21,192,275,4,164,29,16,81,6,0,248,26,37,0,0,0,0,0,0,0,5,0,52,0,4,0,0,0,0,0,33,0,0,0,24,0,0,0,0,0,0,0,0,0,0,0,0,0,30,0,112,0,0,0,0,0,102,0,132,0,0,0,0,0,0,0,0,0,0,0,0,0,0,0,0,0,0,0,0,0,0,0,0,0,0,0,0,0,0,0,0,0,0,0,0,0,14,0,0,0,0,0,59,0,24,0,0,0,0,0,21,0,0,0,0,0,2,0,0,0,0,0,0,0,61,0,0,0,28,0,0,0,6,0,0,0,0,11,5,0,25,0,0,0,19,0,6,0,0,0,0,0,0,0,0,0,0,0,0,0,26,0,0,0,0,0,0,0,19,0,0,0,0,0,0,0,0,0,181,6,5,0,22,0,179,0,11,0,0,0,10,0,0,0,4,0,5,0,0,0,0,0,0,0,10,0,0,0,0
3,230,0,46,35,164,0,42,0,10,0,225,302,45,5,92,0,0,88,184,37,146,0,17,0,0,267,0,0,0,0,29,0,5,0,82,0,49,0,5,254,23,15,158,10,150,54,110,0,0,7,132,0,5,0,0,0,0,0,0,0,0,0,20,0,34,0,0,0,0,0,0,0,0,0,0,0,0,0,0,0,36,0,0,0,40,0,38,0,0,0,0,0,5,0,24,0,0,0,0,0,0,0,0,0,0,0,0,0,0,0,0,0,0,0,0,0,0,0,0,0,0,0,9,0,0,0,0,0,0,0,0,0,0,0,62,0,36,0,0,0,0,0,0,0,9,0,6,0,41,0,88,0,27,0,0,0,5,0,0,0,5,0,0,7,38,0,5,3,29,0,0,0,0,1,0,0,39,0,7,0,68,0,0,0,43,21,1,0,0,0,0,0,0,0,0,0,0,0,0,0,44,0,0,0,0,0,0,0,20,0,0,0,0,0,0,0,0,20,383,0,0,0,73,13,122,0,21,0,45,0,9,0,0,0,0,0,2,0,0,0,0,0,2,0,16,0,0,0
34,0,49,2,0,0,85,0,0,0,0,0,0,0,5,0,271,1,13,0,84,0,47,0,83,0,30,0,0,0,44,0,8,0,14,0,30,0,61,0,0,0,35,0,16,0,0,0,0,0,33,0,6,0,4,0,0,0,0,0,16,0,18,1,0,0,0,0,0,0,55,0,2,0,47,0,0,0,0,0,69,0,0,0,0,0,47,0,0,0,16,0,0,0,0,0,0,0,86,0,11,0,0,0,0,0,0,0,0,0,0,0,0,0,0,0,0,0,0,0,54,0,34,0,0,0,0,0,15,0,0,0,0,0,0,0,6,0,140,0,81,0,31,0,52,0,0,0,0,0,0,0,0,0,8,0,2,0,4,0,0,0,0,0,0,0,0,0,0,0,0,0,0,0,0,0,3,0,0,0,3,0,6,0,1,0,0,0,0,0,0,0,0,0,0,0,0,0,0,0,0,0,0,0,0,0,0,0,0,0,0,0,0,0,0,0,0,0,0,0,0,0,0,0,0,0,3,0,0,0,0,0,0,0,0,0,0,0,0,0,0,0,0,0,0,0,0,0,0
0,62,0,121,0,8,0,95,0,0,0,16,0,0,0,4,2,170,0,0,4,32,13,23,0,49,0,0,0,0,0,17,0,23,0,5,0,16,0,3,0,0,0,2,0,0,0,0,0,0,0,8,0,8,0,5,0,1,0,0,0,4,0,46,0,1,0,0,0,0,0,9,0,0,0,4,0,0,0,0,0,37,0,1,0,41,0,26,0,0,0,0,0,0,0,8,0,18,0,45,0,22,0,0,0,0,0,0,0,0,0,0,0,0,0,0,0,0,0,0,0,19,0,10,0,0,0,0,0,19,0,0,0,0,0,14,0,42,0,76,0,121,0,120,0,42,0,0,0,0,0,0,0,0,0,6,0,0,0,10,1,1,0,0,0,0,0,0,0,0,0,0,0,0,0,0,0,8,0,5,0,0,0,0,0,0,0,0,0,0,0,0,0,0,0,0,0,0,0,0,0,0,0,0,0,0,0,0,0,0,0,0,0,0,0,0,0,0,0,0,0,1,0,0,0,0,0,5,0,4,0,0,0,0,0,0,0,0,0,1,0,0,0,0,1,0,0,0,0
17,0,46,2,55,0,0,0,0,0,46,10,12,0,219,18,160,0,5,0,43,4,34,0,3,0,11,0,44,0,0,0,10,0,6,0,13,0,4,0,0,0,25,0,1,0,0,0,0,0,20,0,3,0,0,0,0,0,0,0,0,0,0,0,0,0,0,0,0,0,31,0,0,0,23,0,0,0,0,0,0,0,0,0,0,0,28,0,0,0,21,0,0,0,0,0,11,0,99,0,7,0,0,0,0,0,10,0,0,0,0,0,0,0,0,0,0,0,0,0,22,0,0,0,0,0,0,0,0,0,0,0,0,0,0,0,0,0,11,0,16,0,0,0,23,0,0,0,0,0,0,0,0,0,0,0,0,0,0,0,0,0,0,0,0,0,62,0,0,0,0,0,6,0,0,0,12,0,21,0,0,0,4,0,0,0,0,0,0,0,0,0,0,0,0,0,0,0,0,0,0,0,0,0,0,0,0,0,0,0,0,0,0,0,1,0,0,0,0,0,30,0,0,0,0,0,25,0,37,0,6,0,0,0,0,0,0,0,4,0,1,0,0,0,19,0,0,0,0
0,28,0,45,9,97,0,4,0,1,6,38,14,28,13,81,0,28,11,176,0,52,0,60,0,9,2,29,0,17,0,0,0,0,0,5,0,5,0,1,2,0,0,13,0,11,0,0,0,0,0,14,0,4,0,0,0,0,0,0,0,4,0,37,0,0,0,0,0,0,0,7,0,0,0,0,0,0,0,0,0,55,0,0,0,36,0,37,0,0,0,8,0,0,0,0,0,0,0,33,0,0,0,0,0,0,0,0,0,0,0,0,0,0,0,0,0,0,0,0,0,34,0,16,0,0,0,0,0,0,0,0,0,4,0,14,0,0,0,9,0,49,0,120,0,18,0,0,0,2,0,10,0,0,0,0,0,0,0,3,0,0,0,1,0,0,0,10,0,0,0,1,0,8,0,1,0,6,0,17,0,0,0,0,0,0,0,3,0,0,0,0,0,0,0,0,0,0,0,0,0,0,0,0,0,0,0,0,0,0,0,0,0,0,0,0,0,0,0,14,0,34,0,0,0,31,0,48,2,32,0,0,0,25,0,4,0,0,0,4,0,2,0,0,0,24,0,0,0
142,0,172,3,108,5,0,0,0,0,73,0,16,0,159,10,166,1,0,0,21,0,62,4,5,0,7,0,8,0,10,0,0,0,3,0,33,0,0,0,0,0,7,0,2,0,0,0,0,0,2,0,9,0,0,0,0,0,0,0,1,0,3,0,0,0,0,0,0,0,13,0,1,0,8,0,0,0,0,0,22,0,0,0,0,0,10,0,0,0,10,0,0,0,20,0,0,0,50,0,8,0,0,0,0,0,0,0,0,0,0,0,0,0,0,0,0,0,0,0,16,0,0,0,0,0,0,0,0,0,0,0,0,0,0,0,0,0,10,0,6,0,10,0,0,0,0,0,0,0,0,0,0,0,0,0,0,0,0,0,0,0,0,0,0,0,64,0,15,0,0,0,10,0,2,0,14,0,21,0,6,0,16,0,0,0,0,0,0,0,0,0,0,0,0,0,0,0,0,0,0,0,0,0,0,0,0,0,0,0,0,0,0,0,0,0,0,0,0,0,33,0,2,0,8,0,31,0,50,0,10,0,7,0,0,0,0,0,0,0,0,0,2,0,16,0,0,0,0
4,124,7,136,8,105,0,24,0,0,7,127,3,4,19,54,0,59,2,19,6,18,22,31,0,6,0,5,0,23,0,0,0,0,0,7,0,61,0,2,0,0,0,7,0,14,0,0,0,0,0,3,0,2,0,5,0,0,0,0,0,0,0,26,0,4,0,0,0,0,0,10,0,0,0,8,0,3,0,0,0,28,0,0,0,26,0,29,0,0,0,0,0,0,0,0,0,0,0,22,0,0,0,0,0,0,0,0,0,0,0,0,0,0,0,0,0,0,0,0,0,23,0,18,0,0,0,0,0,4,0,2,0,0,0,10,0,0,0,18,0,53,0,100,0,48,0,0,0,2,0,8,0,0,0,0,0,3,0,3,0,0,0,0,0,0,0,1,0,3,0,2,0,3,0,0,0,57,0,62,0,10,0,1,0,0,0,1,0,0,0,0,0,0,0,0,0,0,0,0,0,0,0,0,0,0,0,0,0,0,0,0,0,0,0,0,0,2,0,0,0,25,0,0,1,1,0,74,0,24,0,9,0,10,0,0,0,3,0,0,0,1,0,0,0,20,0,0,0
0,0,0,0,74,5,0,0,3,0,10,2,54,0,104,0,25,0,133,4,58,3,24,0,4,0,43,0,14,0,6,0,3,0,0,0,17,0,0,0,0,0,4,0,4,1,0,0,0,0,10,0,0,0,0,0,0,0,0,0,0,0,2,0,0,0,0,0,0,0,0,0,0,0,0,0,0,0,0,0,16,0,0,0,0,0,0,0,0,0,10,0,0,0,0,0,0,0,0,0,0,0,0,0,0,0,0,0,0,0,0,0,0,0,0,0,0,0,0,0,12,0,0,0,0,0,0,0,0,0,0,0,0,0,0,0,0,0,5,0,0,0,0,0,0,0,0,0,0,0,0,0,0,0,2,0,0,0,0,0,0,0,0,0,23,0,9,0,0,0,0,0,2,0,0,0,9,0,23,0,0,0,0,0,0,0,2,0,0,0,0,0,0,0,0,0,0,0,0,0,0,0,0,0,0,0,0,0,0,0,0,0,0,0,0,0,0,0,8,0,9,0,0,0,39,0,21,0,12,0,2,0,0,0,0,0,0,0,0,0,0,0,0,0,0,0,0,0,0
0,0,0,4,2,56,0,0,0,0,0,14,7,77,0,8,0,2,3,107,1,24,0,6,0,0,1,82,0,5,0,5,0,7,0,0,0,16,0,1,0,0,0,3,0,14,0,0,0,2,0,6,0,0,0,0,0,0,0,0,0,4,0,0,0,0,0,0,0,0,0,0,0,0,0,8,0,0,0,1,0,0,0,2,0,0,0,0,0,0,0,0,0,0,0,0,0,0,0,0,0,0,0,0,0,0,0,0,0,0,0,0,0,0,0,0,0,0,0,0,0,0,0,0,0,0,0,0,0,0,0,0,0,0,0,0,0,0,0,3,0,14,0,23,0,8,0,0,0,0,0,0,0,0,0,0,0,1,0,0,0,0,0,0,0,12,0,3,0,8,0,1,0,0,0,0,0,4,0,6,0,0,0,0,0,0,0,13,0,0,0,0,0,0,0,0,0,0,0,0,0,0,0,0,0,0,0,0,0,0,0,0,0,0,0,0,0,0,0,20,0,9,0,8,0,30,0,16,0,15,0,0,0,5,0,0,0,1,0,2,0,0,0,0,0,5,0,0,0
73,7,58,5,122,0,5,0,0,0,66,0,57,0,123,6,44,0,70,3,42,0,23,0,7,0,39,0,30,0,13,0,33,0,17,0,0,0,3,0,1,0,53,0,22,0,1,0,2,0,82,0,3,0,2,0,7,0,0,0,8,0,15,0,0,0,0,0,0,0,71,0,0,0,63,0,0,0,0,0,33,0,0,0,0,0,36,0,0,0,11,0,0,0,0,0,0,0,73,0,10,0,0,0,0,0,0,0,0,0,0,0,0,0,0,0,0,0,0,0,42,0,0,0,0,0,0,0,12,0,4,0,2,0,0,0,0,0,106,0,63,0,0,0,158,0,0,0,0,0,0,0,14,0,11,0,20,0,1,0,0,0,9,0,34,0,72,0,50,0,17,0,31,0,6,0,15,0,44,0,0,0,10,0,7,0,0,0,0,0,0,0,0,0,0,0,0,0,0,0,5,0,0,0,0,0,0,0,0,0,0,0,0,0,0,0,0,0,2,0,38,3,3,0,40,0,50,0,63,0,0,0,0,0,4,0,0,0,0,0,4,0,0,0,9,0,0,0,0
16,256,0,141,20,147,5,170,0,0,0,99,19,134,18,78,3,48,19,207,8,36,18,28,0,28,1,49,0,16,0,5,0,61,0,16,0,0,0,16,0,2,0,34,0,36,0,4,0,0,0,46,0,4,0,0,0,0,0,0,0,30,0,24,0,0,0,0,0,0,0,17,0,0,0,26,0,0,0,18,0,54,0,0,0,12,0,26,0,0,0,0,0,0,0,0,0,0,0,25,0,0,0,0,0,0,0,0,0,0,0,0,0,0,0,0,0,0,0,0,0,35,0,31,0,0,0,0,0,0,0,0,0,0,0,0,0,0,0,17,0,104,0,113,0,112,0,0,0,0,0,0,0,0,0,0,0,19,0,14,0,13,0,2,0,13,1,21,0,19,0,12,0,23,0,0,0,91,0,33,0,13,0,24,0,0,0,21,0,0,0,0,0,0,0,0,0,0,0,0,0,0,0,0,0,0,0,0,0,0,0,0,0,0,0,0,0,0,0,11,0,72,0,6,0,54,1,131,2,64,0,17,1,24,0,0,0,0,0,0,0,0,0,0,0,16,0,0,0
271,20,195,5,7,0,193,13,24,4,3,0,0,0,1,0,225,8,0,0,0,0,114,0,107,7,0,0,61,0,4,0,0,0,0,0,3,0,0,0,0,0,3,0,0,0,0,0,0,0,2,0,0,0,0,0,0,0,1,0,3,0,12,0,0,0,0,0,0,0,0,0,0,0,0,0,0,0,0,0,0,0,0,0,0,0,0,0,0,0,0,0,0,0,0,0,0,0,0,0,0,0,0,0,0,0,0,0,0,0,0,0,0,0,0,0,0,0,0,0,0,0,0,0,0,0,0,0,2,0,0,0,0,0,0,1,0,0,15,0,7,0,0,0,13,0,0,0,1,0,0,0,10,0,3,0,6,0,0,0,0,0,1,0,0,0,0,0,0,0,0,0,7,0,0,0,50,3,1,0,19,0,54,1,10,0,0,0,0,0,0,0,0,0,0,0,0,0,1,0,0,0,0,0,0,0,0,0,0,0,0,0,0,0,1,0,0,0,0,0,9,0,0,0,1,0,69,0,3,0,0,0,3,0,0,0,0,0,0,0,0,0,0,0,0,0,0,0,0
7,252,0,180,0,0,0,204,0,23,0,22,0,0,0,10,2,221,0,0,0,12,25,9,2,40,0,5,0,3,0,1,0,2,0,1,0,16,0,0,0,0,0,0,0,0,0,0,0,0,0,1,0,2,0,0,0,0,0,0,0,0,0,18,0,0,0,0,0,0,1,0,0,0,0,0,0,0,0,0,0,0,0,0,0,7,0,0,0,0,0,0,0,0,0,0,0,0,0,14,0,0,0,0,0,0,0,0,0,0,0,0,0,0,0,0,0,0,0,0,0,0,0,0,0,0,0,1,0,0,0,0,0,0,0,4,0,10,0,13,0,13,0,11,0,25,0,0,0,0,0,0,0,0,0,2,0,11,0,0,0,0,0,0,0,0,0,0,0,0,0,0,0,0,0,0,0,53,0,19,1,0,0,21,0,0,0,0,0,0,0,0,0,0,0,0,0,0,0,0,0,0,0,0,0,0,0,0,0,0,0,0,0,0,0,2,0,0,0,0,0,21,0,0,0,0,0,18,0,0,0,0,0,0,0,0,0,0,0,0,0,0,0,0,0,1,0,0,0
46,0,20,0,98,0,4,0,13,0,99,0,227,173,2,2,0,0,12,33,0,0,2,0,0,0,21,254,0,0,0,2,0,0,0,0,1,0,0,0,0,238,56,5,37,22,13,188,41,3,19,9,0,0,0,0,0,0,0,0,0,0,0,0,7,0,0,0,1,0,0,0,0,0,0,0,0,0,1,0,2,0,3,0,0,0,2,0,0,0,0,0,0,0,5,0,0,0,0,0,0,0,1,0,0,0,0,0,0,0,0,0,0,0,0,0,0,0,0,0,0,0,0,0,0,0,2,0,0,0,1,0,0,0,0,0,1,0,0,0,0,0,0,0,0,0,0,0,6,0,22,0,0,0,0,0,0,0,0,0,0,0,0,0,34,0,0,0,0,0,0,0,0,0,6,0,23,36,38,0,24,0,14,0,14,0,37,0,0,0,0,0,0,0,0,0,0,0,1,0,0,0,0,0,0,0,0,0,0,0,0,0,0,0,0,0,0,0,237,46,0,0,67,25,23,0,0,0,0,0,0,0,0,0,0,0,0,0,0,0,0,0,0,0,1,0,0,0,0
0,94,0,9,0,44,0,12,0,4,1,272,70,271,1,0,0,0,19,8,3,2,0,0,0,0,192,23,0,0,0,0,0,0,0,0,0,2,0,0,238,0,15,36,50,21,85,64,5,105,2,7,0,0,0,0,0,0,0,0,0,0,0,0,0,5,0,0,0,0,0,0,0,0,0,0,0,0,0,0,0,0,0,0,0,0,0,0,0,0,0,0,0,0,0,0,0,0,0,0,0,0,0,0,0,0,0,0,0,0,0,0,0,0,0,0,0,0,0,0,0,0,0,0,0,0,0,0,0,0,0,0,0,0,0,0,0,0,0,0,0,0,0,0,0,0,0,0,0,0,0,0,0,0,0,0,0,0,0,0,0,0,0,0,1,11,0,0,0,0,0,0,0,0,0,0,0,121,0,7,0,18,0,0,0,4,24,3,0,0,0,0,0,0,0,0,0,0,0,0,0,0,0,0,0,0,0,0,0,0,0,0,0,0,0,0,0,1,109,108,0,0,14,137,4,11,0,0,0,0,0,0,0,0,0,0,0,0,0,0,0,0,0,0,0,0,0,0,0
7,0,0,0,12,0,0,0,0,0,0,0,91,0,14,0,0,0,61,4,83,2,0,0,0,0,275,15,35,0,25,0,7,0,4,0,53,0,3,0,56,15,0,0,113,3,41,14,0,0,78,2,5,0,2,0,3,0,4,0,5,0,4,0,0,0,0,0,0,0,41,0,2,0,16,0,0,0,0,0,0,0,0,0,0,0,17,0,0,0,0,0,0,0,0,0,0,0,57,0,0,0,0,0,0,0,0,0,0,0,0,0,0,0,0,0,0,0,0,0,22,0,0,0,0,0,0,0,0,0,0,0,0,0,0,0,0,0,0,0,0,0,0,0,29,0,0,0,0,0,0,0,0,0,0,0,0,0,1,0,0,0,1,0,49,0,26,0,0,0,6,0,12,0,2,0,2,0,5,0,0,0,0,0,8,0,16,0,0,0,0,0,0,0,0,0,0,0,0,0,0,0,0,0,0,0,0,0,0,0,0,0,0,0,3,0,0,0,115,0,27,0,30,0,69,0,11,0,36,0,3,0,0,0,0,0,2,0,2,0,0,0,0,0,6,0,0,0,0
0,0,0,0,0,9,0,0,0,0,0,11,9,107,0,19,0,0,4,45,3,29,0,16,0,0,4,158,0,2,0,13,0,7,0,3,0,34,0,0,5,36,0,0,0,29,1,18,0,3,0,16,0,0,0,0,0,0,0,2,0,0,0,21,0,0,0,0,0,0,0,14,0,3,0,12,0,0,0,8,0,34,0,0,0,9,0,35,0,0,0,0,0,0,0,0,0,0,0,0,0,0,0,0,0,0,0,0,0,0,0,0,0,0,0,0,0,0,0,0,0,18,0,12,0,0,0,0,0,2,0,0,0,0,0,0,0,0,0,3,0,32,0,48,0,23,0,0,0,0,0,0,0,0,0,0,0,1,0,0,0,10,0,0,0,11,0,2,0,10,0,2,0,4,0,0,0,0,0,0,0,0,0,0,0,0,0,55,0,0,0,0,0,0,0,3,0,0,0,0,0,0,0,0,0,0,0,0,0,0,0,0,0,0,0,0,0,0,1,76,0,8,0,15,0,48,0,18,0,11,0,6,0,7,0,0,0,0,0,1,0,0,0,3,0,8,0,0,0
9,0,19,0,23,0,0,0,0,0,19,0,34,0,25,0,58,0,41,0,42,0,46,0,9,0,164,10,16,0,1,0,2,0,4,0,22,0,0,0,37,50,113,0,0,4,48,20,23,1,45,1,12,0,0,0,0,0,0,0,2,0,46,0,1,0,0,0,0,0,91,0,0,0,72,0,0,0,0,0,106,0,0,0,0,0,58,0,24,0,71,0,0,0,0,0,47,0,256,0,0,0,0,0,0,0,41,0,0,0,0,0,0,0,0,0,0,0,3,0,75,0,0,0,0,0,0,0,0,0,0,0,0,0,14,0,4,0,18,0,45,0,0,0,56,0,0,0,3,0,0,0,9,0,0,0,0,0,0,0,0,0,0,0,151,0,14,0,33,0,0,0,12,0,0,0,1,9,3,0,21,0,5,0,15,0,3,0,0,0,0,0,0,0,0,0,0,0,0,0,0,0,0,0,0,0,0,0,8,0,0,0,0,0,3,0,7,0,165,10,8,0,85,36,40,0,3,0,9,0,0,0,0,0,2,0,0,0,0,0,0,0,0,0,0,0,0,0,0
0,0,0,13,0,9,0,0,0,0,0,22,18,25,3,27,0,0,12,39,0,64,1,0,0,0,29,150,0,0,0,11,0,14,1,14,0,36,0,0,22,21,3,29,4,0,0,52,2,7,1,53,0,0,0,2,0,0,0,4,0,0,0,20,0,0,0,0,0,17,0,40,0,1,0,32,0,11,0,13,0,57,0,4,0,26,0,62,0,0,0,0,0,2,0,23,0,0,0,29,0,16,0,4,0,0,0,1,0,0,0,0,0,0,0,0,0,0,0,0,0,56,0,36,0,0,0,0,0,0,0,0,0,0,0,0,0,0,0,6,0,45,0,99,0,45,0,0,0,0,0,10,0,0,0,0,0,2,0,0,0,7,0,0,0,56,0,1,0,28,0,9,0,5,0,0,0,14,0,5,0,0,0,0,0,3,7,24,0,0,0,0,0,0,0,0,0,0,0,0,0,0,0,0,0,0,0,0,0,0,0,0,0,0,0,0,0,6,6,208,1,20,4,137,1,44,0,27,0,26,0,8,0,11,0,3,0,0,0,4,0,0,0,0,0,12,0,0,0
11,0,11,0,37,0,0,0,0,0,16,0,36,28,3,0,0,0,17,3,0,0,0,0,1,0,16,54,0,0,0,0,0,0,0,0,1,0,0,0,13,85,41,1,48,0,0,64,10,0,15,2,1,0,0,0,0,0,0,0,0,0,0,0,0,0,0,0,0,0,3,0,0,0,0,0,0,0,0,0,4,0,2,0,0,0,0,0,0,0,0,0,0,0,0,0,0,0,0,0,0,0,0,0,0,0,0,0,0,0,0,0,0,0,0,0,0,0,0,0,0,0,0,0,0,0,0,0,0,0,0,0,0,0,0,0,0,0,0,0,1,0,0,0,0,0,1,0,0,0,0,0,3,0,0,0,0,0,0,0,0,0,0,0,22,0,0,0,0,0,0,0,0,0,0,0,0,8,2,0,6,0,0,0,4,0,4,0,0,0,0,0,0,0,0,0,0,0,0,0,0,0,0,0,0,0,0,0,4,0,0,0,0,0,0,0,0,0,225,12,0,0,37,5,17,0,0,0,0,0,0,0,0,0,0,0,0,0,0,0,0,0,0,0,0,0,0,0,0
2,71,0,5,0,49,0,11,0,0,1,109,23,94,0,0,0,0,0,43,0,8,0,0,0,0,81,110,0,0,0,0,0,0,0,0,0,4,0,0,188,64,14,18,20,52,64,0,7,21,0,11,0,0,0,3,0,0,0,0,0,0,0,0,0,0,0,0,0,0,0,0,0,0,0,0,0,0,0,0,0,0,0,0,0,0,0,0,0,0,0,0,0,0,0,0,0,0,0,0,0,0,0,0,0,0,0,0,0,0,0,0,0,0,0,0,0,0,0,0,0,0,0,0,0,0,0,0,0,0,0,0,0,0,0,0,0,0,0,0,0,0,0,0,0,0,0,0,0,0,0,7,0,0,0,0,0,0,0,0,0,0,0,0,0,44,0,0,0,0,0,0,0,0,0,0,0,28,0,0,0,0,0,0,0,0,23,2,0,0,0,0,0,0,0,0,0,0,0,6,0,0,0,0,0,0,0,0,0,5,0,0,0,0,0,0,0,0,69,199,0,0,12,228,0,0,0,0,0,0,0,0,0,0,0,0,0,0,0,0,0,0,0,0,0,0,0,0,0
6,0,5,0,7,0,0,0,4,0,2,0,11,0,0,0,1,0,0,1,0,0,2,0,3,0,6,0,0,0,0,0,0,0,0,0,2,0,0,0,41,5,0,0,23,2,10,7,0,2,1,0,2,0,0,0,6,0,3,0,0,0,1,0,0,0,0,0,3,0,0,0,0,0,0,0,0,0,0,0,0,0,15,0,0,0,0,0,9,0,1,0,5,0,10,0,1,0,2,0,2,0,14,0,0,0,1,0,0,0,0,0,0,0,0,0,0,0,0,0,0,0,0,0,0,0,0,0,0,0,6,0,0,0,2,0,0,0,0,0,0,0,0,0,0,0,1,0,1,0,0,0,0,0,2,0,0,0,2,0,3,0,0,0,5,0,0,0,10,0,0,0,2,0,2,0,6,2,5,0,2,0,4,0,1,0,21,0,0,0,0,0,7,0,2,0,0,0,0,0,0,0,0,0,3,0,0,0,0,0,0,0,0,0,3,0,11,0,49,4,37,0,55,26,8,0,12,0,31,0,2,0,0,0,0,0,0,0,2,0,0,0,0,0,2,0,0,0,0
0,3,0,0,0,2,0,0,0,0,0,20,0,18,0,0,0,0,0,1,0,0,0,0,0,0,0,0,0,0,0,0,0,0,0,2,0,0,0,0,3,105,0,3,1,7,0,21,2,0,0,6,0,0,0,0,0,0,0,0,0,0,0,0,0,0,0,0,0,4,0,0,0,0,0,0,0,2,0,0,0,0,0,0,0,0,0,1,0,0,0,0,0,1,0,0,0,0,0,0,0,0,0,0,0,0,0,0,0,0,0,0,0,1,0,0,0,0,0,0,0,0,0,0,0,0,0,0,0,0,0,0,0,0,0,0,0,0,0,0,0,0,0,0,0,2,0,0,0,1,0,0,0,4,0,0,0,0,0,0,0,0,0,0,0,1,0,0,0,2,0,0,0,0,0,0,0,43,0,4,0,18,0,0,0,4,0,8,0,0,0,0,0,0,0,0,0,0,0,0,0,0,0,0,0,0,0,0,0,0,0,0,0,0,0,0,0,0,3,5,0,2,5,36,0,13,0,3,0,4,0,0,0,1,0,0,0,0,0,0,0,0,0,0,0,0,0,0,0
10,0,9,0,88,5,0,0,0,0,11,0,198,24,22,1,19,0,160,9,74,2,9,0,0,0,248,7,33,0,20,0,2,0,10,0,82,0,2,0,19,2,78,0,45,1,15,0,1,0,0,0,2,0,0,0,21,0,12,0,0,0,5,0,2,0,0,0,0,0,58,0,8,0,21,0,0,0,2,0,28,0,8,0,10,0,36,0,0,0,15,0,0,0,35,0,0,0,94,0,29,0,0,0,0,0,0,0,0,0,0,0,0,0,0,0,0,0,0,0,28,0,0,0,1,0,0,0,0,0,0,0,0,0,0,0,0,0,7,0,0,0,0,0,17,0,0,0,0,0,0,0,0,0,3,0,0,0,0,0,10,0,19,0,79,0,36,0,77,0,16,0,42,0,0,0,16,0,28,0,0,0,5,0,8,0,22,0,0,0,0,0,0,0,4,0,0,0,0,0,0,0,0,0,0,0,0,0,0,0,0,0,0,0,5,0,0,0,37,0,38,0,19,0,112,0,10,0,34,0,15,0,6,0,11,0,2,0,7,0,4,0,0,0,14,0,0,0,0
0,0,0,0,0,32,0,0,0,0,0,12,26,123,0,16,0,6,0,77,0,65,0,7,0,4,26,132,0,8,0,14,0,3,0,6,0,46,0,1,9,7,2,16,1,53,2,11,0,6,0,0,0,2,0,0,0,5,0,11,0,9,0,14,0,0,0,2,0,0,0,24,0,1,0,19,0,10,0,11,0,33,0,0,0,0,0,56,0,0,0,0,0,3,0,0,0,0,0,19,0,0,0,5,0,0,0,2,0,1,0,0,0,0,0,0,0,0,0,0,0,18,0,20,0,0,0,0,0,0,0,0,0,0,0,0,0,0,0,0,0,30,0,52,0,39,0,1,0,0,0,0,0,0,0,18,0,3,0,25,0,28,0,7,0,12,0,1,0,31,0,9,0,12,0,0,1,7,0,0,0,5,0,1,0,0,0,35,0,0,0,0,0,0,0,5,0,0,0,0,0,0,0,1,0,5,0,0,0,0,0,0,0,0,0,0,0,6,0,38,0,47,0,7,0,49,0,31,0,44,0,11,0,27,0,4,0,0,0,3,0,3,0,0,0,32,0,0,0
0,0,7,0,1,0,43,12,29,95,0,0,0,0,0,0,152,1,20,0,17,0,21,0,57,13,37,0,6,0,3,0,9,0,0,0,3,0,0,0,0,0,5,0,12,0,1,0,2,0,2,0,0,10,95,92,106,8,99,41,39,0,63,19,6,1,9,57,0,0,0,0,0,0,0,0,0,0,0,0,21,0,0,0,25,0,4,0,3,0,14,0,1,0,0,0,38,0,35,0,0,0,0,0,0,0,10,0,0,0,0,0,0,0,0,0,0,0,0,0,7,0,8,0,2,0,3,0,99,0,6,0,3,0,6,0,45,0,124,0,39,0,104,0,17,0,1,0,0,0,2,0,0,0,201,4,53,0,67,0,9,0,0,0,0,0,0,0,6,0,59,0,7,0,0,0,2,0,0,0,0,0,0,0,20,9,0,0,0,0,0,0,0,0,0,0,0,0,0,0,0,0,0,0,0,0,0,0,6,0,6,0,0,0,104,0,0,0,0,0,168,0,21,0,18,0,111,0,139,0,0,0,43,0,12,0,0,0,29,0,5,0,8,0,104,1,0,0,0
0,10,0,0,0,4,3,17,15,33,0,0,0,1,0,0,0,43,0,12,0,14,0,3,1,11,0,5,0,8,0,4,0,2,0,0,0,4,0,2,0,0,0,0,0,0,0,0,0,0,0,2,10,0,14,119,11,105,42,136,0,7,4,14,0,0,36,30,0,0,0,0,0,0,0,0,0,0,0,0,0,2,0,0,0,9,0,2,0,0,0,0,0,0,0,0,0,10,0,5,0,2,0,0,0,0,0,0,0,0,0,0,0,0,0,0,0,0,0,0,0,0,0,0,0,0,0,1,0,18,0,4,0,11,1,11,0,34,0,38,0,10,0,23,0,37,0,0,0,0,0,0,0,0,0,69,0,39,0,27,0,6,0,1,0,0,0,0,0,0,0,2,0,0,0,0,1,17,0,0,0,0,0,5,0,34,0,0,0,0,0,0,0,0,0,0,0,0,0,0,0,0,0,0,0,0,0,1,0,0,0,0,0,0,0,6,0,0,0,0,0,20,0,0,0,0,0,40,0,21,0,0,0,10,0,2,0,0,0,5,0,1,0,1,0,19,0,0,0
6,0,48,0,3,0,68,18,34,146,0,0,4,0,0,0,12,5,4,0,0,0,55,0,43,22,0,0,4,0,0,0,0,0,0,0,2,0,0,0,0,0,2,0,0,0,0,0,0,0,0,0,95,14,0,58,24,0,3,0,104,4,69,20,22,0,36,35,0,0,0,0,0,0,0,0,0,0,0,0,8,0,0,0,8,0,2,0,0,0,0,0,0,0,0,0,12,0,6,0,0,0,0,0,0,0,0,0,0,0,0,0,0,0,0,1,0,0,0,0,0,0,0,0,1,0,0,0,32,0,23,0,6,0,38,0,28,0,4,0,0,0,49,0,0,0,2,0,0,0,5,0,0,0,12,0,14,0,6,0,6,0,5,0,0,0,4,0,11,0,115,1,19,0,0,0,5,6,0,0,0,0,0,0,1,9,0,0,0,0,0,0,0,0,0,0,0,0,0,0,6,0,0,0,0,0,0,0,16,0,11,0,0,0,149,0,0,0,0,0,233,0,21,0,33,0,96,0,123,0,4,0,90,2,12,0,0,0,110,0,11,0,31,0,215,3,0,0,0
0,18,0,77,0,15,13,109,129,40,0,12,0,0,0,14,0,9,0,3,0,10,0,12,12,111,0,0,0,5,0,0,0,5,0,0,0,0,0,0,0,0,0,0,0,2,0,3,0,0,0,0,92,119,58,0,13,85,84,55,0,83,47,131,0,6,108,4,0,1,0,0,0,0,0,0,0,0,0,0,0,2,0,0,0,17,0,0,0,0,0,0,0,0,0,0,0,21,0,6,0,0,0,0,0,0,0,0,0,0,0,0,0,0,0,0,0,0,0,0,0,0,0,1,0,2,0,23,0,5,3,34,0,23,0,72,0,63,1,17,0,14,0,16,0,6,0,0,0,22,0,0,0,3,0,51,1,25,0,13,0,17,0,3,0,11,0,0,0,28,0,57,0,34,0,0,9,0,0,0,1,0,0,4,0,10,0,0,0,0,0,0,0,0,0,0,0,0,0,0,0,0,0,0,0,0,0,0,0,25,0,0,0,5,0,102,0,0,0,2,0,291,1,53,0,15,0,69,0,303,0,9,0,162,0,22,0,1,0,91,0,8,0,8,0,325,0,0,0
0,0,24,0,0,0,9,1,7,16,0,0,0,0,0,0,14,0,0,0,0,0,27,0,16,0,0,0,0,0,0,0,0,0,0,0,7,0,0,0,0,0,3,0,0,0,0,0,6,0,21,0,106,11,24,13,0,11,84,53,65,0,12,4,5,26,8,80,0,0,0,0,0,0,0,0,0,0,0,0,0,0,0,0,0,0,0,0,0,0,0,0,0,0,0,0,4,0,0,0,0,0,0,0,0,0,2,0,0,0,0,0,0,0,0,0,0,0,0,0,0,0,0,0,6,0,26,0,123,0,94,0,17,0,27,0,31,0,16,0,0,0,31,0,13,0,2,0,1,0,23,0,3,0,203,19,138,0,25,19,15,0,11,0,0,0,0,0,18,0,51,0,0,0,4,0,12,0,0,0,12,0,0,0,5,26,0,0,0,0,0,0,0,0,0,0,0,0,0,0,0,0,0,0,0,0,2,0,29,0,8,0,3,0,381,0,0,0,19,0,334,2,64,2,85,0,80,0,261,0,0,0,217,0,128,0,2,0,130,2,12,0,37,0,323,0,0,0,0
0,0,0,0,0,0,0,12,0,2,0,0,0,0,0,5,0,21,0,0,0,8,0,0,0,50,0,0,0,1,0,0,0,0,0,0,0,0,0,0,0,0,0,0,0,0,0,0,0,0,0,5,8,105,0,85,11,0,25,133,0,8,0,12,8,0,27,0,0,0,0,0,0,0,0,0,0,0,0,0,0,0,0,0,0,0,0,0,0,0,0,7,0,0,0,0,0,8,0,5,0,0,0,0,0,0,0,4,0,0,0,0,0,0,0,0,0,0,0,0,0,0,0,0,0,6,0,7,0,14,1,27,0,21,0,44,0,58,0,12,0,8,0,6,0,0,0,0,0,7,0,0,0,1,8,184,0,32,2,66,0,31,0,3,0,5,0,1,0,16,0,82,0,5,0,0,0,0,0,0,1,2,0,0,1,13,0,0,0,0,0,0,0,0,0,1,0,0,0,5,0,0,0,0,0,0,0,0,0,20,0,0,0,0,0,108,0,0,0,11,0,222,0,50,0,34,0,25,0,422,0,2,0,158,0,59,0,0,0,19,0,1,0,0,0,155,0,0,0
3,0,0,0,0,0,1,0,144,20,1,0,0,0,0,0,0,0,0,0,0,0,0,0,1,2,0,0,0,0,0,0,0,0,0,0,0,0,1,0,0,0,4,0,0,0,0,0,3,0,12,0,99,42,3,84,84,25,0,114,129,0,19,15,75,19,62,142,0,0,0,0,1,0,0,0,0,0,0,0,0,0,0,0,0,0,0,0,0,0,0,0,0,0,0,0,0,0,0,0,0,0,0,0,0,0,0,0,0,0,0,0,0,0,0,0,0,0,0,0,0,0,0,0,7,0,10,0,11,0,51,0,6,0,6,0,5,0,0,0,0,0,0,0,0,0,8,0,9,0,15,0,0,0,48,21,63,0,2,0,8,5,2,0,0,0,4,0,8,0,51,0,0,0,2,1,46,6,0,0,5,7,0,0,20,43,0,0,0,0,0,0,0,0,0,0,0,0,0,0,0,0,0,0,0,0,0,0,12,0,0,0,0,0,229,0,0,0,0,0,198,5,38,0,18,0,69,0,91,0,0,0,114,0,40,2,0,0,95,0,12,0,31,0,241,0,0,0,0
0,24,0,0,0,0,4,18,16,75,0,0,0,0,0,0,0,0,0,0,0,0,0,0,2,0,0,0,0,0,0,0,0,0,0,0,0,0,0,0,0,0,0,2,0,4,0,0,0,0,0,11,41,136,0,55,53,133,114,0,0,65,0,24,38,75,118,115,0,0,0,0,0,1,0,0,0,0,0,0,0,0,0,0,0,0,0,0,0,0,0,0,0,0,0,0,0,0,0,0,0,0,0,0,0,0,0,0,0,0,0,0,0,0,0,0,0,0,0,0,0,0,0,0,0,5,0,0,0,0,0,25,0,0,0,0,0,17,0,0,0,0,0,0,5,11,0,2,0,45,0,0,0,0,51,119,0,129,0,18,0,15,0,0,0,0,0,2,0,23,0,39,0,4,0,9,8,0,0,0,2,18,0,0,4,89,0,0,0,0,0,0,0,0,0,0,0,0,0,0,0,0,0,0,0,0,0,0,0,3,0,0,0,5,0,348,0,2,0,15,3,439,1,101,0,38,0,134,0,441,0,6,0,302,0,362,0,0,0,120,0,4,0,14,0,512,0,0,0
7,0,7,0,1,0,157,0,205,0,0,0,0,0,1,0,18,0,1,0,2,0,0,0,84,0,5,0,16,0,0,0,1,0,0,0,8,0,3,0,0,0,5,0,2,0,0,0,0,0,0,0,39,0,104,0,65,0,129,0,0,0,34,0,0,0,16,0,0,0,7,0,3,0,0,0,0,0,0,0,0,0,0,0,0,0,0,0,0,0,0,0,0,0,0,0,0,0,0,0,0,0,0,0,0,0,0,0,0,0,0,0,0,0,0,0,0,0,0,0,7,0,0,0,0,0,0,0,0,0,0,0,0,0,0,0,0,0,95,0,30,0,0,0,194,0,0,0,0,0,0,0,0,0,49,0,70,0,34,0,0,0,4,0,0,0,2,0,2,0,132,0,47,0,0,0,18,0,0,0,4,0,20,0,4,0,0,0,0,0,0,0,0,0,0,0,0,0,0,0,0,0,0,0,0,0,0,0,0,0,0,0,0,0,17,0,0,0,0,0,42,0,0,0,8,0,48,0,47,1,0,0,14,0,5,0,1,0,15,0,0,0,3,0,46,0,0,0,0
5,64,3,5,0,0,0,206,10,134,0,0,0,0,0,0,0,22,0,0,0,9,2,0,0,102,0,0,0,4,0,4,0,0,0,4,0,30,0,0,0,0,0,0,0,0,0,0,0,0,0,9,0,7,4,83,0,8,0,65,0,0,0,53,0,0,0,7,0,0,0,4,0,0,0,0,0,0,0,3,0,1,0,0,0,0,0,0,0,0,0,0,0,0,0,0,0,0,0,0,0,0,0,0,0,0,0,0,0,0,0,0,0,0,0,0,0,0,0,0,0,1,0,7,0,0,0,0,0,9,0,0,0,0,0,0,0,0,0,23,0,24,0,11,0,132,0,0,0,0,0,0,0,0,0,11,0,55,0,4,0,5,0,1,0,0,0,0,0,3,0,65,0,16,0,0,3,80,0,0,0,0,0,62,0,6,0,0,0,0,0,0,0,0,0,0,0,0,0,0,0,0,0,0,0,0,0,0,0,0,0,6,0,0,0,19,0,0,0,0,0,129,0,16,0,6,0,76,0,117,0,0,0,24,0,6,0,0,0,5,0,0,0,1,0,43,0,0,0
0,1,0,0,2,0,211,30,191,98,0,0,0,0,7,0,459,3,29,0,66,0,38,0,212,27,52,0,18,0,0,0,3,0,2,0,15,0,12,0,0,0,4,0,46,0,0,0,1,0,5,0,63,4,69,47,12,0,19,0,34,0,0,16,0,0,0,9,0,0,8,0,0,0,0,0,0,0,0,0,24,0,0,0,14,0,13,0,5,0,18,0,0,0,0,0,14,0,36,0,0,0,0,0,0,0,0,0,0,0,0,0,0,0,0,0,0,0,0,0,13,0,10,0,1,0,0,0,21,0,0,0,2,0,0,0,25,0,102,0,38,0,49,0,45,0,0,0,0,0,0,0,0,0,59,0,52,0,15,0,0,0,0,0,0,0,2,0,10,0,19,0,14,0,0,0,7,0,0,0,0,0,14,3,0,0,0,0,0,0,0,0,0,0,0,0,0,0,0,0,0,0,0,0,1,0,0,0,2,0,5,0,0,0,36,0,0,0,3,0,79,0,0,0,6,0,157,0,35,0,0,0,31,0,6,0,0,0,14,0,3,0,3,0,53,0,0,0,0
2,22,0,1,0,0,16,130,76,152,0,0,0,0,0,7,0,328,0,19,0,112,0,29,25,229,0,20,1,46,0,37,0,26,0,0,0,24,0,18,0,0,0,21,0,20,0,0,0,0,0,14,19,14,20,131,4,12,15,24,0,53,16,0,0,0,11,20,0,0,0,0,0,0,0,0,0,0,0,0,0,5,0,0,0,7,0,0,0,0,0,0,0,0,0,0,0,6,0,0,0,3,0,0,0,0,0,0,0,0,0,0,0,0,0,0,0,0,0,0,0,0,0,0,0,0,0,3,0,21,0,0,0,0,0,7,0,21,0,70,0,32,0,23,0,97,0,0,0,0,0,0,0,0,0,38,0,58,0,17,1,0,0,0,0,0,0,0,0,0,0,8,0,11,0,0,7,87,0,0,0,0,0,96,0,19,0,0,0,0,0,0,0,0,0,0,0,0,0,0,0,0,0,0,0,0,0,0,0,2,0,0,0,0,0,5,0,0,0,0,0,15,0,0,0,0,0,104,0,17,0,0,0,15,0,0,0,0,0,4,0,0,0,0,0,12,0,0,0
12,0,9,0,8,0,10,0,129,0,6,0,12,0,7,0,0,0,3,0,0,0,1,0,0,2,4,0,0,0,0,0,0,0,0,0,0,0,0,0,7,0,0,0,1,0,0,0,0,0,2,0,6,0,22,0,5,8,75,38,0,0,0,0,0,46,94,28,0,0,0,0,3,0,0,1,0,0,0,0,0,0,0,0,0,0,0,0,0,0,0,0,0,0,0,0,0,0,0,0,0,0,0,0,0,0,0,0,0,0,0,0,0,0,0,0,0,0,0,0,0,0,0,0,3,0,3,0,1,0,12,0,0,0,0,0,0,0,0,28,0,2,0,0,13,11,8,0,26,16,28,0,8,0,4,19,6,0,1,25,126,50,2,0,0,0,0,0,0,0,0,0,0,0,27,17,14,0,0,0,96,17,0,0,36,12,0,0,0,0,0,0,0,0,0,0,0,0,1,0,0,0,0,0,0,0,0,0,0,0,0,0,0,0,6,0,0,0,0,0,0,0,0,1,0,0,3,0,0,1,0,0,0,0,26,0,0,0,3,0,0,0,2,0,19,0,0,0,0
0,88,0,0,0,20,0,22,0,193,0,12,0,0,0,2,0,0,0,24,0,0,0,0,0,0,0,34,0,1,0,0,0,4,0,0,0,0,0,0,0,5,0,0,0,0,0,0,0,0,0,0,1,0,0,6,26,0,19,75,0,0,0,0,46,0,15,396,0,0,0,13,0,6,0,0,0,0,0,0,0,0,0,0,0,0,0,0,0,0,0,0,0,0,0,0,0,0,0,0,0,0,0,0,0,0,0,0,0,0,0,0,0,0,0,0,0,0,0,0,0,0,0,0,0,6,0,15,0,1,38,8,0,0,1,11,0,9,16,28,0,4,0,0,50,74,0,32,41,196,0,44,0,43,30,2,2,7,23,2,112,143,0,6,0,0,0,1,0,3,0,0,0,0,31,97,0,0,0,0,6,86,0,0,0,79,0,0,0,0,0,1,0,0,0,0,0,0,0,3,0,0,0,0,0,0,0,0,0,23,0,0,0,0,0,17,0,0,0,0,0,0,0,6,0,2,0,53,0,31,0,2,0,8,0,75,0,0,0,11,0,0,0,0,2,29,0,0,0
1,0,0,0,0,0,8,0,46,32,0,0,0,0,0,0,0,0,0,0,0,0,0,0,0,9,0,0,0,0,0,0,0,0,0,0,0,0,0,0,0,0,0,0,0,0,0,0,0,0,0,0,9,36,36,108,8,27,62,118,16,0,0,11,94,15,0,107,0,0,0,0,0,0,0,0,0,0,0,0,0,0,0,0,0,0,0,0,0,0,0,0,0,0,0,0,0,0,0,0,0,0,0,0,0,0,0,0,0,0,0,0,0,0,0,0,0,0,0,0,0,0,0,0,2,0,0,0,0,0,8,0,0,0,0,0,0,0,0,0,0,0,0,0,0,0,3,0,8,0,6,0,0,0,7,24,15,1,0,1,18,8,1,0,0,0,1,0,0,0,6,0,0,0,1,0,150,15,0,0,31,13,0,0,62,78,0,0,0,0,0,0,0,0,0,0,0,0,0,0,0,0,0,0,0,0,0,0,0,0,0,0,0,0,27,0,0,0,0,0,17,0,0,0,4,0,10,0,18,0,0,0,27,0,12,0,0,0,19,0,1,0,1,0,39,0,0,0,0
0,6,0,0,0,0,7,3,36,82,0,0,0,0,0,0,0,0,0,0,0,0,0,0,0,0,0,0,0,0,0,0,0,0,0,0,0,0,0,0,0,0,0,0,0,0,0,0,0,0,0,2,57,30,35,4,80,0,142,115,0,7,9,20,28,396,107,0,0,0,0,0,0,0,0,0,0,0,0,0,0,0,0,0,0,0,0,0,0,0,0,0,0,0,0,0,0,3,0,0,0,0,0,0,0,0,0,0,0,0,0,0,0,0,0,0,0,0,0,0,0,0,0,0,0,4,0,1,0,0,0,0,0,0,0,5,0,0,0,0,0,0,0,0,5,2,0,10,0,92,0,6,0,20,49,17,6,18,8,5,19,20,0,0,0,0,0,0,0,0,1,3,1,0,0,12,21,101,0,0,0,72,0,0,8,346,0,0,0,0,0,0,0,0,0,0,0,0,0,1,0,0,0,0,0,0,0,0,0,7,0,0,0,0,1,35,0,0,0,1,2,51,0,0,2,0,0,33,0,37,0,1,0,20,0,59,0,0,0,16,0,0,0,0,2,55,0,0,0
0,0,0,0,0,0,0,0,0,0,0,0,0,0,0,0,0,0,0,0,0,0,0,0,0,0,0,0,0,0,0,0,0,0,0,0,0,0,0,0,1,0,0,0,0,0,0,0,3,0,0,0,0,0,0,0,0,0,0,0,0,0,0,0,0,0,0,0,0,0,0,0,0,0,0,0,47,0,2,0,0,0,6,0,0,0,0,0,0,0,1,0,29,0,7,0,0,0,0,0,0,0,83,0,0,0,2,0,12,0,0,0,26,0,0,0,0,0,0,0,0,0,0,0,0,0,0,0,0,0,0,0,0,0,0,0,0,0,0,0,0,0,0,0,0,0,0,0,0,0,0,0,0,0,0,0,0,0,0,0,0,0,1,0,16,0,0,0,93,0,0,0,0,0,0,0,0,0,0,0,0,0,0,0,0,0,1,0,0,0,0,0,0,0,0,0,0,0,0,0,0,0,0,0,0,0,0,0,0,0,0,0,136,0,47,0,47,0,6,0,0,0,34,0,19,0,0,0,51,0,0,0,0,0,0,0,0,0,0,0,0,0,0,0,1,0,0,0,0
0,0,0,0,0,0,0,0,0,0,0,0,0,0,0,2,0,0,0,0,0,0,0,0,0,0,0,0,0,0,0,0,0,0,0,0,0,0,0,0,0,0,0,0,0,17,0,0,0,4,0,0,0,0,0,1,0,0,0,0,0,0,0,0,0,0,0,0,0,0,0,0,0,9,0,0,0,48,0,0,0,0,0,17,0,0,0,59,0,21,0,0,0,13,0,22,0,0,0,8,0,5,0,49,0,20,0,5,0,15,0,2,0,9,0,1,0,2,0,0,0,0,0,1,0,0,0,0,0,0,0,0,0,0,0,0,0,0,0,0,0,0,0,0,2,0,0,0,0,0,0,0,0,6,0,0,0,0,0,0,0,0,0,0,0,98,0,0,0,30,0,1,0,0,0,0,0,0,0,0,0,0,0,0,0,0,0,0,0,0,1,0,0,0,0,12,0,0,0,0,0,0,0,0,0,0,0,0,0,0,0,3,0,229,0,17,0,67,0,34,0,4,0,146,0,27,0,0,0,133,0,0,0,1,0,3,0,0,0,0,0,2,0,0,0,2,0,0,0
0,0,0,1,0,0,0,0,0,0,0,0,0,0,2,0,22,0,0,0,99,0,0,0,0,0,33,0,55,0,31,0,13,0,0,0,71,0,0,1,0,0,41,0,91,0,3,0,0,0,58,0,0,0,0,0,0,0,0,0,7,0,8,0,0,0,0,0,0,0,0,0,173,0,292,0,36,0,288,0,12,0,0,2,0,0,58,0,0,0,0,0,0,0,7,0,0,0,16,0,0,0,0,0,0,0,0,0,0,0,0,0,0,0,0,0,0,0,2,0,35,0,12,0,19,19,14,0,23,5,63,30,0,0,30,0,8,3,28,0,44,10,43,0,62,5,0,16,65,58,79,0,49,11,0,0,10,0,0,0,6,0,51,0,0,0,23,0,44,0,49,0,41,0,69,19,0,0,0,0,37,16,0,0,53,0,0,0,0,0,0,0,0,0,0,0,7,0,25,0,4,0,0,1,0,0,15,0,57,0,0,0,0,0,5,0,0,0,0,0,0,0,0,0,0,0,0,0,50,0,0,0,0,0,0,0,0,0,13,0,5,0,12,0,0,0,0,0,0
0,0,0,0,0,0,0,0,0,0,0,0,0,0,0,0,0,1,0,0,0,0,0,5,0,0,0,0,0,9,0,7,0,10,0,0,0,17,0,0,0,0,0,14,0,40,0,0,0,0,0,24,0,0,0,0,0,0,0,0,0,4,0,0,0,13,0,0,0,0,0,0,0,184,0,116,0,54,0,86,0,0,0,11,0,0,0,37,1,0,2,0,0,0,0,0,0,0,0,1,0,0,0,0,0,0,0,0,0,0,0,0,0,0,0,0,0,0,0,2,0,5,0,22,0,51,0,69,0,0,20,41,0,27,0,52,0,63,0,22,0,40,0,24,0,186,2,55,10,97,0,52,0,50,0,0,0,12,0,0,0,0,0,44,0,0,0,0,0,19,0,8,0,9,0,52,0,1,0,0,0,64,0,0,0,6,0,0,0,0,0,0,0,0,0,0,0,0,0,0,0,0,0,0,0,0,0,18,0,34,0,0,0,1,0,0,0,0,0,0,0,8,0,0,0,4,0,12,6,49,0,0,0,2,0,3,0,0,0,31,0,1,0,4,0,21,0,0,0
