0,46,53,33,62,0,44,0,42,0,147,0,97,0,9,0,16,37,5,0,0,0,25,110,28,37,0,0,56,0,0,0,0,0,0,0,9,0,390,0,35,0,0,0,0,0,0,0,42,0,0,0,0,0,6,0,0,0,7,0,208,0,73,0,5,0,10,0,0,0,0,0,0,0,0,0,0,0,0,0,0,0,0,0,0,0,0,0,0,0,0,0,0,0,0,0,0,0,0,0,0,0,0,0,0,0,0,0,0,0,0,0,0,0,0,0,0,0,0,0,0,0,0,0,8,0,0,0,0,0,9,0,0,0,0,0,0,0,0,0,0,0,0,0,0,0,7,0,24,0,8,0,7,0,0,0,0,0,0,0,0,0,0,0,0,0,0,0,26,0,44,0,556,16,0,0,47,171,3,0,0,0,7,0,6,0,1,0,0,0,0,0,0,0,0,0,0,0,0,0,0,0,0,0,1,0,0,0,0,0,652,80,208,134,397,0,0,3,0,0,0,0,0,0,0
46,0,38,53,0,72,0,8,28,58,0,74,0,67,0,55,21,41,0,181,0,9,27,67,142,121,0,124,0,229,0,0,0,141,0,0,0,171,0,617,0,7,0,0,0,0,0,30,1,2,1,0,0,0,6,23,0,4,0,7,0,281,7,50,0,121,0,32,0,0,0,0,0,0,0,0,0,0,0,0,0,0,0,0,0,0,0,0,0,0,0,3,0,0,0,0,0,0,0,6,0,0,0,0,0,0,0,0,0,0,0,0,0,7,0,0,0,0,0,0,0,0,0,0,0,65,0,22,0,0,0,55,0,5,0,125,0,68,0,0,0,0,0,0,0,0,0,95,0,267,0,103,0,126,0,0,0,0,0,2,0,10,0,9,0,0,0,13,0,65,0,18,7,349,0,0,0,344,0,3,0,71,14,8,0,137,0,0,0,0,0,0,0,0,0,0,0,0,0,0,0,0,0,0,0,0,0,0,0,99,4,0,8,8,571,0,0,0,956,80,227,191,0,23,7
53,38,0,0,192,0,64,0,35,0,55,36,103,0,95,0,13,25,66,0,8,0,567,153,236,0,0,0,240,0,28,0,106,0,2,0,0,0,464,0,57,0,0,0,0,0,28,0,27,0,0,0,2,0,80,0,24,0,37,0,91,0,43,0,16,0,0,0,0,0,0,0,0,0,0,0,0,0,0,0,0,0,0,0,0,0,0,0,0,0,0,0,0,0,0,0,0,0,0,0,0,0,0,0,0,0,0,0,0,0,0,0,0,0,0,0,0,0,0,0,0,0,0,0,102,0,40,0,0,0,32,0,35,0,166,0,81,0,0,0,0,0,0,0,0,0,61,0,123,0,86,0,0,0,0,0,0,0,0,0,16,0,0,0,0,0,0,0,13,0,16,0,278,0,0,0,75,148,1,0,0,0,5,0,20,0,0,0,0,0,0,0,0,0,0,0,0,0,0,0,0,0,0,0,0,0,0,0,68,0,394,37,160,0,289,0,0,2,0,2,0,0,0,0,0
33,53,0,0,0,51,0,19,0,22,0,46,0,4,0,231,16,46,0,92,0,24,58,405,70,137,0,33,0,229,0,0,0,152,0,0,0,45,0,305,0,0,0,1,0,0,0,0,0,0,0,0,0,0,0,90,0,0,0,0,0,36,0,1,0,0,0,0,0,0,0,0,0,0,0,0,0,0,0,0,0,0,0,0,0,0,0,0,0,0,0,0,0,0,0,0,0,7,0,0,0,0,0,0,0,0,0,0,0,0,0,0,0,0,0,0,0,0,0,0,0,0,0,0,0,0,0,0,0,0,0,0,0,0,0,456,0,173,0,0,0,14,0,0,0,0,0,0,0,27,0,0,0,0,0,0,0,0,0,0,0,0,0,4,0,0,0,10,0,0,0,0,0,107,0,0,0,127,0,0,0,0,3,0,0,0,0,0,0,0,0,0,0,0,0,0,0,0,0,0,0,101,0,0,0,0,0,0,0,89,0,0,0,0,114,0,0,0,126,7,62,43,0,5,0
62,0,192,0,0,0,37,0,39,0,51,64,250,50,107,164,0,0,80,174,0,223,134,74,0,0,107,0,87,0,118,0,349,17,122,19,133,0,283,0,96,0,0,0,31,0,83,0,0,0,90,0,0,0,0,0,0,0,0,0,0,0,0,0,21,0,8,0,0,0,0,0,0,0,0,0,0,0,0,0,0,0,0,0,0,0,0,0,0,0,0,0,0,0,0,0,0,0,0,0,0,0,0,0,0,0,0,0,0,0,0,0,2,0,0,0,0,0,0,0,0,0,0,0,47,0,15,0,2,0,0,0,0,0,57,0,0,0,0,0,0,0,0,0,0,0,52,0,102,0,62,0,0,0,0,0,0,0,0,0,17,0,0,0,0,0,211,0,0,0,0,0,344,0,0,0,200,172,60,0,58,0,48,0,98,0,12,0,0,0,0,0,0,0,0,0,0,0,0,0,0,0,0,0,0,0,0,0,0,0,677,202,413,150,321,0,7,2,0,0,0,0,0,0,0
0,72,0,51,0,0,0,12,0,0,50,125,62,60,171,508,0,0,0,236,121,224,189,316,0,11,0,216,0,151,0,118,0,409,0,80,0,165,0,0,0,0,0,0,0,0,0,34,0,3,0,0,0,5,0,0,0,0,0,0,0,6,0,17,0,0,0,0,0,0,0,6,0,0,0,23,0,0,1,0,0,0,0,0,0,0,0,0,0,0,0,0,0,0,0,0,0,0,0,0,0,0,0,0,0,0,0,0,0,0,0,0,0,0,0,0,0,0,0,0,0,46,0,0,0,0,0,0,0,0,0,0,0,0,0,0,0,0,0,0,0,0,0,0,0,0,0,0,0,0,0,0,0,0,0,0,0,0,0,0,0,0,0,4,0,75,0,199,0,0,0,24,0,240,0,0,0,425,0,11,0,0,0,0,0,12,0,0,0,0,0,0,0,0,0,0,0,0,0,0,0,0,0,0,0,0,0,0,0,23,0,0,0,0,269,0,0,0,510,104,578,110,0,0,0
44,0,64,0,37,0,0,0,10,0,21,0,0,0,13,0,11,0,0,0,0,0,11,0,396,95,0,0,0,0,0,0,0,0,0,0,8,0,0,0,27,0,0,0,19,0,0,0,48,0,0,0,22,4,139,0,10,0,28,0,224,0,241,0,5,0,10,0,0,0,0,0,0,0,0,0,0,0,0,0,0,0,0,0,0,0,0,0,0,0,0,0,0,0,0,0,0,0,0,0,0,0,0,0,0,0,0,0,0,0,0,0,0,0,0,0,0,0,0,0,0,0,0,0,33,0,1,0,0,0,11,0,6,0,0,0,0,0,0,0,0,0,0,0,0,0,0,0,14,0,9,0,0,0,1,0,0,0,0,0,12,0,0,0,0,0,0,0,0,0,136,0,218,0,0,0,4,61,0,0,0,0,0,0,0,1,0,0,0,0,0,0,0,0,0,0,0,0,0,0,0,0,0,0,0,0,0,0,11,0,561,80,384,333,531,0,81,9,0,0,0,0,0,0,0
0,8,0,19,0,12,0,0,59,16,0,6,0,0,0,23,14,7,0,33,0,0,0,6,65,270,0,27,0,118,0,2,0,0,0,0,0,0,0,230,0,0,0,0,0,0,0,0,0,0,0,0,7,10,32,137,0,6,0,8,0,266,26,155,0,0,0,9,0,0,0,0,0,0,0,0,0,0,0,0,0,0,0,0,0,0,0,0,0,0,0,0,0,0,0,0,0,0,0,0,0,0,0,0,0,0,0,0,0,0,0,0,0,0,0,0,0,0,0,0,0,0,0,0,0,21,0,0,0,0,0,29,0,5,0,33,0,27,0,0,0,0,0,0,0,0,0,0,0,27,0,0,0,0,0,0,0,0,0,0,0,8,0,0,0,0,0,5,0,0,0,0,7,186,0,0,0,79,0,0,0,0,2,0,0,0,0,0,0,0,0,0,0,0,0,0,0,0,0,0,0,3,0,0,0,0,0,0,0,16,0,5,0,0,523,0,0,0,529,55,184,167,10,0,10
42,28,35,0,39,0,10,59,0,63,18,0,32,0,11,0,16,26,16,1,0,0,0,6,24,143,0,0,0,0,0,0,0,0,0,0,0,0,9,0,29,0,0,0,0,0,19,0,28,0,0,0,195,16,88,140,5,0,11,0,223,0,360,29,134,0,90,7,0,0,0,0,0,0,0,0,0,0,0,0,0,0,0,0,0,0,0,0,0,0,1,0,0,0,0,0,0,0,0,0,0,0,0,0,0,0,0,0,0,0,0,0,0,0,0,0,0,0,0,0,0,0,0,0,36,0,10,0,0,0,46,0,5,0,0,0,0,0,0,0,0,0,0,0,0,0,9,0,75,0,14,0,7,0,0,0,0,1,0,0,16,0,0,0,3,0,7,0,14,0,188,0,96,0,0,0,13,83,9,0,0,0,17,0,88,5,2,0,0,0,0,0,0,0,0,0,0,0,0,0,0,0,0,0,0,0,0,0,8,0,583,88,228,295,435,36,76,5,13,0,0,0,0,0,0
0,58,0,22,0,0,0,16,63,0,0,17,0,0,0,0,7,2,0,0,0,0,0,0,42,38,0,13,0,0,0,0,0,5,0,0,0,0,0,0,0,0,0,0,0,0,0,0,3,0,0,0,28,128,122,139,11,30,32,16,0,309,24,304,0,158,42,118,0,17,0,0,0,0,0,0,0,0,0,0,0,0,0,0,0,0,0,0,0,0,0,0,0,0,0,1,0,0,0,0,0,0,0,0,0,0,0,0,0,0,0,0,0,0,0,0,0,0,0,0,0,0,0,0,0,44,0,0,0,0,0,94,0,0,0,10,3,7,0,0,0,0,0,10,0,0,0,49,0,152,0,39,0,33,1,6,0,52,0,0,0,20,0,0,1,0,0,0,0,31,0,65,0,0,0,2,0,173,0,0,0,0,0,0,1,107,0,0,0,0,0,0,0,0,0,0,0,0,0,10,0,0,0,0,0,0,0,0,0,35,20,0,0,0,641,0,0,0,803,123,274,290,27,118,0
147,0,55,0,51,50,21,0,18,0,0,0,136,0,4,89,10,4,0,27,4,83,21,82,0,0,14,0,24,0,11,0,182,10,4,0,76,0,189,0,24,0,0,2,0,0,23,0,20,0,4,0,0,0,0,0,0,0,3,0,0,0,0,0,2,0,0,0,0,0,0,0,0,0,0,0,0,0,0,0,0,0,0,0,0,0,0,0,0,0,0,0,0,0,0,0,0,0,0,0,0,0,0,0,0,0,0,0,0,0,0,0,0,0,0,0,0,0,0,0,0,0,0,0,0,0,0,0,0,0,0,0,0,0,0,0,0,0,0,0,0,0,0,0,0,0,0,0,13,0,21,0,29,0,0,0,0,0,0,0,0,0,4,0,0,0,64,0,0,0,13,0,180,0,0,0,252,132,41,0,22,0,44,0,51,0,9,0,0,0,0,0,0,0,0,0,0,0,0,0,0,0,0,0,0,0,0,0,0,0,297,78,151,50,115,0,3,1,0,0,0,0,0,0,0
0,74,36,46,64,125,0,6,0,17,0,0,0,139,103,52,16,7,0,162,64,72,134,92,0,0,0,306,0,103,0,47,0,441,0,26,0,175,0,175,0,57,0,0,0,20,0,69,0,26,0,8,0,0,0,0,0,0,0,0,0,13,0,8,0,14,0,5,0,0,0,0,0,0,0,19,0,0,0,0,0,0,0,0,0,0,0,0,0,0,0,0,0,0,0,0,0,0,0,0,0,0,0,0,0,0,0,0,0,0,0,0,0,0,0,0,0,0,0,6,0,0,0,0,0,0,0,0,0,0,0,0,0,1,0,0,0,0,0,3,0,0,0,0,0,0,0,0,0,31,0,53,0,0,0,0,0,0,0,0,0,0,0,4,0,39,0,78,0,97,0,0,0,194,0,48,17,452,0,15,0,158,0,54,0,49,0,20,0,0,0,0,0,0,0,4,0,0,0,0,0,0,0,0,0,0,0,0,0,0,0,0,0,0,285,0,0,0,764,148,400,0,0,4,0
97,0,103,0,250,62,0,0,32,0,136,0,0,174,25,29,0,0,61,319,23,198,6,0,0,0,118,373,0,0,0,0,0,0,160,20,17,0,0,0,58,106,69,0,31,0,124,134,14,0,303,0,4,0,0,0,0,0,0,0,0,0,0,0,0,0,0,0,0,0,0,0,0,0,0,0,0,0,0,0,0,0,0,0,0,0,0,0,0,0,0,0,0,0,0,0,0,0,0,0,0,0,0,0,0,0,0,0,0,0,0,0,0,0,0,0,0,0,0,0,0,0,0,0,0,0,8,0,0,0,0,0,0,0,0,0,0,0,0,0,0,0,0,0,7,0,0,0,48,0,58,0,93,0,0,0,0,0,0,0,0,0,0,0,149,0,0,0,0,0,2,0,0,0,0,0,104,142,79,0,130,0,63,0,62,0,110,0,0,0,0,0,0,0,0,0,0,0,0,0,0,0,0,0,0,0,0,0,0,0,128,236,291,0,0,5,0,0,0,0,0,0,0,0,0
0,67,0,4,50,60,0,0,0,0,0,139,174,0,98,7,0,0,269,77,143,66,0,0,0,0,226,220,0,0,20,16,0,0,67,180,0,55,0,0,20,154,0,145,0,32,0,177,0,36,0,298,0,0,0,0,0,0,0,0,0,0,0,0,0,5,0,0,0,0,0,0,0,0,0,0,0,0,0,0,0,0,0,0,0,0,0,0,0,0,0,0,0,0,0,0,0,0,0,0,0,0,0,0,0,0,0,0,0,0,0,0,0,0,0,0,0,0,0,0,0,0,0,0,0,0,0,0,0,0,0,0,0,0,0,0,0,0,0,0,0,0,0,0,0,0,0,0,0,17,0,0,0,0,0,0,0,0,0,0,0,0,0,0,0,0,0,22,3,0,0,4,0,0,0,0,0,346,0,14,0,62,0,17,0,7,0,30,0,0,0,0,0,0,0,0,0,0,0,0,0,0,0,0,0,0,0,0,0,0,0,0,0,0,48,0,0,0,166,202,350,29,0,0,0
9,0,95,0,107,171,13,0,11,0,4,103,25,98,0,204,32,0,254,170,146,268,203,0,31,0,179,0,5,0,203,0,182,0,142,41,96,0,18,0,0,0,0,0,0,0,23,0,0,0,31,0,5,0,65,0,33,0,0,0,0,0,19,0,37,0,0,0,0,0,14,0,0,0,0,0,0,0,0,0,0,0,0,0,0,0,0,0,0,0,0,0,0,0,0,0,0,0,0,0,0,0,0,0,0,0,0,0,0,0,0,0,0,0,0,0,0,0,0,0,0,0,0,0,108,0,0,0,0,0,0,0,63,0,487,0,298,0,0,0,0,0,468,0,0,0,127,0,213,0,153,0,0,0,0,0,0,0,0,0,0,0,0,0,81,0,200,0,0,0,0,0,104,0,0,0,57,123,8,0,0,0,14,0,86,0,0,0,0,0,0,0,0,0,0,0,0,0,0,0,177,0,0,0,0,0,0,0,132,0,285,118,230,42,78,0,0,0,0,0,0,0,0,0,0
0,55,0,231,164,508,0,23,0,0,89,52,29,7,204,0,24,0,0,274,99,194,195,147,16,50,0,57,0,0,0,25,0,25,0,9,0,13,0,12,0,0,0,8,0,4,0,6,0,0,0,3,0,7,0,89,0,0,0,0,0,2,0,25,0,0,0,0,0,0,0,0,0,0,0,0,0,0,0,0,0,0,0,0,0,94,0,0,0,0,0,0,0,0,0,0,0,33,0,64,0,0,0,0,0,0,0,0,0,0,0,0,0,0,0,0,0,0,0,0,0,0,0,0,0,0,0,0,0,0,0,0,0,0,0,914,0,324,0,35,0,80,0,180,0,0,0,0,0,0,0,0,0,0,0,0,0,0,0,0,0,0,0,0,0,0,0,0,0,38,0,0,0,8,0,0,12,250,0,2,0,0,0,1,0,9,0,0,0,0,0,0,0,0,0,0,0,0,0,0,0,240,0,0,0,0,0,0,0,122,0,0,0,0,14,0,0,0,59,24,57,0,0,0,0
16,21,13,16,0,0,11,14,16,7,10,16,0,0,32,24,0,21,62,2,299,0,146,86,73,54,100,0,332,0,36,0,146,7,0,0,15,0,465,0,1,0,0,0,24,0,0,0,7,0,12,0,120,0,16,3,16,0,0,0,71,0,476,1,0,0,0,0,0,0,34,0,0,0,40,0,0,0,0,0,77,0,0,0,648,0,31,0,0,0,142,0,0,0,0,0,596,0,0,0,0,0,0,0,0,0,0,0,0,0,0,0,0,0,0,0,0,0,0,0,41,0,113,0,0,0,0,0,0,0,0,0,27,0,89,0,325,0,57,0,181,0,854,1,9,0,0,0,0,0,0,0,1,0,38,0,3,0,30,0,7,0,0,0,0,0,21,0,0,0,10,0,142,0,0,0,7,59,2,0,0,0,57,0,0,0,0,0,0,0,0,0,0,0,0,0,0,0,0,0,108,0,0,0,0,0,0,0,46,0,60,7,97,72,93,0,8,1,0,0,0,0,0,0,0
37,41,25,46,0,0,0,7,26,2,4,7,0,0,0,0,21,0,0,0,0,109,38,128,130,22,0,0,0,388,0,24,0,79,0,13,0,0,0,298,0,0,0,0,0,0,0,0,0,0,0,0,0,73,0,6,0,44,0,0,0,43,3,205,0,0,0,0,0,0,0,0,0,0,0,0,0,0,0,4,0,0,0,0,0,149,0,0,0,0,0,0,0,0,0,0,0,13,0,0,0,65,0,0,0,0,0,0,0,0,0,0,0,0,0,0,0,0,0,0,0,16,0,0,0,0,0,0,0,20,0,0,0,0,0,384,0,111,0,93,0,264,0,459,0,0,0,0,0,0,0,0,0,0,0,51,0,1,0,0,1,0,0,0,0,0,0,0,0,0,0,2,0,23,0,0,0,74,0,0,0,0,5,0,0,0,0,0,0,0,0,0,0,0,0,0,0,0,0,0,0,139,0,0,0,0,0,0,0,0,6,0,0,0,56,0,0,0,34,0,0,0,0,0,0
5,0,66,0,80,0,0,0,16,0,0,0,61,269,254,0,62,0,0,361,158,192,176,0,0,0,340,405,7,0,24,0,0,0,188,0,33,0,3,0,7,59,10,75,35,20,24,74,0,0,235,25,0,0,0,0,0,0,0,0,0,0,49,0,16,0,0,0,0,0,0,0,0,0,0,0,0,0,0,0,0,0,0,0,0,0,0,0,0,0,0,0,0,0,0,0,0,0,0,0,0,0,0,0,0,0,0,0,0,0,0,0,0,0,0,0,0,0,0,0,0,0,0,0,62,0,0,0,0,0,16,0,0,0,395,0,146,0,0,0,0,0,0,0,0,0,0,0,0,0,0,0,0,0,0,0,0,0,0,0,0,0,0,0,99,0,30,0,0,0,0,0,14,0,0,0,16,85,9,0,0,0,31,0,50,0,16,0,0,0,0,0,0,0,0,0,0,0,0,0,182,0,0,0,0,0,0,0,0,0,161,150,150,34,37,2,3,0,0,0,0,0,0,0,0
0,181,0,92,174,236,0,33,1,0,27,162,319,77,170,274,2,0,361,0,214,218,0,62,0,26,94,85,0,6,42,65,3,27,166,146,0,58,0,0,0,0,0,50,0,22,0,16,1,0,49,191,0,6,0,26,0,0,0,0,0,0,0,58,0,62,0,0,0,0,0,0,0,0,0,0,0,0,0,0,0,0,0,0,0,140,0,0,0,0,0,0,0,0,0,0,0,0,0,0,0,197,0,0,0,0,0,0,0,0,0,0,0,0,0,0,0,0,0,0,0,23,0,0,0,0,0,0,0,0,0,0,0,0,0,599,0,0,0,0,0,103,0,178,0,0,0,0,0,212,0,0,0,0,0,0,0,0,0,0,0,0,0,0,0,40,0,34,0,115,0,0,0,0,0,0,2,202,7,10,0,0,0,7,0,65,2,6,0,0,0,0,0,0,0,6,0,0,0,0,0,216,0,0,0,0,0,0,0,148,0,0,0,0,26,0,0,0,99,80,252,10,0,0,0
0,0,8,0,0,121,0,0,0,0,4,64,23,143,146,99,299,0,158,214,0,220,162,28,32,0,147,158,46,0,109,0,110,0,85,35,73,12,6,0,0,0,2,39,21,0,3,0,0,1,72,0,45,0,27,0,0,0,0,0,10,0,179,0,0,0,0,0,0,0,111,0,0,0,132,0,0,0,0,0,234,0,0,0,778,0,110,0,0,0,146,0,0,0,0,0,831,0,361,0,0,0,0,0,0,0,0,0,0,0,0,0,0,0,0,0,0,0,0,0,137,0,128,0,0,0,0,0,0,0,0,0,20,0,121,0,122,0,41,0,176,0,486,0,0,0,0,0,0,0,0,0,0,0,0,0,0,0,0,0,0,0,0,0,59,0,68,0,0,0,0,0,38,0,0,0,15,65,13,0,0,0,0,0,2,0,10,0,0,0,0,0,0,0,0,0,0,0,0,0,114,0,0,0,0,0,0,0,56,0,65,64,104,20,0,0,0,0,0,1,0,0,0,0,0
0,9,0,24,223,224,0,0,0,0,83,72,198,66,268,194,0,109,192,218,220,0,40,243,0,82,0,276,0,176,40,47,7,66,87,49,7,22,0,20,0,0,0,87,0,58,0,0,0,0,0,67,0,38,0,43,0,10,0,0,0,5,0,189,0,0,0,0,0,0,0,0,0,0,0,57,0,0,0,0,0,305,0,0,0,371,0,0,0,0,0,0,0,0,0,0,0,56,0,0,0,0,0,0,0,0,0,0,0,0,0,0,0,0,0,0,0,0,0,0,0,82,0,0,0,0,0,0,0,0,0,0,0,0,0,0,0,0,0,175,0,367,0,493,0,72,0,0,0,0,0,0,0,0,0,0,0,0,0,0,0,0,0,0,0,0,0,39,0,79,0,0,0,29,0,0,0,85,9,4,0,0,0,2,0,0,2,2,0,0,0,0,0,0,0,0,0,0,0,0,0,0,0,0,0,0,0,0,0,0,0,0,0,0,49,0,0,0,265,210,206,0,0,0,0
25,27,567,58,134,189,11,0,0,0,21,134,6,0,203,195,146,38,176,0,162,40,0,394,90,9,0,0,99,5,32,0,96,33,0,2,13,10,136,18,0,0,0,0,0,0,0,0,10,0,0,0,10,0,136,0,38,0,26,0,0,0,34,0,0,0,0,0,0,0,0,0,0,0,0,0,0,0,0,0,0,0,0,0,156,0,0,0,0,0,0,0,0,0,0,0,221,0,0,0,0,0,0,0,0,0,0,0,0,0,0,0,0,0,0,0,0,0,0,0,0,0,0,0,42,0,0,0,0,0,0,0,87,0,297,0,431,0,0,0,0,0,639,0,0,0,19,0,23,0,34,0,0,0,9,0,0,0,0,0,19,0,4,0,7,0,26,0,0,0,0,0,126,0,0,0,94,314,4,0,0,0,31,0,0,0,0,0,0,0,0,0,0,0,0,0,0,0,0,0,160,0,0,0,0,0,0,0,97,0,136,32,91,0,119,0,0,1,0,1,10,0,0,0,0
110,67,153,405,74,316,0,6,6,0,82,92,0,0,0,147,86,128,0,62,28,243,394,0,129,98,0,27,0,202,0,47,0,67,0,15,0,24,0,50,0,0,0,9,0,0,0,0,0,0,0,9,0,76,0,17,0,10,0,0,0,0,1,277,0,0,0,0,0,0,0,0,0,0,0,0,0,0,0,21,0,232,0,0,0,347,0,95,0,0,0,0,0,0,0,0,0,83,0,268,0,396,0,0,0,0,0,116,0,0,0,0,0,0,0,0,0,0,0,0,0,36,0,0,0,0,0,8,0,0,0,0,0,0,0,647,0,153,0,39,0,103,0,432,0,0,0,0,0,0,0,0,0,0,0,0,0,0,0,0,0,0,0,0,0,0,0,12,0,0,0,0,0,16,0,0,0,360,0,4,0,0,17,3,0,0,0,0,0,0,0,0,0,0,0,0,0,0,0,0,0,309,0,0,0,0,0,0,0,28,0,0,0,0,17,0,0,0,51,19,36,0,0,0,1
28,142,236,70,0,0,396,65,24,42,0,0,0,0,31,16,73,130,0,0,32,0,90,129,0,254,0,0,42,0,0,0,1,0,0,0,0,0,47,22,0,0,0,0,5,0,0,0,0,0,0,0,39,0,122,26,43,0,24,0,28,17,78,9,0,0,0,0,0,0,0,0,0,0,0,0,0,0,0,0,0,0,0,0,0,0,0,0,0,0,0,0,0,0,0,0,0,0,0,0,0,0,0,0,0,0,0,0,0,0,0,0,0,0,0,0,0,0,0,0,0,0,0,0,20,0,20,0,142,0,0,0,58,0,142,0,318,0,0,0,0,0,323,0,0,0,0,0,0,0,0,0,0,0,28,0,0,0,43,0,96,0,0,0,0,0,3,0,6,0,20,0,73,0,0,0,1,177,0,0,0,0,19,0,0,0,0,0,0,0,0,0,0,0,0,0,0,0,0,0,58,3,0,0,0,0,0,0,54,0,102,4,55,65,122,0,0,0,0,0,0,0,0,2,0
37,121,0,137,0,11,95,270,143,38,0,0,0,0,0,50,54,22,0,26,0,82,9,98,254,0,0,8,0,30,0,7,0,4,0,0,0,6,0,42,0,0,0,0,0,0,0,0,0,0,0,0,0,7,43,102,0,25,0,9,0,55,42,45,0,0,0,0,0,0,0,0,0,0,0,0,0,0,0,0,0,0,0,0,0,0,0,0,0,0,0,0,0,0,0,0,0,8,0,9,0,0,0,0,0,0,0,0,0,0,0,0,0,0,0,0,0,0,0,0,0,0,0,0,0,0,0,0,0,0,0,6,0,61,0,474,0,322,0,47,0,0,0,102,0,0,0,0,0,2,0,0,0,0,0,42,0,2,0,0,0,56,0,0,0,0,1,0,0,9,0,12,24,69,0,0,0,193,0,0,0,0,18,3,0,0,0,0,0,0,0,0,0,0,0,0,0,0,0,0,0,95,0,0,0,0,0,0,0,44,23,5,0,0,82,0,0,0,125,17,46,0,0,0,2
0,0,0,0,107,0,0,0,0,0,14,0,118,226,179,0,100,0,340,94,147,0,0,0,0,0,0,507,42,0,44,0,21,0,51,0,121,0,4,0,62,352,143,78,138,99,114,346,12,0,340,18,21,0,0,0,0,0,0,0,19,0,67,0,36,0,0,0,0,0,178,0,0,0,0,0,0,0,0,0,0,0,0,0,591,0,0,0,0,0,0,0,0,0,0,0,618,0,0,0,0,0,0,0,0,0,0,0,0,0,0,0,0,0,0,0,0,0,0,0,0,0,0,0,92,0,0,0,0,0,0,0,31,0,0,0,0,0,0,0,154,0,385,0,0,0,0,0,0,0,151,0,0,0,0,0,0,0,0,0,0,0,0,0,153,0,0,0,0,0,0,0,34,0,0,0,25,109,11,0,0,0,51,0,91,0,76,0,0,0,0,0,0,0,0,0,0,0,0,0,0,0,0,0,0,0,0,0,0,0,116,320,338,0,42,0,0,0,0,0,0,0,0,0,0
0,124,0,33,0,216,0,27,0,13,0,306,373,220,0,57,0,0,405,85,158,276,0,27,0,8,507,0,0,0,0,11,0,13,116,83,0,37,0,6,147,26,24,268,26,156,57,245,0,49,156,278,0,0,0,0,0,0,0,0,0,0,0,0,0,0,0,0,0,0,0,0,0,0,0,0,0,0,0,0,0,196,0,0,0,0,0,92,0,0,0,0,0,0,0,0,0,0,0,0,0,0,0,0,0,0,0,0,0,0,0,0,0,0,0,0,0,0,0,0,0,0,0,0,0,0,0,0,0,0,0,0,0,0,0,0,0,0,0,0,0,0,0,0,0,0,0,0,0,0,0,0,0,0,0,0,0,0,0,0,0,0,0,0,0,58,0,14,0,0,0,2,0,0,0,0,0,155,0,11,0,0,0,0,0,7,18,23,0,0,0,0,0,0,0,0,0,0,0,0,0,0,0,0,0,0,0,0,0,0,0,0,0,0,0,0,0,0,63,217,338,0,0,0,4
56,0,240,0,87,0,0,0,0,0,24,0,0,0,5,0,332,0,7,0,46,0,99,0,42,0,42,0,0,0,55,0,18,0,17,1,36,0,18,0,0,0,17,0,7,0,0,0,0,0,18,0,12,0,11,0,0,0,0,0,8,0,36,0,0,0,0,0,0,0,17,0,0,0,20,0,0,0,0,0,0,0,0,0,88,0,0,0,0,0,0,0,0,0,0,0,0,0,0,0,0,0,0,0,0,0,0,0,0,0,0,0,0,0,0,0,0,0,0,0,25,0,34,0,0,0,0,0,0,0,0,0,0,0,0,0,0,0,23,0,50,0,70,0,0,0,0,0,0,0,0,0,0,0,7,0,4,0,0,0,0,0,0,0,0,0,0,0,0,0,0,0,0,0,0,0,0,0,5,0,0,0,0,0,0,0,0,0,0,0,0,0,0,0,0,0,0,0,0,0,0,0,0,0,0,0,0,0,0,0,5,4,0,0,0,0,0,0,0,0,0,0,0,0,0
0,229,0,229,0,151,0,118,0,0,0,103,0,0,0,0,0,388,0,6,0,176,5,202,0,30,0,0,0,0,0,16,0,30,0,32,0,3,0,31,0,0,0,0,0,0,0,0,0,0,0,12,0,23,0,17,0,12,0,3,0,40,0,54,0,0,0,0,0,0,0,0,0,0,0,0,0,0,0,0,0,0,0,0,0,50,0,0,0,0,0,0,0,0,0,0,0,0,0,0,0,0,0,0,0,0,0,0,0,0,0,0,0,0,0,0,0,0,0,0,0,0,0,0,0,0,0,0,0,0,0,0,0,0,0,146,0,0,0,146,0,194,0,177,0,42,0,0,0,0,0,0,0,0,0,32,0,10,0,34,0,4,0,0,0,0,0,0,0,0,0,0,0,0,0,0,0,20,0,9,0,0,0,0,0,0,0,0,0,0,0,0,0,0,0,0,0,0,0,0,0,0,0,0,0,0,0,0,0,0,1,0,0,0,0,0,0,0,0,0,0,0,0,0,0
0,0,28,0,118,0,0,0,0,0,11,0,0,20,203,0,36,0,24,42,109,40,32,0,0,0,44,0,55,0,0,0,4,0,25,4,12,3,29,0,0,0,15,0,8,0,0,0,0,0,21,0,0,0,0,0,0,0,0,0,0,0,54,0,0,0,0,0,0,0,41,0,0,0,0,0,0,0,0,0,0,0,0,0,109,0,0,0,0,0,7,0,0,0,0,0,0,0,95,0,0,0,0,0,1,0,0,0,0,0,0,0,0,0,0,0,0,0,0,0,0,0,0,0,0,0,0,0,3,0,0,0,0,0,0,0,13,0,0,0,104,0,0,0,25,0,0,0,0,0,0,0,0,0,0,0,0,0,0,0,0,0,0,0,0,0,4,0,0,0,0,0,3,0,0,0,8,10,17,0,1,0,1,0,0,0,0,0,0,0,0,0,0,0,0,0,0,0,0,0,0,0,0,0,0,0,0,0,0,0,13,8,7,2,0,0,0,0,0,0,0,0,0,0,0
0,0,0,0,0,118,0,2,0,0,0,47,0,16,0,25,0,24,0,65,0,47,0,47,0,7,0,11,0,16,0,0,0,8,6,11,0,13,0,1,0,0,0,15,0,0,0,0,0,0,0,15,0,5,0,0,0,0,0,0,0,0,0,0,0,0,0,0,0,0,0,0,0,0,0,0,0,0,0,0,0,0,0,0,0,0,0,0,0,0,0,0,0,0,0,0,0,0,0,0,0,0,0,0,0,0,0,0,0,0,0,0,0,0,0,0,0,0,0,0,0,0,0,0,0,0,0,0,0,0,0,0,0,1,0,0,0,0,0,0,0,47,0,57,0,0,0,0,0,0,0,0,0,0,0,0,0,3,0,0,0,0,0,0,0,0,0,17,0,39,0,0,0,0,0,0,0,12,0,0,0,0,0,0,0,1,0,0,0,0,0,0,0,0,0,0,0,0,0,0,0,0,0,0,0,0,0,0,0,0,0,0,0,0,32,0,0,0,0,53,95,17,0,0,0
0,0,106,0,349,0,0,0,0,0,182,0,0,0,182,0,146,0,0,3,110,7,96,0,1,0,21,0,18,0,4,0,0,0,45,0,51,0,7,0,0,0,13,0,8,0,0,0,1,0,12,0,0,0,0,0,0,0,0,0,0,0,14,0,0,0,0,0,0,0,0,0,0,0,0,0,0,0,0,0,0,0,0,0,20,0,0,0,0,0,0,0,0,0,0,0,0,0,0,0,0,0,0,0,0,0,0,0,0,0,0,0,0,0,0,0,0,0,0,0,0,0,0,0,0,0,0,0,0,0,0,0,0,0,0,0,0,0,0,0,0,0,0,1,0,0,0,0,0,0,0,0,0,0,0,0,3,0,0,0,0,0,0,0,0,0,5,0,0,0,0,0,0,0,0,0,71,0,48,0,0,0,0,0,0,0,0,0,0,0,0,0,0,0,0,0,0,0,0,0,0,0,0,0,0,0,0,0,0,0,21,14,0,0,0,0,0,0,0,0,0,0,0,0,0
0,141,0,152,17,409,0,0,0,5,10,441,0,0,0,25,7,79,0,27,0,66,33,67,0,4,0,13,0,30,0,8,0,0,0,53,0,22,0,4,0,0,0,22,0,13,0,0,0,0,0,45,0,5,0,0,0,0,0,0,0,13,0,26,0,0,0,0,0,0,0,0,0,10,0,0,0,0,0,0,0,34,0,0,0,36,0,0,0,0,0,0,0,0,0,0,0,0,0,0,0,0,0,0,0,0,0,0,0,0,0,0,0,0,0,0,0,0,0,0,0,0,0,0,0,12,0,0,0,5,0,0,0,0,0,88,0,0,0,0,0,45,0,53,0,30,0,0,0,0,0,0,0,0,0,3,0,20,0,13,0,1,0,0,0,0,0,51,0,0,0,0,0,21,0,0,0,104,0,34,0,12,0,0,0,0,0,0,0,0,0,0,0,0,0,0,0,0,0,0,0,0,0,0,0,0,0,0,0,0,0,0,0,0,0,0,0,0,0,45,57,0,0,0,0
0,0,2,0,122,0,0,0,0,0,4,0,160,67,142,0,0,0,188,166,85,87,0,0,0,0,51,116,17,0,25,6,45,0,0,15,222,0,0,0,0,0,8,25,11,8,0,0,1,0,43,0,2,0,0,0,0,0,0,0,0,0,0,0,0,0,0,0,0,0,13,0,0,0,0,0,0,0,0,0,26,0,0,0,0,0,0,0,0,0,0,0,0,0,0,0,0,0,0,0,0,0,0,0,0,0,0,0,0,0,0,0,0,0,0,0,0,0,0,0,0,0,0,0,0,0,0,0,0,0,0,0,0,0,0,0,0,0,0,0,0,0,0,0,0,0,0,0,0,0,0,0,0,0,0,0,0,0,1,0,0,1,0,0,64,0,29,0,0,0,0,0,7,0,1,0,26,0,32,0,0,0,0,0,0,0,64,0,0,0,0,0,0,0,0,0,0,0,0,0,0,0,0,0,0,0,0,0,0,0,52,62,96,0,16,0,0,0,0,0,0,0,0,0,0
0,0,0,0,19,80,0,0,0,0,0,26,20,180,41,9,0,13,0,146,35,49,2,15,0,0,0,83,1,32,4,11,0,53,15,0,0,197,0,11,0,0,0,27,0,16,0,11,0,2,0,32,0,0,0,0,0,0,0,0,0,17,0,27,0,0,0,0,0,0,0,6,0,0,0,16,0,3,0,0,0,0,0,0,0,93,0,0,0,0,0,0,0,0,0,0,0,0,0,0,0,0,0,0,0,0,0,6,0,0,0,0,0,0,0,0,0,0,0,0,0,0,0,19,0,0,0,0,0,0,0,0,0,0,0,0,0,0,0,92,0,177,0,217,0,67,0,0,0,0,0,0,0,2,0,0,0,13,0,0,0,0,0,0,0,35,0,83,0,52,0,0,0,21,0,0,0,30,0,0,0,0,0,0,0,0,0,0,0,0,0,0,0,0,0,0,0,0,0,0,0,0,0,0,0,0,0,0,0,0,0,0,0,0,50,0,0,0,144,189,294,0,0,0,0
9,0,0,0,133,0,8,0,0,0,76,0,17,0,96,0,15,0,33,0,73,7,13,0,0,0,121,0,36,0,12,0,51,0,222,0,0,0,29,0,0,0,45,0,82,0,0,0,0,0,73,0,17,0,5,0,9,0,9,0,24,0,26,0,0,0,4,0,0,0,115,0,0,0,0,0,0,0,0,0,91,0,0,0,117,0,0,0,0,0,18,0,0,0,0,0,110,0,191,0,0,0,0,0,0,0,0,0,0,0,0,0,0,0,0,0,0,0,0,0,0,0,0,0,0,0,0,0,0,0,0,0,0,0,0,0,0,0,99,0,169,0,75,0,124,0,0,0,0,0,0,0,0,0,25,0,46,0,0,0,8,0,0,0,49,0,16,0,27,0,13,0,29,0,0,0,43,0,29,0,0,0,0,0,0,0,5,0,0,0,0,0,0,0,0,0,0,0,0,0,0,0,0,0,0,0,0,0,0,0,19,21,47,7,10,0,0,0,0,0,0,0,0,0,0
0,171,0,45,0,165,0,0,0,0,0,175,0,55,0,13,0,0,0,58,12,22,10,24,0,6,0,37,0,3,3,13,0,22,0,197,0,0,0,13,0,0,0,75,0,35,0,0,0,2,0,135,0,2,0,5,1,0,0,0,0,48,0,8,0,0,0,0,0,0,0,0,0,0,0,14,0,0,0,0,0,0,0,0,0,48,0,24,0,0,0,0,0,0,0,0,0,0,0,0,0,0,0,0,0,0,0,0,0,0,0,0,0,0,0,0,0,0,0,0,0,29,0,0,0,0,0,0,0,0,0,5,0,0,0,0,0,0,0,58,0,99,0,141,0,100,0,0,0,9,0,0,0,0,0,0,0,27,0,6,0,5,0,0,0,22,0,74,0,85,0,9,0,65,0,0,0,102,0,30,0,0,0,0,0,0,0,6,0,0,0,0,0,0,0,0,0,0,0,0,0,0,0,0,0,0,0,0,0,0,0,0,0,0,22,0,0,0,32,178,118,16,0,0,0
390,0,464,0,283,0,0,0,9,0,189,0,0,0,18,0,465,0,3,0,6,0,136,0,47,0,4,0,18,0,29,0,7,0,0,0,29,0,0,0,0,0,0,0,16,0,0,0,0,0,7,0,8,0,3,0,0,0,0,0,8,0,36,0,0,0,0,0,0,0,0,0,0,0,0,0,0,0,0,0,0,0,0,0,0,0,6,0,0,0,0,0,0,0,0,0,0,0,0,0,0,0,0,0,0,0,0,0,0,0,0,0,0,0,0,0,0,0,0,0,0,0,0,0,0,0,0,0,0,0,0,0,0,0,0,0,0,0,21,0,52,0,30,0,28,0,0,0,0,0,0,0,0,0,8,0,12,0,1,0,0,0,0,0,0,0,10,0,0,0,6,0,51,0,0,0,98,26,35,0,0,0,59,0,0,0,0,0,0,0,0,0,0,0,0,0,0,0,0,0,0,0,0,0,0,0,0,0,0,0,62,66,0,0,25,0,0,0,0,0,0,0,0,0,0
0,617,0,305,0,0,0,230,0,0,0,175,0,0,0,12,0,298,0,0,0,20,18,50,22,42,0,6,0,31,0,1,0,4,0,11,0,13,0,0,0,0,0,6,0,3,0,0,0,0,0,4,0,19,1,0,0,0,0,2,0,21,0,27,0,0,0,0,0,0,0,0,0,0,0,0,0,0,0,0,0,0,0,0,0,0,0,0,0,0,0,0,0,0,0,0,0,0,0,0,0,0,0,0,0,0,0,0,0,0,0,0,0,0,0,0,0,0,0,0,0,0,0,0,0,0,0,0,0,0,0,0,0,0,0,0,0,0,0,51,0,60,0,23,0,43,0,0,0,0,0,0,0,0,0,16,0,28,0,38,0,0,0,0,0,0,0,8,0,0,0,0,0,16,0,0,0,182,0,32,0,0,0,73,0,0,0,0,0,0,0,0,0,0,0,0,0,0,0,0,0,0,0,0,0,0,0,0,0,0,0,0,0,0,0,0,0,0,22,70,0,11,0,0,0
35,0,57,0,96,0,27,0,29,0,24,0,58,20,0,0,1,0,7,0,0,0,0,0,0,0,62,147,0,0,0,0,0,0,0,0,0,0,0,0,0,312,40,12,92,105,155,246,74,56,35,0,0,0,0,0,0,0,0,0,0,0,0,0,0,0,0,0,0,0,4,0,0,0,0,0,0,0,0,0,0,0,0,0,0,0,0,0,0,0,0,0,0,0,0,0,0,0,0,0,0,0,0,0,0,0,0,0,0,0,0,0,0,0,0,0,0,0,0,0,0,0,0,0,27,0,0,0,0,0,0,0,0,0,0,0,0,0,0,0,0,0,0,0,0,0,0,0,50,0,40,0,103,0,0,0,0,0,0,0,0,0,0,0,0,0,0,0,0,0,1,0,0,0,0,0,136,81,31,0,142,0,31,0,43,0,140,0,0,0,0,0,0,0,0,0,0,0,0,0,0,0,0,0,0,0,0,0,0,0,0,127,48,0,0,2,0,16,0,0,0,0,0,0,0
0,7,0,0,0,0,0,0,0,0,0,57,106,154,0,0,0,0,59,0,0,0,0,0,0,0,352,26,0,0,0,0,0,0,0,0,0,0,0,0,312,0,26,46,62,63,195,80,0,95,0,54,0,0,0,0,0,0,0,0,0,0,0,0,0,0,0,0,0,0,0,0,0,0,0,0,0,0,0,0,0,0,0,0,0,0,0,0,0,0,0,0,0,12,0,0,0,0,0,0,0,0,0,0,0,0,0,0,0,0,0,0,0,0,0,0,0,0,0,0,0,0,0,0,0,0,0,0,0,0,0,0,0,0,0,0,0,0,0,0,0,0,0,0,0,0,0,0,0,0,0,0,0,0,0,0,0,0,0,0,0,0,0,0,0,14,0,0,0,0,0,0,0,0,0,0,0,218,0,22,0,59,0,11,0,0,49,7,0,0,0,0,0,0,0,0,0,0,0,0,0,0,0,0,0,0,0,0,0,0,0,0,0,0,0,0,0,0,0,100,101,3,0,0,41
0,0,0,0,0,0,0,0,0,0,0,0,69,0,0,0,0,0,10,0,2,0,0,0,0,0,143,24,17,0,15,0,13,0,8,0,45,0,0,0,40,26,0,0,149,0,41,0,28,0,41,0,0,0,0,0,0,0,0,0,5,0,0,0,0,0,0,0,0,0,17,0,0,0,0,0,0,0,0,0,0,0,2,0,0,0,13,0,0,0,0,0,0,0,3,0,0,0,0,0,0,0,0,0,0,0,0,0,0,0,0,0,0,0,0,0,0,0,0,0,0,0,0,0,0,0,0,0,0,0,0,0,0,0,0,0,0,0,0,0,0,0,0,0,0,0,0,0,0,0,0,0,0,0,0,0,0,0,0,0,0,0,6,0,52,0,11,0,21,0,0,0,7,0,0,0,0,0,5,0,0,0,0,0,0,0,156,0,0,0,0,0,0,0,0,0,0,0,0,0,0,0,0,0,0,0,0,0,0,0,8,42,56,8,0,0,0,2,0,0,0,0,0,0,0
0,0,0,1,0,0,0,0,0,0,2,0,0,145,0,8,0,0,75,50,39,87,0,9,0,0,78,268,0,0,0,15,0,22,25,27,0,75,0,6,12,46,0,0,4,160,0,176,0,100,0,72,0,0,0,20,0,0,0,5,0,0,0,41,0,0,0,0,0,0,0,8,0,0,0,31,0,0,0,0,0,0,0,0,0,145,0,0,0,0,0,0,0,0,0,0,0,0,0,0,0,0,0,0,0,0,0,0,0,0,0,0,0,0,0,0,0,0,0,0,0,0,0,0,0,0,0,0,0,0,0,0,0,0,0,0,0,0,0,0,0,0,0,241,0,0,0,0,0,0,0,0,0,0,0,0,0,0,0,0,0,5,0,4,0,31,0,19,0,40,0,0,0,27,0,0,0,11,0,0,0,0,0,0,0,0,1,62,0,0,0,0,0,0,0,0,0,0,0,0,0,0,0,0,0,0,0,0,0,0,0,0,0,0,17,0,0,0,0,171,223,0,0,0,0
0,0,0,0,31,0,19,0,0,0,0,0,31,0,0,0,24,0,35,0,21,0,0,0,5,0,138,26,7,0,8,0,8,0,11,0,82,0,16,0,92,62,149,4,0,21,131,66,111,16,99,0,9,0,13,0,17,0,0,0,0,0,23,0,0,0,0,0,0,0,52,0,0,0,51,0,8,0,0,0,0,0,54,0,164,0,39,0,0,0,46,0,0,0,30,0,164,0,129,0,8,0,0,0,0,0,0,0,3,0,0,0,0,0,0,0,0,0,0,0,0,0,0,0,16,0,11,0,0,0,0,0,0,0,54,0,0,0,0,0,0,0,0,0,0,0,20,0,27,0,27,0,28,0,0,0,0,0,0,0,0,0,0,0,188,0,40,0,234,0,0,0,29,0,0,0,17,17,0,0,17,0,9,0,13,0,67,0,0,0,0,0,0,0,0,0,48,0,0,1,0,0,0,0,0,0,0,0,23,0,82,194,313,55,29,2,8,86,0,0,0,0,0,0,0
0,0,0,0,0,0,0,0,0,0,0,20,0,32,0,4,0,0,20,22,0,58,0,0,0,0,99,156,0,0,0,0,0,13,8,16,0,35,0,3,105,63,0,160,21,0,44,322,2,133,0,127,0,0,0,0,0,0,0,13,0,7,0,29,0,0,0,0,0,33,0,0,0,0,0,0,0,17,0,16,0,231,0,125,0,0,0,113,0,19,0,0,0,34,0,75,0,0,0,86,0,0,0,27,0,0,0,6,0,0,0,0,0,0,0,0,0,0,0,0,0,60,0,22,0,0,0,0,0,0,0,0,0,0,0,0,0,0,0,0,0,0,2,121,0,35,0,10,0,0,0,0,0,0,0,0,0,0,0,0,0,8,0,0,0,128,0,41,0,236,0,8,0,28,0,0,0,17,0,0,0,0,0,0,0,0,6,27,1,170,0,0,0,0,0,54,0,11,0,0,0,0,0,0,0,0,0,0,0,0,0,0,0,0,0,0,0,0,25,182,317,27,0,2,39
0,0,28,0,83,0,0,0,19,0,23,0,124,0,23,0,0,0,24,0,3,0,0,0,0,0,114,57,0,0,0,0,0,0,0,0,0,0,0,0,155,195,41,0,131,44,0,168,119,59,16,0,0,0,0,0,0,0,0,0,5,0,7,0,0,0,0,0,0,0,8,0,0,0,0,0,0,0,0,0,0,0,0,0,0,0,0,0,0,0,0,0,0,0,0,0,41,0,0,0,0,0,0,0,0,0,0,0,0,0,0,0,0,0,0,0,0,0,0,0,0,0,0,0,0,0,7,0,0,0,0,0,0,0,56,0,0,0,0,0,0,0,0,0,0,0,0,0,93,0,73,0,77,0,0,0,0,0,0,0,0,0,0,0,31,0,0,0,0,0,0,0,0,0,54,0,25,62,21,0,57,0,36,0,83,0,127,0,0,0,0,0,0,0,0,0,0,0,0,0,0,0,0,0,0,0,0,0,0,0,8,284,97,0,0,0,3,83,0,0,0,0,0,0,3
0,30,0,0,0,34,0,0,0,0,0,69,134,177,0,6,0,0,74,16,0,0,0,0,0,0,346,245,0,0,0,0,0,0,0,11,0,0,0,0,246,80,0,176,66,322,168,0,7,101,52,55,0,0,0,0,0,0,0,0,0,0,0,0,0,0,0,0,0,8,0,0,0,0,0,0,0,0,0,0,0,0,0,0,0,0,0,0,0,0,0,0,0,0,0,0,0,0,0,0,0,0,0,0,0,0,0,0,0,0,0,0,0,0,0,0,0,0,0,0,0,0,0,0,0,0,0,0,0,0,0,0,0,0,0,0,0,0,0,0,0,0,0,0,0,0,0,0,0,0,0,0,0,0,0,0,0,0,0,0,0,0,0,0,0,24,0,0,0,0,0,0,0,0,0,0,0,100,0,0,0,0,0,1,0,0,54,13,0,0,0,0,0,0,0,0,0,0,0,0,0,0,0,0,0,0,0,0,0,0,0,0,0,0,0,0,0,0,0,200,132,0,0,2,43
42,1,27,0,0,0,48,0,28,3,20,0,14,0,0,0,7,0,0,1,0,0,10,0,0,0,12,0,0,0,0,0,1,0,1,0,0,0,0,0,74,0,28,0,111,2,119,7,0,7,15,0,6,0,29,0,21,0,16,0,4,0,2,0,0,0,3,0,37,0,1,0,2,0,0,0,0,0,12,0,12,0,75,0,0,0,8,0,5,0,0,0,21,0,55,0,0,0,6,0,12,0,10,0,0,0,15,0,2,0,0,0,0,0,0,0,0,0,0,0,0,0,0,0,0,0,0,0,0,0,0,0,5,0,0,0,0,0,0,0,0,0,5,0,0,0,0,0,5,0,16,0,0,0,0,0,0,0,0,0,8,0,7,0,24,0,12,0,65,0,8,0,34,0,6,0,51,7,8,0,0,3,10,0,4,0,167,0,0,0,0,0,40,0,13,0,21,0,12,0,0,0,24,0,7,0,15,0,17,0,86,135,162,14,53,0,13,10,0,0,0,0,0,0,1
0,2,0,0,0,3,0,0,0,0,0,26,0,36,0,0,0,0,0,0,1,0,0,0,0,0,0,49,0,0,0,0,0,0,0,2,0,2,0,0,56,95,0,100,16,133,59,101,7,0,0,29,0,0,0,0,0,0,0,0,0,0,0,8,0,0,0,0,0,23,0,0,0,0,0,0,0,0,0,0,0,34,0,58,0,0,0,17,0,15,0,0,0,35,0,28,0,0,0,17,0,0,0,21,0,0,0,4,0,0,0,0,0,0,0,0,0,1,0,0,0,0,0,0,0,0,0,0,0,0,0,0,0,0,0,0,0,0,0,0,0,0,0,0,0,3,2,4,0,0,0,11,0,8,0,0,0,0,0,0,0,0,0,4,0,37,0,6,0,49,0,0,0,9,0,7,1,56,0,2,0,9,0,3,0,0,21,44,0,0,0,5,0,0,0,0,0,6,0,0,0,0,0,0,0,0,0,0,0,5,0,2,0,0,7,0,0,1,15,11,95,9,0,4,12
0,1,0,0,90,0,0,0,0,0,4,0,303,0,31,0,12,0,235,49,72,0,0,0,0,0,340,156,18,0,21,0,12,0,43,0,73,0,7,0,35,0,41,0,99,0,16,52,15,0,0,0,2,0,0,0,0,0,6,0,0,0,0,0,3,0,0,0,0,0,24,0,0,0,18,0,0,0,0,0,0,0,0,0,0,0,0,0,0,0,0,0,0,0,0,0,65,0,0,0,0,0,0,0,0,0,0,0,0,0,0,0,0,0,0,0,0,0,0,0,0,0,0,0,0,0,0,0,0,0,0,0,0,0,0,0,0,0,0,0,0,0,21,0,0,0,0,0,0,0,0,0,0,0,0,0,0,0,5,0,4,0,6,0,107,0,17,0,41,0,6,0,21,0,3,0,5,0,29,0,0,0,0,0,0,0,261,0,0,0,0,0,0,0,0,0,0,0,0,0,0,0,0,0,1,0,0,0,0,0,92,66,198,48,24,0,3,6,0,0,0,0,0,0,0
0,0,0,0,0,0,0,0,0,0,0,8,0,298,0,3,0,0,25,191,0,67,0,9,0,0,18,278,0,12,0,15,0,45,0,32,0,135,0,4,0,54,0,72,0,127,0,55,0,29,0,0,0,0,0,0,0,0,1,12,0,10,0,28,0,0,0,0,0,0,0,0,0,0,0,29,0,0,0,0,0,152,0,0,0,103,0,79,0,0,0,0,0,0,0,0,0,0,0,0,0,0,0,0,0,0,0,0,0,0,0,0,0,0,0,0,0,0,0,0,0,75,0,0,0,0,0,0,0,0,0,0,0,0,0,0,0,0,0,0,0,0,0,191,0,66,0,0,0,0,0,0,0,0,0,0,0,0,0,0,0,0,0,0,0,49,0,30,0,97,0,11,0,55,0,0,0,10,0,0,0,0,0,0,0,0,0,46,0,0,0,0,0,0,0,0,0,0,0,0,0,0,0,0,0,0,0,0,0,4,0,0,0,0,16,0,0,0,53,118,147,0,0,2,1
0,0,2,0,0,0,22,7,195,28,0,0,4,0,5,0,120,0,0,0,45,0,10,0,39,0,21,0,12,0,0,0,0,0,2,0,17,0,8,0,0,0,0,0,9,0,0,0,6,0,2,0,0,8,113,71,66,10,43,9,69,1,39,3,0,0,38,36,0,0,0,0,0,0,4,0,0,0,0,0,0,0,0,0,28,0,0,0,0,0,0,0,0,0,0,0,0,0,0,0,0,0,0,0,0,0,1,0,0,0,0,0,0,0,0,0,0,0,0,0,3,0,0,0,10,0,0,0,35,0,3,0,9,0,5,0,122,0,177,0,133,0,128,1,18,0,6,0,6,0,3,0,4,0,241,0,77,1,135,0,21,0,0,0,3,0,0,0,0,0,123,0,20,0,0,0,10,13,0,0,1,0,3,0,65,3,0,0,0,0,0,0,0,0,0,0,0,0,2,0,3,0,0,0,0,0,0,0,4,0,32,22,98,96,61,7,26,0,0,0,0,4,0,0,0
0,0,0,0,0,5,4,10,16,128,0,0,0,0,0,7,0,73,0,6,0,38,0,76,0,7,0,0,0,23,0,5,0,5,0,0,0,2,0,19,0,0,0,0,0,0,0,0,0,0,0,0,8,0,21,50,11,70,28,22,0,73,0,78,0,0,41,69,0,0,0,0,0,0,0,0,0,1,0,0,0,0,0,0,0,0,0,0,0,0,0,0,0,0,0,0,0,0,0,0,0,0,0,0,0,0,0,0,0,0,0,0,0,0,0,0,0,0,0,0,0,0,0,0,0,6,0,0,0,22,0,0,0,12,0,47,0,46,0,71,0,53,0,68,0,7,0,0,0,0,0,1,0,0,0,119,2,65,0,64,0,16,0,0,0,0,0,0,0,4,0,13,0,7,0,0,0,8,0,0,0,0,0,0,0,48,0,0,0,0,0,0,0,0,0,0,0,0,0,1,0,10,0,1,0,0,0,0,1,6,0,0,2,0,18,0,0,0,0,1,19,21,0,0,0
6,6,80,0,0,0,139,32,88,122,0,0,0,0,65,0,16,0,0,0,27,0,136,0,122,43,0,0,11,0,0,0,0,0,0,0,5,0,3,1,0,0,0,0,13,0,0,0,29,0,0,0,113,21,0,161,75,6,106,0,33,0,42,23,27,0,127,41,1,0,0,0,2,0,0,0,0,0,0,0,0,0,0,0,0,0,0,0,0,0,0,0,0,0,0,0,0,0,0,0,0,0,0,0,0,0,0,0,0,0,0,0,0,0,0,0,0,0,0,0,0,0,0,0,23,0,0,0,28,0,32,0,36,0,0,0,52,0,10,0,0,0,0,0,0,0,0,0,8,0,12,0,0,0,82,0,33,0,18,0,99,0,0,0,12,0,0,0,6,0,252,0,31,0,0,0,3,20,0,0,0,0,0,0,15,5,0,0,0,0,0,0,0,0,0,0,0,0,0,0,0,0,0,0,0,0,2,0,25,0,146,39,233,253,201,0,97,0,0,4,0,0,2,0,0
0,23,0,90,0,0,0,137,140,139,0,0,0,0,0,89,3,6,0,26,0,43,0,17,26,102,0,0,0,17,0,0,0,0,0,0,0,5,0,0,0,0,0,20,0,0,0,0,0,0,0,0,71,50,161,0,36,67,100,20,0,103,42,72,0,0,126,66,0,0,0,0,0,0,0,0,0,0,0,0,0,0,0,7,0,0,0,0,0,0,0,1,0,0,0,0,0,0,0,0,0,0,0,0,0,0,0,0,0,0,0,0,0,0,0,0,0,0,0,0,0,0,0,0,0,60,0,33,0,9,0,58,0,48,0,98,0,126,0,14,0,19,0,21,0,0,0,16,0,43,0,19,0,0,5,51,6,29,0,10,0,70,0,0,2,0,0,19,0,34,6,143,0,111,0,0,0,37,0,0,0,0,0,0,6,46,0,0,0,0,0,0,0,0,0,0,0,0,0,11,0,8,0,0,0,0,0,0,0,52,28,4,16,11,459,3,1,0,295,43,273,339,20,130,3
0,0,24,0,0,0,10,0,5,11,0,0,0,0,33,0,16,0,0,0,0,0,38,0,43,0,0,0,0,0,0,0,0,0,0,0,9,1,0,0,0,0,0,0,17,0,0,0,21,0,0,0,66,11,75,36,0,9,117,0,12,0,14,0,53,0,63,43,1,0,0,0,0,0,0,0,0,0,0,0,1,0,0,0,0,0,0,0,0,0,0,0,0,0,0,0,0,0,0,0,0,0,0,0,0,0,0,0,0,0,0,0,0,0,0,0,0,0,0,0,0,0,0,0,9,0,0,0,62,0,14,0,17,0,0,0,9,0,38,0,0,0,0,0,22,0,0,0,2,0,0,0,0,0,103,0,58,0,72,0,145,0,85,0,24,0,21,0,18,0,352,0,37,0,0,0,0,0,0,0,0,12,1,0,1,3,0,0,0,0,0,0,0,0,0,0,0,0,0,0,0,0,0,0,0,0,0,0,7,0,379,142,496,605,953,151,119,0,5,0,0,0,0,0,0
0,4,0,0,0,0,0,6,0,30,0,0,0,0,0,0,0,44,0,0,0,10,0,10,0,25,0,0,0,12,0,0,0,0,0,0,0,0,0,0,0,0,0,0,0,0,0,0,0,0,0,0,10,70,6,67,9,0,53,87,0,28,0,28,17,2,62,75,0,8,0,0,0,0,0,0,0,0,0,0,0,0,0,0,0,0,0,1,0,0,0,0,0,0,0,0,0,0,0,0,0,0,0,0,0,0,0,0,0,0,0,0,0,0,0,0,0,0,0,0,0,0,0,0,0,24,0,0,0,29,0,48,0,51,0,54,0,64,0,27,0,17,0,17,0,0,0,5,0,3,0,9,0,0,0,209,0,32,0,70,0,128,0,0,0,0,0,15,0,53,1,298,0,34,0,15,0,0,0,0,9,0,0,0,3,5,0,0,0,0,0,0,0,0,0,0,0,0,0,0,0,0,0,0,0,0,0,0,0,22,0,0,0,2,377,0,0,0,195,74,368,370,38,75,0
7,0,37,0,0,0,28,0,11,32,3,0,0,0,0,0,0,0,0,0,0,0,26,0,24,0,0,0,0,0,0,0,0,0,0,0,9,0,0,0,0,0,0,0,0,0,0,0,16,0,6,1,43,28,106,100,117,53,0,65,0,0,29,6,43,10,156,161,2,0,0,0,0,0,0,0,0,0,0,0,0,0,0,0,0,0,0,0,0,0,0,0,0,0,0,0,0,0,0,0,0,0,0,0,0,0,0,0,1,0,0,0,0,0,0,0,0,0,0,0,0,0,0,0,0,0,0,0,3,0,2,0,3,0,1,0,0,0,8,0,0,0,0,0,0,0,0,0,0,0,0,0,0,0,90,10,140,3,0,0,28,3,5,0,0,0,8,0,10,0,121,0,20,0,2,6,7,0,0,0,28,16,0,0,0,12,0,0,0,0,0,0,0,0,0,0,0,0,0,0,0,0,0,0,0,0,0,0,0,0,520,227,324,540,974,126,141,0,7,0,0,0,0,0,0
0,7,0,0,0,0,0,8,0,16,0,0,0,0,0,0,0,0,0,0,0,0,0,0,0,9,0,0,0,3,0,0,0,0,0,0,0,0,0,2,0,0,0,5,0,13,0,0,0,0,0,12,9,22,0,20,0,87,65,0,0,0,0,17,30,37,109,220,0,4,0,0,0,0,0,0,0,0,0,0,0,2,0,0,0,0,0,0,0,0,0,0,0,0,0,3,0,0,0,0,0,0,0,0,0,0,0,0,0,0,0,0,0,0,0,0,0,0,0,0,0,0,0,0,0,12,0,0,0,0,0,46,0,4,0,0,0,5,0,0,2,0,0,0,0,18,0,5,0,0,0,0,0,0,30,129,0,195,0,25,0,44,0,0,0,0,0,0,0,70,0,229,0,51,0,18,0,0,0,0,0,0,0,0,0,13,0,0,0,0,0,0,0,0,0,0,0,0,0,0,0,0,0,0,0,0,0,0,0,0,3,3,3,0,1088,0,0,0,600,165,603,772,92,0,0
208,0,91,0,0,0,224,0,223,0,0,0,0,0,0,0,71,0,0,0,10,0,0,0,28,0,19,0,8,0,0,0,0,0,0,0,24,0,8,0,0,0,5,0,0,0,5,0,4,0,0,0,69,0,33,0,12,0,0,0,0,0,59,0,0,0,0,1,0,0,10,0,0,0,16,0,0,0,0,0,0,0,0,0,13,0,5,0,0,0,0,0,0,0,0,0,0,0,0,0,0,0,0,0,0,0,0,0,0,0,0,0,0,0,0,0,0,0,0,0,0,0,0,0,7,0,0,0,0,0,5,0,2,0,0,0,12,0,157,0,171,0,46,0,211,0,0,0,6,0,0,0,0,0,65,0,164,0,21,0,0,0,5,0,0,0,1,0,0,0,87,0,54,0,0,0,13,10,0,0,0,1,18,0,0,0,0,0,0,0,0,0,0,0,0,0,0,0,0,0,0,0,0,0,0,0,0,0,0,0,53,49,33,29,0,6,0,0,0,0,0,0,0,0,0
0,281,0,36,0,6,0,266,0,309,0,13,0,0,0,2,0,43,0,0,0,5,0,0,17,55,0,0,0,40,0,0,0,13,0,17,0,48,0,21,0,0,0,0,0,7,0,0,0,0,0,10,1,73,0,103,0,28,0,0,0,0,0,136,0,0,0,0,0,0,0,0,0,0,0,0,0,0,0,0,0,16,0,0,0,0,0,0,0,0,0,0,0,0,0,0,0,0,0,5,0,0,0,0,0,0,0,0,0,0,0,0,0,0,0,0,0,0,0,0,0,0,0,0,0,0,0,0,0,0,0,0,0,0,0,0,0,1,0,63,0,118,0,51,0,273,0,1,0,0,0,0,0,0,0,12,0,81,0,47,0,0,0,0,0,0,0,0,0,2,0,94,1,25,0,0,0,112,0,0,0,0,0,102,0,33,0,0,0,0,0,0,0,0,0,0,0,0,0,0,0,0,0,0,0,0,0,1,0,0,0,0,0,0,52,0,0,0,107,63,41,31,2,16,0
73,7,43,0,0,0,241,26,360,24,0,0,0,0,19,0,476,3,49,0,179,0,34,1,78,42,67,0,36,0,54,0,14,0,0,0,26,0,36,0,0,0,0,0,23,0,7,0,2,0,0,0,39,0,42,42,14,0,29,0,59,0,0,7,0,0,0,0,0,0,35,0,0,0,31,0,0,0,0,0,48,0,0,0,0,0,30,0,0,0,0,0,0,0,0,0,0,0,0,0,0,0,0,0,0,0,0,0,0,0,0,0,0,0,0,0,0,0,0,0,0,0,0,0,0,0,0,0,0,0,0,0,8,0,0,0,87,0,91,0,211,0,239,0,27,0,0,0,0,0,0,0,0,0,131,0,79,0,61,0,11,0,0,0,0,0,0,0,0,0,14,0,23,0,0,0,8,31,0,0,0,0,13,0,24,1,0,0,0,0,0,0,0,0,0,0,0,0,0,0,0,0,0,0,0,0,0,0,0,0,31,26,43,48,32,2,8,0,8,0,0,0,0,0,0
0,50,0,1,0,17,0,155,29,304,0,8,0,0,0,25,1,205,0,58,0,189,0,277,9,45,0,0,0,54,0,0,0,26,0,27,0,8,0,27,0,0,0,41,0,29,0,0,0,8,0,28,3,78,23,72,0,28,6,17,0,136,7,0,0,0,9,28,0,0,0,0,0,0,0,0,0,0,0,0,0,0,0,0,0,0,0,0,0,0,0,0,0,0,0,0,0,0,0,1,0,0,0,0,0,0,0,0,0,0,0,0,0,0,0,0,0,0,0,0,0,0,0,0,0,0,0,0,0,0,0,0,0,0,0,0,0,12,0,93,0,102,0,64,0,44,0,0,0,0,0,0,0,0,0,64,0,58,0,45,0,0,0,3,0,3,0,0,0,0,1,18,0,31,0,0,0,47,0,0,0,0,0,35,0,31,0,0,0,0,0,0,0,0,0,0,0,0,0,0,0,4,0,0,0,0,0,0,0,0,0,0,3,5,60,0,0,0,26,10,23,36,0,15,0
5,0,16,0,21,0,5,0,134,0,2,0,0,0,37,0,0,0,16,0,0,0,0,0,0,0,36,0,0,0,0,0,0,0,0,0,0,0,0,0,0,0,0,0,0,0,0,0,0,0,3,0,0,0,27,0,53,17,43,30,0,0,0,0,0,28,57,0,0,0,0,0,0,0,0,0,0,0,0,0,0,0,0,0,0,0,0,0,0,0,0,0,0,0,0,0,0,0,0,0,0,0,0,0,0,0,0,0,0,0,0,0,0,0,0,0,0,0,0,0,0,0,0,0,2,0,0,0,0,0,16,0,0,0,0,0,0,0,20,15,0,0,0,0,58,0,1,0,22,0,0,0,0,0,15,42,25,0,6,32,131,74,14,0,0,0,0,0,0,0,18,0,0,0,10,6,11,0,0,0,165,83,10,0,67,0,0,0,0,0,0,0,0,0,0,0,0,0,0,0,0,0,0,0,0,0,0,0,0,0,101,15,0,0,120,0,1,0,7,0,0,0,0,0,0
0,121,0,0,0,0,0,0,0,158,0,14,0,5,0,0,0,0,0,62,0,0,0,0,0,0,0,0,0,0,0,0,0,0,0,0,0,0,0,0,0,0,0,0,0,0,0,0,0,0,0,0,0,0,0,0,0,2,10,37,0,0,0,0,28,0,9,158,0,0,0,0,1,0,0,11,0,0,0,0,0,0,0,1,0,0,0,0,0,0,0,0,0,0,0,0,0,0,0,0,0,0,0,0,0,0,0,0,0,0,0,0,0,0,0,0,0,0,0,0,0,0,0,0,0,7,0,0,0,0,0,9,0,0,0,0,0,0,43,34,0,0,0,0,30,139,0,19,0,83,0,0,0,5,0,14,0,27,0,8,0,105,0,0,0,0,0,0,0,0,0,0,0,0,0,96,0,0,0,0,40,294,0,6,0,76,0,0,0,0,0,0,0,0,0,0,0,0,0,0,0,0,0,0,0,0,0,0,0,0,0,0,0,0,207,0,0,0,174,30,101,0,0,0,0
10,0,0,0,8,0,10,0,90,42,0,0,0,0,0,0,0,0,0,0,0,0,0,0,0,0,0,0,0,0,0,0,0,0,0,0,4,0,0,0,0,0,0,0,0,0,0,0,3,0,0,0,38,41,127,126,63,62,156,109,0,0,0,9,57,9,0,117,0,0,0,0,0,0,0,0,0,0,0,0,0,0,0,0,0,0,0,0,0,0,0,0,0,0,0,0,0,0,0,0,0,0,0,0,0,0,0,0,0,0,0,0,0,0,0,0,0,0,0,0,0,0,0,0,0,0,1,0,0,0,9,0,0,0,0,0,0,0,7,0,0,0,0,0,7,0,0,0,5,0,0,0,0,0,46,20,70,0,2,0,97,0,0,0,3,0,5,0,0,0,47,3,10,0,14,10,52,0,0,0,130,25,0,0,292,12,0,0,0,0,0,0,0,0,0,0,0,0,0,0,0,0,0,0,0,0,0,0,0,0,203,55,58,0,244,27,0,0,7,14,0,0,0,0,0
0,32,0,0,0,0,0,9,7,118,0,5,0,0,0,0,0,0,0,0,0,0,0,0,0,0,0,0,0,0,0,0,0,0,0,0,0,0,0,0,0,0,0,0,0,0,0,0,0,0,0,0,36,69,41,66,43,75,161,220,1,0,0,28,0,158,117,0,0,0,0,1,0,0,0,0,0,0,0,0,0,0,0,0,0,0,0,0,0,2,0,0,0,0,0,0,0,0,0,0,0,0,0,0,0,0,0,0,0,0,0,0,0,0,0,0,0,0,0,0,0,0,0,0,0,0,0,0,1,0,0,30,0,0,0,0,0,0,0,0,0,0,0,0,0,15,0,6,0,21,0,0,0,0,28,64,0,106,0,13,0,56,0,0,0,0,0,0,0,12,1,60,0,17,0,111,0,0,0,0,0,135,0,0,7,187,0,0,0,0,0,0,0,0,0,0,0,0,0,0,0,0,0,0,0,0,0,0,0,0,9,0,0,0,597,0,0,0,383,163,255,370,35,34,0
0,0,0,0,0,0,0,0,0,0,0,0,0,0,0,0,0,0,0,0,0,0,0,0,0,0,0,0,0,0,0,0,0,0,0,0,0,0,0,0,0,0,0,0,0,0,0,0,37,0,0,0,0,0,1,0,1,0,2,0,0,0,0,0,0,0,0,0,0,0,4,0,0,0,0,0,46,0,18,0,9,0,44,0,0,0,8,0,5,0,12,0,52,0,10,0,0,0,18,0,0,0,156,0,0,0,80,0,21,0,2,0,13,0,2,0,8,0,0,0,0,0,0,0,0,8,0,0,0,3,0,0,0,1,0,0,0,0,0,3,0,0,0,0,0,0,0,0,0,0,0,0,9,0,0,0,0,0,0,0,3,0,0,0,14,0,0,0,263,0,16,0,0,0,0,0,0,0,0,0,8,0,0,0,0,0,0,0,141,0,38,0,134,0,71,0,86,0,0,0,0,0,0,0,0,0,0,0,0,0,83,10,83,2,9,33,86,6,0,0,0,0,0,0,0
0,0,0,0,0,0,0,0,0,17,0,0,0,0,0,0,0,0,0,0,0,0,0,0,0,0,0,0,0,0,0,0,0,0,0,0,0,0,0,0,0,0,0,0,0,33,0,8,0,23,0,0,0,0,0,0,0,8,0,4,0,0,0,0,0,0,0,0,0,0,0,0,0,0,0,0,0,11,0,0,0,8,0,56,0,0,0,8,0,23,0,0,0,65,0,12,0,0,0,0,0,0,0,87,0,0,0,0,0,7,0,8,0,4,0,3,0,3,0,4,0,1,0,0,0,0,0,0,0,0,0,0,0,0,0,0,0,0,0,0,0,0,0,0,0,0,0,1,0,0,0,0,0,0,0,0,0,0,0,1,0,0,0,0,0,19,0,0,1,56,0,8,0,6,0,0,0,1,0,1,0,0,0,0,0,0,0,0,0,24,0,0,0,0,0,0,0,3,0,0,0,0,0,7,0,0,0,0,0,0,0,0,0,0,2,0,0,0,29,20,80,2,10,30,0
0,0,0,0,0,0,0,0,0,0,0,0,0,0,14,0,34,0,0,0,111,0,0,0,0,0,178,0,17,0,41,0,0,0,13,0,115,0,0,0,4,0,17,0,52,0,8,0,1,0,24,0,0,0,0,0,0,0,0,0,10,0,35,0,0,0,0,0,4,0,0,0,281,0,293,0,9,0,279,0,0,0,0,0,11,0,25,0,0,0,0,0,0,0,0,0,0,0,0,1,0,0,0,0,0,0,0,0,0,0,0,0,0,0,0,0,0,0,0,0,15,0,18,0,0,0,59,0,0,6,0,0,26,0,42,0,27,0,10,12,221,9,233,0,112,9,60,0,39,0,113,0,27,0,0,0,12,0,0,0,16,14,64,5,2,0,35,0,53,2,92,0,85,0,53,0,0,0,0,0,93,28,0,0,7,0,0,0,0,0,0,0,0,0,0,0,0,0,0,0,32,0,0,0,0,0,0,0,163,0,40,0,26,0,0,0,0,0,4,0,0,7,0,0,0
0,0,0,0,0,6,0,0,0,0,0,0,0,0,0,0,0,0,0,0,0,0,0,0,0,0,0,0,0,0,0,0,0,0,0,6,0,0,0,0,0,0,0,8,0,0,0,0,0,0,0,0,0,0,0,0,0,0,0,0,0,0,0,0,0,0,0,1,0,0,0,0,0,110,0,301,0,11,0,16,2,7,0,0,0,5,0,27,0,0,0,0,1,0,0,0,0,0,0,0,0,0,0,0,0,0,0,0,0,0,0,0,0,0,0,0,0,0,0,0,0,12,0,38,0,144,0,160,0,0,0,0,0,88,11,47,0,77,0,0,0,64,0,41,0,114,0,86,0,17,0,98,0,0,0,0,0,9,0,0,0,3,0,39,1,0,0,0,0,10,0,22,0,25,0,23,0,0,0,0,16,77,0,0,0,0,0,0,0,0,0,0,0,0,0,0,0,0,5,0,0,0,0,0,0,0,0,0,0,93,2,0,0,0,0,0,0,0,71,2,32,0,0,0,0
0,0,0,0,0,0,0,0,0,0,0,0,0,0,0,0,0,0,0,0,0,0,0,0,0,0,0,0,0,0,0,0,0,0,0,0,0,0,0,0,0,0,0,0,0,0,0,0,2,0,0,0,0,0,2,0,0,0,0,0,0,0,0,0,0,1,0,0,0,0,281,0,0,0,162,0,41,0,223,0,26,0,26,0,19,0,27,0,0,0,0,0,12,0,0,0,8,0,6,0,0,0,0,0,0,0,0,0,0,0,0,0,0,0,0,0,0,0,0,0,27,0,12,0,78,0,105,0,3,0,19,0,72,0,57,0,34,0,15,0,101,0,138,0,73,0,66,0,0,0,210,0,0,0,0,0,0,0,0,0,0,0,38,0,0,0,0,0,6,0,6,0,0,0,0,0,0,0,0,0,23,0,0,0,0,0,0,0,0,0,0,0,41,0,0,0,0,0,83,0,55,0,0,0,0,0,190,0,285,0,284,5,15,0,18,0,3,0,3,0,0,0,1,0,0
0,0,0,0,0,0,0,0,0,0,0,0,0,0,0,0,0,0,0,0,0,0,0,0,0,0,0,0,0,0,0,0,0,10,0,0,0,0,0,0,0,0,0,0,0,0,0,0,0,0,0,0,0,0,0,0,0,0,0,0,0,0,0,0,0,0,0,0,0,0,0,110,0,0,0,229,0,131,0,143,0,24,0,21,0,45,0,107,0,0,0,0,0,7,0,1,0,0,4,0,0,0,0,0,0,0,0,0,0,0,0,0,0,0,0,0,0,0,0,0,0,23,0,15,0,146,0,150,0,0,0,34,0,47,0,0,0,123,0,0,1,28,0,73,0,59,22,0,0,9,0,169,15,77,0,0,0,0,0,0,0,0,0,38,0,0,0,0,0,18,0,4,0,0,0,15,0,0,0,0,7,74,0,0,0,1,0,0,0,0,0,0,0,0,0,0,0,88,0,0,0,104,0,211,0,0,0,0,0,153,0,0,7,0,0,0,0,0,99,1,21,6,1,0,0
0,0,0,0,0,0,0,0,0,0,0,0,0,0,0,0,40,0,0,0,132,0,0,0,0,0,0,0,20,0,0,0,0,0,0,0,0,0,0,0,0,0,0,0,51,0,0,0,0,0,18,0,4,0,0,0,0,0,0,0,16,0,31,0,0,0,0,0,0,0,293,0,162,0,0,3,7,0,247,0,10,0,5,0,62,0,40,0,0,0,0,0,0,0,0,0,0,0,0,0,0,0,0,0,0,0,0,0,0,0,0,0,0,0,0,0,0,0,0,0,43,0,94,0,33,0,0,0,0,10,0,0,0,0,32,0,21,0,3,10,132,0,242,0,83,0,31,0,22,0,50,0,52,0,0,0,0,0,0,0,0,0,29,0,0,0,17,0,19,0,37,0,30,0,63,0,0,0,0,0,79,17,0,0,0,0,0,0,0,0,0,0,0,0,0,0,0,0,75,0,42,0,60,0,0,0,83,0,0,0,22,0,0,0,0,0,0,0,0,0,0,8,0,0,0
0,0,0,0,0,23,0,0,0,0,0,19,0,0,0,0,0,0,0,0,0,57,0,0,0,0,0,0,0,0,0,0,0,0,0,16,0,14,0,0,0,0,0,31,0,0,0,0,0,0,0,29,0,0,0,0,0,0,0,0,0,0,0,0,0,11,0,0,0,0,0,301,0,229,3,0,0,46,0,93,0,39,0,0,0,60,0,98,0,0,0,0,3,0,0,0,0,0,0,0,0,4,0,0,0,0,0,0,0,0,0,0,0,0,0,0,0,0,0,0,0,124,0,50,0,0,0,161,0,0,0,0,0,51,7,208,5,135,0,6,0,112,0,130,0,221,0,116,0,22,0,161,0,70,0,0,0,12,0,0,0,0,0,75,0,0,0,34,3,16,0,31,0,0,0,0,0,3,0,0,9,82,0,0,0,0,0,0,0,0,0,0,0,0,0,0,0,0,0,151,0,40,0,0,0,0,0,0,0,173,0,0,0,0,11,0,0,0,109,5,46,0,0,4,0
0,0,0,0,0,0,0,0,0,0,0,0,0,0,0,0,0,0,0,0,0,0,0,0,0,0,0,0,0,0,0,0,0,0,0,0,0,0,0,0,0,0,0,0,8,0,0,0,0,0,0,0,0,0,0,0,0,0,0,0,0,0,0,0,0,0,0,0,46,0,9,0,41,0,7,0,0,0,46,0,0,0,23,0,0,0,10,0,0,0,0,0,37,0,5,0,0,0,0,0,0,0,30,0,0,0,10,0,6,0,0,0,0,0,7,0,5,0,0,0,0,0,2,0,0,1,0,0,0,0,0,0,0,0,0,0,0,0,0,0,0,0,0,0,0,0,0,1,0,0,0,0,2,0,0,0,0,0,0,0,2,0,0,0,0,0,0,0,30,0,3,0,0,0,0,0,0,0,0,0,0,0,0,0,0,0,0,0,0,0,10,0,41,0,0,0,26,0,0,0,0,0,0,0,0,0,0,0,0,0,18,0,26,0,0,0,17,0,0,0,0,0,0,0,0
0,0,0,0,0,0,0,0,0,0,0,0,0,0,0,0,0,0,0,0,0,0,0,0,0,0,0,0,0,0,0,0,0,0,0,3,0,0,0,0,0,0,0,0,0,17,0,0,0,0,0,0,0,1,0,0,0,0,0,0,0,0,0,0,0,0,0,0,0,11,0,11,0,131,0,46,0,0,0,58,0,45,0,88,0,0,0,147,0,20,5,0,0,162,0,18,0,0,0,22,0,8,0,88,0,0,0,8,0,11,0,2,0,0,0,2,0,7,0,0,0,13,0,7,1,0,0,0,0,0,0,0,0,0,0,0,0,0,0,0,0,6,0,0,0,0,0,0,0,2,0,0,0,0,0,0,0,0,0,0,0,0,0,3,0,3,0,0,0,66,0,3,0,0,0,0,0,0,0,0,0,10,0,0,0,0,0,0,0,117,0,0,0,0,0,49,0,0,0,0,0,33,0,0,0,0,0,0,0,0,0,0,0,0,0,0,0,0,8,0,68,2,5,2,0
0,0,0,0,0,1,0,0,0,0,0,0,0,0,0,0,0,0,0,0,0,0,0,0,0,0,0,0,0,0,0,0,0,0,0,0,0,0,0,0,0,0,0,0,0,0,0,0,12,0,0,0,0,0,0,0,0,0,0,0,0,0,0,0,0,0,0,0,18,0,279,0,223,0,247,0,46,0,0,0,3,0,42,0,46,0,37,0,1,0,0,0,31,0,0,0,0,0,14,1,0,0,4,0,0,0,4,0,0,0,0,0,0,0,0,0,2,0,0,0,70,0,38,0,0,8,0,0,0,3,0,0,0,3,0,0,0,0,0,3,31,4,148,0,0,0,0,0,0,0,0,1,0,0,0,0,0,0,0,0,0,0,15,0,13,0,0,0,26,0,0,0,0,0,0,0,1,0,0,0,0,0,0,0,0,0,1,0,0,0,0,0,119,0,0,0,36,0,0,0,125,0,322,0,0,0,205,0,0,0,320,0,39,8,48,5,7,0,0,0,0,0,0,0,0
0,0,0,0,0,0,0,0,0,0,0,0,0,0,0,0,0,4,0,0,0,0,0,21,0,0,0,0,0,0,0,0,0,0,0,0,0,0,0,0,0,0,0,0,0,16,0,0,0,0,0,0,0,0,0,0,0,0,0,0,0,0,0,0,0,0,0,0,0,0,0,16,0,143,0,93,0,58,0,0,1,10,0,5,0,49,0,89,0,0,0,0,0,0,0,0,0,0,0,0,0,0,1,0,0,0,0,0,0,0,0,0,0,0,0,0,0,0,0,0,0,44,0,29,0,0,0,0,0,0,0,0,0,0,0,86,0,59,0,0,0,35,0,46,0,45,0,0,0,0,0,0,2,19,0,0,0,0,0,0,0,0,0,0,0,0,0,0,0,4,0,0,0,18,0,0,0,0,0,0,3,28,0,0,0,0,0,0,0,0,0,0,0,0,0,0,0,0,0,0,0,20,0,0,0,0,0,0,0,0,0,0,0,0,0,0,0,0,21,1,10,0,0,0,0
