0,459,29,158,28,0,61,310,73,82,116,0,60,0,6,46,86,33,0,0,15,5,49,97,0,169,23,0,48,0,19,0,129,1,0,0,46,0,109,0,28,0,0,0,1,0,27,0,5,0,0,0,0,0,0,0,0,0,0,0,6,0,0,19,61,0,5,0,0,0,0,0,0,0,0,0,0,0,0,0,0,0,0,0,0,0,0,0,0,0,0,0,0,0,0,0,0,0,0,0,0,0,0,1,0,0,0,0,0,0,0,0,0,0,0,0,0,0,0,0,1,0,0,0,12,0,0,0,0,0,0,0,0,0,14,0,1,0,0,0,0,0,0,0,0,0,23,0,43,0,30,0,20,0,2,0,0,0,0,0,5,0,3,0,0,0,16,0,1,0,2,0,139,8,0,0,395,167,7,0,19,0,109,14,26,0,0,0,0,0,0,0,0,0,0,0,0,0,3,0,8,0,0,0,0,0,0,0,12,0,400,202,264,113,222,0,8,0,0,0,0,0,0,0,0
459,0,522,32,134,115,113,108,45,49,53,149,0,132,26,12,101,52,0,91,29,0,527,48,106,0,0,95,0,8,0,3,8,81,0,13,0,158,0,369,0,74,0,8,0,6,0,121,0,15,0,13,0,13,0,9,0,0,0,0,0,180,0,39,0,58,0,4,0,0,0,0,0,0,0,0,0,0,0,0,0,0,0,0,0,0,0,0,0,0,0,0,0,0,0,0,0,0,0,0,0,0,0,0,0,0,0,16,0,0,0,0,0,0,0,0,0,0,0,0,0,0,0,0,0,0,0,0,0,3,0,4,0,0,0,88,0,19,0,0,0,0,0,0,0,8,0,43,0,43,0,95,0,141,0,7,0,0,0,0,0,0,0,2,0,5,0,22,0,13,0,20,0,183,0,40,249,393,0,10,0,90,45,10,0,109,0,25,0,0,0,0,0,0,0,0,0,11,0,32,0,16,0,0,0,0,0,26,0,54,0,0,0,0,394,0,0,0,615,141,376,176,22,0,1
29,522,0,150,226,48,18,139,6,62,39,78,131,0,296,43,18,42,83,0,40,7,811,114,99,82,137,0,153,0,88,0,261,1,0,0,60,0,285,4,93,0,0,0,0,0,82,0,6,0,0,0,0,0,49,3,5,0,6,0,0,7,4,11,18,0,4,0,0,0,0,0,0,0,0,0,0,0,0,0,0,0,0,0,3,1,0,0,0,0,0,0,0,0,1,0,2,0,0,0,0,0,0,0,29,0,0,0,0,0,0,0,0,0,0,0,0,0,0,0,0,0,0,0,24,0,33,0,0,0,31,0,15,0,246,0,39,0,0,0,0,0,0,0,0,0,47,0,37,0,98,0,16,0,0,0,0,0,0,0,18,1,4,0,4,0,90,0,7,0,19,0,388,0,0,0,54,102,0,3,0,0,5,14,5,0,0,0,0,0,0,0,0,0,0,0,0,0,21,0,115,0,0,0,0,0,0,0,144,0,557,151,502,170,409,0,0,0,0,0,0,0,0,0,0
158,32,150,0,109,139,0,72,0,4,99,4,0,0,55,224,46,34,0,190,25,19,237,246,5,116,0,56,0,93,5,32,0,302,0,0,0,170,0,670,0,0,0,0,0,0,0,0,0,0,0,0,0,0,0,131,2,0,0,0,0,56,0,10,0,3,0,0,0,0,0,0,0,0,0,0,0,0,0,0,0,0,0,0,0,35,0,0,0,0,0,0,0,0,0,0,0,0,0,0,0,0,0,0,0,0,0,117,0,0,0,0,0,0,0,0,0,0,0,0,0,0,0,0,0,0,0,0,0,2,0,9,0,6,0,201,0,55,0,21,0,14,0,0,0,0,0,0,0,0,0,22,0,0,0,0,0,0,0,0,0,0,0,0,0,7,0,55,0,15,0,6,0,175,0,0,54,19,0,0,0,0,17,0,0,0,0,0,0,1,0,0,0,0,0,0,0,2,0,50,0,83,0,0,0,0,0,0,0,33,0,0,0,0,140,0,0,0,234,55,324,50,0,0,0
28,134,226,109,0,544,8,0,0,0,87,405,435,96,388,351,8,25,95,122,92,100,178,83,5,0,286,14,10,3,144,0,336,0,71,0,362,0,0,2,256,0,10,0,2,0,126,7,5,2,39,0,0,0,1,0,0,0,0,0,0,0,0,0,17,0,0,0,0,0,0,0,3,0,0,0,0,0,0,0,0,0,0,0,0,0,0,0,0,0,0,0,0,0,5,0,0,0,0,0,0,0,0,0,6,0,0,0,0,0,0,0,0,0,0,0,0,0,0,0,0,0,0,0,0,0,0,0,0,0,6,0,1,0,25,0,0,0,0,0,0,0,0,0,0,0,17,0,16,0,54,0,32,0,0,0,0,0,0,0,0,0,0,0,0,0,301,0,42,0,6,0,246,1,0,0,184,161,21,17,26,0,20,0,16,0,0,11,0,0,0,0,0,0,0,0,2,0,0,0,17,0,0,0,0,0,3,0,32,0,702,440,900,208,397,2,7,0,0,0,42,0,0,0,0
0,115,48,139,544,0,0,9,0,7,235,110,469,207,514,190,0,0,219,227,135,58,94,149,0,27,79,225,0,0,0,105,0,378,0,186,0,461,0,39,0,81,20,30,0,0,0,216,0,7,20,100,0,6,0,12,0,0,0,0,0,0,0,13,0,0,0,0,0,0,0,0,0,0,0,0,0,0,0,0,0,0,0,0,0,24,0,0,0,0,0,0,0,0,0,0,0,0,0,0,0,0,0,0,0,3,0,0,0,0,0,0,0,0,0,0,0,0,0,0,0,0,0,0,0,0,0,0,0,0,0,0,0,0,0,41,0,11,0,0,0,0,0,0,0,0,0,6,1,0,0,26,0,0,0,4,0,0,0,0,0,0,0,0,0,0,0,349,0,51,0,22,0,144,0,0,159,170,46,12,0,50,0,6,0,22,0,0,0,0,0,0,0,0,0,0,0,0,0,11,0,0,0,0,0,6,0,10,0,0,0,0,23,0,325,0,1,0,528,211,1010,62,0,0,0
61,113,18,0,8,0,0,153,143,461,7,0,6,0,3,0,2,0,0,0,2,0,12,0,200,216,7,0,36,0,0,0,0,0,0,0,4,0,182,0,8,0,0,0,2,0,8,0,8,0,0,0,14,32,281,119,17,0,29,0,222,0,95,109,11,4,4,35,0,0,0,0,0,0,0,0,0,0,0,0,0,0,0,0,0,0,0,0,0,0,0,0,0,0,0,0,1,0,0,0,0,0,0,0,0,0,2,0,0,0,0,0,0,0,0,0,0,0,0,0,0,2,0,0,20,0,15,0,3,0,45,0,5,0,27,0,4,0,5,0,0,0,9,0,0,0,24,0,24,0,52,0,0,0,2,0,0,0,7,0,38,0,1,0,2,0,2,0,0,1,99,0,275,0,0,0,80,61,0,0,0,0,4,32,0,0,0,0,0,0,0,0,0,0,0,0,0,0,0,0,8,0,0,0,2,0,4,0,46,0,698,281,368,114,590,2,0,0,5,0,0,0,0,0,0
310,108,139,72,0,9,153,0,163,25,0,12,0,9,5,6,83,37,0,16,11,0,113,11,100,348,0,0,0,68,0,0,0,0,0,0,0,69,0,544,0,2,0,0,0,6,0,8,0,6,0,0,8,6,0,386,0,37,0,11,0,448,28,138,0,22,0,0,0,0,0,0,0,0,0,0,0,0,0,0,0,0,0,0,0,0,0,0,0,0,0,0,0,0,0,0,0,0,0,0,0,0,0,0,0,11,0,150,0,0,0,0,0,0,0,0,0,0,0,0,0,0,0,0,0,33,0,52,0,7,0,54,0,24,0,323,0,128,0,40,0,16,0,0,0,2,0,51,0,24,0,101,0,20,0,0,0,0,0,0,0,13,0,0,0,4,0,6,0,32,0,51,0,307,0,0,69,31,0,0,0,0,16,0,0,0,0,0,0,0,0,0,0,0,0,0,0,0,0,94,0,132,0,0,0,0,0,72,0,193,0,0,0,0,547,0,0,0,458,99,574,330,27,15,0
73,45,6,0,0,0,143,163,0,715,11,0,5,0,0,0,10,17,0,1,0,0,1,0,0,230,2,0,0,0,0,0,0,0,0,0,2,0,33,0,0,0,0,0,0,0,0,0,2,0,0,0,14,53,43,277,17,20,51,173,84,0,41,96,145,7,142,100,0,0,0,0,0,0,0,0,0,0,0,0,0,0,0,0,0,0,0,0,0,0,0,0,0,0,0,0,0,0,0,0,0,1,0,0,0,0,0,0,0,0,0,0,0,0,0,0,0,0,0,0,0,0,0,0,20,0,16,0,0,0,19,0,0,0,14,0,0,0,0,0,0,0,0,0,0,0,34,0,72,0,35,0,8,0,0,0,0,0,0,0,27,0,1,0,0,0,2,0,0,0,31,0,35,0,0,0,481,92,1,0,0,0,9,12,165,17,0,0,0,0,0,0,0,0,0,0,0,0,0,0,0,0,0,0,3,0,1,0,24,0,157,96,91,16,62,0,0,0,0,0,0,0,0,0,0
82,49,62,4,0,7,461,25,715,0,0,27,1,5,0,1,87,10,0,5,4,0,21,0,177,38,0,8,0,0,0,0,0,0,0,0,0,4,0,0,0,3,0,0,0,0,0,3,0,0,0,0,87,46,209,101,0,24,38,182,0,305,178,182,0,344,12,225,0,0,0,0,0,0,0,0,0,0,0,0,0,0,0,0,0,0,0,0,0,0,0,0,0,0,0,0,0,0,1,0,0,0,0,0,0,0,0,0,0,0,0,0,0,0,0,0,0,0,0,0,0,0,0,0,0,31,0,66,0,1,0,46,0,9,0,82,0,34,0,0,4,0,0,0,0,3,0,41,0,66,0,85,0,35,0,9,0,27,0,1,0,19,0,0,0,2,0,1,0,10,0,73,0,62,0,0,166,422,0,18,0,4,16,1,3,62,0,0,0,0,0,0,0,0,0,0,0,0,0,44,0,9,0,0,0,8,0,35,0,139,0,0,0,0,454,0,0,0,611,191,469,265,37,15,0
116,53,39,99,87,235,7,0,11,0,0,176,265,0,16,246,0,12,9,5,62,18,17,60,0,0,36,0,0,0,55,0,125,11,16,0,117,0,0,0,60,0,7,0,5,0,57,0,17,0,13,0,0,0,0,0,0,0,0,0,0,0,0,0,11,0,0,0,0,0,0,0,0,0,0,0,0,0,0,0,0,0,0,0,0,0,0,0,0,0,0,0,0,0,0,0,0,0,0,0,0,0,0,0,0,0,0,0,0,0,0,0,0,0,0,0,0,0,0,0,0,0,0,0,0,0,0,0,1,0,0,0,0,0,9,0,0,0,0,0,0,0,0,0,0,0,0,0,16,0,37,0,52,0,0,0,0,0,0,0,0,0,0,0,0,0,49,0,3,0,0,0,31,0,16,0,263,60,59,0,75,0,37,0,18,0,3,0,0,0,0,0,0,0,0,0,0,0,0,0,0,0,0,0,0,0,0,0,7,0,384,305,197,0,183,2,0,0,0,0,0,0,0,0,0
0,149,78,4,405,110,0,12,0,27,176,0,96,328,480,17,0,18,40,26,85,32,132,64,0,0,0,66,0,8,0,27,0,222,0,19,0,76,0,23,0,152,0,0,0,0,0,171,0,35,0,0,0,3,0,3,0,0,0,0,0,0,0,11,0,13,0,3,0,0,0,0,0,0,0,0,0,0,0,0,0,0,0,0,0,0,0,0,0,0,0,0,0,0,0,0,0,0,0,0,0,0,0,0,0,0,0,0,0,0,0,0,0,0,0,0,0,0,0,0,0,0,0,0,0,0,0,11,0,0,0,7,0,2,0,45,0,18,0,0,0,0,0,0,0,0,0,0,0,17,0,55,0,80,0,0,0,0,0,0,0,0,0,3,0,0,0,46,0,8,0,0,0,21,0,65,125,359,19,39,0,132,0,13,0,34,0,63,0,2,0,0,0,0,0,0,0,0,0,27,0,0,0,0,0,0,0,14,0,42,0,0,0,0,168,0,0,0,301,99,330,0,7,0,0
60,0,131,0,435,469,6,0,5,1,265,96,0,569,117,68,0,0,83,567,68,166,0,0,0,0,112,341,0,0,4,0,0,13,158,39,143,50,0,0,315,18,102,7,9,14,209,61,43,0,209,0,0,0,0,0,0,0,0,0,0,0,0,0,13,0,0,0,0,0,0,0,0,0,0,0,0,0,0,0,0,0,0,0,0,0,0,0,0,0,0,0,0,0,14,0,0,0,0,0,0,0,0,0,0,0,0,0,0,0,0,0,0,0,0,0,0,0,0,0,0,0,0,0,0,0,0,0,0,0,0,0,0,0,12,0,0,0,0,0,1,0,0,0,0,0,8,0,0,0,46,0,0,0,0,0,0,0,0,0,0,0,0,0,36,0,42,12,31,0,0,0,11,0,14,0,311,151,117,23,45,0,27,0,11,0,196,58,0,0,1,0,0,0,3,0,0,0,0,0,0,0,0,0,0,0,0,0,18,0,65,155,269,20,37,0,0,0,0,0,74,0,0,0,0
0,132,0,0,96,207,0,9,0,5,0,328,569,0,47,0,0,0,261,114,23,26,0,0,0,0,342,65,0,0,0,0,0,0,0,101,0,64,0,0,216,411,132,69,61,0,352,263,13,32,33,182,0,0,0,0,0,0,0,0,0,0,0,0,0,12,0,0,0,1,0,0,0,0,0,0,0,0,0,0,0,0,0,0,0,0,0,1,0,0,0,0,0,0,0,0,0,0,0,0,0,0,0,0,0,0,0,0,0,0,0,0,0,0,0,0,0,0,0,0,0,0,0,0,0,0,0,0,0,0,0,0,0,0,0,18,0,0,0,0,0,0,0,0,0,0,0,0,0,3,0,14,0,0,0,0,0,0,0,0,0,0,0,0,0,0,0,28,0,45,0,0,0,12,0,0,49,498,10,31,0,44,0,5,0,15,34,25,0,15,0,0,0,0,0,5,0,0,0,11,0,0,0,0,0,5,0,4,0,11,0,0,0,0,42,0,0,0,71,131,351,0,0,0,0
6,26,296,55,388,514,3,5,0,0,16,480,117,47,0,411,16,14,326,87,118,116,389,90,66,0,238,11,0,0,141,25,166,32,76,14,143,14,0,0,0,0,4,0,6,0,53,0,1,0,0,0,0,0,13,0,0,0,0,0,0,0,0,0,9,0,0,0,0,0,0,0,0,0,0,0,0,0,0,0,0,0,0,0,0,0,0,0,0,0,0,0,0,0,0,0,0,0,0,0,0,0,0,0,0,0,46,0,0,0,0,0,0,0,0,0,0,0,0,0,0,0,0,0,10,0,9,0,0,0,0,0,0,0,108,0,0,0,0,0,0,0,25,0,0,0,49,0,36,0,77,0,65,0,0,0,0,0,0,0,0,0,0,0,0,0,50,6,0,0,0,0,21,1,0,0,52,55,9,20,33,0,42,0,30,0,1,0,0,0,0,0,0,0,0,0,0,0,15,0,87,0,0,0,0,0,0,0,88,0,84,305,106,0,38,2,0,0,22,11,37,0,0,0,0
46,12,43,224,351,190,0,6,0,1,246,17,68,0,411,0,11,33,14,670,102,108,112,191,1,103,8,149,0,10,0,56,0,159,0,54,13,185,0,42,0,0,0,6,0,0,0,17,0,10,0,0,0,4,0,52,0,15,0,0,0,6,0,17,3,0,0,0,0,0,0,0,0,0,0,0,0,0,0,0,0,72,0,0,0,103,0,11,0,0,0,21,0,0,1,21,0,0,0,43,0,0,0,0,0,0,0,82,0,0,0,0,0,0,0,0,0,0,0,0,0,0,0,0,0,0,0,0,0,0,0,0,0,0,0,99,0,0,0,0,0,21,0,91,0,0,0,1,0,2,0,0,0,0,0,0,0,2,0,1,0,2,0,0,0,0,0,56,0,8,0,2,0,28,0,0,40,17,23,21,0,0,0,2,0,0,0,0,0,0,0,0,0,0,0,0,0,0,0,0,0,36,0,0,0,0,0,3,0,0,0,2,0,0,67,0,0,0,286,181,73,10,2,0,0
86,101,18,46,8,0,2,83,10,87,0,0,0,0,16,11,0,17,48,0,298,0,58,12,41,72,75,0,469,0,137,0,207,0,20,0,27,0,204,0,0,0,0,0,0,0,0,0,6,0,5,0,116,1,27,3,7,0,0,0,17,0,279,24,0,0,0,0,0,0,120,0,10,0,87,0,0,0,0,0,278,0,0,0,723,0,234,0,0,0,347,0,0,0,135,0,868,0,695,0,64,0,0,0,0,0,327,0,0,0,0,0,0,0,0,0,0,0,0,0,83,0,110,0,4,0,8,0,14,0,0,0,28,0,0,0,38,0,40,0,56,0,215,0,66,0,0,0,0,0,0,0,0,0,19,0,0,0,19,0,1,0,0,0,0,0,23,0,4,0,9,0,84,0,0,0,11,0,0,0,0,0,113,8,0,0,0,0,0,0,0,0,0,0,0,0,0,0,0,0,160,0,0,0,0,0,0,0,0,0,52,273,117,26,33,0,0,0,1,1,0,0,0,0,0
33,52,42,34,25,0,0,37,17,10,12,18,0,0,14,33,17,0,0,59,0,116,41,164,23,91,0,76,0,104,0,44,0,41,0,31,0,13,0,146,0,0,0,19,0,0,0,0,0,0,0,10,0,45,0,5,0,13,0,1,0,38,0,258,0,0,0,0,0,0,0,0,0,0,0,0,0,0,0,0,0,327,0,0,0,454,0,55,0,0,0,25,0,0,0,0,0,73,0,180,0,64,0,0,0,0,0,53,0,0,0,0,0,0,0,0,0,0,0,0,0,111,0,24,0,0,0,0,0,32,0,0,0,32,0,107,0,120,0,158,0,231,0,641,0,0,0,0,1,0,0,0,0,0,0,26,0,0,0,24,0,5,0,0,0,1,0,0,0,0,0,3,0,10,0,0,0,2,0,71,0,0,2,27,0,0,0,0,0,0,0,0,0,0,0,0,0,0,0,0,0,25,0,0,0,0,0,0,0,21,0,0,0,0,7,0,0,0,16,57,12,7,0,0,0
0,0,83,0,95,219,0,0,0,0,9,40,83,261,326,14,48,0,0,276,284,66,432,0,60,0,253,147,0,0,35,0,7,4,109,23,127,0,0,0,0,7,140,0,24,0,40,47,2,0,268,0,0,0,0,0,0,0,2,0,0,0,22,0,0,0,1,0,0,0,26,0,0,0,0,0,3,0,0,0,0,0,0,0,0,0,0,0,0,0,0,0,0,0,0,0,0,0,0,0,0,0,0,0,0,0,0,0,0,0,0,0,0,0,0,0,0,0,0,0,0,0,0,0,0,0,0,0,0,0,0,0,0,0,0,0,0,0,0,0,0,0,0,0,10,0,0,0,0,0,0,0,0,0,0,0,0,0,0,0,0,0,0,0,27,0,32,0,34,0,0,0,14,0,0,0,37,31,9,11,9,0,28,0,9,0,6,21,0,0,0,0,0,0,0,0,0,0,0,0,0,0,0,0,0,0,0,0,0,0,77,335,261,0,35,0,0,0,0,6,33,0,0,0,0
0,91,0,190,122,227,0,16,1,5,5,26,567,114,87,670,0,59,276,0,45,315,0,410,0,57,181,519,0,0,0,30,0,15,0,162,0,87,0,0,96,18,97,82,0,58,109,190,4,11,30,182,0,0,0,0,0,0,0,0,0,0,0,16,0,13,0,0,0,0,0,0,0,0,0,0,0,0,0,0,0,0,0,0,0,0,0,0,0,0,0,0,0,0,0,0,0,0,0,0,1,0,0,0,0,0,0,0,0,0,0,0,0,0,0,0,0,0,0,0,0,0,0,0,0,0,0,0,0,0,0,0,0,0,0,65,0,0,0,0,0,15,0,0,0,0,0,10,0,6,0,15,0,0,0,0,0,0,0,0,0,0,0,0,3,0,0,37,0,34,0,0,0,5,0,0,6,57,16,8,0,0,0,3,0,0,22,41,0,0,0,0,0,0,0,3,0,0,0,6,0,0,0,0,0,0,0,12,0,13,2,5,0,0,67,0,0,0,126,147,145,0,0,0,0
15,29,40,25,92,135,2,11,0,4,62,85,68,23,118,102,298,0,284,45,0,39,337,24,34,0,415,18,12,1,438,0,212,0,329,6,155,0,0,0,0,0,53,0,34,0,7,0,0,0,45,0,16,0,0,0,4,0,1,0,0,0,127,0,0,0,0,1,0,0,159,0,25,0,91,0,0,0,0,0,171,0,0,0,215,0,165,0,0,0,221,0,0,0,150,0,372,0,469,0,59,0,0,0,0,0,0,0,0,0,0,0,0,0,0,0,0,0,0,0,22,0,0,0,0,0,0,0,0,0,0,0,0,0,0,1,0,0,9,0,17,0,0,0,53,0,0,0,0,0,0,0,0,0,0,0,0,0,0,0,0,0,14,0,0,0,43,0,16,0,0,0,25,0,0,0,4,4,21,5,0,0,21,1,0,0,4,5,0,0,1,0,0,0,1,0,0,0,0,0,66,0,0,0,0,0,0,0,0,0,123,360,138,25,41,0,0,0,0,0,0,0,0,0,0
5,0,7,19,100,58,0,0,0,0,18,32,166,26,116,108,0,116,66,315,39,0,5,321,0,0,42,256,0,42,0,101,0,25,5,166,0,57,0,0,11,0,12,116,4,48,16,15,0,20,5,82,0,0,0,9,0,0,0,0,0,5,0,46,0,0,0,0,0,0,0,0,0,0,0,15,0,0,0,0,0,163,0,0,0,0,0,0,0,0,0,0,0,0,0,0,0,0,0,0,0,0,0,0,0,0,0,0,0,0,0,0,0,0,0,0,0,0,0,0,0,113,0,40,0,0,0,0,0,0,0,0,0,0,0,0,0,0,0,0,0,102,0,162,0,56,0,2,0,0,0,0,0,0,0,0,0,0,0,0,0,0,0,0,0,0,0,13,0,10,0,0,0,24,0,0,0,60,20,43,0,0,0,0,0,2,3,36,0,0,0,0,0,0,0,0,0,0,0,0,0,0,0,0,0,0,0,0,0,0,0,0,0,0,38,0,0,0,135,177,96,0,0,0,0
49,527,811,237,178,94,12,113,1,21,17,132,0,0,389,112,58,41,432,0,337,5,0,110,84,60,197,0,91,7,147,0,106,0,28,0,37,4,89,0,0,0,3,0,18,0,9,0,2,3,4,0,10,0,71,0,0,0,4,0,0,2,22,5,0,0,0,0,0,0,0,0,0,0,0,0,0,0,0,0,0,0,0,0,313,0,0,0,0,0,54,0,0,0,0,0,295,0,0,2,0,0,0,0,95,0,284,0,0,0,0,0,0,0,0,0,0,0,0,0,0,0,0,0,0,0,0,0,0,0,4,0,14,0,167,0,56,0,0,0,26,0,197,0,0,0,11,0,4,0,0,0,5,0,8,0,0,0,0,0,9,0,0,0,0,0,27,0,0,0,6,0,144,0,0,0,16,36,0,0,0,0,10,13,0,0,0,0,0,0,0,0,0,0,0,0,0,0,0,0,300,0,0,0,0,0,0,0,67,0,208,347,183,84,144,0,0,0,0,1,2,2,0,0,0
97,48,114,246,83,149,0,11,0,0,60,64,0,0,90,191,12,164,0,410,24,321,110,0,8,82,0,192,0,59,0,64,0,52,0,68,0,44,0,56,0,0,0,28,0,0,0,7,0,20,0,19,0,7,0,13,0,0,0,0,0,15,0,92,0,0,0,0,0,1,0,0,0,0,0,8,0,0,0,0,0,262,0,0,0,222,0,45,0,0,0,32,0,0,0,0,0,87,0,161,0,0,0,0,0,0,0,57,0,0,0,0,0,0,0,0,0,0,0,0,0,55,0,16,0,0,0,0,0,0,0,0,0,0,0,89,0,19,0,12,0,34,0,132,0,0,0,0,0,0,0,0,0,0,1,0,0,0,0,0,0,0,0,0,0,0,0,6,0,0,0,0,0,11,0,0,11,20,0,113,0,0,3,29,0,0,0,0,0,0,0,0,0,0,0,0,0,0,0,0,0,32,0,0,0,0,0,0,0,0,5,0,0,0,24,0,0,0,128,160,28,9,0,0,0
0,106,99,5,5,0,200,100,0,177,0,0,0,0,66,1,41,23,60,0,34,0,84,8,0,104,0,1,183,0,0,0,6,0,0,0,4,0,244,0,0,0,0,0,0,0,0,0,15,0,0,0,34,1,167,0,6,0,12,0,132,0,192,41,0,0,0,0,0,0,0,0,0,0,0,0,0,0,0,0,0,0,0,0,130,0,1,0,0,0,10,0,0,0,0,0,100,0,0,0,0,0,0,0,79,0,180,0,0,0,0,0,0,0,0,0,0,0,0,0,0,0,0,0,9,0,0,0,53,1,21,0,52,0,305,0,147,0,0,0,44,0,320,0,0,0,19,0,0,0,30,0,0,0,22,0,1,0,0,0,45,0,5,0,1,0,0,0,3,0,54,0,199,0,0,0,0,9,0,0,0,0,0,19,0,0,0,0,0,0,0,0,0,0,0,0,0,0,34,0,275,0,0,0,9,0,8,0,158,0,310,84,347,152,492,0,0,0,5,3,0,0,0,0,0
169,0,82,116,0,27,216,348,230,38,0,0,0,0,0,103,72,91,0,57,0,0,60,82,104,0,0,39,0,50,0,2,2,10,0,3,0,6,8,130,0,0,0,0,0,0,0,0,0,3,0,0,5,67,0,142,0,46,0,5,0,65,30,60,0,0,0,0,0,0,0,0,0,0,0,0,0,0,0,0,0,0,0,0,0,206,0,0,0,0,0,37,0,0,0,0,0,94,1,78,0,0,0,0,0,0,0,0,0,0,0,0,0,0,0,0,0,0,0,0,0,0,0,0,0,0,0,17,0,21,0,0,0,0,0,328,0,43,0,97,0,115,0,326,0,4,0,0,0,0,0,0,0,0,3,4,0,0,0,8,18,2,0,0,0,0,0,0,0,0,0,2,0,42,0,0,20,3,0,1,0,0,14,71,0,0,0,0,0,0,0,0,0,0,0,0,0,0,0,3,0,161,0,0,0,0,0,0,0,0,2,0,0,0,46,0,0,0,47,209,43,30,0,2,0
23,0,137,0,286,79,7,0,2,0,36,0,112,342,238,8,75,0,253,181,415,42,197,0,0,0,0,344,6,0,110,0,0,0,39,15,126,0,0,0,15,42,341,7,258,0,298,178,20,0,192,0,0,0,0,0,0,0,0,0,0,0,23,0,0,0,0,0,4,0,70,0,17,0,0,0,0,0,0,0,0,0,69,0,0,0,77,0,0,0,0,0,0,0,0,0,0,0,0,0,0,0,0,0,0,0,0,0,0,0,0,0,0,0,0,0,0,0,0,0,0,0,0,0,0,0,7,0,0,0,0,0,0,0,0,0,6,0,0,0,0,0,0,0,0,0,10,0,0,0,0,0,0,0,0,0,0,0,0,0,0,0,0,0,108,0,14,0,57,0,0,0,17,0,0,0,30,33,13,0,0,0,34,0,15,0,12,45,0,0,0,0,0,0,0,0,1,0,0,0,0,0,0,0,8,0,0,0,32,0,36,689,452,30,30,0,0,8,0,21,0,0,0,0,0
0,95,0,56,14,225,0,0,0,8,0,66,341,65,11,149,0,76,147,519,18,256,0,192,1,39,344,0,0,0,0,38,0,13,0,113,0,41,0,0,396,24,109,197,95,161,631,159,34,45,0,288,0,9,0,0,0,3,0,0,0,0,0,33,0,0,0,0,0,7,0,0,0,0,0,0,0,0,0,0,0,0,0,15,0,0,0,21,0,34,0,17,0,0,0,34,0,0,0,0,0,0,0,14,0,7,0,0,0,0,0,0,0,0,0,0,0,0,0,0,0,0,0,0,0,0,0,0,0,0,0,0,0,0,0,40,0,0,0,0,0,43,0,67,0,0,0,6,0,6,0,0,0,0,0,0,0,0,0,0,0,0,0,0,2,72,0,27,0,120,0,0,0,12,0,0,8,98,0,7,0,23,0,0,0,0,61,49,0,49,0,0,0,0,0,0,0,0,0,0,0,0,0,12,0,11,0,7,0,0,0,0,0,0,40,0,0,0,62,551,617,0,3,0,5
48,0,153,0,10,0,36,0,0,0,0,0,0,0,0,0,469,0,0,0,12,0,91,0,183,0,6,0,0,0,4,0,23,0,0,0,38,0,1,0,0,0,7,0,0,0,0,0,0,0,0,0,3,0,0,0,0,0,1,0,7,0,11,0,0,0,0,0,0,0,16,0,0,0,7,0,0,0,0,0,22,0,0,0,16,0,19,0,0,0,7,0,0,0,17,0,0,0,62,0,0,0,0,0,0,0,0,0,0,0,0,0,0,0,0,0,0,0,0,0,2,0,0,0,0,0,0,0,0,0,0,0,0,0,0,0,1,0,60,0,35,0,0,0,22,0,0,0,0,0,0,0,0,0,2,0,1,0,4,0,0,0,0,0,0,0,0,0,2,0,0,0,12,0,0,0,10,2,0,0,0,0,83,0,0,0,0,0,0,0,0,0,0,0,0,0,0,0,0,0,0,0,0,0,0,0,0,0,0,0,8,33,0,0,1,0,0,0,0,0,0,0,0,0,0
0,8,0,93,3,0,0,68,0,0,0,8,0,0,0,10,0,104,0,0,1,42,7,59,0,50,0,0,0,0,0,6,0,61,0,15,0,0,0,35,0,0,0,8,0,0,0,0,0,0,0,0,0,15,0,5,0,0,0,0,0,24,0,102,0,0,0,0,0,0,0,2,0,0,0,0,0,0,0,0,0,108,0,0,0,82,0,35,0,0,0,0,0,0,0,0,0,0,0,40,0,0,0,0,0,0,0,0,0,0,0,0,0,0,0,0,0,0,0,0,0,96,0,24,0,0,0,0,0,0,0,0,0,0,0,0,0,74,0,168,0,243,0,352,0,63,0,0,0,0,0,0,0,0,0,5,0,2,0,0,0,0,0,0,0,0,0,0,0,2,0,0,0,0,0,0,0,0,0,5,0,0,0,0,0,0,0,0,0,0,0,0,0,0,0,0,0,0,0,0,0,0,0,0,0,0,0,0,0,0,0,0,0,0,0,0,0,0,6,0,0,2,0,0,0
19,0,88,5,144,0,0,0,0,0,55,0,4,0,141,0,137,0,35,0,438,0,147,0,0,0,110,0,4,0,0,0,6,0,89,0,29,0,0,0,0,0,59,0,14,0,0,0,0,0,18,0,2,0,0,0,0,0,0,0,0,0,36,0,0,0,0,0,0,0,80,0,0,0,50,0,0,0,0,0,81,0,0,0,0,0,67,0,0,0,0,0,0,0,0,0,0,0,167,0,0,0,0,0,0,0,0,0,0,0,0,0,0,0,0,0,0,0,0,0,12,0,0,0,0,0,0,0,0,0,0,0,0,0,0,0,0,0,48,0,53,0,15,0,147,0,0,0,0,0,0,0,0,0,2,0,1,0,0,0,0,0,0,0,2,0,14,0,0,0,1,0,6,0,0,0,0,0,15,0,0,0,0,0,0,0,0,0,0,0,0,0,0,0,0,0,0,0,0,0,0,0,0,0,0,0,0,0,0,0,30,178,36,0,10,0,0,0,0,0,0,0,0,0,0
0,3,0,32,0,105,0,0,0,0,0,27,0,0,25,56,0,44,0,30,0,101,0,64,0,2,0,38,0,6,0,0,0,10,1,85,0,10,0,1,0,0,0,83,0,0,0,0,0,0,0,36,0,4,0,0,0,0,0,0,0,3,0,0,0,0,0,0,0,0,0,0,0,0,0,0,0,0,0,0,0,46,0,0,0,15,0,12,0,0,0,0,0,0,0,0,0,0,0,0,0,0,0,0,0,0,0,0,0,0,0,0,0,0,0,0,0,0,0,0,0,37,0,0,0,0,0,0,0,0,0,0,0,0,0,0,0,0,0,0,0,16,0,33,1,14,0,0,0,0,0,0,0,0,0,0,0,0,0,0,0,0,0,0,0,0,0,0,0,0,0,0,0,3,0,0,0,11,0,21,0,0,0,0,0,0,0,0,0,0,0,0,0,0,0,0,0,0,0,0,0,0,0,0,0,0,0,0,0,0,0,0,0,0,11,0,0,0,15,16,10,0,0,0,0
129,8,261,0,336,0,0,0,0,0,125,0,0,0,166,0,207,0,7,0,212,0,106,0,6,2,0,0,23,0,6,0,0,0,14,0,142,0,0,0,0,0,13,0,0,0,0,0,0,0,2,0,0,0,1,0,0,0,0,0,8,0,17,0,0,0,0,0,0,0,8,0,0,0,0,0,0,0,0,0,10,0,0,0,0,0,0,0,0,0,0,0,0,0,14,0,0,0,0,0,0,0,0,0,0,0,0,0,0,0,0,0,0,0,0,0,0,0,0,0,0,0,0,0,0,0,0,0,0,0,0,0,0,0,0,0,1,0,112,0,54,0,8,0,45,0,0,0,0,0,0,0,0,0,21,0,6,0,0,0,0,0,5,0,0,0,35,0,0,0,4,0,10,0,0,0,24,6,40,1,0,0,73,0,0,0,0,0,0,0,0,0,0,0,0,0,0,0,0,0,0,0,0,0,0,0,0,0,0,0,21,262,38,7,0,0,1,0,0,0,0,0,0,0,0
1,81,1,302,0,378,0,0,0,0,11,222,13,0,32,159,0,41,4,15,0,25,0,52,0,10,0,13,0,61,0,10,0,0,0,46,0,129,0,0,0,0,0,25,0,1,0,0,0,0,0,13,0,0,0,0,0,0,0,0,0,7,0,0,0,0,0,0,0,0,0,0,0,0,0,0,0,0,0,0,0,71,0,0,0,0,0,14,0,0,0,0,0,0,0,0,0,0,0,0,0,0,0,0,0,0,0,0,0,0,0,0,0,0,0,0,0,0,0,0,0,25,0,9,0,0,0,0,0,0,0,0,0,1,0,0,0,0,0,20,0,32,0,57,0,24,0,0,0,0,0,0,0,0,0,0,0,2,0,0,0,0,0,0,0,0,0,17,0,0,0,0,0,10,0,0,0,35,0,207,0,0,0,0,0,0,0,3,0,0,0,0,0,0,0,0,0,0,0,0,0,0,0,0,0,0,0,0,0,0,0,0,0,0,8,0,0,0,0,46,21,0,0,0,0
0,0,0,0,71,0,0,0,0,0,16,0,158,0,76,0,20,0,109,0,329,5,28,0,0,0,39,0,0,0,89,1,14,0,0,0,63,0,0,0,0,0,18,0,7,0,0,0,0,0,32,0,0,0,0,0,0,0,2,0,0,0,0,0,0,0,0,0,0,0,38,0,0,0,21,0,0,0,0,0,37,0,18,0,0,0,0,0,0,0,0,0,0,0,0,0,0,0,0,0,12,0,0,0,0,0,0,0,0,0,0,0,0,0,0,0,0,0,0,0,0,0,0,0,0,0,0,0,0,0,0,0,1,0,0,0,0,0,0,0,0,0,0,0,0,0,0,0,0,0,0,0,0,0,0,0,0,0,0,0,0,0,0,0,20,0,31,0,19,0,3,0,16,0,0,0,17,4,32,0,0,0,0,0,3,0,12,0,0,0,0,0,0,0,0,0,0,0,0,0,0,0,0,0,0,0,0,0,0,0,53,177,149,14,0,0,0,0,0,0,0,0,0,0,0
0,13,0,0,0,186,0,0,0,0,0,19,39,101,14,54,0,31,23,162,6,166,0,68,0,3,15,113,0,15,0,85,0,46,0,0,0,113,0,18,0,0,0,44,0,0,0,0,0,0,0,34,0,0,0,0,0,0,0,0,0,6,0,8,0,2,0,0,0,0,0,0,0,0,0,0,0,0,0,0,0,0,0,0,0,0,0,0,0,0,0,0,0,0,0,0,0,0,0,0,0,0,0,0,0,0,0,0,0,0,0,0,0,0,0,0,0,0,0,0,0,58,0,0,0,0,0,0,0,0,0,0,0,0,0,0,0,0,0,51,0,67,0,119,0,47,0,0,0,3,0,2,0,0,0,3,0,0,0,0,0,0,0,0,0,0,0,17,0,0,0,0,0,16,0,0,0,91,0,24,0,0,0,0,0,0,0,50,0,0,0,0,0,0,0,0,0,0,0,0,0,0,0,0,0,1,0,0,0,0,0,0,0,0,25,0,0,0,35,53,62,0,0,0,0
46,0,60,0,362,0,4,0,2,0,117,0,143,0,143,13,27,0,127,0,155,0,37,0,4,0,126,0,38,0,29,0,142,0,63,0,0,0,10,0,0,0,36,0,36,0,0,0,0,0,61,0,0,0,0,0,0,0,0,0,35,0,19,0,0,1,0,0,0,0,228,0,68,0,74,0,0,0,26,0,126,0,0,0,0,0,103,0,0,0,0,0,0,0,0,0,0,0,217,0,0,0,0,0,0,0,0,0,0,0,0,0,0,0,0,0,0,0,0,0,0,0,0,0,0,0,0,0,0,0,0,0,0,0,0,0,0,0,176,0,145,0,18,0,245,0,0,0,0,0,0,0,8,0,6,2,16,0,0,0,0,0,59,0,8,0,28,0,23,0,41,0,61,0,0,0,46,0,56,0,0,0,31,0,3,0,0,0,0,0,0,0,1,0,0,0,0,0,0,0,0,0,0,0,2,0,0,0,0,0,0,163,94,20,0,0,1,0,0,0,0,0,0,0,0
0,158,0,170,0,461,0,69,0,4,0,76,50,64,14,185,0,13,0,87,0,57,4,44,0,6,0,41,0,0,0,10,0,129,0,113,0,0,0,4,4,1,0,151,0,30,5,0,0,1,0,115,0,0,0,0,0,0,0,0,0,34,0,6,0,0,0,0,0,0,0,0,0,0,0,8,0,0,0,0,0,60,0,0,0,19,0,19,0,0,0,0,0,0,0,0,0,0,0,0,0,0,0,0,0,0,0,0,0,0,0,0,0,0,0,0,0,0,0,0,0,74,0,21,0,0,0,0,0,0,0,0,0,0,0,0,0,33,0,79,0,120,0,130,0,127,0,0,0,0,0,0,0,0,0,0,0,17,0,0,0,0,0,0,1,4,0,30,0,5,0,3,0,44,0,0,0,64,0,66,0,0,0,19,0,0,0,34,0,0,0,0,0,0,0,0,0,0,0,0,0,0,0,0,0,0,0,3,0,0,0,0,0,0,5,0,0,0,0,145,36,3,0,0,0
109,0,285,0,0,0,182,0,33,0,0,0,0,0,0,0,204,0,0,0,0,0,89,0,244,8,0,0,1,0,0,0,0,0,0,0,10,0,0,0,0,0,0,0,0,0,0,0,0,0,0,0,2,0,0,0,0,0,0,0,22,0,7,0,0,0,0,0,0,0,12,0,0,0,5,0,0,0,0,0,0,0,0,0,0,1,0,0,0,0,4,0,0,0,7,0,0,0,0,0,0,0,0,0,0,0,0,0,0,0,0,0,0,0,0,0,0,0,0,0,0,0,0,0,0,0,0,0,0,0,0,0,0,0,0,0,2,0,34,0,9,0,0,0,26,0,0,0,0,0,0,0,0,0,17,0,22,0,0,0,0,0,0,0,0,0,0,0,0,0,4,0,91,0,0,0,45,0,0,0,0,0,122,0,4,0,0,0,0,0,0,0,0,0,0,0,0,0,0,0,0,0,0,0,0,0,0,0,0,0,14,152,7,0,6,0,0,0,0,0,0,0,0,0,0
0,369,4,670,2,39,0,544,0,0,0,23,0,0,0,42,0,146,0,0,0,0,0,56,0,130,0,0,0,35,0,1,0,0,0,18,0,4,0,0,0,0,0,27,0,0,0,0,0,0,0,3,0,2,0,6,0,0,0,0,0,35,0,26,0,0,0,0,0,0,0,0,0,0,0,0,0,0,0,0,0,0,0,0,0,0,0,0,0,0,0,0,0,0,0,0,0,0,0,0,0,0,0,0,0,0,0,0,0,0,0,0,0,0,0,0,0,0,0,0,0,0,0,0,0,0,0,0,0,0,0,0,0,0,0,0,0,0,0,129,0,54,0,36,0,77,0,0,0,0,0,0,0,0,0,7,0,64,0,12,0,0,0,0,0,0,0,0,0,0,0,0,0,1,0,0,0,36,0,69,0,0,0,77,0,0,0,0,0,0,0,0,0,0,0,0,0,0,0,0,0,0,0,0,0,0,0,0,0,0,0,0,0,0,0,0,0,0,2,63,0,0,0,0,0
28,0,93,0,256,0,8,0,0,0,60,0,315,216,0,0,0,0,0,96,0,11,0,0,0,0,15,396,0,0,0,0,0,0,0,0,0,4,0,0,0,100,8,25,3,24,87,353,70,17,0,0,0,0,0,0,0,0,0,0,0,0,0,0,18,0,0,0,0,0,0,0,0,0,0,0,0,0,0,0,0,0,0,0,0,0,0,0,0,0,0,0,0,0,0,0,0,0,0,0,0,0,0,0,0,0,0,0,0,0,0,0,0,0,0,0,0,0,0,0,0,0,0,0,0,0,0,0,0,0,0,0,0,0,5,0,0,0,0,0,0,0,0,0,0,0,14,0,0,0,21,0,0,0,0,0,0,0,0,0,0,0,0,0,0,0,0,0,0,0,0,0,0,0,0,0,25,40,10,0,0,0,0,0,0,0,109,16,0,0,0,0,0,0,0,0,0,0,0,0,0,0,0,0,0,0,0,0,0,0,0,83,0,0,0,0,0,9,0,22,9,0,0,0,0
0,74,0,0,0,81,0,2,0,3,0,152,18,411,0,0,0,0,7,18,0,0,0,0,0,0,42,24,0,0,0,0,0,0,0,0,0,1,0,0,100,0,4,38,44,23,318,248,95,241,0,18,0,0,0,0,0,0,0,0,0,0,0,0,0,6,0,0,0,4,0,0,0,0,0,0,0,0,0,0,0,0,0,3,0,0,0,0,0,0,0,0,0,0,0,2,0,0,0,0,0,0,0,0,0,0,0,0,0,0,0,0,0,0,0,0,0,0,0,0,0,0,0,0,0,0,0,0,0,0,0,0,0,0,0,0,0,0,0,0,0,0,0,0,0,0,0,0,0,0,0,0,0,0,0,0,0,0,0,0,0,0,0,0,6,14,0,0,0,0,0,0,0,0,0,0,0,215,0,54,0,66,0,0,0,0,46,9,0,0,0,2,0,0,0,0,0,1,0,0,0,0,0,0,0,0,0,1,0,0,0,18,0,0,0,0,0,3,0,64,14,0,0,0,29
0,0,0,0,10,20,0,0,0,0,7,0,102,132,4,0,0,0,140,97,53,12,3,0,0,0,341,109,7,0,59,0,13,0,18,0,36,0,0,0,8,4,0,0,158,5,89,25,10,0,49,7,0,0,0,0,0,0,2,0,0,0,7,0,0,0,0,0,0,0,0,0,7,0,0,0,0,0,0,0,20,0,0,0,0,0,0,0,0,0,0,0,0,0,0,0,0,0,51,0,0,0,0,0,0,0,0,0,0,0,0,0,0,0,0,0,0,0,0,0,0,0,0,0,0,0,0,0,0,0,0,0,0,0,0,0,0,0,0,0,0,0,0,0,25,0,0,0,0,0,4,0,0,0,0,0,0,0,0,0,0,0,0,0,77,0,18,0,18,0,2,0,8,0,0,0,14,12,10,0,3,0,0,0,0,0,96,4,2,0,0,0,0,0,0,0,0,0,0,0,0,0,0,0,0,0,0,0,0,0,45,132,179,16,14,0,0,2,2,0,8,0,0,0,0
0,8,0,0,0,30,0,0,0,0,0,0,7,69,0,6,0,19,0,82,0,116,0,28,0,0,7,197,0,8,0,83,0,25,0,44,0,151,0,27,25,38,0,0,0,214,37,12,0,18,1,40,0,0,0,3,0,0,0,2,0,10,0,0,0,0,0,0,0,0,0,5,0,4,0,0,0,0,0,0,0,0,0,0,0,17,0,23,0,0,0,0,0,0,0,0,0,0,0,0,0,0,0,4,0,3,0,0,0,0,0,0,0,0,0,0,0,0,0,0,0,90,0,15,0,0,0,0,0,0,0,0,0,0,0,0,0,0,0,0,0,94,0,66,0,76,0,0,0,0,0,0,0,0,0,0,0,0,0,0,0,0,0,0,0,18,0,32,0,28,0,0,0,17,0,0,0,65,0,8,0,0,0,0,0,0,0,72,0,0,0,0,0,1,0,0,0,0,0,0,0,0,0,0,0,0,0,0,0,0,0,0,1,0,13,0,0,0,28,69,103,0,0,0,0
1,0,0,0,2,0,2,0,0,0,5,0,9,61,6,0,0,0,24,0,34,4,18,0,0,0,258,95,0,0,14,0,0,0,7,0,36,0,0,0,3,44,158,0,0,0,92,137,148,15,82,0,0,0,0,0,0,0,1,0,0,0,10,0,0,0,0,0,12,0,28,0,0,0,41,0,10,0,0,0,0,0,50,0,0,0,0,0,0,0,0,0,68,0,88,0,0,0,0,0,10,0,0,0,0,0,0,0,2,0,0,0,0,0,0,0,0,0,0,0,0,0,0,0,0,0,0,0,0,0,0,0,0,0,0,0,0,0,0,0,0,0,0,0,0,0,0,0,0,1,0,0,0,0,0,0,0,0,0,0,0,2,0,0,281,0,12,0,47,0,1,0,7,0,0,0,14,13,9,0,23,0,0,0,0,0,46,2,0,0,0,0,0,0,0,0,0,0,0,0,0,0,0,0,0,0,0,0,0,0,14,270,189,7,14,0,1,142,0,18,0,0,0,0,0
0,6,0,0,0,0,0,6,0,0,0,0,14,0,0,0,0,0,0,58,0,48,0,0,0,0,0,161,0,0,0,0,0,1,0,0,0,30,0,0,24,23,5,214,0,0,92,96,31,167,0,110,0,0,0,0,0,12,0,13,0,0,0,3,0,0,0,0,0,27,0,20,0,6,0,27,0,26,0,3,0,62,0,81,0,0,0,25,0,73,0,0,0,27,0,52,0,0,0,17,0,16,0,18,0,15,0,0,0,0,0,0,0,0,0,0,0,0,0,0,0,93,0,32,0,0,0,2,0,0,0,0,0,0,0,0,0,14,0,5,0,19,0,0,0,42,0,0,0,0,0,3,0,0,0,0,0,0,0,0,0,0,0,10,0,245,0,31,0,248,0,28,0,28,0,0,0,56,0,3,0,0,0,0,0,0,6,13,0,29,0,0,0,0,0,20,0,0,0,0,0,0,0,0,0,0,0,0,0,0,0,5,0,0,0,0,0,0,21,251,576,9,0,0,79
27,0,82,0,126,0,8,0,0,0,57,0,209,352,53,0,0,0,40,109,7,16,9,0,0,0,298,631,0,0,0,0,0,0,0,0,0,5,0,0,87,318,89,37,92,92,0,853,137,51,22,0,0,0,0,0,0,0,0,0,0,0,0,0,14,0,0,0,0,0,0,0,0,0,0,0,0,0,0,0,0,0,11,0,0,0,0,0,0,0,0,0,10,0,0,0,0,0,0,0,0,0,0,0,0,0,0,0,0,0,0,0,0,0,0,0,0,0,0,0,0,0,0,0,0,0,0,0,0,0,0,0,0,0,0,0,0,0,0,0,0,0,0,0,0,0,0,0,0,0,22,0,0,0,0,0,0,0,0,0,0,0,0,0,68,0,0,0,0,0,0,0,1,0,0,2,15,64,12,0,0,0,0,0,6,0,120,18,0,0,0,0,0,0,0,0,0,0,0,0,0,0,0,0,0,0,0,0,12,0,0,637,111,0,0,0,0,122,0,65,0,0,0,0,1
0,121,0,0,7,216,0,8,0,3,0,171,61,263,0,17,0,0,47,190,0,15,0,7,0,0,178,159,0,0,0,0,0,0,0,0,0,0,0,0,353,248,25,12,137,96,853,0,197,138,0,23,0,0,0,0,0,0,0,0,0,0,0,0,0,0,0,0,0,6,0,0,0,0,0,0,0,0,0,0,0,0,0,0,0,0,0,0,0,0,0,0,0,0,0,0,0,0,0,0,1,0,0,0,0,0,0,0,0,0,0,0,0,0,0,0,0,0,0,0,0,0,0,0,0,0,0,0,0,0,0,0,0,0,0,0,0,8,0,0,0,0,0,0,0,0,0,0,0,0,0,0,0,18,0,0,0,0,0,0,0,2,0,0,7,25,0,0,0,0,0,0,0,1,0,0,0,223,0,0,0,31,0,3,0,8,94,5,0,0,0,0,0,0,0,3,0,0,0,4,0,0,0,0,0,0,0,0,0,0,0,6,0,0,0,0,0,4,0,479,138,0,0,0,92
5,0,6,0,5,0,8,0,2,0,17,0,43,13,1,0,6,0,2,4,0,0,2,0,15,0,20,34,0,0,0,0,0,0,0,0,0,0,0,0,70,95,10,0,148,31,137,197,0,50,0,0,14,0,46,0,21,0,8,0,2,0,0,0,0,0,0,0,22,0,0,0,0,0,0,0,2,0,0,0,0,0,20,0,5,0,0,0,14,0,0,0,38,0,22,0,0,0,0,0,22,0,22,0,11,0,3,0,3,0,0,0,0,0,0,0,0,0,0,0,0,0,0,0,0,0,0,0,0,0,7,0,0,1,7,0,7,0,0,0,2,0,12,0,0,0,0,0,0,0,2,0,0,0,5,0,0,0,4,0,20,0,1,0,8,0,1,0,5,0,6,0,4,0,0,0,35,37,9,0,5,0,4,0,0,0,145,0,23,0,12,0,0,0,17,0,1,0,21,0,17,0,10,0,19,0,0,0,3,0,21,84,87,6,35,2,0,21,0,22,4,0,0,0,1
0,15,0,0,2,7,0,6,0,0,0,35,0,32,0,10,0,0,0,11,0,20,3,20,0,3,0,45,0,0,0,0,0,0,0,0,0,1,0,0,17,241,0,18,15,167,51,138,50,0,0,11,0,0,0,2,0,0,0,0,0,0,0,6,0,0,0,0,0,5,0,0,0,0,0,0,0,3,0,0,0,15,0,17,0,0,0,0,0,8,0,0,0,11,0,0,0,0,0,0,0,0,0,0,0,0,0,0,0,0,0,1,0,0,0,0,0,0,0,0,0,0,0,0,0,0,0,0,0,0,0,0,0,0,0,4,0,0,0,0,0,0,0,0,0,0,0,0,0,0,0,0,0,8,0,0,0,0,0,0,0,0,0,0,0,33,0,0,0,6,0,2,0,0,0,9,0,181,0,10,0,13,0,0,0,2,10,30,0,0,0,0,0,0,0,1,0,0,0,0,0,0,0,0,0,0,0,0,0,0,0,0,0,0,0,0,0,0,0,47,19,0,0,0,38
0,0,0,0,39,20,0,0,0,0,13,0,209,33,0,0,5,0,268,30,45,5,4,0,0,0,192,0,0,0,18,0,2,0,32,0,61,0,0,0,0,0,49,1,82,0,22,0,0,0,0,0,0,0,2,0,1,0,7,2,0,0,0,0,0,0,0,0,0,0,18,0,5,0,8,0,0,0,0,0,15,0,31,0,0,0,18,0,5,0,8,0,13,0,26,0,0,0,32,0,0,0,0,0,0,0,0,0,0,0,0,0,0,0,0,0,0,0,0,0,0,0,0,0,0,0,0,0,0,0,0,0,0,0,0,0,0,0,0,0,0,0,0,0,0,0,0,0,0,0,0,0,0,0,1,0,0,0,0,0,2,1,0,0,74,0,27,0,41,0,6,0,32,0,0,0,14,8,27,0,2,0,11,0,2,0,48,0,0,0,0,0,0,0,0,0,0,0,0,0,0,0,0,0,0,0,0,0,0,0,39,137,159,13,19,0,0,0,0,0,0,0,0,0,0
0,13,0,0,0,100,0,0,0,0,0,0,0,182,0,0,0,10,0,182,0,82,0,19,0,0,0,288,0,0,0,36,0,13,0,34,0,115,0,3,0,18,7,40,0,110,0,23,0,11,0,0,0,0,0,5,0,0,0,0,0,13,0,0,0,0,0,0,0,0,0,0,0,6,0,18,0,0,0,0,0,75,0,0,0,21,0,0,0,0,0,0,0,0,0,7,0,0,0,0,0,0,0,0,0,1,0,0,0,0,0,0,0,0,0,0,0,0,0,0,0,93,0,0,0,0,0,0,0,0,0,0,0,0,0,0,0,0,0,0,0,59,0,70,0,55,0,0,0,0,2,0,0,0,0,0,0,0,0,0,0,0,0,0,0,8,0,22,0,33,0,12,0,23,0,0,4,187,0,0,0,0,0,0,0,0,0,163,0,14,0,0,0,0,0,0,0,0,0,0,0,10,0,0,0,0,0,0,0,0,0,0,0,0,9,0,0,0,20,27,81,10,0,0,0
0,0,0,0,0,0,14,8,14,87,0,0,0,0,0,0,116,0,0,0,16,0,10,0,34,5,0,0,3,0,2,0,0,0,0,0,0,0,2,0,0,0,0,0,0,0,0,0,14,0,0,0,0,51,86,111,78,20,33,123,31,0,24,13,0,6,0,55,0,0,2,0,0,0,3,0,0,0,0,0,17,0,0,0,144,0,18,0,0,0,18,0,0,0,0,0,89,0,56,0,0,0,0,0,0,0,33,0,0,0,0,0,0,0,0,0,0,0,0,0,13,0,46,0,0,0,20,0,75,0,19,0,31,0,0,0,79,0,204,0,72,0,138,0,21,0,1,0,0,0,0,0,0,0,110,7,102,3,143,0,24,0,13,0,0,0,1,0,0,0,166,0,15,0,0,0,0,1,0,0,0,0,0,0,0,6,0,0,0,0,0,0,0,0,0,0,0,0,0,0,29,0,0,0,0,0,4,0,0,0,102,359,260,127,130,4,27,0,0,0,0,0,0,0,0
0,13,0,0,0,6,32,6,53,46,0,3,0,0,0,4,1,45,0,0,0,0,0,7,1,67,0,9,0,15,0,4,0,0,0,0,0,0,0,2,0,0,0,0,0,0,0,0,0,0,0,0,51,0,61,83,18,83,123,64,0,24,15,102,3,4,40,32,0,0,0,0,0,0,0,0,0,0,0,0,0,0,0,0,0,39,0,0,0,0,0,3,0,0,0,0,0,16,0,0,0,0,0,0,0,0,0,0,0,0,0,0,0,0,0,0,0,0,0,0,0,0,0,0,0,0,0,14,0,56,0,8,0,24,0,63,0,78,0,482,0,161,0,153,0,50,0,3,0,0,0,0,0,0,14,228,1,35,2,194,0,11,0,0,0,1,0,0,0,0,0,62,0,3,0,0,0,0,0,1,0,0,0,0,9,0,0,0,0,0,0,0,0,0,0,0,0,0,0,0,0,0,0,0,0,0,0,0,0,9,0,0,0,0,13,0,0,0,5,145,19,10,2,0,0
0,0,49,0,1,0,281,0,43,209,0,0,0,0,13,0,27,0,0,0,0,0,71,0,167,0,0,0,0,0,0,0,1,0,0,0,0,0,0,0,0,0,0,0,0,0,0,0,46,0,2,0,86,61,0,146,82,0,103,103,106,5,52,54,0,0,0,82,0,0,0,0,0,0,0,0,0,0,0,0,0,0,0,0,57,0,0,0,0,0,0,0,0,0,0,0,0,0,0,0,0,0,0,0,0,0,86,0,0,0,0,0,0,0,0,0,0,0,0,0,0,0,0,0,15,0,14,0,83,0,49,0,45,0,110,0,183,0,11,0,73,0,191,0,0,0,10,0,0,0,16,0,1,0,27,10,44,5,23,0,162,0,0,0,0,0,6,0,6,0,269,0,19,0,0,0,6,0,0,0,0,0,0,6,0,17,0,0,0,0,0,0,0,0,0,0,0,0,0,0,151,0,1,0,2,0,0,0,79,0,669,157,516,400,894,21,108,0,0,0,5,1,0,0,0
0,9,3,131,0,12,119,386,277,101,0,3,0,0,0,52,3,5,0,0,0,9,0,13,0,142,0,0,0,5,0,0,0,0,0,0,0,0,0,6,0,0,0,3,0,0,0,0,0,2,0,5,111,83,146,0,9,119,245,116,0,76,60,41,3,0,58,7,0,0,0,0,0,0,0,0,0,0,0,0,0,0,0,0,0,0,0,0,0,0,0,3,0,0,0,0,0,0,0,2,0,0,0,0,0,0,0,133,0,0,0,0,0,0,0,0,0,0,0,0,0,0,0,0,0,16,1,12,0,35,0,54,0,28,0,454,0,125,0,148,0,59,1,0,0,0,0,0,0,0,0,0,0,0,6,46,0,37,0,12,0,38,0,0,0,2,0,0,0,16,0,153,0,35,0,0,3,2,0,0,0,0,1,0,0,0,0,0,0,0,0,0,0,0,0,0,0,0,0,24,0,185,0,0,0,0,0,0,0,33,0,0,0,0,307,0,0,0,248,130,311,173,31,4,0
0,0,5,2,0,0,17,0,17,0,0,0,0,0,0,0,7,0,0,0,4,0,0,0,6,0,0,0,0,0,0,0,0,0,0,0,0,0,0,0,0,0,0,0,0,0,0,0,21,0,1,0,78,18,82,9,0,0,102,64,10,0,0,0,18,70,15,61,0,0,0,0,0,0,0,0,0,0,0,0,0,4,0,0,2,0,0,0,0,0,0,0,0,0,0,0,0,0,1,0,0,0,0,0,0,0,0,0,0,0,0,0,0,0,0,0,0,0,0,0,0,0,0,0,6,0,7,0,120,0,124,0,38,0,0,0,24,0,20,0,6,0,29,0,0,11,8,0,4,0,22,0,0,0,25,64,13,0,27,35,116,81,11,0,0,0,11,0,2,0,48,0,10,0,0,0,0,0,0,0,0,14,0,0,8,17,0,0,0,0,0,0,0,0,0,0,0,0,0,0,9,0,0,0,0,0,0,0,37,0,419,156,328,294,576,32,45,0,0,0,0,0,0,0,0
0,0,0,0,0,0,0,37,20,24,0,0,0,0,0,15,0,13,0,0,0,0,0,0,0,46,0,3,0,0,0,0,0,0,0,0,0,0,0,0,0,0,0,0,0,12,0,0,0,0,0,0,20,83,0,119,0,0,86,162,0,0,3,11,0,0,44,0,0,0,0,0,0,0,0,0,0,0,0,0,0,0,0,0,0,0,0,0,0,0,0,1,0,0,0,0,0,0,0,0,0,0,0,0,0,0,0,15,0,0,0,0,0,0,0,0,0,0,0,0,0,0,0,0,0,20,0,0,2,54,0,86,0,0,0,129,0,71,0,122,0,39,0,0,0,4,0,0,0,1,0,2,0,0,12,200,0,58,0,135,0,94,0,5,0,0,0,1,0,5,0,439,0,11,0,0,0,1,0,0,0,0,0,0,0,0,0,0,0,0,0,0,0,0,0,0,0,0,0,0,0,21,0,0,0,0,0,0,0,14,0,0,0,0,460,0,0,0,255,83,661,268,88,5,0
0,0,6,0,0,0,29,0,51,38,0,0,0,0,0,0,0,0,2,0,1,0,4,0,12,0,0,0,1,0,0,0,0,0,2,0,0,0,0,0,0,0,2,0,1,0,0,0,8,0,7,0,33,123,103,245,102,86,0,530,77,0,11,12,168,112,190,427,0,0,0,0,0,0,0,0,0,0,0,0,0,0,0,0,0,0,0,0,0,0,0,0,0,0,0,0,0,0,0,0,0,0,0,0,2,0,0,0,0,0,0,0,0,0,0,0,0,0,0,0,0,0,0,0,15,0,8,0,9,0,78,0,0,0,8,0,0,0,0,0,2,0,0,1,1,13,13,0,32,0,28,0,0,0,11,145,73,15,0,33,61,0,0,0,1,0,5,0,1,0,91,0,12,0,0,3,46,0,0,0,0,9,0,0,86,80,0,0,0,0,0,0,0,0,0,0,0,0,0,0,1,0,0,0,0,0,0,0,19,0,716,574,176,210,657,25,43,0,0,0,2,0,0,0,0
0,0,0,0,0,0,0,11,173,182,0,0,0,0,0,0,0,1,0,0,0,0,0,0,0,5,0,0,0,0,0,0,0,0,0,0,0,0,0,0,0,0,0,2,0,13,0,0,0,0,2,0,123,64,103,116,64,162,530,0,3,108,23,10,86,159,232,258,0,0,0,0,0,0,0,0,0,0,0,0,0,0,0,0,0,0,0,1,0,0,0,0,0,0,0,0,0,0,0,0,0,0,0,0,0,0,0,3,0,0,0,0,0,0,0,0,0,0,0,0,0,0,0,0,0,26,0,8,0,0,0,68,1,7,0,36,0,19,0,6,0,0,0,0,11,47,0,5,0,0,0,0,0,0,127,161,17,215,16,55,0,64,0,0,0,0,0,1,0,4,0,185,0,0,0,5,7,6,0,0,0,7,0,0,60,37,0,0,0,0,0,0,0,0,0,0,0,0,0,5,0,0,0,0,0,0,0,5,0,19,0,0,0,0,1043,0,0,0,923,587,590,456,116,7,2
6,0,0,0,0,0,222,0,84,0,0,0,0,0,0,0,17,0,0,0,0,0,0,0,132,0,0,0,7,0,0,0,8,0,0,0,35,0,22,0,0,0,0,0,0,0,0,0,2,0,0,0,31,0,106,0,10,0,77,3,0,0,55,0,0,0,0,1,0,0,9,0,0,0,0,0,0,0,0,0,6,0,0,0,2,0,0,0,0,0,0,0,5,0,0,0,0,0,0,0,0,0,0,0,0,0,0,0,0,0,0,0,0,0,0,0,0,0,0,0,0,0,0,0,0,0,0,0,0,0,0,0,0,0,0,0,0,0,248,0,201,0,0,0,320,0,0,0,0,0,0,0,0,0,67,0,183,0,18,0,0,0,21,0,0,0,0,0,0,0,134,0,54,0,0,0,0,0,0,0,0,0,0,0,2,0,0,0,0,0,0,0,0,0,0,0,0,0,0,0,0,0,0,0,0,0,0,0,0,0,3,101,15,0,0,0,0,0,0,0,0,0,0,0,0
0,180,7,56,0,0,0,448,0,305,0,0,0,0,0,6,0,38,0,0,0,5,2,15,0,65,0,0,0,24,0,3,0,7,0,6,0,34,0,35,0,0,0,10,0,0,0,0,0,0,0,13,0,24,5,76,0,0,0,108,0,0,0,36,0,0,0,0,0,0,0,2,0,0,0,0,0,0,0,0,0,0,0,0,0,0,0,0,0,0,0,0,0,0,0,0,0,0,0,0,0,0,0,0,0,0,0,0,0,0,0,0,0,0,0,0,0,0,0,0,0,1,0,2,0,0,0,0,0,0,0,0,0,0,0,0,0,0,0,161,0,89,0,49,0,209,0,0,0,0,0,0,0,0,0,26,0,207,0,74,0,0,0,0,0,0,0,0,0,1,0,51,0,45,0,0,7,72,0,2,0,0,0,166,0,1,0,0,0,0,0,0,0,0,0,0,0,0,0,0,0,0,0,0,0,0,0,0,0,0,0,0,0,0,0,0,0,0,4,339,11,0,0,0,0
0,0,4,0,0,0,95,28,41,178,0,0,0,0,0,0,279,0,22,0,127,0,22,0,192,30,23,0,11,0,36,0,17,0,0,0,19,0,7,0,0,0,7,0,10,0,0,0,0,0,0,0,24,15,52,60,0,3,11,23,55,0,0,26,0,0,0,10,0,0,60,0,0,0,67,0,0,0,0,0,96,0,0,0,109,0,113,0,0,0,0,0,0,0,0,0,104,0,192,0,0,0,0,0,0,0,0,0,0,0,0,0,0,0,0,0,0,0,0,0,22,0,48,0,0,0,13,0,7,0,0,0,0,0,0,0,14,0,144,0,113,0,82,0,123,0,0,0,0,0,0,0,0,0,85,0,80,0,26,0,7,0,6,0,0,0,1,0,0,0,17,0,6,0,0,0,0,0,0,0,0,0,0,3,0,0,0,0,0,0,0,0,0,0,0,0,0,0,0,0,6,0,0,0,0,0,0,0,0,0,7,184,23,18,0,0,2,0,0,0,0,0,0,0,0
19,39,11,10,0,13,109,138,96,182,0,11,0,0,0,17,24,258,0,16,0,46,5,92,41,60,0,33,0,102,0,0,0,0,0,8,0,6,0,26,0,0,0,0,0,3,0,0,0,6,0,0,13,102,54,41,0,11,12,10,0,36,26,0,0,0,0,3,0,0,0,0,0,0,0,0,0,0,0,0,0,0,0,0,0,6,0,0,0,0,0,0,0,0,0,0,0,0,0,0,0,0,0,0,0,0,0,1,0,0,0,0,0,0,0,0,0,0,0,0,0,2,0,0,0,0,0,0,0,14,0,0,0,0,0,13,0,54,0,402,0,156,0,107,0,75,0,0,0,0,0,0,0,0,0,86,0,39,0,106,0,3,0,0,0,0,0,0,0,0,0,1,0,0,0,0,8,0,0,0,0,0,0,61,0,0,0,0,0,0,0,0,0,0,0,0,0,0,0,0,0,0,0,0,0,0,0,0,0,7,0,0,1,0,1,0,0,0,3,174,6,0,0,0,0
61,0,18,0,17,0,11,0,145,0,11,0,13,0,9,3,0,0,0,0,0,0,0,0,0,0,0,0,0,0,0,0,0,0,0,0,0,0,0,0,18,0,0,0,0,0,14,0,0,0,0,0,0,3,0,3,18,0,168,86,0,0,0,0,0,94,225,27,0,0,0,0,0,0,0,0,0,0,0,0,0,0,0,0,0,0,0,1,0,0,0,0,0,0,0,0,0,0,0,0,0,0,0,0,0,0,0,0,0,0,0,0,0,0,0,0,0,0,0,0,0,0,0,0,20,0,0,0,0,0,24,0,0,0,10,0,0,0,0,2,0,0,0,0,0,16,33,0,48,40,52,0,0,0,1,32,0,0,0,15,311,140,2,2,0,0,0,0,0,0,2,0,5,0,5,0,34,0,0,0,76,20,0,0,130,15,0,0,0,0,0,0,0,0,0,0,0,0,0,0,0,0,0,0,0,0,0,0,22,1,11,22,0,0,0,0,0,0,0,0,0,0,0,0,0
0,58,0,3,0,0,4,22,7,344,0,13,0,12,0,0,0,0,0,13,0,0,0,0,0,0,0,0,0,0,0,0,0,0,0,2,1,0,0,0,0,6,0,0,0,0,0,0,0,0,0,0,6,4,0,0,70,0,112,159,0,0,0,0,94,0,35,338,0,0,0,0,1,0,0,2,0,0,0,0,0,2,0,0,0,0,0,0,0,0,0,0,0,0,0,0,0,0,0,0,0,0,0,0,0,0,0,0,0,0,0,0,0,0,0,0,0,0,0,0,0,0,0,0,0,6,0,31,0,0,102,38,0,0,0,0,1,0,28,4,0,0,0,0,24,4,0,42,64,123,0,40,0,6,41,5,1,9,29,7,362,409,0,0,0,0,0,0,0,1,0,0,0,0,0,22,3,5,0,1,33,176,0,5,62,90,0,0,0,0,0,0,0,0,0,0,0,0,0,0,0,0,0,0,0,0,0,0,0,42,0,0,0,0,39,0,0,0,39,10,0,0,0,0,0
5,0,4,0,0,0,4,0,142,12,0,0,0,0,0,0,0,0,1,0,0,0,0,0,0,0,0,0,0,0,0,0,0,0,0,0,0,0,0,0,0,0,0,0,0,0,0,0,0,0,0,0,0,40,0,58,15,44,190,232,0,0,0,0,225,35,0,125,0,0,0,0,0,0,0,0,0,0,0,0,0,0,0,0,0,0,0,0,0,0,0,0,0,0,0,0,0,0,0,0,0,0,0,0,0,0,0,0,0,0,0,0,0,0,0,0,0,0,0,0,0,0,0,0,0,0,0,0,0,0,4,0,0,0,0,0,0,0,0,0,0,0,0,0,0,1,0,0,8,0,0,0,0,0,1,23,0,0,0,7,63,0,0,0,0,0,2,0,0,0,0,0,0,0,0,0,51,0,0,0,3,1,0,0,238,22,0,0,0,0,0,0,0,0,0,0,0,0,0,0,0,0,0,0,0,0,0,0,0,0,10,21,1,0,0,0,0,0,0,0,0,0,0,0,0
0,4,0,0,0,0,35,0,100,225,0,3,0,0,0,0,0,0,0,0,1,0,0,0,0,0,0,0,0,0,0,0,0,0,0,0,0,0,0,0,0,0,0,0,0,0,0,0,0,0,0,0,55,32,82,7,61,0,427,258,1,0,10,3,27,338,125,0,0,0,0,0,0,0,0,0,0,0,0,0,0,0,0,0,0,0,0,0,0,0,0,0,0,0,0,0,0,0,0,0,0,0,0,0,0,0,0,0,0,0,0,0,0,0,0,0,0,0,0,0,0,1,0,0,0,13,0,0,0,0,0,14,0,0,0,2,0,2,3,0,0,0,0,0,4,24,0,15,0,10,0,0,0,3,73,61,10,47,12,22,20,105,0,0,0,0,0,1,0,0,1,11,0,0,0,33,11,12,0,0,0,10,0,0,44,154,0,0,0,0,0,0,0,0,0,0,0,0,0,1,0,0,0,0,0,0,0,0,0,0,0,0,0,0,71,0,0,0,54,133,19,0,3,0,0
0,0,0,0,0,0,0,0,0,0,0,0,0,0,0,0,0,0,0,0,0,0,0,0,0,0,4,0,0,0,0,0,0,0,0,0,0,0,0,0,0,0,0,0,12,0,0,0,22,0,0,0,0,0,0,0,0,0,0,0,0,0,0,0,0,0,0,0,0,0,0,0,5,0,0,0,57,0,11,0,2,0,92,0,0,0,11,0,14,0,3,0,64,0,23,0,0,0,0,0,10,0,219,0,27,0,40,0,92,0,9,0,19,0,1,0,1,0,2,0,0,0,0,0,0,0,0,0,1,0,0,0,0,0,0,0,0,0,0,0,0,0,18,0,0,0,0,0,0,0,0,0,0,1,0,0,0,0,0,0,0,0,1,0,66,0,0,0,102,0,0,0,0,0,0,0,0,0,0,0,0,0,0,0,0,0,0,0,22,0,21,0,26,0,28,0,3,0,0,0,16,0,21,0,0,0,0,0,0,0,194,16,118,0,19,66,148,0,0,0,0,0,0,0,0
0,0,0,0,0,0,0,0,0,0,0,0,0,1,0,0,0,0,0,0,0,0,0,1,0,0,0,7,0,0,0,0,0,0,0,0,0,0,0,0,0,4,0,0,0,27,0,6,0,5,0,0,0,0,0,0,0,0,0,0,0,0,0,0,0,0,0,0,0,0,0,0,0,0,0,0,0,66,0,0,0,0,0,22,0,0,0,6,0,43,0,0,0,54,0,13,0,0,0,0,0,0,0,195,0,0,0,0,0,56,0,9,0,8,0,2,0,22,0,0,0,0,0,0,0,0,0,5,0,0,0,0,3,0,0,10,0,0,0,0,0,0,0,0,0,0,0,0,0,0,0,0,0,0,0,0,0,0,0,0,0,0,0,0,0,50,0,0,0,64,0,1,0,0,0,0,0,0,0,0,0,0,0,0,0,0,0,0,0,42,0,0,0,0,0,0,0,0,0,0,0,0,0,16,0,0,0,3,0,1,0,0,1,1,3,0,0,0,35,20,67,3,16,7,2
0,0,0,0,0,0,0,0,0,0,0,0,0,0,0,0,120,0,26,0,159,0,0,0,0,0,70,0,16,0,80,0,8,0,38,0,228,0,12,0,0,0,0,0,28,0,0,0,0,0,18,0,2,0,0,0,0,0,0,0,9,0,60,0,0,0,0,0,0,0,0,0,197,0,227,0,0,0,253,0,0,0,0,0,0,0,22,0,0,0,0,0,0,0,3,0,0,0,0,0,0,0,0,0,0,0,0,0,0,0,0,0,0,0,0,0,0,0,0,0,18,0,20,0,0,4,5,2,5,0,5,2,0,0,0,0,22,0,0,1,120,0,52,0,148,0,0,0,8,0,0,0,0,0,0,0,7,0,0,0,0,0,28,0,0,0,6,0,5,0,36,0,70,0,27,0,0,0,0,0,9,0,0,0,1,0,0,0,0,0,0,0,0,0,0,0,0,0,0,0,0,0,0,0,0,0,0,0,9,0,13,0,0,0,5,0,0,0,0,0,0,0,0,0,0
0,0,0,0,0,0,0,0,0,0,0,0,0,0,0,0,0,0,0,0,0,0,0,0,0,0,0,0,0,2,0,0,0,0,0,0,0,0,0,0,0,0,0,5,0,20,0,0,0,0,0,0,0,0,0,0,0,0,0,0,0,2,0,0,0,0,0,0,0,0,0,0,0,150,0,283,0,20,0,8,0,5,0,0,0,0,0,101,0,0,0,0,0,0,0,1,0,0,0,0,0,0,0,0,0,0,0,0,0,0,0,0,0,0,0,0,0,0,0,0,0,7,0,11,0,30,0,0,0,0,0,50,0,33,0,49,0,101,3,26,0,68,0,23,0,122,0,0,0,30,0,0,0,20,0,0,0,0,0,0,0,7,0,17,0,0,0,0,0,2,0,25,0,16,0,11,0,0,0,0,0,29,0,0,0,0,0,0,0,0,0,0,0,0,0,0,0,0,0,0,0,0,0,0,0,0,0,6,0,0,0,0,0,0,1,0,0,0,23,0,9,1,0,0,0
0,0,0,0,3,0,0,0,0,0,0,0,0,0,0,0,10,0,0,0,25,0,0,0,0,0,17,0,0,0,0,0,0,0,0,0,68,0,0,0,0,0,7,0,0,0,0,0,0,0,5,0,0,0,0,0,0,0,0,0,0,0,0,0,0,1,0,0,5,0,197,0,0,0,75,0,82,0,327,0,0,0,23,0,16,0,24,0,0,0,0,0,5,0,2,0,0,0,0,0,0,0,3,0,0,0,0,0,0,0,0,0,0,0,0,0,0,0,0,0,28,0,16,0,0,0,0,0,8,0,9,0,30,2,102,0,85,0,11,0,91,0,218,0,114,0,32,0,5,0,49,0,0,0,1,0,0,0,0,0,1,0,85,0,0,0,3,0,15,0,29,0,29,0,11,0,0,0,0,0,24,0,0,0,0,0,0,0,0,0,0,0,0,0,0,0,0,0,0,0,54,0,35,0,0,0,0,0,46,0,163,2,10,0,49,0,2,0,0,0,0,0,0,0,0
0,0,0,0,0,0,0,0,0,0,0,0,0,0,0,0,0,0,0,0,0,0,0,0,0,0,0,0,0,0,0,0,0,0,0,0,0,0,0,0,0,0,0,4,0,6,0,0,0,0,0,6,0,0,0,0,0,0,0,0,0,0,0,0,0,0,0,0,0,0,0,150,0,0,0,143,0,138,0,32,0,13,0,10,0,32,0,107,0,2,0,0,0,0,0,4,0,0,0,0,0,0,0,0,0,0,0,0,0,0,0,0,0,0,0,0,0,0,0,0,0,42,0,40,0,28,0,0,0,23,0,11,0,30,0,263,0,173,0,20,0,44,0,56,0,75,0,0,0,16,0,0,0,15,0,0,0,0,0,1,0,0,0,31,0,0,0,0,0,11,0,16,0,0,0,0,0,0,0,0,0,14,0,0,0,0,0,0,0,33,0,0,0,0,0,2,0,0,0,0,0,87,0,0,0,7,0,0,0,0,0,0,0,0,2,0,0,0,104,3,16,0,0,0,0
0,0,0,0,0,0,0,0,0,0,0,0,0,0,0,0,87,0,0,0,91,0,0,0,0,0,0,0,7,0,50,0,0,0,21,0,74,0,5,0,0,0,0,0,41,0,0,0,0,0,8,0,3,0,0,0,0,0,0,0,0,0,67,0,0,0,0,0,0,0,227,0,75,0,0,0,0,0,203,0,23,0,54,0,5,1,47,0,0,0,0,0,8,0,12,0,2,0,6,1,0,0,0,0,0,0,0,0,0,0,0,0,0,0,0,0,0,0,0,0,55,0,63,0,7,6,0,0,0,2,5,0,10,10,15,1,15,2,8,1,108,0,107,4,142,2,0,9,5,0,6,2,0,3,3,0,0,0,0,0,0,0,14,0,0,0,0,0,5,0,0,0,0,0,44,0,0,0,0,0,21,1,0,0,0,0,0,0,0,0,0,0,0,0,0,0,0,0,0,0,0,0,0,0,0,0,0,0,0,2,7,0,0,0,2,0,0,0,0,0,0,0,0,0,0
0,0,0,0,0,0,0,0,0,0,0,0,0,0,0,0,0,0,0,0,0,15,0,8,0,0,0,0,0,0,0,0,0,0,0,0,0,8,0,0,0,0,0,0,0,27,0,0,0,0,0,18,0,0,0,0,0,0,0,0,0,0,0,0,0,2,0,0,0,0,0,283,0,143,0,0,0,21,0,64,0,0,0,0,0,6,0,144,0,0,0,0,0,0,0,0,0,0,0,0,0,0,0,0,0,0,0,0,0,0,0,0,0,0,0,0,0,0,0,0,0,47,0,31,0,30,0,0,6,10,0,35,0,0,0,123,0,98,0,0,0,53,0,46,0,231,0,0,0,30,0,0,0,35,0,0,0,1,0,0,0,2,0,29,0,0,0,13,0,2,0,17,0,23,0,24,0,0,0,0,3,25,0,0,0,0,0,0,0,0,0,0,0,0,0,0,0,0,0,0,0,10,0,0,0,0,0,0,0,0,0,0,0,0,0,0,0,0,20,0,0,0,0,0,0
0,0,0,0,0,0,0,0,0,0,0,0,0,0,0,0,0,0,3,0,0,0,0,0,0,0,0,0,0,0,0,0,0,0,0,0,0,0,0,0,0,0,0,0,10,0,0,0,2,0,0,0,0,0,0,0,0,0,0,0,0,0,0,0,0,0,0,0,57,0,0,0,82,0,0,0,0,0,56,0,18,0,78,0,0,0,32,0,0,0,2,0,49,0,46,0,16,0,0,0,6,0,64,0,28,0,29,0,6,0,2,0,0,0,0,0,1,0,0,0,2,0,0,0,0,0,2,0,0,0,0,0,3,0,0,0,9,0,0,0,9,0,43,0,0,0,0,0,0,0,0,0,0,0,0,0,0,0,2,0,0,0,4,0,11,0,0,0,73,0,0,0,7,0,13,0,0,0,0,0,0,0,0,0,0,0,0,0,36,0,32,0,56,0,0,0,0,0,62,0,0,0,38,0,60,0,0,0,0,0,140,0,109,0,7,5,0,0,0,0,0,0,0,0,0
0,0,0,0,0,0,0,0,0,0,0,0,0,0,0,0,0,0,0,0,0,0,0,0,0,0,0,0,0,0,0,0,0,0,0,0,0,0,0,0,0,0,0,0,0,26,0,0,0,3,0,0,0,0,0,0,0,0,0,0,0,0,0,0,0,0,0,0,0,66,0,20,0,138,0,21,0,0,0,27,0,73,0,215,0,28,0,200,0,48,0,0,0,138,0,72,0,0,0,7,0,5,0,84,0,43,0,0,0,0,0,0,0,0,0,1,0,13,0,0,0,0,0,6,0,4,0,14,0,0,0,0,4,0,0,0,0,33,0,0,0,0,0,0,0,0,0,0,0,0,0,0,0,0,0,0,0,0,0,0,0,0,0,8,0,14,0,0,0,61,0,0,0,0,0,0,0,0,0,0,4,0,0,0,0,0,0,0,0,176,0,13,0,0,0,0,0,3,0,0,0,101,0,94,0,52,0,0,0,0,0,0,0,0,11,0,0,0,50,10,84,1,8,1,0
0,0,0,0,0,0,0,0,0,0,0,0,0,0,0,0,0,0,0,0,0,0,0,0,0,0,0,0,0,0,0,0,0,0,0,0,26,0,0,0,0,0,0,0,0,0,0,0,0,0,0,0,0,0,0,0,0,0,0,0,0,0,0,0,0,0,0,0,11,0,253,0,327,0,203,0,56,0,0,0,8,0,93,0,29,0,31,0,0,0,0,0,14,0,14,0,0,0,0,0,0,0,0,0,0,0,0,0,0,0,0,0,0,0,0,0,0,0,0,0,95,0,43,0,0,0,0,0,4,0,0,0,0,0,62,0,25,0,0,0,68,0,133,0,31,0,0,0,1,0,0,0,0,0,0,0,0,0,0,0,0,0,13,0,2,0,0,0,61,0,0,0,0,0,9,0,0,0,0,0,10,0,0,0,0,0,0,0,0,0,0,0,0,0,0,0,0,0,0,0,70,0,0,0,0,0,0,0,0,0,119,0,36,0,25,0,0,0,0,0,0,0,0,0,0
