0,325,192,162,57,3,20,203,216,71,184,0,185,0,8,20,79,52,18,4,0,0,27,32,9,375,45,0,52,0,0,0,0,0,0,0,31,5,263,0,21,0,0,0,0,0,20,0,0,0,1,0,51,0,0,72,0,0,0,0,81,0,52,18,17,0,10,0,0,0,0,0,0,0,0,0,0,0,2,0,0,0,0,0,0,0,0,0,0,0,0,0,0,0,0,0,0,0,0,0,0,0,0,0,0,0,0,0,0,0,0,0,0,0,0,0,0,0,0,0,0,0,0,0,9,0,0,0,0,0,7,0,0,0,0,0,0,0,0,0,0,1,5,0,0,0,0,0,59,0,0,0,26,0,0,2,0,0,0,0,0,0,0,0,5,0,0,0,19,0,12,0,252,0,0,0,538,74,28,0,23,0,83,0,114,0,6,0,0,0,0,0,0,0,0,0,0,0,0,0,0,0,0,0,0,0,0,0,0,0,914,267,328,0,385,0,0,0,16,7,0,0,0,0,0
325,0,456,44,39,146,0,85,56,40,0,212,5,47,27,104,67,24,0,397,0,21,346,19,112,45,0,136,0,48,0,15,1,57,0,0,0,50,0,235,0,8,0,0,0,0,0,23,0,2,0,12,0,31,0,38,0,0,0,6,0,164,0,130,0,67,0,9,0,0,0,0,0,0,0,0,0,0,0,0,0,8,0,0,0,0,0,0,0,0,0,0,0,0,0,0,0,0,0,0,0,0,0,0,0,0,0,0,0,0,0,0,0,0,0,0,0,0,0,0,0,0,0,0,0,0,0,46,0,0,0,0,0,0,0,55,0,93,0,0,0,0,0,47,0,0,0,0,0,59,0,74,0,98,0,0,0,9,0,4,0,5,0,0,0,14,0,28,0,22,0,23,0,132,0,27,155,504,0,16,0,49,8,53,0,98,0,0,0,0,0,0,0,0,0,0,0,0,0,0,0,0,0,0,0,0,0,0,0,26,0,0,0,0,375,0,0,0,785,121,259,82,0,34,0
192,456,0,204,240,25,59,129,46,32,48,44,330,0,255,49,58,51,127,0,27,0,927,96,156,335,158,0,262,0,22,0,206,8,0,0,139,0,575,0,34,0,0,0,12,0,63,0,40,0,0,0,12,0,125,25,0,0,33,0,44,0,50,0,54,0,4,0,0,0,0,0,0,0,0,0,0,0,0,0,0,0,0,0,0,0,0,0,0,0,0,0,0,0,0,0,0,0,0,0,0,0,0,0,40,0,0,0,0,0,0,0,0,0,0,0,0,0,0,0,0,0,0,0,42,0,101,0,0,0,88,0,7,0,108,0,126,0,1,0,0,0,234,0,0,0,70,0,131,0,36,0,29,0,0,0,0,0,0,0,20,0,0,0,11,0,161,0,38,0,11,0,354,0,0,0,117,32,7,0,0,0,6,0,34,0,0,0,0,0,0,0,0,0,0,0,0,0,0,0,35,0,0,0,0,0,0,0,52,0,693,131,654,132,459,4,7,0,30,0,0,2,0,0,0
162,44,204,0,147,109,0,115,0,2,92,13,0,0,68,436,0,34,0,167,0,246,233,316,11,66,0,53,0,124,0,68,0,212,0,11,0,47,0,272,0,0,0,0,0,0,0,0,0,0,0,0,0,0,0,39,0,0,0,0,0,18,0,0,0,0,0,0,0,0,0,0,0,0,0,0,0,0,0,0,0,0,0,0,0,0,0,0,0,0,0,0,0,0,0,0,0,0,0,0,0,0,0,0,0,0,0,0,0,0,0,0,0,0,0,0,0,0,0,0,0,0,0,0,0,2,0,11,1,0,0,0,0,0,0,0,0,89,0,0,0,0,0,0,0,0,0,0,3,10,0,0,0,0,0,0,0,2,0,2,0,0,0,0,0,27,0,148,0,33,0,16,0,144,0,0,80,84,5,0,0,0,12,1,0,0,0,0,0,0,0,0,0,0,0,0,0,0,0,0,0,0,0,0,0,0,0,0,0,0,0,0,0,0,215,0,0,0,348,40,392,43,0,0,0
57,39,240,147,0,471,13,0,34,0,121,201,283,57,181,422,0,20,99,189,105,110,73,211,39,23,246,0,10,0,170,33,252,86,266,0,337,48,44,0,72,0,18,0,33,0,79,0,26,0,56,0,0,0,0,0,0,0,0,0,0,0,0,0,11,0,0,0,0,0,0,0,1,0,0,0,0,0,0,0,0,0,0,0,0,0,0,0,0,0,0,0,0,0,0,0,0,0,0,0,0,0,0,0,0,0,0,0,0,0,0,0,0,0,0,0,0,0,1,0,0,0,0,0,0,0,0,0,0,0,8,0,0,0,0,0,0,1,0,0,0,0,0,0,0,0,7,0,25,0,0,0,0,0,0,0,0,0,0,0,4,0,0,0,56,0,270,0,37,0,0,0,63,0,6,0,643,110,339,0,0,0,25,0,34,0,14,2,0,0,0,0,0,0,0,0,0,0,0,0,0,0,0,0,0,0,0,0,0,0,621,453,531,0,289,0,2,0,28,0,0,0,0,0,0
3,146,25,109,471,0,0,65,0,5,51,327,241,152,276,428,0,0,350,292,83,144,0,34,0,4,101,242,0,0,0,147,0,174,62,281,26,108,0,0,0,19,24,0,0,11,0,68,0,11,64,100,0,0,0,6,0,0,0,0,0,7,0,0,0,7,0,0,0,0,0,0,0,0,0,0,0,0,0,0,0,0,0,0,0,0,0,0,0,0,0,0,0,0,0,0,0,3,0,0,0,0,0,0,0,0,0,0,0,0,0,0,0,0,0,0,0,0,0,0,0,0,0,0,0,2,0,0,0,0,0,2,0,3,0,0,0,19,0,0,0,0,0,0,0,0,0,0,0,0,0,0,0,0,0,0,0,0,0,0,0,0,0,0,0,64,0,215,0,113,0,15,0,56,0,0,121,413,33,38,0,68,0,0,0,0,0,3,0,0,0,0,0,0,0,0,0,0,0,0,0,0,0,0,0,1,0,0,0,0,2,0,0,0,216,0,0,0,495,220,500,0,0,7,0
20,0,59,0,13,0,0,0,204,161,16,0,25,0,1,0,81,0,0,0,0,0,0,0,206,55,0,0,0,0,0,0,0,0,0,0,0,0,0,0,0,0,0,0,0,0,0,0,50,0,0,0,28,0,117,144,16,0,20,0,92,0,147,0,33,0,40,0,0,0,0,0,0,0,0,0,0,0,0,0,0,0,0,0,0,0,0,0,0,0,0,0,0,0,0,0,0,0,0,0,0,0,0,0,0,0,3,0,0,0,0,0,0,0,0,0,0,0,0,0,0,0,0,0,53,0,111,0,0,0,94,0,10,0,0,0,29,0,0,0,0,0,0,0,0,0,37,0,72,0,0,0,0,0,0,0,0,0,0,0,15,0,23,1,7,0,0,0,41,1,97,0,237,0,0,0,37,23,0,0,0,0,0,0,8,0,0,0,0,0,0,0,0,0,0,0,0,0,0,0,0,0,0,0,0,0,0,0,30,0,390,39,330,209,483,1,33,4,0,0,0,0,0,0,0
203,85,129,115,0,65,0,0,190,70,0,57,0,0,9,97,40,40,0,177,0,49,86,41,224,128,0,45,0,118,0,13,0,0,0,0,0,48,0,262,0,0,0,18,0,0,0,0,0,4,0,15,0,36,0,385,0,21,0,20,0,177,19,165,0,37,0,0,0,0,0,0,0,0,0,0,0,0,0,0,0,0,0,0,0,7,0,0,0,0,0,0,0,1,0,0,0,9,0,0,0,0,0,0,0,0,0,33,0,0,0,0,0,0,0,0,0,0,0,0,0,0,0,0,0,44,0,83,0,25,0,43,0,30,0,91,0,201,0,22,0,23,0,81,0,2,0,17,0,28,0,0,0,0,0,4,0,10,0,4,2,20,0,0,0,29,0,24,0,53,0,60,0,290,0,0,48,86,0,0,0,0,11,7,0,0,0,0,0,0,0,0,0,0,0,0,0,0,0,0,0,0,0,0,0,0,0,0,0,42,0,0,0,0,680,0,0,0,883,53,533,351,0,137,5
216,56,46,0,34,0,204,190,0,365,48,0,66,0,0,0,10,0,10,0,0,0,0,0,53,72,0,0,4,0,0,0,0,0,0,0,0,0,60,0,0,0,0,0,0,0,11,0,37,0,4,0,54,64,21,481,10,0,173,125,125,0,155,26,124,2,108,57,2,0,0,0,0,0,0,0,0,0,0,0,0,0,0,0,0,0,0,0,0,0,0,0,0,0,0,0,0,0,0,0,0,0,0,0,0,0,0,0,0,0,0,0,0,0,0,0,0,0,0,0,0,0,0,0,44,0,75,0,0,0,56,0,0,0,7,0,0,0,2,0,0,0,0,0,0,0,33,0,113,0,43,0,31,0,0,2,0,0,0,0,7,0,14,0,5,0,0,0,35,1,43,0,181,0,0,0,448,64,12,0,0,0,5,7,164,15,0,0,0,0,0,0,0,0,0,0,0,0,0,0,0,0,0,0,0,0,0,0,12,0,618,77,226,166,474,0,29,0,9,0,0,0,0,0,0
71,40,32,2,0,5,161,70,365,0,0,37,0,0,0,10,12,6,0,22,0,0,12,3,264,4,0,10,0,0,0,0,0,0,0,3,0,0,0,5,0,0,0,0,0,0,0,2,0,1,0,7,22,70,130,90,0,9,40,143,0,111,75,157,0,138,11,184,0,0,0,0,0,0,0,0,0,0,0,0,0,0,0,6,0,0,0,0,0,0,0,0,0,0,0,0,0,0,0,0,0,0,0,2,0,0,0,0,0,0,0,0,0,0,0,0,0,0,0,0,0,0,0,0,0,59,0,73,0,0,0,61,0,18,0,36,0,74,0,0,0,0,0,23,0,0,0,31,0,89,0,0,0,14,0,16,0,23,0,8,0,6,0,10,0,11,0,0,1,14,0,41,0,0,0,0,115,410,0,0,0,0,21,40,0,124,0,0,0,0,0,0,0,0,0,0,0,0,0,0,0,0,0,0,0,0,0,0,0,30,4,0,0,1,402,0,0,0,865,54,128,176,0,60,2
184,0,48,92,121,51,16,0,48,0,0,0,242,0,18,146,0,19,0,0,41,0,0,68,0,14,22,0,0,0,0,0,96,0,28,0,112,0,21,0,29,0,3,0,0,0,19,1,17,0,9,0,0,0,3,0,0,0,0,0,0,0,0,0,0,0,0,0,0,0,0,0,0,0,0,0,0,0,0,0,0,0,0,0,0,0,0,0,0,0,0,0,0,0,0,0,0,0,0,0,0,0,0,0,0,0,0,0,0,0,0,0,0,0,0,0,0,0,0,0,0,0,0,0,0,0,0,0,0,0,0,0,0,0,0,0,0,0,0,0,0,0,0,0,0,0,0,0,6,0,17,0,0,0,0,0,0,0,0,0,0,0,0,0,14,0,68,0,20,0,0,0,27,0,5,0,453,25,111,4,0,0,50,0,12,0,10,0,0,0,0,0,0,0,0,0,0,0,0,0,1,0,0,0,0,0,0,0,1,0,235,165,209,0,115,0,0,0,12,0,0,0,0,0,0
0,212,44,13,201,327,0,57,0,37,0,0,38,408,201,63,0,27,88,227,29,81,73,120,0,0,24,331,0,33,0,50,0,234,12,47,0,76,0,98,0,106,0,0,0,23,0,197,0,17,0,48,0,0,0,5,0,0,0,4,0,8,0,0,0,31,0,3,0,0,0,0,0,0,0,0,0,0,0,0,0,2,0,0,0,0,0,0,0,0,0,0,0,0,0,0,0,0,0,0,0,0,0,0,0,0,0,7,0,0,0,0,0,0,0,0,0,0,0,0,0,0,0,0,0,0,0,0,0,0,0,0,0,0,0,0,0,0,0,0,0,0,0,0,0,0,0,0,0,16,0,0,0,0,0,0,0,0,0,0,0,0,0,0,0,26,0,0,0,27,0,12,0,40,0,61,78,305,0,28,0,92,2,29,0,51,0,16,0,0,0,0,0,0,0,0,0,0,0,0,0,0,0,0,0,0,0,0,0,0,0,0,0,0,199,0,0,0,564,185,327,0,0,2,0
185,5,330,0,283,241,25,0,66,0,242,38,0,296,13,59,0,0,16,400,0,115,0,0,0,0,117,211,0,0,0,0,0,12,39,0,7,29,0,0,154,0,54,24,64,0,159,13,35,0,41,35,0,0,5,0,0,0,0,0,0,0,0,0,16,0,0,0,0,0,0,0,0,0,0,0,0,0,0,0,0,0,0,0,0,0,0,0,0,0,0,0,0,0,0,0,0,0,0,0,0,0,0,0,0,0,0,0,0,0,0,0,0,0,0,0,0,0,0,0,0,0,0,0,0,0,0,0,0,0,0,0,0,0,0,0,0,0,0,0,0,0,0,0,0,0,0,0,6,0,0,0,0,0,0,0,0,0,0,0,0,0,0,0,23,0,0,0,0,4,0,0,0,1,0,0,431,102,273,0,0,0,24,0,31,0,207,15,0,0,0,0,0,0,0,0,0,0,0,0,0,0,0,0,0,0,0,0,0,0,0,123,72,0,0,0,0,0,0,9,0,0,0,0,0
0,47,0,0,57,152,0,0,0,0,0,408,296,0,0,1,0,0,170,70,10,62,0,0,0,0,518,148,0,0,0,5,0,0,0,77,0,13,0,0,163,152,61,76,85,44,139,182,0,44,47,211,0,0,0,0,0,0,0,0,0,0,0,0,0,2,0,0,0,0,0,0,0,0,0,0,0,0,0,0,0,0,0,0,0,0,0,0,0,0,0,0,0,0,0,0,0,0,0,0,0,0,0,0,0,0,0,0,0,0,0,0,0,0,0,0,0,0,0,0,0,0,0,0,0,0,0,0,0,0,0,0,0,0,0,0,0,0,0,0,0,0,0,0,0,0,0,0,0,0,0,0,0,0,0,0,0,0,0,0,0,0,0,0,0,0,0,0,0,25,0,0,0,0,0,0,57,191,0,17,0,27,0,0,0,10,58,43,0,0,0,0,0,0,0,0,0,0,0,0,0,0,0,0,0,0,0,0,0,0,0,0,0,0,12,0,0,0,22,93,166,0,0,0,0
8,27,255,68,181,276,1,9,0,0,18,201,13,0,0,259,66,14,290,22,124,60,396,168,162,7,73,0,0,4,109,35,85,88,137,0,167,11,0,10,0,0,0,0,0,0,0,0,0,0,31,0,0,0,0,0,0,0,0,0,0,0,33,0,0,0,0,0,0,0,0,0,0,0,0,0,0,0,0,0,0,0,0,0,113,0,0,0,0,0,0,0,0,0,0,0,216,0,0,0,0,0,0,0,0,0,0,0,0,0,0,0,0,0,0,0,0,0,0,0,0,0,22,0,0,0,0,0,0,0,0,0,0,0,21,0,45,0,0,0,53,0,155,0,0,0,0,0,37,0,0,0,0,0,0,0,0,0,0,0,0,0,0,0,11,0,110,0,36,0,1,0,9,0,0,0,108,32,12,10,0,0,20,0,14,1,0,0,0,0,0,0,0,0,0,0,0,0,0,0,19,0,0,0,0,0,0,0,0,0,192,420,123,53,91,0,0,1,21,0,0,0,0,0,0
20,104,49,436,422,428,0,97,0,10,146,63,59,1,259,0,0,7,141,215,53,258,87,149,0,92,0,88,0,5,0,82,0,73,37,34,12,42,0,21,0,0,0,0,0,9,0,0,0,3,12,5,0,21,0,47,0,0,0,0,0,19,0,0,0,0,0,0,0,0,0,0,0,0,0,0,0,0,0,0,0,0,0,0,0,0,0,0,0,0,0,0,0,0,0,0,0,0,0,0,0,0,0,0,0,0,0,0,0,0,0,0,0,0,0,0,0,0,0,0,0,0,0,0,0,0,0,0,0,0,1,0,0,0,0,0,0,142,0,0,0,0,0,0,0,0,0,0,0,33,0,22,0,37,0,0,0,16,0,0,2,0,0,0,0,6,0,55,0,0,0,9,0,20,0,0,73,89,24,40,0,0,0,0,0,49,0,0,0,0,0,0,0,0,0,0,0,0,0,0,0,0,0,0,0,0,0,0,0,0,0,0,0,0,89,0,0,0,226,212,84,0,0,4,0
79,67,58,0,0,0,81,40,10,12,0,0,0,0,66,0,0,9,52,0,211,0,195,0,62,90,43,0,170,0,26,0,102,0,24,0,37,0,275,1,0,0,14,0,0,0,0,0,0,0,17,0,54,0,17,17,7,0,1,0,96,0,26,0,0,0,0,3,0,0,44,0,0,0,69,0,0,0,30,0,284,0,0,0,224,0,154,0,0,0,99,0,0,0,0,0,308,0,517,0,349,0,0,0,0,0,145,0,0,0,0,0,0,0,0,0,0,0,0,0,125,0,95,0,0,0,0,0,71,0,0,0,0,0,0,0,68,0,180,0,329,0,296,0,43,0,0,0,0,0,0,0,0,0,70,0,0,0,41,0,0,0,0,0,0,0,14,0,0,0,0,0,78,0,0,0,18,3,0,0,0,0,22,0,0,1,0,0,0,0,0,0,0,0,0,0,0,0,0,0,5,0,0,0,0,0,0,0,0,0,43,395,93,17,28,0,0,0,0,0,0,0,0,0,0
52,24,51,34,20,0,0,40,0,6,19,27,0,0,14,7,9,0,0,5,0,132,54,148,9,232,0,13,1,116,0,20,1,38,0,0,0,15,0,141,0,0,0,0,0,0,0,0,0,0,0,8,0,29,0,50,0,77,0,0,0,15,0,127,0,0,0,0,0,0,0,0,0,0,0,0,0,0,0,0,0,129,0,0,0,69,0,0,0,0,0,0,0,0,0,0,0,0,0,0,0,187,0,0,0,0,0,0,0,0,0,0,0,0,0,0,0,0,0,0,0,24,0,13,0,0,0,0,0,56,0,0,0,19,0,0,0,36,0,92,0,210,0,408,0,0,0,0,0,0,0,0,0,0,0,114,0,0,0,140,2,13,0,0,0,0,0,29,0,0,0,0,0,20,0,0,0,26,0,6,0,0,0,0,0,0,0,0,0,0,0,0,0,0,0,0,0,0,0,0,0,0,0,0,0,0,0,0,0,0,0,0,0,0,0,0,0,0,0,103,50,0,0,0,0
18,0,127,0,99,350,0,0,10,0,0,88,16,170,290,141,52,0,0,288,148,131,261,22,47,7,167,59,10,0,21,24,4,0,320,50,57,44,0,0,0,0,45,9,22,0,7,0,0,0,340,22,0,0,0,0,0,0,0,0,0,0,23,0,5,0,0,0,0,0,0,0,0,0,0,0,0,0,0,0,0,0,0,0,0,0,0,0,0,0,0,0,0,0,0,0,0,0,0,0,0,0,0,0,0,0,0,0,0,0,0,0,0,0,0,0,0,0,0,0,0,0,0,0,0,0,0,0,0,0,0,0,0,0,0,0,18,0,0,0,0,0,0,0,0,0,0,0,10,0,0,0,0,0,0,0,0,0,0,0,0,0,0,0,148,0,57,1,0,0,0,0,8,0,0,0,63,33,14,0,0,0,20,0,0,0,0,5,0,0,0,0,0,0,0,0,0,0,0,0,0,0,0,0,0,0,0,0,0,0,101,377,300,27,31,0,3,0,0,0,10,0,0,0,0
4,397,0,167,189,292,0,177,0,22,0,227,400,70,22,215,0,5,288,0,32,213,0,21,0,12,211,266,0,0,0,93,0,8,47,281,4,48,0,0,26,5,55,90,18,157,0,21,0,7,97,246,0,0,0,15,0,0,0,0,0,0,0,0,0,26,0,0,0,0,0,0,0,0,0,0,0,0,0,0,0,0,0,0,0,0,0,0,0,0,0,0,0,0,0,0,0,0,0,0,0,0,0,0,0,0,0,0,0,0,0,0,0,0,0,0,0,0,0,0,0,0,0,0,0,3,0,0,0,0,0,0,0,0,0,0,0,0,0,0,0,0,0,0,0,0,0,6,0,31,0,0,0,0,0,0,0,6,0,0,0,0,0,0,0,39,0,0,0,21,0,0,0,0,0,0,44,62,0,38,0,49,0,0,0,49,16,20,0,0,0,0,0,0,0,0,0,0,0,0,0,0,0,0,0,0,0,0,0,0,0,0,0,0,39,0,0,0,152,287,116,0,0,0,0
0,0,27,0,105,83,0,0,0,0,41,29,0,10,124,53,211,0,148,32,0,0,291,34,56,9,132,3,43,0,81,0,84,0,138,3,118,0,13,0,0,0,16,0,2,0,0,0,9,0,150,0,3,0,0,0,0,0,0,0,7,0,100,0,0,0,0,0,0,0,59,0,0,0,90,0,0,0,0,0,135,0,0,0,0,0,108,0,0,0,0,0,0,0,0,0,176,0,421,0,331,0,0,0,45,0,0,0,0,0,0,0,0,0,0,0,0,0,0,0,80,0,32,0,0,0,0,0,0,0,0,0,0,0,0,0,0,0,23,0,94,0,0,0,85,0,0,0,0,0,0,0,3,0,0,0,0,0,0,0,0,0,13,0,48,0,116,0,54,0,4,0,29,0,0,0,24,2,13,1,24,0,0,0,3,0,1,0,0,0,0,0,0,0,0,0,0,0,0,0,0,0,0,0,0,0,0,0,0,0,187,612,243,52,88,0,0,0,0,0,4,0,0,0,0
0,21,0,246,110,144,0,49,0,0,0,81,115,62,60,258,0,132,131,213,0,0,0,385,0,140,52,192,0,70,0,38,0,60,0,177,0,77,0,7,0,0,0,90,7,82,0,0,0,0,32,105,0,0,0,75,0,0,0,0,0,16,0,93,0,1,0,0,0,0,0,0,0,0,0,0,0,0,0,0,0,0,0,0,0,71,0,0,0,0,0,0,0,0,0,0,0,0,0,0,0,0,0,0,0,0,0,0,0,0,0,0,0,0,0,0,0,0,0,0,0,34,0,0,0,0,0,0,0,0,0,0,0,0,0,0,0,0,0,108,0,294,0,460,0,44,0,0,0,0,0,0,0,0,0,33,0,3,0,27,0,0,0,0,0,26,0,77,0,52,0,7,0,17,0,0,23,68,6,30,0,0,0,0,0,0,0,77,0,0,0,0,0,0,0,0,0,0,0,0,0,0,0,0,0,0,0,0,0,0,0,0,0,0,70,0,0,0,198,352,205,24,0,0,0
27,346,927,233,73,0,0,86,0,12,0,73,0,0,396,87,195,54,261,0,291,0,0,143,229,299,0,0,99,7,58,0,67,0,14,0,14,1,72,30,0,0,0,0,0,0,0,0,14,0,0,0,7,0,19,24,9,0,0,0,9,14,36,37,0,0,0,0,0,0,0,0,0,0,19,0,0,0,0,0,87,0,0,0,211,0,51,0,0,0,0,0,0,0,0,0,398,0,0,0,0,0,0,0,0,0,0,0,0,0,0,0,0,0,0,0,0,0,0,0,0,0,54,0,0,0,0,0,95,0,1,0,0,0,39,0,93,0,41,0,88,0,327,0,0,0,0,0,0,0,0,0,0,0,11,0,0,2,0,0,0,0,0,0,0,1,21,0,0,0,0,0,45,12,0,0,138,8,0,0,0,0,8,0,0,0,0,0,0,0,0,0,0,0,0,0,0,0,0,0,31,0,0,0,0,0,0,0,14,0,94,618,49,0,27,0,0,0,26,0,14,0,0,0,0
32,19,96,316,211,34,0,41,0,3,68,120,0,0,168,149,0,148,22,21,34,385,143,0,0,105,0,17,0,35,0,16,4,41,0,7,0,28,0,40,0,0,0,7,0,0,0,0,0,0,0,0,0,0,0,66,0,21,0,0,0,10,0,64,0,0,0,0,0,0,0,0,0,0,0,0,0,0,0,0,0,75,0,0,0,0,0,0,0,0,0,29,0,0,0,0,0,0,0,0,0,0,0,0,0,0,0,0,0,0,0,0,0,0,0,0,0,0,0,0,0,0,0,0,0,0,0,0,0,0,0,0,0,0,0,0,0,0,0,31,0,46,0,147,0,2,0,0,0,0,0,0,0,0,0,16,0,0,0,0,0,0,0,3,0,12,0,190,0,21,0,0,0,27,0,0,26,92,5,60,0,0,0,0,0,0,0,0,0,0,0,0,0,0,0,0,0,0,0,0,0,0,0,0,0,0,0,0,0,0,0,0,0,0,17,0,0,0,101,414,99,0,0,0,0
9,112,156,11,39,0,206,224,53,264,0,0,0,0,162,0,62,9,47,0,56,0,229,0,0,148,0,0,32,0,0,0,3,0,0,0,3,0,50,0,0,0,0,0,0,0,0,0,0,0,0,0,49,41,135,317,44,0,32,15,78,12,123,70,0,0,1,0,0,0,0,0,0,0,0,0,0,0,0,0,0,0,0,0,0,0,0,0,0,0,0,0,0,0,0,0,83,0,0,0,0,0,0,0,43,0,83,0,0,0,0,0,0,0,0,0,0,0,0,0,5,0,12,0,5,0,0,0,158,0,0,0,14,0,40,0,154,0,36,0,31,0,237,0,1,0,0,0,0,0,0,0,0,0,27,0,0,0,22,0,11,0,0,0,3,0,6,0,0,0,18,0,139,0,0,0,27,16,1,0,0,0,14,7,0,0,0,0,0,0,0,0,0,0,0,0,0,0,0,0,14,0,0,0,0,0,0,0,7,0,166,242,105,49,91,0,4,3,0,0,0,0,0,0,0
375,45,335,66,23,4,55,128,72,4,14,0,0,0,7,92,90,232,7,12,9,140,299,105,148,0,0,0,0,61,0,0,2,19,0,4,0,18,19,94,0,0,0,0,0,0,0,0,0,2,0,0,0,12,0,259,0,96,0,8,0,25,0,38,0,0,0,0,0,0,0,0,0,0,0,0,0,0,0,0,0,49,0,0,0,45,0,0,0,0,0,74,0,0,0,0,0,0,0,0,0,114,0,0,0,0,0,37,0,0,0,0,0,0,0,0,0,0,0,0,0,12,0,4,0,0,0,0,0,38,0,0,0,0,0,0,0,29,0,50,0,52,0,219,0,0,0,0,5,0,0,0,0,0,0,47,0,0,0,21,0,11,0,7,0,0,3,0,0,16,0,16,5,36,0,0,33,52,0,4,0,0,0,3,0,0,0,0,0,0,0,0,0,0,0,0,0,0,0,0,0,0,0,0,0,0,0,0,0,0,0,0,0,0,52,0,0,0,115,199,98,18,0,7,1
45,0,158,0,246,101,0,0,0,0,22,24,117,518,73,0,43,0,167,211,132,52,0,0,0,0,0,307,42,0,61,5,12,0,62,0,127,0,0,0,6,90,206,48,276,21,58,47,63,0,275,68,6,0,0,0,0,0,0,0,0,0,22,0,0,0,0,0,0,0,41,0,0,0,0,0,0,0,0,0,65,0,0,0,0,0,0,1,0,0,0,0,0,0,0,0,0,0,0,0,0,0,0,0,0,0,0,0,0,0,0,0,0,0,0,0,0,0,0,0,0,0,0,0,0,0,0,0,0,0,0,0,0,0,0,0,0,0,0,0,57,0,0,0,62,0,0,0,0,0,0,0,0,0,0,2,0,0,1,0,0,0,0,0,161,0,27,0,0,0,0,0,16,0,0,0,30,46,8,0,0,0,16,0,16,0,23,37,0,0,0,0,0,0,0,0,0,0,0,0,0,0,0,0,0,0,0,0,0,0,44,410,388,20,10,0,0,41,0,0,0,0,0,0,0
0,136,0,53,0,242,0,45,0,10,0,331,211,148,0,88,0,13,59,266,3,192,0,17,0,0,307,0,0,0,0,12,0,7,0,50,0,12,0,0,224,22,32,225,80,262,115,234,0,27,27,285,0,0,0,0,0,0,0,0,0,0,0,0,0,0,0,0,0,0,0,0,0,0,0,0,0,0,0,0,0,0,0,0,0,0,0,0,0,0,0,0,0,0,0,0,0,0,0,0,0,0,0,0,0,0,0,0,0,0,0,0,0,0,0,0,0,0,0,0,0,0,0,0,0,0,0,0,0,0,0,0,0,0,0,0,0,0,0,0,0,0,0,0,0,0,0,0,0,0,0,0,0,0,0,0,0,0,0,0,0,0,0,0,0,74,0,0,0,55,0,0,0,0,0,0,18,46,0,30,0,0,0,0,0,0,48,18,0,0,0,0,0,0,0,0,0,0,0,0,0,0,0,0,0,0,0,0,0,0,0,0,0,0,17,0,0,0,65,329,198,12,0,0,0
52,0,262,0,10,0,0,0,4,0,0,0,0,0,0,0,170,1,10,0,43,0,99,0,32,0,42,0,0,0,32,0,15,0,32,0,30,0,3,0,0,0,25,0,4,0,0,0,1,0,22,0,0,0,0,0,0,0,0,0,22,0,8,0,0,0,0,0,0,0,16,0,0,0,8,0,0,0,0,0,0,0,0,0,0,0,16,0,0,0,0,0,0,0,0,0,21,0,0,0,0,0,0,0,0,0,0,0,0,0,0,0,0,0,0,0,0,0,0,0,0,0,0,0,0,0,0,0,1,0,0,0,0,0,0,0,0,0,48,0,50,0,0,0,37,0,0,0,0,0,0,0,0,0,0,0,0,0,0,0,0,0,0,0,0,0,2,0,0,0,0,0,0,0,0,0,3,0,0,0,0,0,5,0,0,0,0,0,0,0,0,0,0,0,0,0,0,0,0,0,0,0,0,0,0,0,0,0,0,0,0,42,5,0,0,0,0,0,0,0,0,0,0,0,0
0,48,0,124,0,0,0,118,0,0,0,33,0,0,4,5,0,116,0,0,0,70,7,35,0,61,0,0,0,0,0,41,0,9,0,24,0,10,0,8,0,0,0,25,0,8,0,0,0,0,0,23,0,4,0,33,0,9,0,0,0,8,0,83,0,0,0,0,0,0,0,0,0,0,0,0,0,0,0,0,0,0,0,0,0,14,0,0,0,0,0,14,0,0,0,0,0,4,0,0,0,50,0,0,0,0,0,0,0,0,0,0,0,0,0,0,0,0,0,0,0,0,0,0,0,0,0,0,0,9,0,0,0,0,0,0,0,0,0,129,0,198,0,171,0,20,0,0,0,0,0,0,0,0,0,0,0,0,0,42,0,0,0,0,0,2,0,0,0,0,0,0,0,0,0,0,2,13,0,13,0,0,0,0,0,0,0,1,0,0,0,0,0,0,0,0,0,0,0,0,0,0,0,0,0,0,0,0,0,0,0,0,0,0,0,0,0,0,0,77,2,0,0,0,0
0,0,22,0,170,0,0,0,0,0,0,0,0,0,109,0,26,0,21,0,81,0,58,0,0,0,61,0,32,0,0,0,6,0,69,0,17,0,7,0,0,0,49,0,2,0,0,0,0,0,47,0,0,0,1,0,0,0,0,0,1,0,17,0,0,0,0,0,0,0,8,0,0,0,7,0,0,0,0,0,5,0,0,0,0,0,0,0,0,0,0,0,0,0,0,0,0,0,0,0,0,0,0,0,0,0,0,0,0,0,0,0,0,0,0,0,0,0,0,0,0,0,0,0,0,0,0,0,0,0,0,0,0,0,0,0,0,0,0,0,31,0,0,0,20,0,0,0,0,0,0,0,1,0,0,0,0,0,0,0,0,0,0,0,4,0,17,0,0,0,0,0,8,0,0,0,14,0,11,0,4,0,0,0,0,0,0,0,0,0,0,0,0,0,0,0,0,0,0,0,0,0,0,0,0,0,0,0,0,0,29,86,36,9,10,0,0,0,0,0,0,0,0,0,0
0,15,0,68,33,147,0,13,0,0,0,50,0,5,35,82,0,20,24,93,0,38,0,16,0,0,5,12,0,41,0,0,0,13,4,8,0,14,0,11,0,0,0,71,0,11,0,0,0,0,0,19,0,0,0,0,0,0,0,0,0,0,0,19,0,0,0,0,0,0,0,0,0,0,0,0,0,0,0,0,0,0,0,0,0,11,0,0,0,0,0,0,0,0,0,0,0,0,0,0,0,0,0,0,0,0,0,0,0,0,0,0,0,0,0,0,0,0,0,0,0,0,0,0,0,0,0,0,0,0,0,0,0,0,0,0,0,0,0,41,0,77,0,81,0,0,0,0,0,0,0,0,0,0,0,0,0,0,0,0,0,0,0,0,0,5,0,10,0,0,0,0,0,0,0,0,0,20,0,14,0,0,0,0,1,6,0,0,0,0,0,0,0,0,0,0,0,0,0,0,0,0,0,1,0,0,0,0,0,0,0,0,0,0,13,0,0,0,41,73,24,4,0,0,0
0,1,206,0,252,0,0,0,0,0,96,0,0,0,85,0,102,1,4,0,84,0,67,4,3,2,12,0,15,0,6,0,0,0,26,0,75,0,3,0,0,0,21,0,3,0,0,0,0,0,35,0,0,0,0,0,0,0,0,0,2,0,11,0,0,0,0,0,0,0,0,0,0,0,0,0,0,0,0,0,0,0,0,0,0,0,0,0,0,0,0,0,0,0,0,0,0,0,0,0,0,0,0,0,0,0,0,0,0,0,0,0,0,0,0,0,0,0,0,0,0,0,0,0,0,0,0,0,1,0,0,0,0,0,0,0,0,0,0,0,12,0,0,0,11,0,0,0,0,0,0,0,0,0,0,0,2,0,0,0,0,0,0,0,0,0,53,0,0,0,0,0,11,0,0,0,0,0,13,0,0,0,0,0,0,0,0,0,0,0,0,0,0,0,0,0,0,0,0,0,0,0,0,0,0,0,0,0,0,0,26,209,54,0,23,0,0,0,0,0,0,0,0,0,0
0,57,8,212,86,174,0,0,0,0,0,234,12,0,88,73,0,38,0,8,0,60,0,41,0,19,0,7,0,9,0,13,0,0,0,17,0,226,0,11,0,0,0,30,0,28,0,0,0,0,0,22,0,0,0,0,0,0,0,0,0,19,0,45,0,0,0,0,0,0,0,0,0,0,0,0,0,0,0,0,0,0,0,0,0,0,0,0,0,0,0,0,0,0,0,0,0,0,0,0,0,0,0,0,0,0,0,0,0,0,0,0,0,0,0,0,0,0,0,0,0,0,0,0,0,0,0,0,0,0,0,0,0,0,0,0,0,0,0,38,0,51,0,0,0,18,0,0,0,0,0,0,0,0,0,8,0,16,0,0,0,0,0,0,0,3,0,105,0,4,0,0,0,0,0,0,13,84,0,88,0,0,0,0,0,0,0,0,0,0,0,0,0,0,0,0,0,0,0,0,0,0,0,0,0,0,0,0,0,0,0,0,0,0,0,0,0,0,14,273,15,0,0,0,0
0,0,0,0,266,62,0,0,0,0,28,12,39,0,137,37,24,0,320,47,138,0,14,0,0,0,62,0,32,0,69,4,26,0,0,0,129,0,2,0,0,0,52,0,22,0,3,0,5,0,124,0,0,0,0,0,0,0,0,0,0,0,0,0,1,0,0,0,0,0,16,0,4,0,18,0,0,0,0,0,0,0,0,0,0,0,0,0,0,0,0,0,0,0,0,0,0,0,0,0,0,0,0,0,0,0,0,0,0,0,0,0,0,0,0,0,0,0,0,0,0,0,0,0,0,0,0,0,0,0,0,0,0,0,0,0,0,0,0,0,0,0,0,0,0,0,0,0,0,0,0,0,0,0,0,0,0,0,0,0,0,0,0,0,37,0,52,0,11,0,0,0,9,0,0,0,28,5,35,0,0,0,30,0,0,0,0,0,0,0,0,0,0,0,0,0,0,0,0,0,0,0,0,0,0,0,0,0,0,0,16,147,98,16,17,0,0,0,0,0,0,0,0,0,0
0,0,0,11,0,281,0,0,0,3,0,47,0,77,0,34,0,0,50,281,3,177,0,7,0,4,0,50,0,24,0,8,0,17,0,0,0,110,0,5,0,0,0,64,0,15,0,0,0,0,0,66,0,0,0,0,0,0,0,0,0,9,0,21,0,1,0,0,0,0,0,0,0,0,0,2,0,0,0,0,0,0,0,0,0,0,0,0,0,0,0,0,0,0,0,0,0,0,0,0,0,0,0,0,0,0,0,0,0,0,0,0,0,0,0,0,0,0,0,0,0,0,0,16,0,0,0,0,0,0,0,0,0,0,0,0,0,0,0,51,0,121,0,0,0,42,0,0,0,0,0,0,0,0,0,0,0,4,0,0,0,0,0,0,0,46,0,43,0,29,0,0,0,0,0,0,0,38,0,25,0,0,0,0,0,0,0,137,0,0,0,0,0,0,0,0,0,0,0,0,0,0,0,0,0,0,0,0,0,0,0,0,0,0,30,0,0,0,53,122,113,12,0,0,0
31,0,139,0,337,26,0,0,0,0,112,0,7,0,167,12,37,0,57,4,118,0,14,0,3,0,127,0,30,0,17,0,75,0,129,0,0,0,65,1,0,0,109,0,33,0,0,0,9,0,69,0,3,0,0,0,0,0,0,1,6,0,13,0,0,0,0,0,0,0,70,0,0,0,80,0,0,0,0,0,65,0,0,0,0,0,44,0,0,0,0,0,0,0,0,0,0,0,181,0,0,0,0,0,0,0,0,0,0,0,0,0,0,0,0,0,0,0,0,0,42,0,0,0,0,0,0,0,9,0,0,0,0,0,0,0,0,0,91,0,130,0,0,0,205,0,0,0,0,0,0,0,2,0,9,0,36,0,0,0,0,0,40,0,29,0,39,0,36,0,26,0,15,0,0,0,17,0,43,0,0,0,12,0,0,0,5,0,0,0,0,0,0,0,0,0,0,0,0,0,0,0,0,0,0,0,0,0,0,0,31,140,113,14,23,0,0,0,0,0,0,0,0,0,0
5,50,0,47,48,108,0,48,0,0,0,76,29,13,11,42,0,15,44,48,0,77,1,28,0,18,0,12,0,10,0,14,0,226,0,110,0,0,1,79,0,0,9,148,0,41,0,0,0,2,0,104,0,5,0,9,0,10,0,0,0,33,0,35,0,0,0,0,0,0,0,0,0,0,0,0,0,2,0,0,0,0,0,0,0,41,0,31,0,0,0,0,0,0,0,0,0,0,0,0,0,74,0,0,0,0,0,0,0,0,0,0,0,0,0,0,0,0,0,0,0,52,0,0,0,0,0,0,0,0,0,0,0,0,0,0,0,0,0,107,0,322,0,274,0,232,0,0,0,0,0,0,0,0,0,0,0,60,0,0,0,0,0,4,0,22,0,30,0,31,0,5,0,22,0,0,8,43,0,36,0,0,0,7,0,0,0,27,0,0,0,0,0,0,0,0,0,0,0,0,0,0,0,0,0,0,0,0,0,0,0,0,0,0,23,0,0,0,19,176,30,0,0,0,0
263,0,575,0,44,0,0,0,60,0,21,0,0,0,0,0,275,0,0,0,13,0,72,0,50,19,0,0,3,0,7,0,3,0,2,0,65,1,0,0,0,0,0,0,0,0,0,0,0,0,0,0,2,0,0,0,0,0,0,0,7,0,18,0,0,0,0,0,0,0,4,0,0,0,0,0,0,0,0,0,0,0,0,0,0,0,0,0,0,0,0,0,0,0,0,0,0,0,0,0,0,0,0,0,0,0,0,0,0,0,0,0,0,0,0,0,0,0,0,0,0,0,0,0,0,0,0,0,0,0,0,0,0,0,0,0,0,0,45,0,0,0,0,0,31,0,0,0,0,0,0,0,0,0,9,0,23,0,10,0,0,0,0,0,0,0,24,0,0,0,1,0,34,0,0,0,0,0,0,0,0,0,66,0,0,0,0,0,0,0,0,0,0,0,0,0,0,0,0,0,0,0,0,0,0,0,0,0,0,0,13,352,14,13,12,0,1,0,0,0,0,0,0,0,0
0,235,0,272,0,0,0,262,0,5,0,98,0,0,10,21,1,141,0,0,0,7,30,40,0,94,0,0,0,8,0,11,0,11,0,5,1,79,0,0,0,0,0,0,0,0,0,0,0,0,0,3,0,5,0,14,0,4,0,0,0,23,0,53,0,0,0,0,0,0,0,1,0,0,0,0,0,0,0,0,0,0,0,0,0,8,0,0,0,0,0,10,0,0,0,0,0,0,0,0,0,0,0,0,0,0,0,0,0,0,0,0,0,0,0,0,0,0,0,0,0,0,0,0,0,0,0,0,0,0,0,0,0,0,0,0,0,0,0,50,0,71,0,38,0,36,0,0,0,0,0,0,0,0,0,9,0,18,0,31,0,0,0,0,0,0,0,28,0,0,0,0,0,27,0,0,5,82,0,83,0,0,0,0,0,0,0,0,0,0,0,0,0,0,0,0,0,0,0,0,0,0,0,0,0,0,0,0,0,0,0,0,3,0,0,0,0,0,0,196,2,0,0,0,0
21,0,34,0,72,0,0,0,0,0,29,0,154,163,0,0,0,0,0,26,0,0,0,0,0,0,6,224,0,0,0,0,0,0,0,0,0,0,0,0,0,177,10,26,38,53,163,166,55,5,0,0,0,0,0,0,0,0,0,0,0,0,0,0,0,0,0,0,0,0,0,0,0,0,0,0,1,0,0,0,0,0,0,0,0,0,0,0,0,0,0,0,0,0,0,0,0,0,0,0,0,0,0,0,0,0,0,0,0,0,0,0,0,0,0,0,0,0,0,0,0,0,0,0,0,0,0,0,0,0,0,0,0,0,0,0,0,0,0,0,0,0,0,0,0,0,0,0,0,0,0,0,0,0,0,0,0,0,0,0,0,0,0,0,0,0,0,0,0,0,0,0,0,0,0,0,31,68,25,0,0,0,4,0,3,0,80,22,0,0,0,0,0,0,0,0,0,0,0,0,0,0,0,0,0,0,0,0,0,0,0,122,11,0,0,0,0,20,0,2,0,0,0,0,0
0,8,0,0,0,19,0,0,0,0,0,106,0,152,0,0,0,0,0,5,0,0,0,0,0,0,90,22,0,0,0,0,0,0,0,0,0,0,0,0,177,0,8,35,104,61,194,348,46,145,1,0,0,0,0,0,0,0,0,0,0,0,0,0,0,2,0,0,0,0,0,0,0,0,0,0,0,0,0,0,0,0,0,0,0,0,0,0,0,0,0,0,0,0,0,0,0,0,0,0,0,0,0,0,0,0,0,0,0,0,0,0,0,0,0,0,0,0,0,0,0,0,0,0,0,0,0,0,0,0,0,0,0,0,0,0,0,0,0,0,0,0,0,0,0,0,0,0,0,0,0,0,0,0,0,0,0,0,0,0,0,1,0,0,0,0,0,0,0,0,0,0,0,0,0,7,0,149,0,9,0,0,0,0,0,7,68,2,0,0,0,0,0,0,0,0,0,0,0,0,0,0,0,0,0,0,0,0,0,0,0,0,0,0,0,0,0,0,0,77,15,0,0,0,16
0,0,0,0,18,24,0,0,0,0,3,0,54,61,0,0,14,0,45,55,16,0,0,0,0,0,206,32,25,0,49,0,21,0,52,0,109,9,0,0,10,8,0,6,117,0,22,0,24,0,57,0,0,0,0,0,0,1,0,0,0,0,5,0,0,0,0,0,0,0,19,0,0,0,26,0,0,0,0,0,17,0,0,0,0,0,25,0,0,0,0,0,0,0,0,0,0,0,0,0,84,0,0,0,0,0,0,0,0,0,0,0,0,0,0,0,0,0,0,0,0,0,0,0,0,0,0,0,0,0,0,0,0,0,0,0,0,0,0,0,0,0,0,0,24,0,0,0,0,0,0,0,0,0,1,0,0,0,7,0,0,0,0,0,33,0,60,0,19,0,3,0,13,0,0,0,26,0,53,0,12,0,0,0,0,0,51,0,0,0,0,0,0,0,0,0,0,0,0,0,0,0,0,0,0,0,0,0,0,0,54,177,67,8,0,0,0,0,0,0,0,0,0,0,0
0,0,0,0,0,0,0,18,0,0,0,0,24,76,0,0,0,0,9,90,0,90,0,7,0,0,48,225,0,25,0,71,0,30,0,64,0,148,0,0,26,35,6,0,0,180,18,43,0,18,6,26,0,0,0,0,0,0,0,0,0,0,0,0,0,0,0,0,0,0,0,0,0,0,0,0,0,0,0,0,0,0,0,0,0,0,0,0,0,0,0,0,0,4,0,0,0,0,0,0,0,0,0,0,0,0,0,0,0,0,0,0,0,0,0,0,0,0,0,0,0,0,0,0,0,0,0,0,0,0,0,0,0,0,0,0,0,0,0,55,0,166,0,233,0,86,0,0,0,0,0,0,0,0,0,0,0,0,0,0,0,0,0,12,0,81,0,21,0,36,0,16,0,22,0,0,0,46,0,3,0,0,0,0,0,0,0,105,0,0,0,0,0,0,0,0,0,0,0,0,0,0,0,0,0,0,0,0,0,0,0,0,0,0,21,0,0,0,72,242,133,12,0,0,0
0,0,12,0,33,0,0,0,0,0,0,0,64,85,0,0,0,0,22,18,2,7,0,0,0,0,276,80,4,0,2,0,3,0,22,0,33,0,0,0,38,104,117,0,0,29,260,150,237,16,73,0,0,0,0,0,0,0,0,0,0,0,0,0,0,0,0,0,0,0,10,0,0,0,9,0,5,0,4,0,0,0,0,0,0,0,0,0,0,0,0,0,0,0,0,0,0,0,0,0,0,0,0,0,0,0,0,0,0,0,0,0,0,0,0,0,0,0,0,0,6,0,0,0,2,0,0,0,0,0,0,0,0,0,0,0,0,0,0,0,11,0,0,0,17,0,0,0,0,0,0,0,0,0,1,0,0,0,0,0,0,0,11,0,107,0,15,0,80,0,0,0,9,0,0,0,37,18,32,0,0,0,0,0,3,0,38,7,0,0,0,0,0,0,0,0,0,0,0,0,0,0,0,0,0,0,0,0,0,0,0,152,144,8,0,0,0,168,0,0,0,0,0,0,1
0,0,0,0,0,11,0,0,0,0,0,23,0,44,0,9,0,0,0,157,0,82,0,0,0,0,21,262,0,8,0,11,0,28,0,15,0,41,0,0,53,61,0,180,29,0,83,271,26,242,3,132,0,0,0,0,0,24,0,0,0,9,0,46,0,0,0,0,0,0,0,3,0,0,0,0,0,12,0,0,0,0,0,28,0,39,0,23,0,30,0,0,0,0,0,60,0,0,0,0,0,0,0,0,0,0,0,0,0,0,0,0,0,0,0,0,0,0,0,0,0,0,0,30,0,0,0,0,0,0,0,0,0,0,0,0,0,0,0,48,0,185,0,288,0,49,0,0,0,0,0,0,0,0,0,24,0,0,0,0,0,0,0,0,0,158,0,18,0,171,0,0,0,14,0,3,5,36,0,6,0,0,0,0,0,0,8,58,0,0,0,0,0,0,0,0,0,0,0,0,0,0,0,0,0,0,0,0,0,0,0,0,0,0,19,0,0,0,43,316,363,0,0,0,131
20,0,63,0,79,0,0,0,11,0,19,0,159,139,0,0,0,0,7,0,0,0,0,0,0,0,58,115,0,0,0,0,0,0,3,0,0,0,0,0,163,194,22,18,260,83,0,329,184,34,10,8,0,0,0,0,0,0,0,0,0,0,0,0,0,0,0,0,0,0,0,0,0,0,0,0,0,0,0,0,0,0,0,0,0,0,0,0,0,0,0,0,0,0,0,0,0,0,0,0,0,0,0,0,0,0,0,0,0,0,0,0,0,0,0,0,0,0,0,0,0,0,0,0,0,0,0,0,0,0,0,0,0,0,0,0,0,0,0,0,0,0,0,0,0,0,0,0,2,0,0,0,0,0,0,0,0,0,0,0,0,0,0,0,37,0,0,0,0,0,1,0,0,0,0,0,17,76,12,0,0,0,11,0,11,0,76,14,0,0,0,0,0,0,1,0,0,0,0,0,0,0,0,0,0,0,0,0,0,0,0,369,60,0,0,1,0,127,0,13,0,0,0,0,0
0,23,0,0,0,68,0,0,0,2,1,197,13,182,0,0,0,0,0,21,0,0,0,0,0,0,47,234,0,0,0,0,0,0,0,0,0,0,0,0,166,348,0,43,150,271,329,0,111,200,2,0,0,0,0,0,0,0,0,0,0,0,0,0,0,0,0,2,0,0,0,0,0,0,0,0,0,0,0,0,0,0,0,0,0,0,0,0,0,0,0,0,0,0,0,0,0,0,0,0,0,0,0,0,0,0,0,0,0,0,0,0,0,0,0,0,0,0,0,0,0,0,0,0,0,0,0,0,0,0,0,0,0,0,0,0,0,0,0,0,0,0,0,0,0,0,0,0,0,0,0,0,0,0,0,0,0,0,0,0,0,0,0,0,0,0,0,0,0,14,0,0,0,0,0,0,3,136,1,0,0,0,0,0,0,0,64,11,0,0,0,0,0,0,0,0,0,0,0,0,0,0,0,0,0,0,0,0,0,0,0,8,0,0,0,0,0,0,0,276,32,1,0,0,59
0,0,40,0,26,0,50,0,37,0,17,0,35,0,0,0,0,0,0,0,9,0,14,0,0,0,63,0,1,0,0,0,0,0,5,0,9,0,0,0,55,46,24,0,237,26,184,111,0,85,19,0,28,0,37,0,49,0,88,0,12,0,12,0,0,0,0,0,14,0,0,0,0,0,0,0,5,0,0,0,2,0,42,0,0,0,23,0,0,0,6,0,25,0,17,0,0,0,0,0,11,0,56,0,29,0,24,0,0,0,0,0,0,0,0,0,0,0,0,0,0,0,0,0,0,0,7,0,0,0,0,0,0,0,35,0,6,0,0,0,0,0,18,0,8,0,0,0,0,0,18,0,7,0,16,0,8,0,10,0,33,0,25,0,31,0,17,0,80,0,10,0,12,0,2,0,57,49,14,0,0,0,0,0,3,0,195,1,42,0,0,0,78,0,37,0,15,0,39,0,0,0,66,0,62,0,18,0,19,0,122,163,353,9,30,52,7,51,0,13,1,0,0,0,5
0,2,0,0,0,11,0,4,0,1,0,17,0,44,0,3,0,0,0,7,0,0,0,0,0,2,0,27,0,0,0,0,0,0,0,0,0,2,0,0,5,145,0,18,16,242,34,200,85,0,0,14,0,0,0,3,0,3,0,6,0,0,0,0,0,0,0,0,0,9,0,0,0,0,0,0,0,14,0,0,0,0,0,31,0,0,0,9,0,9,0,0,0,12,0,17,0,0,0,0,0,9,0,10,0,0,0,0,0,0,0,0,0,0,0,0,0,0,0,0,0,5,0,0,1,2,0,0,0,0,0,1,0,2,0,0,0,3,0,0,0,0,0,8,0,0,0,0,0,0,0,0,0,0,0,0,0,0,0,0,0,2,0,0,0,36,0,3,0,69,0,0,0,3,0,5,2,218,0,0,0,0,0,2,0,0,25,144,0,0,0,0,0,0,0,11,0,1,0,0,0,15,0,0,0,8,0,0,0,0,0,3,0,0,3,0,0,8,15,58,18,0,0,1,41
1,0,0,0,56,64,0,0,4,0,9,0,41,47,31,12,17,0,340,97,150,32,0,0,0,0,275,27,22,0,47,0,35,0,124,0,69,0,0,0,0,1,57,6,73,3,10,2,19,0,0,0,0,0,0,0,0,0,0,0,0,0,16,0,0,0,0,0,0,0,18,0,0,0,28,0,0,0,0,0,0,0,0,0,0,0,0,0,0,0,0,0,0,0,0,0,0,0,0,0,0,0,0,0,0,0,0,0,0,0,0,0,0,0,0,0,0,0,0,0,0,0,0,0,0,0,0,0,0,0,0,0,0,0,0,0,0,0,0,0,21,0,0,0,0,0,0,0,0,0,0,0,0,0,0,0,0,0,0,0,5,0,10,0,70,0,38,0,49,0,11,0,20,0,0,0,18,5,56,0,0,0,4,0,0,0,29,0,0,0,0,0,0,0,0,0,0,0,0,0,0,0,0,0,0,0,0,0,0,0,33,158,105,11,10,0,0,8,0,0,0,0,0,0,0
0,12,0,0,0,100,0,15,0,7,0,48,35,211,0,5,0,8,22,246,0,105,0,0,0,0,68,285,0,23,0,19,0,22,0,66,0,104,0,3,0,0,0,26,0,132,8,0,0,14,0,0,0,0,0,0,0,20,0,0,0,5,0,0,0,0,0,0,0,0,0,7,0,0,0,0,0,0,0,0,0,100,0,0,0,36,0,0,0,0,0,0,0,0,0,0,0,0,0,0,0,0,0,0,0,0,0,0,0,0,0,0,0,0,0,0,0,0,0,0,0,0,0,17,0,0,0,0,0,0,0,0,0,0,0,0,0,0,0,0,0,134,0,205,0,60,0,0,0,0,0,0,0,0,0,0,0,0,0,15,0,0,0,23,0,75,0,23,0,71,0,23,0,25,0,0,0,44,0,11,0,0,0,0,0,0,0,134,0,1,0,0,0,0,0,0,0,0,0,0,0,0,0,0,0,0,0,0,0,0,0,0,0,0,14,0,0,0,44,119,78,7,0,0,0
51,0,12,0,0,0,28,0,54,22,0,0,0,0,0,0,54,0,0,0,3,0,7,0,49,0,6,0,0,0,0,0,0,0,0,0,3,0,2,0,0,0,0,0,0,0,0,0,28,0,0,0,0,9,92,63,183,19,117,138,20,0,51,2,0,5,3,40,0,0,2,0,0,0,1,0,0,0,0,0,0,0,0,0,15,0,0,0,0,0,0,0,0,0,0,0,19,0,22,0,0,0,0,0,0,0,0,0,0,0,0,0,0,0,0,0,0,0,0,0,0,0,7,0,0,0,3,0,109,0,5,0,0,0,0,0,26,0,209,0,64,0,48,0,22,0,0,0,5,0,0,0,0,0,139,4,55,0,128,0,12,0,4,0,0,0,0,0,12,0,133,0,25,0,0,0,7,1,0,0,0,0,8,0,1,0,0,0,0,0,0,0,0,0,0,0,0,0,0,0,0,0,0,0,0,0,0,0,0,0,175,185,214,82,121,0,37,0,1,0,0,0,0,0,0
0,31,0,0,0,0,0,36,64,70,0,0,0,0,0,21,0,29,0,0,0,0,0,0,41,12,0,0,0,4,0,0,0,0,0,0,0,5,0,5,0,0,0,0,0,0,0,0,0,0,0,0,9,0,25,73,0,61,20,6,0,51,0,77,0,0,7,0,0,0,0,0,0,0,0,0,0,0,0,0,0,0,0,0,0,0,0,0,0,0,0,9,0,0,0,0,0,0,0,0,0,0,0,0,0,0,0,0,0,0,0,0,0,0,0,0,0,0,0,0,0,0,0,0,0,0,0,0,0,22,0,0,0,0,0,0,0,0,0,82,0,25,0,43,0,31,0,0,0,0,0,0,0,0,0,177,0,132,0,148,0,2,0,0,0,0,0,0,0,0,0,4,0,0,0,0,0,14,0,0,0,0,0,6,0,2,0,0,0,0,0,0,0,0,0,0,0,0,0,0,0,0,0,0,0,0,0,0,0,0,3,0,0,0,20,0,0,0,39,429,8,6,0,0,0
0,0,125,0,0,0,117,0,21,130,3,0,5,0,0,0,17,0,0,0,0,0,19,0,135,0,0,0,0,0,1,0,0,0,0,0,0,0,0,0,0,0,0,0,0,0,0,0,37,0,0,0,92,25,0,160,62,8,170,125,12,0,22,7,0,0,1,90,1,0,0,0,0,0,0,0,0,0,0,0,0,0,0,0,0,0,0,0,0,0,0,0,0,0,2,0,0,0,0,0,0,0,0,0,0,0,0,0,0,0,0,0,0,0,0,0,0,0,0,0,0,0,0,0,2,0,20,0,27,0,15,0,0,0,0,0,87,0,0,0,0,0,0,0,0,0,0,0,0,0,0,0,0,0,22,0,0,0,8,0,11,0,7,0,2,0,0,0,17,0,135,0,46,0,0,0,13,2,0,0,0,0,0,0,0,8,0,0,0,0,0,0,0,0,0,0,0,0,0,0,0,0,0,0,0,0,0,0,8,0,214,70,245,133,190,0,48,0,0,0,0,0,0,0,0
72,38,25,39,0,6,144,385,481,90,0,5,0,0,0,47,17,50,0,15,0,75,24,66,317,259,0,0,0,33,0,0,0,0,0,0,0,9,0,14,0,0,0,0,0,0,0,0,0,3,0,0,63,73,160,0,6,116,121,223,0,7,109,56,0,0,82,4,0,0,0,0,0,0,0,0,0,3,0,0,0,0,0,0,0,16,0,0,0,0,0,0,0,0,0,0,0,0,0,0,0,0,0,0,0,0,0,0,0,1,0,0,0,0,0,0,0,0,0,0,0,0,0,0,0,0,0,0,0,75,8,9,0,0,0,0,0,93,3,70,0,43,0,161,0,0,0,0,0,0,0,0,0,0,0,81,0,0,0,25,0,32,0,0,0,12,0,0,2,43,0,64,0,88,0,0,27,63,0,0,0,3,15,17,6,12,0,0,0,0,0,0,0,0,0,0,0,0,0,0,0,0,0,0,0,0,0,1,0,0,0,4,0,0,457,0,0,0,419,314,361,234,0,107,5
0,0,0,0,0,0,16,0,10,0,0,0,0,0,0,0,7,0,0,0,0,0,9,0,44,0,0,0,0,0,0,0,0,0,0,0,0,0,0,0,0,0,0,0,0,0,0,0,49,0,0,0,183,0,62,6,0,5,338,67,0,0,4,0,40,12,59,43,0,0,0,0,0,0,0,0,0,0,0,0,0,0,0,0,0,0,0,0,0,0,0,0,0,0,0,0,0,0,0,0,0,0,0,0,0,0,0,0,0,0,0,0,0,0,0,0,0,0,0,0,0,0,0,0,49,0,39,0,199,0,75,0,22,0,0,0,40,0,22,6,0,0,21,0,3,0,5,0,14,0,7,0,0,0,146,0,12,0,98,9,89,0,0,0,5,0,0,0,13,0,84,0,5,0,0,0,0,0,0,0,0,6,0,0,31,9,0,0,0,0,0,0,0,0,0,0,0,0,0,0,0,0,1,0,0,0,0,0,10,0,518,130,338,324,728,1,133,0,0,0,0,0,0,0,0
0,0,0,0,0,0,0,21,0,9,0,0,0,0,0,0,0,77,0,0,0,0,0,21,0,96,0,0,0,9,0,0,0,0,0,0,0,10,0,4,0,0,1,0,0,24,0,0,0,3,0,20,19,61,8,116,5,0,58,441,0,2,2,23,0,0,38,11,0,1,0,0,0,0,0,3,0,0,0,0,0,0,0,0,0,5,0,0,0,0,0,0,0,0,0,0,0,5,0,0,0,0,0,0,0,0,0,0,0,0,0,0,0,0,0,0,0,0,0,0,0,0,0,0,0,15,0,33,0,199,0,94,0,45,0,0,0,39,2,43,0,14,0,72,0,0,0,4,0,2,0,0,0,0,8,208,2,0,0,152,0,68,0,0,0,5,0,9,0,41,0,134,0,22,0,0,0,0,0,0,3,0,0,0,6,0,0,0,0,0,0,0,0,0,0,0,0,0,0,0,0,0,0,0,0,0,0,0,0,14,3,2,0,0,623,0,0,0,370,132,479,391,0,96,10
0,0,33,0,0,0,20,0,173,40,0,0,0,0,0,0,1,0,0,0,0,0,0,0,32,0,0,0,0,0,0,0,0,0,0,0,0,0,0,0,0,0,0,0,0,0,0,0,88,0,0,0,117,20,170,121,338,58,0,395,27,0,0,0,123,33,171,205,1,0,0,0,0,0,0,0,0,0,0,0,0,0,0,0,0,1,0,0,0,0,0,0,0,0,0,0,0,0,0,0,0,0,0,0,0,0,0,0,0,0,0,0,0,0,0,0,0,0,0,0,0,0,0,0,28,0,43,0,25,0,38,0,7,0,0,0,15,0,3,0,0,1,0,0,0,0,12,0,17,0,0,0,0,0,40,22,80,4,6,11,7,7,0,0,0,0,0,0,26,0,110,0,0,0,35,14,0,0,0,0,38,0,0,0,259,72,0,0,0,0,0,0,0,0,0,0,0,0,0,0,0,0,0,0,1,0,0,0,8,0,948,235,376,426,947,0,162,13,1,3,0,0,0,0,0
0,6,0,0,0,0,0,20,125,143,0,4,0,0,0,0,0,0,0,0,0,0,0,0,15,8,0,0,0,0,0,0,0,0,0,0,1,0,0,0,0,0,0,0,0,0,0,0,0,6,0,0,138,6,125,223,67,441,395,0,2,5,17,4,29,246,253,156,0,2,0,0,0,0,0,0,0,1,0,0,0,0,0,0,0,0,0,0,0,0,0,0,0,0,0,0,0,0,0,0,0,0,0,0,0,0,0,0,0,0,0,0,0,0,0,1,0,0,0,0,0,0,0,0,0,56,0,47,0,49,0,101,0,44,0,0,0,76,5,18,0,6,0,0,5,3,0,0,0,0,0,0,0,0,46,16,19,11,5,14,9,92,0,0,0,0,0,0,0,8,0,0,0,0,11,27,27,20,0,0,38,0,0,0,55,396,0,0,0,0,0,0,0,0,0,0,0,0,0,1,0,7,0,0,0,0,0,0,0,24,7,3,0,1,1404,0,1,0,1199,308,450,528,0,135,9
81,0,44,0,0,0,92,0,125,0,0,0,0,0,0,0,96,0,0,0,7,0,9,0,78,0,0,0,22,0,1,0,2,0,0,0,6,0,7,0,0,0,0,0,0,0,0,0,12,0,0,0,20,0,12,0,0,0,27,2,0,0,83,0,0,0,0,0,0,0,6,0,0,0,0,0,0,0,0,0,0,0,0,0,0,0,0,0,0,0,0,0,0,0,0,0,0,0,15,0,0,0,0,0,0,0,0,0,0,0,0,0,0,0,0,0,0,0,0,0,0,0,0,0,0,0,0,0,7,0,0,0,0,0,0,0,0,0,93,0,54,0,0,0,136,0,0,0,0,0,0,0,0,0,32,0,229,0,12,0,0,0,9,0,0,0,0,0,4,0,90,0,92,0,0,0,39,0,0,0,0,0,42,0,0,0,0,0,0,0,0,0,0,0,0,0,0,0,0,0,0,0,0,0,0,0,0,0,0,0,12,80,43,19,18,0,0,0,0,0,0,0,0,0,0
0,164,0,18,0,7,0,177,0,111,0,8,0,0,0,19,0,15,0,0,0,16,14,10,12,25,0,0,0,8,0,0,0,19,0,9,0,33,0,23,0,0,0,0,0,9,0,0,0,0,0,5,0,51,0,7,0,2,0,5,0,0,0,83,0,1,0,0,0,0,0,0,0,0,0,0,0,0,0,0,0,0,0,0,0,0,0,0,0,0,0,0,0,0,0,0,0,0,0,0,0,0,0,0,0,0,0,0,0,0,0,0,0,0,0,0,0,0,0,0,0,0,0,0,0,0,0,0,0,0,0,0,0,0,0,0,0,0,0,54,0,76,0,28,0,143,0,0,0,0,0,0,0,0,0,33,0,214,0,78,0,0,0,0,0,0,0,0,0,4,0,10,0,57,0,0,3,65,0,4,0,0,0,33,0,0,0,0,0,0,0,0,0,0,0,0,0,0,0,0,0,0,0,0,0,0,0,0,0,0,0,0,0,0,0,0,0,0,5,411,15,5,0,0,0
52,0,50,0,0,0,147,19,155,75,0,0,0,0,33,0,26,0,23,0,100,0,36,0,123,0,22,0,8,0,17,0,11,0,0,0,13,0,18,0,0,0,5,0,0,0,0,0,12,0,16,0,51,0,22,109,4,2,0,17,83,0,0,0,0,0,0,2,0,0,16,0,0,0,0,0,0,0,0,0,47,0,3,0,0,0,0,0,0,0,0,0,0,0,0,0,0,0,0,0,0,0,0,0,0,0,0,0,0,0,0,0,0,0,0,0,0,0,0,0,0,0,0,0,0,0,0,0,23,0,0,0,0,0,0,0,9,0,171,0,132,0,17,0,61,0,0,0,0,0,0,0,0,0,81,0,45,0,46,0,0,0,6,0,0,0,0,0,0,0,64,0,74,0,0,0,23,3,0,0,0,0,63,0,0,0,0,0,0,0,0,0,0,0,0,0,0,0,0,0,0,0,0,0,0,0,0,0,0,0,23,152,43,38,42,0,5,0,0,0,0,0,0,0,0
18,130,0,0,0,0,0,165,26,157,0,0,0,0,0,0,0,127,0,0,0,93,37,64,70,38,0,0,0,83,0,19,0,45,0,21,0,35,0,53,0,0,0,0,0,46,0,0,0,0,0,0,2,77,7,56,0,23,0,4,0,83,0,0,0,0,0,0,0,0,0,0,0,0,0,0,0,0,0,0,0,0,0,0,0,0,0,0,0,0,0,0,0,0,0,0,0,0,0,0,0,6,0,0,0,0,0,0,0,0,0,0,0,0,0,0,0,0,0,0,0,0,0,0,0,0,0,0,0,21,0,0,0,0,0,0,0,0,0,271,0,158,0,55,0,61,0,0,0,0,0,0,0,0,0,93,0,43,0,238,0,0,0,0,0,0,0,0,0,0,0,10,0,12,0,0,8,68,0,0,0,0,2,30,0,0,0,0,0,0,0,0,0,0,0,0,0,0,0,0,0,0,0,0,0,0,0,0,0,0,0,0,0,0,0,0,0,0,5,162,5,0,0,0,0
17,0,54,0,11,0,33,0,124,0,0,0,16,0,0,0,0,0,5,0,0,0,0,0,0,0,0,0,0,0,0,0,0,0,1,0,0,0,0,0,0,0,0,0,0,0,0,0,0,0,0,0,0,0,0,0,40,0,123,29,0,0,0,0,0,0,206,0,0,0,0,0,2,0,0,0,0,0,0,0,0,0,0,0,0,0,0,0,0,0,0,0,0,0,0,0,0,0,0,0,0,0,0,0,0,0,0,0,0,0,0,0,0,0,0,0,0,0,0,0,0,0,0,0,8,0,7,0,0,0,22,0,0,0,0,0,0,0,1,33,0,0,0,0,0,11,6,0,28,0,0,0,1,0,0,0,0,0,6,27,376,0,0,0,0,0,0,0,0,0,0,0,0,0,15,5,1,0,0,0,208,46,4,0,217,0,0,0,0,0,0,0,0,0,0,0,0,0,0,0,0,0,0,0,0,0,0,0,0,0,38,38,0,0,44,0,0,0,0,0,0,0,0,0,0
0,67,0,0,0,7,0,37,2,138,0,31,0,2,0,0,0,0,0,26,0,1,0,0,0,0,0,0,0,0,0,0,0,0,0,1,0,0,0,0,0,2,0,0,0,0,0,0,0,0,0,0,5,0,0,0,12,0,33,246,0,1,0,0,0,0,9,861,0,0,0,28,0,4,0,23,0,0,0,0,0,0,0,0,0,0,0,0,0,0,0,0,0,0,0,0,0,2,0,0,0,0,0,0,0,0,0,0,0,0,0,0,0,0,0,0,0,0,0,0,0,0,0,0,0,84,0,42,21,0,0,103,0,0,0,37,0,31,33,35,0,27,0,0,22,46,0,42,0,247,0,14,0,5,6,0,0,1,12,5,79,409,0,0,0,0,0,0,0,0,0,0,0,0,0,68,0,0,0,0,61,142,0,0,25,126,0,0,0,0,0,0,0,0,0,0,0,0,0,0,0,0,0,0,0,0,0,1,0,22,0,0,0,0,44,0,0,0,55,0,0,0,0,0,0
10,0,4,0,0,0,40,0,108,11,0,0,0,0,0,0,0,0,0,0,0,0,0,0,1,0,0,0,0,0,0,0,0,0,0,0,0,0,0,0,0,0,0,0,0,0,0,0,0,0,0,0,3,7,1,82,59,38,171,253,0,0,0,0,206,9,0,66,0,0,0,0,0,0,0,0,0,0,0,0,0,0,0,0,0,0,0,0,0,0,0,0,0,0,0,0,0,0,0,0,0,0,0,0,0,0,0,0,0,0,0,0,0,0,0,0,0,0,0,0,0,0,0,0,4,0,0,0,0,0,0,0,0,0,0,0,0,0,0,0,0,0,0,0,0,0,0,0,8,0,0,0,0,0,1,12,0,0,0,7,5,0,0,0,0,0,0,0,1,0,10,0,1,0,54,5,6,0,0,0,43,4,0,0,660,40,0,0,0,0,0,0,0,0,0,0,0,0,0,0,0,0,0,0,0,0,0,0,2,0,146,60,26,0,78,0,0,2,1,0,0,0,0,0,0
0,9,0,0,0,0,0,0,57,184,0,3,0,0,0,0,3,0,0,0,0,0,0,0,0,0,0,0,0,0,0,0,0,0,0,0,0,0,0,0,0,0,0,0,0,0,0,2,0,0,0,0,40,0,90,4,43,11,205,156,0,0,2,0,0,861,66,0,0,0,0,0,0,0,0,0,0,0,0,0,0,0,0,0,0,0,0,0,0,0,0,0,0,0,0,0,0,0,0,0,0,0,0,0,0,0,0,0,0,0,0,0,0,0,0,0,0,0,0,0,0,0,0,0,0,48,0,17,0,0,2,129,0,0,0,0,0,6,0,0,0,2,0,0,0,2,0,17,0,51,0,0,0,2,31,1,10,0,0,1,0,70,0,0,0,0,0,0,0,0,0,0,0,0,11,57,14,30,0,1,35,34,0,3,26,567,0,0,0,0,0,0,0,0,0,0,0,0,0,0,0,0,0,0,0,0,0,0,0,10,4,0,1,0,166,0,0,0,179,58,31,38,0,0,1
0,0,0,0,0,0,0,0,2,0,0,0,0,0,0,0,0,0,0,0,0,0,0,0,0,0,0,0,0,0,0,0,0,0,0,0,0,0,0,0,0,0,0,0,0,0,0,0,14,0,0,0,0,0,1,0,0,0,1,0,0,0,0,0,0,0,0,0,0,0,0,0,0,0,0,0,84,0,18,0,4,0,73,0,6,0,0,0,10,0,0,0,51,0,0,0,0,0,15,0,20,0,184,0,0,0,55,0,72,0,18,0,41,0,24,0,0,0,0,0,0,0,0,0,0,0,0,0,0,0,0,0,0,0,0,0,0,0,0,0,0,0,0,0,0,0,0,0,0,0,0,0,0,0,0,0,0,0,0,0,0,0,0,0,9,0,0,0,121,0,2,0,0,0,0,0,0,0,0,0,0,0,0,0,0,0,0,0,0,0,0,0,0,0,0,0,9,0,0,0,0,0,0,0,0,0,0,0,0,0,33,0,64,0,9,91,71,0,0,0,0,0,0,0,0
0,0,0,0,0,0,0,0,0,0,0,0,0,0,0,0,0,0,0,0,0,0,0,0,0,0,0,0,0,0,0,0,0,0,0,0,0,0,0,0,0,0,0,0,0,0,0,0,0,9,0,0,0,0,0,0,0,1,0,2,0,0,0,0,0,0,0,0,0,0,0,0,0,0,0,0,0,77,0,0,0,4,0,44,0,0,0,13,0,14,0,0,0,45,0,26,0,0,0,0,0,0,0,67,0,0,0,4,0,23,0,0,0,0,0,0,0,4,0,0,0,0,0,0,0,0,0,0,0,0,0,0,0,3,0,9,0,0,0,0,0,0,0,0,0,0,0,0,0,0,0,0,0,0,0,0,0,0,0,0,0,0,0,0,0,23,0,0,0,135,0,7,0,2,0,0,0,0,0,0,0,0,0,0,0,0,0,0,0,16,0,0,0,2,0,0,0,0,0,0,0,0,0,0,0,17,0,0,0,0,0,0,0,0,0,0,0,0,33,5,45,0,16,128,0
0,0,0,0,0,0,0,0,0,0,0,0,0,0,0,0,44,0,0,0,59,0,0,0,0,0,41,0,16,0,8,0,0,0,16,0,70,0,4,0,0,0,19,0,10,0,0,0,0,0,18,0,2,0,0,0,0,0,0,0,6,0,16,0,0,0,0,0,0,0,0,0,197,0,313,0,13,0,64,0,0,0,0,0,0,0,7,0,0,0,0,0,0,0,0,0,0,0,0,0,0,0,0,0,0,0,0,0,0,0,0,0,0,0,0,0,0,0,0,0,21,0,3,0,15,0,17,2,0,0,35,0,0,0,0,0,12,0,16,0,82,8,15,0,60,0,16,0,21,6,0,0,20,0,0,0,7,0,0,0,5,4,60,0,0,0,24,0,43,0,19,0,33,0,10,0,0,0,0,0,33,0,0,0,40,0,0,0,0,0,0,0,0,0,0,0,0,0,0,0,0,0,0,0,0,0,0,0,11,0,21,1,40,8,0,0,0,0,0,0,1,0,0,0,0
0,0,0,0,0,0,0,0,0,0,0,0,0,0,0,0,0,0,0,0,0,0,0,0,0,0,0,0,0,0,0,0,0,0,0,0,0,0,0,1,0,0,0,0,0,3,0,0,0,0,0,7,0,0,0,0,0,0,0,0,0,0,0,0,0,28,0,0,0,0,0,0,0,274,0,260,0,40,0,49,0,5,0,0,0,0,0,118,0,0,0,0,0,0,0,0,0,0,0,0,0,0,0,0,0,0,0,0,0,0,0,0,0,0,0,0,0,0,0,0,0,0,0,8,0,0,0,0,0,8,0,35,0,12,0,0,0,0,2,4,0,47,0,0,0,108,0,0,0,44,0,0,0,0,0,0,0,0,0,0,0,6,0,14,0,0,0,0,0,8,0,0,0,9,0,0,0,0,0,0,0,12,0,0,0,3,0,0,0,0,0,0,0,0,0,0,0,0,0,1,0,0,0,0,0,0,0,0,0,0,0,0,0,0,7,0,0,0,52,0,34,3,0,0,0
0,0,0,0,1,0,0,0,0,0,0,0,0,0,0,0,0,0,0,0,0,0,0,0,0,0,0,0,0,0,0,0,0,0,4,0,0,0,0,0,0,0,0,0,0,0,0,0,0,0,0,0,0,0,0,0,0,0,0,0,0,0,0,0,2,0,0,0,0,0,197,0,0,0,138,0,39,0,147,0,0,0,9,0,12,0,2,0,0,0,0,0,0,0,0,0,0,0,0,0,0,0,0,0,0,0,0,0,0,0,0,0,0,0,1,0,0,0,0,0,41,0,9,0,13,0,0,0,3,0,21,0,15,2,55,0,24,0,9,3,78,4,94,0,61,0,0,0,0,0,62,0,0,0,0,0,3,0,0,0,0,0,78,0,0,0,0,0,22,0,1,0,0,0,0,0,0,0,0,0,28,2,0,0,17,0,0,0,0,0,0,0,0,0,0,0,3,0,44,0,19,0,0,0,0,0,0,0,43,0,289,8,9,0,11,0,0,1,0,0,1,0,0,0,0
0,0,0,0,0,0,0,0,0,0,0,0,0,0,0,0,0,0,0,0,0,0,0,0,0,0,0,0,0,0,0,0,0,0,0,0,0,0,0,0,0,0,0,0,0,0,0,0,0,0,0,0,0,0,0,0,0,0,0,0,0,0,0,0,0,4,0,0,0,0,0,274,0,0,0,170,0,62,0,52,0,14,0,14,0,109,0,83,0,0,0,0,0,0,0,0,0,0,0,0,0,0,0,0,0,0,0,14,0,0,0,0,0,0,0,0,0,0,0,0,0,31,0,30,0,54,0,0,0,10,0,0,0,56,0,0,0,68,0,0,0,34,0,125,0,119,0,0,3,22,0,0,0,0,0,0,0,0,0,0,0,0,0,9,0,0,0,0,0,16,0,0,0,0,0,0,0,0,0,0,0,0,0,0,0,0,0,0,0,43,0,0,0,0,0,0,0,0,0,0,0,69,0,0,0,0,0,0,0,0,0,0,0,0,22,0,0,0,144,3,16,0,0,1,0
0,0,0,0,0,0,0,0,0,0,0,0,0,0,0,0,69,0,0,0,90,0,19,0,0,0,0,0,8,0,7,0,0,0,18,0,80,0,0,0,0,0,26,0,9,0,0,0,0,0,28,0,1,0,0,0,0,0,0,0,0,0,0,0,0,0,0,0,0,0,313,0,138,0,0,0,12,0,205,0,19,0,34,0,18,0,44,0,0,0,0,1,0,0,13,0,1,0,12,1,9,0,4,0,0,0,0,0,0,0,0,0,0,0,0,0,0,0,0,0,135,0,49,0,11,0,21,0,0,0,15,0,12,0,82,0,48,7,12,6,98,14,116,0,89,0,36,0,18,9,69,0,43,0,0,0,0,0,0,0,0,0,43,0,0,0,0,0,25,0,0,0,15,0,25,0,0,0,0,0,45,0,1,0,22,0,0,0,0,0,0,0,0,0,0,0,0,0,0,0,13,0,0,0,0,0,0,0,52,0,45,0,21,0,4,0,0,0,0,0,0,0,0,0,0
0,0,0,0,0,0,0,0,0,0,0,0,0,0,0,0,0,0,0,0,0,0,0,0,0,0,0,0,0,0,0,0,0,0,0,2,0,0,0,0,0,0,0,0,0,0,0,0,0,0,0,0,0,0,0,0,0,3,0,0,0,0,0,0,0,23,0,0,0,0,0,260,0,170,0,0,0,24,0,30,0,4,0,0,0,16,0,114,0,0,0,0,0,0,0,0,0,0,0,0,0,0,0,0,0,0,0,0,0,0,0,0,0,0,0,0,0,0,0,0,0,123,0,15,0,63,0,0,3,9,11,40,2,20,0,52,0,23,0,6,3,31,0,61,0,109,0,0,0,71,0,0,0,12,0,0,0,0,0,0,0,5,0,35,0,0,0,0,0,13,0,4,0,0,0,0,0,0,0,0,1,15,0,0,0,1,0,0,0,0,0,0,0,0,0,0,0,0,0,4,0,0,0,0,0,0,0,0,0,16,0,0,0,0,14,0,0,0,112,5,16,0,0,3,0
0,0,0,0,0,0,0,0,0,0,0,0,0,0,0,0,0,0,0,0,0,0,0,0,0,0,0,0,0,0,0,0,0,0,0,0,0,0,0,0,1,0,0,0,5,0,0,0,5,0,0,0,0,0,0,0,0,0,0,0,0,0,0,0,0,0,0,0,84,0,13,0,39,0,12,0,0,0,30,0,12,0,61,0,16,0,12,0,6,0,0,0,132,0,23,0,0,0,0,0,0,0,70,0,0,0,0,0,15,0,0,0,3,0,7,0,4,0,0,0,7,0,0,0,0,0,0,0,0,0,2,0,0,0,24,0,1,0,0,0,0,0,15,0,0,0,0,0,0,0,0,0,0,0,0,0,0,0,0,0,0,0,0,0,0,0,0,0,32,0,0,0,0,0,0,0,0,0,0,0,0,0,0,0,0,0,0,0,0,0,0,0,0,0,29,0,0,0,23,0,40,0,0,0,52,0,0,0,0,0,53,0,27,0,0,25,4,0,0,0,0,0,0,0,0
0,0,0,0,0,0,0,0,0,0,0,0,0,0,0,0,0,0,0,0,0,0,0,0,0,0,0,0,0,0,0,0,0,0,0,0,0,2,0,0,0,0,0,0,0,12,0,0,0,14,0,0,0,0,0,3,0,0,0,1,0,0,0,0,0,0,0,0,0,77,0,40,0,62,0,24,0,0,0,17,0,30,0,60,0,44,0,129,0,0,0,0,0,67,0,15,0,0,0,14,0,4,0,139,0,0,0,0,0,7,0,0,0,0,0,0,0,25,0,1,0,14,0,9,0,0,0,0,0,0,0,0,0,0,0,0,0,0,0,0,0,0,0,26,0,9,0,0,0,0,0,0,0,6,0,0,0,0,0,0,0,0,0,0,0,29,0,0,0,104,0,1,0,0,0,0,0,0,0,0,0,0,0,0,0,0,0,0,0,0,0,12,0,0,0,52,0,0,0,0,0,66,0,57,0,93,0,0,0,0,0,0,0,0,11,0,0,0,37,6,28,0,4,1,0
2,0,0,0,0,0,0,0,0,0,0,0,0,0,0,0,30,0,0,0,0,0,0,0,0,0,0,0,0,0,0,0,0,0,0,0,0,0,0,0,0,0,0,0,4,0,0,0,0,0,0,0,0,0,0,0,0,0,0,0,0,0,0,0,0,0,0,0,18,0,64,0,147,0,205,0,30,0,0,0,20,0,179,0,40,0,38,0,0,0,0,0,113,0,18,0,9,0,9,0,0,0,11,0,17,0,7,0,0,0,0,0,0,0,1,0,0,0,0,0,114,0,21,0,0,0,12,0,0,0,3,0,0,0,98,0,0,0,0,0,51,0,99,0,20,1,0,0,0,0,0,0,0,0,0,0,2,0,0,0,0,0,16,0,9,0,0,0,61,0,0,0,0,0,0,1,0,0,0,0,0,0,0,0,0,0,0,0,0,0,0,0,49,0,21,0,0,0,60,0,87,0,0,0,65,0,0,0,34,0,320,0,41,3,36,13,2,0,0,0,0,0,0,0,0
0,0,0,0,0,0,0,0,0,0,0,0,0,0,0,0,0,0,0,0,0,0,0,0,0,0,0,0,0,0,0,0,0,0,0,0,0,0,0,0,0,0,0,0,0,0,0,0,0,0,0,0,0,0,0,0,0,0,0,0,0,0,0,0,0,0,0,0,0,0,0,49,0,52,0,30,0,17,0,0,0,0,0,0,0,24,0,27,0,0,0,0,0,0,0,0,0,0,0,0,0,0,0,0,0,0,0,0,0,0,0,0,0,0,0,0,0,0,0,0,0,7,0,28,0,0,0,0,0,3,0,0,0,5,0,0,0,0,0,0,0,76,0,51,0,37,0,0,0,12,0,0,0,0,0,0,0,0,0,0,0,2,0,11,0,0,0,0,0,3,0,0,0,0,0,0,0,0,0,0,0,0,0,0,0,0,0,0,0,0,0,0,0,0,0,1,0,0,0,0,0,0,0,0,0,0,0,0,0,0,0,0,0,0,5,0,0,0,45,0,14,2,0,0,0
