0,141,78,48,96,5,19,12,50,3,127,14,121,0,72,66,148,67,27,0,9,0,194,95,15,14,0,0,126,4,46,0,180,0,5,0,97,0,417,17,44,0,4,0,2,0,11,0,8,0,0,0,0,0,2,0,0,0,0,1,76,5,101,8,4,0,5,0,0,0,0,0,0,0,0,0,1,0,0,0,0,0,0,0,0,0,0,0,0,0,0,0,1,0,0,0,0,0,0,0,0,0,0,0,0,0,0,0,0,0,0,0,0,0,1,0,0,0,1,0,0,0,0,0,5,0,0,0,0,0,5,0,0,0,0,0,0,0,0,0,0,0,0,0,0,0,0,0,7,0,1,0,2,0,2,0,0,0,0,0,3,0,4,0,6,0,17,0,101,0,50,1,346,8,0,0,134,36,8,0,4,0,0,3,30,0,2,0,0,0,0,0,0,0,0,0,0,0,0,0,0,0,0,0,0,0,0,0,0,0,7,0,0,0,67,0,0,0,0,0,284,3,17,0,12,0,153,3,219,4,221,0,207,0,31,0,31,1,98,0,86,0,161,0,365,0,0,0,0
141,0,58,48,17,100,45,48,47,53,22,288,2,147,49,89,95,56,0,72,8,19,194,28,103,5,0,147,0,225,1,37,2,128,0,0,0,157,4,405,2,93,0,0,0,0,1,35,0,8,0,0,0,2,0,9,3,4,0,3,2,192,14,163,1,30,0,16,0,0,0,0,0,11,0,0,0,0,0,1,0,0,0,0,0,0,0,0,0,0,0,0,0,0,0,0,0,0,0,0,0,0,0,0,0,0,0,0,0,0,0,0,0,0,0,0,0,0,0,1,0,0,0,0,0,6,0,2,0,0,0,30,0,0,0,0,0,0,0,0,0,0,0,0,0,1,2,9,3,37,0,13,0,15,0,0,0,3,1,0,0,4,0,0,0,3,0,3,0,0,0,9,0,166,0,3,12,339,0,9,0,8,2,89,0,29,0,4,0,1,0,0,0,0,0,0,0,0,0,2,0,0,0,0,0,0,0,0,0,5,0,14,0,0,0,55,0,0,0,0,0,299,0,16,0,22,3,117,0,271,1,110,3,391,0,43,0,27,1,75,0,36,0,37,0,274,0,0,0
78,58,0,14,175,10,124,0,30,0,46,29,100,0,229,34,104,27,57,0,77,1,631,44,84,0,25,0,203,0,110,0,248,0,0,0,94,4,252,7,22,0,0,0,3,0,10,0,0,0,0,0,7,0,21,0,0,0,0,0,54,0,84,2,2,0,4,0,0,0,0,0,1,0,0,0,0,0,0,0,0,0,0,0,0,0,0,0,0,0,1,0,1,0,0,0,0,0,0,0,0,0,0,0,0,0,0,0,0,0,0,0,0,0,1,0,0,0,0,0,0,0,0,0,12,0,7,0,1,0,11,0,6,0,11,0,9,0,0,0,0,0,14,0,0,0,19,1,33,0,5,0,4,0,0,0,0,0,0,0,14,0,0,0,0,0,17,0,34,0,20,0,198,5,0,0,22,10,0,0,0,0,0,0,6,0,0,0,0,0,0,0,0,0,0,0,0,0,7,0,0,0,0,0,0,0,0,0,7,0,1,0,0,0,43,0,0,0,4,0,243,0,0,0,6,0,51,2,110,0,95,0,117,0,0,0,17,0,39,0,28,0,53,0,191,0,0,0,0
48,48,14,0,14,51,0,43,13,5,13,7,0,23,45,195,25,108,0,68,12,55,60,104,21,55,0,41,0,310,1,69,0,189,0,5,0,46,0,257,0,8,0,0,0,0,0,0,0,0,0,0,0,0,0,60,1,11,0,8,1,78,9,50,2,9,0,0,0,0,0,0,0,0,0,0,0,0,0,0,0,0,0,0,0,18,0,6,0,0,0,0,0,0,0,0,0,0,0,0,0,0,0,1,0,2,0,0,0,0,0,0,0,0,0,0,0,0,0,0,0,0,0,0,0,14,0,7,0,10,0,16,0,54,0,48,0,66,0,0,0,0,0,0,0,0,1,4,0,15,0,13,0,3,0,6,0,2,0,0,2,11,0,0,0,0,0,8,0,0,0,5,2,41,0,2,3,32,0,1,0,4,0,7,0,4,0,0,0,0,0,0,0,0,0,0,0,0,0,0,0,18,0,3,0,0,0,0,0,13,0,0,0,0,0,22,0,0,0,3,0,190,0,6,0,5,1,29,0,72,0,20,0,158,0,12,0,9,0,5,0,9,0,8,5,64,0,0,0
96,17,175,14,0,91,27,0,24,0,99,97,166,65,234,143,0,11,98,51,152,54,96,34,11,0,51,39,30,0,123,3,174,7,56,6,170,7,15,1,60,0,8,0,0,0,25,0,4,0,96,0,7,0,0,0,0,0,0,0,0,0,3,0,0,0,0,0,0,0,13,0,0,0,0,0,0,0,0,0,0,0,0,0,0,0,0,0,0,0,0,0,0,0,0,0,0,0,0,0,0,0,0,0,0,0,0,0,0,0,0,0,0,0,0,0,0,0,0,0,0,0,0,0,0,0,2,0,0,0,7,0,0,0,2,0,0,0,0,0,4,0,0,0,0,0,10,0,14,0,2,0,3,0,0,0,4,0,0,0,3,0,0,0,11,2,104,0,20,0,6,0,48,0,0,0,167,58,20,0,8,0,2,0,17,0,0,0,0,0,0,0,0,0,0,0,0,0,0,0,0,0,0,0,0,0,0,0,0,0,0,0,2,0,19,0,0,0,7,0,189,13,0,0,44,0,72,0,110,0,103,0,0,0,0,2,29,0,21,0,0,0,35,0,0,0,0,0,0
5,100,10,51,91,0,0,0,0,7,60,104,42,89,248,81,1,2,43,124,115,100,16,28,0,1,7,119,0,16,18,97,9,192,15,45,24,185,0,8,0,17,0,13,1,0,2,27,1,2,10,16,0,0,0,3,0,2,0,0,0,0,1,0,0,0,0,0,0,0,0,0,0,1,0,0,0,0,0,0,0,0,0,0,0,0,0,0,0,0,0,0,0,0,0,0,0,0,0,0,0,0,0,0,0,0,0,9,0,0,0,0,0,0,0,0,0,0,0,0,0,9,0,4,0,3,0,1,0,0,0,1,0,4,0,12,0,6,0,0,0,0,0,0,0,7,0,0,0,11,0,9,0,0,0,3,0,0,0,0,0,4,0,0,0,5,9,78,0,0,0,2,0,19,1,7,10,171,0,30,0,8,0,4,0,5,0,6,0,0,0,0,0,0,0,0,0,1,0,0,0,3,0,2,0,0,0,0,0,0,0,0,0,0,0,5,0,0,0,0,0,178,0,0,0,35,3,88,0,123,0,84,0,170,2,15,0,22,0,6,0,7,0,5,0,82,0,0,0
19,45,124,0,27,0,0,27,7,87,7,0,11,0,42,10,37,33,12,0,0,0,69,11,186,70,0,0,0,0,5,0,0,0,0,0,6,0,25,0,0,0,0,0,0,0,0,0,6,0,0,0,109,9,218,38,9,1,16,0,149,0,435,41,4,1,3,25,0,0,0,0,0,0,0,0,1,0,0,0,0,0,0,0,0,0,0,0,0,0,0,0,0,0,0,0,0,0,0,0,0,0,0,0,0,0,0,0,0,0,0,0,0,0,0,0,0,0,0,0,0,0,0,0,0,0,0,0,0,0,0,0,0,0,4,0,0,0,0,0,0,0,0,0,0,0,4,0,2,1,0,0,1,0,7,0,0,0,0,0,0,0,27,0,13,0,0,0,50,0,163,0,139,0,8,0,20,18,0,0,0,0,0,4,1,0,0,0,0,0,0,0,0,0,0,0,0,0,0,0,0,0,0,0,0,0,0,0,0,0,52,0,0,0,274,0,0,0,18,1,310,3,51,0,49,1,68,0,197,0,138,0,222,0,0,0,13,1,138,0,84,0,121,0,333,4,0,0,0
12,48,0,43,0,0,27,0,66,34,0,9,0,13,0,28,12,47,0,5,2,10,13,11,66,224,0,20,0,36,0,4,0,0,0,1,0,13,0,43,0,0,0,0,0,0,0,0,0,4,0,0,4,13,12,74,2,13,0,13,2,115,38,232,0,0,0,10,0,0,0,0,0,0,0,0,0,0,0,0,0,0,0,0,0,0,0,0,0,0,0,0,0,0,0,0,0,1,0,0,0,0,0,0,0,0,0,0,0,0,0,0,0,0,0,0,0,0,0,0,0,0,0,0,0,4,0,0,0,0,0,13,0,7,0,7,0,7,0,0,0,1,0,0,0,0,0,1,1,3,0,4,0,0,0,2,0,0,0,0,0,8,0,1,0,1,0,2,0,0,0,30,0,53,0,0,2,0,0,0,0,0,0,19,0,0,0,0,0,0,0,0,0,0,0,0,0,0,0,2,0,0,0,0,0,0,0,0,0,4,0,16,0,5,0,150,0,0,0,5,0,251,0,40,0,24,0,24,0,213,0,19,1,308,0,26,0,8,0,57,0,8,0,10,0,202,0,0,0
50,47,30,13,24,0,7,66,0,151,33,0,36,0,44,8,15,47,15,0,8,0,8,3,38,148,17,0,0,0,2,0,6,0,0,0,3,0,14,4,19,0,1,0,3,0,7,0,12,0,1,0,119,15,39,123,5,10,27,0,172,0,352,56,33,0,67,39,0,0,0,0,0,0,0,0,0,0,0,0,0,0,0,0,0,0,0,0,0,0,0,0,0,0,0,0,0,0,0,0,0,0,0,0,0,0,0,0,0,0,0,0,0,0,0,0,0,0,0,0,0,0,0,0,21,0,11,0,0,0,54,0,1,0,0,0,0,0,0,0,0,0,3,0,1,0,29,0,57,0,5,0,7,0,5,0,10,6,0,0,28,0,0,0,8,0,0,0,37,0,99,0,94,2,36,0,241,35,3,0,0,0,12,28,40,11,0,0,0,0,0,0,0,0,0,0,0,0,0,0,0,0,0,0,0,0,0,0,0,0,28,0,0,0,209,0,0,1,7,0,168,3,24,0,33,0,96,4,209,7,86,0,125,7,0,0,9,1,124,1,78,0,104,0,257,0,0,0,0
3,53,0,5,0,7,87,34,151,0,0,23,0,0,0,19,17,12,0,15,0,0,0,0,97,42,0,11,0,0,0,0,0,5,0,0,0,7,0,9,0,4,0,0,0,2,0,0,0,3,0,0,30,78,115,51,4,15,17,75,0,122,68,272,1,81,0,103,0,0,0,0,0,3,0,0,0,0,0,0,0,0,0,0,0,0,0,0,0,0,0,0,0,0,0,0,0,0,0,0,0,0,0,0,0,0,0,0,0,0,0,0,0,0,0,0,0,0,0,0,0,0,0,0,0,6,0,3,0,0,2,32,0,2,0,0,0,4,0,0,0,0,0,0,0,0,1,7,0,27,0,11,0,4,1,5,0,30,0,0,0,18,0,1,0,0,0,3,0,2,0,21,0,18,3,0,8,206,0,2,0,0,0,74,4,64,0,0,0,0,0,0,0,0,0,0,0,0,0,2,0,3,0,0,0,0,0,3,0,6,0,10,0,4,0,137,0,0,0,4,0,126,0,27,0,17,2,28,0,179,0,21,1,245,2,23,0,11,0,99,0,10,0,8,3,257,0,0,0
127,22,46,13,99,60,7,0,33,0,0,43,327,0,93,55,11,6,31,4,98,6,6,49,0,0,27,0,6,0,96,2,241,2,16,0,226,4,13,1,75,0,7,1,4,0,16,0,10,0,18,0,0,0,0,0,0,0,0,0,0,0,3,0,0,0,0,0,0,0,8,0,0,0,3,0,1,0,0,0,3,0,0,0,0,0,0,0,0,0,0,0,0,0,0,0,0,0,0,0,0,0,0,0,0,0,0,0,0,0,0,0,0,0,0,0,0,0,0,0,0,0,0,0,0,0,0,0,0,0,2,0,0,0,0,0,0,0,0,0,2,0,0,0,0,0,0,0,3,0,3,0,4,0,0,0,0,0,0,0,3,0,0,0,0,0,100,0,0,0,0,0,42,0,0,0,109,27,25,0,0,0,7,0,8,0,9,0,0,0,0,0,0,0,0,0,0,0,0,0,0,0,0,0,0,0,0,0,1,0,7,0,0,0,30,0,0,0,7,2,191,0,7,0,4,0,116,7,98,0,133,1,101,0,11,0,40,1,26,0,22,0,45,0,222,0,0,0,0
14,288,29,7,97,104,0,9,0,23,43,0,42,366,302,59,0,12,54,44,103,80,65,48,0,0,0,171,0,35,0,74,9,227,0,65,28,219,0,48,0,194,0,0,0,4,0,51,4,17,11,9,0,0,0,3,0,0,0,5,0,0,0,0,0,19,0,0,0,0,0,0,0,0,0,0,0,0,0,0,0,0,0,0,0,0,0,0,0,0,0,0,0,0,0,0,0,1,0,0,0,0,0,0,0,0,0,0,0,0,0,0,0,0,0,0,0,0,0,0,0,7,0,0,0,2,0,2,0,0,0,14,0,0,0,4,0,0,0,0,0,0,0,0,0,0,0,4,2,17,0,15,0,27,0,0,0,0,0,0,0,3,0,0,0,0,0,54,2,3,0,4,0,55,0,15,11,341,0,60,0,39,0,11,0,27,0,24,0,0,0,0,0,0,0,0,0,0,0,0,0,0,0,0,0,0,0,0,0,2,0,0,0,0,0,14,0,0,0,0,15,241,0,0,0,35,0,110,11,157,0,90,0,263,1,19,0,32,0,18,0,7,0,14,5,160,0,0,0
121,2,100,0,166,42,11,0,36,0,327,42,0,294,71,38,0,0,164,167,90,59,11,3,0,0,77,292,0,0,24,0,25,0,131,12,76,15,0,0,191,80,60,35,7,10,50,57,93,4,222,23,0,0,0,0,0,0,1,0,0,0,2,0,0,0,0,0,0,0,0,0,0,0,0,0,0,0,0,0,0,0,0,0,0,0,0,0,0,0,0,0,0,0,0,0,0,0,0,0,0,0,1,0,0,0,0,0,0,0,0,0,1,0,0,0,0,0,0,0,0,0,0,0,0,0,0,0,0,0,0,0,0,0,0,0,0,0,0,0,0,0,0,0,0,0,4,0,0,0,0,0,0,0,0,0,0,0,0,0,0,0,0,0,11,0,24,0,18,0,0,0,9,0,0,0,144,65,65,0,17,0,6,0,14,0,40,18,0,0,0,0,0,0,0,0,0,0,0,0,0,0,0,0,0,0,0,0,2,0,0,0,0,0,0,0,0,0,40,18,50,0,4,0,71,14,26,0,32,0,0,0,5,2,3,0,7,0,0,0,0,0,0,0,0,0,0,0,0
0,147,0,23,65,89,0,13,0,0,0,366,294,0,29,0,0,2,266,105,40,65,0,0,0,0,209,160,0,0,0,12,0,5,17,146,9,102,0,0,71,369,54,180,30,38,26,140,10,45,71,103,1,0,0,4,0,1,0,0,0,0,0,0,0,6,0,0,0,0,0,0,0,0,0,0,0,0,0,2,0,0,0,0,0,0,0,0,0,0,0,0,0,0,0,0,0,0,0,0,0,0,0,0,0,0,0,0,0,0,0,0,0,0,0,0,0,0,0,0,0,0,0,0,0,3,0,0,0,0,0,0,0,0,0,0,0,0,0,0,0,1,0,0,0,0,0,0,0,11,0,9,0,10,0,0,0,0,0,0,0,0,0,0,1,8,3,15,0,6,0,0,0,8,0,9,15,308,4,8,0,13,0,1,0,0,2,101,0,0,0,0,0,0,0,0,0,0,0,0,0,0,0,0,0,0,0,4,0,0,0,0,0,0,0,1,0,0,28,104,0,22,0,0,0,200,0,32,0,70,0,0,0,0,0,4,0,0,0,0,0,0,0,0,0,0,0,0,0
72,49,229,45,234,248,42,0,44,0,93,302,71,29,0,351,45,12,306,41,170,51,255,121,60,0,137,14,3,3,44,0,44,22,29,7,98,18,0,1,40,0,6,0,11,0,22,0,4,0,32,0,17,0,0,0,0,0,0,0,6,0,10,0,5,0,5,0,0,0,0,0,0,0,6,0,0,0,0,0,0,0,0,0,0,0,0,0,0,0,0,0,0,0,0,0,0,0,0,0,0,0,0,0,0,0,0,0,0,0,0,0,0,0,0,0,0,0,0,0,4,0,0,0,8,0,4,0,0,0,19,0,0,0,12,0,22,0,3,0,5,0,0,0,3,0,23,0,42,0,7,0,12,0,2,0,9,0,0,0,15,0,3,0,0,0,45,3,13,0,0,0,21,4,0,0,111,96,0,0,10,0,5,0,24,0,0,0,0,0,0,0,0,0,0,0,0,0,5,0,19,0,0,0,0,0,0,0,0,0,0,0,0,0,13,0,0,0,1,0,70,27,4,0,11,0,91,14,41,0,51,0,15,15,0,0,15,4,15,0,0,1,17,0,84,0,0,0,0
66,89,34,195,143,81,10,28,8,19,55,59,38,0,351,0,34,76,39,90,128,74,85,147,22,30,11,90,0,12,22,43,11,55,11,5,18,54,1,33,1,0,0,6,0,0,0,0,0,2,4,4,0,0,0,72,0,13,0,15,0,5,4,25,0,10,0,2,0,0,2,0,0,0,0,1,0,0,0,5,0,11,0,0,0,68,0,28,0,0,0,0,0,0,0,5,0,34,0,44,0,9,0,0,0,0,0,0,0,0,0,0,0,0,0,0,0,0,0,0,0,13,0,0,0,9,0,0,0,2,0,15,0,68,0,71,0,104,0,30,0,0,0,20,7,0,0,0,0,27,0,20,0,6,0,6,0,0,0,0,3,12,0,0,2,0,0,13,0,0,0,0,0,3,0,0,7,44,0,3,0,3,0,0,0,26,1,0,0,0,0,0,0,0,0,0,0,0,1,22,0,36,0,0,0,0,0,11,0,25,0,1,0,0,0,1,0,0,0,0,11,55,0,0,0,3,4,56,9,44,0,27,0,60,1,3,0,8,0,4,0,2,0,0,8,38,0,0,0
148,95,104,25,0,1,37,12,15,17,11,0,0,0,45,34,0,39,87,0,499,0,141,52,156,29,0,1,148,2,96,0,123,0,21,0,18,2,140,7,0,0,8,0,9,0,0,0,0,0,8,0,106,0,7,1,3,0,0,2,44,3,197,5,0,0,0,0,0,0,89,0,5,0,31,0,0,0,0,0,139,0,0,0,258,0,64,0,0,0,153,0,0,0,0,0,611,0,314,0,0,0,0,0,26,0,340,0,0,0,0,0,0,0,0,0,0,0,0,0,90,0,101,0,2,0,0,0,0,0,1,0,9,0,19,0,93,0,47,1,38,0,256,0,50,0,0,0,0,0,0,0,0,0,68,0,0,0,26,0,5,0,5,0,0,0,6,0,20,0,13,0,42,3,2,0,4,9,0,0,0,0,7,4,0,0,0,0,0,0,0,0,0,0,0,0,0,0,0,0,150,0,0,0,0,0,0,0,10,0,0,0,0,0,7,0,0,0,0,0,59,0,0,0,0,1,96,0,35,9,3,0,30,8,2,0,0,0,5,1,0,1,5,0,19,4,0,0,0
67,56,27,108,11,2,33,47,47,12,6,12,0,2,12,76,39,0,0,19,0,173,104,121,61,58,0,13,0,220,1,24,0,18,1,6,1,8,4,90,0,0,0,0,0,0,1,0,0,0,0,2,0,18,2,49,0,31,5,3,0,7,10,207,13,2,0,0,0,0,0,0,0,2,0,0,0,0,0,0,0,0,0,0,0,98,0,0,0,0,0,58,0,0,0,0,0,49,0,99,0,10,0,0,0,0,0,56,0,0,0,0,0,0,0,0,0,0,0,0,0,0,0,11,1,8,0,0,0,0,2,10,0,50,0,80,0,78,0,57,0,28,0,86,10,0,1,1,0,0,0,0,0,1,5,26,0,2,0,15,17,5,0,0,0,0,0,1,0,0,0,4,0,5,0,0,0,51,0,0,0,2,0,6,0,0,0,0,0,0,0,0,0,0,0,0,0,0,0,0,0,23,0,0,0,0,0,0,0,9,0,0,0,2,1,0,0,0,0,0,0,9,0,8,0,0,0,36,4,9,0,3,0,10,0,1,0,0,0,0,0,0,0,0,0,8,0,0,0
27,0,57,0,98,43,12,0,15,0,31,54,164,266,306,39,87,0,0,161,200,62,187,3,50,0,194,206,7,0,12,0,10,0,101,28,39,9,0,0,38,24,25,26,16,8,45,0,8,0,131,9,4,0,0,0,0,0,0,0,0,0,15,0,0,0,3,0,0,0,0,0,0,0,0,0,0,0,0,0,0,0,0,0,0,0,0,0,0,0,0,0,0,0,0,0,0,0,0,0,0,0,0,0,0,0,0,0,0,0,0,0,0,0,0,0,0,0,0,0,0,0,0,0,3,0,0,0,0,0,0,0,0,0,0,0,0,0,0,0,5,0,0,0,13,0,8,0,0,0,0,0,0,0,0,0,0,0,0,0,0,0,0,0,6,0,0,3,0,0,0,0,0,1,0,0,54,15,41,0,6,0,4,0,6,0,21,7,0,0,0,0,0,0,0,0,0,0,0,0,0,0,0,0,0,0,0,0,0,0,2,0,0,0,6,0,0,0,8,5,25,0,0,0,75,13,18,0,15,12,16,0,0,0,0,0,3,0,0,0,4,0,0,0,20,0,0,0,0
0,72,0,68,51,124,0,5,0,15,4,44,167,105,41,90,0,19,161,0,53,193,0,25,0,4,84,147,0,0,0,33,0,9,17,182,9,76,0,0,15,28,9,80,6,16,0,27,0,1,58,58,0,0,0,6,0,0,0,2,0,0,0,14,0,0,2,1,0,0,0,0,0,0,0,0,0,0,0,0,0,6,0,0,0,24,0,0,0,0,0,0,0,0,0,0,0,0,0,0,0,6,0,0,0,0,0,0,0,0,0,0,0,0,0,0,0,0,0,0,0,10,0,5,0,2,0,0,0,0,0,5,0,11,0,9,0,0,0,0,0,5,0,8,0,0,0,0,0,9,0,5,0,2,0,4,0,0,0,1,0,0,0,0,0,2,1,10,0,0,0,0,0,4,0,3,10,57,6,3,0,0,0,2,0,15,0,14,0,0,0,0,0,0,0,0,0,0,0,5,0,5,0,0,0,0,0,0,0,5,0,1,0,0,0,0,0,0,1,35,4,33,0,0,5,107,0,21,0,46,0,6,0,25,0,3,0,5,0,0,0,0,0,0,0,9,0,0,0
9,8,77,12,152,115,0,2,8,0,98,103,90,40,170,128,499,0,200,53,0,32,172,34,47,0,253,31,51,1,181,0,90,8,126,0,50,14,0,0,0,0,23,0,21,2,3,0,3,1,68,0,9,0,0,0,0,0,6,0,0,0,150,0,0,0,1,0,0,0,157,0,10,0,47,0,0,0,14,0,86,0,0,0,59,0,51,0,0,0,83,0,0,0,0,0,177,0,316,0,0,0,0,0,0,0,121,0,0,0,0,0,0,0,0,0,0,0,0,0,44,0,0,0,0,0,0,0,0,0,0,0,0,0,0,0,19,0,0,0,22,0,25,0,70,0,3,0,3,0,0,0,0,0,0,0,0,0,0,0,0,0,0,0,9,0,52,0,26,0,0,0,26,0,3,0,29,10,39,0,2,0,0,0,3,0,0,0,0,0,0,0,0,0,0,0,0,0,0,0,0,0,0,0,0,0,0,0,0,0,0,0,0,0,14,0,0,0,6,0,139,0,0,0,33,0,125,0,72,0,77,3,40,0,4,0,25,0,12,0,3,0,27,0,119,0,0,0,0
0,19,1,55,54,100,0,10,0,0,6,80,59,65,51,74,0,173,62,193,32,0,0,235,0,8,28,178,0,43,0,76,0,77,15,83,8,60,0,12,0,0,5,36,1,19,0,0,0,2,18,20,0,6,0,16,0,6,0,3,0,7,0,141,0,3,0,0,0,0,0,25,0,0,0,0,0,0,0,10,0,75,0,14,0,179,0,114,0,0,0,0,0,0,0,14,0,36,0,169,0,44,0,0,0,0,0,0,0,0,0,0,0,0,0,0,0,0,0,0,0,82,0,40,0,0,0,0,0,0,0,6,0,42,0,49,0,84,0,122,0,92,0,174,0,90,0,0,0,0,0,0,0,0,0,31,0,0,0,36,0,6,0,3,0,3,0,18,0,0,0,0,0,10,0,0,2,12,2,4,0,0,0,0,0,2,0,6,0,0,0,0,0,0,0,0,0,0,0,0,0,0,0,0,0,0,0,0,0,0,0,0,0,0,0,0,0,0,0,30,0,76,0,9,0,60,0,90,0,77,0,29,0,94,0,7,0,8,0,5,0,2,0,5,0,43,0,0,0
194,194,631,60,96,16,69,13,8,0,6,65,11,0,255,85,141,104,187,0,172,0,0,162,168,16,57,0,30,5,30,2,36,3,0,0,21,6,26,18,2,0,0,0,11,0,0,0,1,0,0,0,8,0,52,2,0,0,5,0,4,6,49,9,0,1,0,0,0,0,6,0,0,0,0,0,0,0,0,0,10,0,0,0,62,0,18,0,0,0,39,0,0,0,0,0,129,0,0,0,0,0,0,0,0,0,128,0,0,0,0,0,0,0,0,0,0,0,0,0,0,0,12,0,9,0,6,0,0,0,0,0,0,0,69,0,157,0,12,0,20,0,191,0,0,0,14,0,12,0,15,0,5,0,27,0,0,0,4,0,0,1,0,0,0,0,7,0,0,0,5,3,26,10,3,0,12,17,1,0,5,0,6,0,7,0,0,0,0,0,0,0,0,0,0,0,0,0,0,0,137,0,0,0,0,0,0,0,14,0,0,1,0,0,8,0,0,0,0,0,48,6,0,0,0,0,76,10,24,14,26,4,27,6,2,0,0,0,4,0,3,0,6,0,41,0,0,0,0
95,28,44,104,34,28,11,11,3,0,49,48,3,0,121,147,52,121,3,25,34,235,162,0,18,8,0,25,2,39,0,54,8,86,0,4,3,29,5,6,0,0,0,1,0,1,0,0,0,0,0,0,0,0,0,43,0,14,0,9,0,1,3,49,5,1,0,0,0,0,0,0,0,0,0,0,0,0,0,0,0,33,0,0,0,128,0,35,0,0,0,58,0,0,0,0,0,55,0,129,0,27,0,0,0,0,0,58,0,0,0,0,0,0,0,0,0,0,0,0,0,15,0,17,0,5,0,0,1,0,0,8,0,31,0,70,0,62,0,30,0,18,0,40,0,0,0,0,0,2,0,0,0,0,0,0,0,0,0,0,0,3,0,0,0,0,0,15,0,0,0,0,0,4,0,0,4,35,0,5,0,0,1,0,0,3,0,0,0,0,0,0,0,0,0,0,0,0,0,0,0,18,0,0,0,0,0,6,0,7,0,0,0,0,0,4,0,0,0,2,4,37,0,0,0,0,0,114,0,42,0,20,0,38,0,0,0,9,1,1,0,5,0,3,0,31,0,0,0
15,103,84,21,11,0,186,66,38,97,0,0,0,0,60,22,156,61,50,0,47,0,168,18,0,106,23,0,8,0,2,0,0,0,0,0,0,0,7,3,0,0,0,0,0,0,0,0,0,0,0,0,76,11,218,25,50,0,26,3,38,15,385,65,0,0,2,0,0,0,0,0,0,0,0,0,0,0,0,0,0,0,0,0,47,1,0,0,0,0,0,0,0,0,0,0,75,0,0,0,0,0,0,0,0,0,0,0,0,0,0,0,0,0,0,0,0,0,0,0,2,0,8,0,17,0,23,0,12,0,13,0,39,0,81,0,164,0,24,0,0,0,193,0,0,0,30,2,18,0,46,0,0,0,55,0,0,0,17,0,44,0,1,0,3,0,3,0,12,0,54,0,45,3,2,0,7,19,0,0,5,0,0,11,1,0,0,0,0,0,0,0,0,0,0,0,0,0,0,0,112,0,0,0,0,0,0,0,27,0,12,0,2,0,65,2,0,0,0,0,95,5,11,0,13,0,28,0,77,9,30,0,60,0,7,0,0,2,29,0,19,0,19,0,64,0,0,0,0
14,5,0,55,0,1,70,224,148,42,0,0,0,0,0,30,29,58,0,4,0,8,16,8,106,0,0,0,0,15,0,5,1,0,0,0,0,4,0,3,0,0,0,0,0,0,0,0,0,0,0,0,11,24,56,54,0,8,6,10,2,9,54,199,5,0,3,4,0,0,0,1,0,0,0,0,0,0,0,0,0,0,0,0,0,5,0,0,0,0,0,6,0,0,0,0,0,8,0,14,0,3,0,0,0,0,0,11,0,0,0,0,0,0,0,0,0,0,0,0,0,0,0,0,0,15,0,3,0,6,0,8,0,48,0,30,0,66,0,8,0,5,0,0,3,0,0,0,0,1,0,3,0,0,0,3,0,7,0,5,0,9,0,0,0,0,0,0,0,1,0,4,0,11,1,0,6,11,0,0,0,0,1,1,5,0,0,0,0,0,0,0,0,0,0,0,0,0,0,0,0,9,0,0,0,0,0,0,0,5,0,2,0,2,1,0,0,0,0,3,0,46,0,0,0,1,0,2,0,38,0,0,0,16,0,2,0,0,0,0,0,0,3,0,0,0,0,0,0
0,0,25,0,51,7,0,0,17,0,27,0,77,209,137,11,0,0,194,84,253,28,57,0,23,0,0,224,32,0,14,2,8,0,71,0,55,0,0,0,88,115,147,17,243,19,109,76,49,2,252,0,2,0,0,0,0,0,0,0,6,0,34,0,4,0,0,0,0,0,0,0,0,0,10,0,0,0,0,0,0,0,0,0,0,0,0,0,0,0,0,0,0,0,0,0,0,0,0,0,0,0,0,0,0,0,0,0,0,0,0,0,0,0,0,0,0,0,0,0,0,0,0,0,7,0,0,0,0,0,0,0,0,0,0,0,0,0,0,0,10,0,0,0,46,0,0,0,11,0,0,0,0,0,0,0,0,0,5,0,0,0,0,0,47,0,10,0,41,0,0,0,31,0,0,0,20,27,11,0,0,0,0,0,5,0,13,21,0,0,0,0,0,0,0,0,0,0,0,0,0,0,0,0,0,0,0,0,0,0,0,0,0,0,0,0,0,0,254,10,27,0,40,0,304,0,24,0,20,0,0,0,0,0,0,1,0,1,0,0,0,0,2,0,0,0,0,0,0
0,147,0,41,39,119,0,20,0,11,0,171,292,160,14,90,1,13,206,147,31,178,0,25,0,0,224,0,0,9,0,23,0,14,19,92,0,88,0,4,131,154,55,274,56,238,61,172,5,24,65,205,0,0,0,11,0,0,0,0,0,4,0,14,0,14,0,3,0,0,0,0,0,0,0,0,0,0,0,0,0,0,0,0,0,0,0,0,0,0,0,0,0,1,0,0,0,0,0,0,0,0,0,0,0,0,0,0,0,0,0,0,0,0,0,0,0,0,0,0,0,0,0,0,0,0,0,0,0,0,0,10,0,0,0,17,0,0,0,0,0,0,0,15,0,21,0,1,0,17,0,8,0,0,0,0,0,0,0,6,0,4,0,4,0,18,0,10,0,10,0,0,0,0,0,0,7,122,4,6,0,0,0,0,0,11,4,47,0,0,0,0,0,0,0,0,0,0,0,0,0,0,0,0,0,0,0,0,0,3,0,0,0,1,0,3,0,0,23,321,7,26,0,46,0,309,0,50,0,59,0,0,0,21,0,0,0,0,0,0,0,0,0,0,0,0,0,0,0
126,0,203,0,30,0,0,0,0,0,6,0,0,0,3,0,148,0,7,0,51,0,30,2,8,0,32,0,0,0,48,0,18,0,15,0,7,0,6,0,0,0,11,0,3,0,0,0,0,0,20,0,2,0,0,0,2,0,0,0,1,0,32,0,0,0,0,0,0,0,44,0,0,0,8,0,0,0,0,0,25,0,0,0,13,0,0,0,0,0,17,0,0,0,0,0,46,0,98,0,0,0,0,0,1,0,17,0,0,0,0,0,0,0,0,0,0,0,0,0,18,0,0,0,0,0,0,0,0,0,0,0,0,0,0,0,0,0,12,0,0,0,0,0,50,0,0,0,0,0,0,0,0,0,5,0,4,0,1,0,0,0,1,0,0,0,0,0,0,0,0,0,0,0,0,0,0,0,0,0,0,0,0,0,0,0,0,0,0,0,0,0,0,0,0,0,0,0,0,0,7,0,0,0,0,0,0,0,0,0,0,0,0,0,0,0,0,0,0,0,0,0,0,0,0,0,6,0,0,0,0,0,0,0,0,0,0,0,6,0,0,0,0,0,0,0,0,0,0
4,225,0,310,0,16,0,36,0,0,0,35,0,0,3,12,2,220,0,0,1,43,5,39,0,15,0,9,0,0,0,40,0,28,0,6,0,8,0,6,0,0,0,6,0,0,0,0,0,0,0,6,0,5,0,3,0,6,0,0,0,7,0,27,0,0,0,0,0,0,0,0,0,0,0,0,0,0,0,0,0,6,0,0,0,15,0,7,0,0,0,12,0,0,0,0,0,0,0,15,0,6,0,0,0,0,0,0,0,0,0,0,0,0,0,0,0,0,0,0,0,5,0,0,0,3,0,0,0,5,0,0,0,0,0,15,0,24,0,36,0,17,0,24,0,6,0,0,0,4,0,2,0,3,0,24,0,5,0,26,0,2,0,0,0,1,0,0,0,0,0,0,0,0,0,0,0,11,0,0,0,0,0,0,0,3,0,0,0,0,0,0,0,0,0,0,0,0,0,2,0,4,0,0,0,0,0,0,0,0,0,0,0,0,0,0,0,0,0,0,0,0,0,0,0,0,0,9,0,2,0,4,0,7,0,1,0,0,0,2,0,1,0,0,0,11,0,0,0
46,1,110,1,123,18,5,0,2,0,96,0,24,0,44,22,96,1,12,0,181,0,30,0,2,0,14,0,48,0,0,0,22,2,15,0,37,0,4,0,2,0,13,0,2,0,0,0,0,0,35,0,0,0,0,0,2,0,0,0,0,0,29,0,1,0,0,0,0,0,47,0,5,0,0,0,0,0,0,0,0,0,0,0,8,0,16,0,0,0,20,0,0,0,0,0,30,0,98,0,0,0,0,0,0,0,0,0,0,0,0,0,0,0,0,0,0,0,0,0,13,0,3,0,0,0,0,0,0,0,0,0,0,0,0,0,1,0,4,0,0,0,0,0,24,0,0,0,0,0,0,0,0,0,1,0,0,0,0,0,0,0,0,0,0,0,21,0,0,0,4,0,9,0,0,0,10,4,4,0,1,0,1,0,0,0,0,0,0,0,0,0,0,0,0,0,0,0,0,0,0,0,0,0,0,0,0,0,0,0,1,0,0,0,5,0,0,0,0,0,46,0,0,0,0,0,39,0,26,0,18,0,5,0,0,0,0,0,0,0,1,0,0,0,24,0,0,0,0
0,37,0,69,3,97,0,4,0,0,2,74,0,12,0,43,0,24,0,33,0,76,2,54,0,5,2,23,0,40,0,0,0,7,1,21,0,31,0,12,0,0,0,23,0,0,0,0,0,0,0,11,0,0,0,5,0,0,0,0,0,0,0,26,0,0,0,0,0,0,0,0,0,0,0,0,0,0,0,0,0,18,0,0,0,44,0,24,0,0,0,0,0,0,0,3,0,0,0,35,0,0,0,0,0,0,0,0,0,0,0,0,0,0,0,0,0,0,0,0,0,0,0,13,0,0,0,0,0,0,0,0,0,10,0,0,0,20,0,30,0,16,0,45,0,24,0,0,0,0,0,0,0,0,0,1,0,5,0,10,0,0,0,0,0,2,0,12,0,2,0,0,0,0,0,0,0,9,0,2,0,0,0,0,0,0,0,1,0,0,0,0,0,0,0,0,0,0,0,0,0,0,0,0,0,0,0,0,0,0,0,1,0,0,0,0,0,0,0,12,0,52,0,0,0,10,0,32,0,33,0,14,0,42,0,2,0,5,0,0,0,1,0,3,0,8,0,0,0
180,2,248,0,174,9,0,0,6,0,241,9,25,0,44,11,123,0,10,0,90,0,36,8,0,1,8,0,18,0,22,0,0,2,31,0,80,0,0,0,0,0,12,0,1,0,0,0,0,0,24,0,2,0,0,0,0,0,0,0,3,0,12,0,0,0,0,0,0,0,11,0,0,0,0,0,0,0,0,0,0,0,0,0,0,0,3,0,0,0,0,0,0,0,0,0,0,0,0,0,0,0,0,0,0,0,0,0,0,0,0,0,0,0,0,0,0,0,0,0,0,0,0,0,0,0,0,0,0,0,0,0,0,0,0,0,0,0,0,0,0,0,2,0,13,0,0,0,6,0,0,0,1,0,2,0,0,0,3,0,0,0,0,0,0,0,13,1,0,0,0,0,6,0,0,0,3,0,0,0,0,0,4,0,1,0,0,0,0,0,0,0,0,0,0,0,0,0,2,0,0,0,0,0,0,0,0,0,0,0,0,0,2,0,0,0,0,0,0,0,17,0,0,0,0,0,34,0,5,0,0,0,7,0,0,0,0,0,0,0,1,0,0,0,16,1,0,0,0
0,128,0,189,7,192,0,0,0,5,2,227,0,5,22,55,0,18,0,9,8,77,3,86,0,0,0,14,0,28,2,7,2,0,0,14,0,72,0,7,0,0,0,14,0,2,0,1,0,0,0,7,0,0,0,3,0,0,0,1,0,8,0,10,0,0,0,0,0,0,0,0,0,0,0,0,0,0,0,0,0,14,0,0,0,23,0,0,0,0,0,0,0,0,0,0,0,0,0,22,0,0,0,0,0,0,0,2,0,0,0,0,0,0,0,0,0,0,0,0,0,13,0,5,0,0,0,0,0,0,0,0,0,0,0,0,0,11,0,0,0,11,0,0,0,10,0,0,0,6,0,0,0,3,0,0,0,5,0,0,0,0,0,0,0,0,0,25,0,0,0,0,0,2,0,0,0,40,0,15,0,0,0,4,0,0,0,0,0,0,0,0,0,0,0,0,0,0,0,0,0,0,0,0,0,0,0,0,0,0,0,0,0,0,0,0,0,0,0,0,0,69,0,1,1,8,0,34,0,38,0,7,0,32,0,1,0,4,0,0,0,0,0,0,0,9,0,0,0
5,0,0,0,56,15,0,0,0,0,16,0,131,17,29,11,21,1,101,17,126,15,0,0,0,0,71,19,15,0,15,1,31,0,0,0,63,0,1,0,0,0,22,0,14,0,0,0,4,0,22,0,0,0,0,0,1,0,0,0,0,0,9,0,0,0,0,0,1,0,62,0,2,0,11,0,0,0,0,0,0,0,0,0,0,0,17,0,0,0,0,0,0,0,0,0,0,0,0,0,0,0,0,0,0,0,0,0,0,0,0,0,0,0,0,0,0,0,0,0,0,0,0,0,0,0,1,0,0,0,0,0,0,0,0,0,0,0,0,0,7,0,0,0,28,0,0,0,0,0,0,0,0,0,0,0,0,0,0,0,0,0,0,0,0,0,58,0,0,0,0,0,19,0,0,0,14,5,60,0,0,0,0,0,0,0,0,0,0,0,0,0,0,0,0,0,0,0,0,0,0,0,0,0,0,0,0,0,0,0,3,0,0,0,0,0,1,0,8,0,72,0,5,0,56,1,65,0,47,0,12,0,0,0,0,0,17,2,5,0,0,0,0,0,53,0,0,0,0
0,0,0,5,6,45,0,1,0,0,0,65,12,146,7,5,0,6,28,182,0,83,0,4,0,0,0,92,0,6,0,21,0,14,0,0,0,61,0,2,0,0,0,11,0,9,0,0,0,2,0,20,0,0,0,3,0,0,0,0,0,0,0,7,0,0,0,0,0,0,0,10,0,0,0,0,0,0,0,0,0,0,0,2,0,17,0,0,0,0,0,0,0,0,0,0,0,0,0,0,0,0,0,0,0,0,0,0,0,0,0,0,0,0,0,0,0,0,0,0,0,11,0,0,0,0,0,0,0,0,0,0,0,6,0,0,0,0,0,16,0,7,0,23,0,18,0,0,0,0,0,0,0,0,0,0,0,5,0,0,0,2,0,0,0,4,0,17,0,4,0,0,0,2,0,0,0,20,1,3,0,0,0,0,0,0,0,9,0,0,0,0,0,0,0,0,0,0,0,0,0,0,0,0,0,0,0,0,0,0,0,0,0,0,0,2,0,0,0,28,0,41,0,0,0,56,1,32,0,39,0,12,1,0,0,0,0,0,0,2,0,0,0,0,0,9,0,0,0
97,0,94,0,170,24,6,0,3,0,226,28,76,9,98,18,18,1,39,9,50,8,21,3,0,0,55,0,7,0,37,0,80,0,63,0,0,4,33,0,2,0,31,0,38,0,0,0,4,0,70,0,3,0,0,0,2,0,1,0,9,0,21,0,0,0,0,0,0,0,84,0,0,0,0,0,0,0,0,0,20,0,0,0,0,0,16,0,0,0,0,0,0,0,0,0,0,0,0,0,0,0,0,0,0,0,0,0,0,0,0,0,0,0,0,0,0,0,0,0,0,0,0,0,0,0,0,0,0,0,0,0,0,0,0,0,0,0,46,0,16,0,0,0,66,0,0,0,0,0,0,0,0,0,10,0,12,0,2,0,3,0,11,0,14,0,43,0,49,0,14,0,52,0,0,0,12,5,20,0,0,0,8,0,3,0,2,0,0,0,0,0,0,0,0,0,0,0,0,0,0,0,0,0,0,0,0,0,0,0,0,0,0,0,9,0,0,0,3,0,84,0,0,0,38,0,38,0,82,0,21,1,0,0,5,0,0,1,5,1,2,0,7,0,34,0,0,0,0
0,157,4,46,7,185,0,13,0,7,4,219,15,102,18,54,2,8,9,76,14,60,6,29,0,4,0,88,0,8,0,31,0,72,0,61,4,0,0,8,0,2,1,94,0,15,0,0,0,1,0,56,0,1,0,0,0,0,0,0,0,30,0,22,0,0,0,0,0,0,0,8,0,0,0,0,0,0,0,4,0,23,0,0,0,41,0,27,0,0,0,0,0,0,0,0,0,0,0,32,0,0,0,0,0,0,0,0,0,0,0,0,0,0,0,0,0,0,0,0,0,21,0,17,0,0,0,0,0,4,0,0,0,8,0,6,0,28,0,42,0,37,0,51,0,76,0,0,0,0,0,3,0,5,0,12,0,28,0,11,0,0,0,0,0,3,0,32,0,7,0,3,0,10,0,0,3,69,0,7,0,0,0,3,0,0,0,6,0,0,0,0,0,0,0,0,0,0,0,0,0,0,0,0,0,0,0,0,0,0,0,0,0,0,0,0,0,0,0,18,0,100,0,5,2,80,0,77,0,102,0,0,0,19,0,4,0,6,0,0,0,0,0,0,2,0,0,0,0
417,4,252,0,15,0,25,0,14,0,13,0,0,0,0,1,140,4,0,0,0,0,26,5,7,0,0,0,6,0,4,0,0,0,1,0,33,0,0,0,0,0,3,0,0,0,0,0,0,0,0,0,4,0,0,0,0,0,1,0,2,1,33,0,0,0,0,0,0,0,30,0,0,0,8,0,0,0,0,0,19,0,0,0,0,0,0,0,0,0,0,0,0,0,0,0,0,0,55,0,0,0,0,0,0,0,0,0,0,0,0,0,0,0,0,0,0,0,0,0,9,0,0,0,0,0,0,0,0,0,0,0,0,0,0,0,0,0,20,0,10,0,0,0,38,0,0,0,3,0,0,0,0,0,5,0,12,0,0,0,3,0,5,0,0,0,0,0,0,0,0,0,53,1,2,0,5,0,0,0,0,0,8,0,0,0,0,0,0,0,0,0,0,0,0,0,0,0,0,0,0,0,0,0,0,0,0,0,0,0,3,0,0,0,32,0,0,0,0,0,59,0,0,0,0,0,71,0,10,0,35,0,51,0,0,0,7,0,25,0,13,0,17,0,70,0,0,0,0
17,405,7,257,1,8,0,43,4,9,1,48,0,0,1,33,7,90,0,0,0,12,18,6,3,3,0,4,0,6,0,12,0,7,0,2,0,8,0,0,0,0,0,2,0,0,0,0,0,0,0,0,0,7,0,3,0,3,0,0,0,9,2,22,0,0,0,0,0,0,0,0,0,0,0,0,0,0,0,0,0,0,0,0,0,4,0,0,0,0,0,0,0,0,0,0,0,0,0,0,0,0,0,0,0,0,0,2,0,0,0,0,0,0,0,0,0,0,0,0,0,0,0,0,0,0,0,0,0,3,0,0,0,6,0,3,0,17,0,29,0,13,0,9,0,12,0,0,0,4,0,0,0,4,0,17,0,9,0,37,0,0,0,0,0,0,0,1,0,0,0,2,0,15,0,0,0,50,0,1,0,0,0,15,0,7,0,0,0,0,0,0,0,0,0,0,0,0,0,0,0,0,0,0,0,0,0,0,0,0,0,0,0,0,0,8,0,0,0,0,0,45,0,0,0,1,0,64,0,13,0,8,0,51,0,0,0,1,0,7,0,1,0,5,0,23,0,0,0
44,2,22,0,60,0,0,0,19,0,75,0,191,71,40,1,0,0,38,15,0,0,2,0,0,0,88,131,0,0,2,0,0,0,0,0,2,0,0,0,0,204,8,10,18,9,35,166,161,16,0,4,0,0,0,0,0,0,0,0,0,0,1,0,1,0,0,0,0,0,0,0,0,0,0,0,0,0,0,0,0,0,0,0,0,0,0,0,0,0,0,0,0,0,0,0,0,0,0,0,0,0,0,0,0,0,0,0,0,0,0,0,0,0,0,0,0,0,0,0,0,0,0,0,1,0,0,0,0,0,5,0,0,0,4,0,2,0,0,0,0,0,0,0,0,0,0,0,0,0,0,0,0,0,0,1,1,0,0,0,0,0,0,0,0,0,0,0,0,0,0,0,0,0,0,0,16,22,31,0,5,0,0,0,5,0,39,11,0,0,0,0,0,0,0,0,1,0,0,0,0,0,0,0,0,0,0,0,1,0,0,0,0,0,0,0,0,0,217,52,0,0,51,50,17,0,0,0,0,0,0,0,0,0,0,0,0,0,0,0,0,0,0,0,0,0,0,0,0
0,93,0,8,0,17,0,0,0,4,0,194,80,369,0,0,0,0,24,28,0,0,0,0,0,0,115,154,0,0,0,0,0,0,0,0,0,2,0,0,204,0,26,27,78,39,128,147,25,119,9,20,0,0,0,3,0,0,0,0,0,0,0,0,0,0,0,0,0,0,0,0,0,0,0,0,0,0,0,0,0,2,0,0,0,0,0,0,0,0,0,0,0,0,0,0,0,0,0,2,0,0,0,0,0,0,0,0,0,0,0,0,0,0,0,0,0,4,0,0,0,0,0,0,0,0,0,0,0,0,0,0,0,0,0,0,0,0,0,0,0,0,0,0,0,0,0,1,0,4,0,0,0,2,0,0,0,0,0,0,0,0,0,0,0,42,0,0,0,0,0,0,0,0,0,5,0,147,0,5,0,0,0,0,0,3,6,43,0,0,0,0,0,0,0,0,0,0,0,0,0,0,0,0,0,0,0,0,0,0,0,0,0,0,0,0,0,4,130,147,0,0,0,344,0,15,0,0,0,0,0,0,0,0,0,0,0,0,0,0,0,0,0,0,0,0,0,0,0
4,0,0,0,8,0,0,0,1,0,7,0,60,54,6,0,8,0,25,9,23,5,0,0,0,0,147,55,11,0,13,0,12,0,22,0,31,1,3,0,8,26,0,0,104,0,26,10,32,2,63,3,1,0,0,0,1,0,1,0,0,0,9,0,1,0,0,0,0,0,20,0,0,0,0,0,4,0,0,0,0,0,3,0,0,0,10,0,1,0,0,0,0,0,0,0,0,0,0,0,3,0,0,0,0,0,0,0,0,0,0,0,0,0,0,0,0,0,0,0,6,0,0,0,0,0,0,0,0,0,0,0,0,0,0,0,0,0,0,0,12,0,0,0,18,0,0,0,0,0,0,0,0,0,6,0,0,0,3,0,0,0,5,0,15,0,30,0,23,0,1,0,15,0,0,0,6,7,34,0,0,0,0,0,0,0,5,2,0,0,0,0,0,0,0,0,0,0,0,0,0,0,0,0,0,0,0,0,0,0,0,0,0,0,0,0,0,0,79,2,9,0,20,1,96,0,6,0,3,1,4,0,0,0,0,0,0,0,2,0,0,0,1,0,6,0,0,0,0
0,0,0,0,0,13,0,0,0,0,1,0,35,180,0,6,0,0,26,80,0,36,0,1,0,0,17,274,0,6,0,23,0,14,0,11,0,94,0,2,10,27,0,0,4,101,0,31,0,36,0,22,0,0,0,3,0,0,0,2,0,0,0,5,0,0,0,0,0,0,1,2,0,0,0,0,0,0,0,0,0,0,0,0,0,15,0,0,0,0,0,0,0,0,0,0,0,0,0,0,0,0,0,1,0,0,0,0,0,0,0,0,0,0,0,0,0,0,0,0,0,8,0,2,0,0,0,0,0,0,0,0,0,0,0,0,0,0,0,0,0,0,0,9,0,13,0,0,0,0,0,0,0,0,0,0,0,4,0,0,0,0,0,0,0,8,0,8,0,8,0,0,0,3,0,0,0,23,0,2,0,0,0,0,0,0,0,29,0,0,0,0,0,0,0,0,0,0,0,0,0,0,0,0,0,0,0,0,0,0,0,0,0,0,0,0,0,0,1,77,0,23,0,10,0,117,0,14,0,31,0,0,0,0,0,2,0,0,0,0,0,0,0,0,0,0,0,0,0
2,0,3,0,0,1,0,0,3,0,4,0,7,30,11,0,9,0,16,6,21,1,11,0,0,0,243,56,3,0,2,0,1,0,14,0,38,0,0,0,18,78,104,4,0,5,57,65,94,2,107,0,0,0,2,0,0,0,0,0,5,0,8,0,0,0,0,0,9,0,0,0,0,0,0,0,15,0,6,0,0,0,0,0,0,0,12,0,0,0,0,0,0,0,8,0,9,0,11,0,0,0,5,0,6,0,15,0,0,0,0,0,0,0,0,0,0,0,0,0,0,0,0,0,0,0,0,0,0,0,0,0,0,0,0,0,0,0,1,0,1,0,0,0,0,0,0,0,0,0,0,0,2,0,0,0,0,0,0,0,0,0,0,0,29,0,18,0,36,0,2,0,11,0,0,0,4,8,13,0,0,0,0,0,0,0,8,11,0,0,7,0,0,0,0,0,0,0,0,0,0,0,0,0,0,0,0,0,0,0,0,0,2,0,0,0,5,0,152,0,6,0,98,18,125,0,3,0,21,0,0,0,0,0,0,0,0,0,2,0,0,0,0,0,0,0,0,0,0
0,0,0,0,0,0,0,0,0,2,0,4,10,38,0,0,0,0,8,16,2,19,0,1,0,0,19,238,0,0,0,0,0,2,0,9,0,15,0,0,9,39,0,101,5,0,0,149,1,50,0,49,0,0,0,0,0,3,0,0,0,0,0,2,0,0,0,0,0,7,0,0,0,0,0,2,0,0,0,3,0,0,0,5,0,9,0,14,0,0,0,0,0,0,0,0,0,0,0,0,0,0,0,4,0,0,0,4,0,0,0,0,0,0,0,0,0,2,0,0,0,15,0,0,0,1,0,0,0,0,0,0,0,0,0,0,0,0,0,1,0,0,0,6,0,13,0,0,0,0,0,1,0,0,0,2,0,0,0,0,0,0,0,4,0,41,0,20,0,23,0,3,0,2,0,0,0,11,0,0,0,0,0,0,0,1,1,43,0,0,0,0,0,0,0,0,0,0,0,0,0,0,0,0,0,0,0,0,0,0,0,0,0,0,0,0,0,14,9,170,0,19,2,125,0,76,0,9,0,57,0,0,0,6,0,0,0,0,0,2,0,0,0,0,0,0,0,0,0
11,1,10,0,25,2,0,0,7,0,16,0,50,26,22,0,0,1,45,0,3,0,0,0,0,0,109,61,0,0,0,0,0,0,0,0,0,0,0,0,35,128,26,0,57,0,0,63,73,3,3,2,0,0,0,0,0,0,0,0,0,0,0,0,0,0,0,0,0,0,0,0,0,0,0,0,0,0,0,0,0,0,0,0,0,0,0,0,0,0,0,0,0,0,0,0,0,0,0,0,0,0,0,0,0,0,0,0,0,0,0,0,0,0,0,0,0,0,0,0,0,0,0,0,1,0,0,0,0,0,0,0,0,0,0,0,0,0,0,0,0,0,0,0,0,0,0,0,3,0,0,0,0,0,1,0,0,0,0,0,1,0,0,0,9,0,1,0,0,0,0,0,0,0,0,0,2,9,0,0,1,0,0,0,4,0,4,5,0,0,0,0,0,0,0,0,0,0,0,0,0,0,0,0,0,0,0,0,0,0,0,0,0,0,0,0,0,0,320,26,0,0,84,19,46,0,0,0,0,0,1,0,0,0,0,0,0,0,0,0,0,0,0,0,0,0,0,0,0
0,35,0,0,0,27,0,0,0,0,0,51,57,140,0,0,0,0,0,27,0,0,0,0,0,0,76,172,0,0,0,0,0,1,0,0,0,0,0,0,166,147,10,31,65,149,63,0,33,61,0,33,0,0,0,0,0,0,0,0,0,0,0,0,0,0,0,0,0,4,0,0,0,0,0,0,0,0,0,0,0,0,0,0,0,0,0,0,0,0,0,0,0,0,0,0,0,0,0,6,0,0,0,0,0,0,0,0,0,0,0,0,0,0,0,0,0,1,0,0,0,0,0,0,0,0,0,0,0,0,0,0,0,0,0,0,0,3,0,0,0,0,0,0,0,0,0,0,0,0,0,0,0,0,0,0,0,0,0,0,0,0,0,0,0,51,0,0,0,19,0,0,0,0,0,0,0,53,0,1,0,0,0,0,0,0,6,8,0,0,0,0,0,0,0,0,0,0,0,0,0,0,0,0,0,0,0,0,0,0,0,2,0,0,0,0,0,0,58,254,0,1,9,265,0,0,0,2,0,0,0,0,0,0,0,1,0,1,0,0,0,0,0,0,0,0,0,0,0
8,0,0,0,4,1,6,0,12,0,10,4,93,10,4,0,0,0,8,0,3,0,1,0,0,0,49,5,0,0,0,0,0,0,4,0,4,0,0,0,161,25,32,0,94,1,73,33,0,22,24,1,5,0,0,0,15,0,0,0,0,0,0,0,0,0,0,0,3,0,0,0,0,0,0,0,8,0,4,0,0,0,7,1,0,0,0,0,5,0,0,1,7,0,11,0,0,1,0,0,0,0,14,0,0,0,4,1,0,0,0,0,0,0,0,0,0,0,0,0,0,0,0,0,0,0,0,0,0,0,0,0,3,0,0,0,0,0,0,0,0,1,0,0,0,0,3,0,3,0,0,0,0,0,4,0,5,0,8,0,7,0,0,0,1,1,3,0,5,0,5,0,1,0,0,0,12,11,23,1,0,0,1,0,3,0,61,6,6,0,0,0,0,0,0,0,7,1,6,0,0,0,0,0,10,0,0,0,0,0,0,0,13,0,12,0,11,2,226,19,18,1,161,80,44,1,10,0,60,0,3,0,0,0,8,0,11,0,10,0,7,0,0,0,14,0,0,0,0
0,8,0,0,0,2,0,4,0,3,0,17,4,45,0,2,0,0,0,1,1,2,0,0,0,0,2,24,0,0,0,0,0,0,0,2,0,1,0,0,16,119,2,36,2,50,3,61,22,0,0,3,0,0,0,4,0,4,0,1,0,2,0,0,0,1,0,0,0,15,0,0,0,0,0,3,0,6,0,1,0,0,0,12,0,1,0,0,0,3,0,0,0,3,0,5,0,0,0,0,0,3,0,3,0,0,0,0,0,1,0,0,0,0,0,0,0,3,0,0,0,3,0,4,0,1,0,0,0,0,0,0,0,0,0,0,0,0,0,0,0,2,0,0,0,8,0,0,0,0,0,0,0,1,0,0,0,0,0,0,0,3,0,1,0,20,0,14,0,5,0,3,0,4,0,0,0,46,0,0,0,1,0,0,0,0,0,96,0,0,0,1,0,0,0,0,0,0,0,0,0,2,0,0,0,0,0,0,0,0,0,2,0,2,0,3,0,5,30,54,0,19,17,169,0,10,0,20,0,38,0,0,0,5,0,2,0,0,0,0,0,0,0,1,0,3,0,0,0
0,0,0,0,96,10,0,0,1,0,18,11,222,71,32,4,8,0,131,58,68,18,0,0,0,0,252,65,20,0,35,0,24,0,22,0,70,0,0,0,0,9,63,0,107,0,3,0,24,0,0,0,1,0,0,0,0,0,0,0,2,0,9,0,0,0,0,0,0,0,45,0,0,0,0,0,0,0,0,0,0,0,0,0,9,0,18,0,0,0,6,0,0,0,7,0,0,0,60,0,0,0,0,0,0,0,0,0,0,0,0,0,0,0,0,0,0,0,0,0,0,0,0,0,0,0,0,0,0,0,0,0,0,0,0,0,0,0,0,0,5,0,0,0,25,0,0,0,0,0,0,0,2,0,0,0,0,0,0,0,0,0,7,0,41,0,58,0,50,0,9,0,27,0,0,0,18,7,110,0,1,0,0,0,0,0,7,0,0,0,0,0,0,0,0,0,0,0,0,0,0,0,0,0,0,0,0,0,0,0,0,0,0,0,5,0,0,0,34,2,46,0,10,0,185,0,27,0,56,0,7,0,0,0,0,0,14,2,0,0,0,0,2,0,26,0,0,0,0
0,0,0,0,0,16,0,0,0,0,0,9,23,103,0,4,0,2,9,58,0,20,0,0,0,0,0,205,0,6,0,11,0,7,0,20,0,56,0,0,4,20,3,22,0,49,2,33,1,3,0,0,0,2,0,3,0,0,0,0,0,0,0,6,0,1,0,0,0,0,0,4,0,0,0,0,0,4,0,0,0,5,0,2,0,7,0,0,0,0,0,0,0,0,0,1,0,0,0,10,0,0,0,0,0,0,0,1,0,0,0,0,0,0,0,0,0,0,0,0,0,3,0,0,0,0,0,0,0,0,0,0,0,2,0,0,0,0,0,0,0,0,0,5,0,10,1,0,0,0,0,0,0,0,0,4,0,0,0,0,0,0,0,0,0,3,0,8,0,12,0,1,0,3,0,0,1,8,0,0,0,0,0,0,0,1,0,32,0,0,0,0,0,0,0,0,0,3,0,0,0,0,0,0,0,0,0,0,0,0,0,0,0,0,0,0,0,5,0,22,0,12,0,0,0,57,0,10,0,33,0,2,0,0,0,0,0,0,0,0,0,0,0,0,0,2,0,0,0
0,0,7,0,7,0,109,4,119,30,0,0,0,1,17,0,106,0,4,0,9,0,8,0,76,11,2,0,2,0,0,0,2,0,0,0,3,0,4,0,0,0,1,0,0,0,0,0,5,0,1,0,0,3,165,37,75,13,94,57,52,0,68,0,10,0,66,121,0,0,14,0,0,0,14,0,0,0,0,0,14,0,0,0,41,0,0,0,1,0,5,0,0,0,0,0,59,0,0,0,0,0,0,0,5,0,23,0,0,0,0,0,0,0,0,0,0,0,0,0,0,0,32,0,0,0,1,0,32,0,14,0,19,0,6,0,107,0,161,3,34,0,131,0,52,0,2,0,4,2,0,0,2,0,216,0,59,0,185,0,58,0,12,0,2,0,0,0,25,0,34,0,8,0,0,0,3,4,0,0,0,0,0,0,2,12,0,0,0,0,0,0,0,0,0,0,0,0,2,0,36,0,0,0,0,0,0,0,0,0,8,0,8,0,216,1,0,0,17,0,151,0,48,0,57,0,79,0,122,1,22,0,160,5,25,0,0,0,73,0,21,0,39,0,249,0,0,0,0
0,2,0,0,0,0,9,13,15,78,0,0,0,0,0,0,0,18,0,0,0,6,0,0,11,24,0,0,0,5,0,0,0,0,0,0,0,1,0,7,0,0,0,0,0,0,0,0,0,0,0,2,3,0,11,22,2,36,15,26,0,22,6,36,0,0,6,40,0,0,0,1,0,0,0,0,0,0,0,0,0,0,0,0,0,28,0,5,0,0,0,11,0,0,0,0,0,11,0,10,0,0,0,0,0,0,0,0,0,0,0,0,0,1,0,0,0,0,0,0,0,2,0,1,0,3,0,2,0,23,0,13,0,33,0,34,0,72,0,92,0,28,0,40,2,17,0,0,0,0,0,1,0,0,2,143,0,85,0,71,0,11,0,0,0,0,0,0,0,3,0,9,0,5,0,0,1,64,0,0,0,0,0,15,0,39,0,0,0,0,0,0,0,0,0,0,0,0,0,2,0,3,0,0,0,0,0,0,0,0,0,0,0,0,0,43,0,0,0,0,0,80,0,11,0,3,0,0,0,44,0,0,0,113,0,30,0,0,0,3,0,0,0,0,0,18,0,0,0
2,0,21,0,0,0,218,12,39,115,0,0,0,0,0,0,7,2,0,0,0,0,52,0,218,56,0,0,0,0,0,0,0,0,0,0,0,0,0,0,0,0,0,0,2,0,0,0,0,0,0,0,165,11,0,105,33,14,63,51,22,0,23,16,7,0,48,142,0,0,0,0,2,0,0,0,0,0,0,0,0,0,0,0,0,0,0,0,0,0,1,0,0,0,0,0,0,0,0,0,0,0,0,0,0,0,0,0,0,0,0,0,0,0,0,0,0,0,0,0,0,0,0,0,3,0,5,0,15,0,8,0,13,0,18,0,26,0,4,0,5,0,40,0,0,0,5,0,5,0,2,0,1,0,60,0,28,0,19,0,94,0,0,0,0,0,2,0,21,0,48,0,9,0,0,0,8,5,0,0,0,1,0,0,5,19,0,0,0,0,0,0,0,0,0,0,0,0,0,0,15,0,0,0,0,0,0,0,6,0,12,0,0,0,144,0,0,0,12,0,125,8,47,0,47,1,44,3,107,0,11,0,68,4,14,0,2,0,69,2,18,0,16,0,99,8,0,0,0
0,9,0,60,0,3,38,74,123,51,0,3,0,4,0,72,1,49,0,6,0,16,2,43,25,54,0,11,0,3,0,5,0,3,0,3,0,0,0,3,0,3,0,3,0,0,0,0,0,4,0,3,37,22,105,0,10,163,60,49,5,13,30,46,0,8,105,26,0,0,0,0,0,1,0,0,0,0,0,0,0,0,0,0,0,0,0,0,0,0,0,0,0,0,0,0,0,3,0,1,0,0,0,1,0,0,0,0,0,0,0,0,0,0,0,0,0,0,0,0,0,0,0,0,0,20,0,0,0,19,0,49,0,27,0,25,0,32,0,9,0,3,0,4,0,0,3,0,0,0,1,0,1,3,0,34,2,28,0,11,2,53,0,0,0,4,0,0,0,18,0,67,0,13,0,1,4,23,0,0,0,0,0,0,11,24,0,0,0,0,0,0,0,0,0,0,0,0,0,2,0,4,0,0,0,0,0,2,0,5,0,5,0,3,0,213,0,0,0,10,0,308,0,55,0,14,1,22,0,350,0,2,0,226,0,46,0,9,0,19,0,1,0,2,0,64,0,0,0
0,3,0,1,0,0,9,2,5,4,0,0,0,0,0,0,3,0,0,0,0,0,0,0,50,0,0,0,2,0,2,0,0,0,1,0,2,0,0,0,0,0,1,0,0,0,0,0,15,0,0,0,75,2,33,10,0,14,250,23,4,0,0,0,80,17,50,51,0,0,0,0,0,0,0,0,0,0,0,0,0,0,0,0,1,0,0,0,0,0,0,0,0,0,0,0,1,0,0,0,0,0,0,0,0,0,0,0,0,0,0,0,0,0,1,0,0,0,0,0,0,0,0,0,5,0,13,0,20,0,46,0,16,0,7,0,7,0,1,0,0,0,16,0,0,0,18,0,7,0,0,0,0,0,131,17,46,0,83,7,363,11,0,0,0,0,0,0,29,0,30,0,0,0,5,3,4,0,0,0,0,6,0,0,6,8,0,0,0,0,0,0,0,0,0,0,0,0,0,0,1,0,0,0,0,0,0,0,0,0,25,0,21,0,310,0,1,0,32,1,326,2,130,0,107,0,84,1,193,1,17,1,320,3,230,3,0,0,103,0,7,0,26,0,239,0,0,0,0
0,4,0,11,0,2,1,13,10,15,0,0,0,1,0,13,0,31,0,0,0,6,0,14,0,8,0,0,0,6,0,0,0,0,0,0,0,0,0,3,0,0,0,0,0,3,0,0,0,4,0,0,13,36,14,163,14,0,49,114,0,9,0,14,13,22,83,27,0,0,0,0,0,0,0,0,0,0,0,0,0,0,0,0,0,0,0,0,0,0,0,0,0,0,0,0,0,0,0,0,0,0,0,0,0,0,0,0,0,0,0,0,0,0,0,1,0,0,0,0,0,0,0,0,0,17,0,7,0,31,0,87,0,46,0,11,0,31,1,9,0,3,0,0,2,0,0,0,0,0,0,5,0,0,6,236,0,55,1,106,0,101,0,14,0,0,0,0,0,35,0,89,0,7,0,0,1,0,0,0,0,0,0,0,0,16,0,0,0,0,0,0,0,0,0,0,0,0,0,1,0,0,0,0,0,0,0,0,0,5,0,0,0,5,0,223,0,0,0,17,0,308,0,90,0,19,0,60,1,513,0,6,0,283,1,327,0,3,0,19,0,3,0,7,2,77,0,0,0
0,0,0,0,0,0,16,0,27,17,0,0,1,0,0,0,0,5,0,0,6,0,5,0,26,6,0,0,0,0,0,0,0,0,0,0,1,0,1,0,0,0,1,0,0,0,0,0,0,0,0,0,94,15,63,60,250,49,0,96,21,0,13,5,167,29,388,173,0,0,0,0,0,0,0,0,0,0,0,0,0,1,0,0,0,0,0,0,0,0,0,0,0,0,0,0,0,0,0,0,0,0,0,0,0,0,0,0,0,0,0,0,0,0,1,0,0,0,0,0,0,1,0,0,6,0,5,0,1,0,38,0,2,0,0,0,3,0,2,0,0,0,0,0,0,1,12,0,23,0,8,0,3,0,91,33,74,4,8,18,77,0,0,0,0,0,1,0,11,0,44,0,8,0,0,4,95,4,0,0,6,10,0,0,41,37,0,0,0,0,0,0,0,0,0,0,0,0,0,0,2,0,0,0,0,0,0,0,0,0,0,0,0,0,307,2,0,0,12,0,230,3,52,0,55,2,78,0,96,0,31,0,325,3,128,0,6,0,144,0,36,0,61,0,312,0,0,0,0
1,3,0,8,0,0,0,13,0,75,0,5,0,0,0,15,2,3,0,2,0,3,0,9,3,10,0,0,0,0,0,0,0,1,0,0,0,0,0,0,0,0,0,2,0,0,0,0,0,1,0,0,57,26,51,49,23,114,96,0,2,16,6,11,18,156,125,166,0,0,0,0,0,1,0,0,0,0,0,0,0,0,0,1,0,0,0,0,0,0,0,0,0,0,0,0,0,0,0,0,0,0,0,0,0,0,0,0,0,0,0,0,0,0,0,0,0,0,0,0,0,0,0,0,0,9,0,3,0,0,1,76,0,5,0,0,0,0,0,0,0,0,0,0,3,8,0,6,0,6,0,7,0,0,17,106,1,112,0,17,0,99,0,4,0,5,0,1,0,7,0,18,0,2,0,0,0,14,0,0,0,0,0,0,3,61,0,0,0,0,0,0,0,0,0,0,0,0,0,0,0,0,0,1,0,1,0,0,0,2,0,0,0,0,0,319,0,0,0,0,0,315,0,71,0,13,3,114,1,307,0,10,0,567,1,316,0,5,0,50,0,4,0,8,1,221,0,0,0
76,2,54,1,0,0,149,2,172,0,0,0,0,0,6,0,44,0,0,0,0,0,4,0,38,2,6,0,1,0,0,0,3,0,0,0,9,0,2,0,0,0,0,0,5,0,0,0,0,0,2,0,52,0,22,5,4,0,21,2,0,0,54,0,0,0,19,0,0,0,27,0,0,0,3,0,0,0,0,0,0,0,0,0,0,0,0,0,0,0,0,0,0,0,0,0,0,0,0,0,0,0,0,0,0,0,0,0,0,0,0,0,0,0,0,0,0,0,0,0,2,0,0,0,3,0,0,0,0,0,0,0,0,0,0,0,0,0,136,0,30,0,0,0,175,0,0,0,0,0,1,0,0,0,59,0,76,0,58,0,0,0,12,0,0,0,0,0,11,0,39,0,77,0,3,0,10,0,0,0,0,0,2,0,0,0,0,0,0,0,0,0,0,0,0,0,0,0,0,0,0,0,0,0,0,0,0,0,0,0,0,0,3,0,104,1,0,0,1,0,98,0,13,0,11,0,61,1,35,0,14,0,60,0,13,0,5,0,32,0,0,0,16,0,57,1,0,0,0
5,192,0,78,0,0,0,115,0,122,0,0,0,0,0,5,3,7,0,0,0,7,6,1,15,9,0,4,0,7,0,0,0,8,0,0,0,30,1,9,0,0,0,0,0,0,0,0,0,2,0,0,0,22,0,13,0,9,0,16,0,0,0,32,0,1,0,8,0,0,0,1,0,4,0,2,0,0,0,0,0,0,0,1,0,5,0,1,0,0,0,1,0,0,0,0,0,0,0,0,0,0,0,0,0,0,0,0,0,0,0,0,0,0,0,0,0,0,0,0,0,0,0,2,0,0,0,0,1,2,0,0,0,6,1,0,0,12,0,57,0,28,0,6,0,116,0,0,0,0,0,0,0,0,0,27,0,94,0,53,0,0,0,3,0,0,0,1,0,2,0,34,0,58,3,0,0,76,0,1,0,0,0,50,0,15,0,0,0,0,0,0,0,0,0,0,0,0,0,0,0,0,0,0,0,0,0,0,0,0,0,0,0,3,0,35,0,0,0,1,0,93,0,18,0,2,0,68,0,70,0,0,0,51,0,10,0,0,0,0,0,0,0,0,0,10,0,0,0
101,14,84,9,3,1,435,38,352,68,3,0,2,0,10,4,197,10,15,0,150,0,49,3,385,54,34,0,32,0,29,0,12,0,9,0,21,0,33,2,1,0,9,0,8,0,0,0,0,0,9,0,68,6,23,30,0,0,13,6,54,0,0,9,0,0,9,16,0,0,76,0,0,0,22,0,0,0,0,0,0,0,0,0,60,0,0,0,0,0,24,0,0,0,0,0,84,0,105,0,0,0,0,0,0,0,0,0,0,0,0,0,0,0,0,0,0,0,0,0,39,0,24,0,0,0,0,0,4,0,0,0,9,0,0,0,25,0,71,0,56,0,45,0,126,0,0,0,0,0,0,0,0,0,52,0,5,0,30,0,5,0,3,0,0,0,0,0,0,0,12,0,10,0,1,0,17,2,1,0,0,0,2,2,1,1,0,0,0,0,0,0,0,0,0,0,0,0,0,0,8,0,0,0,0,0,0,0,0,0,8,0,0,0,43,0,0,0,2,0,40,0,10,0,0,0,63,0,35,3,22,0,45,0,3,1,1,0,32,0,8,0,16,0,59,4,0,0,0
8,163,2,50,0,0,41,232,56,272,0,0,0,0,0,25,5,207,0,14,0,141,9,49,65,199,0,14,0,27,0,26,0,10,0,7,0,22,0,22,0,0,0,5,0,2,0,0,0,0,0,6,0,36,16,46,0,14,5,11,0,32,9,0,0,0,1,16,0,0,0,2,0,3,0,0,0,0,0,0,0,0,0,0,0,12,0,5,0,0,0,6,0,0,0,0,0,0,0,6,0,0,0,0,0,0,0,0,0,0,0,0,0,0,0,0,0,0,0,0,0,3,0,1,0,3,0,0,0,6,0,2,0,8,0,0,0,14,0,25,0,8,0,14,0,0,0,0,0,0,0,0,0,2,0,27,0,36,0,32,0,1,0,1,0,0,0,0,0,4,0,15,0,7,0,0,1,172,0,0,0,0,0,59,1,31,0,0,0,0,0,0,0,0,0,0,0,0,0,0,0,0,0,0,0,0,0,2,0,0,0,3,0,0,0,11,0,0,0,0,0,37,0,5,0,0,0,3,0,38,0,0,0,13,0,4,0,0,0,1,0,1,0,0,1,6,0,0,0
4,1,2,2,0,0,4,0,33,1,0,0,0,0,5,0,0,13,0,0,0,0,0,5,0,5,4,0,0,0,1,0,0,0,0,0,0,0,0,0,1,0,1,0,0,0,0,0,0,0,0,0,10,0,7,0,80,13,167,18,0,0,0,0,0,27,234,27,0,0,2,0,0,0,0,0,0,0,0,0,0,0,0,0,0,0,0,0,0,0,0,8,0,0,0,0,0,2,0,2,0,0,0,0,0,0,0,0,0,0,0,0,0,0,0,0,0,0,0,0,0,0,0,0,18,0,1,0,0,0,83,20,0,0,0,0,0,0,0,13,0,0,0,0,0,50,20,0,92,0,0,0,3,0,9,37,5,0,5,16,407,44,0,0,0,0,0,0,0,0,1,0,0,0,81,65,22,0,0,0,82,29,0,0,100,3,2,0,0,0,0,0,0,0,0,0,0,0,0,0,0,0,0,0,0,0,0,0,0,0,0,0,0,0,12,0,0,0,0,0,0,0,0,0,0,0,29,0,0,0,0,0,27,1,91,0,0,0,19,0,2,0,3,0,20,0,0,0,0
0,30,0,9,0,0,1,0,0,81,0,19,0,6,0,10,0,2,0,0,0,3,1,1,0,0,0,14,0,0,0,0,0,0,0,0,0,0,0,0,0,0,0,0,0,0,0,0,0,1,0,1,0,0,0,8,17,22,29,156,0,1,0,0,27,0,15,483,0,0,6,9,0,0,0,7,0,0,2,0,2,0,0,0,0,0,0,0,0,0,0,0,0,0,0,0,0,0,0,0,0,0,0,0,0,0,0,0,0,0,0,0,0,0,0,0,0,0,0,0,0,5,0,5,4,6,3,0,0,0,35,158,0,0,0,0,0,1,35,21,0,5,0,2,40,64,0,14,0,169,0,5,3,2,8,10,0,0,0,18,90,514,0,5,0,0,0,0,0,0,0,0,0,0,0,187,0,6,0,0,0,151,0,2,0,127,0,0,0,1,0,0,0,0,0,0,0,0,0,1,0,0,0,0,0,0,0,2,0,4,0,2,0,0,0,35,0,0,0,6,0,28,0,0,0,3,0,72,1,42,0,6,0,47,0,244,0,0,0,16,0,3,0,3,0,38,0,0,0
5,0,4,0,0,0,3,0,67,0,0,0,0,0,5,0,0,0,3,2,1,0,0,0,2,3,0,0,0,0,0,0,0,0,0,0,0,0,0,0,0,0,0,0,0,0,0,0,0,0,0,0,66,6,48,105,50,83,388,125,19,0,9,1,234,15,0,145,0,0,0,0,0,0,0,0,0,0,0,0,0,0,0,1,0,0,0,0,0,0,0,0,0,0,0,0,0,0,0,0,0,0,0,0,0,0,0,0,0,0,0,0,0,0,0,0,0,0,0,0,0,0,0,0,2,0,0,0,0,0,22,0,0,0,0,0,0,0,0,0,0,1,0,0,0,4,13,0,35,2,1,0,0,0,28,38,29,0,3,21,110,22,0,0,0,0,0,0,0,0,0,0,2,0,7,0,191,4,0,0,16,12,0,0,124,40,0,0,0,0,0,0,0,0,0,0,0,0,0,0,0,0,0,0,0,0,0,0,0,0,0,0,0,0,97,0,0,0,0,0,77,0,0,2,7,0,29,4,17,0,9,0,84,2,60,0,3,0,57,0,11,0,21,0,132,2,0,0,0
0,16,0,0,0,0,25,10,39,103,0,0,0,0,0,2,0,0,0,1,0,0,0,0,0,4,0,3,0,0,0,0,0,0,0,0,0,0,0,0,0,0,0,0,0,0,0,0,0,0,0,0,121,40,142,26,51,27,173,166,0,8,16,16,27,483,145,0,0,0,0,2,0,2,0,0,0,0,0,0,0,0,0,0,0,0,0,0,0,0,0,0,0,0,0,0,0,0,0,0,0,0,0,0,0,0,0,0,0,0,0,0,0,0,0,0,0,0,0,0,0,0,0,0,0,1,0,0,0,0,0,31,0,0,0,0,0,0,0,0,0,0,0,0,5,34,0,0,0,19,0,0,0,1,24,101,14,94,1,37,23,117,0,0,0,0,0,0,0,3,0,8,0,3,0,26,8,95,0,0,0,34,0,13,6,557,0,0,0,0,0,0,0,0,0,0,0,0,0,0,0,0,0,0,0,0,0,0,0,0,0,0,0,0,0,126,0,0,0,7,0,104,0,0,0,3,0,134,0,117,0,8,1,317,1,213,0,0,0,37,0,5,0,5,0,102,0,0,0
0,0,0,0,0,0,0,0,0,0,0,0,0,0,0,0,0,0,0,0,0,0,0,0,0,0,0,0,0,0,0,0,0,0,1,0,0,0,0,0,0,0,0,0,9,0,0,0,3,0,0,0,0,0,0,0,0,0,0,0,0,0,0,0,0,0,0,0,0,0,0,0,1,0,1,0,79,0,7,0,4,0,11,0,0,0,17,0,11,0,0,0,6,0,15,0,0,0,5,0,4,0,75,0,0,0,17,0,19,0,1,0,8,0,0,0,4,0,0,0,4,0,1,0,0,0,0,0,0,0,0,0,0,0,0,0,0,0,0,0,0,0,0,1,0,0,0,0,0,0,0,0,0,0,0,0,0,0,0,0,0,0,0,0,46,0,0,0,88,0,1,0,0,0,0,0,0,0,0,0,0,0,0,0,0,0,0,0,13,0,0,0,5,0,0,0,0,0,0,0,16,0,0,0,0,0,0,0,0,0,0,0,121,0,95,0,43,0,7,0,0,0,44,0,26,0,1,0,18,0,0,0,0,0,0,0,3,0,0,0,0,0,0,0,0,0,0,0,0
0,0,0,0,0,0,0,0,0,0,0,0,0,0,0,0,0,0,0,0,0,0,0,0,0,0,0,0,0,0,0,0,0,0,0,0,0,0,0,0,0,0,0,0,0,7,0,4,0,15,0,0,0,0,0,0,0,0,0,0,0,0,0,0,0,0,0,0,0,0,0,0,0,0,0,0,0,21,0,0,0,0,0,64,0,0,0,0,0,22,0,2,0,29,0,33,0,8,0,4,0,0,0,52,0,0,1,14,0,46,0,1,0,6,0,0,0,18,0,0,0,0,0,0,0,0,0,0,0,0,0,0,0,0,0,0,0,0,0,0,0,0,0,0,0,0,0,0,0,0,0,0,0,0,0,0,0,0,0,0,0,0,0,0,0,22,0,0,0,15,0,0,0,0,0,0,0,0,0,0,0,0,0,0,0,0,0,0,0,0,0,0,0,0,0,19,0,0,0,7,0,9,0,0,0,0,0,0,0,1,0,16,0,297,0,82,0,66,0,22,0,3,0,114,0,8,0,0,0,67,0,0,0,0,0,0,0,0,0,0,0,0,0,0,0,0,0,0,0
0,0,0,0,13,0,0,0,0,0,8,0,0,0,0,2,89,0,0,0,157,0,6,0,0,0,0,0,44,0,47,0,11,0,62,0,84,0,30,0,0,0,20,1,0,0,0,0,0,0,45,0,14,0,0,0,0,0,0,0,27,0,76,0,2,6,0,0,0,0,0,0,179,0,221,0,13,0,87,0,18,6,0,0,0,12,40,0,0,0,0,0,2,0,0,0,0,0,7,0,0,2,0,0,2,0,0,0,0,0,0,0,0,0,0,0,0,0,0,0,36,0,2,5,7,0,19,5,3,0,21,18,19,6,12,0,15,13,16,0,80,14,37,16,172,7,16,15,21,14,18,9,28,0,1,0,26,0,0,0,12,0,34,0,0,0,10,0,30,0,60,0,70,0,30,32,0,0,3,0,22,19,0,0,10,0,0,0,0,0,0,0,0,0,0,0,0,0,15,0,8,0,0,0,0,0,0,0,40,0,2,0,3,0,0,0,0,0,2,0,7,0,24,3,13,0,0,0,42,0,0,0,0,0,0,10,1,0,31,0,10,0,6,0,3,0,0,0,0
0,0,0,0,0,0,0,0,0,0,0,0,0,0,0,0,0,0,0,0,0,25,0,0,0,1,0,0,0,0,0,0,0,0,0,10,0,8,0,0,0,0,0,2,0,0,0,0,0,0,0,4,0,1,0,0,0,0,0,0,0,1,0,2,0,9,0,2,0,0,0,0,0,162,0,232,0,10,0,74,0,3,0,0,0,0,0,37,0,1,0,0,0,0,0,0,0,0,0,1,0,0,0,0,0,0,4,0,0,0,0,0,0,0,0,0,0,0,0,0,0,0,0,86,0,61,3,21,0,0,0,0,0,55,0,8,0,16,0,11,0,39,0,16,0,157,3,0,0,14,0,28,0,28,0,0,0,9,0,0,0,8,0,36,0,0,0,3,0,9,0,4,0,5,0,31,0,0,0,0,0,22,0,0,0,6,0,0,0,0,0,0,0,0,0,0,0,0,0,0,0,4,0,0,0,0,0,0,0,6,0,0,0,0,0,0,0,0,0,0,0,0,0,0,0,2,0,18,0,21,0,1,0,0,0,29,0,0,0,31,0,1,0,0,0,16,0,0,0
0,0,1,0,0,0,0,0,0,0,0,0,0,0,0,0,5,0,0,0,10,0,0,0,0,0,0,0,0,0,5,0,0,0,2,0,0,0,0,0,0,0,0,0,0,0,0,0,0,0,0,0,0,0,2,0,0,0,0,0,0,0,0,0,0,0,0,0,1,0,179,0,0,0,126,0,114,0,270,0,0,0,6,0,3,0,18,0,0,0,0,0,3,0,4,0,2,4,0,0,0,0,2,0,0,0,0,0,0,0,0,0,0,0,0,0,0,0,0,0,42,0,1,0,12,0,50,0,19,0,12,0,90,0,39,0,9,0,36,2,49,0,23,0,122,0,43,3,8,0,57,5,15,0,0,0,6,0,2,0,5,0,65,0,0,0,4,0,18,0,27,0,14,0,9,0,0,0,0,0,17,20,0,0,0,0,0,0,0,0,12,0,0,0,0,0,6,0,99,0,65,0,0,0,34,0,59,0,104,0,0,0,3,0,5,0,6,0,0,0,7,0,20,0,24,0,2,0,36,0,0,0,1,0,10,4,4,0,128,0,124,0,73,0,8,0,0,0,0
