0,257,31,201,119,0,40,75,63,0,123,16,193,0,0,209,23,43,0,0,0,0,11,165,5,210,0,0,0,23,15,0,0,0,0,0,5,0,252,27,21,0,0,0,0,0,43,0,14,0,0,0,0,0,0,0,0,0,10,0,32,1,11,3,20,0,16,0,0,0,0,0,0,0,0,0,0,0,0,0,0,0,0,0,0,0,0,0,0,0,2,0,0,0,0,0,0,0,0,0,0,0,0,0,0,0,0,0,0,0,0,0,0,0,0,0,0,0,0,0,0,0,0,0,16,0,38,0,0,0,0,0,0,0,11,0,0,0,0,0,0,0,0,0,0,0,50,0,42,0,32,0,0,0,0,0,0,0,0,0,11,0,0,1,0,0,0,0,12,0,0,0,81,0,0,0,475,122,36,0,2,0,143,0,94,0,0,0,0,0,0,0,0,0,0,0,0,0,8,0,0,0,0,0,0,0,0,0,26,0,506,52,193,65,232,0,16,0,0,0,0,0,0,0,0
257,0,292,60,42,371,317,38,105,122,0,270,9,137,0,20,46,0,0,55,0,0,241,8,262,5,0,175,11,0,0,0,0,90,0,0,0,105,26,152,0,55,0,2,0,25,0,104,0,8,0,3,6,0,43,30,0,3,0,14,0,45,32,30,0,126,0,15,0,0,0,0,0,0,0,0,0,0,0,0,0,0,0,0,0,0,0,0,0,0,0,0,0,0,0,0,0,0,0,0,0,0,0,0,0,0,0,0,0,0,0,0,0,0,0,0,0,0,0,0,0,0,0,0,0,28,0,47,0,0,0,34,0,0,0,25,0,7,0,0,0,0,0,0,0,0,0,76,0,90,0,0,0,0,0,0,0,1,0,1,0,6,0,4,0,0,0,0,0,7,0,0,0,58,0,0,189,623,0,12,0,16,17,63,0,98,0,0,0,0,0,0,0,0,0,0,0,0,0,23,0,10,0,2,0,0,0,0,0,63,0,0,0,0,398,0,0,0,819,169,331,191,7,8,0
31,292,0,143,187,102,31,0,11,0,61,94,234,0,206,170,54,0,67,0,42,0,308,103,31,133,71,0,197,0,68,0,109,0,0,0,0,0,505,39,34,0,0,0,0,0,70,0,20,0,0,0,0,0,39,0,10,0,21,0,24,4,0,0,16,0,0,0,0,0,0,0,0,0,0,0,0,0,0,0,0,0,0,0,0,0,0,0,0,0,0,0,0,0,0,0,0,0,0,0,0,0,0,0,0,0,0,0,0,0,0,0,0,0,0,0,0,0,0,0,0,0,0,0,29,0,80,0,0,0,43,0,1,0,482,0,54,0,0,0,0,0,0,0,0,0,137,0,148,0,123,0,0,0,0,0,0,0,0,0,23,0,0,0,0,0,0,0,18,0,23,0,188,4,0,0,131,64,1,0,0,0,9,0,48,0,0,0,0,0,0,0,0,0,0,0,2,0,0,0,75,0,0,0,0,0,29,0,248,0,479,38,446,0,363,0,0,0,0,4,0,0,0,0,0
201,60,143,0,0,158,0,133,0,8,27,8,0,9,0,274,0,25,0,150,0,0,142,118,69,103,0,38,0,171,0,70,0,177,0,0,0,0,34,203,0,0,0,0,0,6,0,0,0,0,0,0,0,0,2,76,0,21,0,13,4,0,8,10,0,10,0,0,0,0,0,0,0,0,0,0,0,0,0,0,0,0,0,0,0,0,0,0,0,0,0,0,0,0,0,0,0,0,0,0,0,0,0,0,0,0,0,0,0,0,0,0,0,0,0,0,0,0,0,0,0,0,0,0,0,0,0,35,0,0,0,75,0,0,0,268,0,150,0,0,0,0,0,0,0,0,0,0,0,60,0,37,0,1,0,0,0,0,0,0,0,0,0,0,0,8,0,0,0,22,0,4,0,97,0,0,41,78,0,1,0,0,0,0,0,0,0,0,0,0,0,0,0,0,0,0,0,0,0,58,0,85,0,0,0,0,0,59,0,196,3,0,0,0,214,0,0,0,310,75,383,111,0,6,0
119,42,187,0,0,475,27,3,51,0,142,217,551,86,241,371,23,0,161,156,278,35,88,0,0,0,162,0,0,0,144,0,156,0,101,0,133,20,93,0,58,0,0,0,0,0,150,0,21,0,95,0,16,0,13,0,0,0,0,0,11,0,25,0,36,0,0,0,0,0,0,0,0,0,0,0,0,0,0,0,0,0,0,0,0,0,0,0,0,0,0,0,0,0,0,0,0,0,0,0,0,0,0,0,0,0,0,0,0,0,0,0,0,0,0,0,0,0,0,0,0,0,0,0,0,0,48,0,0,0,0,0,0,0,151,0,0,0,0,0,0,0,0,0,0,0,109,0,174,0,179,0,103,0,0,0,0,0,0,0,0,0,4,0,58,0,171,0,85,0,37,0,176,0,0,0,362,134,37,0,60,0,58,0,192,0,0,0,0,0,0,0,0,0,0,0,0,0,0,0,0,0,0,0,0,0,0,0,103,0,726,245,634,106,449,4,0,0,0,9,0,0,0,0,0
0,371,102,158,475,0,0,127,0,54,309,395,315,237,492,148,0,0,148,138,273,172,210,102,0,28,0,253,0,22,57,109,39,136,23,157,0,199,42,0,0,41,0,0,0,15,0,122,0,0,0,101,0,0,0,22,0,0,0,11,0,1,0,1,0,102,0,0,0,0,0,0,0,0,0,0,0,0,0,0,0,0,0,0,0,0,0,0,0,0,0,0,0,0,0,0,0,0,0,0,0,0,0,0,0,0,0,0,0,0,0,0,0,0,0,0,0,0,0,0,0,0,0,4,0,0,0,0,0,0,0,68,0,0,0,209,0,80,1,0,0,0,0,0,0,0,0,57,0,150,0,74,0,60,0,0,0,0,0,0,0,0,0,0,0,0,0,139,2,79,0,0,0,126,0,0,203,383,38,55,0,0,0,0,0,40,6,4,0,0,0,0,0,0,0,0,0,0,0,0,0,65,0,0,0,0,0,0,0,137,0,0,0,0,342,0,0,0,593,369,490,161,0,3,2
40,317,31,0,27,0,0,212,39,190,12,0,33,0,85,0,47,57,29,0,16,0,63,39,101,250,49,0,107,28,0,0,0,0,0,0,11,0,141,28,6,0,0,0,0,0,20,0,25,0,0,0,32,0,215,23,20,0,52,0,207,21,259,82,21,0,11,0,0,0,0,0,0,0,0,0,0,0,0,0,0,0,0,0,0,0,0,0,0,0,0,0,0,0,0,0,0,0,0,0,0,0,0,0,0,0,0,0,0,0,0,0,0,0,0,0,0,0,0,0,0,0,0,0,42,0,150,0,82,0,107,0,12,0,184,0,28,0,6,0,0,0,0,0,0,0,57,0,53,0,53,0,0,0,17,0,0,0,0,0,67,0,2,0,0,0,0,0,34,0,99,0,150,0,0,0,126,65,0,0,1,0,2,0,2,0,0,0,0,0,0,0,0,0,0,0,0,0,30,0,31,0,0,0,0,0,0,0,238,0,801,59,417,231,609,0,119,0,0,0,0,0,0,0,0
75,38,0,133,3,127,212,0,237,15,0,13,0,0,0,82,0,59,0,37,0,0,0,53,104,82,0,22,0,184,0,0,0,0,0,0,0,0,0,234,0,0,0,0,0,0,0,0,0,0,0,0,21,52,110,421,0,41,11,66,0,183,64,337,0,32,10,5,0,0,0,0,0,0,0,0,0,0,0,0,0,0,0,0,0,0,0,0,0,0,0,0,0,0,0,0,0,0,0,0,0,0,0,0,0,0,0,0,0,0,0,0,0,0,0,0,0,0,0,0,0,0,0,0,0,59,0,69,0,0,0,115,0,0,0,107,0,88,0,0,0,0,0,0,0,0,0,81,0,63,0,73,0,0,0,0,0,3,0,0,0,7,0,5,0,0,0,3,0,22,0,27,0,100,0,0,55,77,0,0,0,0,30,7,0,1,0,0,0,0,0,0,0,0,0,0,0,0,0,0,0,0,0,0,0,0,0,0,0,255,0,4,0,0,701,0,0,0,958,114,515,403,26,18,0
63,105,11,0,51,0,39,237,0,332,17,0,67,0,0,0,0,0,8,0,0,0,0,0,0,126,11,0,3,15,0,0,0,0,0,0,0,0,61,10,0,0,0,0,0,0,16,0,0,0,0,0,19,52,24,137,5,0,194,20,162,0,135,120,230,0,141,26,0,0,0,0,0,0,0,0,0,0,0,0,0,0,0,0,0,0,0,0,0,0,0,0,0,0,0,0,0,0,0,0,0,0,0,0,0,0,0,0,0,0,0,0,0,0,0,0,0,0,0,0,0,0,0,0,39,0,46,0,0,0,51,0,0,0,19,0,1,0,0,0,0,0,0,0,0,0,73,0,149,0,59,0,18,0,0,0,5,0,0,0,40,0,1,0,0,0,0,0,11,0,127,0,50,0,0,0,623,161,0,0,0,0,15,0,196,0,0,0,0,0,0,0,0,0,0,0,0,0,0,0,0,0,0,0,0,0,5,0,49,0,323,61,160,94,210,0,46,0,0,0,0,0,0,0,0
0,122,0,8,0,54,190,15,332,0,0,77,0,18,0,4,6,0,0,21,0,0,0,0,46,0,0,69,0,2,0,0,0,0,0,1,0,0,0,0,0,0,0,2,0,0,0,35,0,0,0,0,55,16,338,77,26,32,176,156,0,191,27,90,0,251,60,293,0,0,0,0,0,1,0,0,0,0,0,0,0,0,0,0,0,0,0,0,0,0,0,0,0,0,0,0,0,0,0,0,0,0,0,0,0,0,0,0,0,0,0,0,0,0,0,0,0,0,0,0,0,0,0,0,0,90,0,31,0,0,0,71,0,0,0,0,0,2,0,0,0,0,0,0,0,0,0,47,0,110,0,18,0,0,0,0,0,0,0,0,0,21,0,0,0,0,0,0,0,24,0,0,0,49,0,0,97,823,0,4,0,0,11,5,0,57,0,0,0,0,0,0,0,0,0,0,0,0,0,0,0,5,0,0,0,0,0,0,0,18,2,0,0,0,320,0,0,0,473,214,180,266,37,0,0
123,0,61,27,142,309,12,0,17,0,0,116,321,0,12,361,0,0,31,0,44,0,8,46,0,0,0,0,0,0,0,0,53,0,0,0,39,0,23,0,60,0,0,0,24,0,77,0,20,0,0,0,5,0,0,0,0,0,0,0,0,0,0,0,13,0,0,0,1,0,0,0,0,0,0,0,0,0,0,0,0,0,0,0,0,0,0,0,0,0,0,0,0,0,0,0,0,0,0,0,0,0,0,0,0,0,0,0,0,0,0,0,0,0,0,0,0,0,0,0,0,0,0,0,0,0,0,0,0,0,0,0,0,0,0,0,0,0,0,0,0,0,0,0,0,0,0,0,33,0,118,0,95,0,0,0,0,0,0,0,0,0,2,0,0,0,27,0,23,0,4,0,64,0,0,0,539,79,148,0,142,0,114,0,57,0,0,0,0,0,0,0,0,0,0,0,0,0,0,0,0,0,0,0,0,0,0,0,17,0,352,120,178,40,137,0,0,0,0,7,0,0,0,0,0
16,270,94,8,217,395,0,13,0,77,116,0,69,323,316,0,29,0,27,16,138,23,207,0,0,0,0,110,0,0,39,34,19,45,0,54,4,41,0,0,0,177,0,0,0,0,0,229,3,21,0,11,0,1,0,0,0,0,0,5,0,0,0,0,0,44,0,0,0,0,0,0,0,0,0,0,0,0,0,0,0,0,0,0,0,11,0,0,0,0,0,0,0,0,0,0,0,0,0,19,0,0,0,0,0,0,0,0,0,0,0,0,0,0,0,0,0,0,0,1,0,0,0,0,0,10,0,13,0,0,0,0,0,0,0,0,0,0,0,0,0,0,0,0,0,0,0,23,0,49,0,0,0,168,0,0,0,0,0,0,0,0,0,0,0,0,0,0,0,23,0,0,0,0,0,25,132,617,0,99,0,126,0,76,0,138,8,5,0,0,0,1,0,0,0,0,0,0,0,7,0,0,0,0,0,0,0,0,0,17,3,0,0,0,103,0,0,0,250,149,130,0,0,0,0
193,9,234,0,551,315,33,0,67,0,321,69,0,585,50,64,2,0,146,353,101,48,51,0,0,0,160,483,0,0,0,0,0,0,169,0,34,14,0,0,324,102,129,47,86,64,297,243,96,0,367,48,8,0,0,0,0,0,10,0,0,0,9,0,37,0,4,0,0,0,0,0,0,0,0,0,0,0,0,0,0,0,0,0,0,0,0,0,0,0,0,0,0,0,0,0,0,0,0,0,0,0,0,0,0,0,0,0,0,0,0,0,0,0,0,0,0,0,0,0,0,0,0,0,0,0,0,0,0,0,0,0,0,0,57,0,0,0,0,0,0,0,0,0,0,0,0,0,83,0,116,0,0,0,0,0,0,0,0,0,0,0,0,0,127,0,43,0,79,0,0,0,0,0,0,0,452,119,128,0,90,0,81,0,70,0,204,24,0,0,0,0,0,0,0,0,0,0,0,0,0,0,0,0,0,0,0,0,0,0,162,242,394,45,0,0,0,0,0,19,0,0,0,0,0
0,137,0,9,86,237,0,0,0,18,0,323,585,0,51,0,0,0,446,47,165,40,2,0,0,0,273,92,0,0,0,0,0,0,39,76,0,21,0,0,28,441,26,123,0,30,59,197,0,55,120,417,0,0,0,0,0,0,0,0,0,0,0,0,0,0,0,0,0,0,0,0,0,0,0,0,0,0,0,0,0,0,0,0,0,0,0,0,0,0,0,0,0,0,0,0,0,0,0,0,0,0,0,0,0,0,0,0,0,1,0,0,0,0,0,0,0,0,0,0,0,0,0,3,0,0,0,0,0,0,0,0,0,0,0,0,0,0,0,0,0,0,0,0,0,6,0,0,0,24,0,0,0,69,0,0,0,0,0,0,0,0,0,0,0,10,1,0,0,0,0,0,0,0,0,26,62,417,9,22,0,78,0,35,0,34,85,165,0,0,0,0,0,0,0,0,0,0,0,0,0,0,0,0,0,0,0,0,0,0,0,0,0,0,0,0,0,0,79,350,186,0,0,0,1
0,0,206,0,241,492,85,0,0,0,12,316,50,51,0,231,70,0,423,121,527,27,271,0,67,0,263,0,12,0,184,0,101,17,14,17,103,25,0,0,0,0,0,0,17,0,24,0,0,0,0,0,0,0,127,0,0,0,0,0,0,0,19,0,0,0,0,0,0,0,0,0,0,0,0,1,0,0,0,0,0,0,0,0,0,0,0,1,0,0,0,0,0,0,0,0,0,0,0,0,0,0,0,0,0,0,0,0,0,0,0,0,0,0,0,0,0,0,0,0,0,0,0,0,0,0,0,0,0,0,0,0,0,0,471,0,93,0,0,0,0,0,0,0,0,0,83,0,101,0,77,0,22,0,0,0,0,0,0,0,0,0,0,0,14,0,69,0,22,0,4,0,60,0,0,0,97,54,1,0,0,0,13,0,46,0,0,0,0,0,0,0,0,0,0,0,0,0,0,0,226,0,0,0,0,0,0,0,116,0,182,113,197,0,90,0,0,0,0,10,0,0,0,0,0
209,20,170,274,371,148,0,82,0,4,361,0,64,0,231,0,70,32,0,462,138,200,311,279,14,90,0,95,0,16,61,105,34,95,0,36,4,89,69,0,0,0,0,0,0,0,0,0,0,0,0,0,0,0,0,78,0,0,0,5,0,0,0,11,0,15,0,0,0,0,0,0,0,0,0,0,0,0,0,0,0,59,0,0,0,100,0,0,0,0,0,0,0,0,0,0,0,127,0,0,0,0,0,0,0,0,0,0,0,0,0,0,0,0,0,0,0,0,0,0,0,0,0,4,0,0,0,0,0,0,0,0,0,0,0,654,0,248,0,0,0,0,0,0,0,6,0,0,0,58,0,32,0,0,0,0,0,0,0,0,0,0,0,0,0,0,0,58,0,29,0,4,0,49,0,0,51,44,12,0,0,0,0,0,0,0,0,0,0,0,0,0,0,0,0,0,0,2,0,0,0,0,0,0,0,0,0,0,0,117,20,0,0,0,52,0,0,0,88,471,129,20,2,1,0
23,46,54,0,23,0,47,0,0,6,0,29,2,0,70,70,0,0,99,0,170,0,86,35,139,19,229,0,329,0,121,0,58,0,0,0,0,0,94,0,0,0,0,0,35,0,0,0,0,0,13,0,97,0,72,0,19,0,9,0,11,0,179,0,0,0,0,0,0,0,0,0,0,0,15,0,0,0,0,0,65,0,0,0,246,0,30,0,0,0,166,0,0,0,0,0,780,0,174,0,0,0,0,0,0,0,238,0,0,0,0,0,0,0,0,0,0,0,0,0,14,0,27,0,0,0,0,0,107,0,0,0,9,0,194,0,369,0,223,0,70,0,601,0,0,0,0,0,0,0,0,0,0,0,111,0,0,0,57,1,3,0,0,0,0,0,0,0,0,0,3,0,0,0,0,1,18,7,0,0,0,0,0,0,0,0,0,0,0,0,0,0,0,0,0,0,0,0,47,0,437,0,1,0,0,0,0,0,16,0,30,197,13,0,0,0,0,0,0,0,0,0,0,0,0
43,0,0,25,0,0,57,59,0,0,0,0,0,0,0,32,0,0,0,43,0,165,18,128,25,128,0,110,0,225,0,76,0,24,0,20,0,7,0,18,0,0,0,27,0,0,0,0,0,0,0,0,0,24,7,37,0,80,0,4,0,5,5,57,0,0,0,0,0,0,0,0,0,0,0,0,0,0,0,0,0,0,0,0,0,89,0,0,0,0,0,10,0,0,0,0,0,53,0,77,0,11,0,0,0,0,0,0,0,0,0,0,0,0,0,0,0,0,0,0,0,9,0,0,0,0,0,0,0,100,0,0,0,202,0,446,0,358,0,157,0,0,0,97,0,0,0,0,0,2,0,0,0,0,0,39,0,0,0,0,0,6,0,0,0,0,0,0,1,0,0,0,0,0,0,0,0,0,0,0,0,0,4,2,0,0,0,0,0,0,0,0,0,0,0,0,0,0,0,0,0,77,0,0,0,0,0,0,0,0,0,0,0,0,0,0,0,0,0,106,0,0,0,0,0
0,0,67,0,161,148,29,0,8,0,31,27,146,446,423,0,99,0,0,191,453,29,249,0,0,0,308,291,0,0,43,0,13,0,208,0,20,0,0,0,3,40,24,27,10,22,25,113,0,0,274,35,10,0,0,0,0,0,0,0,5,0,0,0,0,0,0,0,0,0,0,0,0,0,47,0,0,0,0,0,0,0,0,0,0,0,0,0,0,0,0,0,0,0,0,0,442,0,0,0,0,0,0,0,0,0,0,0,0,0,0,0,0,0,0,0,0,0,0,0,44,0,0,0,0,0,0,0,0,0,0,0,0,0,0,0,0,0,0,0,0,0,0,0,0,1,0,0,39,0,0,0,0,0,0,0,0,0,0,0,0,0,0,0,39,0,0,0,41,0,0,0,0,0,0,0,78,37,17,0,0,0,16,0,32,0,115,8,0,0,0,0,0,0,0,0,0,0,0,0,0,0,0,0,0,0,0,0,0,0,88,148,94,0,59,0,0,0,0,5,0,0,0,0,0
0,55,0,150,156,138,0,37,0,21,0,16,353,47,121,462,0,43,191,0,106,353,0,198,0,0,0,482,0,0,14,162,0,7,46,334,0,133,0,0,0,10,0,19,0,49,0,50,0,0,0,220,0,0,0,38,0,0,0,0,0,0,0,16,0,81,0,0,0,0,0,15,0,0,0,0,0,0,0,11,0,187,0,0,0,259,0,54,0,0,0,0,0,0,0,0,0,131,0,0,0,50,0,0,0,0,0,0,0,0,0,0,0,0,0,0,0,0,0,0,0,63,0,0,0,0,0,0,0,0,0,0,0,0,0,776,0,276,0,0,0,47,0,129,0,0,0,0,0,206,0,50,0,14,0,0,0,1,0,0,0,0,0,0,0,0,0,63,0,31,0,0,0,13,0,0,24,38,26,0,0,13,0,0,0,52,8,13,0,0,0,0,0,0,0,0,0,0,0,91,0,0,0,0,0,0,0,0,0,120,0,0,4,0,32,0,0,0,142,290,153,0,0,0,0
0,0,42,0,278,273,16,0,0,0,44,138,101,165,527,138,170,0,453,106,0,34,119,16,29,0,357,107,102,0,75,5,50,0,67,0,34,8,0,0,0,22,8,4,25,0,0,40,5,0,15,6,14,0,0,0,6,0,6,0,0,0,68,0,0,0,0,0,0,0,17,0,0,0,36,0,0,0,0,0,0,0,0,0,149,0,0,0,0,0,72,0,0,0,0,0,366,0,0,0,0,0,0,0,0,0,0,0,0,0,0,0,0,0,0,0,0,0,0,0,0,0,0,0,0,0,0,0,0,0,0,0,0,0,0,0,0,0,0,0,0,0,0,0,0,0,0,0,0,0,0,0,0,0,0,0,0,0,0,0,3,0,0,0,40,0,32,0,44,0,0,0,21,0,0,0,46,12,9,0,0,0,8,0,0,0,0,0,0,0,0,0,0,0,0,0,0,0,0,0,123,0,0,0,0,0,0,0,0,0,305,325,169,51,141,0,0,0,0,0,9,0,0,0,0
0,0,0,0,35,172,0,0,0,0,0,23,48,40,27,200,0,165,29,353,34,0,0,280,0,34,0,304,0,61,0,90,0,85,0,75,0,22,0,5,0,7,1,55,0,72,0,15,0,0,0,27,0,0,0,0,0,0,0,5,0,0,0,11,0,0,0,0,0,0,0,0,0,0,0,29,0,0,0,14,0,161,0,0,0,189,0,58,0,0,0,0,0,0,0,0,0,0,0,184,0,0,0,0,0,0,0,0,0,0,0,0,0,0,0,0,0,0,0,0,0,70,0,35,0,0,0,0,0,0,0,0,0,144,0,544,0,375,0,174,0,109,0,230,0,0,0,3,0,0,0,0,0,0,0,0,0,0,0,0,0,4,0,0,0,0,0,9,0,28,0,0,0,0,0,0,5,19,1,16,0,0,0,0,0,0,2,6,0,0,0,0,0,0,0,0,0,0,0,0,0,0,0,0,0,0,0,0,0,22,1,0,0,0,48,0,0,0,244,498,87,0,0,0,0
11,241,308,142,88,210,63,0,0,0,8,207,51,2,271,311,86,18,249,0,119,0,0,136,57,54,243,0,62,19,54,0,24,0,0,0,0,25,29,20,0,0,0,0,0,0,30,0,0,0,6,0,0,0,130,0,0,0,0,0,0,0,0,0,0,0,0,0,0,0,0,0,0,0,0,0,0,0,0,0,0,0,0,0,0,0,0,0,0,0,0,0,0,0,0,0,0,0,0,0,0,0,0,0,0,0,0,0,0,0,0,0,0,0,0,0,0,0,0,0,0,0,1,0,0,0,2,0,0,0,0,0,0,0,239,0,69,0,0,0,0,0,0,0,0,1,30,0,42,0,33,0,0,0,0,0,0,0,0,0,0,0,0,0,0,0,3,0,7,0,3,0,12,0,0,0,74,31,8,0,0,0,0,0,11,0,0,0,0,0,0,0,0,0,0,0,0,0,66,0,162,0,0,0,0,0,0,0,43,0,15,257,23,0,0,0,0,0,5,15,0,0,0,0,0
165,8,103,118,0,102,39,53,0,0,46,0,0,0,0,279,35,128,0,198,16,280,136,0,54,166,0,101,0,64,0,95,10,16,0,26,0,4,32,3,0,0,0,0,0,0,0,0,0,0,0,0,0,6,0,99,0,46,0,0,0,0,0,49,0,0,0,0,0,0,0,0,0,0,0,3,0,0,0,0,0,0,0,0,0,164,0,0,0,0,0,0,0,0,0,0,0,119,0,158,0,0,0,0,0,0,0,0,0,0,0,0,0,0,0,0,0,0,0,0,0,0,0,0,0,0,0,0,0,0,0,0,0,0,0,548,0,282,0,0,0,39,0,79,0,1,0,0,0,0,0,0,0,0,0,0,0,0,0,0,0,0,0,0,0,0,0,0,0,0,0,0,0,9,0,0,8,14,0,0,0,0,0,0,0,1,0,0,0,0,0,0,0,0,0,0,0,0,0,0,0,0,0,0,0,0,0,0,0,0,0,0,0,0,0,0,0,0,73,463,33,0,0,0,0
5,262,31,69,0,0,101,104,0,46,0,0,0,0,67,14,139,25,0,0,29,0,57,54,0,187,0,0,206,24,13,0,0,6,0,0,0,23,49,23,0,0,0,0,0,0,0,0,0,0,0,0,50,0,228,0,42,0,24,0,0,0,27,0,0,0,0,0,0,0,0,0,0,0,0,0,0,0,0,0,0,0,0,0,0,0,0,0,0,0,0,0,0,0,0,0,0,0,0,0,0,0,0,0,0,0,0,0,0,0,0,0,0,0,0,0,0,0,0,0,0,0,0,0,0,0,0,0,125,0,0,0,0,0,170,0,121,0,40,0,22,0,153,0,0,0,0,0,0,0,0,0,0,0,86,0,0,0,28,0,0,0,0,0,0,0,0,0,0,0,0,0,22,1,0,0,29,18,0,0,0,0,0,0,0,0,0,0,0,0,0,0,0,0,0,0,0,0,0,0,121,0,0,0,0,0,0,0,0,0,23,160,23,8,17,0,0,0,13,0,6,0,0,0,0
210,5,133,103,0,28,250,82,126,0,0,0,0,0,0,90,19,128,0,0,0,34,54,166,187,0,0,0,0,360,0,28,0,28,0,5,0,19,26,126,0,0,0,0,0,0,0,0,0,0,0,0,0,19,20,263,0,54,0,0,10,24,36,128,0,0,0,0,0,0,0,0,0,0,0,0,0,0,0,0,0,0,0,0,0,15,0,0,0,0,0,0,0,0,0,0,0,0,0,0,0,0,0,0,0,0,0,0,0,0,0,0,0,0,0,0,0,0,0,0,0,0,0,0,0,0,0,5,0,29,0,19,0,0,0,336,0,201,0,0,0,0,0,0,0,0,0,0,0,0,1,0,0,0,0,6,0,0,0,0,0,1,0,0,0,0,0,0,1,4,0,0,0,27,0,0,32,34,0,0,0,0,20,0,0,0,0,0,0,0,0,0,0,0,0,0,0,0,0,0,0,66,0,0,0,0,0,0,0,78,2,0,0,0,46,0,0,0,62,218,106,35,0,2,0
0,0,71,0,162,0,49,0,11,0,0,0,160,273,263,0,229,0,308,0,357,0,243,0,0,0,0,244,119,0,64,0,53,0,76,0,139,0,0,0,40,216,332,61,259,61,172,266,38,6,457,39,0,0,0,0,0,0,0,0,5,0,0,0,0,0,0,0,0,0,85,0,0,0,198,0,0,0,0,0,339,0,0,0,532,0,169,0,0,0,337,0,0,0,0,0,1519,0,815,0,0,0,0,0,0,0,0,0,0,0,0,0,0,0,0,0,0,0,0,0,0,0,0,0,0,0,0,0,0,0,0,0,0,0,0,0,141,0,0,0,0,0,477,0,134,0,0,0,0,0,0,0,0,0,0,0,0,0,0,0,0,0,0,0,107,0,13,0,0,0,0,0,0,0,0,0,0,20,0,0,0,0,0,0,0,0,171,8,0,0,0,0,0,0,0,0,0,0,0,0,0,0,0,0,0,0,0,0,0,0,118,338,487,0,58,0,0,6,0,0,0,0,0,0,0
0,175,0,38,0,253,0,22,0,69,0,110,483,92,0,95,0,110,291,482,107,304,0,101,0,0,244,0,0,9,0,73,0,87,26,61,0,79,0,0,54,50,73,250,0,306,0,241,0,14,167,391,0,0,0,12,0,0,0,16,0,0,0,16,0,101,0,0,0,9,0,26,0,0,0,44,0,0,0,0,0,0,0,0,0,421,0,0,0,0,0,0,0,0,0,0,0,0,0,0,0,0,0,0,0,0,0,0,0,0,0,0,0,0,0,0,0,0,0,0,0,0,0,81,0,0,0,0,0,0,0,0,0,0,0,1061,0,736,0,0,0,205,0,577,0,0,0,0,0,172,0,0,0,0,0,0,0,0,0,0,0,0,0,0,0,35,0,0,0,0,0,0,0,13,0,0,19,75,12,0,0,0,0,0,0,42,66,43,0,0,0,0,0,0,0,0,0,0,0,0,0,0,0,0,0,0,0,0,0,0,1,0,0,0,44,0,0,0,200,810,389,0,0,0,8
0,11,197,0,0,0,107,0,3,0,0,0,0,0,12,0,329,0,0,0,102,0,62,0,206,0,119,0,0,1,107,0,59,0,38,0,85,0,29,0,0,0,78,0,0,0,0,0,0,0,20,0,29,0,22,0,3,0,8,0,27,0,102,0,0,0,0,0,0,0,12,0,0,0,38,0,0,0,0,0,54,0,0,0,99,0,32,0,0,0,0,0,0,0,0,0,204,0,97,0,0,0,0,0,0,0,0,0,0,0,0,0,0,0,0,0,0,0,0,0,34,0,0,0,0,0,0,0,9,0,0,0,0,0,0,0,86,0,124,0,69,0,160,0,27,0,0,0,0,0,0,0,0,0,13,0,0,0,23,0,4,0,0,0,0,0,0,0,0,0,0,0,0,0,0,0,10,0,0,0,0,0,0,0,0,0,0,0,0,0,0,0,0,0,0,0,0,0,0,0,0,0,0,0,0,0,0,0,0,0,38,70,0,0,0,0,0,0,0,0,0,0,0,0,0
23,0,0,171,0,22,28,184,15,2,0,0,0,0,0,16,0,225,0,0,0,61,19,64,24,360,0,9,1,0,0,33,0,25,0,41,1,41,8,30,0,0,0,33,0,6,0,0,0,0,0,7,0,12,1,24,0,11,0,0,0,22,4,12,0,0,0,0,0,0,0,0,0,0,0,0,0,0,0,0,0,0,0,0,0,25,0,0,0,0,0,0,0,0,0,0,0,10,0,0,0,0,0,0,0,0,0,0,0,0,0,0,0,0,0,0,0,0,0,0,0,4,0,0,0,0,0,0,0,11,0,3,0,51,0,153,0,131,0,94,0,19,0,22,0,4,0,0,0,0,0,0,0,0,0,6,0,5,0,15,0,0,0,0,0,0,0,0,0,1,0,0,0,0,0,0,2,19,0,0,0,0,0,5,0,0,0,0,0,0,0,0,0,0,0,0,0,0,0,0,0,0,0,0,0,0,0,0,0,0,0,0,0,0,0,0,0,0,23,198,9,2,0,0,0
15,0,68,0,144,57,0,0,0,0,0,39,0,0,184,61,121,0,43,14,75,0,54,0,13,0,64,0,107,0,0,0,12,0,80,0,52,0,4,0,0,0,29,0,0,0,0,1,0,0,16,0,10,0,6,0,3,0,0,0,0,0,43,0,0,0,0,0,0,0,26,0,0,0,54,0,0,0,0,0,88,0,0,0,0,0,44,0,0,0,0,0,0,0,0,0,211,0,150,0,0,0,0,0,0,0,0,0,0,0,0,0,0,0,0,0,0,0,0,0,0,0,32,0,0,0,0,0,0,0,0,0,0,0,0,0,41,0,0,0,89,0,157,0,43,0,0,0,0,0,0,0,0,0,0,0,0,0,0,0,0,0,0,0,0,0,49,0,0,0,5,0,16,0,0,0,31,4,0,0,0,0,0,0,0,0,0,0,0,0,0,0,0,0,0,0,0,0,0,0,0,0,0,0,0,0,0,0,0,0,115,128,87,0,105,0,0,0,3,2,0,0,0,0,0
0,0,0,70,0,109,0,0,0,0,0,34,0,0,0,105,0,76,0,162,5,90,0,95,0,28,0,73,0,33,0,0,0,46,0,122,0,0,0,7,0,0,0,63,0,12,0,0,0,0,0,17,0,0,0,7,0,0,0,0,0,0,0,20,0,0,0,0,0,0,0,5,0,0,0,0,0,0,0,0,0,0,0,0,0,37,0,6,0,0,0,0,0,0,0,0,0,0,0,0,0,0,0,0,0,0,0,0,0,0,0,0,0,0,0,0,0,0,0,0,0,0,0,3,0,0,0,0,0,0,0,0,0,0,0,116,0,103,0,86,0,0,0,62,0,10,0,1,0,0,0,0,0,0,0,0,0,0,0,0,0,0,0,1,0,0,0,25,0,23,0,0,0,23,0,0,0,0,0,0,0,0,0,0,0,0,0,2,0,0,0,0,0,0,0,0,0,0,0,0,0,0,0,0,0,0,0,0,0,0,1,0,0,0,57,0,0,0,162,218,92,23,0,0,0
0,0,109,0,156,39,0,0,0,0,53,19,0,0,101,34,58,0,13,0,50,0,24,10,0,0,53,0,59,0,12,0,0,0,49,0,135,0,1,0,0,0,39,0,30,0,0,0,3,0,27,0,4,0,12,0,0,0,0,0,0,0,15,0,2,0,0,0,0,0,19,0,0,0,41,0,0,0,0,0,53,0,0,0,0,0,0,0,0,0,0,0,0,0,0,0,0,0,92,0,0,0,0,0,0,0,0,0,0,0,0,0,0,0,0,0,0,0,0,0,0,0,0,0,0,0,0,0,0,0,0,0,0,0,0,0,0,0,75,0,51,0,77,0,49,0,0,0,0,0,0,0,0,0,5,0,3,0,0,0,0,0,0,0,0,0,74,0,19,0,3,0,53,0,0,0,26,0,0,0,0,0,0,0,0,0,0,0,0,0,0,0,0,0,0,0,0,0,0,0,0,0,0,0,0,0,0,0,0,0,102,158,103,35,67,0,0,0,0,0,0,0,0,0,0
0,90,0,177,0,136,0,0,0,0,0,45,0,0,17,95,0,24,0,7,0,85,0,16,6,28,0,87,0,25,0,46,0,0,0,144,0,83,0,5,0,0,0,142,0,50,0,0,0,0,0,31,0,13,0,0,0,6,0,0,0,6,0,27,0,0,0,0,0,0,0,2,0,0,0,0,0,0,0,0,0,0,0,0,0,0,0,0,0,0,0,0,0,0,0,0,0,0,0,0,0,0,0,0,0,0,0,0,0,0,0,0,0,0,0,0,0,0,0,0,0,0,0,4,0,0,0,0,0,0,0,0,0,0,0,0,0,125,0,201,0,55,0,47,0,20,0,0,0,4,0,0,0,0,0,14,0,25,0,40,0,0,0,0,0,0,0,60,0,16,0,0,0,36,0,0,0,42,0,38,0,0,0,0,0,0,0,1,0,0,0,0,0,0,0,0,0,0,0,0,0,0,0,0,0,0,0,0,0,0,0,0,0,0,33,0,0,0,83,396,112,14,0,0,0
0,0,0,0,101,23,0,0,0,0,0,0,169,39,14,0,0,0,208,46,67,0,0,0,0,0,76,26,38,0,80,0,49,0,0,0,158,0,0,0,0,0,52,0,41,0,0,11,6,0,159,0,0,0,0,0,0,0,0,0,0,0,5,0,0,0,0,0,0,0,5,0,0,0,17,0,0,0,0,0,0,0,0,0,0,0,7,0,0,0,0,0,0,0,0,0,0,0,0,0,0,0,0,0,0,0,0,0,0,0,0,0,0,0,0,0,0,0,0,0,0,0,0,0,0,0,0,0,0,0,0,0,0,0,0,0,0,0,0,0,0,0,0,0,0,0,0,0,0,0,4,0,0,0,0,0,0,0,0,0,0,0,0,0,69,0,61,0,0,0,0,0,30,0,0,0,23,0,10,0,0,0,0,0,0,0,2,0,0,0,0,0,0,0,0,0,0,0,0,0,0,0,0,0,0,0,0,0,0,0,149,203,225,0,86,0,4,0,0,0,0,0,0,0,0
0,0,0,0,0,157,0,0,0,1,0,54,0,76,17,36,0,20,0,334,0,75,0,26,0,5,0,61,0,41,0,122,0,144,0,0,0,237,0,4,0,0,0,93,0,0,0,0,0,0,0,89,0,0,0,0,0,0,0,0,0,0,0,0,0,0,0,0,0,0,0,8,0,0,0,0,0,0,0,0,0,0,0,0,0,57,0,13,0,0,0,0,0,0,0,0,0,0,0,0,0,0,0,0,0,0,0,0,0,0,0,0,0,0,0,0,0,0,0,0,0,0,0,20,0,0,0,0,0,0,0,0,0,0,0,140,0,96,0,94,0,0,0,67,0,0,0,0,0,0,0,0,0,0,0,0,0,0,0,0,0,0,0,2,0,11,0,144,0,55,0,0,0,22,0,0,3,54,0,8,0,0,0,0,0,0,0,64,0,0,0,0,0,0,0,0,0,0,0,0,0,0,0,0,0,0,0,0,0,0,3,0,0,0,98,0,0,0,250,452,372,33,0,0,0
5,0,0,0,133,0,11,0,0,0,39,4,34,0,103,4,0,0,20,0,34,0,0,0,0,0,139,0,85,1,52,0,135,0,158,0,0,0,82,0,0,0,148,0,174,0,0,0,9,0,98,0,0,0,0,0,6,0,8,0,39,0,13,0,0,0,1,0,0,0,75,0,5,0,127,0,0,0,0,0,164,0,0,0,107,0,98,0,0,0,63,0,0,0,0,0,242,0,256,0,0,0,0,0,0,0,53,0,2,0,0,0,0,0,0,0,0,0,0,0,0,0,0,0,0,0,0,0,0,0,0,0,1,0,0,0,38,0,104,0,143,0,127,0,239,0,0,0,0,0,0,0,0,0,8,0,28,0,0,0,2,0,14,0,35,0,87,0,37,0,45,0,124,0,0,0,29,0,1,0,3,0,4,0,0,0,0,0,0,0,0,0,0,0,0,0,0,0,0,0,0,0,0,0,0,0,0,0,0,0,79,160,152,30,47,2,3,0,0,0,0,0,0,0,0
0,105,0,0,20,199,0,0,0,0,0,41,14,21,25,89,0,7,0,133,8,22,25,4,23,19,0,79,0,41,0,0,0,83,0,237,0,0,0,23,0,0,0,187,0,121,0,0,0,0,0,98,0,6,0,0,0,6,0,1,0,24,0,19,0,0,0,0,0,0,0,10,0,0,0,14,0,0,0,5,0,0,0,6,0,27,0,0,0,0,0,0,0,0,0,0,0,0,0,0,0,0,0,0,0,0,0,0,0,0,0,0,0,0,0,0,0,0,0,0,0,0,0,43,0,0,0,0,0,0,0,0,0,0,0,167,0,237,0,320,0,289,0,267,0,168,0,0,0,0,0,0,0,0,0,8,0,79,0,24,0,0,0,0,0,25,0,79,0,70,0,14,0,96,0,0,20,113,0,49,0,0,0,11,0,0,0,25,0,0,0,0,0,0,0,0,0,0,0,0,0,0,0,0,0,0,0,0,0,0,0,0,0,0,34,0,0,0,45,473,172,0,0,0,0
252,26,505,34,93,42,141,0,61,0,23,0,0,0,0,69,94,0,0,0,0,0,29,32,49,26,0,0,29,8,4,0,1,0,0,0,82,0,0,0,0,0,1,0,2,0,0,0,2,0,0,0,17,0,18,0,1,0,2,0,19,0,38,0,0,0,0,0,0,0,0,0,0,0,42,0,0,0,0,0,55,0,0,0,69,0,29,0,0,0,16,0,0,0,26,0,116,0,86,0,25,0,0,0,0,0,0,0,0,0,0,0,0,0,0,0,0,0,0,0,38,0,22,0,0,0,0,0,0,0,0,0,0,0,15,0,22,0,63,0,73,0,73,0,90,0,0,0,0,0,0,0,0,0,14,0,47,0,19,0,0,0,0,0,0,0,19,0,9,0,16,0,138,0,0,0,106,11,0,0,0,0,36,0,0,0,0,0,0,0,0,0,0,0,0,0,0,0,0,0,0,0,0,0,0,0,0,0,0,0,60,428,58,14,15,0,2,0,0,0,0,0,0,0,0
27,152,39,203,0,0,28,234,10,0,0,0,0,0,0,0,0,18,0,0,0,5,20,3,23,126,0,0,0,30,0,7,0,5,0,4,0,23,0,0,0,0,0,4,0,5,0,0,0,0,0,4,0,7,0,17,0,3,0,0,0,23,0,18,0,0,0,2,0,0,0,1,0,0,0,0,0,0,0,0,0,0,0,0,0,0,0,0,0,0,0,0,0,0,0,0,0,0,0,0,0,0,0,0,0,0,0,0,0,0,0,0,0,0,0,0,0,0,0,0,0,0,0,0,0,0,0,0,0,0,0,0,0,0,0,46,0,51,0,80,0,26,0,13,0,8,0,0,0,0,0,0,0,0,0,13,0,12,0,22,0,0,0,0,0,0,0,2,0,0,0,3,0,30,0,0,8,70,0,3,0,0,0,11,0,0,0,0,0,0,0,0,0,0,0,0,0,0,0,0,0,0,0,0,0,0,0,0,0,0,0,0,0,0,10,0,0,0,10,298,11,4,0,0,0
21,0,34,0,58,0,6,0,0,0,60,0,324,28,0,0,0,0,3,0,0,0,0,0,0,0,40,54,0,0,0,0,0,0,0,0,0,0,0,0,0,98,71,14,35,62,307,147,162,0,34,0,0,0,0,0,0,0,0,0,2,0,0,0,0,0,0,0,0,0,0,0,0,0,0,0,0,0,0,0,0,0,0,0,0,0,0,0,0,0,0,0,0,0,0,0,0,0,0,0,0,0,0,0,0,0,0,0,0,0,0,0,0,0,0,0,0,0,0,0,0,0,0,0,0,0,0,0,0,0,0,0,0,0,0,0,0,0,0,0,0,0,0,0,0,0,0,0,0,0,0,0,0,0,0,0,0,0,0,0,0,0,0,0,0,0,0,0,0,0,0,0,0,0,0,0,40,16,73,0,0,0,17,0,0,0,314,0,0,0,0,0,0,0,0,0,0,0,0,0,0,0,0,0,0,0,0,0,0,0,0,125,23,0,0,0,0,15,0,26,0,0,0,0,0
0,55,0,0,0,41,0,0,0,0,0,177,102,441,0,0,0,0,40,10,22,7,0,0,0,0,216,50,0,0,0,0,0,0,0,0,0,0,0,0,98,0,84,56,39,32,194,172,0,210,102,18,0,0,0,0,0,0,0,0,0,0,0,0,0,0,0,0,0,0,0,0,0,0,0,0,0,0,0,0,0,0,0,0,0,0,0,0,0,0,0,0,0,0,0,0,0,0,0,0,0,0,0,0,0,0,0,0,0,0,0,0,0,0,0,0,0,0,0,0,0,0,0,0,0,0,0,0,0,0,0,0,0,0,0,0,0,0,0,0,0,0,0,0,0,0,0,0,0,0,0,0,0,0,0,0,0,0,0,0,0,0,0,0,0,11,0,0,0,0,0,0,0,0,0,0,1,143,0,5,0,13,0,0,0,0,117,42,0,0,0,0,0,0,0,0,0,0,0,0,0,0,0,0,0,0,0,0,0,0,0,0,0,0,0,0,0,0,4,94,24,0,0,0,18
0,0,0,0,0,0,0,0,0,0,0,0,129,26,0,0,0,0,24,0,8,1,0,0,0,0,332,73,78,0,29,0,39,0,52,0,148,0,1,0,71,84,0,9,174,57,113,170,111,0,38,0,0,0,0,0,0,0,0,0,0,0,0,0,0,0,0,0,0,0,0,0,0,0,0,0,0,0,0,0,0,0,0,0,0,0,0,0,0,0,0,0,0,0,0,0,0,0,0,0,0,0,0,0,0,0,0,0,0,0,0,0,0,0,0,0,0,0,0,0,0,0,0,0,0,0,0,0,0,0,0,0,0,0,0,0,0,0,0,0,0,0,0,0,0,0,0,0,0,0,0,0,0,0,0,0,0,0,0,0,0,0,5,0,79,0,20,0,36,0,0,0,14,0,0,0,38,0,20,0,0,0,0,0,0,0,143,0,0,0,0,0,0,0,0,0,0,0,3,0,0,0,0,0,0,0,0,0,0,0,20,69,204,11,0,0,0,3,0,9,0,0,0,0,0
0,2,0,0,0,0,0,0,0,2,0,0,47,123,0,0,0,27,27,19,4,55,0,0,0,0,61,250,0,33,0,63,0,142,0,93,0,187,0,4,14,56,9,0,0,224,31,81,0,35,14,61,0,0,0,0,0,0,0,6,0,0,0,4,0,0,0,0,0,2,0,0,0,0,0,0,0,0,0,0,0,81,0,0,0,0,0,0,0,0,0,0,0,0,0,0,0,0,0,0,0,0,0,0,0,0,0,0,0,0,0,0,0,0,0,0,0,0,0,0,0,0,0,40,0,0,0,0,0,0,0,0,0,0,0,161,0,0,0,0,0,101,0,170,0,0,0,0,0,0,0,0,0,0,0,0,0,8,0,0,0,0,0,0,0,41,0,17,0,35,0,0,0,11,0,0,1,20,2,0,0,0,0,0,0,0,17,124,0,0,0,0,0,0,0,0,0,0,0,0,0,0,0,0,0,0,0,0,0,0,0,0,0,0,25,0,0,0,67,158,167,0,0,0,0
0,0,0,0,0,0,0,0,0,0,24,0,86,0,17,0,35,0,10,0,25,0,0,0,0,0,259,0,0,0,0,0,30,0,41,0,174,0,2,0,35,39,174,0,0,0,136,48,213,0,78,0,5,0,0,0,0,0,0,0,0,0,0,0,0,0,0,0,9,0,75,0,10,0,97,0,50,0,0,0,0,0,0,0,0,0,80,0,0,0,0,0,198,0,196,0,703,0,0,0,0,0,0,0,0,0,0,0,0,0,0,0,0,0,0,0,0,0,0,0,0,0,48,0,0,0,0,0,0,0,0,0,0,0,0,0,0,0,0,0,0,0,151,0,0,0,0,0,0,0,0,0,0,0,0,0,0,0,0,0,9,0,0,0,177,0,36,0,190,0,14,0,33,0,0,0,0,5,13,0,0,0,12,0,0,0,95,0,0,0,0,0,0,0,0,0,0,0,0,0,113,0,0,0,0,0,0,0,0,0,74,166,429,23,46,25,0,67,0,2,0,0,0,0,0
0,25,0,6,0,15,0,0,0,0,0,0,64,30,0,0,0,0,22,49,0,72,0,0,0,0,61,306,0,6,0,12,0,50,0,0,0,121,0,5,62,32,57,224,0,0,100,246,0,169,35,91,0,0,0,0,0,0,0,0,0,1,0,0,0,11,0,0,0,14,0,13,0,0,0,0,0,28,0,0,0,0,0,70,0,0,0,0,0,0,0,0,0,20,0,78,0,0,0,0,0,13,0,0,0,0,0,0,0,0,0,0,0,5,0,0,0,0,0,0,0,0,0,74,0,0,0,0,0,0,0,0,0,0,0,0,0,0,0,0,0,112,0,280,0,0,0,0,0,0,0,0,0,2,0,0,0,6,0,0,0,0,0,5,0,221,0,28,0,126,0,0,0,14,0,0,0,35,0,0,0,0,0,0,0,0,45,9,0,0,0,0,0,0,0,0,0,0,0,0,0,0,0,0,0,0,0,0,0,0,0,1,0,0,0,0,0,0,81,306,369,11,19,5,40
43,0,70,0,150,0,20,0,16,0,77,0,297,59,24,0,0,0,25,0,0,0,30,0,0,0,172,0,0,0,0,0,0,0,0,0,0,0,0,0,307,194,113,31,136,100,0,240,233,7,44,0,0,0,0,0,0,0,0,0,0,0,0,0,0,0,0,0,0,0,0,0,0,0,0,0,0,0,0,0,0,0,0,0,0,0,0,0,0,0,0,0,0,0,0,0,0,0,0,0,0,0,0,0,0,0,0,0,0,0,0,0,0,0,0,0,0,0,0,0,0,0,0,0,0,0,0,0,0,0,0,0,0,0,0,0,0,0,0,0,0,0,0,0,0,0,0,0,0,0,0,0,0,0,0,0,0,0,0,0,0,0,0,0,19,0,0,0,0,0,0,0,0,0,0,0,0,25,35,0,0,0,0,0,0,0,309,0,0,0,0,0,0,0,0,0,0,0,0,0,13,0,0,0,0,0,0,0,0,0,33,469,235,0,13,0,0,85,0,22,0,0,0,0,0
0,104,0,0,0,122,0,0,0,35,0,229,243,197,0,0,0,0,113,50,40,15,0,0,0,0,266,241,0,0,1,0,0,0,11,0,0,0,0,0,147,172,170,81,48,246,240,0,1,109,197,32,0,0,0,0,0,0,0,0,0,0,0,0,0,0,0,0,0,0,0,0,0,0,0,0,0,0,0,0,0,0,0,0,0,0,0,0,0,0,0,0,0,1,0,0,0,0,0,0,0,0,0,0,0,0,0,0,0,0,0,0,0,0,0,0,0,0,0,0,0,0,0,0,0,0,0,0,0,0,0,0,0,0,0,0,0,0,0,0,0,0,0,0,0,0,0,0,0,0,0,16,0,0,0,0,0,0,0,0,0,0,0,0,0,0,0,0,0,0,0,0,0,0,0,0,0,112,0,0,0,0,0,0,0,0,129,35,0,0,0,0,0,0,0,0,0,0,0,0,0,0,0,0,0,0,0,0,0,0,0,0,0,0,0,0,0,0,0,503,90,0,0,1,28
14,0,20,0,21,0,25,0,0,0,20,3,96,0,0,0,0,0,0,0,5,0,0,0,0,0,38,0,0,0,0,0,3,0,6,0,9,0,2,0,162,0,111,0,213,0,233,1,0,0,44,0,0,0,19,0,40,0,28,0,6,0,0,0,0,0,0,0,10,0,1,0,0,0,0,0,6,0,5,0,0,0,14,0,0,0,6,0,0,0,0,0,9,0,25,0,15,0,4,0,5,0,17,0,0,0,12,0,0,0,0,0,0,0,0,0,0,0,0,0,3,0,0,0,0,0,7,0,0,0,0,0,0,0,0,0,0,0,0,0,0,0,0,0,0,0,0,0,7,0,19,0,0,0,7,0,14,0,10,0,23,0,11,0,37,0,17,0,39,0,13,0,7,0,0,0,58,4,50,0,0,0,7,0,7,0,159,0,10,0,0,0,18,0,7,0,0,0,19,0,6,0,19,0,31,0,0,0,9,0,107,110,303,22,237,39,12,52,0,3,1,0,0,0,0
0,8,0,0,0,0,0,0,0,0,0,21,0,55,0,0,0,0,0,0,0,0,0,0,0,0,6,14,0,0,0,0,0,0,0,0,0,0,0,0,0,210,0,35,0,169,7,109,0,0,0,17,0,0,0,0,0,0,0,0,0,0,0,0,0,0,0,0,0,4,0,0,0,0,0,0,0,6,0,0,0,0,0,0,0,0,0,0,0,0,0,0,0,0,0,4,0,0,0,0,0,6,0,4,0,0,0,1,0,0,0,0,0,0,0,0,0,0,0,0,0,0,0,0,0,0,0,1,0,0,0,0,0,0,0,0,0,0,0,0,0,0,0,0,0,2,0,0,0,0,0,0,0,0,0,0,0,0,0,0,0,0,0,1,0,48,0,7,0,14,0,0,0,0,0,4,0,127,0,8,0,18,0,0,0,10,21,39,0,0,0,0,0,0,0,0,0,0,0,0,0,2,0,2,0,0,0,0,0,0,0,0,0,0,16,0,0,0,10,31,55,3,5,1,31
0,0,0,0,95,0,0,0,0,0,0,0,367,120,0,0,13,0,274,0,15,0,6,0,0,0,457,167,20,0,16,0,27,0,159,0,98,0,0,0,34,102,38,14,78,35,44,197,44,0,0,14,0,0,0,0,5,0,6,0,0,0,0,0,0,0,0,0,0,0,13,0,0,0,0,0,0,0,0,0,0,0,0,0,0,0,13,0,0,0,15,0,18,0,0,0,0,0,0,0,13,0,0,0,0,0,0,0,0,0,0,0,0,0,0,0,0,0,0,0,0,0,0,0,0,0,0,0,0,0,0,0,0,0,0,0,0,0,0,0,0,0,0,0,10,0,0,0,0,0,0,0,0,0,0,0,0,0,0,0,0,0,9,0,153,0,33,0,128,0,23,0,84,0,0,0,46,0,19,0,4,0,11,0,0,0,121,0,0,0,0,0,0,0,0,0,0,0,0,0,0,0,0,0,0,0,0,0,0,0,57,147,307,41,43,0,0,0,0,5,0,0,0,0,0
0,3,0,0,0,101,0,0,0,0,0,11,48,417,0,0,0,0,35,220,6,27,0,0,0,0,39,391,0,7,0,17,0,31,0,89,0,98,0,4,0,18,0,61,0,91,0,32,0,17,14,0,0,0,0,0,0,0,0,12,0,0,0,0,0,0,0,0,0,0,0,7,0,2,0,18,0,20,0,11,0,82,0,53,0,70,0,0,0,0,0,0,0,9,0,49,0,10,0,65,0,0,0,6,0,0,0,0,0,0,0,0,0,0,0,0,0,0,0,0,0,0,0,50,0,0,0,0,0,0,0,3,0,0,0,185,0,0,0,0,0,0,0,164,0,49,0,0,0,0,0,0,0,0,0,0,0,7,0,0,0,9,0,0,0,92,0,16,0,199,0,13,0,46,0,0,0,35,0,5,0,0,0,0,0,0,9,70,0,0,0,0,0,0,0,0,0,0,0,0,0,0,0,0,0,19,0,0,0,0,0,0,0,0,0,0,0,0,66,174,242,9,27,0,0
0,6,0,0,16,0,32,21,19,55,5,0,8,0,0,0,97,0,10,0,14,0,0,0,50,0,0,0,29,0,10,0,4,0,0,0,0,0,17,0,0,0,0,0,5,0,0,0,0,0,0,0,0,12,85,27,86,6,25,29,19,0,95,0,6,0,6,45,0,0,0,0,0,0,0,0,0,0,0,0,0,0,0,0,0,0,0,0,0,0,1,0,0,0,0,0,18,0,0,0,0,0,0,0,0,0,0,0,0,0,0,0,0,0,0,0,0,0,0,0,0,0,0,0,7,0,2,0,69,0,23,0,4,0,12,0,63,0,127,0,20,0,53,0,21,0,0,0,7,2,0,0,0,0,181,0,70,0,164,0,19,0,2,0,0,0,1,0,4,0,38,0,5,0,0,0,7,6,0,0,0,0,0,0,0,1,0,0,0,0,0,0,0,0,0,0,0,0,0,0,28,0,0,0,0,0,0,0,2,0,123,347,69,64,95,0,12,0,0,0,0,0,0,0,0
0,0,0,0,0,0,0,52,52,16,0,1,0,0,0,0,0,24,0,0,0,0,0,6,0,19,0,0,0,12,0,0,0,13,0,0,0,6,0,7,0,0,0,0,0,0,0,0,0,0,0,0,12,0,53,162,15,82,80,17,0,58,0,86,0,3,35,0,0,0,0,0,0,0,0,0,0,0,0,0,0,0,0,0,0,0,0,0,0,0,0,0,0,0,0,0,0,0,0,0,0,0,0,0,0,0,0,0,0,0,0,0,0,0,0,0,0,0,0,0,0,0,0,0,0,0,0,0,0,80,0,0,0,115,0,107,0,131,0,166,0,36,0,32,0,22,0,0,0,0,0,0,0,0,1,80,0,49,0,100,0,5,0,0,0,0,0,0,0,0,0,3,0,1,0,0,0,48,0,0,0,0,0,0,0,0,0,0,0,0,0,0,0,0,0,0,0,0,0,0,0,0,0,0,0,0,0,0,0,0,0,0,0,0,21,0,0,0,18,479,6,20,0,0,0
0,43,39,2,13,0,215,110,24,338,0,0,0,0,127,0,72,7,0,0,0,0,130,0,228,20,0,0,22,1,6,0,12,0,0,0,0,0,18,0,0,0,0,0,0,0,0,0,19,0,0,0,85,53,0,84,24,0,32,23,40,15,93,76,1,0,3,41,0,0,0,0,0,0,0,0,1,0,0,0,0,0,0,0,0,0,0,0,0,0,0,0,0,0,0,0,0,0,0,0,0,0,0,0,0,0,0,0,0,0,0,0,0,0,0,0,0,0,0,0,0,0,0,0,0,0,0,0,29,0,7,0,0,0,69,0,21,0,0,0,0,0,0,0,0,0,0,0,0,0,0,0,0,0,37,0,11,0,9,0,16,0,0,0,0,0,2,0,16,0,70,0,0,0,0,0,52,37,0,0,0,0,0,0,0,0,0,0,0,0,0,0,0,0,0,0,0,0,0,0,12,0,0,0,0,0,0,0,7,0,193,121,129,235,266,0,104,0,0,0,0,0,0,0,0
0,30,0,76,0,22,23,421,137,77,0,0,0,0,0,78,0,37,0,38,0,0,0,99,0,263,0,12,0,24,0,7,0,0,0,0,0,0,0,17,0,0,0,0,0,0,0,0,0,0,0,0,27,162,84,0,29,189,253,50,0,48,19,88,0,3,128,18,0,0,0,0,0,0,0,0,0,1,0,0,0,0,0,0,0,0,0,0,0,0,0,0,0,0,0,0,0,8,0,0,0,0,0,0,0,0,0,0,0,0,0,0,0,0,0,0,0,0,0,0,0,0,0,0,0,72,0,38,0,92,0,126,0,63,0,161,0,270,0,56,0,6,0,0,0,0,0,19,0,6,0,0,0,0,0,48,0,0,0,21,0,22,0,0,0,10,0,7,0,50,0,50,0,47,0,0,7,48,0,0,1,0,0,0,0,14,0,0,0,0,0,0,0,0,0,0,0,0,0,0,0,0,0,0,0,0,0,0,0,213,3,0,0,0,469,0,0,0,266,412,375,501,61,0,0
0,0,10,0,0,0,20,0,5,26,0,0,0,0,0,0,19,0,0,0,6,0,0,0,42,0,0,0,3,0,3,0,0,0,0,0,6,0,1,0,0,0,0,0,0,0,0,0,40,0,5,0,86,15,24,29,0,36,352,88,5,0,18,0,30,15,12,114,0,0,0,0,0,0,0,0,0,0,0,0,0,0,0,0,0,0,0,0,0,0,0,0,0,0,0,0,0,0,0,0,0,0,0,0,0,0,0,0,0,0,0,0,0,0,0,0,0,0,0,0,0,0,0,0,0,0,10,0,96,0,35,6,5,0,26,0,0,0,5,2,0,0,0,0,0,0,0,0,3,0,0,0,0,0,106,19,13,0,100,0,29,16,0,0,0,0,0,0,47,0,136,0,5,0,0,0,0,0,0,0,66,3,0,0,0,0,0,0,0,0,0,0,0,0,0,0,0,0,0,0,0,0,0,0,0,0,0,0,18,0,554,149,423,508,694,43,67,0,0,0,0,0,0,0,0
0,3,0,21,0,0,0,41,0,32,0,0,0,0,0,0,0,80,0,0,0,0,0,46,0,54,0,0,0,11,0,0,0,6,0,0,0,6,0,3,0,0,0,0,0,0,0,0,0,0,0,0,6,82,0,189,36,0,116,178,0,13,0,22,0,9,59,15,0,0,0,0,0,0,0,0,0,2,0,0,0,0,0,0,0,0,0,1,0,0,0,0,0,1,0,0,0,0,0,0,0,0,0,0,0,0,0,0,0,0,0,0,0,0,0,0,0,0,0,0,0,0,0,0,0,62,0,21,0,99,0,136,0,27,0,29,0,89,0,28,0,4,0,0,0,1,0,15,0,0,0,1,0,2,6,124,0,13,0,111,0,51,0,0,0,14,0,10,0,45,0,153,0,0,0,2,3,0,0,0,9,1,0,0,2,17,0,0,0,0,0,0,0,0,0,0,0,0,0,0,0,0,0,0,0,0,0,0,0,44,0,0,0,0,488,0,0,0,437,209,564,464,103,5,0
10,0,21,0,0,0,52,11,194,176,0,0,10,0,0,0,9,0,0,0,6,0,0,0,24,0,0,0,8,0,0,0,0,0,0,0,8,0,2,0,0,0,0,0,0,0,0,0,28,0,6,0,25,80,32,253,352,116,0,276,28,5,23,29,64,18,153,307,0,0,0,0,0,0,0,0,0,0,0,0,0,0,0,0,0,0,0,0,0,0,0,0,0,0,0,0,0,0,0,0,0,0,0,0,0,0,0,0,0,0,0,0,0,0,0,0,0,0,0,0,0,0,0,0,5,0,0,0,16,0,24,0,2,0,0,0,0,0,0,0,0,0,0,0,0,0,0,0,4,1,0,0,0,0,34,27,51,0,14,19,76,0,0,0,0,0,21,0,28,0,111,0,0,0,0,0,96,18,0,0,89,0,0,0,154,48,0,0,0,0,0,0,0,0,0,0,0,0,2,0,0,0,0,0,0,0,0,0,14,0,866,239,240,545,856,52,134,0,1,0,0,0,0,0,0
0,14,0,13,0,11,0,66,20,156,0,5,0,0,0,5,0,4,0,0,0,5,0,0,0,0,0,16,0,0,0,0,0,0,0,0,0,1,0,0,0,0,0,6,0,0,0,0,0,0,0,12,29,17,23,50,88,178,276,0,0,33,0,9,0,65,144,121,0,0,0,0,0,0,0,0,0,0,0,0,0,0,0,0,0,0,0,0,0,0,0,0,0,0,0,0,0,0,0,0,0,0,0,0,0,0,0,0,0,0,0,0,0,0,0,0,0,0,0,0,0,0,0,0,0,28,0,0,0,1,0,23,0,0,0,0,0,0,1,0,0,0,0,0,0,6,0,0,0,2,0,0,0,0,30,16,0,57,9,2,0,86,0,0,0,12,0,15,0,40,0,0,0,32,0,19,11,0,0,0,29,0,0,0,16,145,0,0,0,0,0,0,0,0,0,0,0,0,0,0,0,0,0,0,0,0,0,0,0,4,2,0,0,0,959,0,0,0,1048,448,586,632,228,1,0
32,0,24,4,11,0,207,0,162,0,0,0,0,0,0,0,11,0,5,0,0,0,0,0,0,10,5,0,27,0,0,0,0,0,0,0,39,0,19,0,2,0,0,0,0,0,0,0,6,0,0,0,19,0,40,0,5,0,28,0,0,0,25,0,0,0,2,0,0,0,4,0,0,0,0,0,0,0,0,0,0,0,0,0,0,0,0,0,0,0,0,0,0,0,0,0,0,0,8,0,0,0,0,0,0,0,0,0,0,0,0,0,0,0,0,0,0,0,0,0,0,0,0,0,0,0,0,0,0,0,0,0,0,0,0,0,0,0,170,0,90,0,0,0,314,0,0,0,4,0,0,0,0,0,70,0,161,0,59,0,3,1,9,0,1,0,0,0,4,0,191,0,82,0,0,0,106,8,0,0,0,0,13,0,12,0,0,0,0,0,0,0,0,0,0,0,0,0,0,0,0,0,0,0,0,0,0,0,0,0,47,100,111,60,34,0,38,0,0,0,0,0,0,0,0
1,45,4,0,0,1,21,183,0,191,0,0,0,0,0,0,0,5,0,0,0,0,0,0,0,24,0,0,0,22,0,0,0,6,0,0,0,24,0,23,0,0,0,0,0,1,0,0,0,0,0,0,0,58,15,48,0,13,5,33,0,0,0,67,0,1,0,0,0,0,0,0,0,0,0,0,0,1,0,0,0,0,0,0,0,0,0,0,0,0,0,0,0,0,0,0,0,0,0,0,0,0,0,0,0,0,0,0,0,0,0,0,0,0,0,0,0,0,0,0,0,0,0,1,0,0,0,0,0,0,0,0,0,0,0,0,0,21,0,124,0,113,0,13,0,248,0,0,0,0,0,0,0,0,0,43,0,214,0,86,0,0,0,3,0,5,0,3,0,17,0,117,0,225,0,0,12,53,0,0,0,0,0,0,0,5,0,0,0,0,0,0,0,0,0,0,0,0,0,0,0,0,0,0,0,0,0,0,0,0,0,0,0,0,27,0,0,0,14,430,116,66,0,1,0
11,32,0,8,25,0,259,64,135,27,0,0,9,0,19,0,179,5,0,0,68,0,0,0,27,36,0,0,102,4,43,0,15,0,5,0,13,0,38,0,0,0,0,0,0,0,0,0,0,0,0,0,95,0,93,19,18,0,23,0,25,0,0,17,0,0,0,0,0,0,2,0,0,0,0,0,0,0,0,0,0,0,0,0,27,0,0,0,0,0,0,0,0,0,0,0,0,0,0,0,0,0,0,0,0,0,0,0,0,0,0,0,0,0,0,0,0,0,0,0,0,0,0,0,0,0,0,0,0,0,0,0,0,0,6,0,80,0,168,0,70,0,86,0,43,0,0,0,0,0,0,0,0,0,100,0,38,0,86,0,0,0,2,0,0,0,0,0,0,0,12,0,8,0,0,0,87,8,4,0,0,0,0,0,5,0,0,0,0,0,0,0,0,0,0,0,0,0,0,0,0,0,0,0,0,0,0,0,0,0,56,410,15,21,31,1,4,0,0,0,0,0,0,0,0
3,30,0,10,0,1,82,337,120,90,0,0,0,0,0,11,0,57,0,16,0,11,0,49,0,128,0,16,0,12,0,20,0,27,0,0,0,19,0,18,0,0,0,4,0,0,0,0,0,0,0,0,0,86,76,88,0,22,29,9,0,67,17,0,0,1,0,0,0,0,0,0,0,0,0,0,0,0,0,0,0,1,0,0,0,0,0,0,0,0,0,0,0,0,0,0,0,0,0,1,0,0,0,0,0,0,0,0,0,0,0,0,0,0,0,0,0,0,0,0,0,0,0,0,0,2,0,0,0,0,0,0,0,0,0,21,0,0,0,94,0,22,0,17,0,15,0,0,0,1,0,0,0,0,0,34,0,11,0,40,0,0,0,0,0,0,0,0,1,0,0,0,0,23,0,0,10,109,0,0,0,0,8,0,0,0,0,0,0,0,0,0,0,0,0,0,0,0,0,0,0,0,0,0,0,0,0,0,0,0,0,0,0,0,16,0,0,0,9,282,14,20,0,0,0
20,0,16,0,36,0,21,0,230,0,13,0,37,0,0,0,0,0,0,0,0,0,0,0,0,0,0,0,0,0,0,0,2,0,0,0,0,0,0,0,0,0,0,0,0,0,0,0,0,0,0,0,6,0,1,0,30,0,64,0,0,0,0,0,0,0,77,24,0,0,0,0,0,0,1,0,0,0,1,0,0,0,0,0,0,0,0,0,0,0,0,0,1,0,0,0,0,0,0,0,0,0,0,0,0,0,3,0,0,0,0,0,0,0,0,0,0,0,0,0,0,0,0,0,8,0,7,0,0,0,31,0,0,0,4,0,0,0,4,16,0,0,0,0,7,12,14,0,39,0,13,0,0,0,0,26,0,0,7,30,302,55,1,0,0,0,0,0,0,0,0,0,0,0,4,10,14,0,0,0,447,45,3,0,131,0,0,0,0,0,0,0,0,0,0,0,0,0,0,0,0,0,0,0,0,0,0,0,0,0,94,14,0,0,75,0,0,0,0,0,0,0,0,0,0
0,126,0,10,0,102,0,32,0,251,0,44,0,0,0,15,0,0,0,81,0,0,0,0,0,0,0,101,0,0,0,0,0,0,0,0,0,0,0,0,0,0,0,0,0,11,0,0,0,0,0,0,0,3,0,3,15,9,18,65,0,1,0,1,0,0,0,322,0,0,0,0,0,1,0,1,0,0,0,0,0,0,0,0,0,0,0,0,0,0,0,0,0,1,0,0,0,0,0,0,0,0,0,0,0,0,0,0,0,0,0,0,0,0,0,0,0,0,0,0,0,0,0,2,0,26,0,30,0,0,39,147,0,0,0,0,0,0,0,6,0,8,0,0,7,9,0,89,0,319,2,57,0,16,0,0,0,2,0,2,47,241,0,0,0,0,0,0,0,0,0,0,0,0,2,54,0,0,0,0,68,156,0,3,0,79,0,0,0,0,0,0,0,0,0,0,0,0,0,0,0,7,0,0,0,0,0,0,0,35,0,0,0,0,60,0,0,0,104,25,0,0,0,0,0
16,0,0,0,0,0,11,10,141,60,0,0,4,0,0,0,0,0,0,0,0,0,0,0,0,0,0,0,0,0,0,0,0,0,0,0,1,0,0,0,0,0,0,0,0,0,0,0,0,0,0,0,6,35,3,128,12,59,153,144,2,0,0,0,77,0,0,88,0,0,1,0,0,0,0,0,0,0,0,0,0,0,0,0,0,0,0,0,0,0,0,0,0,0,0,0,0,0,0,0,0,0,0,0,0,0,0,0,0,0,0,0,0,0,0,0,0,0,0,0,0,0,0,0,7,0,0,0,0,0,21,0,1,0,0,0,0,0,0,0,0,0,0,0,0,0,0,0,12,0,0,0,0,0,3,8,0,0,0,5,36,0,0,0,0,0,1,0,0,0,7,0,0,0,0,0,171,11,0,0,0,0,0,0,395,24,0,0,0,0,0,0,0,0,0,0,0,0,0,0,0,0,0,0,0,0,0,0,0,0,63,23,18,34,59,0,0,0,0,0,0,0,0,0,0
0,15,0,0,0,0,0,5,26,293,0,0,0,0,0,0,0,0,0,0,0,0,0,0,0,0,0,0,0,0,0,0,0,0,0,0,0,0,0,2,0,0,0,0,0,0,0,0,0,0,0,0,45,0,41,18,114,15,307,121,0,0,0,0,24,322,88,0,0,0,0,0,0,0,0,0,0,0,0,0,0,0,0,0,0,0,0,0,0,0,0,0,0,0,0,0,0,0,0,0,0,0,0,0,0,0,0,0,0,0,0,0,0,0,0,0,0,0,0,0,0,0,0,0,0,28,0,13,0,0,0,44,0,0,4,0,0,0,0,0,0,0,0,0,0,0,0,17,2,41,0,0,0,0,16,0,1,0,0,0,0,54,0,0,0,2,0,0,0,6,0,0,0,0,0,49,17,42,0,0,51,28,2,0,19,591,0,0,0,0,0,0,0,0,0,0,0,0,0,0,0,0,0,0,0,0,0,0,0,0,0,0,0,0,145,0,0,0,200,294,76,0,43,0,0
0,0,0,0,0,0,0,0,0,0,1,0,0,0,0,0,0,0,0,0,0,0,0,0,0,0,0,0,0,0,0,0,0,0,0,0,0,0,0,0,0,0,0,0,9,0,0,0,10,0,0,0,0,0,0,0,0,0,0,0,0,0,0,0,0,0,0,0,0,0,0,0,7,0,0,0,178,0,16,0,0,0,18,0,0,0,2,0,8,0,0,1,39,0,0,0,9,0,0,0,8,0,208,0,0,0,20,0,23,0,1,0,3,0,0,0,0,0,0,0,0,0,0,1,0,0,0,0,0,0,0,0,0,0,0,0,0,0,0,0,0,0,0,0,0,0,0,0,0,0,0,0,0,0,0,0,0,0,0,0,0,0,0,0,4,0,0,0,45,0,3,0,0,0,0,0,0,0,0,0,0,0,0,0,0,0,0,0,0,0,0,0,0,0,22,0,0,0,0,0,0,0,0,0,0,0,0,0,0,0,38,0,71,0,0,28,52,0,0,0,0,0,0,0,0
0,0,0,0,0,0,0,0,0,0,0,0,0,0,0,0,0,0,0,0,0,0,0,0,0,0,0,9,0,0,0,0,0,0,0,0,0,0,0,0,0,0,0,2,0,14,0,0,0,4,0,0,0,0,0,0,0,0,0,0,0,0,0,0,0,0,0,0,0,0,0,0,0,0,0,0,0,58,0,0,0,3,0,25,0,0,0,11,0,11,0,0,0,59,0,29,0,0,0,0,0,21,0,179,0,0,0,16,0,50,0,0,0,14,0,1,0,11,0,0,0,0,0,0,0,0,0,0,0,0,0,0,0,0,0,0,0,0,0,0,0,0,0,0,0,0,0,5,0,2,0,0,0,0,0,0,0,1,0,1,0,0,0,0,0,24,0,0,0,36,0,0,0,0,0,1,0,0,0,0,0,0,0,0,0,0,0,0,0,0,0,0,0,0,0,0,0,0,0,0,0,0,0,0,0,0,0,0,0,0,0,0,0,0,6,0,0,0,40,0,47,0,85,40,0
0,0,0,0,0,0,0,0,0,0,0,0,0,0,0,0,0,0,0,0,17,0,0,0,0,0,85,0,12,0,26,0,19,0,5,0,75,0,0,0,0,0,0,0,75,0,0,0,1,0,13,0,0,0,0,0,0,0,0,0,4,0,2,0,0,0,1,0,0,0,0,0,227,0,244,1,4,0,150,0,0,3,0,0,0,1,17,1,0,0,0,0,0,0,2,0,0,0,0,0,0,0,0,0,0,0,0,0,0,0,0,0,0,0,0,0,0,0,0,0,29,0,4,0,0,0,6,0,0,0,17,0,0,0,0,0,21,0,0,0,118,0,49,0,79,3,44,0,63,19,15,0,47,5,0,0,4,0,0,0,0,8,40,0,0,0,11,0,14,0,44,0,60,0,21,0,1,0,0,0,47,0,0,0,18,0,0,0,0,0,0,0,0,0,0,0,0,0,0,0,0,0,0,0,0,0,0,0,0,0,9,0,35,0,4,0,0,0,0,0,0,0,0,0,0
0,0,0,0,0,0,0,0,0,0,0,0,0,0,0,0,0,0,0,15,0,0,0,0,0,0,0,26,0,0,0,5,0,2,0,8,0,10,0,1,0,0,0,0,0,13,0,0,0,0,0,7,0,0,0,0,0,0,0,0,0,0,0,0,0,0,0,0,0,0,0,0,0,178,0,234,0,58,0,8,0,2,0,0,0,0,0,114,0,0,0,0,0,0,0,0,0,0,0,0,0,0,0,0,0,0,0,0,0,0,0,0,0,0,0,0,0,0,0,0,0,0,0,8,3,65,0,0,0,3,4,0,0,42,0,0,0,4,0,0,0,28,0,7,0,117,0,0,3,31,0,0,0,18,0,0,0,0,0,0,0,0,0,13,0,0,0,5,0,4,0,11,0,18,0,23,0,0,0,0,0,36,0,0,0,0,0,0,0,0,0,0,0,0,0,0,0,0,0,0,0,7,0,0,0,0,0,0,0,0,0,0,0,0,6,0,0,0,0,0,27,0,0,0,0
0,0,0,0,0,0,0,0,0,0,0,0,0,0,0,0,0,0,0,0,0,0,0,0,0,0,0,0,0,0,0,0,0,0,0,0,5,0,0,0,0,0,0,0,10,0,0,0,0,0,0,0,0,0,0,0,0,0,0,0,0,0,0,0,0,0,0,0,7,0,227,0,0,0,155,0,49,0,288,0,1,0,26,0,0,0,4,0,0,0,0,0,4,0,3,0,0,0,0,0,0,0,0,0,0,0,0,0,0,0,0,0,0,0,0,0,0,0,0,0,38,0,2,0,0,0,0,0,0,0,2,0,7,0,96,0,56,0,0,2,56,0,118,0,50,0,26,0,23,6,115,0,14,0,0,0,0,0,0,0,0,0,88,0,0,0,0,0,8,0,13,0,11,0,0,0,0,0,0,0,38,0,0,0,0,0,0,0,0,0,0,0,0,0,0,0,0,0,121,0,73,0,0,0,59,0,0,0,90,0,133,0,23,5,4,0,2,0,0,0,0,0,0,0,0
0,0,0,0,0,0,0,0,0,1,0,0,0,0,0,0,0,0,0,0,0,0,0,0,0,0,0,0,0,0,0,0,0,0,0,0,0,0,0,0,0,0,0,0,0,0,0,0,0,0,0,2,0,0,0,0,0,0,0,0,0,0,0,0,0,1,0,0,0,0,0,178,0,0,0,199,0,67,0,14,0,13,0,19,0,10,0,88,0,0,0,0,0,0,0,3,0,7,0,0,0,1,0,0,0,0,0,0,0,0,0,0,0,0,0,0,0,0,0,0,0,23,0,24,5,62,0,83,0,0,0,9,0,0,0,128,0,0,5,0,0,0,0,12,0,103,0,0,0,0,0,66,0,14,0,0,0,0,0,0,0,0,0,55,0,3,0,0,0,0,0,0,0,0,0,0,0,0,0,0,0,0,0,0,0,2,0,0,0,0,0,0,0,0,0,0,0,0,0,0,0,92,0,179,0,82,0,0,0,147,0,0,0,0,17,0,0,0,119,0,9,2,0,0,0
0,0,0,0,0,0,0,0,0,0,0,0,0,0,0,0,15,0,47,0,36,0,0,0,0,0,198,0,38,0,54,0,41,0,17,0,127,0,42,0,0,0,0,0,97,0,0,0,0,0,0,0,0,0,0,0,0,0,0,0,0,0,0,0,1,0,0,0,0,0,244,0,155,0,0,0,9,0,192,0,25,0,52,0,12,0,39,0,0,0,4,2,0,0,0,0,14,0,0,0,0,0,0,0,0,0,0,13,0,0,0,0,0,0,0,0,0,0,0,0,124,0,67,0,0,39,8,0,0,0,9,22,0,0,36,0,6,0,4,12,133,26,75,0,175,8,0,31,70,0,20,0,60,0,1,0,7,0,0,0,0,0,32,0,0,0,19,0,7,0,32,0,54,0,46,3,0,0,0,0,67,17,0,0,0,0,0,0,0,0,0,0,0,0,0,0,0,0,0,0,70,0,0,0,0,0,0,0,0,0,10,0,17,0,0,0,0,0,0,0,0,0,0,0,0
0,0,0,0,0,0,0,0,0,0,0,0,0,0,1,0,0,0,0,0,0,29,0,3,0,0,0,44,0,0,0,0,0,0,0,0,0,14,0,0,0,0,0,0,0,0,0,0,0,0,0,18,0,0,0,0,0,0,0,0,0,0,0,0,0,1,0,0,0,0,1,234,0,199,0,0,0,18,0,121,0,0,0,0,0,0,0,121,0,0,0,0,0,0,0,0,0,0,0,0,0,1,0,0,0,0,0,0,0,0,0,0,0,0,0,0,0,0,0,0,0,166,0,44,0,0,0,0,0,0,0,0,5,0,0,51,0,3,0,0,0,74,0,30,6,288,5,0,0,47,0,54,0,43,0,0,0,4,0,0,0,1,0,34,0,0,0,0,0,6,0,7,0,21,0,39,0,0,0,0,0,38,0,0,0,0,0,0,0,0,0,0,0,0,0,0,0,0,0,0,0,30,0,0,0,0,0,0,0,0,0,0,0,0,0,0,0,0,28,1,16,0,4,0,0
0,0,0,0,0,0,0,0,0,0,0,0,0,0,0,0,0,0,0,0,0,0,0,0,0,0,0,0,0,0,0,0,0,0,0,0,0,0,0,0,0,0,0,0,50,0,0,0,6,0,0,0,0,0,1,0,0,0,0,0,0,0,0,0,0,0,0,0,178,0,4,0,49,0,9,0,0,0,29,0,9,0,53,0,0,0,17,0,5,0,0,0,65,0,39,0,0,0,12,0,0,0,127,0,0,0,84,0,12,0,0,0,0,0,0,0,10,0,0,0,17,0,3,0,0,0,0,0,0,0,0,0,0,0,0,0,0,0,0,0,0,4,0,0,0,0,0,0,0,0,0,0,0,0,0,0,0,0,2,0,2,0,0,0,42,0,0,0,39,0,0,0,0,0,0,0,0,0,0,0,0,0,0,0,0,0,0,0,0,0,0,0,0,0,56,0,4,0,0,0,81,0,0,0,0,0,0,0,0,0,42,5,47,0,9,16,12,0,0,0,0,0,0,0,0
0,0,0,0,0,0,0,0,0,0,0,0,0,0,0,0,0,0,0,0,0,0,0,0,0,0,0,0,0,0,0,0,0,0,0,0,0,0,0,0,0,0,0,0,0,28,0,0,0,6,0,20,0,0,0,1,0,2,0,0,0,1,0,0,0,0,0,0,0,58,0,58,0,67,0,18,0,0,0,24,0,53,0,85,0,16,0,119,0,5,0,0,0,113,0,40,0,11,0,8,0,39,0,64,0,41,0,0,0,14,0,0,0,11,0,0,0,3,0,4,0,20,0,0,5,0,0,0,0,0,0,0,0,0,0,0,0,0,0,0,0,0,0,0,0,0,4,0,0,0,0,0,0,0,0,0,0,0,0,1,0,1,0,7,0,46,0,0,0,20,0,0,0,0,0,0,0,0,0,0,0,0,0,0,0,0,0,0,0,0,0,0,0,0,0,42,0,0,0,0,0,61,0,0,0,136,0,0,0,25,0,0,5,0,19,0,0,0,102,11,65,0,32,2,0
0,0,0,0,0,0,0,0,0,0,0,0,0,0,0,0,0,0,0,0,0,0,0,0,0,0,0,0,0,0,0,0,0,0,0,0,0,0,0,0,0,0,0,0,0,0,0,0,5,0,0,0,0,0,0,0,0,0,0,0,0,0,0,0,1,0,0,0,16,0,150,0,288,0,192,0,29,0,0,0,11,0,64,0,19,0,31,0,0,0,0,0,17,0,20,0,51,0,4,0,0,0,27,0,0,0,0,0,0,0,0,0,0,0,0,0,1,0,0,0,99,0,36,0,0,0,0,0,0,0,0,0,0,0,50,0,31,0,0,0,73,0,151,0,67,0,0,0,0,0,0,0,0,0,0,0,0,0,0,0,0,0,26,0,0,0,0,0,18,0,0,0,0,0,20,0,0,0,0,0,0,0,0,0,0,0,0,0,0,1,0,0,0,0,0,0,0,0,204,0,193,0,0,0,0,0,0,0,0,0,117,0,22,0,15,6,0,0,0,0,0,0,0,0,0
