0,46,110,0,37,0,71,78,93,0,108,0,80,0,53,0,44,38,50,0,0,2,6,39,4,138,80,0,0,0,0,0,55,0,18,0,41,0,523,13,14,0,0,0,0,0,0,0,7,0,0,0,0,0,4,0,7,0,7,0,92,0,228,9,2,0,5,0,0,0,1,0,0,0,0,0,0,0,0,0,0,0,0,0,0,0,0,0,0,0,0,0,0,0,0,0,0,0,0,0,0,0,0,0,0,0,0,0,0,0,0,0,0,0,0,0,0,0,0,0,0,0,0,0,0,0,0,0,0,0,0,0,0,0,0,0,0,0,0,0,0,0,0,0,0,0,2,0,5,0,0,1,0,0,0,0,0,0,0,0,0,0,0,0,0,0,0,0,13,0,13,0,346,0,0,0,608,67,6,0,0,0,105,0,22,0,0,0,0,0,0,0,0,0,0,0,0,0,0,0,0,0,0,0,0,0,0,0,0,0,498,46,129,117,303,0,0,0,0,0,10,0,0,0,0
46,0,81,33,0,188,0,48,0,63,0,150,0,126,0,69,71,81,0,208,0,0,99,28,132,38,0,265,0,82,0,15,3,0,0,23,0,53,0,234,0,134,0,0,0,20,0,186,0,30,0,0,0,0,0,5,0,3,0,0,0,234,21,255,0,79,0,45,0,0,0,0,0,0,0,0,0,0,0,0,0,8,0,0,0,0,0,0,0,0,0,0,0,0,0,0,0,0,0,0,0,0,0,0,0,0,0,0,0,0,0,0,0,0,0,0,0,0,0,0,0,1,0,0,0,11,0,15,0,0,0,10,0,0,0,0,0,0,0,0,0,0,0,0,0,2,0,4,0,24,0,31,0,0,0,4,0,0,0,0,0,0,0,0,0,1,0,16,0,13,0,0,5,204,0,5,154,504,0,5,0,0,0,21,0,42,0,2,0,0,0,0,0,0,0,0,0,0,0,0,0,5,0,0,0,0,0,0,0,0,0,0,4,0,645,0,0,0,901,268,256,191,0,0,0
110,81,0,118,265,0,114,0,29,0,44,0,63,0,216,85,56,71,41,0,44,9,164,118,63,127,71,0,201,39,66,8,139,0,0,0,28,0,388,30,0,0,0,0,0,0,0,0,0,0,0,0,0,0,18,0,0,0,0,0,31,1,103,0,0,0,0,0,0,0,0,0,0,0,0,0,0,0,0,0,0,0,0,0,0,0,0,0,0,0,0,0,0,0,0,0,0,0,0,0,0,0,0,0,0,0,0,0,0,0,0,0,0,0,0,0,0,0,0,0,0,0,0,0,0,0,0,0,0,0,4,0,0,0,0,0,0,0,0,0,0,0,0,3,0,0,11,0,5,0,35,0,15,0,0,0,0,0,0,0,0,0,0,0,0,0,0,0,12,0,6,0,166,0,0,0,327,84,0,0,0,0,0,0,14,0,0,0,0,0,0,0,0,0,0,0,0,0,0,0,0,0,0,0,0,0,0,0,0,0,453,32,253,106,377,1,4,0,0,0,25,0,0,0,0
0,33,118,0,0,225,0,82,0,0,0,24,0,19,0,182,54,32,0,134,0,42,132,218,19,104,0,95,0,182,0,0,0,56,0,0,0,0,9,119,0,16,0,0,0,0,2,40,0,0,0,0,0,0,0,30,0,0,0,0,0,8,0,0,0,12,0,3,0,0,0,0,0,0,0,0,0,0,0,0,0,0,0,0,0,0,0,0,0,0,0,0,0,0,0,0,0,0,0,0,0,0,0,0,0,0,0,0,0,0,0,0,0,0,0,0,0,0,0,0,0,0,0,0,0,0,0,9,0,0,0,12,0,0,0,0,0,0,0,0,0,0,0,0,0,0,0,9,0,0,0,21,0,9,0,2,0,0,0,0,0,0,0,0,0,0,0,51,0,6,0,0,0,154,0,0,91,128,0,1,0,11,0,7,0,6,0,0,0,0,0,0,0,0,0,0,0,0,0,4,0,0,0,0,0,0,0,0,0,18,0,0,0,0,233,0,0,0,327,75,279,110,1,0,0
37,0,265,0,0,485,24,0,103,0,160,153,177,116,365,237,19,29,110,168,365,85,111,168,9,0,147,0,46,33,275,64,526,55,233,0,196,0,79,14,22,0,1,0,0,0,37,0,2,0,14,0,0,0,0,0,0,0,0,0,0,0,0,0,4,0,1,0,0,0,0,0,0,0,0,0,0,0,0,0,0,0,0,0,0,0,0,0,0,0,0,0,0,0,0,0,0,0,0,0,0,0,0,0,0,0,0,0,0,0,0,0,0,0,0,0,0,0,0,0,0,0,0,0,0,0,0,0,0,0,7,0,0,0,0,0,0,0,0,0,0,0,0,0,0,0,0,0,18,0,47,0,26,0,0,0,0,0,0,0,0,0,0,0,0,0,124,0,44,0,0,0,118,0,0,0,338,120,65,0,0,0,61,0,96,0,0,0,0,0,0,0,0,0,0,0,0,0,0,0,0,0,0,0,0,0,0,0,15,0,488,183,430,70,307,3,0,0,0,0,54,1,0,0,0
0,188,0,225,485,0,0,81,0,16,181,452,397,245,557,151,0,36,220,201,262,155,137,247,0,2,0,148,0,86,65,158,0,241,53,228,0,202,0,64,0,48,0,0,0,0,0,75,0,0,0,0,0,0,0,0,0,0,0,0,0,2,0,0,0,15,0,0,0,0,0,0,0,0,0,0,0,0,0,0,0,0,0,0,0,0,0,0,0,0,0,0,0,0,0,0,0,0,0,0,0,0,0,0,0,0,0,0,0,0,0,0,0,0,0,0,0,0,0,0,0,0,0,0,0,7,0,9,0,0,0,0,0,0,0,0,0,0,0,0,0,0,0,0,0,0,0,14,0,11,0,6,0,13,0,0,0,0,0,0,0,0,0,0,1,4,0,143,0,35,0,0,0,117,0,13,139,406,44,29,0,29,0,41,0,15,9,32,0,0,0,0,0,0,0,0,0,0,0,0,0,0,0,0,0,0,0,0,0,0,0,0,0,0,301,0,0,0,492,224,363,0,0,0,0
71,0,114,0,24,0,0,132,60,101,14,0,0,1,33,0,34,0,10,0,6,0,17,0,219,111,0,0,4,0,1,0,0,0,1,0,0,0,0,0,0,0,0,0,0,0,0,0,34,0,0,0,144,18,181,47,32,0,87,0,256,0,473,27,19,0,33,0,0,0,0,0,0,0,0,0,0,0,0,0,0,0,0,0,2,0,0,0,0,0,0,0,0,0,0,0,0,0,0,0,0,0,0,0,0,0,0,0,0,0,0,0,0,0,0,0,0,0,0,0,0,0,0,0,101,0,57,0,37,0,72,0,22,0,15,0,0,0,2,0,1,0,4,0,0,0,64,0,55,0,75,0,0,0,4,0,0,0,4,0,33,0,0,0,0,0,0,1,20,0,75,0,205,0,0,0,165,55,0,0,0,0,0,0,0,0,0,0,0,0,0,0,0,0,0,0,0,0,0,0,0,0,0,0,0,0,0,0,28,0,606,48,106,185,506,1,0,0,3,0,0,0,0,0,0
78,48,0,82,0,81,132,0,119,44,0,26,2,26,0,70,40,33,0,109,0,0,0,30,185,209,0,103,0,137,1,0,0,0,0,0,0,0,0,209,0,57,0,0,0,4,0,73,0,0,0,0,0,53,58,255,0,26,0,8,14,145,83,581,0,19,0,23,0,0,0,0,0,0,0,0,0,0,0,0,0,0,0,0,0,0,0,0,0,0,0,0,0,0,0,0,0,2,0,0,0,0,0,0,0,0,1,0,0,0,0,0,0,0,0,0,0,0,0,0,0,0,0,0,0,19,0,24,0,0,0,26,0,15,0,35,0,50,0,0,0,0,0,0,0,0,0,20,0,12,0,25,0,10,0,2,0,20,0,3,0,10,0,8,0,1,0,9,0,5,0,21,17,195,0,0,186,186,0,0,0,0,0,1,0,1,0,0,0,0,0,0,0,0,0,0,0,0,0,0,0,0,0,0,0,0,0,8,0,31,0,5,0,0,1056,0,0,0,771,67,386,582,2,78,0
93,0,29,0,103,0,60,119,0,196,44,0,23,0,101,0,5,0,41,0,7,0,14,0,9,42,24,0,0,0,7,0,0,0,0,0,0,0,27,0,9,0,0,0,0,0,8,0,29,0,0,0,240,68,105,240,17,13,50,58,282,0,341,44,117,0,38,62,0,0,0,0,0,0,0,0,0,0,0,0,0,0,0,0,0,0,0,0,0,0,0,0,0,0,0,0,0,0,0,0,0,0,0,0,0,0,0,0,0,0,0,0,0,0,0,0,0,0,0,0,0,0,0,0,63,0,0,0,10,0,48,0,8,0,0,0,1,0,0,0,0,0,0,0,1,0,46,0,66,0,51,0,6,0,11,0,43,0,0,0,9,0,0,0,0,0,0,0,0,0,228,0,142,0,0,0,413,44,0,0,0,0,19,0,111,4,0,0,0,0,0,0,0,0,0,0,0,0,0,0,0,0,0,0,0,0,1,0,3,0,495,111,94,127,318,0,37,0,5,0,0,0,0,0,0
0,63,0,0,0,16,101,44,196,0,0,16,0,0,0,28,0,0,0,73,0,0,0,0,125,16,0,0,0,2,0,0,0,0,0,3,0,0,0,8,0,0,0,0,0,4,0,0,0,0,0,0,50,74,249,92,0,92,12,82,0,92,37,232,0,211,24,215,0,0,0,0,0,0,0,0,0,0,0,0,0,0,0,0,0,0,0,0,0,0,0,0,0,0,0,0,0,0,0,0,0,3,0,0,0,0,0,0,0,0,0,0,0,0,0,0,0,0,0,0,0,0,0,0,0,19,0,27,0,0,0,43,0,0,0,10,0,19,0,0,0,0,0,0,0,0,0,11,0,54,0,35,0,15,0,8,0,41,0,0,0,17,0,0,0,0,0,0,0,6,0,31,6,102,0,2,134,466,0,3,0,0,0,9,3,85,0,0,0,0,0,0,0,0,0,0,0,0,0,0,0,0,0,0,0,0,0,0,0,21,3,0,0,0,473,0,0,0,421,107,75,258,2,0,0
108,0,44,0,160,181,14,0,44,0,0,0,497,0,97,186,29,0,86,45,148,0,6,96,0,0,245,0,0,0,97,15,431,37,50,0,256,0,58,0,110,0,0,0,9,0,176,0,0,0,15,0,0,0,0,0,0,0,0,0,0,0,0,0,0,0,0,0,0,0,0,0,0,0,0,0,0,0,0,0,0,0,0,0,0,0,0,0,0,0,0,0,0,0,0,0,0,0,0,0,0,0,0,0,0,0,0,0,0,0,0,0,0,0,0,0,0,0,0,0,0,0,0,0,0,0,0,0,0,0,0,0,0,0,0,0,0,0,0,0,0,0,0,0,0,0,3,0,0,0,5,0,0,0,0,0,0,0,0,0,0,0,6,0,0,0,65,0,19,0,0,0,50,0,16,0,346,75,134,0,52,0,110,0,59,0,0,0,0,0,0,0,0,0,0,0,0,0,0,0,0,0,0,0,0,0,0,0,0,0,255,77,143,0,120,0,0,0,0,0,36,0,0,0,0
0,150,0,24,153,452,0,26,0,16,0,0,43,361,160,4,10,0,28,44,67,37,65,67,0,0,12,147,0,23,0,86,0,154,0,67,0,76,0,23,0,183,0,0,0,9,0,159,0,43,0,0,0,0,0,0,0,0,0,0,0,0,0,0,0,4,0,0,0,0,0,0,0,0,0,0,0,0,0,0,0,0,0,0,0,0,0,0,0,0,0,0,0,0,0,0,0,0,0,0,0,0,0,0,0,0,0,0,0,0,0,0,0,0,0,0,0,0,0,0,0,0,0,0,0,0,0,0,0,0,0,0,0,0,0,0,0,0,0,0,0,0,0,0,0,0,0,0,0,0,0,0,0,0,0,0,0,0,0,1,0,0,0,1,0,0,4,42,0,7,0,0,0,22,0,30,47,308,0,12,0,120,0,87,0,42,0,7,0,0,0,0,0,0,0,0,0,0,0,0,0,0,0,0,0,0,0,0,0,0,0,0,0,0,64,0,0,0,136,69,91,0,0,0,0
80,0,63,0,177,397,0,2,23,0,497,43,0,572,65,60,0,0,147,706,99,152,0,0,0,0,159,374,0,0,94,0,12,6,395,53,85,34,0,0,323,0,14,0,4,0,316,23,55,0,221,0,0,0,0,0,0,0,0,0,0,0,0,0,0,0,0,0,0,0,0,0,0,0,0,0,0,0,0,0,0,0,0,0,0,0,3,0,0,0,0,0,0,0,0,0,0,0,0,0,0,0,0,0,0,0,0,0,0,0,0,0,0,0,0,0,0,0,0,0,0,0,0,0,0,0,0,0,0,0,0,0,0,0,0,0,0,0,0,0,0,0,0,0,0,0,0,0,0,0,0,0,0,0,0,0,0,0,0,0,0,0,0,1,99,0,68,0,0,0,2,0,14,0,0,0,219,137,218,0,0,0,18,0,0,0,258,0,0,0,0,0,0,0,0,0,0,0,0,0,0,0,0,0,0,0,0,0,0,0,122,152,203,0,70,0,0,0,0,0,0,0,0,0,0
0,126,0,19,116,245,1,26,0,0,0,361,572,0,41,0,0,0,299,23,0,11,0,0,0,0,365,55,0,0,0,8,0,0,87,112,9,40,0,0,63,354,18,0,16,1,73,197,0,46,39,47,0,0,0,0,0,0,0,0,0,0,0,0,0,0,0,0,0,0,0,0,0,0,0,0,0,0,0,0,0,0,0,0,0,0,0,0,0,0,0,0,0,0,0,0,0,0,0,0,0,0,0,0,0,0,0,0,0,0,0,0,0,0,0,0,0,0,0,0,0,0,0,0,0,0,0,0,0,0,0,0,0,0,0,0,0,0,0,0,0,0,0,0,0,0,0,0,0,0,0,0,0,0,0,0,0,0,0,0,0,0,0,0,0,0,0,0,0,0,0,0,0,0,0,0,35,679,0,2,0,0,0,12,0,7,75,78,0,0,0,0,0,0,0,0,0,0,0,0,0,0,0,0,0,0,0,0,0,0,0,0,0,0,19,0,0,0,20,46,47,0,0,0,0
53,0,216,0,365,557,33,0,101,0,97,160,65,41,0,157,59,0,272,165,246,72,183,107,91,0,147,0,0,18,73,49,149,58,31,23,23,0,11,6,0,0,0,0,4,0,20,0,0,0,0,1,0,0,56,0,0,0,0,0,0,0,0,0,8,0,0,0,0,0,0,0,0,0,0,0,0,0,0,0,4,2,0,0,0,0,0,0,0,0,0,0,0,0,0,0,0,0,0,0,0,0,0,0,0,0,0,0,0,0,0,0,0,0,0,0,0,0,0,0,4,0,0,0,0,0,0,0,0,0,22,0,0,0,0,0,23,0,0,0,6,0,0,0,0,0,55,0,54,0,185,0,86,0,0,0,0,0,0,0,0,0,2,0,0,0,21,0,0,0,0,0,28,0,0,0,78,48,17,0,0,0,82,0,173,0,0,0,0,0,0,0,0,0,0,0,0,0,0,0,0,0,0,0,0,0,0,0,52,0,156,96,106,0,74,0,0,0,29,19,57,0,0,0,0
0,69,85,182,237,151,0,70,0,28,186,4,60,0,157,0,42,51,0,278,111,238,134,557,0,76,0,27,0,66,24,76,56,87,0,33,0,47,0,25,0,0,0,0,0,0,0,0,0,0,0,0,0,0,0,70,0,0,0,0,0,3,0,0,0,31,0,0,0,0,0,0,0,0,0,0,0,0,0,0,0,103,0,0,0,74,0,0,0,0,0,0,0,0,0,0,0,62,0,75,0,0,0,0,0,0,0,41,0,0,0,0,0,0,0,0,0,0,0,0,0,0,0,19,0,16,0,0,0,0,0,0,0,0,0,292,0,212,0,0,0,13,0,71,0,0,0,17,0,19,0,66,0,17,0,0,0,0,0,0,0,0,0,0,0,0,0,95,0,21,0,7,0,78,0,0,44,80,8,0,0,0,0,16,0,0,0,0,0,0,0,0,0,0,0,0,0,0,0,0,0,30,0,0,0,0,0,33,0,65,0,0,0,0,142,0,0,0,269,133,185,30,0,2,0
44,71,56,54,19,0,34,40,5,0,29,10,0,0,59,42,0,34,151,0,419,0,88,60,320,52,72,0,168,13,71,0,20,0,1,0,4,0,63,11,0,0,1,0,0,0,1,0,0,0,0,0,59,0,74,0,22,0,0,0,0,0,212,1,0,0,0,0,0,0,0,0,0,0,0,0,0,0,0,0,18,0,0,0,220,0,0,0,0,0,0,0,0,0,0,0,169,0,54,0,0,0,0,0,0,0,127,0,0,0,0,0,0,0,0,0,0,0,0,0,0,0,40,0,0,0,36,0,0,0,0,0,23,0,133,0,101,0,110,0,52,0,271,0,25,0,0,0,0,0,78,0,0,0,99,0,4,0,33,2,0,0,0,0,0,0,0,0,0,0,0,0,10,0,0,0,78,20,4,0,0,0,29,0,0,0,0,0,0,0,0,0,0,0,0,0,0,0,0,0,250,0,0,0,0,0,0,0,89,0,21,26,32,0,13,0,0,0,16,0,0,2,0,0,0
38,81,71,32,29,36,0,33,0,0,0,0,0,0,0,51,34,0,0,46,0,185,97,101,27,66,0,0,0,169,0,4,0,7,0,0,0,2,0,36,0,0,0,0,0,0,0,0,0,0,0,2,0,61,0,68,0,41,0,4,0,3,4,232,0,0,0,0,0,0,0,0,0,0,0,0,0,0,0,0,0,72,0,0,0,83,0,21,0,0,0,0,0,0,0,0,0,35,0,37,0,21,0,0,0,0,0,0,0,0,0,0,0,0,0,0,0,0,0,0,0,0,0,6,0,0,0,0,0,27,0,0,0,54,0,272,0,250,0,100,0,12,0,83,0,5,0,0,0,0,0,0,0,2,0,19,0,0,0,24,0,7,0,0,0,0,0,1,0,0,0,0,2,14,0,0,32,67,0,2,0,0,0,13,0,0,0,0,0,0,0,0,0,0,0,0,0,0,0,0,0,0,0,0,0,0,0,14,0,39,0,0,0,0,6,0,0,0,0,35,24,9,0,0,0
50,0,41,0,110,220,10,0,41,0,86,28,147,299,272,0,151,0,0,323,331,65,238,8,79,0,167,183,13,0,31,26,0,0,269,33,46,0,0,0,43,0,0,0,0,0,16,0,6,0,128,7,0,0,0,0,0,0,0,0,0,0,0,0,0,0,0,0,0,0,22,0,0,0,0,0,0,0,0,0,0,0,0,0,242,0,0,0,0,0,0,0,0,0,0,0,0,0,0,0,0,0,0,0,0,0,0,0,0,0,0,0,0,0,0,0,0,0,0,0,0,0,0,0,0,0,0,0,0,0,0,0,0,0,0,0,0,0,0,0,39,0,0,0,38,0,0,0,17,0,138,0,0,0,0,0,0,0,0,0,19,0,0,0,70,0,61,0,0,0,5,0,32,0,0,0,0,20,37,0,0,0,36,0,39,0,29,0,0,0,0,0,0,0,0,0,0,0,0,0,211,0,0,0,0,0,0,0,0,0,277,352,274,0,138,2,0,0,0,0,0,0,0,0,0
0,208,0,134,168,201,0,109,0,73,45,44,706,23,165,278,0,46,323,0,142,192,0,239,0,0,230,265,0,0,0,55,0,20,122,503,37,171,0,0,0,27,41,0,0,39,0,54,0,54,58,103,0,0,0,53,0,0,0,0,0,0,0,0,0,60,0,17,0,0,0,0,0,0,0,0,0,0,0,0,0,0,0,0,0,0,0,0,0,0,0,80,0,0,0,0,0,0,0,0,0,0,0,0,0,0,0,0,0,0,0,0,0,0,0,0,0,0,0,0,0,0,0,0,0,0,0,0,0,0,0,0,0,0,0,0,0,0,0,52,0,0,0,0,0,0,0,0,0,21,0,37,0,23,0,0,0,0,0,0,0,0,0,0,0,0,0,117,0,68,0,0,0,18,0,0,25,94,38,5,0,0,0,15,0,0,37,7,0,0,0,0,0,0,0,0,0,0,0,0,0,0,0,0,0,0,0,0,0,0,0,0,17,0,206,0,0,0,377,282,257,0,0,0,0
0,0,44,0,365,262,6,0,7,0,148,67,99,0,246,111,419,0,331,142,0,51,253,100,86,0,246,77,159,21,165,38,28,35,38,0,47,0,20,7,3,0,3,0,6,3,0,0,0,0,59,0,9,0,53,3,0,0,0,0,0,0,119,0,0,0,0,0,0,0,43,0,0,0,42,0,0,0,0,0,105,0,0,0,593,0,114,0,0,0,0,0,0,0,0,0,588,0,201,0,0,0,0,0,0,0,0,0,0,0,0,0,0,0,0,0,0,0,0,0,44,0,101,0,0,0,0,0,0,0,0,0,0,0,0,0,110,0,84,0,93,0,455,0,127,0,0,0,0,0,0,0,12,0,0,0,8,0,0,0,0,0,22,0,41,0,112,0,98,0,0,0,70,0,0,0,60,21,88,0,0,0,20,0,0,0,11,0,0,0,0,0,0,0,0,0,0,0,0,0,333,0,0,0,0,0,0,0,0,0,270,196,304,0,169,0,0,0,17,10,26,0,0,0,0
2,0,9,42,85,155,0,0,0,0,0,37,152,11,72,238,0,185,65,192,51,0,0,580,0,84,16,148,0,89,0,62,0,25,20,189,0,55,0,8,0,0,0,115,0,46,0,26,0,36,1,35,0,0,0,61,0,0,0,18,0,0,0,49,0,0,0,0,0,0,0,4,0,0,0,0,0,0,0,0,0,214,0,0,1,212,0,0,0,0,0,0,0,0,0,0,0,0,0,0,0,0,0,0,0,0,0,0,0,0,0,0,0,0,0,0,0,0,0,0,0,0,0,49,0,0,0,0,0,0,0,0,0,0,0,535,0,498,0,342,0,317,0,439,0,105,0,0,0,0,0,0,0,0,0,0,0,16,0,23,0,0,0,0,0,6,0,150,0,44,0,0,0,30,0,0,13,85,0,0,0,0,0,0,0,0,0,0,0,0,0,0,0,0,0,0,0,0,0,0,0,0,0,0,0,0,0,0,0,0,0,0,0,0,165,0,0,0,338,231,281,0,1,0,0
6,99,164,132,111,137,17,0,14,0,6,65,0,0,183,134,88,97,238,0,253,0,0,231,106,68,74,0,169,84,88,0,100,20,2,0,26,0,143,35,0,0,0,0,0,0,2,0,0,0,0,0,0,0,54,0,13,0,0,0,0,0,35,0,0,0,0,0,0,0,0,0,0,0,0,0,0,0,0,0,0,0,0,0,27,0,0,0,0,0,0,0,0,0,0,0,0,0,0,0,0,0,0,0,0,0,0,0,0,0,0,0,0,0,0,0,0,0,0,0,0,0,0,0,0,0,0,0,0,0,0,0,6,0,0,0,16,0,0,0,0,0,0,0,0,0,14,0,0,0,70,0,14,0,0,0,0,0,0,0,0,0,0,0,0,0,20,0,4,0,0,0,46,0,0,0,103,61,0,0,0,0,4,0,26,0,0,0,0,0,0,0,0,0,0,0,0,0,0,0,0,0,0,0,0,0,0,0,0,0,98,37,120,0,121,0,0,0,29,0,0,0,0,0,0
39,28,118,218,168,247,0,30,0,0,96,67,0,0,107,557,60,101,8,239,100,580,231,0,17,135,0,17,0,115,0,6,37,11,0,4,0,0,0,0,0,0,0,0,0,0,0,0,0,0,0,0,0,11,0,56,0,17,0,0,0,0,2,58,0,4,0,0,0,0,0,0,0,0,0,0,0,0,0,0,0,62,0,0,0,73,0,20,0,0,0,34,0,0,0,20,0,33,0,53,0,37,0,0,0,0,0,0,0,0,0,0,0,0,0,0,0,0,0,0,0,13,0,7,0,0,0,0,0,0,0,0,0,0,0,225,0,183,0,49,0,32,0,74,0,0,0,1,0,0,0,14,0,0,0,4,0,0,0,0,0,0,0,0,0,0,0,0,0,0,0,0,0,27,0,0,59,279,0,10,0,0,0,7,0,0,0,0,0,0,0,0,0,0,0,0,0,0,0,0,0,22,0,0,0,0,0,0,0,22,12,0,14,0,67,0,0,0,135,95,76,0,1,0,0
4,132,63,19,9,0,219,185,9,125,0,0,0,0,91,0,320,27,79,0,86,0,106,17,0,172,0,0,175,0,20,0,9,0,0,0,0,0,141,10,0,0,0,0,0,0,0,0,0,0,0,0,34,17,110,36,5,0,5,0,26,0,463,34,0,0,0,0,0,0,0,0,0,0,0,0,0,0,0,0,0,0,0,0,0,0,0,0,0,0,0,0,0,0,0,0,0,0,0,0,0,0,0,0,0,0,0,0,0,0,0,0,0,0,0,0,0,0,0,0,0,0,0,0,0,0,24,0,34,0,0,0,10,0,35,0,22,0,0,0,0,0,0,0,0,0,29,0,16,0,83,0,16,0,28,0,0,0,12,0,14,0,0,0,0,0,0,0,10,0,7,0,83,0,0,0,150,68,0,0,0,0,0,0,2,0,0,0,0,0,0,0,0,0,0,0,0,0,0,0,16,0,0,0,0,0,0,0,36,0,169,0,114,153,242,0,15,1,0,0,0,0,0,0,0
138,38,127,104,0,2,111,209,42,16,0,0,0,0,0,76,52,66,0,0,0,84,68,135,172,0,0,0,0,43,0,0,0,0,0,0,0,0,9,0,0,0,0,0,0,0,0,0,0,0,0,0,0,0,4,130,0,20,0,0,0,2,51,80,0,0,0,0,0,0,0,1,0,0,0,0,0,0,0,0,0,0,0,0,0,11,0,0,0,0,0,0,0,0,0,0,0,0,0,0,0,0,0,0,0,0,0,0,0,0,0,0,0,0,0,0,0,0,0,0,0,0,0,0,0,0,0,0,0,0,0,0,0,30,0,96,0,111,0,0,1,1,0,0,0,0,0,0,0,0,2,14,0,0,0,0,0,0,0,12,0,10,0,0,0,0,0,0,0,0,0,0,15,20,0,0,112,125,0,0,0,0,0,12,0,0,0,0,0,0,0,0,0,0,0,0,0,0,0,0,3,12,0,0,0,0,0,7,0,28,0,0,0,2,28,0,0,0,32,80,24,19,0,0,0
80,0,71,0,147,0,0,0,24,0,245,12,159,365,147,0,72,0,167,230,246,16,74,0,0,0,0,790,41,0,76,0,21,0,87,20,107,19,7,0,49,46,107,46,187,75,205,169,36,0,247,0,0,0,0,0,0,0,0,0,0,0,0,0,0,0,0,0,0,0,51,0,0,0,37,0,0,0,0,0,0,0,0,0,0,0,0,0,0,0,0,0,0,0,0,0,0,0,0,0,0,0,0,0,0,0,0,0,0,0,0,0,0,0,0,0,0,0,0,0,0,0,0,0,0,0,0,0,0,0,0,0,0,0,0,0,0,0,0,0,0,0,0,0,137,0,0,0,0,0,0,0,0,0,0,0,0,0,0,0,0,0,0,0,300,0,60,0,146,0,0,0,0,0,0,0,0,58,26,0,0,0,27,0,0,0,153,0,0,0,0,0,0,0,0,0,0,0,0,0,0,0,0,0,0,0,0,0,0,0,171,316,688,154,125,0,0,3,0,2,0,0,0,0,0
0,265,0,95,0,148,0,103,0,0,0,147,374,55,0,27,0,0,183,265,77,148,0,17,0,0,790,0,0,0,0,9,0,0,143,112,18,55,0,0,344,62,170,154,133,185,537,139,2,17,184,247,0,0,0,0,0,0,0,0,0,0,0,0,0,16,0,5,0,0,0,0,0,0,0,0,0,0,0,0,0,0,0,0,0,0,0,0,0,0,0,0,0,0,0,0,0,0,0,0,0,0,0,0,0,0,0,0,0,0,0,0,0,0,0,0,0,0,0,0,0,0,0,0,0,0,0,0,0,0,0,0,0,0,0,0,0,0,0,0,0,0,0,0,0,0,0,0,0,0,0,0,0,0,0,0,0,0,0,0,0,0,0,0,0,79,0,60,0,107,0,0,0,14,0,0,0,232,0,2,0,0,0,0,0,0,96,44,0,0,0,0,0,0,0,0,0,0,0,0,0,0,0,0,0,0,0,0,0,0,0,0,0,0,106,0,0,0,172,314,675,82,0,0,0
0,0,201,0,46,0,4,0,0,0,0,0,0,0,0,0,168,0,13,0,159,0,169,0,175,0,41,0,0,0,63,0,10,0,10,0,10,1,18,0,0,0,0,0,0,0,0,0,0,0,0,0,6,0,0,0,0,0,0,0,0,0,59,0,0,0,0,0,0,0,0,0,0,0,5,0,0,0,0,0,0,0,0,0,105,0,0,0,0,0,0,0,0,0,0,0,83,0,23,0,0,0,0,0,0,0,0,0,0,0,0,0,0,0,0,0,0,0,0,0,5,0,34,0,0,0,0,0,0,0,0,0,0,0,0,0,49,0,70,0,35,0,136,0,36,0,0,0,0,0,0,0,2,0,9,0,4,0,11,0,0,0,1,0,0,0,0,0,0,0,0,0,0,0,0,0,29,0,0,0,0,0,22,0,6,0,0,0,0,0,0,0,0,0,0,0,0,0,0,0,38,0,0,0,0,0,0,0,0,0,6,2,3,0,0,0,0,0,0,0,0,0,0,0,0
0,82,39,182,33,86,0,137,0,2,0,23,0,0,18,66,13,169,0,0,21,89,84,115,0,43,0,0,0,0,0,10,0,2,0,10,0,3,0,19,0,0,0,14,0,0,0,0,0,0,0,0,0,40,0,46,0,33,0,3,0,6,0,48,0,9,0,0,0,0,0,0,0,0,0,0,0,0,0,0,0,0,0,0,0,61,0,0,0,0,0,0,0,0,0,0,0,0,0,28,0,0,0,1,0,0,0,0,0,0,0,0,0,0,0,0,0,0,0,0,0,0,0,0,0,0,0,0,0,0,0,2,0,16,0,162,0,143,0,188,0,77,0,96,0,0,0,0,0,3,0,0,0,4,0,20,0,0,0,44,0,6,0,0,0,0,0,0,0,0,0,0,0,0,0,0,10,77,0,0,1,0,0,0,0,0,0,0,0,0,0,0,0,0,0,0,0,0,0,0,0,0,0,0,0,0,0,0,0,0,4,0,0,0,5,0,0,0,9,21,0,0,0,0,0
0,0,66,0,275,65,1,1,7,0,97,0,94,0,73,24,71,0,31,0,165,0,88,0,20,0,76,0,63,0,0,0,22,0,44,0,28,0,4,0,0,0,24,0,9,0,3,0,3,0,74,0,0,0,0,0,0,0,0,0,0,0,25,0,0,0,0,0,0,0,7,0,0,0,0,0,0,0,0,0,13,0,0,0,98,0,10,0,0,0,0,0,0,0,0,0,79,0,32,0,0,0,0,0,0,0,0,0,0,0,0,0,0,0,0,0,0,0,0,0,9,0,0,0,0,0,0,0,0,0,0,0,0,0,0,0,0,0,36,0,22,0,102,0,36,0,3,0,0,0,0,0,0,0,0,0,5,0,0,0,0,0,0,0,0,0,89,0,19,0,0,0,21,0,0,0,29,0,64,0,0,0,18,0,0,0,0,0,0,0,0,0,0,0,0,0,0,0,0,0,47,0,0,0,0,0,0,0,11,0,58,45,96,0,38,0,0,0,0,0,0,0,0,0,0
0,15,8,0,64,158,0,0,0,0,15,86,0,8,49,76,0,4,26,55,38,62,0,6,0,0,0,9,0,10,0,0,0,4,0,31,0,37,0,1,0,0,0,77,0,0,0,0,0,0,0,62,0,0,0,6,0,0,0,1,0,0,0,2,0,0,0,0,0,0,0,0,0,0,0,0,0,0,0,0,0,0,0,0,0,0,0,0,0,0,0,4,0,0,0,0,0,0,0,0,0,0,0,0,0,0,0,0,0,0,0,0,0,0,0,0,0,0,0,0,0,0,0,0,0,0,0,0,0,0,0,0,0,0,0,16,0,0,0,37,0,56,0,0,0,12,0,0,0,0,0,0,0,0,0,0,0,5,0,6,0,0,0,0,0,0,3,62,0,0,0,0,2,3,0,0,0,72,0,5,0,0,0,4,0,0,0,0,0,0,0,0,0,0,0,0,0,0,0,0,0,0,0,0,0,0,0,0,0,0,0,0,0,0,21,0,0,0,50,38,82,9,0,0,0
55,3,139,0,526,0,0,0,0,0,431,0,12,0,149,56,20,0,0,0,28,0,100,37,9,0,21,0,10,0,22,0,0,11,30,0,65,0,0,0,0,0,33,0,9,0,0,0,0,0,25,0,0,0,0,0,0,0,0,0,7,0,7,0,0,0,0,0,0,0,6,0,0,0,0,0,0,0,0,0,0,0,0,0,59,0,0,0,0,0,0,0,0,0,0,0,37,0,0,0,0,0,0,0,0,0,0,0,0,0,0,0,0,0,0,0,0,0,0,0,0,0,0,0,0,0,0,0,0,0,0,0,0,0,0,0,0,0,0,0,0,0,0,0,23,0,0,0,0,0,0,0,0,0,2,0,10,0,0,0,2,0,0,0,0,0,27,0,0,0,2,0,9,0,0,0,155,20,120,0,0,0,78,0,0,0,3,0,0,0,0,0,0,0,0,0,0,0,0,0,0,0,0,0,0,0,0,0,0,0,19,14,33,1,0,0,0,0,0,0,0,0,0,0,0
0,0,0,56,55,241,0,0,0,0,37,154,6,0,58,87,0,7,0,20,35,25,20,11,0,0,0,0,0,2,0,4,11,0,0,14,0,68,0,2,0,0,0,28,0,5,0,0,0,0,0,13,0,0,0,0,0,0,0,0,0,2,0,1,0,3,0,0,0,0,0,0,0,0,0,0,0,0,0,0,0,0,0,0,0,0,0,0,0,0,0,0,0,0,0,0,0,0,0,0,0,0,0,0,0,0,0,0,0,0,0,0,0,0,0,0,0,0,0,0,0,0,0,0,0,0,0,0,0,0,0,0,0,0,0,0,0,0,0,20,0,18,0,8,0,11,0,0,0,0,0,0,0,0,0,0,0,4,0,0,0,2,0,0,0,1,0,74,0,4,0,0,0,5,0,0,12,119,0,7,0,0,0,0,0,0,0,0,0,0,0,0,0,0,0,0,0,0,0,0,0,1,0,0,0,0,0,0,0,0,0,0,4,0,0,0,0,0,16,103,15,0,0,0,0
18,0,0,0,233,53,1,0,0,0,50,0,395,87,31,0,1,0,269,122,38,20,2,0,0,0,87,143,10,0,44,0,30,0,0,0,255,0,0,0,10,0,20,0,9,0,0,10,4,0,179,0,0,0,0,0,0,0,0,0,0,0,0,0,0,0,0,0,0,0,0,0,0,0,0,0,0,0,0,0,0,0,0,0,0,0,0,0,0,0,0,0,0,0,0,0,0,0,0,0,0,0,0,0,0,0,0,0,0,0,0,0,0,0,0,0,0,0,0,0,0,0,0,0,0,0,0,0,0,0,0,0,0,0,0,0,0,0,0,0,7,0,0,0,0,0,0,0,0,0,0,0,0,0,0,0,2,0,0,0,0,0,0,0,128,0,111,0,39,0,0,0,18,0,0,0,0,10,71,0,0,0,0,0,0,0,50,0,0,0,0,0,0,0,0,0,0,0,0,0,0,0,0,0,0,0,0,0,0,0,0,123,209,34,32,0,0,0,0,0,0,0,0,0,0
0,23,0,0,0,228,0,0,0,3,0,67,53,112,23,33,0,0,33,503,0,189,0,4,0,0,20,112,0,10,0,31,0,14,0,0,0,346,0,0,0,1,1,49,1,8,0,0,0,0,0,25,0,0,0,0,0,0,0,0,0,3,0,1,0,0,0,0,0,0,0,0,0,0,0,0,0,0,0,0,0,0,0,0,0,0,0,0,0,0,0,0,0,0,0,0,0,0,0,0,0,0,0,0,0,0,0,0,0,0,0,0,0,0,0,0,0,0,0,0,0,0,0,0,0,0,0,0,0,0,0,0,0,0,0,0,0,0,0,0,0,96,0,48,0,29,0,0,0,0,0,0,0,0,0,0,0,11,0,0,0,0,0,0,0,8,0,79,0,0,0,0,0,14,0,0,0,43,0,0,0,0,0,0,0,0,0,0,0,0,0,0,0,0,0,0,0,0,0,0,0,0,0,0,0,0,0,0,0,0,0,0,0,0,41,0,0,0,55,94,133,0,0,0,0
41,0,28,0,196,0,0,0,0,0,256,0,85,9,23,0,4,0,46,37,47,0,26,0,0,0,107,18,10,0,28,0,65,0,255,0,0,0,70,0,0,0,73,0,73,0,0,0,4,0,73,1,0,0,0,0,0,0,0,0,27,0,39,0,0,0,0,0,0,0,21,0,0,0,18,0,0,0,0,0,23,0,0,0,85,0,28,0,0,0,0,0,0,0,0,0,0,0,0,0,0,0,0,0,0,0,0,0,0,0,0,0,0,0,0,0,0,0,0,0,0,0,35,0,0,0,0,0,0,0,0,0,0,0,0,0,17,0,132,0,84,0,69,0,187,0,0,0,0,0,0,0,0,0,10,0,69,0,0,0,0,0,9,0,37,0,70,6,23,0,36,0,61,0,0,0,37,14,57,0,0,0,38,0,0,0,7,0,0,0,0,0,0,0,0,0,0,0,0,0,0,0,0,0,0,0,0,0,0,0,18,41,71,9,10,0,0,0,0,0,4,0,0,0,0
0,53,0,0,0,202,0,0,0,0,0,76,34,40,0,47,0,2,0,171,0,55,0,0,0,0,19,55,1,3,0,37,0,68,0,346,0,0,0,60,0,1,0,115,0,19,0,2,0,0,0,115,0,0,0,0,0,0,0,0,0,28,0,10,0,0,0,0,0,0,0,0,0,0,0,0,0,0,0,0,0,0,0,0,0,46,0,0,0,0,0,0,0,0,0,0,0,0,0,0,0,0,0,0,0,0,0,0,0,0,0,0,0,0,0,0,0,0,0,0,0,0,0,13,0,0,0,0,0,0,0,0,0,0,0,94,0,94,0,197,0,262,0,145,0,195,0,0,0,2,0,0,0,0,0,0,0,103,0,26,0,0,0,6,0,6,0,59,0,16,0,29,0,65,0,0,0,0,0,7,0,0,0,0,0,0,3,3,0,0,0,0,0,0,0,0,0,0,0,0,0,3,0,0,0,0,0,0,0,0,0,0,0,0,0,0,0,0,12,142,77,10,0,0,0
523,0,388,9,79,0,0,0,27,0,58,0,0,0,11,0,63,0,0,0,20,0,143,0,141,9,7,0,18,0,4,0,0,0,0,0,70,0,0,0,0,0,3,0,0,0,0,0,0,0,0,0,0,0,0,0,0,0,0,0,11,0,47,0,0,0,0,0,0,0,0,0,0,0,0,0,0,0,0,0,14,0,0,0,61,0,0,0,0,0,0,0,0,0,0,0,0,0,0,0,0,0,0,0,0,0,0,0,0,0,0,0,0,0,0,0,0,0,0,0,0,0,19,0,0,0,0,0,0,0,0,0,0,0,0,0,10,0,51,0,30,0,47,0,61,0,0,0,0,0,0,0,0,0,2,0,49,0,0,0,2,0,4,0,0,0,9,0,0,0,0,0,143,0,0,0,176,0,0,0,22,0,268,0,0,0,0,0,0,0,0,0,0,0,0,0,0,0,0,0,0,0,0,0,0,0,0,0,0,0,6,68,5,16,0,0,1,0,0,1,0,0,0,0,0
13,234,30,119,14,64,0,209,0,8,0,23,0,0,6,25,11,36,0,0,7,8,35,0,10,0,0,0,0,19,0,1,0,2,0,0,0,60,0,0,0,0,0,0,0,0,0,0,0,0,0,0,0,0,0,11,0,0,0,0,0,13,0,17,0,3,0,0,0,0,0,0,0,0,0,0,0,0,0,0,0,0,0,0,0,0,0,0,0,0,0,1,0,0,0,0,0,0,0,0,0,0,0,0,0,0,0,0,0,0,0,0,0,0,0,0,0,0,0,0,0,0,0,0,0,0,0,0,0,0,0,0,0,0,0,0,0,0,0,70,0,39,0,0,0,26,0,2,0,0,0,0,0,0,0,1,0,7,0,22,0,0,0,0,0,0,0,4,0,3,0,0,0,79,0,0,18,90,0,7,0,0,0,10,0,0,0,0,0,0,0,0,0,0,0,0,0,0,0,0,0,1,0,0,0,0,0,0,0,6,0,0,0,0,0,0,0,0,26,269,30,0,1,1,0
14,0,0,0,22,0,0,0,9,0,110,0,323,63,0,0,0,0,43,0,3,0,0,0,0,0,49,344,0,0,0,0,0,0,10,0,0,0,0,0,0,47,7,0,6,115,244,139,196,23,25,13,0,0,0,0,0,0,0,0,0,0,0,0,0,0,0,0,0,0,0,0,0,0,0,0,0,0,0,0,0,0,0,0,0,0,0,0,0,0,0,0,0,0,0,0,0,0,0,0,0,0,0,0,0,0,0,0,0,0,0,0,0,0,0,0,0,0,0,0,0,0,0,0,0,0,0,0,0,0,0,0,0,0,0,0,0,0,0,0,0,0,0,0,0,0,0,0,0,0,0,0,0,0,0,0,0,0,0,0,0,0,0,0,0,0,3,0,0,0,0,0,0,0,0,0,0,75,24,0,0,0,0,0,0,0,272,0,0,0,0,0,0,0,0,0,0,0,0,0,0,0,0,0,0,0,0,0,0,0,0,30,17,0,0,0,0,9,0,0,0,0,0,0,0
0,134,0,16,0,48,0,57,0,0,0,183,0,354,0,0,0,0,0,27,0,0,0,0,0,0,46,62,0,0,0,0,0,0,0,1,0,1,0,0,47,0,5,70,36,33,180,479,20,191,0,26,0,0,0,0,0,0,0,0,0,0,0,0,0,0,0,0,0,0,0,0,0,0,0,0,0,0,0,0,0,0,0,0,0,0,0,0,0,0,0,0,0,0,0,0,0,0,0,0,0,0,0,0,0,0,0,0,0,0,0,0,0,0,0,0,0,0,0,0,0,0,0,0,0,0,0,0,0,0,0,0,0,0,0,0,0,0,0,0,0,0,0,0,0,0,0,0,0,0,0,0,0,0,0,0,0,0,0,0,0,0,0,0,0,0,0,0,0,0,0,0,0,0,0,0,0,66,0,0,0,3,0,0,0,0,41,2,0,0,0,0,0,0,0,0,0,0,0,0,0,0,0,0,0,0,0,0,0,0,0,0,0,0,0,0,0,0,3,19,7,0,0,0,0
0,0,0,0,1,0,0,0,0,0,0,0,14,18,0,0,1,0,0,41,3,0,0,0,0,0,107,170,0,0,24,0,33,0,20,1,73,0,3,0,7,5,0,4,112,18,61,26,25,1,142,5,0,0,0,0,0,0,0,0,0,0,0,0,0,0,0,0,0,0,0,0,1,0,0,0,0,0,0,0,0,0,3,0,0,0,0,0,0,0,0,0,0,0,5,0,0,0,6,0,0,0,0,0,0,0,0,0,0,0,0,0,0,0,0,0,0,0,0,0,0,0,0,0,0,0,0,0,0,0,0,0,0,0,0,0,0,0,0,0,0,0,0,0,0,0,0,0,0,0,0,0,0,0,0,0,0,0,0,0,0,0,0,0,35,0,18,0,12,0,0,0,18,0,0,0,0,4,0,0,0,0,0,0,0,0,36,0,0,0,0,0,0,0,0,0,0,0,0,0,0,0,0,0,0,0,0,0,0,0,9,13,53,10,5,0,0,0,0,0,0,0,0,0,0
0,0,0,0,0,0,0,0,0,0,0,0,0,0,0,0,0,0,0,0,0,115,0,0,0,0,46,154,0,14,0,77,0,28,0,49,0,115,0,0,0,70,4,0,19,330,67,37,0,70,12,123,0,0,0,0,0,0,0,0,0,0,0,6,0,0,0,0,0,0,0,0,0,0,0,3,0,0,0,0,0,113,0,0,0,0,0,0,0,0,0,0,0,0,0,0,0,32,0,0,0,0,0,0,0,0,0,0,0,0,0,0,0,0,0,0,0,0,0,0,0,0,0,23,0,0,0,0,0,0,0,0,0,0,0,0,0,0,0,121,0,208,0,188,0,72,0,0,0,0,0,0,0,0,0,6,0,15,0,0,0,0,0,0,0,110,0,114,0,103,0,5,0,0,0,0,0,50,0,0,0,0,0,0,0,0,10,66,0,0,0,0,0,0,0,0,0,0,0,0,0,0,0,0,0,0,0,0,0,0,0,0,0,0,41,0,0,0,47,75,279,0,0,0,0
0,0,0,0,0,0,0,0,0,0,9,0,4,16,4,0,0,0,0,0,6,0,0,0,0,0,187,133,0,0,9,0,9,0,9,1,73,0,0,0,6,36,112,19,0,83,126,135,222,15,91,5,0,0,0,0,0,0,0,0,3,0,11,0,0,0,0,0,0,0,22,0,0,0,0,0,0,0,17,0,0,0,0,0,221,0,0,0,0,0,0,0,0,0,0,0,220,0,0,0,0,0,0,0,0,0,137,0,0,0,0,0,0,0,0,0,0,0,0,0,0,0,0,0,0,0,0,0,0,0,0,0,0,0,0,0,0,0,16,0,0,0,106,0,82,0,1,0,0,0,0,0,0,0,0,0,0,0,0,0,0,0,0,0,321,0,57,0,73,0,19,0,47,0,0,0,0,12,3,0,0,0,0,0,0,0,79,0,0,0,0,0,0,0,0,0,0,0,0,0,0,0,0,0,0,0,0,0,0,0,42,206,346,21,23,0,0,45,0,0,1,0,0,0,0
0,20,0,0,0,0,0,4,0,4,0,9,0,1,0,0,0,0,0,39,3,46,0,0,0,0,75,185,0,0,0,0,0,5,0,8,0,19,0,0,115,33,18,330,83,0,375,73,57,199,0,170,0,0,0,6,0,0,0,0,0,2,0,0,0,0,0,0,0,0,0,0,0,0,0,0,0,0,0,0,0,39,0,33,0,0,0,0,0,0,0,0,0,0,0,0,0,0,0,19,0,19,0,5,0,0,0,0,0,0,0,0,0,0,0,0,0,0,0,0,0,0,0,0,0,0,0,0,0,0,0,0,0,0,0,0,0,0,0,0,0,21,0,44,0,0,0,0,0,0,0,0,0,0,0,0,0,0,0,0,0,0,0,1,0,445,0,29,0,66,0,0,0,5,0,0,0,64,0,0,0,0,0,0,0,0,77,18,0,0,0,0,0,0,0,0,0,0,0,0,0,0,0,0,0,0,0,0,0,0,0,0,0,0,12,0,0,0,25,189,333,19,0,0,22
0,0,0,2,37,0,0,0,8,0,176,0,316,73,20,0,1,0,16,0,0,0,2,0,0,0,205,537,0,0,3,0,0,0,0,0,0,0,0,0,244,180,61,67,126,375,0,454,210,43,19,27,0,0,0,0,0,0,0,0,0,0,0,0,0,0,0,0,2,0,0,0,0,0,0,0,0,0,0,0,0,0,0,0,0,0,0,0,0,0,0,0,0,0,0,0,0,0,3,0,0,0,0,0,0,0,0,0,0,0,0,0,0,0,0,0,0,0,0,0,0,0,0,0,0,0,0,0,0,0,0,0,0,0,0,1,2,0,0,0,1,0,0,0,0,0,0,0,0,0,0,0,0,0,0,0,0,0,0,0,0,0,0,0,34,0,4,0,0,0,0,0,5,0,0,0,0,98,26,0,0,0,7,0,0,0,244,0,0,0,0,0,0,0,0,0,0,0,0,0,0,0,0,0,0,0,0,0,0,0,24,178,151,9,0,0,0,22,0,7,0,0,0,0,0
0,186,0,40,0,75,0,73,0,0,0,159,23,197,0,0,0,0,0,54,0,26,0,0,0,0,169,139,0,0,0,0,0,0,10,0,0,2,0,0,139,479,26,37,135,73,454,0,43,175,32,11,0,0,0,0,0,0,0,0,0,0,0,0,0,0,0,0,0,0,0,0,0,0,0,0,0,0,0,0,0,0,0,0,0,0,0,0,0,0,0,0,0,0,0,0,0,0,0,0,0,0,0,0,0,0,0,0,0,0,0,0,0,0,0,0,0,0,0,0,0,0,0,0,0,0,0,0,0,0,0,0,0,0,0,0,0,0,0,0,0,0,0,0,0,0,0,0,0,0,0,0,0,0,0,0,0,0,0,0,0,0,0,0,0,0,0,0,0,0,0,0,0,0,0,0,0,211,0,0,0,0,0,0,0,0,84,0,0,0,0,0,0,0,0,0,0,0,0,0,0,0,0,0,0,0,0,0,0,0,0,0,0,0,0,0,0,0,0,138,39,0,0,0,0
7,0,0,0,2,0,34,0,29,0,0,0,55,0,0,0,0,0,6,0,0,0,0,0,0,0,36,2,0,0,3,0,0,0,4,0,4,0,0,0,196,20,25,0,222,57,210,43,0,53,5,0,30,0,38,0,20,0,30,0,35,0,4,0,7,0,0,0,22,0,0,0,0,0,0,0,3,0,6,0,7,0,68,1,5,0,15,0,5,0,0,0,17,0,28,0,7,1,0,0,10,0,44,0,0,0,0,0,0,0,0,0,0,0,0,0,0,0,0,0,0,0,0,0,2,0,0,0,7,0,7,0,0,0,0,0,2,0,0,0,3,0,0,0,0,0,0,0,1,0,5,0,3,0,10,0,9,0,0,0,28,0,0,0,6,0,12,0,27,0,9,0,15,0,0,0,0,38,20,0,6,0,0,0,2,0,219,0,0,0,2,0,35,0,2,0,0,0,0,0,0,0,0,1,17,0,0,0,5,0,56,171,205,6,131,11,0,29,0,4,5,8,0,0,0
0,30,0,0,0,0,0,0,0,0,0,43,0,46,0,0,0,0,0,54,0,36,0,0,0,0,0,17,0,0,0,0,0,0,0,0,0,0,0,0,23,191,1,70,15,199,43,175,53,0,0,25,0,1,0,0,0,0,0,0,0,0,0,0,0,0,0,0,0,2,0,0,0,1,0,0,0,0,0,0,0,0,0,0,0,0,0,2,0,0,0,0,0,1,0,0,0,0,0,0,0,2,0,0,0,0,0,0,0,0,0,0,0,0,0,0,0,0,0,0,0,0,0,0,0,0,0,0,0,0,0,0,0,0,0,0,0,0,0,0,0,0,0,11,0,0,0,0,0,0,0,0,0,0,0,0,0,1,0,0,0,0,0,0,0,32,0,11,0,2,0,0,0,0,0,0,0,172,0,0,0,0,0,3,0,0,35,48,0,0,0,0,0,0,0,0,0,0,0,0,0,0,0,0,0,0,0,0,0,0,0,2,0,0,14,0,0,0,13,136,11,2,1,0,17
0,0,0,0,14,0,0,0,0,0,15,0,221,39,0,0,0,0,128,58,59,1,0,0,0,0,247,184,0,0,74,0,25,0,179,0,73,0,0,0,25,0,142,12,91,0,19,32,5,0,0,0,0,0,0,0,0,0,0,0,0,0,0,0,0,0,0,0,0,0,3,0,0,0,0,0,6,0,0,0,0,0,0,0,0,0,11,0,1,0,0,0,0,0,0,0,0,0,0,0,0,0,0,0,0,0,0,0,0,0,0,0,0,0,0,0,0,0,0,0,0,0,0,0,0,0,0,0,0,0,0,0,0,0,0,0,0,0,0,0,0,0,0,0,0,0,0,0,0,0,0,0,0,0,0,0,0,0,0,0,0,0,0,0,89,0,30,0,53,0,0,0,38,0,0,0,0,8,19,0,0,0,7,0,0,0,111,0,0,0,0,0,0,0,0,0,0,0,0,0,0,0,0,0,0,0,0,0,0,0,19,54,97,24,16,0,0,1,0,0,0,0,0,0,0
0,0,0,0,0,0,0,0,0,0,0,0,0,47,1,0,0,2,7,103,0,35,0,0,0,0,0,247,0,0,0,62,0,13,0,25,1,115,0,0,13,26,5,123,5,170,27,11,0,25,0,0,0,0,0,12,0,0,0,0,0,3,0,0,0,0,0,2,0,6,0,0,0,1,0,0,0,6,0,0,0,0,0,0,0,0,0,0,0,0,0,0,0,0,0,6,0,11,0,0,0,14,0,0,0,0,0,0,0,0,0,0,0,0,0,0,0,0,0,0,0,0,0,0,0,0,0,0,0,4,0,0,0,0,0,34,0,0,0,0,0,47,0,0,0,40,0,0,0,0,0,0,0,0,0,0,0,8,0,0,0,4,0,0,0,46,0,68,0,75,0,0,0,21,0,0,0,52,0,0,0,0,0,1,0,0,0,90,0,0,0,0,0,0,0,0,0,0,0,0,0,0,0,0,0,0,0,0,0,0,0,0,0,0,0,0,0,0,22,33,124,19,5,0,0
0,0,0,0,0,0,144,0,240,50,0,0,0,0,0,0,59,0,0,0,9,0,0,0,34,0,0,0,6,0,0,0,0,0,0,0,0,0,0,0,0,0,0,0,0,0,0,0,30,0,0,0,0,12,444,71,172,9,35,42,24,0,92,4,0,0,3,60,0,0,0,0,0,0,2,0,0,0,0,0,9,0,0,0,140,0,0,0,0,0,9,0,0,0,0,0,108,0,0,0,0,0,0,0,0,0,62,0,0,0,0,0,0,0,0,0,0,0,0,0,0,0,24,0,6,0,0,0,30,0,5,0,10,0,86,0,96,0,220,0,59,0,246,0,25,0,0,0,0,0,20,0,2,0,314,2,76,0,149,0,6,0,0,0,0,0,0,0,16,0,64,0,6,1,0,0,216,4,0,0,0,0,16,0,45,1,0,0,0,0,0,0,0,0,0,0,0,0,0,0,150,0,0,0,0,0,8,0,52,0,132,178,104,119,145,0,16,0,0,0,0,0,0,0,0
0,0,0,0,0,0,18,53,68,74,0,0,0,0,0,0,0,61,0,0,0,0,0,11,17,0,0,0,0,40,0,0,0,0,0,0,0,0,0,0,0,0,0,0,0,0,0,0,0,1,0,0,12,0,73,110,5,67,15,15,0,25,2,29,0,0,30,3,0,0,0,0,0,0,0,0,0,0,0,0,0,0,0,0,0,8,0,0,0,0,0,0,0,0,0,0,0,0,0,0,0,0,0,0,0,0,0,0,0,0,0,0,0,0,0,0,0,0,0,0,0,0,0,1,0,0,0,0,0,31,0,1,0,28,0,64,0,92,0,65,0,15,0,18,0,12,0,0,0,0,0,0,0,0,0,115,1,135,0,60,0,14,0,0,0,0,0,0,0,0,2,27,0,13,0,0,15,21,0,0,0,0,0,1,2,9,0,0,0,0,0,0,0,0,0,0,0,0,0,0,0,0,0,0,0,0,0,0,0,0,0,1,0,0,70,0,0,0,51,149,33,73,0,2,0
4,0,18,0,0,0,181,58,105,249,0,0,0,0,56,0,74,0,0,0,53,0,54,0,110,4,0,0,0,0,0,0,0,0,0,0,0,0,0,0,0,0,0,0,0,0,0,0,38,0,0,0,444,73,0,162,228,12,56,60,87,4,47,43,6,0,27,83,0,1,0,0,0,0,0,0,0,0,0,0,0,0,0,0,0,0,0,0,0,0,0,0,0,0,0,0,0,0,0,0,0,0,0,0,0,0,0,0,0,0,0,0,0,0,0,0,0,0,0,0,0,0,0,0,41,0,23,0,82,0,18,0,23,0,36,0,33,0,21,2,10,0,21,0,0,0,0,0,9,0,50,0,0,0,164,0,73,0,0,3,79,0,0,0,0,0,0,0,30,0,247,0,0,0,0,0,51,0,0,0,0,0,0,0,0,0,0,0,0,0,0,0,0,0,0,0,0,0,0,0,0,0,0,0,0,0,0,0,44,0,302,87,160,0,343,1,40,0,0,0,0,0,0,0,0
0,5,0,30,0,0,47,255,240,92,0,0,0,0,0,70,0,68,0,53,3,61,0,56,36,130,0,0,0,46,0,6,0,0,0,0,0,0,0,11,0,0,0,0,0,6,0,0,0,0,0,12,71,110,162,0,14,193,26,41,0,8,36,89,0,12,87,28,0,1,0,0,0,0,0,0,0,0,0,0,0,0,0,0,0,7,0,0,0,0,0,0,0,0,0,0,0,0,0,0,0,0,0,0,0,0,0,0,0,0,0,0,0,0,0,0,0,0,0,0,0,0,0,0,0,20,1,24,0,39,0,14,0,97,0,111,0,179,1,40,0,0,0,0,0,0,0,0,0,8,0,33,1,0,3,81,0,8,0,18,0,44,0,0,0,0,0,11,0,8,0,74,0,95,0,0,31,33,0,0,0,0,0,0,7,6,0,0,0,0,0,0,0,0,0,0,0,0,0,0,0,0,0,0,0,0,0,0,0,69,4,0,0,0,524,0,0,0,334,140,233,491,0,50,0
7,0,0,0,0,0,32,0,17,0,0,0,0,0,0,0,22,0,0,0,0,0,13,0,5,0,0,0,0,0,0,0,0,0,0,0,0,0,0,0,0,0,0,0,0,0,0,0,20,0,0,0,172,5,228,14,0,11,310,47,0,0,11,0,100,0,43,78,0,0,0,0,0,0,0,0,0,0,0,0,0,0,0,0,0,0,0,0,0,0,0,0,0,0,0,0,0,0,0,0,0,0,0,0,0,0,0,0,0,0,0,0,0,0,0,0,0,0,0,0,0,0,0,0,24,0,7,0,73,0,69,0,7,0,0,0,0,0,0,0,0,0,0,0,0,4,3,0,25,0,0,0,0,0,307,18,36,0,68,0,123,0,28,0,0,0,0,0,82,0,325,0,0,0,0,3,0,0,0,0,26,5,1,0,5,1,0,0,0,0,0,0,0,0,0,0,0,0,0,0,0,0,0,0,0,0,0,0,0,0,445,161,434,424,538,5,46,0,14,0,0,0,0,0,0
0,3,0,0,0,0,0,26,13,92,0,0,0,0,0,0,0,41,0,0,0,0,0,17,0,20,0,0,0,33,0,0,0,0,0,0,0,0,0,0,0,0,0,0,0,0,0,0,0,0,0,0,9,67,12,193,11,0,44,381,0,0,0,11,20,4,61,69,0,0,0,0,0,0,0,0,0,0,0,0,0,0,0,0,0,0,0,0,0,0,0,0,0,1,0,0,0,0,0,0,0,0,0,0,0,0,0,0,0,0,0,0,0,0,0,0,0,0,0,0,0,0,0,0,0,18,0,21,0,49,0,19,0,50,0,0,0,27,0,11,0,2,0,0,0,3,0,6,0,6,0,25,0,0,6,303,0,7,0,143,5,100,0,0,0,1,0,26,0,28,0,327,0,65,0,0,0,0,0,0,5,0,0,0,5,0,0,0,0,0,0,0,0,0,0,0,0,0,0,6,0,0,0,0,0,0,0,0,0,47,4,2,2,0,580,0,0,0,358,201,389,479,0,19,0
7,0,0,0,0,0,87,0,50,12,0,0,0,0,0,0,0,0,0,0,0,0,0,0,5,0,0,0,0,0,0,0,0,0,0,0,0,0,0,0,0,0,0,0,0,0,0,0,30,0,0,0,35,15,56,26,310,44,0,199,0,0,0,0,345,0,160,320,0,0,0,0,0,0,0,0,0,0,0,0,0,0,0,0,0,0,0,0,0,0,0,0,0,0,0,0,0,0,0,0,0,0,0,0,0,0,0,0,0,0,0,0,0,0,0,0,0,0,0,0,0,0,0,0,0,0,4,0,0,0,83,0,0,0,0,0,0,0,0,0,0,0,0,0,0,2,0,0,56,0,0,0,0,0,59,48,118,0,0,12,181,0,16,0,1,0,0,0,40,1,180,0,0,0,0,2,0,0,0,0,0,0,0,0,101,9,0,0,0,0,0,0,0,0,0,0,0,0,0,0,0,0,0,0,0,0,0,0,0,0,566,247,414,431,594,0,0,0,9,3,0,1,0,0,0
0,0,0,0,0,0,0,8,58,82,0,0,0,0,0,0,0,4,0,0,0,18,0,0,0,0,0,0,0,3,0,1,0,0,0,0,0,0,0,0,0,0,0,0,0,0,0,0,0,0,0,0,42,15,60,41,47,381,199,0,0,3,0,12,66,159,238,563,0,0,0,1,0,0,0,0,0,0,0,0,0,0,0,0,0,0,0,1,0,0,0,0,0,0,0,0,0,0,0,0,0,0,0,0,0,0,0,0,0,0,0,0,0,0,0,0,0,0,0,0,0,0,0,1,0,26,0,18,0,7,5,53,0,19,0,15,0,0,0,3,3,0,0,0,0,7,0,0,0,50,0,27,0,0,23,45,8,47,9,13,28,56,0,0,0,2,0,16,0,25,0,178,0,27,0,13,0,0,0,0,11,0,0,0,33,70,0,0,0,1,0,0,0,0,0,0,0,0,0,0,0,0,0,0,0,0,0,12,0,32,3,0,3,0,1138,0,0,0,856,334,517,616,10,14,0
92,0,31,0,0,0,256,14,282,0,0,0,0,0,0,0,0,0,0,0,0,0,0,0,26,0,0,0,0,0,0,0,7,0,0,0,27,0,11,0,0,0,0,0,3,0,0,0,35,0,0,0,24,0,87,0,0,0,0,0,0,0,6,0,0,0,0,0,0,0,7,0,0,0,0,0,0,0,0,0,0,0,0,0,9,0,0,0,0,0,0,0,0,0,0,0,0,0,0,0,0,0,0,0,0,0,0,0,0,0,0,0,0,0,0,0,0,0,0,0,3,0,13,0,0,0,0,0,0,0,0,0,0,0,0,0,0,0,78,0,29,0,28,0,161,0,0,0,0,0,0,0,0,0,25,0,239,0,0,0,0,0,0,0,0,0,0,0,6,0,57,0,70,0,0,0,98,5,0,0,0,0,0,0,0,0,0,0,0,0,0,0,0,0,0,0,0,0,0,0,0,0,0,0,0,0,0,0,0,0,80,56,83,134,95,0,24,0,2,0,0,0,0,0,0
0,234,1,8,0,2,0,145,0,92,0,0,0,0,0,3,0,3,0,0,0,0,0,0,0,2,0,0,0,6,0,0,0,2,0,3,0,28,0,13,0,0,0,0,0,2,0,0,0,0,0,3,0,25,4,8,0,0,0,3,0,0,1,27,0,0,0,0,0,0,0,0,0,0,0,0,0,0,0,0,0,0,0,0,0,0,0,0,0,0,0,0,0,0,0,0,0,0,0,0,0,0,0,0,0,0,0,0,0,0,0,0,0,0,0,0,0,0,0,0,0,0,0,0,0,0,0,0,0,1,0,0,0,0,0,0,0,0,0,76,0,57,0,0,0,150,0,0,0,0,0,0,0,0,0,11,0,112,0,36,0,0,0,0,0,0,0,3,0,2,0,37,0,129,0,0,0,22,0,1,0,1,0,31,0,0,0,0,0,0,0,0,0,0,0,0,0,0,0,0,0,0,0,0,0,0,0,0,0,0,0,0,0,0,39,0,0,0,30,579,97,53,0,0,0
228,21,103,0,0,0,473,83,341,37,0,0,0,0,0,0,212,4,0,0,119,0,35,2,463,51,0,0,59,0,25,0,7,0,0,0,39,0,47,0,0,0,0,0,11,0,0,0,4,0,0,0,92,2,47,36,11,0,0,0,6,1,0,15,0,3,0,4,0,0,7,0,0,0,7,0,0,0,0,0,0,0,7,0,72,0,0,0,0,0,0,0,0,0,0,0,0,0,0,0,0,0,0,0,0,0,0,0,0,0,0,0,0,0,0,0,0,0,0,0,0,0,0,0,0,0,0,0,0,0,0,0,0,0,34,0,53,0,300,0,103,0,102,0,125,0,2,0,0,0,7,0,0,0,109,0,42,0,36,0,0,0,0,0,0,0,0,0,0,0,7,0,9,0,0,0,347,14,0,0,0,0,81,0,9,0,0,0,0,0,0,0,0,0,0,0,0,0,0,0,42,0,0,0,0,0,0,0,0,0,53,30,22,70,65,0,9,0,1,0,1,0,0,0,0
9,255,0,0,0,0,27,581,44,232,0,0,0,0,0,0,1,232,0,0,0,49,0,58,34,80,0,0,0,48,0,2,0,1,0,1,0,10,0,17,0,0,0,6,0,0,0,0,0,0,0,0,4,29,43,89,0,11,0,12,0,27,15,0,0,0,4,0,0,0,0,0,0,0,0,0,0,0,0,0,0,0,0,0,0,0,0,0,0,0,0,0,0,0,0,0,1,1,0,0,0,0,0,0,0,0,0,0,0,0,0,0,0,0,0,0,0,0,0,0,0,0,0,0,0,0,0,0,0,3,0,0,0,0,0,14,0,0,0,65,0,0,0,3,0,0,0,0,0,0,0,0,0,0,1,12,0,46,0,48,0,0,0,0,0,0,0,0,0,0,0,5,0,6,0,0,17,45,0,0,0,0,0,40,0,1,0,0,0,0,0,0,0,0,0,0,0,0,0,0,0,0,0,0,0,0,0,0,0,0,0,0,0,0,11,0,0,0,7,514,9,7,0,0,0
2,0,0,0,4,0,19,0,117,0,0,0,0,0,8,0,0,0,0,0,0,0,0,0,0,0,0,0,0,0,0,0,0,0,0,0,0,0,0,0,0,0,0,0,0,0,0,0,7,0,0,0,0,0,6,0,100,20,345,66,0,0,0,0,0,0,166,86,0,0,0,0,1,0,0,0,0,0,0,0,0,0,0,0,0,0,0,0,0,0,0,0,0,0,0,0,0,0,0,0,0,0,0,0,0,0,0,0,0,0,0,0,0,0,0,0,0,0,0,0,0,0,0,0,9,0,0,0,0,0,38,0,1,0,0,0,0,0,0,9,0,0,0,0,4,14,16,0,75,0,8,0,1,0,6,33,6,0,0,42,127,37,0,0,0,0,2,0,7,0,0,0,0,0,58,0,0,0,0,0,397,26,0,0,137,0,0,0,0,0,0,0,0,0,0,0,0,0,0,0,0,0,0,0,0,0,0,0,0,0,168,23,100,151,149,0,0,0,1,0,0,0,0,0,0
0,79,0,12,0,15,0,19,0,211,0,4,0,0,0,31,0,0,0,60,0,0,0,4,0,0,0,16,0,9,0,0,0,3,0,0,0,0,0,3,0,0,0,0,0,0,0,0,0,0,0,0,0,0,0,12,0,4,0,159,0,0,3,0,0,0,6,390,0,0,0,13,0,0,0,0,0,0,0,0,0,0,0,0,0,0,0,0,0,0,0,0,0,0,0,0,0,0,0,0,0,0,0,0,0,0,0,0,0,0,0,0,0,0,0,0,0,0,0,0,0,9,0,2,0,80,0,43,39,0,90,123,0,0,0,2,0,0,49,37,10,4,0,1,7,61,0,46,0,109,1,40,0,40,0,0,0,0,22,1,46,451,0,19,0,0,0,0,0,6,0,0,0,0,0,48,0,0,0,1,36,275,0,0,2,86,0,0,0,0,0,0,0,0,0,0,0,0,0,0,0,0,0,0,0,0,0,0,0,10,0,0,0,0,147,0,0,0,70,14,0,0,0,0,0
5,0,0,0,1,0,33,0,38,24,0,0,0,0,0,0,0,0,0,0,0,0,0,0,0,0,0,0,0,0,0,0,0,0,0,0,0,0,0,0,0,0,0,0,0,0,0,0,0,0,0,0,3,30,27,87,43,61,160,238,0,0,0,4,166,6,0,201,0,0,0,0,0,0,0,0,0,0,0,0,0,0,0,0,0,0,0,0,0,0,0,0,0,0,0,0,0,0,0,0,0,0,0,0,0,0,0,0,0,0,0,0,0,0,0,0,0,0,0,0,0,0,0,0,1,0,0,0,0,0,27,0,0,0,0,0,0,0,0,0,0,0,0,0,0,0,1,0,35,0,0,0,0,0,8,27,38,0,0,5,53,0,0,0,0,0,0,0,10,0,52,0,0,0,0,2,67,0,0,0,28,0,0,0,815,12,0,0,0,0,0,0,0,0,0,0,0,0,0,0,0,0,0,0,0,0,0,0,0,0,121,83,63,83,110,0,0,0,0,0,0,0,0,0,0
0,45,0,3,0,0,0,23,62,215,0,0,0,0,0,0,0,0,0,17,0,0,0,0,0,0,0,5,0,0,0,0,0,0,0,0,0,0,0,0,0,0,0,0,0,0,0,0,0,0,0,2,60,3,83,28,78,69,320,563,0,0,4,0,86,390,201,0,0,0,0,0,0,0,0,0,0,0,0,0,0,0,0,0,0,0,0,0,0,0,0,0,0,0,0,0,0,0,0,0,0,0,0,0,0,0,0,1,0,0,0,0,0,0,0,0,0,0,0,0,0,0,0,0,0,15,0,8,0,0,0,33,0,0,0,0,0,0,1,0,0,0,0,1,3,0,0,0,0,88,0,5,0,2,26,0,0,11,19,5,27,154,0,0,0,0,0,0,0,0,0,0,1,0,3,55,17,11,0,1,17,45,0,0,27,620,0,0,0,0,0,0,0,0,0,0,0,0,0,0,0,0,0,0,0,0,0,0,0,0,4,0,1,0,352,0,0,0,320,208,123,0,0,0,0
0,0,0,0,0,0,0,0,0,0,0,0,0,0,0,0,0,0,0,0,0,0,0,0,0,0,0,0,0,0,0,0,0,0,0,0,0,0,0,0,0,0,0,0,0,0,2,0,22,0,0,0,0,0,0,0,0,0,0,0,0,0,0,0,0,0,0,0,0,0,0,0,7,0,0,0,111,0,24,0,5,0,84,0,0,0,9,0,9,0,0,0,15,0,16,0,0,0,0,0,11,0,194,0,0,0,0,0,3,0,0,0,0,0,0,0,8,0,1,0,0,0,0,0,0,0,0,0,0,0,0,0,0,1,2,0,0,0,0,0,0,0,0,0,0,0,0,0,0,0,0,0,0,0,0,0,0,0,0,0,0,0,0,0,24,0,0,0,99,0,0,0,0,0,0,0,0,0,0,0,0,0,0,0,0,0,0,0,0,0,0,0,0,0,0,0,4,0,0,0,0,0,10,0,15,0,0,0,0,0,31,5,50,4,4,26,28,0,0,0,0,0,0,0,0
0,0,0,0,0,0,0,0,0,0,0,0,0,0,0,0,0,0,0,0,0,0,0,0,0,0,0,0,0,0,0,0,0,0,0,0,0,0,0,0,0,0,0,0,0,0,0,0,0,2,0,6,0,0,1,1,0,0,0,0,0,0,0,0,0,0,0,0,0,0,0,0,0,1,0,0,0,159,0,0,0,5,0,216,0,0,0,28,0,31,0,0,0,102,0,22,0,0,0,0,0,8,0,79,0,5,0,5,0,33,0,15,0,21,0,0,0,0,0,1,0,0,0,0,0,0,0,0,0,0,0,0,0,0,0,0,0,0,0,0,0,0,0,0,0,0,0,0,0,0,0,0,0,0,0,0,0,0,0,0,0,0,0,0,0,106,0,0,0,85,0,0,0,0,0,0,0,0,0,0,0,0,0,0,0,0,0,0,0,0,0,0,0,0,0,9,0,1,0,0,0,0,0,0,0,11,0,0,0,0,0,0,0,0,2,0,0,0,10,9,61,3,14,9,2
1,0,0,0,0,0,0,0,0,0,0,0,0,0,0,0,0,0,22,0,43,0,0,0,0,0,51,0,0,0,7,0,6,0,0,0,21,0,0,0,0,0,0,0,22,0,0,0,0,0,3,0,0,0,0,0,0,0,0,0,7,0,7,0,0,0,0,0,0,0,0,0,207,0,413,0,0,0,133,0,18,0,0,0,10,0,50,0,0,0,0,0,0,0,0,0,0,0,0,0,0,0,0,0,0,0,0,0,0,0,0,0,0,0,0,0,0,0,0,0,53,0,12,0,6,0,0,0,11,0,31,12,10,0,58,0,28,0,10,0,87,0,107,0,95,2,19,0,25,0,50,0,24,0,0,0,5,0,1,0,0,0,39,0,0,0,0,0,54,0,19,0,32,0,38,0,0,0,0,0,87,0,0,0,32,0,0,0,0,0,0,0,0,0,0,0,0,0,0,0,10,0,0,0,0,0,0,0,52,0,12,0,67,0,8,1,0,0,0,0,0,0,0,0,0
0,0,0,0,0,0,0,0,0,0,0,0,0,0,0,0,0,0,0,0,0,4,0,0,0,1,0,0,0,0,0,0,0,0,0,0,0,0,0,0,0,0,0,0,0,0,0,0,0,0,0,0,0,0,0,0,0,0,0,1,0,0,0,0,0,13,0,0,0,0,0,0,0,142,0,264,0,7,0,44,0,1,0,0,0,0,0,73,0,0,0,0,0,0,0,0,0,0,0,0,0,3,0,0,0,0,0,0,0,0,0,0,0,0,0,0,0,0,0,0,0,9,0,23,0,0,0,21,8,0,0,11,0,0,0,0,0,0,3,18,0,29,0,38,0,67,0,0,0,77,0,22,0,65,0,1,0,0,0,0,0,2,0,21,0,0,0,0,0,6,0,0,0,0,0,46,0,0,0,0,0,27,0,0,0,62,0,0,0,0,0,0,0,0,0,0,0,0,0,0,0,0,0,0,0,0,0,0,0,28,0,0,0,0,3,0,0,0,11,0,12,0,0,0,0
0,0,0,0,0,0,0,0,0,0,0,0,0,0,0,0,0,0,0,0,0,0,0,0,0,0,0,0,0,0,0,0,0,0,0,0,0,0,0,0,0,0,1,0,0,0,0,0,0,0,0,0,0,0,0,0,0,0,0,0,0,0,0,0,1,0,0,0,7,0,207,0,0,0,181,0,51,0,190,0,6,0,4,0,19,0,11,0,0,0,0,0,3,0,1,0,5,0,1,0,0,0,0,0,0,0,0,0,0,0,0,0,0,0,0,0,0,0,0,0,41,0,10,0,0,0,0,0,13,0,9,0,0,1,83,0,30,0,13,0,99,0,61,0,85,0,17,0,0,0,50,0,19,0,0,0,0,0,0,0,0,0,50,0,0,0,0,0,6,0,0,0,16,0,17,0,0,0,0,0,0,0,0,0,0,0,0,0,0,0,0,0,0,0,0,0,17,0,0,0,97,0,0,0,0,0,0,0,49,0,199,6,10,0,17,2,0,0,0,0,0,0,0,0,0
0,0,0,0,0,0,0,0,0,0,0,0,0,0,0,0,0,0,0,0,0,0,0,0,0,0,0,0,0,0,0,0,0,0,0,0,0,0,0,0,0,0,0,0,0,0,0,0,0,1,0,1,0,0,0,0,0,0,0,0,0,0,0,0,0,0,0,0,0,1,0,142,0,0,0,313,0,98,0,46,0,0,0,46,0,53,0,80,0,0,0,0,0,0,0,0,0,0,0,0,0,0,0,0,0,0,0,0,0,0,0,0,0,0,0,0,0,0,0,0,0,28,0,63,0,27,0,0,0,0,0,0,0,0,0,134,0,0,0,11,3,32,0,64,0,48,0,0,4,57,0,29,0,57,0,0,0,0,0,3,0,0,0,43,0,0,0,1,0,15,0,0,0,0,0,39,0,0,0,0,0,0,0,0,0,38,0,0,0,34,0,0,0,0,0,2,2,0,0,0,0,64,0,0,0,0,0,0,0,0,0,0,0,0,5,0,0,0,79,0,10,0,1,0,0
0,0,0,0,0,0,0,0,0,0,0,0,0,0,0,0,0,0,0,0,42,0,0,0,0,0,37,0,5,0,0,0,0,0,0,0,18,0,0,0,0,0,0,0,0,0,0,0,0,0,0,0,2,0,0,0,0,0,0,0,0,0,7,0,0,0,0,0,0,0,413,0,181,0,0,0,7,0,98,0,18,0,0,0,36,0,72,0,0,0,0,0,1,0,0,0,10,0,10,0,0,0,0,0,0,0,0,0,0,0,0,0,0,0,0,0,0,0,0,0,150,1,89,0,8,0,0,0,12,0,15,0,7,0,10,0,21,0,3,12,66,0,94,0,127,0,0,0,8,10,0,0,26,0,0,0,3,0,0,0,0,0,18,0,1,0,0,0,14,0,12,0,17,0,38,0,0,0,0,0,57,0,0,0,15,0,0,0,0,0,0,0,0,0,0,0,5,0,19,0,28,0,0,0,0,0,0,0,13,0,18,0,15,0,8,2,2,0,0,0,0,0,0,0,0
0,0,0,0,0,0,0,0,0,0,0,0,0,0,0,0,0,0,0,0,0,0,0,0,0,0,0,0,0,0,0,0,0,0,0,0,0,0,0,0,0,0,0,3,0,0,0,0,0,0,0,0,0,0,0,0,0,0,0,0,0,0,0,0,0,0,0,0,0,0,0,264,0,313,0,0,0,16,0,171,0,2,0,0,0,0,0,205,0,0,0,0,0,0,0,0,0,0,0,0,0,0,0,0,0,0,0,0,0,0,0,0,0,0,0,0,0,0,0,0,0,73,0,58,3,0,0,0,0,0,0,0,0,14,0,0,0,0,0,7,0,26,0,17,0,141,0,0,0,0,0,0,0,76,0,0,0,0,0,0,0,1,0,19,0,0,0,0,0,6,0,0,0,0,0,52,0,0,0,0,0,0,0,0,0,0,0,0,0,1,0,0,0,0,0,0,0,0,0,0,0,0,0,0,0,0,0,0,0,0,0,0,0,0,2,0,0,0,6,0,4,0,0,0,0
0,0,0,0,0,0,0,0,0,0,0,0,0,0,0,0,0,0,0,0,0,0,0,0,0,0,0,0,0,0,0,0,0,0,0,0,0,0,0,0,0,0,0,0,0,0,0,0,3,0,6,0,0,0,0,0,0,0,0,0,0,0,0,0,0,0,0,0,111,0,0,0,51,0,7,0,0,0,81,0,17,0,176,0,0,0,55,0,0,0,0,0,68,0,16,0,0,0,7,0,5,0,47,0,0,0,0,0,1,0,0,0,0,0,0,0,9,0,0,0,0,0,0,0,0,0,0,0,1,0,1,0,0,0,0,0,0,0,0,0,0,0,0,0,0,0,0,0,0,0,0,0,0,0,0,0,0,0,0,0,0,0,5,0,17,0,0,0,21,0,0,0,0,0,0,0,0,0,0,0,0,0,0,0,0,0,0,0,0,0,0,0,0,0,0,0,0,0,0,0,27,0,0,0,41,0,0,0,0,0,93,0,41,0,9,22,4,0,0,0,0,0,0,0,0
0,0,0,0,0,0,0,0,0,0,0,0,0,0,0,0,0,0,0,0,0,0,0,0,0,0,0,0,0,0,0,0,0,0,0,0,0,0,0,0,0,0,0,0,0,0,0,0,0,0,0,6,0,0,0,0,0,0,0,0,0,0,0,0,0,0,0,0,0,159,0,7,0,98,0,16,0,0,0,4,0,79,0,294,0,0,0,126,0,17,0,0,0,111,0,109,0,10,0,18,0,31,0,37,0,0,0,8,0,0,0,0,0,26,0,0,0,9,0,0,0,0,0,3,0,0,0,0,0,0,0,0,0,0,0,0,0,0,0,0,0,0,0,0,0,0,0,0,0,0,0,0,1,0,0,0,0,0,0,0,0,0,0,0,0,61,0,0,0,51,0,0,0,0,0,0,0,0,0,0,0,0,0,0,0,0,0,0,0,0,0,0,0,0,0,65,0,8,0,0,1,0,0,0,0,0,0,0,0,0,0,0,0,0,0,0,0,0,112,0,104,0,0,0,0
0,0,0,0,0,0,0,0,0,0,0,0,0,0,0,0,0,0,0,0,0,0,0,0,0,0,0,0,0,0,0,0,0,0,0,0,0,0,0,0,0,0,0,0,17,0,0,0,6,0,0,0,0,0,0,0,0,0,0,0,0,0,0,0,0,0,0,0,24,0,133,0,190,0,98,0,81,0,0,0,27,0,70,0,0,0,74,0,0,0,0,0,22,0,19,0,0,0,6,0,0,0,24,0,0,0,0,0,1,0,0,0,0,0,0,0,0,0,0,0,99,0,0,0,0,0,0,0,0,0,0,0,0,0,0,0,0,0,0,0,0,0,0,0,0,2,0,0,0,0,0,0,0,0,0,0,0,0,0,0,0,0,9,0,16,0,0,0,33,0,0,0,0,0,5,0,0,0,0,0,0,0,0,0,5,0,0,0,0,0,0,0,67,0,0,0,0,0,49,0,72,0,0,0,0,0,6,0,0,0,156,2,35,0,4,8,0,0,0,0,2,0,0,0,0
0,0,0,0,0,0,0,0,0,0,0,0,0,0,0,0,0,0,0,0,0,0,0,0,0,0,0,0,0,0,0,0,0,0,0,0,0,0,0,0,0,0,0,0,0,0,0,0,0,0,0,0,0,0,0,0,0,0,0,0,0,0,0,0,0,0,0,0,0,0,0,44,0,46,0,171,0,4,0,0,0,0,0,0,0,0,0,31,0,0,0,0,0,0,0,0,0,0,0,0,0,0,0,0,0,0,2,0,0,0,0,0,0,0,0,0,0,0,0,0,0,8,0,26,0,0,0,16,0,0,0,0,0,0,0,21,0,10,0,6,0,35,0,18,0,43,0,0,0,37,0,11,0,33,0,0,0,0,0,0,0,0,0,3,0,0,0,0,0,0,0,1,0,0,0,0,0,0,0,0,0,19,0,0,0,11,0,0,0,0,0,0,0,0,0,0,0,0,0,0,0,0,0,0,0,0,0,0,0,15,0,0,0,0,0,0,0,0,1,0,0,0,0,0,0
