0,470,94,73,83,7,8,172,25,166,101,33,126,0,36,68,43,22,48,0,0,0,78,17,6,161,18,0,68,6,9,0,42,0,0,0,68,0,403,0,9,0,5,0,0,0,9,0,24,0,12,0,6,1,6,3,0,3,7,1,164,0,156,24,31,0,6,0,0,0,0,0,0,0,0,0,0,0,0,0,0,0,0,0,0,1,2,0,0,0,0,0,0,0,0,0,0,0,0,0,0,0,0,0,0,0,0,0,0,0,0,0,0,0,0,0,0,0,0,0,0,2,0,0,3,1,4,0,0,0,6,0,2,0,11,0,0,0,0,0,0,0,8,0,0,0,16,0,17,0,9,0,26,0,2,0,1,0,0,0,9,0,0,0,0,0,0,0,11,0,11,0,171,0,0,0,200,49,25,6,32,0,51,14,36,0,17,0,0,0,0,0,0,0,0,0,0,0,3,0,4,0,0,0,0,0,0,0,3,0,22,0,2,0,64,0,0,0,4,0,280,1,50,0,12,0,204,33,246,3,191,2,219,2,18,0,21,5,131,0,86,0,89,0,355,0,0,0,0
470,0,122,90,43,125,26,61,13,46,23,196,2,124,15,56,38,15,12,151,14,44,261,33,75,18,0,165,8,55,7,17,1,64,0,42,3,91,19,66,0,22,0,11,0,8,0,27,0,4,1,0,0,11,0,21,0,4,0,6,0,99,10,138,0,44,0,8,0,0,0,3,0,3,0,0,0,0,0,0,0,5,0,0,0,0,0,8,1,0,0,0,0,0,0,0,1,0,0,0,0,0,0,0,0,0,0,0,0,0,0,0,0,0,0,0,0,0,0,0,0,8,0,0,0,5,0,5,0,1,0,8,0,6,0,48,0,23,0,0,0,0,0,0,0,4,0,0,2,19,0,20,0,33,0,24,0,19,0,0,0,7,0,0,0,4,0,13,0,4,0,6,5,74,0,3,18,311,0,13,0,12,3,12,0,19,0,5,0,0,0,0,0,0,0,0,0,3,0,0,0,0,0,0,0,0,0,0,0,29,0,7,0,3,0,57,0,1,0,11,8,370,1,35,1,19,8,223,2,151,3,107,4,451,2,73,0,23,2,136,0,16,0,53,3,300,0,0,0
94,122,0,27,99,32,63,26,35,16,17,35,46,0,360,30,29,3,167,0,70,0,386,21,100,0,51,1,218,0,81,1,161,6,29,0,62,0,398,2,24,0,18,0,47,0,14,0,11,0,34,0,8,0,68,0,14,0,31,0,46,1,83,8,34,0,10,2,0,0,40,0,0,0,12,0,0,0,0,0,0,0,0,0,72,0,0,0,0,0,0,0,0,0,0,0,93,0,0,0,0,0,0,0,20,0,89,0,0,0,0,0,0,0,0,0,0,0,0,0,0,0,0,0,14,0,26,0,0,0,19,1,15,0,104,0,116,0,0,0,0,0,112,7,3,0,74,0,63,0,11,0,31,0,0,0,2,0,1,0,19,0,2,0,9,0,59,0,15,0,17,0,197,0,0,0,11,12,0,0,1,0,0,6,7,0,2,0,0,0,0,0,0,0,0,0,0,0,0,0,46,0,0,0,0,0,0,0,18,0,17,0,0,0,48,0,0,0,2,0,366,0,38,0,11,0,86,2,341,0,108,0,92,0,20,0,25,4,53,0,40,0,31,0,189,2,0,0,0
73,90,27,0,38,38,0,63,0,1,20,6,0,14,20,90,8,12,1,80,7,55,63,125,0,31,0,74,0,39,0,28,0,72,0,31,0,75,8,58,0,0,0,8,0,7,0,0,0,1,0,7,0,6,0,46,0,2,0,0,0,21,0,25,0,3,3,0,0,0,0,0,0,2,0,0,0,0,0,0,0,2,0,0,0,45,0,0,0,0,0,0,0,0,0,0,0,38,0,0,0,0,0,0,0,0,0,11,0,0,0,0,0,0,0,0,0,0,0,0,0,0,0,0,0,3,0,2,0,1,0,1,0,10,0,73,0,42,0,22,0,17,0,16,0,3,0,0,0,0,0,0,0,2,0,3,0,2,0,0,0,0,0,0,0,0,0,8,0,0,0,3,0,36,0,0,1,25,0,0,0,0,0,0,0,0,0,0,0,0,0,0,0,0,0,0,0,0,0,0,0,15,0,0,0,0,0,5,0,31,0,2,0,0,0,0,0,0,0,2,0,141,0,4,0,7,0,63,0,132,0,21,0,94,0,12,0,0,0,30,0,4,0,9,0,72,0,0,0
83,43,99,38,0,196,10,0,9,3,63,113,199,35,137,92,0,0,199,64,116,12,26,38,0,0,130,15,21,2,136,9,198,24,75,12,241,12,92,7,88,0,11,1,30,0,51,3,8,0,56,0,2,0,0,0,0,0,0,0,0,0,2,0,14,0,3,0,0,0,0,0,0,0,0,0,0,0,0,0,0,0,0,0,0,0,0,0,0,0,0,0,0,0,0,0,0,0,0,0,0,0,0,0,6,0,0,0,0,0,0,0,0,0,0,0,0,0,0,0,0,0,0,0,4,0,0,0,0,0,0,0,0,0,19,0,9,0,0,0,0,0,0,0,0,0,11,0,30,0,0,1,22,0,3,0,0,0,1,0,4,0,0,0,25,0,113,0,0,0,5,0,59,0,0,0,125,22,10,13,36,0,16,0,13,0,2,0,0,0,0,0,0,0,1,0,0,0,0,0,11,0,0,0,0,0,0,0,0,0,5,0,1,0,8,0,0,0,0,0,150,0,13,0,52,0,153,7,186,0,79,0,0,0,10,1,29,0,0,0,22,0,32,0,128,0,0,0,0
7,125,32,38,196,0,0,12,0,31,79,143,83,116,156,97,0,3,121,201,29,128,21,99,0,3,0,181,0,0,11,109,5,127,0,136,0,100,3,12,0,38,0,0,2,9,0,32,0,4,0,29,0,0,0,5,0,0,0,4,0,3,0,0,0,5,0,1,0,0,1,0,0,0,0,0,0,0,0,0,0,0,0,0,0,0,0,0,0,0,0,1,0,0,0,0,0,0,0,7,0,0,0,0,0,0,0,0,0,0,0,0,0,0,0,0,0,0,0,0,0,8,0,0,0,0,0,0,0,0,0,0,0,3,0,24,0,14,0,0,0,0,0,0,0,0,0,5,0,0,0,6,0,16,0,8,0,6,0,0,0,0,0,0,0,9,0,30,0,0,0,3,1,25,0,1,3,226,0,3,0,8,0,2,0,15,1,3,0,0,0,0,0,0,0,0,0,0,0,0,0,4,0,0,0,0,0,0,0,0,0,0,0,1,0,7,0,0,0,15,1,169,0,0,0,53,0,151,0,161,0,37,0,107,0,14,0,7,0,16,0,6,0,14,0,63,0,0,0
8,26,63,0,10,0,0,41,88,192,2,0,2,0,7,2,48,8,12,0,8,0,57,0,191,41,8,0,22,0,3,0,0,0,0,0,0,0,33,0,0,0,0,0,0,0,0,0,28,0,14,0,68,9,354,21,18,0,34,0,240,0,358,13,12,0,29,0,0,0,0,0,0,0,0,0,0,0,0,0,0,0,0,0,66,0,6,0,0,0,82,0,0,0,0,0,112,0,18,0,0,0,0,0,0,0,83,0,0,0,0,0,0,0,0,0,0,0,0,0,0,0,14,0,51,0,41,0,0,0,22,0,16,0,41,0,105,0,7,0,13,0,89,0,0,2,39,0,31,0,11,0,5,0,2,1,0,0,0,0,31,0,0,0,4,0,5,0,12,0,99,0,228,0,0,0,3,7,0,0,0,0,1,8,2,0,0,0,0,0,0,0,0,0,0,0,0,0,0,0,35,0,0,0,0,0,0,0,9,0,55,0,12,0,173,0,0,0,5,0,369,1,58,0,42,0,111,0,391,0,40,0,185,1,21,1,6,0,150,0,90,0,46,0,295,0,0,0,0
172,61,26,63,0,12,41,0,76,17,1,7,0,7,2,33,25,23,0,12,0,15,32,23,47,223,0,18,0,78,0,3,0,12,0,0,0,26,6,59,0,0,0,0,0,0,0,2,0,0,0,8,5,8,5,184,1,9,2,13,0,145,35,282,0,3,0,2,0,0,2,0,0,0,0,0,0,0,0,0,0,0,0,0,0,0,0,3,0,0,0,0,0,0,0,0,0,15,0,2,0,0,0,0,0,0,0,7,0,0,0,0,0,0,0,0,0,0,0,0,0,0,0,0,0,12,0,0,0,3,0,10,0,18,0,52,0,42,0,30,0,0,0,10,0,1,0,0,1,0,0,0,0,0,0,0,0,4,0,0,3,8,0,0,0,0,0,5,0,0,0,16,0,93,0,0,0,19,0,0,0,0,0,0,1,0,0,0,0,0,0,0,0,0,0,0,0,0,0,0,0,12,0,0,0,0,0,2,0,35,0,9,0,7,1,126,0,0,0,0,0,508,0,48,0,16,2,83,0,369,1,38,0,347,0,73,0,14,0,93,0,0,0,38,2,243,0,0,0
25,13,35,0,9,0,88,76,0,547,5,2,26,0,4,0,14,8,13,0,0,0,0,0,11,60,2,0,0,0,0,0,0,0,5,0,4,0,17,0,0,0,0,0,0,0,2,0,8,0,6,0,89,28,29,140,12,10,29,103,192,0,223,39,79,0,122,108,0,0,0,0,0,0,0,0,0,0,0,0,0,0,0,0,0,0,0,0,0,0,0,0,0,0,0,0,0,0,0,0,0,0,0,0,5,0,0,0,0,0,0,0,0,0,0,0,0,0,0,0,0,0,0,0,8,0,4,0,0,0,14,0,0,0,13,0,0,0,0,0,0,0,13,0,0,0,20,0,41,0,11,0,27,0,8,5,8,0,0,0,33,0,3,0,7,0,0,0,7,0,56,0,88,0,2,0,210,51,0,0,2,0,16,7,29,10,2,0,0,0,0,0,0,0,0,0,0,0,1,0,0,0,0,0,0,0,0,0,0,0,42,0,0,0,198,0,0,0,0,0,215,0,38,0,29,0,183,0,301,1,24,0,164,2,33,0,11,1,158,0,120,0,40,0,299,0,0,0,0
166,46,16,1,3,31,192,17,547,0,0,83,0,13,0,0,39,0,0,25,0,5,15,0,143,28,0,31,0,0,0,0,0,0,0,7,0,9,3,5,0,4,0,0,0,0,0,1,0,0,0,5,53,24,128,94,0,19,0,13,11,77,115,87,0,146,7,33,0,0,0,0,0,0,0,0,0,0,0,0,0,1,0,0,0,0,0,3,0,0,0,0,0,0,0,0,0,0,0,0,0,0,0,0,0,0,0,0,0,0,0,0,0,0,0,0,0,0,0,0,0,0,0,0,0,18,0,32,0,0,0,12,0,17,0,119,0,77,0,7,0,0,0,0,1,6,0,37,0,51,0,68,0,43,0,25,0,30,0,12,1,2,0,3,0,0,0,0,0,4,0,16,4,17,1,0,19,386,0,5,0,0,11,94,0,33,0,0,0,0,0,0,0,0,0,0,0,4,0,15,2,12,0,0,0,0,0,3,0,121,1,0,0,0,0,152,0,0,0,14,11,333,0,48,0,11,6,99,0,281,2,36,0,332,0,69,0,14,0,113,0,8,0,34,4,252,0,0,0
101,23,17,20,63,79,2,1,5,0,0,58,272,0,26,69,0,0,50,12,32,9,0,39,0,0,44,1,0,0,44,0,103,6,28,4,68,3,48,0,27,0,15,0,20,0,18,0,3,0,22,0,0,0,0,0,0,0,0,0,0,0,0,0,16,0,1,0,0,0,0,0,0,0,0,0,0,0,0,0,0,0,0,0,1,0,0,0,0,0,0,0,0,0,0,0,0,0,0,0,0,0,0,0,0,0,2,0,0,0,0,0,0,0,0,0,0,0,0,0,0,0,0,0,0,0,2,0,0,0,0,0,0,0,0,0,1,0,0,0,1,0,0,0,1,0,8,0,19,0,13,0,13,0,0,0,0,0,0,0,5,1,0,0,7,0,32,0,13,0,0,0,15,0,17,0,103,14,35,2,62,0,41,0,16,0,16,0,0,0,0,0,0,0,0,0,0,0,0,0,0,0,0,0,0,0,0,0,2,0,0,0,0,0,6,0,0,0,0,0,62,8,0,0,16,0,105,14,93,3,44,0,34,3,5,0,9,0,14,0,0,0,17,0,83,0,0,0,0
33,196,35,6,113,143,0,7,2,83,58,0,18,261,123,30,3,51,61,93,33,69,77,78,0,3,0,227,0,33,0,78,0,183,0,82,0,262,0,54,0,89,0,13,0,15,0,53,0,22,0,29,0,9,0,2,0,0,0,0,0,27,0,15,0,33,0,8,0,0,0,3,0,0,0,0,0,0,0,0,0,0,0,0,0,0,0,0,0,0,0,0,0,0,0,0,0,0,0,0,0,0,0,0,0,0,0,0,0,0,0,0,0,0,0,0,0,0,0,0,0,0,0,2,0,2,0,0,0,0,0,0,0,0,0,7,0,6,0,2,0,2,0,0,0,4,0,0,0,10,0,28,0,31,0,22,0,11,0,0,0,7,0,0,0,0,0,17,0,0,0,0,0,23,0,5,3,235,0,13,0,20,1,0,1,37,0,35,0,0,0,0,0,0,0,0,0,0,0,0,0,0,0,0,0,0,0,0,0,9,0,0,0,0,0,12,0,5,0,13,0,132,0,5,0,20,0,172,0,95,0,49,1,145,0,20,0,4,0,32,0,14,0,19,0,101,0,0,0
126,2,46,0,199,83,2,0,26,0,272,18,0,152,15,31,0,0,143,162,42,36,7,5,0,0,172,207,0,0,14,0,29,0,272,21,73,7,0,0,273,40,103,10,149,11,102,42,39,0,287,27,0,0,0,0,0,0,0,0,0,0,0,0,19,0,6,0,0,0,0,0,0,0,0,0,0,0,0,0,0,0,0,0,0,0,0,0,0,0,0,0,0,0,0,0,0,0,0,0,0,0,0,0,0,0,4,0,0,0,0,0,0,0,0,0,0,0,0,0,0,0,0,0,0,0,0,0,0,0,0,0,0,0,9,0,8,0,0,0,0,0,8,0,0,0,16,0,16,0,21,0,29,0,0,0,0,0,0,0,0,0,0,0,32,1,14,0,0,0,0,0,0,0,27,0,144,17,55,0,62,0,16,0,14,0,28,0,0,0,0,0,0,0,0,0,1,0,0,0,0,0,0,0,0,0,0,0,0,0,0,0,0,0,0,0,0,0,67,27,35,0,0,5,148,0,27,0,41,0,0,0,0,0,0,0,4,0,0,0,0,0,0,0,15,0,0,0,0
0,124,0,14,35,116,0,7,0,13,0,261,152,0,13,7,0,0,284,62,61,53,0,0,0,0,81,327,0,1,1,13,0,4,11,180,0,71,0,0,34,332,13,63,7,49,10,184,2,64,19,186,0,0,0,0,0,2,0,0,0,0,0,0,0,0,0,2,0,1,0,0,0,0,0,0,0,0,0,0,0,2,0,0,0,0,0,0,0,0,0,0,0,0,0,0,0,0,0,0,0,0,0,0,0,0,0,0,0,0,0,0,0,1,0,0,0,0,0,1,0,0,0,0,0,0,0,0,0,0,0,0,0,0,0,0,0,0,0,0,0,0,0,0,0,0,0,0,0,5,0,16,0,11,0,0,0,0,0,0,0,0,0,0,0,28,0,19,0,0,0,0,0,0,0,13,4,341,0,16,0,33,0,3,0,5,0,98,0,0,0,0,0,0,0,0,0,0,0,0,0,0,0,0,0,0,0,0,0,7,0,0,0,0,0,0,0,0,0,160,0,27,0,10,0,188,0,33,0,47,0,8,0,0,0,2,0,5,0,0,0,1,0,0,0,6,0,0,0
36,15,360,20,137,156,7,2,4,0,26,123,15,13,0,86,28,0,228,19,193,13,192,34,24,0,44,0,21,0,140,4,89,21,102,3,116,20,15,4,0,0,6,0,9,0,3,0,0,0,30,0,3,0,20,0,0,0,0,0,0,0,9,0,0,0,1,0,0,0,21,0,0,0,7,0,0,0,0,0,19,0,0,0,0,0,0,0,10,0,28,0,0,0,0,0,0,0,0,0,8,0,0,0,0,0,35,0,0,0,0,0,0,0,0,0,0,0,0,0,0,2,0,0,0,0,0,0,0,0,0,0,2,0,18,0,23,0,0,0,0,0,0,0,0,0,0,0,5,0,0,0,0,0,0,0,0,0,0,0,5,0,6,0,0,0,39,0,6,0,4,0,21,0,0,0,26,13,3,10,4,0,4,0,8,0,0,2,0,0,0,0,0,0,0,0,0,0,0,0,11,0,0,0,0,0,0,0,0,0,0,0,0,0,8,0,0,0,0,0,51,4,0,0,9,0,107,11,70,1,52,0,0,0,0,0,9,0,13,0,11,0,17,0,70,0,0,0,0
68,56,30,90,92,97,2,33,0,0,69,30,31,7,86,0,0,14,30,341,10,165,61,108,1,53,0,100,0,9,9,82,5,65,0,38,0,72,5,24,0,0,0,11,0,14,0,0,0,0,0,7,0,6,0,45,0,0,0,0,0,18,0,15,0,4,0,0,0,0,0,0,0,0,0,0,0,0,0,0,0,19,0,0,0,154,0,0,0,0,0,0,0,0,0,0,0,0,0,31,0,0,0,0,0,0,0,25,0,0,0,0,0,0,0,0,0,0,0,0,0,24,0,8,0,0,0,0,0,0,0,0,0,0,0,76,0,0,0,46,0,28,0,46,1,5,0,3,0,0,0,0,0,0,0,9,0,2,0,0,0,0,0,0,0,0,0,22,0,0,0,0,1,15,0,0,0,14,0,3,0,0,0,0,0,5,0,1,0,0,0,0,0,0,0,0,0,2,0,1,0,17,0,0,0,0,0,0,0,21,0,3,0,1,0,7,0,0,0,6,0,114,0,3,0,18,0,235,0,77,1,56,0,156,0,17,0,9,0,36,0,10,0,21,0,89,0,0,0
43,38,29,8,0,0,48,25,14,39,0,3,0,0,28,0,0,3,43,0,176,0,164,0,124,26,19,0,305,0,121,0,42,0,23,0,17,0,184,0,0,0,0,0,34,0,2,0,4,0,26,0,27,0,8,0,4,0,0,0,30,0,367,2,0,0,0,0,0,0,177,0,0,0,114,0,0,0,0,0,202,0,0,0,212,1,50,0,80,0,27,0,5,0,0,0,243,0,112,0,67,0,0,0,0,0,0,0,0,0,0,0,0,0,0,0,0,0,0,0,245,0,145,0,0,0,0,0,1,0,0,0,0,0,13,0,58,0,32,0,102,0,85,0,33,0,0,0,0,0,0,0,0,0,24,0,0,0,8,0,0,0,0,0,0,0,0,0,0,0,0,0,33,0,1,0,10,0,0,0,0,0,0,1,0,0,0,0,0,0,0,0,0,0,0,0,0,0,0,0,3,0,0,0,0,0,0,0,0,0,0,0,0,0,9,0,0,0,0,0,46,0,0,0,0,0,31,3,61,0,0,0,10,0,0,0,0,0,5,0,3,0,0,0,21,0,0,0,0
22,15,3,12,0,3,8,23,8,0,0,51,0,0,0,14,3,0,0,0,0,55,7,65,6,199,0,9,0,140,0,41,0,35,0,23,0,60,0,94,0,0,0,0,0,0,0,0,0,0,0,3,0,67,0,13,0,10,0,0,0,26,0,383,0,0,0,0,0,0,0,0,0,2,0,0,0,6,0,1,0,0,0,0,0,133,0,7,0,0,0,5,0,0,0,0,0,53,0,36,0,2,0,0,0,0,0,0,0,0,0,0,0,0,0,0,0,0,0,0,0,34,0,34,0,0,0,1,0,8,0,0,0,26,0,40,0,126,0,120,0,117,0,428,0,23,0,0,0,0,0,0,0,0,0,24,0,0,0,11,0,0,0,0,0,0,0,0,0,0,0,0,0,25,0,0,0,0,0,12,0,0,0,2,0,0,0,0,0,1,0,0,0,0,0,0,0,0,0,0,0,0,0,0,0,0,0,0,0,19,0,0,0,0,0,0,0,0,0,2,0,27,0,0,0,1,0,93,0,73,0,4,0,24,0,0,0,0,0,10,0,2,0,5,0,16,0,0,0
48,12,167,1,199,121,12,0,13,0,50,61,143,284,228,30,43,0,0,215,161,53,215,0,15,0,169,203,14,0,44,17,18,5,222,61,80,18,4,0,41,37,43,19,43,13,35,32,3,2,188,29,0,0,0,0,0,0,0,0,0,0,0,0,3,0,3,0,0,0,21,0,0,0,0,0,0,0,5,0,0,0,0,0,0,0,0,0,0,0,0,0,1,0,0,0,0,0,0,0,0,0,0,0,0,0,0,0,0,0,0,0,0,0,0,0,0,0,0,0,28,0,0,0,0,0,0,0,0,0,0,0,0,0,20,0,0,0,0,0,0,0,18,0,0,0,0,0,10,0,0,0,16,0,1,0,1,0,0,0,3,0,0,0,79,1,13,0,31,0,7,0,0,0,3,0,77,12,7,7,12,0,17,0,15,0,2,9,0,0,0,0,0,0,0,0,0,0,0,0,0,0,0,0,0,0,0,0,0,0,0,0,0,0,0,0,0,0,35,10,24,0,0,0,205,0,85,2,45,0,24,0,0,2,0,0,10,0,5,0,0,0,3,1,21,0,0,0,0
0,151,0,80,64,201,0,12,0,25,12,93,162,62,19,341,0,0,215,0,44,185,0,89,0,0,0,281,0,0,2,75,0,10,27,194,3,96,0,0,0,40,2,12,0,22,0,64,0,2,9,62,0,8,0,12,0,0,0,0,0,3,0,13,0,18,0,0,0,0,0,0,0,0,0,0,0,0,0,0,0,0,0,0,0,0,0,0,0,0,0,0,0,0,0,0,0,0,0,0,0,0,0,0,0,0,0,0,0,0,0,0,0,0,0,0,0,0,0,0,0,14,0,0,0,4,0,0,0,0,0,0,0,0,0,29,0,18,0,0,0,0,0,0,0,0,0,0,0,0,0,13,0,18,0,0,0,0,0,4,1,3,0,0,0,0,0,29,0,7,0,0,0,8,0,0,5,53,2,5,0,0,0,0,0,12,0,4,0,0,0,0,0,0,0,0,0,0,0,0,0,0,0,0,0,0,0,0,0,24,0,0,0,0,0,0,0,0,0,40,0,84,0,0,0,117,0,104,0,114,0,23,0,42,0,8,0,17,0,7,0,2,0,4,0,31,0,0,0
0,14,70,7,116,29,8,0,0,0,32,33,42,61,193,10,176,0,161,44,0,10,355,12,17,0,54,37,76,0,95,0,76,0,60,9,39,0,27,0,0,9,45,2,9,0,0,6,0,0,49,5,2,0,0,0,0,0,0,0,0,0,43,0,0,0,3,0,0,0,93,0,0,0,27,0,0,0,0,0,0,0,0,0,0,0,0,0,0,0,0,0,0,0,0,0,0,0,0,0,0,0,0,0,0,0,0,0,0,0,0,0,0,0,0,0,0,0,0,0,0,0,0,0,0,0,0,0,0,0,0,0,2,0,0,0,0,0,7,0,0,0,0,0,0,0,0,0,0,0,0,0,0,0,0,0,4,0,0,0,2,0,0,0,51,0,70,0,31,0,7,0,24,0,0,0,2,3,0,3,0,0,0,0,0,0,0,5,0,0,0,0,0,0,0,0,1,0,0,0,0,0,0,0,0,0,0,0,0,0,0,0,0,0,8,0,0,0,9,4,81,0,7,0,98,0,138,4,93,0,56,0,0,0,0,0,15,1,9,0,15,0,10,0,86,0,0,0,0
0,44,0,55,12,128,0,15,0,5,9,69,36,53,13,165,0,55,53,185,10,0,0,264,0,58,0,165,0,9,1,70,2,39,0,78,0,14,0,0,3,4,2,93,0,57,0,2,0,0,2,92,0,13,0,13,0,0,0,0,0,4,0,25,0,6,0,0,0,0,0,0,0,0,0,0,0,0,0,0,0,0,0,0,0,74,0,0,0,0,0,0,0,0,0,0,0,0,0,0,0,0,0,0,0,0,0,0,0,0,0,0,0,0,0,0,0,0,0,0,0,19,0,0,0,0,0,0,0,0,0,0,0,0,0,0,0,0,0,34,0,48,0,155,0,43,0,0,0,0,0,13,0,0,0,4,0,0,0,1,0,3,0,0,0,11,0,23,0,0,0,3,0,10,0,0,0,46,0,11,0,0,0,1,0,0,0,1,0,0,0,0,0,0,0,0,0,1,0,0,0,0,0,0,0,0,0,0,0,0,0,0,0,0,0,3,0,0,0,42,0,49,0,0,0,54,0,68,0,67,0,33,0,0,0,5,0,5,0,6,0,0,0,0,0,0,0,0,0
78,261,386,63,26,21,57,32,0,15,0,77,7,0,192,61,164,7,215,0,355,0,0,38,45,29,27,0,117,4,83,0,31,0,67,0,20,0,96,0,0,0,23,0,53,0,8,0,0,0,27,0,7,0,48,0,0,0,7,0,9,1,81,4,0,0,0,0,0,0,36,0,0,0,19,0,0,0,0,0,95,0,0,0,153,0,27,0,0,0,111,0,0,0,67,0,238,0,58,0,26,0,0,0,0,0,96,0,0,0,0,0,0,0,0,0,0,0,0,0,75,0,52,0,0,0,0,0,0,0,0,0,0,0,6,0,36,0,0,1,15,0,48,0,0,0,0,0,1,0,0,0,0,0,0,0,0,0,0,0,3,1,0,0,0,0,5,0,9,0,0,0,44,0,0,1,17,21,0,7,0,0,2,6,0,0,0,0,0,0,0,0,0,0,4,0,0,0,0,0,9,0,0,0,0,0,0,0,0,0,0,0,0,0,5,0,0,0,0,0,59,5,11,0,13,0,77,28,63,0,33,0,33,3,1,0,0,0,18,0,12,0,10,0,61,2,0,0,0
17,33,21,125,38,99,0,23,0,0,39,78,5,0,34,108,0,65,0,89,12,264,38,0,1,105,0,77,0,26,0,92,5,54,0,48,1,61,1,49,0,0,0,15,1,16,0,0,0,3,0,8,0,26,0,17,2,6,0,0,0,12,0,104,2,2,1,0,0,0,0,0,0,0,0,4,0,0,0,3,0,53,0,0,0,274,0,43,0,0,0,11,0,2,0,0,0,112,0,58,0,0,0,0,0,0,0,0,0,0,0,0,0,0,0,0,0,0,0,0,0,63,0,17,0,0,0,0,0,6,0,0,0,0,0,57,0,40,0,44,0,51,0,207,0,13,0,0,0,0,0,0,0,0,0,5,0,0,0,4,0,3,0,1,0,7,0,17,0,0,0,4,0,26,0,0,3,16,0,5,0,0,1,0,0,0,2,0,0,0,0,0,0,0,0,0,0,0,0,0,0,0,0,0,0,0,0,0,0,14,0,0,0,0,0,4,0,0,0,0,0,117,0,7,0,14,1,209,0,79,0,35,0,113,0,0,0,7,0,31,0,10,0,12,1,77,0,0,0
6,75,100,0,0,0,191,47,11,143,0,0,0,0,24,1,124,6,15,0,17,0,45,1,0,60,5,0,25,0,10,0,0,0,0,0,8,0,11,0,0,0,0,0,0,0,0,0,0,0,8,0,45,3,197,4,0,0,0,0,40,1,79,14,0,0,0,0,0,0,35,0,0,0,26,0,0,0,0,0,91,0,0,0,321,0,0,0,0,0,183,0,0,0,0,0,400,0,84,0,0,0,0,0,19,0,183,0,0,0,0,0,0,0,0,0,0,0,0,0,107,0,101,0,0,0,0,0,7,0,0,0,0,0,27,0,107,0,29,0,45,0,119,2,0,0,0,0,0,0,0,0,1,0,30,0,0,0,5,0,3,0,0,0,0,0,0,0,0,0,8,0,23,0,0,0,1,4,0,1,0,0,0,5,0,0,0,0,0,0,0,0,0,0,0,0,0,0,2,0,29,0,0,0,0,0,0,0,4,0,0,0,0,0,13,0,0,0,0,0,72,1,12,0,0,0,63,0,89,0,19,0,22,0,0,1,1,0,16,0,16,0,3,0,39,0,0,0,0
161,18,0,31,0,3,41,223,60,28,0,3,0,0,0,53,26,199,0,0,0,58,29,105,60,0,0,0,0,193,0,25,0,22,0,6,0,22,6,74,0,0,0,3,0,0,0,0,0,0,0,0,2,40,0,156,5,22,0,2,8,77,14,348,8,0,1,0,0,0,0,0,0,0,0,0,0,0,0,0,0,0,0,3,0,241,0,15,0,2,0,0,0,0,0,0,0,173,0,30,0,0,0,0,0,0,0,37,0,0,0,0,0,0,0,0,0,0,0,0,0,23,0,6,0,2,0,3,0,35,0,0,0,65,1,147,0,93,0,103,0,54,0,204,3,0,1,0,0,3,0,4,0,0,0,34,0,0,0,9,6,3,0,0,0,0,0,0,0,9,0,16,4,61,0,0,3,0,0,1,0,0,0,3,0,0,0,0,0,0,0,0,0,0,0,0,0,0,0,0,0,26,0,0,0,0,0,0,0,32,0,6,0,0,0,40,0,0,0,5,3,285,0,22,0,11,3,141,0,205,0,28,0,241,0,41,0,6,0,51,0,10,0,13,0,161,0,0,0
18,0,51,0,130,0,8,0,2,0,44,0,172,81,44,0,19,0,169,0,54,0,27,0,5,0,0,109,8,0,28,0,9,1,58,0,23,0,6,0,50,67,214,9,129,12,58,56,20,0,221,13,0,0,0,0,0,0,0,0,0,0,0,0,7,0,3,0,0,0,18,0,0,0,0,0,0,0,0,0,0,0,0,0,0,0,0,0,8,0,0,0,0,0,0,0,0,0,0,0,15,0,0,0,0,0,0,0,0,0,0,0,0,0,0,0,0,0,0,0,0,0,0,0,0,0,0,0,0,0,0,0,0,0,9,0,0,0,0,0,0,0,0,0,0,0,0,0,0,0,0,0,6,0,0,0,0,0,0,0,4,0,0,0,29,0,1,0,17,0,0,0,0,0,0,0,15,0,16,0,4,0,0,0,3,0,4,5,0,0,0,0,0,0,0,0,0,0,0,0,0,0,0,0,0,0,0,0,0,0,0,0,3,0,0,0,0,0,154,23,3,0,19,3,243,1,8,0,9,0,0,0,0,1,1,0,0,0,1,0,1,0,0,0,5,0,0,0,0
0,165,1,74,15,181,0,18,0,31,1,227,207,327,0,100,0,9,203,281,37,165,0,77,0,0,109,0,0,0,0,19,0,2,0,60,0,13,0,0,66,80,45,165,0,98,16,91,2,36,36,236,0,0,0,11,0,0,0,0,0,0,0,32,0,10,0,3,0,4,0,0,0,0,0,0,0,0,0,0,0,0,0,0,0,0,0,0,0,0,0,0,0,0,0,0,0,0,0,0,0,0,0,0,0,0,0,0,0,0,0,0,0,0,0,0,0,0,0,0,0,0,0,11,0,4,0,0,0,0,0,3,0,0,0,20,0,0,0,0,0,0,0,0,0,16,0,5,0,0,0,17,0,20,0,0,0,0,0,0,0,2,0,2,0,50,0,29,0,13,0,3,0,0,0,0,0,125,0,9,0,15,0,5,0,15,0,44,0,0,0,0,0,0,0,0,0,0,0,0,0,4,0,0,0,0,0,0,0,0,0,1,0,1,0,0,0,5,0,343,0,22,0,29,0,252,0,41,0,68,0,0,0,0,0,0,0,5,0,4,0,0,0,0,0,14,0,0,0
68,8,218,0,21,0,22,0,0,0,0,0,0,0,21,0,305,0,14,0,76,0,117,0,25,0,8,0,0,0,36,0,45,0,75,0,43,0,30,0,0,0,55,0,4,0,0,0,0,0,38,0,4,0,3,0,2,0,0,0,6,0,77,0,0,0,0,0,0,0,121,0,2,0,49,0,0,0,0,0,76,0,0,0,0,0,23,0,0,0,0,0,2,0,0,0,72,0,32,0,35,0,0,0,0,0,0,0,0,0,0,0,0,0,0,0,0,0,0,0,115,0,19,0,0,0,0,0,0,0,0,0,0,0,0,0,22,0,70,0,117,0,31,0,108,0,0,1,0,0,1,0,0,0,6,0,0,0,6,0,0,0,2,0,4,0,6,0,0,0,3,0,4,0,0,0,4,0,0,0,0,0,2,0,0,0,0,0,0,0,0,0,0,0,0,0,1,0,0,0,0,0,0,0,0,0,0,0,0,0,0,0,0,0,0,0,0,0,0,0,8,0,0,0,0,0,11,1,4,0,4,0,0,0,0,0,0,0,3,0,0,0,0,0,0,0,0,0,0
6,55,0,39,2,0,0,78,0,0,0,33,0,1,0,9,0,140,0,0,0,9,4,26,0,193,0,0,0,0,0,10,0,12,0,18,0,10,0,7,0,0,0,13,0,0,0,0,0,0,0,3,0,0,0,4,0,0,0,0,0,5,0,33,0,0,0,0,0,0,0,6,0,1,0,0,0,0,0,0,0,4,0,0,0,0,0,0,0,0,0,0,0,0,0,0,0,0,0,8,0,0,0,0,0,0,0,0,0,0,0,0,0,0,0,0,0,0,0,0,0,10,0,13,0,0,0,0,0,3,0,0,0,0,0,0,0,56,0,177,0,191,0,207,0,116,0,0,0,0,0,0,0,0,0,23,0,43,0,9,0,0,0,0,0,0,0,0,0,0,0,3,0,0,0,0,0,2,0,6,0,0,0,0,0,0,0,2,0,0,0,0,0,0,0,0,0,0,0,0,0,0,0,0,0,0,0,0,0,14,0,0,0,0,0,0,0,0,0,0,0,0,0,0,0,0,0,29,0,0,0,0,0,0,0,0,0,0,0,0,0,0,0,1,0,0,0,0,0
9,7,81,0,136,11,3,0,0,0,44,0,14,1,140,9,121,0,44,2,95,1,83,0,10,0,28,0,36,0,0,1,25,0,78,0,13,0,10,0,0,0,77,0,9,0,1,0,0,0,51,0,0,0,0,0,0,0,0,0,0,0,14,0,0,0,0,0,0,0,37,0,0,0,15,0,0,0,0,0,0,0,12,0,0,0,0,0,0,0,0,0,0,0,0,0,0,0,0,0,16,0,0,0,0,0,0,0,0,0,0,0,0,0,0,0,0,0,0,0,0,0,0,0,0,0,0,0,0,0,0,0,0,0,0,0,3,0,0,0,0,0,0,0,0,0,0,0,0,0,0,0,0,0,0,0,0,0,0,0,0,0,0,0,7,0,40,0,0,0,0,0,14,0,0,0,4,1,0,0,0,0,2,0,0,0,0,0,0,0,0,0,0,0,0,0,0,0,0,0,0,0,0,0,0,0,0,0,0,0,0,0,0,0,0,0,1,0,2,0,36,0,3,0,26,0,65,4,50,0,30,0,0,0,0,0,8,1,4,0,0,0,0,0,29,0,0,0,0
0,17,1,28,9,109,0,3,0,0,0,78,0,13,4,82,0,41,17,75,0,70,0,92,0,25,0,19,0,10,1,0,0,0,0,29,0,9,0,1,0,0,0,44,0,11,0,1,0,0,0,23,0,3,0,0,0,0,0,1,0,1,0,22,0,0,0,0,0,0,0,0,0,0,0,0,0,0,0,0,0,0,0,0,0,0,0,0,0,0,0,1,0,0,0,0,0,0,0,0,0,0,0,0,0,0,0,0,0,0,0,0,0,0,0,0,0,0,0,0,0,0,0,11,0,0,0,0,0,0,0,0,0,0,0,0,0,0,0,16,0,40,0,102,0,40,0,0,0,0,0,0,0,0,0,0,0,3,0,0,0,0,0,0,0,0,0,12,0,0,0,0,0,11,0,0,0,26,0,8,0,0,0,0,0,0,0,0,0,0,0,0,0,0,0,0,0,0,0,0,0,0,0,0,0,0,0,0,0,0,0,1,0,0,0,3,0,0,0,0,0,36,0,0,0,19,0,47,0,39,0,9,0,24,0,9,0,7,0,0,0,0,0,0,0,0,0,0,0
42,1,161,0,198,5,0,0,0,0,103,0,29,0,89,5,42,0,18,0,76,2,31,5,0,0,9,0,45,0,25,0,0,0,92,0,104,0,9,0,0,0,31,0,0,0,0,0,1,0,23,0,2,0,0,0,5,0,0,0,1,0,19,0,0,0,2,0,0,0,40,0,0,0,0,0,0,0,0,0,0,0,0,0,0,0,0,0,0,0,0,0,0,0,0,0,0,0,0,0,11,0,0,0,0,0,0,0,0,0,0,0,0,0,0,0,0,0,0,0,0,0,0,0,0,0,0,0,0,0,0,0,0,0,0,0,0,0,6,0,0,0,0,0,20,0,0,0,4,0,0,0,3,0,0,0,0,0,0,0,2,0,0,0,3,0,81,0,0,0,0,0,25,0,0,0,5,1,1,0,0,0,4,0,2,0,0,0,0,0,0,0,0,0,0,0,0,0,0,0,0,0,0,0,0,0,0,0,0,0,0,0,0,0,4,0,0,0,0,0,67,0,3,0,0,0,75,0,77,0,26,0,23,0,0,0,12,2,0,0,0,0,6,0,26,0,0,0,0
0,64,6,72,24,127,0,12,0,0,6,183,0,4,21,65,0,35,5,10,0,39,0,54,0,22,1,2,0,12,0,0,0,0,0,2,0,54,0,0,0,0,0,1,0,0,0,0,0,1,0,0,0,0,0,0,0,0,0,0,0,0,0,12,0,6,0,0,0,0,0,7,0,0,0,0,0,0,0,0,0,22,0,0,0,54,0,9,0,0,0,0,0,0,0,0,0,0,0,21,0,1,0,1,0,0,0,0,0,0,0,0,0,0,0,0,0,0,0,0,0,37,0,21,0,0,0,0,0,0,0,0,0,0,0,0,0,0,0,0,0,31,0,116,0,42,0,0,0,3,0,0,0,0,0,0,0,4,0,0,0,0,0,0,0,2,0,20,0,0,0,0,0,8,0,0,0,31,0,26,0,0,0,0,0,0,0,1,0,0,0,0,0,0,0,0,0,0,0,0,0,0,0,0,0,0,0,0,0,0,0,0,0,0,0,2,0,0,0,0,0,68,0,0,0,11,0,68,0,77,0,8,0,15,0,0,0,0,0,0,0,0,0,4,0,15,0,0,0
0,0,29,0,75,0,0,0,5,0,28,0,272,11,102,0,23,0,222,27,60,0,67,0,0,0,58,0,75,0,78,0,92,0,0,5,58,0,18,0,0,0,20,0,22,2,0,6,1,0,103,0,0,0,0,0,0,0,0,0,0,0,8,0,0,0,0,0,0,0,35,0,0,0,0,0,0,0,0,0,0,0,0,0,0,0,0,0,0,0,0,0,0,0,0,0,0,0,0,0,0,0,0,0,0,0,0,0,0,0,0,0,0,0,0,0,0,0,0,0,0,0,0,0,0,0,0,0,0,0,0,0,0,0,0,0,0,0,0,0,0,0,0,0,14,0,0,0,0,0,0,0,6,0,0,0,0,0,1,0,0,0,0,0,54,0,26,0,30,0,8,0,10,0,0,0,18,0,17,0,0,0,0,0,2,0,0,0,0,0,3,0,0,0,0,0,0,0,0,0,0,0,0,0,0,0,0,0,0,0,0,0,0,0,0,0,0,0,27,8,0,0,5,2,120,0,45,0,36,0,0,0,0,0,0,0,0,0,0,0,0,0,2,0,0,0,0,0,0
0,42,0,31,12,136,0,0,0,7,4,82,21,180,3,38,0,23,61,194,9,78,0,48,0,6,0,60,0,18,0,29,0,2,5,0,1,111,0,6,0,2,0,10,0,17,0,0,0,0,0,36,0,5,0,0,0,0,0,0,0,1,0,22,0,0,0,1,0,0,0,31,0,0,0,10,0,0,0,0,0,0,0,0,0,107,0,0,0,0,0,0,0,0,0,0,0,0,0,0,0,0,0,0,0,0,0,0,0,0,0,0,0,0,0,0,0,0,0,0,0,86,0,39,0,0,0,0,0,0,0,0,0,0,0,0,0,0,0,0,0,49,0,159,0,95,0,0,0,0,0,5,0,3,0,0,0,5,0,0,0,2,0,3,0,31,0,60,0,0,0,0,0,13,0,0,0,43,0,9,0,4,0,0,0,0,0,15,0,0,0,0,0,0,0,0,0,0,0,0,0,0,0,0,0,0,0,0,0,0,0,0,0,0,0,5,0,0,0,41,0,57,0,0,0,102,0,57,0,88,0,0,0,0,0,8,0,10,0,4,0,0,0,5,0,0,0,0,0
68,3,62,0,241,0,0,0,4,0,68,0,73,0,116,0,17,0,80,3,39,0,20,1,8,0,23,0,43,0,13,0,104,0,58,1,0,0,40,0,0,0,50,0,22,0,0,1,1,0,73,0,0,0,0,0,13,0,11,0,26,0,17,0,0,0,0,0,0,0,90,0,12,0,21,0,0,0,0,0,29,0,0,0,14,0,0,0,0,0,4,0,0,0,38,0,0,0,13,0,0,0,0,0,0,0,0,0,0,0,0,0,0,0,0,0,0,0,0,0,80,0,8,0,0,0,0,0,0,0,0,0,0,0,0,0,8,0,35,0,38,0,8,0,116,0,0,0,0,0,0,0,0,0,2,0,14,0,2,0,6,0,34,0,28,0,61,0,33,0,30,0,64,0,0,0,11,0,0,0,0,0,2,0,0,0,0,0,0,0,0,0,0,0,0,0,0,0,0,0,0,0,0,0,0,0,0,0,0,0,0,0,0,0,3,0,0,0,9,0,57,0,0,0,44,0,35,0,94,0,20,0,0,0,0,0,4,0,0,0,0,0,4,0,33,0,0,0,0
0,91,0,75,12,100,0,26,0,9,3,262,7,71,20,72,0,60,18,96,0,14,0,61,0,22,0,13,0,10,0,9,0,54,0,111,0,0,0,13,0,0,0,37,0,13,2,1,0,0,0,30,0,6,0,7,0,1,0,0,0,31,0,17,0,5,0,1,0,0,0,28,0,0,0,0,0,0,0,0,0,43,0,0,0,91,0,21,0,0,0,0,0,0,0,0,0,0,0,35,0,0,0,0,0,0,0,0,0,0,0,0,0,0,0,0,0,0,0,0,0,76,0,59,0,0,0,0,0,0,0,0,0,0,0,0,0,0,0,53,0,120,0,186,0,229,0,0,0,3,0,0,0,10,0,0,0,34,0,2,0,0,0,0,0,14,0,45,0,0,0,9,0,12,0,0,0,25,1,60,0,0,0,0,0,0,0,15,0,0,0,0,0,0,0,0,0,0,0,0,0,0,0,0,0,0,0,0,0,4,0,0,0,0,0,5,0,0,0,28,0,128,0,3,0,72,0,111,0,181,0,0,0,37,0,1,0,14,0,6,0,0,0,3,0,23,0,0,0
403,19,398,8,92,3,33,6,17,3,48,0,0,0,15,5,184,0,4,0,27,0,96,1,11,6,6,0,30,0,10,0,9,0,18,0,40,0,0,0,0,0,20,0,0,0,0,0,0,0,19,0,0,0,0,0,0,0,3,0,8,0,48,0,0,0,0,0,0,0,130,0,0,0,26,0,0,0,0,0,57,0,0,0,0,0,22,0,0,0,0,0,0,0,0,0,34,0,27,0,0,0,0,0,0,0,0,0,0,0,0,0,0,0,0,0,0,0,0,0,114,0,0,0,0,0,0,0,0,0,0,0,0,0,0,0,11,0,48,0,57,0,21,0,117,0,0,0,0,0,0,0,0,0,3,0,10,0,6,0,0,0,6,0,0,0,8,0,0,0,10,0,18,0,0,0,79,0,1,0,0,0,41,0,0,0,0,0,0,0,0,0,0,0,0,0,0,0,0,0,0,0,0,0,0,0,0,0,0,0,0,0,0,0,0,0,0,0,0,0,18,0,0,0,0,0,30,4,32,0,10,0,9,0,0,0,2,0,4,0,0,0,1,0,20,0,0,0,0
0,66,2,58,7,12,0,59,0,5,0,54,0,0,4,24,0,94,0,0,0,0,0,49,0,74,0,0,0,7,0,1,0,0,0,6,0,13,0,0,0,0,0,0,0,0,0,0,0,0,0,3,0,2,0,0,0,0,0,0,0,7,0,8,0,0,0,0,0,0,0,0,0,0,0,0,0,0,0,0,0,0,0,0,0,25,0,6,0,0,0,0,0,0,0,0,0,4,0,0,0,0,0,0,0,0,0,0,0,0,0,0,0,0,0,0,0,0,0,0,0,0,0,0,0,0,0,0,0,0,0,0,0,0,0,0,0,10,0,6,0,15,0,32,0,12,0,0,0,0,0,0,0,0,0,0,0,10,0,0,0,0,0,0,0,0,0,2,0,0,0,3,0,3,0,0,0,5,0,11,0,0,0,0,0,0,0,0,0,0,0,0,0,0,0,0,0,0,0,0,0,0,0,0,0,0,0,0,0,0,0,0,0,0,0,0,0,0,0,0,0,9,0,0,0,0,0,61,0,5,0,1,0,5,0,0,0,0,0,0,0,1,0,0,0,3,0,0,0
9,0,24,0,88,0,0,0,0,0,27,0,273,34,0,0,0,0,41,0,0,3,0,0,0,0,50,66,0,0,0,0,0,0,0,0,0,0,0,0,0,89,141,0,87,14,35,83,125,2,20,5,0,0,0,0,0,0,0,0,0,0,0,0,1,0,1,0,0,0,0,0,0,0,0,0,0,0,0,0,0,0,0,0,0,0,0,0,3,0,0,0,0,0,3,0,0,0,0,0,0,0,0,0,0,0,0,0,0,0,0,0,0,0,0,0,0,0,0,0,0,0,0,0,0,0,0,0,0,0,0,0,0,0,0,0,0,0,0,0,0,0,0,0,0,0,0,0,0,0,5,0,0,0,0,0,0,0,0,0,0,0,0,0,18,0,0,0,0,0,0,0,0,0,4,0,10,7,32,0,4,0,0,0,4,0,37,3,0,0,0,0,0,0,0,0,0,0,0,0,0,0,0,0,0,0,0,0,0,0,1,0,0,0,0,0,0,0,314,63,0,0,86,60,72,0,0,0,8,0,1,0,0,0,1,0,0,0,0,0,0,0,0,0,0,0,0,0,0
0,22,0,0,0,38,0,0,0,4,0,89,40,332,0,0,0,0,37,40,9,4,0,0,0,0,67,80,0,0,0,0,0,0,0,2,0,0,0,0,89,0,53,82,28,153,54,113,7,208,21,38,0,0,0,0,0,0,0,0,0,0,0,0,0,3,0,0,0,0,0,0,0,0,0,0,0,0,0,0,0,0,0,5,0,0,0,2,0,0,0,0,0,0,0,0,0,0,0,0,0,0,0,0,0,0,0,0,0,0,0,0,0,0,0,0,0,0,0,0,0,0,0,0,0,0,0,0,0,0,0,0,0,0,0,0,0,0,0,0,0,0,0,0,0,1,0,0,0,0,0,0,0,0,0,0,0,0,0,0,0,0,0,0,0,26,0,0,0,0,0,0,0,0,0,0,0,170,0,5,0,9,0,3,0,0,2,37,0,0,0,0,0,0,0,0,0,0,0,0,0,0,0,0,0,0,0,0,0,0,0,0,0,0,0,0,0,0,51,110,0,0,0,268,0,10,0,1,0,0,0,0,0,2,0,0,0,0,0,0,0,0,0,0,0,0,0,0,0
5,0,18,0,11,0,0,0,0,0,15,0,103,13,6,0,0,0,43,2,45,2,23,0,0,0,214,45,55,0,77,0,31,0,20,0,50,0,20,0,141,53,0,0,103,7,95,53,41,0,152,0,0,0,0,0,0,0,2,0,3,0,0,0,0,0,0,0,0,0,38,0,0,0,0,0,0,0,0,0,0,0,15,0,0,0,0,0,0,0,0,0,2,0,14,0,0,0,0,0,0,0,4,0,0,0,0,0,0,0,0,0,0,0,0,0,0,0,0,0,0,0,0,0,0,0,0,0,0,0,0,0,0,0,0,0,0,0,0,0,0,0,0,0,0,0,0,0,0,0,0,0,0,0,0,0,0,0,0,0,0,0,0,0,30,0,6,0,0,0,7,0,2,0,0,0,2,0,11,0,0,0,1,0,2,0,30,0,5,0,0,0,0,0,0,0,0,0,0,0,0,0,0,0,0,0,0,0,0,0,0,0,0,0,1,0,0,0,158,30,15,0,46,9,107,0,23,0,14,0,17,0,6,0,1,0,0,0,6,0,0,0,1,0,17,0,0,0,0
0,11,0,8,1,0,0,0,0,0,0,13,10,63,0,11,0,0,19,12,2,93,0,15,0,3,9,165,0,13,0,44,0,1,0,10,0,37,0,0,0,82,0,0,0,79,0,59,0,46,3,81,0,0,0,0,0,0,0,1,0,0,0,11,0,0,0,0,0,0,0,0,0,2,0,7,0,0,0,3,0,7,0,3,0,0,0,0,0,0,0,0,0,0,0,0,0,0,0,0,0,0,0,3,0,0,0,0,0,0,0,0,0,0,0,0,0,0,0,0,0,0,0,0,0,0,0,0,0,0,0,0,0,0,0,0,0,0,0,15,0,0,0,65,0,40,0,0,0,0,0,0,0,0,0,0,0,3,0,0,0,0,0,1,0,28,0,11,0,12,0,0,0,0,0,0,0,10,0,0,0,0,0,0,0,0,0,21,0,0,0,0,0,0,0,0,0,0,0,0,0,0,0,0,0,0,0,0,0,0,0,0,0,0,0,1,0,0,0,167,0,7,0,9,0,73,0,13,0,26,0,0,0,6,0,0,0,0,0,1,0,0,0,0,0,0,0,0,0
0,0,47,0,30,2,0,0,0,0,20,0,149,7,9,0,34,0,43,0,9,0,53,1,0,0,129,0,4,0,9,0,0,0,22,0,22,0,0,0,87,28,103,0,0,7,199,18,110,5,33,0,0,0,0,0,0,0,0,0,0,0,8,0,0,0,2,0,0,0,26,0,0,0,0,0,0,0,0,0,11,0,0,0,0,0,17,0,21,0,0,0,0,0,34,0,0,0,0,0,21,0,22,0,0,0,0,0,1,0,0,0,2,0,0,0,0,0,0,0,0,0,0,0,0,0,0,0,0,0,0,0,0,0,0,0,3,0,0,0,0,0,0,0,0,0,0,0,0,0,0,0,0,0,0,0,1,0,0,0,3,0,0,0,105,0,2,0,23,0,3,0,5,0,0,0,7,3,28,0,0,0,0,0,0,0,17,0,0,0,0,0,0,0,9,0,0,0,0,0,0,0,0,0,0,0,0,0,0,0,0,0,4,0,0,0,0,0,232,15,6,0,167,33,107,0,8,0,33,0,4,0,2,0,0,0,3,0,3,0,0,0,0,0,10,0,0,0,0
0,8,0,7,0,9,0,0,0,0,0,15,11,49,0,14,0,0,13,22,0,57,0,16,0,0,12,98,0,0,0,11,0,0,2,17,0,13,0,0,14,153,7,79,7,0,13,132,2,60,7,83,0,0,0,2,0,0,0,0,0,1,0,9,0,0,0,0,0,10,0,9,0,0,0,0,0,4,0,0,0,6,0,9,0,0,0,12,0,11,0,0,0,0,0,9,0,8,0,0,0,0,0,0,0,0,0,0,0,0,0,0,0,0,0,0,0,0,0,0,0,16,0,11,0,0,0,0,0,0,0,0,0,0,0,6,0,8,0,8,0,0,0,28,0,0,0,0,0,1,0,0,0,0,0,0,0,0,0,0,0,1,0,0,0,78,0,7,0,52,0,2,0,0,0,0,0,18,0,0,0,0,0,0,0,0,1,21,0,8,0,0,0,0,0,6,0,0,0,0,0,3,0,0,0,13,0,0,0,0,0,0,0,1,0,1,0,0,7,342,0,8,0,188,0,42,0,25,0,37,0,0,0,4,0,0,0,0,0,2,0,2,0,0,0,14,0,0,0
9,0,14,0,51,0,0,0,2,0,18,0,102,10,3,0,2,0,35,0,0,0,8,0,0,0,58,16,0,0,1,0,0,0,0,0,0,2,0,0,35,54,95,0,199,13,0,35,67,5,12,0,0,0,1,0,0,0,0,0,0,0,0,0,0,0,0,0,0,0,0,0,0,0,0,0,0,0,0,0,0,0,0,0,0,0,0,0,0,0,0,0,0,0,0,0,0,0,0,0,0,0,0,0,0,0,0,0,0,0,0,0,0,0,0,0,0,0,0,0,0,0,0,0,0,0,0,0,0,0,0,0,0,0,0,0,0,0,0,0,0,0,0,0,0,0,0,0,0,0,0,0,0,0,0,0,0,0,0,0,0,0,0,0,38,0,1,0,0,0,0,0,0,0,3,0,6,2,8,0,0,0,0,0,0,0,8,0,0,0,0,0,0,0,0,0,0,0,0,0,0,0,0,0,0,0,0,0,0,0,0,0,1,0,0,0,0,0,364,26,0,0,104,21,58,0,0,0,7,0,0,0,0,0,0,0,0,0,0,0,0,0,0,0,0,0,0,0,0
0,27,0,0,3,32,0,2,0,1,0,53,42,184,0,0,0,0,32,64,6,2,0,0,0,0,56,91,0,0,0,1,0,0,6,0,1,1,0,0,83,113,53,59,18,132,35,0,3,52,0,63,0,1,0,0,0,0,0,0,0,0,0,0,0,0,0,0,0,0,0,0,0,0,0,0,0,1,0,0,0,0,0,0,0,0,0,0,0,0,0,0,0,0,0,3,0,0,0,0,0,0,0,0,0,0,0,0,0,0,0,0,0,0,0,0,0,0,0,0,0,0,0,0,0,0,0,0,0,0,0,0,0,0,0,0,0,0,0,0,0,0,0,0,0,0,0,0,0,0,0,0,0,0,0,0,0,0,0,0,0,0,0,0,0,26,0,6,0,15,0,0,0,0,0,1,0,49,0,0,0,0,0,0,0,0,0,15,0,0,0,0,0,0,0,0,0,0,0,0,0,0,0,0,0,0,0,0,0,0,0,0,0,0,0,0,0,0,16,311,0,0,0,157,0,29,0,0,0,0,0,0,0,0,0,0,0,0,0,0,0,0,0,0,0,0,0,0,0
24,0,11,0,8,0,28,0,8,0,3,0,39,2,0,0,4,0,3,0,0,0,0,0,0,0,20,2,0,0,0,0,1,0,1,0,1,0,0,0,125,7,41,0,110,2,67,3,0,2,7,1,0,0,5,0,3,0,4,0,0,0,0,0,0,0,1,0,4,0,0,0,0,0,0,0,6,0,0,0,0,0,3,0,0,0,2,0,4,0,0,0,0,0,0,0,0,0,0,0,3,0,11,0,5,0,5,0,0,0,0,0,0,0,0,0,0,0,0,0,0,0,0,0,0,0,0,0,0,0,0,0,0,0,1,0,0,0,0,0,0,0,0,0,0,0,0,0,0,0,0,0,0,0,0,0,0,0,0,0,2,0,0,0,4,0,0,0,0,0,0,0,1,0,2,0,14,0,54,0,0,0,0,0,2,0,94,0,6,0,0,0,0,0,0,0,1,0,0,0,2,0,0,0,0,0,0,0,0,0,0,0,1,0,0,0,7,0,107,0,51,0,99,18,20,0,12,0,43,0,0,0,0,0,0,0,0,0,0,0,0,0,1,0,1,0,0,0,0
0,4,0,1,0,4,0,0,0,0,0,22,0,64,0,0,0,0,2,2,0,0,0,3,0,0,0,36,0,0,0,0,0,1,0,0,0,0,0,0,2,208,0,46,5,60,5,52,2,0,1,28,0,0,0,0,0,0,0,0,0,0,0,0,0,0,0,0,0,12,0,0,0,0,0,0,0,5,0,0,0,0,0,17,0,0,0,1,0,0,0,0,0,0,0,0,0,0,0,0,0,0,0,7,0,0,0,1,0,0,0,0,0,0,0,0,0,0,0,0,0,1,0,0,0,0,0,0,0,0,0,0,0,0,0,0,0,0,0,0,0,0,0,0,0,3,0,0,0,0,0,3,0,2,0,0,0,0,0,0,0,0,0,1,0,19,0,8,0,17,0,1,0,0,0,2,0,90,0,1,0,0,0,0,0,0,0,71,0,0,0,0,0,0,0,0,0,0,0,0,0,0,0,0,0,0,0,0,0,0,0,0,0,3,0,0,0,7,15,24,0,2,0,195,0,2,0,5,0,5,0,0,0,2,0,1,0,0,0,0,0,0,0,1,0,2,0,0,0
12,1,34,0,56,0,14,0,6,0,22,0,287,19,30,0,26,0,188,9,49,2,27,0,8,0,221,36,38,0,51,0,23,0,103,0,73,0,19,0,20,21,152,3,33,7,12,0,7,1,0,2,0,0,0,0,7,0,15,0,5,0,15,0,6,0,2,0,1,0,33,0,0,0,0,0,0,0,0,0,0,0,12,0,0,0,0,0,17,0,0,0,0,0,41,0,0,0,14,0,0,0,0,0,0,0,0,0,0,0,0,0,0,0,0,0,0,0,0,0,42,0,0,0,0,0,0,0,0,0,0,0,0,0,0,0,0,0,6,0,0,0,0,0,26,0,0,0,0,0,1,0,4,0,1,0,0,0,0,0,0,0,23,0,78,0,32,0,75,0,12,0,12,0,0,0,5,0,29,0,4,0,0,0,0,0,15,0,0,0,0,0,0,0,0,0,0,0,0,0,0,0,0,0,0,0,0,0,0,0,2,0,1,0,12,0,11,0,63,17,39,0,21,0,181,0,43,0,54,0,38,0,17,0,5,1,0,0,16,0,8,0,11,0,49,0,0,0,0
0,0,0,7,0,29,0,8,0,5,0,29,27,186,0,7,0,3,29,62,5,92,0,8,0,0,13,236,0,3,0,23,0,0,0,36,0,30,0,3,5,38,0,81,0,83,0,63,1,28,2,0,0,0,0,6,0,0,0,4,0,3,0,0,0,0,0,0,0,0,0,53,0,0,0,18,0,0,0,10,0,46,0,0,0,78,0,30,0,0,0,0,0,0,0,0,0,0,0,41,0,1,0,0,0,0,0,10,0,0,0,0,0,0,0,0,0,0,0,0,0,101,0,40,0,0,0,0,0,0,0,0,0,0,0,0,0,0,0,7,0,18,0,51,0,59,0,0,0,0,0,0,0,0,0,0,0,0,0,0,0,6,0,6,0,28,0,18,0,13,0,9,0,3,0,0,0,21,0,3,0,1,0,0,0,0,0,57,0,0,0,0,0,0,0,6,0,0,0,0,0,4,0,0,0,14,0,0,0,0,0,0,0,0,0,2,0,7,0,85,0,27,0,16,0,128,0,24,0,69,0,7,0,0,0,6,0,1,0,0,0,3,0,2,0,10,0,0,0
6,0,8,0,2,0,68,5,89,53,0,0,0,0,3,0,27,0,0,0,2,0,7,0,45,2,0,0,4,0,0,0,2,0,0,0,0,0,0,0,0,0,0,0,0,0,0,0,0,0,0,0,0,4,351,35,87,5,32,59,51,0,84,1,3,2,0,55,0,0,0,0,0,0,10,0,0,0,0,0,20,0,0,0,113,0,2,0,10,0,36,0,0,0,0,0,131,0,19,0,11,0,0,0,0,0,21,0,0,0,0,0,0,0,0,0,0,0,0,0,27,0,53,0,0,0,5,0,27,0,0,0,0,0,15,0,73,0,182,0,87,0,77,0,32,0,0,0,0,0,0,0,0,0,217,2,39,0,101,0,20,0,4,0,0,0,0,0,3,0,90,0,3,0,0,0,17,5,0,0,0,0,7,0,1,1,0,0,0,0,0,0,0,0,0,0,0,0,0,0,0,0,0,0,0,0,0,0,0,0,4,0,1,0,55,0,0,0,0,0,60,0,19,0,5,0,35,0,102,0,0,0,42,0,3,0,0,0,15,0,4,0,0,0,34,0,0,0,0
1,11,0,6,0,0,9,8,28,24,0,9,0,0,0,6,0,67,0,8,0,13,0,26,3,40,0,0,0,0,0,3,0,0,0,5,0,6,0,2,0,0,0,0,0,0,0,1,0,0,0,0,4,0,10,89,0,55,5,8,0,73,3,113,0,0,6,0,0,0,0,0,0,0,0,0,0,0,0,0,0,0,0,0,0,25,0,0,0,0,0,0,0,0,0,0,0,16,0,6,0,0,0,0,0,0,0,1,0,0,0,0,0,0,0,0,0,0,0,0,0,0,0,0,0,0,0,2,0,37,0,0,0,47,0,37,0,69,0,169,0,61,0,87,0,84,0,0,0,0,0,0,0,0,0,175,0,67,0,93,0,0,0,0,0,0,0,0,0,0,0,10,0,4,0,0,1,1,0,0,0,0,0,0,0,0,0,0,0,0,0,0,0,0,0,0,0,0,0,0,0,1,0,0,0,0,0,0,0,16,0,0,0,0,0,53,0,1,0,1,0,65,0,11,0,0,0,63,0,57,0,6,0,62,0,5,0,1,0,16,0,2,0,3,1,58,0,0,0
6,0,68,0,0,0,354,5,29,128,0,0,0,0,20,0,8,0,0,0,0,0,48,0,197,0,0,0,3,0,0,0,0,0,0,0,0,0,0,0,0,0,0,0,0,0,1,0,5,0,0,0,351,10,0,51,136,0,66,112,18,0,21,5,15,4,6,138,0,0,2,0,0,0,0,0,0,0,0,0,11,0,0,0,123,0,0,1,0,0,84,0,0,0,0,0,143,0,18,0,0,0,4,0,11,0,97,0,0,0,0,0,0,0,0,0,0,0,0,0,14,0,36,0,15,0,16,0,106,0,47,0,40,0,11,1,196,0,52,3,15,0,139,0,1,0,0,0,0,3,0,0,0,0,173,0,10,0,57,0,128,1,0,0,0,0,2,0,16,0,232,0,34,0,0,0,8,13,0,0,0,0,12,1,0,8,0,0,0,0,0,0,0,0,3,0,0,0,0,0,22,0,0,0,0,0,0,0,0,0,25,0,14,0,220,0,0,0,7,0,261,0,64,0,28,0,56,0,426,0,5,0,116,1,11,0,0,0,96,0,30,0,13,0,139,0,0,0,0
3,21,0,46,0,5,21,184,140,94,0,2,0,0,0,45,0,13,0,12,0,13,0,17,4,156,0,11,0,4,0,0,0,0,0,0,0,7,0,0,0,0,0,0,0,2,0,0,0,0,0,6,35,89,51,0,3,275,20,55,0,18,20,54,8,3,25,13,0,1,0,0,0,0,0,0,0,0,0,0,0,0,0,0,0,26,0,0,0,0,0,0,0,0,0,0,0,44,0,2,0,0,0,0,0,0,0,21,0,0,0,0,0,0,0,0,0,0,0,0,0,0,0,0,0,19,0,10,0,59,0,16,0,77,0,111,0,84,3,79,0,27,0,41,3,7,0,0,4,6,0,0,1,1,1,200,0,24,1,44,11,10,0,5,0,3,0,0,0,10,0,64,0,53,0,0,3,0,0,0,0,0,0,0,3,0,0,0,0,0,0,0,0,0,0,0,0,0,0,5,0,26,0,0,0,0,0,2,0,38,0,0,0,23,0,220,0,2,0,11,0,412,0,105,0,42,4,41,0,623,0,16,2,246,0,67,0,1,0,53,0,14,0,3,0,197,0,0,0
0,0,14,0,0,0,18,1,12,0,0,0,0,0,0,0,4,0,0,0,0,0,0,2,0,5,0,0,2,0,0,0,5,0,0,0,13,0,0,0,0,0,0,0,0,0,0,0,3,0,7,0,87,0,136,3,0,0,212,20,4,0,4,0,69,27,48,38,0,0,0,0,0,0,0,0,0,0,0,0,0,0,0,0,0,0,0,0,0,0,0,0,0,0,0,0,0,0,0,0,0,0,0,0,0,0,0,0,0,0,0,0,0,0,0,0,0,0,0,0,0,0,0,0,33,0,14,0,117,0,87,0,27,0,11,0,13,0,18,2,0,0,12,0,30,2,0,0,3,0,0,0,1,0,108,0,71,0,53,0,165,35,38,1,1,0,5,0,14,0,100,0,6,0,4,5,0,0,0,0,11,0,1,0,1,6,0,0,0,0,0,0,0,0,0,0,0,0,0,0,0,0,0,0,0,0,0,0,6,0,0,0,26,0,340,0,0,0,3,0,250,0,96,0,20,0,66,0,566,0,0,0,147,1,100,3,2,0,127,0,19,0,22,0,191,0,0,0,0
3,4,0,2,0,0,0,9,10,19,0,0,0,2,0,0,0,10,0,0,0,0,0,6,0,22,0,0,0,0,0,0,0,0,0,0,0,1,0,0,0,0,0,0,0,0,0,0,0,0,0,0,5,55,0,275,0,0,8,108,0,0,1,24,0,2,14,13,0,0,0,0,0,1,0,0,0,0,0,0,0,0,0,0,0,0,0,0,0,0,0,0,0,0,0,0,0,0,0,0,0,0,0,0,0,0,0,0,0,0,0,0,0,0,0,0,0,0,0,0,0,1,0,0,0,26,0,10,0,99,0,15,0,39,0,24,0,17,0,21,0,9,0,7,1,18,0,1,0,0,0,2,0,0,2,196,0,26,0,124,2,47,0,8,0,0,0,0,0,40,0,82,0,0,0,0,0,0,0,0,0,0,0,0,0,0,0,0,0,0,0,0,0,0,0,0,0,0,0,0,0,0,0,0,0,0,0,0,0,12,0,0,0,14,1,326,0,0,0,9,0,351,0,91,0,37,0,40,0,568,0,5,0,215,0,145,0,4,0,50,0,6,0,0,0,218,0,0,0
7,0,31,0,0,0,34,2,29,0,0,0,0,0,0,0,0,0,0,0,0,0,7,0,0,0,0,0,0,0,0,0,0,0,0,0,11,0,3,0,0,0,2,0,0,0,0,0,4,0,15,0,32,5,66,20,212,8,0,112,31,0,1,0,192,16,131,133,0,0,0,0,0,0,0,0,0,0,0,0,0,0,2,0,0,0,0,0,0,0,0,0,0,0,0,0,0,0,0,0,0,0,0,0,0,0,0,0,0,0,0,0,0,0,0,0,0,0,0,0,0,0,0,0,47,0,20,0,19,0,90,0,0,0,15,0,16,0,3,0,0,0,17,0,0,3,6,0,16,0,5,0,0,0,84,12,98,0,5,0,107,14,0,0,1,0,7,0,11,0,90,0,7,0,1,3,24,0,0,0,6,3,0,0,24,30,0,0,0,0,0,0,0,0,0,0,1,0,0,0,4,0,0,0,0,0,0,0,0,0,25,0,31,0,577,0,0,0,9,0,399,1,134,0,20,0,111,0,580,0,6,0,249,0,64,1,2,0,286,0,37,0,44,0,362,0,0,0,0
1,6,0,0,0,4,0,13,103,13,0,0,0,0,0,0,0,0,0,0,0,0,0,0,0,2,0,0,0,0,0,1,0,0,0,0,0,0,0,0,0,0,0,1,0,0,0,0,0,0,0,4,59,8,112,55,20,108,112,0,1,14,11,2,22,260,212,306,0,0,0,0,0,0,0,0,0,0,0,0,0,0,0,0,0,0,0,1,0,0,0,0,0,0,0,0,0,0,0,0,0,0,0,0,0,0,0,0,0,0,0,0,0,0,0,0,0,0,0,0,0,0,0,0,0,63,0,28,0,12,0,52,0,15,0,26,0,32,0,9,0,0,0,0,4,60,0,12,0,44,0,11,0,0,16,19,0,54,4,26,5,88,0,3,0,0,0,0,0,0,0,16,0,0,0,0,20,44,0,0,0,6,0,0,6,149,0,0,0,0,0,0,0,0,0,0,0,0,0,0,0,4,0,0,0,0,0,0,0,44,0,5,0,5,0,476,0,1,0,13,0,436,0,70,0,27,0,194,0,398,0,15,0,378,0,348,0,5,2,142,0,21,0,9,1,489,0,0,0
164,0,46,0,0,0,240,0,192,11,0,0,0,0,0,0,30,0,0,0,0,0,9,0,40,8,0,0,6,0,0,0,1,0,0,0,26,0,8,0,0,0,3,0,0,0,0,0,0,0,5,0,51,0,18,0,4,0,31,1,0,0,62,0,0,0,5,0,0,0,0,0,0,0,3,0,0,0,0,0,0,0,0,0,0,0,0,0,0,0,0,0,0,0,0,0,0,0,0,0,0,0,0,0,0,0,1,0,0,0,0,0,0,0,0,0,0,0,0,0,10,0,0,0,0,0,0,0,1,0,1,0,0,0,0,0,0,0,108,0,34,0,6,0,164,0,0,0,0,0,0,0,0,0,89,0,109,0,51,0,0,0,4,0,0,0,0,0,5,0,122,0,51,0,0,0,20,3,0,0,0,0,23,0,0,0,0,0,0,0,0,0,0,0,0,0,0,0,0,0,0,0,0,0,0,0,0,0,0,0,7,0,2,0,33,0,0,0,0,0,74,0,9,0,6,0,85,0,127,0,6,0,25,0,0,0,0,0,31,0,8,0,7,0,53,0,0,0,0
0,99,1,21,0,3,0,145,0,77,0,27,0,0,0,18,0,26,0,3,0,4,1,12,1,77,0,0,0,5,0,1,0,0,0,1,0,31,0,7,0,0,0,0,0,1,0,0,0,0,0,3,0,73,0,18,0,0,0,14,0,0,0,55,0,0,0,4,0,0,0,0,0,0,0,0,0,0,0,0,0,0,0,0,0,0,0,0,0,0,0,0,0,0,0,0,0,0,0,0,0,0,0,0,0,0,0,0,0,0,0,0,0,0,0,0,0,0,0,0,0,0,0,0,0,0,0,0,0,0,0,0,0,1,0,0,0,0,0,58,0,38,0,15,0,171,0,0,0,0,0,0,0,0,0,36,0,66,0,10,0,0,0,0,0,1,0,1,0,0,0,53,0,40,0,0,0,0,0,11,0,0,0,0,0,0,0,0,0,0,0,0,0,0,0,0,0,0,0,0,0,0,0,0,0,0,0,0,0,0,0,0,0,0,0,17,0,0,0,0,0,83,0,0,0,3,0,239,0,192,0,0,0,32,0,13,0,0,0,10,0,2,0,0,0,24,0,0,0
156,10,83,0,2,0,358,35,223,115,0,0,0,0,9,0,367,0,0,0,43,0,81,0,79,14,0,0,77,0,14,0,19,0,8,0,17,0,48,0,0,0,0,0,8,0,0,0,0,0,15,0,84,3,21,20,4,1,1,11,62,0,0,3,1,0,0,8,0,0,31,0,0,0,21,0,0,0,0,0,0,0,0,0,24,0,13,0,0,0,0,0,0,0,0,0,19,0,9,0,2,0,0,0,0,0,0,0,0,0,0,0,0,0,0,0,0,0,0,0,47,0,41,0,0,0,2,0,2,0,0,0,0,0,13,0,48,0,109,0,137,0,66,0,70,0,0,0,0,0,0,0,0,0,134,0,41,0,45,0,2,0,1,0,0,0,1,0,0,0,23,0,41,0,0,0,21,7,0,0,0,0,20,0,0,1,0,0,0,0,0,0,0,0,0,0,0,0,0,0,0,0,0,0,0,0,0,0,0,0,8,0,0,0,23,0,0,0,0,0,26,0,7,0,7,0,37,0,44,0,6,0,24,0,0,0,0,0,16,0,0,0,0,0,48,0,0,0,0
24,138,8,25,0,0,13,282,39,87,0,15,0,0,0,15,2,383,0,13,0,25,4,104,14,348,0,32,0,33,0,22,0,12,0,22,0,17,0,8,0,0,0,11,0,9,0,0,0,0,0,0,1,113,5,54,0,24,0,2,0,55,3,0,0,0,0,0,0,0,0,0,0,1,0,0,0,0,0,0,0,0,0,0,0,28,0,0,0,0,0,0,0,0,0,0,0,0,0,3,0,0,0,0,0,0,0,0,0,0,0,0,0,0,0,0,0,0,0,0,0,0,0,0,0,0,0,2,0,17,0,0,0,31,0,23,0,70,0,211,0,88,0,118,0,139,0,0,0,0,0,0,0,0,0,108,0,153,0,41,0,2,0,0,0,2,0,0,0,0,0,8,0,25,0,0,0,5,0,1,0,0,0,0,0,0,0,0,0,0,0,0,0,0,0,0,0,0,0,0,0,0,0,0,0,0,0,0,0,11,0,0,0,0,0,12,0,0,0,0,0,33,0,8,0,0,0,105,1,57,0,3,0,41,0,3,0,0,1,13,0,2,0,4,1,22,0,0,0
31,0,34,0,14,0,12,0,79,0,16,0,19,0,0,0,0,0,3,0,0,0,0,2,0,8,7,0,0,0,0,0,0,0,0,0,0,0,0,0,1,0,0,0,0,0,0,0,0,0,6,0,3,0,15,8,69,0,192,22,0,0,1,0,0,67,241,11,0,0,0,0,0,0,1,0,0,0,0,0,0,0,0,0,0,0,0,0,0,0,0,0,0,0,0,0,0,0,0,0,0,0,0,0,0,0,0,0,0,0,0,0,0,0,0,0,0,0,0,0,0,0,0,0,0,0,0,0,0,0,14,7,0,0,12,0,3,0,1,11,0,3,0,0,8,10,20,0,52,0,0,0,16,0,3,4,0,0,0,12,196,94,0,0,1,0,0,0,0,0,0,0,0,0,49,23,10,1,8,0,80,9,14,0,44,8,0,0,0,0,0,0,0,0,0,0,0,0,0,0,0,0,0,0,0,0,0,0,0,0,0,0,0,0,14,0,0,0,0,0,14,0,0,0,0,0,5,0,0,0,0,0,32,0,60,0,0,0,17,0,0,0,3,0,21,0,0,0,0
0,44,0,3,0,5,0,3,0,146,0,33,0,0,0,4,0,0,0,18,0,6,0,2,0,0,0,10,0,0,0,0,0,6,0,0,0,5,0,0,0,3,0,0,0,0,0,0,0,0,0,0,2,0,4,3,27,2,16,260,0,0,0,0,67,0,44,446,0,0,0,21,0,3,2,14,0,0,0,0,0,0,0,0,0,0,0,10,0,0,0,0,0,0,0,0,0,3,0,5,0,0,0,0,0,0,0,0,0,0,0,0,0,0,0,0,0,0,0,0,0,14,0,0,0,16,0,25,0,0,21,84,0,0,0,21,0,10,10,43,0,4,0,0,46,65,0,77,22,159,0,61,0,35,8,0,3,0,13,3,120,247,0,2,0,0,0,0,0,0,0,0,0,3,23,127,0,9,0,2,5,55,0,8,5,80,0,0,0,0,0,0,0,0,0,0,0,7,0,0,0,0,0,0,0,0,0,5,0,38,0,0,0,0,0,0,0,0,0,3,0,33,0,0,0,0,0,50,0,35,0,0,0,0,0,93,0,1,0,15,0,0,0,7,0,38,0,0,0
6,0,10,3,3,0,29,0,122,7,1,0,6,0,1,0,0,0,3,0,3,0,0,1,0,1,3,0,0,0,0,0,2,0,0,0,0,0,0,0,1,0,0,0,2,0,0,0,1,0,2,0,0,6,6,25,48,14,131,212,5,0,0,0,241,44,0,119,0,0,0,0,0,0,0,0,0,0,0,0,0,0,0,0,0,0,0,0,0,0,0,0,0,0,0,0,0,0,0,0,0,0,0,0,0,0,0,0,0,0,0,0,0,0,0,0,0,0,0,0,0,0,0,0,6,0,0,0,0,0,20,0,0,0,0,0,0,0,0,0,0,0,0,0,1,1,2,0,18,0,0,0,0,0,10,12,20,0,0,7,79,21,0,0,0,0,2,0,0,0,0,0,0,0,11,5,128,5,0,0,18,4,0,0,120,45,0,0,0,0,0,0,0,0,0,0,0,0,0,0,0,0,0,0,0,0,0,0,0,0,0,0,3,0,84,0,0,0,2,0,70,0,10,0,0,0,12,0,58,0,0,0,47,0,19,0,1,0,32,0,6,0,4,0,60,0,0,0,0
0,8,2,0,0,1,0,2,108,33,0,8,0,2,0,0,0,0,0,0,0,0,0,0,0,0,0,3,0,0,0,0,0,0,0,1,0,1,0,0,0,0,0,0,0,0,0,0,0,0,0,0,55,0,138,13,38,13,133,306,0,4,8,0,11,446,119,0,0,0,0,0,0,0,0,0,0,0,0,0,0,0,0,0,0,0,0,0,0,0,0,0,0,0,0,0,0,0,0,0,0,0,0,0,0,0,0,0,0,0,0,0,0,0,0,0,0,0,0,0,0,0,0,0,0,19,0,17,0,1,0,53,0,1,1,23,0,7,0,0,0,0,0,0,0,37,0,14,0,45,0,40,0,6,19,20,2,21,9,5,20,63,0,0,0,0,0,0,0,0,0,0,0,0,0,17,31,131,0,0,0,40,0,6,0,534,0,0,0,0,0,0,0,0,0,0,0,0,0,0,0,2,0,0,0,0,0,0,0,22,0,0,0,0,0,0,0,0,0,6,0,31,0,0,0,1,0,89,2,51,0,0,0,71,0,137,0,0,0,35,0,4,0,0,0,110,0,0,0
0,0,0,0,0,0,0,0,0,0,0,0,0,0,0,0,0,0,0,0,0,0,0,0,0,0,0,0,0,0,0,0,0,0,0,0,0,0,0,0,0,0,0,0,0,0,0,0,4,0,1,0,0,0,0,0,0,0,0,0,0,0,0,0,0,0,0,0,0,0,0,0,0,0,0,0,19,0,0,0,0,0,9,0,0,0,2,0,15,0,0,0,4,0,4,0,0,0,0,0,0,0,56,0,0,0,0,0,8,0,0,0,9,0,0,0,1,0,0,0,0,0,0,0,0,0,0,0,0,0,0,0,0,0,0,0,0,0,0,0,0,0,0,0,0,0,0,0,0,0,0,0,0,0,0,0,0,0,0,0,0,0,0,0,51,0,0,0,46,0,0,0,0,0,0,0,0,0,0,0,0,0,0,0,0,0,0,0,0,0,0,0,0,0,0,0,0,0,0,0,0,0,0,0,0,0,0,0,0,0,4,0,141,0,103,0,11,0,9,0,0,0,59,0,15,0,1,0,46,0,0,0,0,0,0,0,0,0,0,0,0,0,0,0,0,0,0,0,0
0,0,0,0,0,0,0,0,0,0,0,0,0,1,0,0,0,0,0,0,0,0,0,0,0,0,0,4,0,0,0,0,0,0,0,0,0,0,0,0,0,0,0,0,0,10,0,0,0,12,0,0,0,0,0,1,0,0,0,0,0,0,0,0,0,0,0,0,0,0,0,0,0,0,0,0,0,31,0,3,0,0,0,15,0,9,0,7,0,8,0,0,0,2,0,0,0,2,0,0,0,0,0,57,0,0,0,8,0,23,0,2,0,0,0,0,0,0,0,0,0,0,0,0,0,0,0,0,0,0,0,0,0,0,0,0,0,0,0,0,0,0,0,0,0,0,0,0,0,0,0,0,0,0,0,0,0,0,0,0,0,0,0,0,0,44,0,0,0,9,0,0,0,0,0,0,0,0,0,0,0,0,0,0,0,0,0,0,0,0,0,0,0,0,0,0,0,0,0,0,0,0,0,1,0,0,0,0,0,4,0,0,0,150,0,13,0,36,0,25,0,0,0,89,0,19,0,0,0,49,0,0,0,0,0,0,0,0,0,5,0,2,0,0,0,0,0,0,0
0,0,40,0,0,1,0,2,0,0,0,0,0,0,21,0,177,0,21,0,93,0,36,0,35,0,18,0,121,0,37,0,40,0,35,0,90,0,130,0,0,0,38,0,26,0,0,0,0,0,33,0,0,0,2,0,0,0,0,0,0,0,31,0,0,0,0,0,0,0,0,0,301,0,234,0,26,0,287,0,10,0,10,0,3,0,47,0,0,0,0,0,0,0,9,0,2,0,0,2,0,0,0,0,0,0,0,0,0,0,0,0,0,0,0,0,0,0,0,0,82,0,16,0,22,0,49,2,0,0,4,0,20,0,44,0,17,5,0,4,15,0,66,0,147,0,39,0,6,5,55,0,14,0,0,0,6,0,1,0,0,0,75,0,0,0,4,0,10,0,46,0,15,0,12,0,0,0,0,0,0,0,0,0,0,0,0,0,0,0,0,0,0,0,0,0,1,0,0,0,0,0,4,0,0,0,0,0,37,0,0,0,0,0,0,0,0,0,0,0,0,0,0,0,0,0,0,0,15,0,0,0,0,0,0,0,0,0,26,0,29,0,17,0,1,0,0,0,0
0,3,0,0,0,0,0,0,0,0,0,3,0,0,0,0,0,0,0,0,0,0,0,0,0,0,0,0,0,6,0,0,0,7,0,31,0,28,0,0,0,0,0,0,0,9,0,0,0,0,0,53,0,0,0,0,0,0,0,0,0,0,0,0,0,21,0,0,0,0,0,0,0,363,0,223,0,20,0,211,0,11,0,3,0,0,0,86,0,0,0,0,0,0,0,0,0,0,0,0,0,0,0,0,0,0,0,0,0,0,0,0,0,0,0,0,0,0,0,0,0,55,0,82,0,11,0,21,0,0,0,0,0,0,0,37,0,6,0,2,0,18,0,30,4,150,1,10,0,32,0,42,1,26,0,2,0,0,0,0,0,11,0,63,0,2,0,1,0,13,0,13,0,6,0,13,0,0,0,0,0,11,0,0,0,3,0,0,0,0,0,0,0,0,0,0,0,0,0,0,0,0,0,0,0,0,0,0,0,27,0,0,0,0,0,0,0,0,0,1,0,0,0,3,0,0,0,21,0,63,0,0,0,0,0,9,0,0,0,31,0,5,0,0,0,8,0,0,0
