0,228,29,186,94,0,13,203,30,19,102,0,138,0,20,47,14,78,9,0,0,0,0,120,18,388,0,0,52,0,0,0,51,0,0,0,21,4,298,0,35,0,2,0,0,0,32,0,0,0,0,0,0,0,0,0,0,0,0,0,119,0,117,43,0,0,3,0,0,0,0,0,0,0,0,0,0,0,0,0,0,0,0,0,0,0,4,0,0,0,0,0,0,0,0,0,0,0,0,0,0,0,0,0,1,0,0,0,0,0,0,0,0,0,0,0,0,0,0,0,0,0,0,0,0,0,0,0,0,0,0,0,0,0,0,0,0,0,0,0,0,0,0,0,0,0,0,0,6,0,0,0,0,0,0,0,0,0,0,0,0,0,0,0,0,0,0,0,23,0,0,0,160,0,0,0,374,55,9,0,0,0,27,5,12,0,1,0,0,0,0,0,0,0,0,0,0,0,0,0,0,0,0,0,0,0,0,0,0,0,658,103,176,0,292,0,0,2,0,0,0,0,0,0,0
228,0,299,18,0,227,67,44,28,80,0,114,0,230,23,50,77,23,0,58,0,0,401,33,233,55,0,124,2,23,0,0,0,64,0,0,0,64,0,216,0,56,0,0,0,13,0,156,0,0,0,0,0,0,0,22,0,7,0,6,0,320,0,347,0,62,0,52,0,0,0,0,0,0,0,0,0,0,0,0,0,0,0,0,0,0,0,0,0,0,0,0,0,0,0,0,0,0,0,0,0,0,0,0,0,0,0,0,0,0,0,0,0,0,0,0,0,0,0,0,0,0,0,0,0,0,0,0,0,0,0,18,0,10,0,73,0,118,0,0,0,13,0,21,0,0,0,33,0,86,0,29,0,29,0,10,0,10,0,0,0,10,0,0,0,10,0,0,0,8,0,34,0,110,0,7,109,401,0,4,0,9,0,12,0,60,0,0,0,0,0,0,0,0,0,0,0,0,0,10,0,17,0,0,0,0,0,24,0,49,0,0,0,0,260,0,0,0,899,250,275,163,0,0,0
29,299,0,205,181,0,143,129,5,0,31,112,105,0,115,80,78,0,142,0,35,0,170,0,74,233,79,0,96,0,63,0,166,0,0,0,71,0,189,0,36,0,0,0,50,0,69,0,41,0,0,0,0,0,66,0,0,0,0,0,0,0,71,0,37,0,6,0,0,0,0,0,0,0,0,0,0,0,0,0,0,0,0,0,0,0,0,0,0,0,0,0,0,0,0,0,42,0,0,0,0,0,0,0,0,0,0,0,0,0,0,0,0,0,0,0,0,0,0,0,0,0,0,0,79,0,2,0,0,0,169,0,10,0,152,0,101,0,0,0,0,0,107,0,0,0,53,0,244,0,28,0,0,0,3,0,0,0,0,0,55,0,0,0,0,0,122,0,0,0,0,0,182,0,0,0,110,34,1,0,0,0,22,0,25,0,0,0,0,0,0,0,0,0,0,0,0,0,0,0,85,0,0,0,0,0,0,0,37,0,445,56,288,0,341,0,0,0,0,0,0,0,0,0,0
186,18,205,0,114,107,0,54,7,0,108,3,0,32,71,122,37,50,0,160,37,71,246,178,59,55,0,87,4,137,0,18,0,193,0,0,0,95,0,286,0,0,0,0,0,0,0,48,0,18,0,0,0,0,0,67,0,10,0,37,0,58,0,147,0,0,0,0,0,0,0,0,0,0,0,0,0,0,0,0,0,0,0,0,0,44,0,0,0,0,0,0,0,0,0,0,0,0,0,0,0,0,0,0,0,0,0,0,0,0,0,0,0,0,0,0,0,0,0,0,0,0,0,0,0,0,0,1,0,0,0,2,0,0,0,99,0,90,0,0,0,0,0,41,0,2,0,0,0,3,0,2,0,0,0,0,0,0,0,0,0,0,0,0,0,0,0,87,0,24,0,9,0,133,0,3,39,63,0,0,1,2,0,3,0,0,0,0,0,0,0,0,0,0,0,0,0,0,0,0,0,18,0,0,0,0,0,0,0,10,0,0,0,0,196,0,0,0,342,123,433,0,0,0,0
94,0,181,114,0,364,21,0,23,0,66,266,175,43,49,305,14,19,94,175,36,0,32,143,25,20,78,0,15,0,146,0,193,0,129,0,249,0,0,2,55,0,7,0,0,0,73,0,18,3,97,6,0,0,0,0,0,0,0,0,0,0,0,0,0,0,8,0,0,0,0,0,0,0,0,0,0,0,0,0,0,0,0,0,0,0,0,0,0,0,0,0,0,0,0,0,0,0,0,0,0,0,0,0,0,0,0,0,0,0,0,0,0,0,0,0,0,0,0,0,0,0,0,0,0,0,0,0,0,0,0,0,0,0,0,0,0,0,0,0,0,0,0,0,0,0,0,0,60,0,9,0,0,0,0,0,0,0,0,0,0,0,0,0,0,0,281,0,149,0,0,0,155,0,0,0,321,88,56,0,0,0,29,0,0,0,6,0,0,0,0,0,0,0,0,0,0,0,0,0,0,0,0,0,0,0,0,0,12,0,447,193,396,0,296,0,0,0,0,36,0,0,0,0,0
0,227,0,107,364,0,0,97,0,11,251,102,106,87,511,265,0,0,143,272,303,347,76,167,0,33,0,273,0,0,11,113,6,129,0,187,0,259,0,53,0,36,0,0,0,27,0,144,0,0,0,0,0,0,0,17,0,0,0,0,0,0,0,0,0,22,0,0,0,0,0,0,0,0,0,0,0,0,0,0,0,0,0,0,0,0,0,0,0,0,0,0,0,0,0,0,0,0,0,0,0,0,0,0,0,0,0,0,0,0,0,0,0,0,0,0,0,0,0,0,0,0,0,0,0,0,0,0,0,0,0,15,0,0,0,0,0,0,0,0,0,0,0,0,0,4,0,18,0,0,0,0,0,0,0,0,0,0,0,0,0,0,0,6,0,39,0,226,0,55,0,17,0,41,0,7,65,272,0,5,2,0,0,0,0,0,2,5,0,0,0,0,0,0,0,0,0,0,0,0,0,0,0,0,0,0,0,0,0,29,0,0,0,0,165,0,0,0,566,345,508,0,0,0,0
13,67,143,0,21,0,0,102,16,202,4,0,21,0,8,0,16,0,0,0,0,0,12,0,213,261,4,0,0,0,0,0,4,0,0,0,0,0,93,0,0,0,0,0,0,0,0,0,22,0,0,0,43,0,72,108,22,0,25,0,228,0,356,87,8,0,47,0,0,0,0,0,0,0,0,0,0,0,0,0,0,0,0,0,0,0,0,0,0,0,0,0,0,0,0,0,0,0,0,0,0,0,0,0,0,0,0,0,0,0,0,0,0,0,0,0,0,0,0,0,0,0,0,0,71,0,10,0,7,0,284,0,0,0,58,0,37,0,0,0,0,0,0,0,0,0,0,0,90,0,0,0,4,0,0,0,1,0,3,0,46,0,0,0,0,0,7,0,0,0,61,0,123,0,0,0,59,14,0,1,0,0,1,14,0,0,0,0,0,0,0,0,0,0,0,0,0,0,0,0,0,0,0,0,0,0,0,0,11,0,616,53,317,312,391,0,32,5,4,0,0,0,0,0,0
203,44,129,54,0,97,102,0,81,58,0,0,0,11,0,43,40,55,0,0,0,0,137,16,258,90,0,12,0,0,0,0,0,0,0,0,0,0,0,95,0,0,0,0,0,0,0,15,0,0,0,0,0,8,0,221,0,30,0,58,0,123,44,276,0,2,2,6,0,0,0,0,0,0,0,0,0,0,0,0,0,0,0,0,0,51,0,0,0,0,0,0,0,0,0,0,0,0,0,0,0,0,0,0,0,0,0,0,0,0,0,0,0,0,0,0,0,0,0,0,0,0,0,0,0,0,0,0,0,7,0,0,0,22,0,213,0,189,0,24,0,50,0,0,0,0,0,0,0,0,0,7,0,0,0,4,0,0,0,0,0,0,0,7,0,0,0,0,0,0,3,29,0,113,0,10,57,132,0,0,0,4,0,0,0,2,0,0,0,0,0,0,0,0,0,0,0,0,0,0,0,0,0,0,0,0,0,0,0,20,0,0,0,0,269,0,0,0,551,63,333,0,0,0,0
30,28,5,7,23,0,16,81,0,304,5,0,19,0,23,0,15,0,0,0,3,0,6,0,58,133,0,0,0,0,0,0,0,0,0,0,0,0,150,0,16,0,0,0,0,0,30,0,20,0,1,0,310,134,180,345,5,45,182,131,469,0,556,111,66,0,79,137,0,0,0,0,0,0,0,0,0,0,0,0,0,0,0,0,0,0,0,0,0,0,0,0,0,0,0,0,0,0,0,0,0,0,0,0,0,0,0,0,0,0,0,0,0,0,0,0,0,0,0,0,0,0,0,0,18,0,4,0,0,0,53,0,0,0,9,0,0,0,0,0,0,0,0,0,0,0,16,0,124,0,0,0,10,0,0,0,0,0,0,0,14,0,0,0,7,0,0,0,36,0,96,3,237,0,0,0,296,10,5,0,0,0,36,0,150,0,0,0,0,0,0,0,0,0,0,0,0,0,0,0,0,0,0,0,0,0,1,0,3,0,730,219,137,0,335,0,0,0,0,0,0,0,0,0,0
19,80,0,0,0,11,202,58,304,0,0,19,0,13,0,17,16,0,0,0,0,0,13,0,193,40,0,27,0,0,0,0,0,0,0,0,0,0,0,0,0,0,0,0,0,0,0,0,0,6,0,0,66,69,240,195,0,32,61,129,0,102,111,231,0,129,29,104,0,0,0,0,0,0,0,0,0,0,0,0,0,0,0,0,0,0,0,0,0,0,0,0,0,0,0,1,0,0,0,0,0,0,0,0,0,0,0,0,0,0,0,0,0,0,0,0,0,0,0,0,0,0,0,0,0,25,0,0,0,0,0,21,0,4,0,0,0,32,0,0,0,0,0,0,0,0,0,0,0,59,0,35,0,0,0,0,0,64,0,0,0,7,0,0,0,3,0,6,0,9,0,102,0,0,0,0,80,174,0,14,0,1,0,12,6,13,0,0,0,0,0,0,0,0,0,0,0,0,0,12,0,0,0,0,0,0,0,10,0,32,0,6,0,0,313,0,0,0,655,168,181,129,1,0,0
102,0,31,108,66,251,4,0,5,0,0,129,186,0,17,246,0,0,6,53,0,35,0,114,0,0,0,0,3,0,0,12,90,0,0,0,71,0,0,0,39,0,0,0,0,0,37,0,9,0,21,0,0,0,0,0,0,0,0,0,0,0,0,0,1,0,0,0,0,0,0,0,0,0,0,0,0,0,0,0,0,0,0,0,0,0,0,0,0,0,0,0,0,0,0,0,0,0,0,0,0,0,0,0,0,0,0,0,0,0,0,0,0,0,0,0,0,0,0,0,0,0,0,0,0,0,0,0,0,0,0,0,0,0,0,0,0,0,0,0,0,0,0,0,0,0,0,0,0,0,0,0,0,0,0,0,0,0,0,0,0,0,4,0,0,0,74,0,59,0,0,0,61,0,0,0,346,56,60,0,0,0,19,0,0,0,18,0,0,0,0,0,0,0,0,0,0,0,0,0,0,0,0,0,0,0,0,0,0,0,277,126,167,0,108,0,0,0,0,21,0,0,0,0,0
0,114,112,3,266,102,0,0,0,19,129,0,15,259,360,57,28,0,40,47,180,127,179,87,0,0,0,74,0,0,6,78,0,110,0,66,0,75,0,47,0,92,0,0,0,0,0,110,0,56,0,0,0,0,0,0,0,0,0,0,0,9,0,0,0,12,0,8,0,0,0,0,0,0,0,0,0,0,0,0,0,0,0,0,0,0,0,0,0,0,0,0,0,0,0,0,0,0,0,0,0,0,0,0,0,0,0,0,0,0,0,0,0,0,0,0,0,0,0,0,0,0,0,0,0,0,0,0,0,0,0,4,0,0,0,12,0,10,0,0,0,0,0,2,0,0,0,0,0,20,0,0,0,76,0,0,0,2,0,0,0,1,0,0,0,7,0,0,0,0,0,0,0,24,0,43,65,428,5,23,0,17,0,30,0,111,0,9,0,0,0,0,0,0,0,0,0,0,0,0,0,0,0,0,0,0,0,2,0,0,0,0,0,0,110,0,0,0,485,272,194,0,0,4,0
138,0,105,0,175,106,21,0,19,0,186,15,0,192,11,62,10,0,130,502,54,155,13,0,13,0,152,535,0,0,0,16,1,0,141,0,24,0,0,0,99,0,87,19,15,45,86,0,26,7,248,69,0,0,0,0,0,0,0,0,1,0,0,0,0,0,2,0,0,0,0,0,0,0,0,0,0,0,0,0,0,0,0,0,0,0,0,0,0,0,0,0,0,0,0,0,16,0,0,0,0,0,0,0,0,0,0,0,0,0,0,0,0,0,0,0,0,0,0,0,0,0,0,0,0,0,0,0,0,0,0,0,0,0,0,0,0,0,0,0,0,0,0,0,0,0,0,0,0,0,0,0,10,0,0,0,0,0,0,0,0,0,0,0,39,7,0,0,0,0,0,0,2,0,0,0,350,64,53,0,0,0,38,0,13,0,74,0,0,0,0,0,0,0,0,0,0,0,0,0,0,0,0,0,0,0,0,0,0,0,53,238,110,0,0,0,0,0,0,41,0,0,0,0,0
0,230,0,32,43,87,0,11,0,13,0,259,192,0,63,0,0,0,388,55,235,179,0,0,0,0,104,146,0,0,0,0,0,5,97,271,0,63,0,0,0,86,0,112,0,0,0,102,0,37,49,374,0,0,0,0,0,0,0,0,0,0,0,0,0,0,0,0,0,0,0,0,0,0,0,0,0,0,0,0,0,0,0,0,0,0,0,0,0,0,0,0,0,0,0,0,0,0,0,0,0,0,0,0,0,0,0,0,0,0,0,0,0,0,0,0,0,0,0,0,0,0,0,0,0,1,0,0,0,0,0,0,0,0,0,0,0,0,0,0,0,0,0,0,0,0,0,0,0,11,0,0,0,13,0,0,0,0,0,0,0,0,0,0,0,15,0,22,0,0,0,0,0,0,0,0,25,259,0,2,0,0,0,0,0,0,0,86,0,0,0,0,0,0,0,1,0,0,0,0,0,0,0,0,0,0,0,0,0,0,0,9,6,0,11,0,0,0,46,222,128,0,0,0,6
20,23,115,71,49,511,8,0,23,0,17,360,11,63,0,526,18,0,88,209,43,125,216,125,51,0,52,33,0,2,149,0,92,24,74,0,154,15,0,0,5,0,0,0,37,0,15,0,0,0,34,7,3,0,16,0,0,0,0,0,0,0,4,0,5,0,0,0,0,0,0,0,0,0,0,0,0,0,0,0,0,0,0,0,0,0,0,0,0,0,0,0,0,0,0,0,25,0,0,0,0,0,0,0,0,0,0,0,0,0,0,0,0,0,0,0,0,0,0,0,0,0,0,0,0,0,0,0,0,0,0,0,0,0,0,0,0,0,0,0,0,0,0,0,0,0,0,0,60,0,0,0,0,0,0,0,0,0,0,0,0,0,0,0,0,0,32,0,0,0,2,0,16,0,0,0,164,67,65,2,0,0,30,0,16,0,1,0,0,0,0,0,0,0,0,0,0,0,0,0,0,0,0,0,0,0,0,0,0,0,101,138,55,0,21,0,0,0,0,39,0,0,0,0,0
47,50,80,122,305,265,0,43,0,17,246,57,62,0,526,0,15,11,0,288,259,110,111,125,0,84,0,89,0,0,0,0,15,38,14,7,0,70,0,21,0,0,0,0,0,0,0,0,0,29,0,0,0,0,0,68,0,17,0,0,0,6,0,9,0,0,0,0,0,0,0,0,0,0,0,0,0,0,0,0,0,0,0,0,0,212,0,0,0,0,0,64,0,0,0,0,0,0,0,0,0,0,0,0,0,3,0,0,0,0,0,0,0,0,0,0,0,0,0,1,0,0,0,0,0,0,0,3,0,0,0,0,0,0,0,159,0,111,0,35,0,58,0,0,0,0,0,20,0,16,0,14,0,0,0,5,0,0,0,0,0,0,0,0,0,5,0,51,0,13,0,16,0,27,0,9,30,107,0,5,0,3,0,0,0,0,0,0,0,0,0,0,0,0,0,0,0,0,0,0,0,0,0,0,0,0,0,0,0,13,0,0,0,0,55,0,0,0,236,512,80,0,0,9,0
14,77,78,37,14,0,16,40,15,16,0,28,10,0,18,15,0,29,82,0,190,0,130,31,54,118,121,0,132,2,69,0,88,0,29,0,19,0,142,0,11,0,0,0,124,0,0,0,11,0,0,0,93,0,7,0,21,0,0,0,48,0,249,31,0,0,0,0,0,0,27,0,0,0,115,0,0,0,0,0,317,0,0,0,509,0,181,0,0,0,271,0,0,0,0,0,179,0,715,0,262,0,0,0,0,0,0,0,0,0,0,0,0,0,0,0,0,0,0,0,129,0,77,0,0,0,0,0,46,0,14,0,0,0,17,0,138,0,77,0,132,0,144,0,4,0,0,0,0,0,0,0,0,0,30,0,1,0,72,0,16,0,0,0,0,0,0,0,23,0,0,0,86,0,0,0,4,0,0,0,0,0,0,3,0,0,0,0,0,0,0,0,0,0,0,0,0,0,0,0,0,0,0,0,0,0,0,0,0,0,91,124,122,85,96,1,5,0,0,0,0,0,0,0,0
78,23,0,50,19,0,0,55,0,0,0,0,0,0,0,11,29,0,0,0,0,133,151,97,41,65,0,23,0,52,3,20,0,48,0,20,0,11,0,45,0,0,0,0,0,24,0,0,0,0,0,8,0,33,0,19,0,22,0,0,0,17,0,211,0,0,0,0,0,0,0,0,0,0,0,9,0,0,0,3,0,297,0,0,0,294,0,63,0,0,0,0,0,0,0,0,0,0,0,169,0,225,0,0,0,0,0,0,0,0,0,0,0,0,0,0,0,0,0,0,0,39,0,26,0,12,0,0,0,0,0,0,0,0,0,92,0,115,0,122,0,113,0,277,0,9,0,0,0,0,0,0,0,0,0,13,0,1,0,12,0,0,0,0,0,0,0,20,0,11,0,5,0,38,0,0,0,0,0,0,0,0,0,0,0,0,0,0,0,0,0,0,0,0,0,0,0,0,0,0,0,0,0,0,0,0,0,0,0,0,0,0,0,0,27,0,0,0,54,300,100,27,0,0,0
9,0,142,0,94,143,0,0,0,0,6,40,130,388,88,0,82,0,0,550,80,203,302,0,65,0,80,708,4,0,9,0,0,0,174,102,0,0,0,0,9,24,54,41,0,61,29,144,3,2,164,102,4,0,0,0,0,0,0,0,0,0,0,0,0,0,0,0,0,0,0,0,0,0,0,0,0,0,0,0,0,0,0,0,0,0,0,0,0,0,0,0,0,0,0,0,0,0,0,0,0,0,0,0,0,0,0,0,0,0,0,0,0,0,0,0,0,0,0,0,0,0,0,0,0,0,0,0,0,0,0,0,0,0,0,0,0,0,0,0,0,0,0,0,0,0,0,1,0,0,0,0,0,0,0,0,0,0,0,0,0,0,0,0,13,0,5,8,0,0,0,0,0,0,0,0,169,63,7,0,0,0,0,0,17,0,40,26,0,0,0,0,0,0,0,0,0,0,0,0,0,0,0,0,0,0,0,0,0,0,60,142,58,0,15,0,0,0,0,36,0,0,0,0,0
0,58,0,160,175,272,0,0,0,0,53,47,502,55,209,288,0,0,550,0,399,348,0,138,0,54,0,151,0,0,12,44,0,17,149,175,0,37,0,0,0,8,0,24,0,62,0,106,0,8,101,105,0,0,0,19,0,0,0,0,0,0,0,0,0,0,0,0,0,0,0,0,0,0,0,0,0,0,0,0,0,0,0,0,0,0,0,0,0,0,0,0,0,0,0,0,0,0,0,0,0,0,0,0,0,0,0,0,0,0,0,0,0,0,0,0,0,0,0,0,0,0,0,0,0,0,0,7,0,0,0,0,0,0,0,0,0,0,0,0,0,0,0,0,0,0,0,0,0,0,0,0,0,0,0,0,0,0,0,0,0,0,0,0,0,0,0,58,0,0,0,0,0,8,0,0,42,118,7,0,0,0,0,0,0,0,12,0,0,0,0,0,0,0,0,0,0,0,0,0,0,0,0,0,0,0,0,0,0,0,0,0,0,0,27,0,0,0,106,367,182,32,0,0,4
0,0,35,37,36,303,0,0,3,0,0,180,54,235,43,259,190,0,80,399,0,175,232,85,57,0,105,368,52,0,21,0,59,10,16,80,10,0,0,0,0,26,15,40,50,0,0,120,0,0,61,73,6,0,0,0,13,0,0,0,0,0,22,0,0,0,0,0,0,0,66,0,0,0,145,0,0,0,0,0,186,0,0,0,142,0,203,0,0,0,137,0,0,0,0,0,0,0,497,0,216,0,0,0,0,0,0,0,0,0,0,0,0,0,0,0,0,0,0,0,79,0,0,0,0,0,0,0,0,0,0,0,0,0,0,0,0,0,2,0,30,0,44,0,60,0,0,0,0,0,0,0,0,0,0,0,0,0,0,0,0,1,8,0,28,2,65,0,69,0,4,0,38,0,0,0,53,31,8,0,0,0,3,0,1,0,11,0,0,0,0,0,0,0,0,0,0,0,0,0,0,0,0,0,0,0,0,0,0,0,220,492,96,0,91,0,0,0,0,45,7,0,0,0,0
0,0,0,71,0,347,0,0,0,0,35,127,155,179,125,110,0,133,203,348,175,0,0,288,0,83,31,264,0,44,0,21,0,2,0,40,0,0,0,0,0,0,0,38,0,266,0,31,0,0,0,18,0,0,0,0,0,0,0,0,0,0,0,13,0,0,0,0,0,0,0,0,0,1,0,0,0,0,0,0,0,0,0,0,0,168,0,59,0,0,0,0,0,0,0,0,0,0,0,0,0,0,0,0,0,0,0,0,0,0,0,0,0,0,0,0,0,0,0,0,0,0,0,0,0,0,0,0,0,0,0,0,0,0,0,0,0,0,0,0,0,76,0,186,0,36,0,0,0,0,0,0,0,0,0,0,0,3,0,0,0,0,0,0,0,13,0,38,0,0,0,18,0,0,0,0,0,59,0,0,0,0,0,0,0,0,0,27,0,0,0,0,0,0,0,0,0,0,0,0,0,0,0,0,0,0,0,0,0,0,0,0,0,0,46,0,0,0,189,530,74,0,0,0,0
0,401,170,246,32,76,12,137,6,13,0,179,13,0,216,111,130,151,302,0,232,0,0,266,48,379,200,0,37,0,23,2,36,0,10,0,0,0,86,0,0,0,0,0,194,0,50,0,0,0,0,0,16,0,75,5,0,0,0,0,0,26,29,64,0,0,0,0,0,0,0,0,0,0,0,0,0,0,0,0,0,0,0,0,0,0,0,0,0,0,126,0,0,0,0,0,121,0,0,0,0,0,0,0,0,0,252,0,0,0,0,0,0,0,0,0,0,0,0,0,0,0,0,0,27,0,0,0,0,0,34,0,11,0,108,0,90,0,0,0,0,0,144,0,0,0,0,0,66,0,0,0,15,0,11,0,0,0,0,0,23,0,0,0,5,0,13,0,23,0,5,0,76,0,0,0,58,19,0,0,0,0,22,3,21,0,0,0,0,0,0,0,0,0,0,0,0,0,0,0,0,0,0,0,0,0,0,0,12,0,231,241,107,71,123,0,3,2,0,0,11,0,0,0,0
120,33,0,178,143,167,0,16,0,0,114,87,0,0,125,125,31,97,0,138,85,288,266,0,0,133,0,69,3,73,5,29,0,45,0,14,0,49,0,29,0,1,0,0,0,108,0,0,0,17,0,0,0,12,0,64,0,30,0,0,0,9,0,63,0,0,0,0,0,0,0,0,0,0,0,25,0,0,0,0,0,377,0,0,0,435,0,65,0,0,0,0,0,0,0,0,0,111,0,299,0,0,0,0,0,0,0,0,0,0,0,0,0,0,0,0,0,0,0,0,0,60,0,17,0,0,0,0,0,0,0,0,0,0,0,210,0,73,0,46,0,101,0,210,0,0,0,0,0,9,0,0,0,6,0,0,0,1,0,0,0,0,0,1,0,5,0,66,0,0,0,0,0,32,0,0,0,20,0,1,0,0,0,0,0,0,0,0,0,0,0,0,0,0,0,0,0,0,0,0,0,0,0,0,0,0,0,0,0,0,0,0,0,0,68,0,0,0,229,743,121,38,0,0,0
18,233,74,59,25,0,213,258,58,193,0,0,13,0,51,0,54,41,65,0,57,0,48,0,0,615,68,0,0,0,6,0,0,0,6,0,0,0,36,0,8,0,0,0,0,0,30,0,0,0,0,0,40,60,150,90,37,0,20,0,39,27,64,201,0,0,0,0,0,0,0,0,0,0,0,0,0,0,0,0,0,0,0,0,223,0,0,0,0,0,231,0,0,0,0,0,199,0,0,0,0,0,0,0,0,0,385,0,0,0,0,0,0,0,0,0,0,0,0,0,0,0,15,0,0,0,0,0,60,0,49,0,0,0,154,0,283,0,0,0,89,0,248,0,0,0,12,0,50,0,0,0,0,0,46,0,0,0,0,0,74,0,6,0,0,0,0,0,0,0,0,0,40,0,0,0,36,15,0,0,0,0,8,15,10,0,0,0,0,0,0,0,0,0,0,0,0,0,10,0,0,0,0,0,0,0,0,0,22,0,81,110,36,0,59,0,0,0,0,0,0,0,0,0,0
388,55,233,55,20,33,261,90,133,40,0,0,0,0,0,84,118,65,0,54,0,83,379,133,615,0,0,14,0,13,0,0,5,0,0,0,0,2,0,12,0,1,0,1,0,13,0,0,0,0,0,0,11,8,26,102,0,43,0,60,49,26,111,97,0,0,0,0,0,0,0,0,0,0,0,0,0,0,0,0,0,0,0,0,0,128,0,0,0,0,0,0,0,0,0,0,0,0,0,54,0,0,0,0,0,0,0,13,0,0,0,0,0,0,0,0,0,0,0,0,0,0,0,0,0,0,0,0,0,5,0,0,0,11,0,98,0,65,0,41,0,58,0,102,0,1,0,0,0,0,0,0,0,0,0,5,0,0,0,6,2,0,0,0,0,2,0,0,0,4,0,7,18,35,0,0,57,64,0,0,0,0,0,1,0,0,0,0,0,0,0,0,0,0,0,0,0,0,0,0,0,0,0,0,0,0,0,0,0,0,24,0,0,0,49,0,0,0,133,296,77,39,0,6,0
0,0,79,0,78,0,4,0,0,0,0,0,152,104,52,0,121,0,80,0,105,31,200,0,68,0,0,629,31,0,8,0,0,0,66,0,33,0,0,0,29,104,197,57,165,156,90,367,24,32,313,0,0,0,0,0,0,0,0,0,1,0,0,0,0,0,6,0,0,0,0,0,0,0,0,0,0,0,0,0,0,0,0,0,0,0,0,0,0,0,0,0,0,0,0,0,0,0,0,0,0,0,0,0,0,0,0,0,0,0,0,0,0,0,0,0,0,0,0,0,0,0,0,0,0,0,0,0,0,0,0,0,0,0,0,0,0,0,0,0,0,0,0,0,42,0,0,0,0,0,0,0,0,0,0,0,0,0,0,0,0,0,0,0,40,11,0,2,0,0,0,0,0,0,0,0,58,94,0,0,0,0,9,0,0,0,156,13,0,0,0,0,0,0,0,0,0,0,0,0,0,0,0,0,0,0,0,0,0,0,47,217,104,0,0,0,0,35,0,33,0,0,0,0,0
0,124,0,87,0,273,0,12,0,27,0,74,535,146,33,89,0,23,708,151,368,264,0,69,0,14,629,0,0,14,0,7,0,0,121,0,0,10,0,4,229,74,229,134,99,242,51,251,9,90,316,102,0,0,0,8,0,0,0,0,0,0,0,5,0,0,0,0,0,0,0,0,0,0,0,0,0,0,0,2,0,0,0,0,0,0,0,0,0,0,0,0,0,0,0,0,0,0,0,0,0,0,0,0,0,0,0,0,0,0,0,0,0,0,0,0,0,0,0,0,0,0,0,0,0,0,0,0,0,0,0,7,0,0,0,0,0,0,0,0,0,34,0,0,0,18,0,0,0,0,0,0,0,0,0,0,0,0,0,0,0,0,0,0,0,45,0,0,0,0,0,0,0,0,0,0,23,218,0,0,0,0,0,7,0,0,62,69,0,0,0,0,0,0,0,0,0,0,0,0,0,0,0,0,0,0,0,0,0,0,0,0,0,0,0,0,0,0,54,469,254,0,0,0,48
52,2,96,4,15,0,0,0,0,0,3,0,0,0,0,0,132,0,4,0,52,0,37,3,0,0,31,0,0,0,41,0,24,0,90,0,17,0,29,0,0,0,6,0,13,0,0,0,0,0,12,0,6,0,1,0,0,0,0,0,5,0,11,0,0,0,0,0,0,0,33,0,0,0,91,0,0,0,0,0,0,0,0,0,78,0,106,0,0,0,0,0,0,0,0,0,18,0,251,0,0,0,0,0,0,0,0,0,0,0,0,0,0,0,0,0,0,0,0,0,48,0,0,0,0,0,0,0,0,0,0,0,0,0,0,0,10,0,28,0,47,0,36,0,35,0,0,0,0,0,0,0,0,0,4,0,0,0,0,0,0,0,0,0,0,0,0,0,0,0,0,0,1,0,0,0,10,0,0,0,0,0,9,0,0,0,0,0,0,0,0,0,0,0,0,0,0,0,0,0,0,0,0,0,0,0,0,0,0,0,0,76,0,0,0,0,0,1,0,0,0,0,0,0,0
0,23,0,137,0,0,0,0,0,0,0,0,0,0,2,0,2,52,0,0,0,44,0,73,0,13,0,14,0,0,0,26,0,97,0,24,0,0,0,6,0,0,0,14,0,16,0,0,0,0,0,10,0,15,0,0,0,0,0,0,0,7,0,19,0,0,0,0,0,0,0,18,0,0,0,0,0,0,0,0,0,244,0,0,0,146,0,49,0,0,0,0,0,0,0,0,0,0,0,0,0,102,0,0,0,0,0,0,0,0,0,0,0,0,0,0,0,0,0,0,0,91,0,42,0,0,0,0,0,0,0,0,0,19,0,0,0,67,0,92,0,201,0,323,0,0,0,0,0,0,0,0,0,0,0,26,0,0,0,0,0,0,0,0,0,3,0,9,0,6,0,0,0,3,0,0,0,0,0,0,0,0,0,0,0,0,0,0,0,0,0,0,0,0,0,0,0,0,0,0,0,0,0,0,0,0,0,0,0,0,0,0,0,0,0,0,0,0,0,39,0,0,0,0,0
0,0,63,0,146,11,0,0,0,0,0,6,0,0,149,0,69,3,9,12,21,0,23,5,6,0,8,0,41,0,0,0,20,0,42,0,14,1,0,0,0,0,14,0,0,0,0,0,3,0,19,0,1,0,1,0,0,0,0,0,0,0,6,0,0,0,0,0,0,0,14,0,0,0,31,0,0,0,0,0,0,0,0,0,16,0,0,0,0,0,0,0,0,0,0,0,0,0,64,0,0,0,0,0,0,0,0,0,0,0,0,0,0,0,0,0,0,0,0,0,0,0,10,0,0,0,0,0,0,0,0,0,0,0,0,0,5,0,0,0,0,0,0,0,10,0,0,0,0,0,0,0,0,0,0,0,0,0,0,0,0,0,2,0,12,0,66,0,30,0,0,0,23,0,0,0,0,0,0,0,0,0,4,0,0,0,0,1,0,0,0,0,0,0,0,0,0,0,0,0,0,0,0,0,0,0,0,0,0,0,79,186,36,0,32,0,0,0,0,7,0,0,0,0,0
0,0,0,18,0,113,0,0,0,0,12,78,16,0,0,0,0,20,0,44,0,21,2,29,0,0,0,7,0,26,0,0,0,0,0,1,0,11,0,0,0,0,0,4,0,5,0,0,0,0,0,0,0,0,0,0,0,0,0,0,0,0,0,6,0,0,0,0,0,0,0,12,0,0,0,20,0,0,0,0,0,0,0,0,0,63,0,38,0,0,0,0,0,0,0,0,0,0,0,47,0,0,0,0,0,0,0,0,0,0,0,0,0,0,0,0,0,0,0,0,0,62,0,19,0,0,0,0,0,0,0,0,0,0,0,0,0,0,0,0,0,46,0,120,0,14,0,0,0,0,0,0,0,0,0,3,0,0,0,0,0,0,0,0,0,0,0,0,0,0,0,0,0,0,0,0,0,0,2,1,0,0,0,0,0,0,0,0,0,0,0,0,0,0,0,0,0,0,0,0,0,0,0,0,0,0,0,0,0,0,0,0,0,0,0,0,0,0,85,260,32,0,0,0,0
51,0,166,0,193,6,4,0,0,0,90,0,1,0,92,15,88,0,0,0,59,0,36,0,0,5,0,0,24,0,20,0,0,0,14,0,238,0,0,0,0,0,2,0,0,0,0,0,0,0,12,0,2,0,0,0,0,0,0,0,4,0,0,0,0,0,1,0,0,0,0,0,4,0,0,0,0,0,0,0,0,0,0,0,0,0,0,0,0,0,0,0,0,0,0,0,0,0,0,0,0,0,0,0,0,0,0,0,0,0,0,0,0,0,0,0,0,0,0,0,16,0,0,0,0,0,0,0,0,0,0,0,0,0,0,0,0,0,0,0,14,0,0,0,5,0,0,0,0,0,0,0,0,0,0,0,1,0,5,0,0,0,0,0,0,0,72,0,30,0,2,0,22,0,0,0,25,0,11,0,0,0,27,0,7,0,0,0,0,0,0,0,0,0,0,0,0,0,0,0,0,0,0,0,0,0,0,0,0,0,100,349,66,0,37,3,0,0,0,2,0,0,0,0,0
0,64,0,193,0,129,0,0,0,0,0,110,0,5,24,38,0,48,0,17,10,2,0,45,0,0,0,0,0,97,0,0,0,0,0,1,0,51,0,2,0,0,0,0,0,0,0,0,0,0,0,0,0,0,0,0,0,0,0,0,0,5,0,7,0,0,0,0,0,0,0,0,0,0,0,0,0,0,0,3,0,191,0,0,0,62,0,37,0,0,0,2,0,1,0,0,0,16,0,53,0,0,0,0,0,0,0,0,0,0,0,0,0,0,0,0,0,0,0,0,0,76,0,24,0,0,0,0,0,0,0,0,0,0,0,0,0,0,0,27,0,50,0,125,0,26,0,0,0,0,0,0,0,0,0,0,0,13,0,0,0,11,0,0,0,0,0,53,0,7,0,0,0,5,0,0,0,0,0,0,0,0,0,0,0,0,0,0,0,0,0,0,0,0,0,0,0,0,0,0,0,0,0,0,0,0,0,0,0,0,0,0,0,0,21,0,1,0,80,478,89,11,0,0,0
0,0,0,0,129,0,0,0,0,0,0,0,141,97,74,14,29,0,174,149,16,0,10,0,6,0,66,121,90,0,42,0,14,0,0,0,58,0,0,0,0,0,0,0,5,0,5,0,8,0,58,0,0,0,0,0,0,0,0,0,0,0,4,0,0,0,0,0,0,0,10,0,0,0,0,0,0,0,0,0,0,0,0,0,26,0,45,0,0,0,0,0,0,0,0,0,0,0,0,0,0,0,0,0,0,0,0,0,0,0,0,0,0,0,0,0,0,0,0,0,17,0,0,0,0,0,0,0,0,0,0,0,0,0,0,0,0,0,0,0,0,0,0,0,0,0,0,0,0,0,0,0,0,0,0,0,0,0,0,0,0,0,0,0,42,0,38,0,0,0,0,0,0,0,0,0,0,0,10,0,0,0,0,0,0,0,8,0,0,0,0,0,0,0,0,0,0,0,0,0,0,0,0,0,0,0,0,0,0,0,106,313,166,0,33,0,0,3,0,13,0,0,0,0,0
0,0,0,0,0,187,0,0,0,0,0,66,0,271,0,7,0,20,102,175,80,40,0,14,0,0,0,0,0,24,0,1,0,1,0,0,0,121,0,2,0,0,0,0,0,0,0,0,0,1,0,0,0,0,0,0,0,0,0,0,0,0,0,4,0,0,0,0,0,0,0,40,0,0,0,58,0,0,0,0,0,0,0,0,0,0,0,74,0,0,0,0,0,0,0,0,0,0,0,0,0,0,0,0,0,0,0,0,0,0,0,0,0,0,0,0,0,0,0,0,0,137,0,0,0,0,0,0,0,0,0,0,0,3,0,0,0,0,0,24,0,85,0,161,0,47,0,0,0,0,0,0,0,0,0,0,0,7,0,0,0,0,0,0,0,22,0,29,0,16,0,0,0,0,0,0,0,51,0,0,0,0,0,0,0,0,0,49,0,0,0,0,0,0,0,0,0,0,0,0,0,0,0,0,0,0,0,0,0,0,0,0,0,0,24,0,0,0,142,433,116,0,0,0,0
21,0,71,0,249,0,0,0,0,0,71,0,24,0,154,0,19,0,0,0,10,0,0,0,0,0,33,0,17,0,14,0,238,0,58,0,0,0,35,0,0,0,17,0,28,0,0,0,4,0,31,0,10,0,1,0,9,0,0,0,2,0,4,0,0,0,0,0,0,0,122,0,36,0,159,0,5,0,0,0,155,0,0,0,52,0,227,0,0,0,0,0,0,0,0,0,4,0,281,0,72,0,0,0,0,0,0,0,0,0,0,0,0,0,0,0,0,0,0,0,69,0,24,0,0,0,0,0,0,0,0,0,0,0,0,0,0,0,119,0,117,0,76,0,152,0,0,0,0,0,0,0,0,0,15,0,11,0,16,0,0,0,18,0,18,0,25,0,56,0,8,0,39,0,0,0,0,2,3,0,0,0,22,0,0,0,0,0,0,0,0,0,0,0,0,0,0,0,0,0,0,0,0,0,0,0,0,0,0,0,102,117,108,26,37,0,0,0,0,0,0,0,0,0,0
4,64,0,95,0,259,0,0,0,0,0,75,0,63,15,70,0,11,0,37,0,0,0,49,0,2,0,10,0,0,1,11,0,51,0,121,0,0,0,6,0,0,0,4,0,4,0,0,0,1,0,23,0,1,0,0,0,0,0,5,0,24,0,0,0,0,0,0,0,0,0,25,0,0,0,54,0,0,0,0,0,209,0,0,0,65,0,72,0,0,0,0,0,0,0,35,0,0,0,0,0,0,0,0,0,0,0,0,0,0,0,0,0,0,0,0,0,0,0,0,0,125,0,47,0,0,0,0,0,0,0,0,0,2,0,0,0,0,0,65,0,83,0,117,0,114,0,0,0,0,0,0,0,0,0,0,0,22,0,0,0,27,0,0,0,5,0,41,0,19,0,18,0,32,0,0,0,8,0,3,0,0,0,2,0,0,0,24,0,0,0,0,0,0,0,0,0,0,0,0,0,0,0,0,0,0,0,0,0,0,0,0,0,0,20,0,0,0,42,97,70,10,0,0,0
298,0,189,0,0,0,93,0,150,0,0,0,0,0,0,0,142,0,0,0,0,0,86,0,36,0,0,0,29,0,0,0,0,0,0,0,35,0,0,0,0,0,0,0,0,0,0,0,0,0,0,0,5,0,5,0,0,0,0,0,4,0,13,3,0,0,0,0,0,0,0,0,0,0,0,0,1,0,0,0,0,0,0,0,0,0,0,0,0,0,0,0,3,0,0,0,0,0,20,0,0,0,0,0,0,0,0,0,0,0,0,0,0,0,0,0,0,0,0,0,0,0,8,0,0,0,0,0,0,0,0,0,0,0,0,0,0,0,21,0,0,0,13,0,4,0,0,0,0,0,0,0,0,0,0,0,1,0,0,0,0,0,0,0,0,0,4,0,0,0,1,0,30,0,0,0,62,0,0,0,0,0,74,0,0,0,0,0,0,0,0,0,0,0,0,0,0,0,0,0,0,0,0,0,0,0,0,0,0,0,0,164,2,2,0,0,0,0,0,0,0,0,0,0,0
0,216,0,286,2,53,0,95,0,0,0,47,0,0,0,21,0,45,0,0,0,0,0,29,0,12,0,4,0,6,0,0,0,2,0,2,0,6,0,0,0,0,0,3,0,1,0,0,0,0,0,7,0,0,0,1,0,0,0,0,0,7,0,3,0,0,0,0,0,0,0,2,0,0,0,0,0,0,0,0,0,0,0,0,0,0,0,0,0,0,0,0,0,0,0,0,0,0,0,0,0,2,0,0,0,0,0,0,0,0,0,0,0,0,0,0,0,0,0,0,0,0,0,0,0,0,0,0,0,0,0,0,0,0,0,0,0,0,0,44,0,67,0,49,0,22,0,0,0,0,0,0,0,0,0,2,0,3,0,0,0,0,0,0,0,0,0,2,0,0,0,0,0,15,0,0,0,0,0,0,0,0,0,0,0,2,0,0,0,0,0,0,0,0,0,0,0,0,0,0,0,0,0,0,0,0,0,0,0,0,0,0,0,0,0,0,0,0,7,159,8,2,0,0,0
35,0,36,0,55,0,0,0,16,0,39,0,99,0,5,0,11,0,9,0,0,0,0,0,8,0,29,229,0,0,0,0,0,0,0,0,0,0,0,0,0,48,71,0,60,147,32,259,94,96,56,0,0,0,0,0,0,0,0,0,0,0,0,0,0,0,0,0,0,0,0,0,0,0,0,0,0,0,0,0,0,0,0,0,0,0,0,0,0,0,0,0,0,0,0,0,0,0,0,0,0,0,0,0,0,0,0,0,0,0,0,0,0,0,0,0,0,0,0,0,0,0,0,0,0,0,0,0,0,0,0,0,0,0,0,0,0,0,0,0,0,0,0,0,0,0,0,0,0,0,0,0,0,0,0,0,0,0,0,0,0,0,0,0,0,0,0,0,0,4,0,0,0,0,0,0,31,49,9,0,0,0,21,0,13,0,125,0,0,0,0,0,0,0,0,0,0,0,0,0,0,0,0,0,0,0,0,0,0,0,36,165,40,0,8,0,0,14,0,47,3,0,0,0,0
0,56,0,0,0,36,0,0,0,0,0,92,0,86,0,0,0,0,24,8,26,0,0,1,0,1,104,74,0,0,0,0,0,0,0,0,0,0,0,0,48,0,29,195,41,42,32,135,0,62,0,182,0,0,0,0,0,0,0,0,0,0,0,0,0,0,0,0,0,0,0,0,0,0,0,0,0,0,0,0,0,3,0,0,0,0,0,0,0,0,0,0,0,0,0,0,0,0,0,0,0,0,0,0,0,0,0,0,0,0,0,0,0,0,0,0,0,0,0,0,0,0,0,0,0,0,0,0,0,0,0,0,0,0,0,0,0,0,0,0,0,0,0,0,0,0,0,0,0,0,0,0,0,0,0,0,0,0,0,0,0,0,0,0,0,9,0,0,0,0,0,0,0,0,0,0,2,61,0,10,0,0,0,0,0,0,14,7,0,0,0,0,0,0,0,0,0,0,0,0,0,0,0,0,0,0,0,0,0,0,0,1,0,0,0,0,0,0,0,69,37,0,0,1,12
2,0,0,0,7,0,0,0,0,0,0,0,87,0,0,0,0,0,54,0,15,0,0,0,0,0,197,229,6,0,14,0,2,0,0,0,17,0,0,0,71,29,0,0,100,65,36,135,75,10,34,0,0,0,0,0,7,0,8,0,0,0,0,0,0,0,0,0,0,0,27,0,0,0,39,0,4,0,0,0,0,0,0,0,0,0,0,0,0,0,0,0,0,0,0,0,0,0,0,0,0,0,0,0,0,0,0,0,0,0,0,0,0,0,0,0,0,0,0,0,0,0,0,0,0,0,1,0,0,0,0,0,0,0,0,0,0,0,20,0,0,0,19,0,0,0,0,0,0,0,0,0,0,0,0,0,0,0,0,0,0,0,10,0,21,3,25,0,5,0,0,0,13,0,0,0,0,28,0,0,0,0,0,0,0,0,63,0,0,0,0,0,0,0,0,0,0,0,0,0,0,0,0,0,0,0,0,0,0,0,23,122,43,5,0,0,0,21,0,18,0,0,0,0,0
0,0,0,0,0,0,0,0,0,0,0,0,19,112,0,0,0,0,41,24,40,38,0,0,0,1,57,134,0,14,0,4,0,0,0,0,0,4,0,3,0,195,0,0,0,212,0,72,0,76,0,13,0,0,0,0,0,1,0,0,0,0,0,0,0,0,0,0,0,0,0,16,0,0,0,16,0,0,0,4,0,0,0,0,0,0,0,14,0,0,0,0,0,0,0,0,0,0,0,0,0,0,0,0,0,0,0,0,0,0,0,0,0,0,0,0,0,0,0,0,0,0,0,0,0,0,0,0,0,0,0,0,0,0,0,0,0,0,0,11,0,0,0,0,0,13,0,0,0,0,0,0,0,0,0,0,0,0,0,0,0,13,0,4,1,11,0,15,0,0,0,3,0,10,0,0,0,59,0,0,0,0,0,0,0,0,0,95,0,0,0,0,0,0,0,0,0,0,0,0,0,0,0,0,0,0,0,0,0,0,0,0,0,0,13,0,0,0,45,150,74,7,0,0,7
0,0,50,0,0,0,0,0,0,0,0,0,15,0,37,0,124,0,0,0,50,0,194,0,0,0,165,99,13,0,0,0,0,0,5,0,28,0,0,0,60,41,100,0,0,89,276,150,203,112,109,0,0,0,0,0,0,0,0,0,1,0,0,0,0,0,6,0,0,0,73,0,30,0,125,0,8,0,0,0,0,0,46,0,0,0,0,0,0,0,0,0,0,0,0,0,0,0,417,0,194,0,0,0,0,0,0,0,0,0,0,0,0,0,0,0,0,0,0,0,0,0,0,0,0,0,0,0,0,0,0,0,0,0,0,0,0,0,0,0,23,0,0,0,49,0,0,0,0,0,0,0,12,0,0,0,0,0,0,0,0,0,13,0,95,0,46,0,28,0,3,0,17,0,0,0,27,35,0,0,0,0,23,0,0,0,41,0,0,0,0,0,0,0,0,0,0,0,0,0,0,0,0,0,0,0,0,0,0,0,25,229,120,9,13,0,5,97,0,20,0,0,0,0,0
0,13,0,0,0,27,0,0,0,0,0,0,45,0,0,0,0,24,61,62,0,266,0,108,0,13,156,242,0,16,0,5,0,0,0,0,0,4,0,1,147,42,65,212,89,0,111,161,44,210,39,90,0,0,0,0,0,0,0,0,0,0,0,0,0,6,0,0,0,59,0,29,0,6,0,0,0,23,0,10,0,0,0,53,0,82,0,58,0,0,0,0,0,51,0,86,0,0,0,0,0,0,0,21,0,0,0,0,0,0,0,0,0,0,0,0,0,0,0,0,0,0,0,0,0,0,0,0,0,0,0,0,0,0,0,0,0,0,0,0,0,43,0,0,0,0,0,0,0,0,0,0,0,0,0,0,0,0,0,0,0,0,0,0,0,91,0,8,0,123,0,12,0,12,0,0,0,16,0,0,0,0,0,0,0,0,32,20,0,0,0,0,0,0,0,0,0,0,0,0,0,0,0,0,0,0,0,0,0,0,0,12,0,0,13,0,0,2,46,157,151,12,0,5,125
32,0,69,0,73,0,0,0,30,0,37,0,86,0,15,0,0,0,29,0,0,0,50,0,30,0,90,51,0,0,0,0,0,0,5,0,0,0,0,0,32,32,36,0,276,111,0,132,172,128,23,0,0,0,0,0,0,0,4,0,0,0,0,0,0,0,0,0,0,0,0,0,0,0,0,0,0,0,0,0,0,0,0,0,0,0,0,0,0,0,0,0,4,0,0,0,0,0,0,0,0,0,0,0,0,0,0,0,0,0,0,0,0,0,0,0,0,0,0,0,0,0,0,0,0,0,0,0,0,0,0,0,0,0,0,0,0,0,0,0,0,0,0,0,0,0,0,0,91,0,0,0,0,0,0,0,0,0,0,0,0,0,0,0,25,0,1,0,0,0,0,0,0,0,0,0,45,38,7,0,0,0,55,0,31,0,77,0,0,0,0,0,0,0,0,0,0,0,0,0,0,0,0,0,0,0,0,0,0,0,16,317,47,0,0,0,0,124,0,28,0,0,0,0,2
0,156,0,48,0,144,0,15,0,0,0,110,0,102,0,0,0,0,144,106,120,31,0,0,0,0,367,251,0,0,0,0,0,0,0,0,0,0,0,0,259,135,135,72,150,161,132,0,33,105,122,0,0,0,0,0,0,0,0,0,0,0,0,0,0,0,0,0,0,0,0,0,0,0,0,0,0,0,0,0,0,0,0,0,0,0,0,0,0,0,0,0,0,0,0,0,0,0,0,0,0,0,0,0,0,0,0,0,0,0,0,0,0,0,0,0,0,0,0,0,0,0,0,0,0,0,0,0,0,0,0,0,0,0,0,0,0,0,0,0,0,0,0,0,0,0,0,0,0,0,0,0,0,0,0,0,0,0,0,0,0,0,0,0,0,10,0,0,0,0,0,0,0,0,0,0,0,212,0,5,0,0,0,1,0,0,54,37,0,0,0,0,0,0,0,0,0,0,0,0,0,0,0,0,0,0,0,0,0,0,0,8,0,0,0,0,0,0,0,211,55,0,0,0,46
0,0,41,0,18,0,22,0,20,0,9,0,26,0,0,0,11,0,3,0,0,0,0,0,0,0,24,9,0,0,3,0,0,0,8,0,4,0,0,0,94,0,75,0,203,44,172,33,0,80,32,0,20,0,0,0,65,0,67,0,10,0,10,0,0,0,0,0,9,0,0,0,11,0,0,0,5,0,0,0,9,0,37,0,0,0,24,0,4,0,0,3,35,0,37,0,0,0,10,0,33,0,85,0,0,0,0,0,4,0,0,0,0,0,0,0,0,0,0,0,0,0,0,0,6,0,0,0,0,0,0,0,0,1,0,0,0,0,1,0,0,6,0,0,0,0,0,0,0,0,0,0,0,0,0,0,5,0,6,0,18,0,11,0,54,0,40,0,23,1,17,0,33,0,14,0,48,5,11,0,19,0,14,0,0,0,152,0,77,0,0,0,0,0,13,0,0,0,0,0,29,0,0,0,0,0,0,0,22,1,112,157,248,18,112,56,39,61,0,5,0,0,0,1,0
0,0,0,18,3,0,0,0,0,6,0,56,7,37,0,29,0,0,2,8,0,0,0,17,0,0,32,90,0,0,0,0,0,0,0,1,0,1,0,0,96,62,10,76,112,210,128,105,80,0,0,50,0,0,0,0,0,3,0,0,0,3,0,0,0,1,0,2,0,79,0,7,0,0,0,0,0,21,0,0,0,55,0,45,0,25,0,16,0,0,0,0,0,96,0,58,0,0,0,0,0,0,0,52,0,0,0,3,0,0,0,0,0,0,0,0,0,0,0,0,0,10,0,0,0,5,0,0,0,0,0,8,0,0,0,0,0,0,0,0,0,0,0,0,0,7,0,0,0,0,0,0,0,0,0,0,0,2,0,0,0,0,0,0,0,90,0,12,0,49,0,0,0,0,0,0,4,56,0,11,0,7,0,0,0,0,48,60,0,0,0,0,0,0,0,0,0,0,0,0,0,7,0,10,0,0,0,0,0,0,0,17,1,0,15,0,0,4,52,16,69,16,23,37,29
0,0,0,0,97,0,0,0,1,0,21,0,248,49,34,0,0,0,164,101,61,0,0,0,0,0,313,316,12,0,19,0,12,0,58,0,31,0,0,0,56,0,34,0,109,39,23,122,32,0,0,0,1,0,0,0,8,0,12,0,0,0,0,0,0,0,0,0,0,0,16,1,0,0,0,0,0,0,28,0,28,0,61,0,15,0,51,0,0,0,0,0,0,0,53,0,0,0,59,1,35,0,0,0,0,0,0,0,0,0,0,0,0,0,2,0,0,0,0,0,9,0,0,0,0,0,0,2,0,0,0,0,0,0,0,0,0,0,0,0,0,0,0,0,12,0,0,0,0,0,0,0,0,0,0,0,0,0,0,0,0,0,14,0,28,6,16,0,151,0,8,0,25,0,0,0,39,0,10,0,0,0,0,0,0,0,36,0,0,0,0,0,0,0,0,0,0,0,0,0,0,1,0,0,0,0,0,0,0,0,86,235,104,24,36,0,8,17,0,26,0,0,0,0,0
0,0,0,0,6,0,0,0,0,0,0,0,69,374,7,0,0,8,102,105,73,18,0,0,0,0,0,102,0,10,0,0,0,0,0,0,0,23,0,7,0,182,0,13,0,90,0,0,0,50,0,0,0,0,0,0,0,0,0,0,0,0,0,0,0,0,0,0,0,0,0,36,0,0,0,0,0,0,0,0,0,0,0,0,0,0,0,30,0,0,0,0,0,0,0,0,0,0,0,0,0,0,0,0,0,0,0,0,0,0,0,0,0,0,0,0,0,0,0,0,0,47,0,0,0,0,0,0,0,0,0,0,0,0,0,0,0,0,0,0,0,14,0,0,0,32,0,0,0,0,0,0,0,0,0,0,0,2,0,0,0,0,0,0,0,45,0,60,0,55,0,11,0,34,0,0,0,89,0,0,0,0,0,0,0,0,0,198,0,0,0,0,0,0,0,0,0,0,0,0,0,0,0,0,0,0,0,0,0,0,0,0,0,0,39,0,0,0,126,222,191,34,0,2,6
0,0,0,0,0,0,43,0,310,66,0,0,0,0,3,0,93,0,4,0,6,0,16,0,40,11,0,0,6,0,1,0,2,0,0,0,10,0,5,0,0,0,0,0,0,0,0,0,20,0,1,0,0,88,169,169,139,108,119,124,73,1,60,28,6,8,95,270,0,0,0,0,0,0,0,0,0,0,0,1,0,0,0,0,99,0,16,0,0,0,0,0,0,0,0,0,39,0,0,0,18,0,0,0,0,0,0,0,0,0,0,0,0,0,0,0,0,0,0,0,0,0,0,0,0,0,0,0,97,0,31,0,0,0,0,0,128,0,154,2,96,0,89,0,8,0,0,0,0,0,0,0,0,0,269,11,90,0,212,5,36,0,26,0,0,0,13,0,26,0,81,2,10,0,0,0,54,0,0,0,0,0,9,0,98,0,0,0,0,0,0,0,2,0,0,0,0,0,0,0,0,0,0,0,0,0,0,0,0,0,203,251,128,141,160,0,48,0,2,0,5,0,0,0,0
0,0,0,0,0,0,0,8,134,69,0,0,0,0,0,0,0,33,0,0,0,0,0,12,60,8,0,0,0,15,0,0,0,0,0,0,0,1,0,0,0,0,0,0,0,0,0,0,0,0,0,0,88,0,189,26,11,96,74,59,0,51,44,94,0,0,63,19,0,0,0,0,0,1,0,0,0,0,0,0,0,31,0,0,0,61,0,5,0,0,0,3,0,0,0,0,0,0,0,24,0,0,0,0,0,0,0,0,0,0,0,0,0,0,0,0,0,0,0,0,0,0,0,0,0,0,0,0,0,22,0,0,0,29,0,49,0,60,0,201,0,67,0,111,0,20,0,0,0,0,0,0,0,0,0,95,1,112,0,50,0,7,0,2,0,1,0,0,0,3,0,29,0,0,0,0,17,61,0,0,0,0,0,0,5,16,0,0,0,0,0,0,0,0,0,0,0,1,0,0,0,0,0,0,0,0,0,0,0,0,0,0,0,0,181,0,0,0,204,327,73,151,0,77,0
0,0,66,0,0,0,72,0,180,240,0,0,0,0,16,0,7,0,0,0,0,0,75,0,150,26,0,0,1,0,1,0,0,0,0,0,1,0,5,0,0,0,0,0,0,0,0,0,0,0,0,0,169,189,0,271,43,56,108,148,30,0,22,84,6,0,62,204,0,0,0,0,0,0,0,0,0,0,1,0,0,0,0,0,13,0,0,0,0,0,0,0,0,0,0,0,16,0,0,0,0,0,0,0,0,0,0,0,0,0,0,0,0,0,0,0,1,0,0,0,0,0,0,0,0,0,0,0,23,0,0,0,0,0,0,0,116,0,0,0,20,0,91,0,0,0,0,0,2,0,0,0,0,0,76,0,24,0,44,0,73,0,0,0,18,0,0,0,30,0,128,0,18,0,0,0,45,5,0,0,0,0,4,0,25,0,0,0,0,0,0,0,0,0,0,0,0,0,0,0,0,0,0,0,0,0,0,0,5,0,379,131,217,315,350,0,113,6,0,0,0,0,0,0,0
0,22,0,67,0,17,108,221,345,195,0,0,0,0,0,68,0,19,0,19,0,0,5,64,90,102,0,8,0,0,0,0,0,0,0,0,0,0,0,1,0,0,0,0,0,0,0,0,0,0,0,0,169,26,271,0,12,206,107,207,0,0,147,31,0,9,87,46,0,0,0,0,0,0,0,0,0,0,0,0,0,0,0,0,0,83,0,0,0,0,0,0,0,0,0,0,0,0,0,0,0,0,0,0,0,0,0,0,0,0,0,0,0,0,0,0,0,0,0,0,0,0,0,0,0,0,0,3,0,23,0,9,0,0,0,106,0,169,0,102,0,102,0,118,0,0,0,0,0,1,0,0,0,0,0,14,0,16,0,10,0,25,0,0,0,1,0,4,0,7,0,46,0,16,0,0,34,94,0,0,0,1,0,0,8,6,0,0,0,0,0,0,0,0,0,0,0,0,0,0,0,0,0,0,0,0,0,0,0,0,0,0,0,0,154,0,1,0,108,137,70,149,0,56,0
0,0,0,0,0,0,22,0,5,0,0,0,0,0,0,0,21,0,0,0,13,0,0,0,37,0,0,0,0,0,0,0,0,0,0,0,9,0,0,0,0,0,7,0,0,0,0,0,65,0,8,0,139,11,43,12,0,35,159,44,0,0,0,0,31,41,46,147,0,0,0,0,0,0,0,0,0,0,0,0,0,0,0,0,0,0,0,0,0,0,0,0,0,0,0,0,0,0,0,0,0,0,0,0,0,0,0,0,0,0,0,0,0,0,0,0,0,0,0,0,0,0,0,0,14,0,4,0,17,0,77,0,11,0,20,0,48,0,0,0,0,0,29,0,0,3,0,0,15,0,0,0,0,0,280,40,110,0,133,19,185,7,128,0,17,0,28,0,188,0,108,0,27,0,10,0,0,0,0,0,0,0,0,0,16,0,0,0,0,0,0,0,0,0,1,0,0,0,0,0,0,0,0,0,0,0,0,0,2,0,586,169,619,757,796,95,285,0,5,0,4,0,0,1,0
0,7,0,10,0,0,0,30,45,32,0,0,0,0,0,17,0,22,0,0,0,0,0,30,0,43,0,0,0,0,0,0,0,0,0,0,0,0,0,0,0,0,0,1,0,0,0,0,0,3,0,0,108,96,56,206,35,0,81,190,0,0,0,18,16,8,117,237,0,0,0,0,0,0,0,0,0,0,0,0,0,9,0,0,0,42,0,0,0,0,0,0,0,0,0,0,0,11,0,0,0,0,0,0,0,0,0,0,0,0,0,0,0,0,0,0,0,0,0,0,0,0,0,0,0,15,0,0,0,52,0,39,0,35,0,87,0,97,0,92,0,68,0,68,0,6,0,0,2,2,0,0,0,0,38,343,0,21,0,148,13,80,0,12,0,0,0,0,0,23,0,200,0,19,0,0,3,0,0,0,0,0,0,0,21,25,0,0,0,0,0,0,0,0,0,0,0,0,0,0,0,0,0,0,0,0,0,0,0,0,8,0,0,3,356,0,0,0,227,82,218,321,0,149,0
0,0,0,0,0,0,25,0,182,61,0,0,0,0,0,0,0,0,0,0,0,0,0,0,20,0,0,0,0,0,0,0,0,0,0,0,0,0,0,0,0,0,8,0,0,0,4,0,67,0,12,0,119,74,108,107,159,81,0,114,106,0,0,0,133,12,229,278,0,0,0,0,0,0,0,0,0,0,1,0,0,0,0,0,0,0,0,1,0,0,0,0,0,0,0,0,0,0,0,0,0,0,0,0,0,0,0,0,0,0,0,0,0,0,0,0,0,0,0,0,0,0,0,0,3,0,0,0,0,0,25,0,0,0,0,0,0,0,0,2,0,0,0,0,0,0,1,0,12,0,0,0,0,0,101,45,132,12,0,0,20,1,0,0,16,0,23,0,71,0,127,0,20,0,8,0,7,0,0,0,0,0,0,0,106,0,0,0,0,0,0,0,0,0,0,0,0,0,0,0,0,0,0,0,0,0,0,0,2,0,880,408,451,740,713,40,263,0,11,4,0,0,1,0,0
0,6,0,37,0,0,0,58,131,129,0,0,0,0,0,0,0,0,0,0,0,0,0,0,0,60,0,0,0,0,0,0,0,0,0,0,0,5,0,0,0,0,0,0,0,0,0,0,0,0,0,0,124,59,148,207,44,190,114,0,0,0,31,22,0,151,142,383,0,0,0,0,0,0,0,0,0,0,0,0,0,0,0,0,0,0,0,0,0,0,0,0,0,0,0,0,0,0,0,0,0,0,0,0,0,0,0,0,0,0,0,0,0,0,0,0,0,0,0,0,0,0,0,0,0,0,0,0,0,5,0,36,0,0,0,9,0,10,0,3,0,4,0,5,0,11,0,0,0,0,0,0,0,1,25,80,2,83,6,22,0,95,0,18,0,4,0,0,0,25,0,162,0,0,1,0,0,9,0,0,0,0,0,0,20,4,0,0,0,0,0,0,0,0,0,0,0,0,0,0,0,0,0,0,0,0,0,0,0,0,0,0,0,0,836,0,0,0,721,109,319,687,2,248,0
119,0,0,0,0,0,228,0,469,0,0,0,1,0,0,0,48,0,0,0,0,0,0,0,39,49,1,0,5,0,0,0,4,0,0,0,2,0,4,0,0,0,0,0,1,0,0,0,10,0,0,0,73,0,30,0,0,0,106,0,0,0,46,0,1,0,0,0,0,0,20,0,0,0,21,0,0,0,0,0,0,0,0,0,0,0,0,0,0,0,0,0,0,0,0,0,0,0,0,0,0,0,0,0,0,0,0,0,0,0,0,0,0,0,0,0,0,0,0,0,0,0,14,0,0,0,0,0,3,0,0,0,0,0,0,0,0,0,129,0,94,0,0,0,92,0,0,0,0,0,0,0,0,0,75,0,93,0,31,0,0,0,19,0,4,0,0,0,12,0,101,0,87,0,0,0,75,3,0,0,0,0,20,0,39,0,0,0,0,0,0,0,0,0,0,0,0,0,0,0,0,0,0,0,0,0,0,0,0,0,104,178,47,0,39,0,12,0,0,0,0,0,0,0,0
0,320,0,58,0,0,0,123,0,102,0,9,0,0,0,6,0,17,0,0,0,0,26,9,27,26,0,0,0,7,0,0,0,5,0,0,0,24,0,7,0,0,0,0,0,0,0,0,0,3,0,0,1,51,0,0,0,0,0,0,0,0,0,26,0,0,0,0,0,0,0,4,0,0,0,0,0,0,0,0,0,0,0,0,0,0,0,0,0,0,0,0,0,0,0,0,0,0,0,0,0,0,0,0,0,0,0,0,0,0,0,0,0,0,0,0,0,0,0,0,0,7,0,0,0,0,0,0,0,0,0,0,0,0,0,0,0,0,0,25,0,16,0,19,0,49,0,0,0,0,0,0,0,0,0,13,0,105,0,4,0,0,0,0,0,1,0,2,0,5,0,59,0,92,0,0,12,76,0,0,0,0,0,0,0,0,0,0,0,0,0,0,0,0,0,0,0,0,0,0,0,0,0,0,0,0,0,0,0,0,0,0,0,0,117,0,0,0,138,329,178,177,0,67,0
117,0,71,0,0,0,356,44,556,111,0,0,0,0,4,0,249,0,0,0,22,0,29,0,64,111,0,0,11,0,6,0,0,0,4,0,4,0,13,0,0,0,0,0,0,0,0,0,10,0,0,0,60,44,22,147,0,0,0,31,46,0,0,77,0,0,0,22,0,0,41,0,0,0,106,0,0,0,0,0,149,0,0,0,108,0,137,0,0,0,16,0,0,0,0,0,0,0,207,0,26,0,0,0,0,0,0,0,0,0,0,0,0,0,0,0,0,0,0,0,85,0,59,0,0,0,0,0,20,0,6,0,0,0,0,0,52,0,152,0,138,0,110,0,21,0,0,0,0,0,6,0,0,0,52,2,11,0,62,0,0,0,0,0,0,0,0,0,8,0,25,0,27,0,0,0,102,0,0,0,0,0,13,0,55,0,0,0,0,0,0,0,0,0,0,0,0,0,0,0,0,0,0,0,0,0,0,0,0,0,63,191,59,45,62,0,0,0,0,0,0,0,0,0,0
43,347,0,147,0,0,87,276,111,231,0,0,0,0,0,9,31,211,0,0,0,13,64,63,201,97,0,5,0,19,0,6,0,7,0,4,0,0,3,3,0,0,0,0,0,0,0,0,0,0,0,0,28,94,84,31,0,18,0,22,0,26,77,0,0,0,6,8,0,1,0,0,0,0,0,0,0,0,0,0,0,0,0,0,0,0,0,0,0,0,0,0,0,0,0,0,0,0,0,0,0,0,0,0,0,0,0,0,0,0,0,0,0,0,0,0,0,0,0,0,0,0,0,0,0,0,0,0,0,0,0,0,0,0,0,0,0,0,0,55,0,36,0,0,0,5,0,0,0,0,0,0,0,0,0,8,0,4,0,3,0,0,0,0,0,0,0,0,0,1,0,11,0,26,0,0,14,109,0,0,0,0,0,4,0,0,0,0,0,0,0,0,0,0,0,0,0,0,0,0,0,0,0,0,0,0,0,0,0,0,18,0,0,0,78,0,0,0,113,357,56,60,0,27,0
0,0,37,0,0,0,8,0,66,0,1,0,0,0,5,0,0,0,0,0,0,0,0,0,0,0,0,0,0,0,0,0,0,0,0,0,0,0,0,0,0,0,0,0,0,0,0,0,0,0,0,0,6,0,6,0,31,16,133,0,1,0,0,0,0,62,75,26,0,0,0,0,0,0,0,5,0,0,0,0,0,0,0,0,0,0,0,0,0,0,0,0,0,0,0,0,0,0,0,0,0,0,0,0,0,0,0,0,0,0,0,0,0,0,0,0,0,0,0,0,0,0,0,0,4,0,0,0,0,0,33,0,0,0,0,0,0,0,0,21,0,0,0,0,17,27,4,0,59,0,2,0,0,0,34,36,40,0,3,36,225,0,0,0,0,0,0,0,6,0,0,0,4,0,28,0,0,0,0,0,51,0,1,0,81,6,0,0,0,0,0,0,0,0,0,0,0,0,0,0,0,0,0,0,0,0,0,0,1,0,138,44,0,0,113,0,0,0,0,0,0,0,0,0,0
0,62,0,0,0,22,0,2,0,129,0,12,0,0,0,0,0,0,0,0,0,0,0,0,0,0,0,0,0,0,0,0,0,0,0,0,0,0,0,0,0,0,0,0,0,6,0,0,0,1,0,0,8,0,0,9,41,8,12,151,0,0,0,0,62,0,13,107,0,0,0,16,0,14,0,36,0,0,0,0,1,0,0,4,0,0,0,0,0,0,0,0,0,0,0,0,0,0,0,0,0,0,0,0,0,0,0,0,0,0,0,0,0,0,0,0,0,0,0,0,0,5,0,0,8,40,0,8,0,0,0,68,0,0,0,0,0,14,0,31,0,0,0,0,0,107,0,32,0,296,0,39,0,8,81,57,3,0,75,43,91,136,0,0,0,0,0,0,0,17,0,0,0,0,0,44,0,0,0,7,17,9,0,12,17,100,0,0,0,0,0,0,0,0,0,0,0,1,0,0,0,0,0,0,0,0,0,10,3,28,4,0,0,0,146,0,0,0,162,31,112,0,0,0,0
3,0,6,0,8,0,47,2,79,29,0,0,2,0,0,0,0,0,0,0,0,0,0,0,0,0,6,0,0,0,0,0,1,0,0,0,0,0,0,0,0,0,0,0,6,0,0,0,0,0,0,0,95,63,62,87,46,117,229,142,0,0,0,6,75,13,0,217,0,0,0,0,0,1,0,0,0,0,0,0,0,0,0,0,0,0,0,0,0,0,0,0,0,0,0,0,0,0,0,0,0,0,0,0,0,0,0,0,0,0,0,0,0,0,0,0,0,0,0,0,0,0,0,0,16,2,6,0,0,0,67,0,0,0,0,0,0,0,0,0,0,0,0,0,0,3,0,0,52,0,0,0,1,0,41,0,61,0,0,0,69,0,0,0,3,0,0,0,0,0,29,0,4,0,10,0,46,0,0,0,0,0,0,0,444,0,0,0,0,0,0,0,0,0,0,0,0,0,0,0,0,0,0,0,0,0,0,0,4,0,238,152,102,0,190,27,0,1,0,0,4,0,0,0,0
0,52,0,0,0,0,0,6,137,104,0,8,0,0,0,0,0,0,0,0,0,0,0,0,0,0,0,0,0,0,0,0,0,0,0,0,0,0,0,0,0,0,0,0,0,0,0,0,0,2,0,0,270,19,204,46,147,237,278,383,0,0,22,8,26,107,217,0,0,2,0,0,0,0,0,0,0,0,0,0,0,0,0,0,0,0,0,0,0,0,0,0,0,0,0,0,0,0,0,0,0,0,0,0,0,0,0,0,0,0,0,0,0,0,0,0,0,0,0,0,0,0,0,0,0,30,0,0,0,0,0,49,0,6,0,0,0,25,0,0,0,0,0,0,2,50,0,13,0,88,0,19,0,0,78,143,4,122,17,77,25,55,0,0,0,2,0,0,0,22,0,164,0,25,0,13,28,31,0,0,1,0,0,7,52,161,0,0,0,0,0,0,0,0,0,0,0,0,0,0,1,0,0,0,0,0,0,8,0,12,1,0,0,0,663,0,0,0,692,183,238,584,0,0,0
0,0,0,0,0,0,0,0,0,0,0,0,0,0,0,0,0,0,0,0,0,0,0,0,0,0,0,0,0,0,0,0,0,0,0,0,0,0,0,0,0,0,0,0,0,0,0,0,9,0,0,0,0,0,0,0,0,0,0,0,0,0,0,0,0,0,0,0,0,0,0,0,50,0,0,0,143,0,43,0,16,0,59,0,0,0,28,0,5,0,0,0,30,0,32,0,0,0,0,0,26,0,258,0,0,0,0,0,116,0,50,0,59,0,73,0,27,0,1,0,0,0,0,0,8,0,0,0,0,0,0,0,0,0,0,0,0,0,0,0,4,0,0,0,0,0,0,0,0,0,0,0,0,0,0,0,0,0,0,0,0,0,0,0,25,0,0,0,135,0,2,0,0,0,0,0,0,0,0,0,21,5,0,0,0,0,0,0,0,0,0,0,0,0,35,0,0,1,0,0,0,0,0,0,0,0,0,0,0,0,144,0,62,0,13,123,109,0,0,0,0,0,0,0,0
0,0,0,0,0,0,0,0,0,0,0,0,0,0,0,0,0,0,0,0,0,0,0,0,0,0,0,0,0,0,0,0,0,0,0,0,0,0,0,0,0,0,0,0,0,59,0,0,0,79,0,0,0,0,0,0,0,0,0,0,0,0,0,1,0,0,0,2,0,0,0,0,0,0,0,0,0,68,0,0,0,11,0,111,0,0,0,7,0,37,0,0,0,49,0,167,0,12,0,0,0,26,0,278,0,0,0,0,0,42,0,26,0,12,0,38,0,9,0,0,0,0,0,0,0,9,0,0,0,0,0,0,0,0,0,0,0,0,0,0,0,0,0,0,0,0,0,0,0,0,0,0,0,0,0,0,0,0,0,0,0,0,0,0,0,32,0,0,0,65,0,3,0,0,0,0,0,0,0,0,0,0,0,0,0,0,0,0,0,0,0,0,0,0,0,0,0,0,0,0,0,0,0,0,0,0,0,0,0,0,0,0,0,0,0,0,0,0,81,34,138,6,116,164,13
0,0,0,0,0,0,0,0,0,0,0,0,0,0,0,0,27,0,0,0,66,0,0,0,0,0,0,0,33,0,14,0,0,0,10,0,122,0,0,0,0,0,27,0,73,0,0,0,0,0,16,0,0,0,0,0,0,0,0,0,20,0,41,0,0,0,0,0,0,0,0,0,151,0,156,0,24,0,238,0,0,0,9,0,0,0,16,0,0,0,0,0,0,0,0,0,0,0,0,0,0,0,0,0,0,0,0,0,0,0,0,0,0,0,0,0,0,0,0,0,16,0,3,0,37,0,0,3,8,0,14,7,28,0,20,0,64,0,0,6,58,0,59,0,73,0,13,0,0,3,0,0,0,0,0,0,25,0,0,2,0,0,59,0,0,0,32,0,0,0,16,0,49,0,31,0,0,0,0,0,40,0,0,0,0,0,0,0,0,0,0,0,0,0,0,0,0,0,0,0,9,0,0,0,0,0,0,0,42,0,12,1,16,0,10,0,0,0,0,0,0,0,0,0,0
0,0,0,0,0,0,0,0,0,0,0,0,0,0,0,0,0,0,0,0,0,0,0,0,0,0,0,0,0,18,0,12,0,0,0,40,0,25,0,2,0,0,0,16,0,29,0,0,0,7,1,36,0,0,0,0,0,0,0,0,0,4,0,0,0,16,0,0,0,0,0,0,0,79,0,294,0,41,0,10,1,0,0,5,0,1,0,46,0,0,0,0,0,0,0,0,0,0,0,0,0,0,0,0,0,0,0,0,0,0,0,0,0,0,0,0,0,0,0,0,0,8,0,6,8,0,0,0,7,0,0,0,0,0,0,0,0,0,4,2,0,6,0,0,12,55,22,0,0,0,0,0,0,0,0,0,0,0,12,0,0,7,0,63,0,0,0,29,0,10,0,21,1,44,0,18,0,0,0,0,15,0,0,0,0,12,0,0,0,0,0,0,0,0,0,0,0,0,0,0,0,0,0,0,0,0,0,0,0,0,0,0,0,0,12,0,0,0,42,1,0,0,0,0,0
0,0,0,0,0,0,0,0,0,0,0,0,0,0,0,0,0,0,0,0,0,0,0,0,0,0,0,0,0,0,0,0,4,0,0,0,36,0,0,0,0,0,0,0,30,0,0,0,11,0,0,0,0,0,0,0,0,0,0,0,0,0,0,0,0,0,0,0,50,0,151,0,0,0,103,0,84,0,167,0,8,0,10,0,0,0,40,0,0,0,0,0,9,0,0,0,0,0,0,0,2,0,0,0,0,1,0,0,0,0,0,0,0,0,0,0,0,0,0,0,56,0,21,0,58,11,0,0,21,0,21,0,97,0,94,0,130,0,0,0,28,0,128,1,54,0,38,0,0,0,108,3,0,4,0,0,0,0,2,0,7,0,90,28,0,0,0,0,14,0,11,0,16,0,0,0,0,0,0,0,96,0,0,0,0,0,0,0,0,0,0,0,0,0,0,0,69,0,0,0,81,0,0,0,43,0,0,0,191,0,324,20,63,22,54,0,14,0,0,0,26,0,0,0,0
0,0,0,0,0,0,0,0,0,0,0,0,0,0,0,0,0,0,0,0,0,1,0,0,0,0,0,0,0,0,0,0,0,0,0,0,0,0,0,0,0,0,0,0,0,6,0,0,0,0,0,0,0,1,0,0,0,0,0,0,0,0,0,0,0,14,1,0,0,0,0,79,0,0,0,217,0,133,0,22,0,19,0,26,0,6,0,76,0,0,0,0,0,1,0,1,0,5,0,2,0,0,0,4,0,0,0,0,0,0,0,0,0,0,0,0,0,1,0,0,0,10,0,11,0,0,0,79,0,0,28,31,0,0,0,61,0,0,0,0,0,0,0,0,0,32,0,0,0,0,0,0,0,0,0,0,0,4,0,0,0,3,8,61,0,3,0,0,0,11,0,17,0,21,0,0,0,0,0,0,25,84,0,0,0,2,0,0,0,0,0,0,0,0,0,8,0,0,0,95,0,62,0,0,0,0,0,0,0,134,17,0,0,0,37,0,0,0,197,7,21,0,0,0,0
0,0,0,0,0,0,0,0,0,0,0,0,0,0,0,0,115,0,0,0,145,0,0,0,0,0,0,0,91,0,31,0,0,0,0,0,159,0,0,0,0,0,39,0,125,0,0,0,0,0,0,0,0,0,0,0,0,0,0,0,21,0,106,0,0,0,0,0,0,0,156,0,103,0,0,0,19,0,141,0,0,0,50,0,57,0,45,0,0,0,0,0,21,0,0,0,2,1,1,0,0,0,0,0,0,0,0,0,0,0,0,0,0,0,0,0,0,0,0,0,21,0,86,0,0,0,0,0,0,0,0,12,0,0,0,0,20,0,8,8,101,0,84,0,109,0,0,0,0,4,0,0,0,0,0,0,23,0,0,0,0,0,71,0,0,0,0,0,44,0,14,0,0,0,0,0,0,0,0,0,51,0,0,0,0,0,0,0,0,0,0,0,0,0,0,0,0,0,0,0,10,0,0,0,0,0,0,0,0,0,23,0,0,0,0,0,0,0,0,0,10,0,0,0,0
0,0,0,0,0,0,0,0,0,0,0,0,0,0,0,0,0,9,0,0,0,0,0,25,0,0,0,0,0,0,0,20,0,0,0,58,0,54,0,0,0,0,0,16,0,0,0,0,0,0,0,0,0,0,0,0,0,0,0,0,0,0,0,0,5,36,0,0,0,0,0,294,0,217,0,0,0,18,0,47,0,13,0,0,0,2,0,120,0,0,14,0,0,0,0,0,0,0,0,0,16,0,7,0,0,0,0,0,0,0,0,0,0,0,0,0,0,0,0,0,0,83,0,48,43,0,0,107,26,0,83,78,0,0,7,49,0,10,0,0,0,25,0,63,20,128,46,0,0,130,12,0,0,0,0,0,0,14,24,0,16,3,0,111,0,2,0,0,0,16,0,33,0,0,0,44,0,0,0,0,48,122,0,0,0,0,0,0,0,0,0,0,0,0,0,0,0,0,0,0,0,0,0,38,0,0,0,179,0,84,0,0,0,0,25,0,0,0,81,3,0,0,0,0,0
0,0,0,0,0,0,0,0,0,0,0,0,0,0,0,0,0,0,0,0,0,0,0,0,0,0,0,0,0,0,0,0,0,0,0,0,5,0,1,0,0,0,4,0,8,0,0,0,5,0,0,0,0,0,0,0,0,0,0,0,0,0,0,0,0,0,0,0,143,0,24,0,84,0,19,0,0,0,23,0,15,0,25,0,0,0,35,0,0,0,0,0,4,0,10,0,5,0,0,0,0,0,52,0,0,0,0,0,40,0,0,0,2,0,62,0,23,0,0,0,3,0,0,0,0,0,0,0,0,0,0,0,0,0,0,0,0,1,0,0,0,0,11,0,0,0,0,0,0,0,0,0,0,0,0,0,0,0,0,0,0,0,0,7,0,0,0,0,7,2,0,0,0,0,0,0,0,0,0,0,22,0,0,0,0,0,0,0,67,0,0,0,0,0,0,0,21,0,0,0,36,0,0,0,0,0,0,0,0,0,126,0,22,1,0,39,37,0,0,0,0,0,0,0,0
0,0,0,0,0,0,0,0,0,0,0,0,0,0,0,0,0,0,0,0,0,0,0,0,0,0,0,0,0,0,0,0,0,0,0,0,0,0,0,0,0,0,0,0,0,23,0,0,0,21,0,0,0,0,0,0,0,0,0,0,0,0,0,0,0,0,0,0,0,68,0,41,0,133,0,18,0,0,3,15,0,76,0,61,0,0,0,80,0,5,0,0,0,7,0,122,0,0,0,18,13,19,0,100,0,0,0,0,0,4,0,0,0,0,0,1,0,16,0,0,0,13,0,4,10,0,3,0,0,0,0,0,0,0,0,0,0,14,7,0,0,6,0,12,0,14,0,29,0,0,0,0,0,0,0,0,0,0,0,0,0,2,0,0,0,26,0,0,0,105,0,2,0,0,0,0,0,0,0,0,0,0,0,0,0,0,0,0,0,0,0,0,0,0,0,0,0,0,0,0,0,0,0,0,0,0,0,0,0,0,0,0,0,0,40,0,0,0,168,0,93,0,72,16,0
0,0,0,0,0,0,0,0,0,0,0,0,0,0,0,0,0,0,0,0,0,0,0,0,0,0,0,0,0,0,0,0,0,0,0,0,0,0,0,0,0,0,0,0,0,0,0,0,0,0,28,0,0,0,1,0,0,0,1,0,0,0,0,0,0,0,0,0,43,0,238,0,167,0,141,0,23,3,0,0,0,0,116,0,0,0,22,0,0,0,0,0,43,0,0,0,7,0,0,0,0,0,20,0,0,0,0,0,6,0,0,0,0,0,11,0,0,0,0,0,107,0,40,0,0,0,0,2,0,0,0,0,0,0,0,0,0,0,3,0,39,11,84,0,51,0,0,0,0,0,0,0,14,0,0,0,0,0,0,0,0,0,21,0,0,0,0,0,37,0,0,0,0,0,0,0,0,0,0,0,0,0,0,0,0,0,0,0,0,0,0,0,0,0,0,0,0,0,0,0,140,7,0,0,0,0,0,0,110,0,277,20,49,0,0,22,0,0,10,0,0,0,0,0,0
0,0,0,0,0,0,0,0,0,0,0,0,0,0,0,0,0,3,0,0,0,0,0,0,0,0,0,2,0,0,0,0,0,3,0,0,0,0,0,0,0,0,0,4,0,10,0,0,0,0,0,0,1,0,0,0,0,0,0,0,0,0,0,0,0,0,0,0,0,0,0,10,0,22,0,47,0,15,0,0,1,5,0,0,0,2,0,37,0,0,0,0,0,0,0,0,0,0,0,0,0,0,0,0,0,0,0,0,0,0,0,0,0,0,0,0,0,0,0,0,0,2,0,5,0,0,0,0,12,0,12,0,0,0,0,0,0,0,6,2,0,6,0,0,0,20,0,0,0,0,0,0,0,0,0,0,0,0,0,1,0,0,0,14,0,0,0,0,0,0,0,0,0,0,0,0,0,0,0,0,0,0,0,0,0,0,0,0,0,0,0,0,0,0,0,0,0,0,0,0,0,0,0,0,0,0,0,0,0,0,0,0,0,0,0,0,0,0,5,0,0,0,0,0,0
