0,341,69,177,119,0,25,82,70,0,150,12,173,0,61,51,20,90,17,0,12,6,22,82,1,63,21,2,30,3,13,0,92,1,0,0,100,4,283,2,74,0,3,0,11,0,12,0,10,0,0,0,0,0,1,0,0,0,0,0,10,5,7,4,6,0,0,0,0,0,0,0,1,0,0,0,0,0,0,0,0,0,0,0,0,0,0,0,0,0,0,0,0,0,0,0,0,0,0,0,0,0,1,0,0,0,0,0,0,0,0,0,0,0,1,0,0,0,0,0,0,0,0,0,4,0,8,0,0,0,3,0,0,0,0,0,0,0,0,0,0,0,1,0,0,0,0,0,18,0,29,0,22,0,1,0,1,0,0,0,0,0,1,0,0,1,48,0,39,0,2,0,98,4,7,0,143,92,10,1,60,0,17,1,63,0,12,0,0,0,0,0,0,0,0,0,0,0,0,0,0,0,1,0,0,0,0,0,2,2,0,0,0,0,33,2,0,0,3,0,219,10,14,1,28,0,116,6,240,11,160,0,87,15,21,0,23,0,133,2,75,0,62,0,299,9,0,0,0
341,0,152,22,39,216,193,40,70,54,0,225,0,66,15,37,107,83,0,116,9,14,239,38,149,5,0,148,4,38,3,14,0,132,0,0,0,363,8,251,0,98,0,9,0,10,0,52,0,0,0,6,0,4,0,9,1,0,0,18,2,78,2,23,0,69,0,27,0,0,0,2,0,0,0,0,0,0,0,0,0,0,0,0,0,0,0,0,0,0,0,0,0,0,0,0,0,0,0,0,0,0,0,0,0,0,0,4,0,0,0,0,0,0,1,0,0,0,0,5,0,0,0,0,0,5,0,14,0,0,0,9,0,0,0,46,0,26,0,0,0,3,0,3,0,0,0,12,0,59,0,128,0,73,0,0,0,7,0,1,0,5,0,0,0,19,0,22,0,27,0,10,6,167,0,37,38,270,0,16,0,91,3,31,0,110,0,2,0,0,0,0,0,0,0,0,0,8,0,11,0,19,0,0,0,0,0,12,0,31,0,13,0,6,4,44,0,6,0,0,0,378,0,15,2,16,3,87,6,286,0,128,0,455,0,28,0,22,0,66,0,22,0,21,5,389,0,0,0
69,152,0,85,185,39,69,20,20,0,34,0,69,0,275,57,57,49,94,0,89,0,316,57,29,11,58,0,101,2,42,0,165,3,0,0,86,0,373,0,23,0,11,0,24,0,9,0,0,0,10,0,6,0,20,0,21,0,0,0,3,0,0,1,13,0,0,0,0,0,0,0,0,0,0,0,0,0,0,0,0,0,0,0,0,0,0,0,4,0,0,0,0,0,0,0,0,0,0,0,0,0,0,0,0,0,0,1,0,0,0,0,0,0,1,0,0,0,0,0,0,0,0,0,11,0,19,0,0,0,6,0,0,0,94,0,19,0,0,0,0,0,68,0,0,0,22,0,51,0,88,0,22,1,7,0,0,0,0,0,0,0,3,0,0,0,106,0,54,0,11,0,153,0,0,0,48,39,0,1,21,0,2,0,32,0,0,0,0,0,0,0,0,0,0,0,2,0,0,0,13,0,0,0,0,0,0,0,77,0,0,2,0,0,38,4,0,0,3,0,255,10,20,0,37,0,54,4,263,0,93,0,0,8,0,3,21,3,68,1,34,1,43,0,245,0,0,0,0
177,22,85,0,51,76,24,72,5,2,31,4,0,3,0,482,34,119,2,243,9,89,183,448,0,166,0,42,0,99,0,38,3,203,0,3,0,137,4,258,0,0,0,12,0,0,0,6,0,1,0,4,0,0,0,54,0,6,0,8,1,11,0,0,2,0,0,0,0,0,0,0,0,0,0,0,0,0,0,0,0,0,0,0,0,19,0,5,0,0,0,0,0,0,0,0,0,0,0,7,0,0,0,0,0,0,0,0,0,0,0,0,0,0,1,0,0,0,0,0,0,0,0,0,0,1,0,6,0,0,4,9,0,0,0,121,0,45,0,3,2,0,0,23,4,0,0,0,0,3,2,0,0,0,0,5,0,0,0,2,0,5,0,1,0,0,0,24,2,16,0,7,0,73,1,0,8,41,0,2,1,0,0,0,0,0,0,0,0,0,0,0,0,0,0,0,0,2,0,8,0,23,0,0,0,0,0,0,0,9,0,0,0,1,0,10,0,0,0,0,0,212,0,0,0,4,0,26,5,199,0,35,0,130,0,11,0,5,2,14,0,5,0,0,2,61,0,0,0
119,39,185,51,0,160,25,2,17,0,76,128,231,76,201,260,9,7,98,54,113,43,66,34,0,0,133,19,3,0,102,21,126,10,98,7,251,21,0,4,172,0,37,3,30,0,49,0,12,0,89,4,0,0,2,0,0,0,0,0,0,0,0,0,15,0,0,0,0,0,0,0,0,0,0,0,0,0,0,0,3,0,0,0,0,0,0,0,4,0,0,0,0,0,0,0,0,0,0,0,0,0,0,0,0,0,0,0,0,0,0,0,0,0,3,0,0,0,0,0,0,0,0,0,0,0,3,0,0,0,5,0,0,0,0,0,0,0,0,0,0,0,0,0,0,0,8,0,30,0,50,0,35,0,3,0,5,0,0,0,0,1,0,0,34,0,194,0,144,0,0,0,58,0,21,0,183,54,19,0,61,0,7,0,42,0,5,0,0,0,0,0,0,0,3,0,3,0,0,0,0,0,0,0,0,0,0,0,0,0,0,0,2,0,0,2,0,0,0,0,250,0,20,0,115,0,121,0,294,0,108,0,0,0,0,0,19,0,40,0,0,0,20,0,195,0,0,0,0
0,216,39,76,160,0,0,64,0,16,97,148,98,43,263,74,0,3,63,155,76,164,35,30,0,9,5,113,0,4,7,121,0,125,0,39,12,125,0,5,2,67,0,24,1,15,0,41,0,2,0,32,0,0,0,7,0,0,0,0,0,0,0,0,0,23,0,2,0,0,0,1,0,0,0,0,0,0,0,0,0,0,0,2,0,15,0,0,0,0,0,0,0,1,0,8,0,15,0,0,0,8,0,0,0,18,0,0,0,0,0,0,0,0,0,0,0,0,0,0,0,0,0,0,0,0,0,7,0,0,0,4,0,2,0,73,0,27,0,0,1,0,0,0,0,0,0,0,0,19,0,59,0,18,0,0,0,6,0,0,0,0,0,0,0,25,4,65,0,0,0,3,0,39,0,5,14,204,17,8,0,25,0,0,0,44,0,6,0,0,0,4,0,0,0,0,0,0,0,15,0,39,0,0,0,0,0,5,0,18,0,0,0,1,1,11,0,0,0,11,6,164,0,0,0,77,6,56,0,192,0,36,0,110,0,10,0,14,1,8,0,0,0,0,0,60,0,0,0
25,193,69,24,25,0,0,75,65,146,10,0,0,0,15,0,3,37,0,0,4,0,25,7,135,77,0,0,101,0,0,0,1,0,0,0,9,0,229,0,11,0,0,0,5,0,3,0,4,0,1,0,42,5,67,17,6,0,0,0,197,0,144,21,26,0,5,0,0,0,0,0,0,0,0,0,0,0,0,0,0,0,0,0,0,0,0,0,0,0,0,0,0,0,0,0,1,0,0,0,0,0,0,0,5,0,0,0,0,0,0,3,0,0,2,0,1,0,0,0,0,0,0,0,17,0,21,0,14,0,17,1,3,0,40,1,11,0,12,0,0,0,15,1,0,0,15,1,13,0,24,0,0,0,6,0,4,0,0,0,11,0,0,0,0,0,4,0,18,0,82,0,122,0,0,0,13,38,0,0,0,0,1,9,9,2,0,0,0,0,0,0,0,0,0,0,0,0,0,0,0,0,0,0,0,0,0,0,33,0,0,0,0,0,120,4,0,0,8,0,173,5,47,0,68,2,95,8,194,5,52,0,204,0,33,2,8,0,193,0,73,0,53,0,459,4,0,0,0
82,40,20,72,2,64,75,0,150,22,0,32,0,3,0,25,23,21,0,46,0,42,17,33,87,208,0,19,0,90,0,18,0,31,0,0,0,163,0,213,0,17,0,0,1,4,0,0,0,1,0,0,4,23,10,95,0,13,0,10,0,216,14,98,0,8,0,9,0,0,0,0,0,0,0,0,0,0,0,0,0,0,0,0,0,6,0,0,0,0,0,0,0,0,0,0,0,0,0,0,0,0,0,0,0,8,0,0,0,0,0,0,0,0,3,0,0,0,0,0,0,0,0,0,0,4,0,20,0,0,1,42,0,11,0,74,0,50,0,0,0,0,0,10,0,0,0,0,0,27,0,0,0,5,0,7,0,0,0,3,2,23,0,0,0,4,0,0,0,13,1,27,0,60,2,0,7,18,0,0,0,0,0,0,0,0,0,0,0,0,0,0,0,0,0,0,0,0,0,0,0,14,0,0,0,0,0,2,0,49,0,0,0,7,1,54,0,1,0,8,6,350,1,18,0,25,6,30,6,152,0,28,1,287,4,23,0,0,3,32,0,8,0,0,6,206,0,0,0
70,70,20,5,17,0,65,150,0,617,25,0,26,0,16,0,0,65,9,0,0,0,3,0,40,174,8,1,8,0,0,0,0,0,0,0,2,0,44,1,30,0,1,0,4,0,3,0,5,0,3,0,36,17,117,130,3,6,168,22,247,10,168,73,138,0,42,47,0,0,0,0,0,0,0,0,0,0,1,0,1,0,0,0,0,0,2,0,0,0,0,0,0,0,5,0,3,0,5,0,0,0,0,0,0,0,0,0,0,0,0,1,0,0,0,0,0,0,0,0,0,0,0,0,28,0,25,0,0,0,18,0,4,0,4,0,0,0,4,0,4,0,0,1,0,0,22,0,60,0,51,0,18,0,9,2,5,0,2,0,9,0,0,0,0,0,0,0,12,0,91,0,95,0,34,0,205,95,1,0,12,0,9,41,26,12,0,0,0,0,0,0,0,0,0,0,0,0,0,0,3,0,0,0,0,0,0,0,14,0,0,0,3,0,65,0,0,0,1,0,81,3,27,0,37,1,119,5,226,9,19,0,99,6,26,0,11,0,186,4,40,0,36,0,355,0,0,0,0
0,54,0,2,0,16,146,22,617,0,0,15,0,5,0,3,14,0,0,8,0,1,0,0,222,18,0,11,0,0,0,0,0,0,0,1,0,9,0,30,0,0,0,0,0,0,0,0,0,1,0,1,31,26,83,97,7,5,25,40,0,167,68,166,0,174,38,55,0,0,0,0,0,0,0,0,0,0,0,0,0,0,0,0,0,0,0,0,0,0,0,0,0,0,0,0,0,0,0,0,0,0,0,0,0,17,0,7,0,0,0,0,0,1,2,0,0,0,0,0,0,0,0,0,0,24,0,54,0,0,0,45,0,1,0,66,0,39,0,1,0,0,0,4,0,0,0,19,0,115,0,69,0,45,0,0,0,0,0,0,0,11,0,0,0,0,0,0,0,11,0,31,0,48,14,0,37,239,0,0,0,4,3,47,9,30,0,0,0,1,0,0,0,0,0,0,0,3,0,12,0,17,0,0,0,0,0,12,0,130,0,0,0,0,0,68,0,0,0,3,4,110,0,5,0,19,4,64,0,151,0,0,0,188,0,18,1,0,0,56,1,19,0,12,2,224,0,0,0
150,0,34,31,76,97,10,0,25,0,0,34,325,0,31,139,12,0,12,12,45,9,4,22,0,0,0,0,0,0,43,4,103,5,5,2,115,0,14,0,117,1,10,0,18,0,8,0,20,0,12,0,0,0,0,0,0,0,0,0,0,0,0,0,2,0,0,0,0,0,0,0,0,0,0,0,0,0,0,0,0,0,0,0,0,0,0,0,0,0,0,0,0,0,0,0,0,0,0,0,1,0,0,0,0,0,0,0,0,0,0,0,0,0,0,0,0,0,0,0,0,0,0,0,0,0,0,0,0,0,0,0,0,0,0,0,0,0,1,0,0,0,0,0,0,0,0,0,0,0,23,0,21,0,0,0,0,0,1,0,0,0,0,0,0,0,30,0,27,0,2,0,9,0,20,0,118,23,43,0,76,0,27,0,18,0,50,0,0,0,0,0,0,0,0,0,0,0,0,0,0,0,0,0,0,0,0,0,1,0,0,0,0,0,0,0,2,0,2,2,120,11,0,0,37,0,67,0,78,5,61,0,38,4,0,1,9,0,14,0,8,0,9,0,99,2,0,0,0
12,225,0,4,128,148,0,32,0,15,34,0,24,302,215,15,0,0,35,84,39,48,67,33,0,0,7,142,0,15,5,40,0,110,2,7,0,84,0,40,1,352,0,7,0,11,0,92,0,6,0,6,0,0,0,9,0,0,1,1,0,0,0,0,0,11,0,1,0,0,0,0,0,0,0,0,0,0,0,0,0,0,0,0,0,0,0,0,0,0,0,0,0,0,0,3,0,0,0,0,0,0,0,0,0,0,0,0,0,0,0,0,0,0,0,0,0,0,0,0,0,0,0,0,0,0,0,0,0,0,0,4,0,0,0,14,0,0,0,0,0,0,0,0,0,0,0,0,0,17,0,80,0,45,0,0,0,0,0,1,0,0,0,0,0,0,0,30,0,13,0,4,0,22,0,34,9,197,5,10,0,73,0,18,0,45,0,11,0,0,0,0,0,0,0,0,0,11,0,0,0,0,0,0,0,0,0,0,0,0,0,0,0,0,0,13,0,0,0,6,6,132,0,16,0,38,3,73,0,140,0,57,0,92,0,0,0,13,0,7,0,9,0,8,5,71,0,0,0
173,0,69,0,231,98,0,0,26,0,325,24,0,405,44,47,2,0,74,299,51,34,48,0,0,0,78,319,0,1,10,32,8,0,42,26,77,39,0,0,369,29,135,24,70,37,62,21,26,0,106,33,0,0,0,0,0,0,1,0,0,0,0,0,7,0,0,0,0,0,0,0,0,0,0,0,0,0,0,0,0,0,0,0,0,0,0,0,0,0,0,0,0,0,0,0,0,0,0,0,0,0,0,0,0,0,0,0,0,0,0,0,0,0,0,0,0,0,3,0,0,0,0,0,0,0,3,0,1,0,2,0,0,0,0,0,0,0,0,0,0,0,0,0,0,0,7,0,6,0,45,0,27,0,0,0,0,0,0,0,0,0,0,0,39,2,0,0,0,0,0,0,0,0,40,0,190,30,109,0,85,0,29,0,47,0,43,4,0,0,0,0,0,0,0,0,0,0,0,0,0,0,0,0,0,0,0,0,13,0,0,0,0,0,0,0,0,0,54,19,21,0,10,2,236,11,34,2,39,0,10,0,0,6,0,0,5,0,0,0,0,0,0,0,0,0,0,0,0
0,66,0,3,76,43,0,3,0,5,0,302,405,0,64,0,0,0,180,73,76,101,0,0,0,0,254,44,0,0,3,34,0,1,10,56,13,80,0,0,121,231,21,98,23,55,28,74,0,10,24,171,0,0,0,3,0,0,0,0,0,0,0,0,0,3,0,0,0,0,0,0,0,0,0,0,0,0,0,0,0,0,0,0,0,0,0,0,0,0,0,0,0,0,0,0,0,0,0,0,0,0,0,0,0,0,0,0,0,0,0,0,0,0,0,0,0,0,0,0,0,0,0,0,0,1,0,0,0,0,0,0,0,0,0,0,0,5,0,0,0,0,0,0,0,0,0,0,0,0,0,25,0,0,0,0,0,1,0,0,0,0,0,0,2,51,0,8,0,39,0,2,0,4,0,17,0,417,11,39,0,47,0,0,0,11,4,52,0,0,0,0,0,0,0,0,0,0,0,0,0,0,0,0,0,0,0,0,0,0,0,0,0,0,0,1,0,0,16,82,0,9,0,29,38,186,5,11,0,44,0,10,0,14,0,5,0,2,0,0,0,0,0,0,0,0,0,0,0
61,15,275,0,201,263,15,0,16,0,31,215,44,64,0,328,24,0,278,62,350,49,347,9,20,0,180,0,3,0,186,23,56,29,120,5,164,30,0,0,3,0,38,2,26,4,9,0,0,0,42,2,0,0,0,0,0,0,0,0,0,0,5,0,6,0,0,0,0,0,8,0,0,0,0,0,2,1,0,0,0,0,0,0,9,0,0,0,5,0,22,0,0,0,0,0,48,0,19,0,0,0,0,1,0,0,31,0,0,0,0,0,0,0,0,0,0,0,0,0,0,0,0,0,8,0,5,0,0,0,10,0,0,0,68,0,0,0,5,0,0,0,72,0,0,0,15,0,53,0,70,0,0,0,2,0,0,0,0,0,2,0,0,0,21,0,51,0,36,0,1,0,14,0,0,0,63,43,8,0,20,0,0,0,41,0,0,0,0,0,0,0,0,0,0,0,0,0,33,0,23,0,0,0,0,0,0,0,58,0,1,0,0,0,0,0,0,0,0,0,35,15,0,0,29,6,31,0,77,0,23,0,13,0,0,0,0,0,4,0,6,1,3,0,42,0,0,0,0
51,37,57,482,260,74,0,25,0,3,139,15,47,0,328,0,11,26,22,272,79,299,165,95,0,110,0,78,0,0,16,147,14,97,1,8,6,56,0,1,1,0,0,12,1,7,0,0,1,0,0,12,0,0,0,19,0,6,0,0,0,0,0,5,0,12,0,0,0,0,0,0,0,0,0,0,0,3,0,0,0,0,0,0,0,108,0,0,0,15,0,0,0,0,0,0,0,92,0,70,0,53,0,0,0,9,0,0,0,0,0,0,0,0,0,0,0,0,0,0,0,0,0,0,0,0,0,8,0,0,0,3,0,0,0,138,0,42,0,0,0,17,0,48,0,0,0,0,0,13,0,22,0,0,0,6,0,7,0,0,0,1,0,0,0,0,0,21,0,19,0,0,0,11,0,1,12,43,12,23,0,0,0,0,0,13,0,0,0,0,0,0,0,0,0,0,0,0,0,0,0,32,0,0,0,0,0,6,0,9,0,0,0,0,0,9,0,0,0,1,15,27,0,3,0,13,9,60,10,50,0,30,0,37,0,0,0,6,0,11,0,0,1,4,0,31,0,0,0
20,107,57,34,9,0,3,23,0,14,12,0,2,0,24,11,0,21,62,0,343,0,81,9,207,23,52,0,397,0,183,0,171,0,10,0,14,0,237,0,0,0,15,0,50,0,1,0,3,0,0,0,142,0,4,0,9,0,0,0,30,3,518,0,0,0,0,0,0,0,23,0,0,0,20,0,0,0,0,0,260,0,7,0,93,0,78,0,0,0,158,0,0,0,43,0,200,0,378,0,42,0,10,0,0,0,91,0,0,0,0,0,0,0,0,0,0,0,0,0,78,0,50,0,0,0,0,0,46,0,0,0,6,0,12,0,111,0,115,0,71,0,237,0,5,1,0,0,0,0,0,1,1,0,29,0,0,0,19,0,2,0,0,0,0,0,2,0,17,0,7,0,43,1,0,0,0,7,0,0,1,0,22,0,0,0,0,0,0,0,0,0,0,0,0,0,0,0,11,0,17,0,0,0,0,0,0,0,14,0,0,0,0,0,0,0,0,0,0,0,71,6,3,0,19,1,59,0,41,6,10,0,0,3,0,1,0,0,17,0,14,0,4,0,45,1,0,0,0
90,83,49,119,7,3,37,21,65,0,0,0,0,0,0,26,21,0,0,7,1,106,47,113,49,85,0,4,2,203,0,48,0,73,0,4,1,32,0,151,0,0,0,0,0,0,0,0,0,0,0,0,3,38,0,17,0,16,0,0,0,20,2,279,0,0,0,0,0,0,0,0,0,0,0,0,0,0,0,0,0,74,0,0,0,131,0,50,0,0,0,0,0,0,0,27,0,0,0,90,0,68,0,0,0,0,0,5,0,0,0,0,0,0,0,0,0,0,0,0,0,18,0,11,0,0,0,16,0,20,0,0,0,15,0,59,0,92,0,66,0,104,0,263,0,0,0,0,0,0,0,0,0,1,0,29,0,0,0,28,0,2,0,0,0,0,0,1,0,7,0,1,0,6,0,0,3,11,0,0,0,3,1,24,0,0,0,0,0,0,0,0,0,0,0,0,0,0,0,0,0,0,0,0,0,0,0,0,0,0,0,0,0,0,0,0,0,0,0,0,3,17,0,0,0,2,0,56,6,22,0,6,0,11,0,0,0,0,0,4,1,2,0,1,0,29,0,0,0
17,0,94,2,98,63,0,0,9,0,12,35,74,180,278,22,62,0,0,131,156,19,355,0,34,0,108,72,5,0,12,29,0,0,85,6,95,29,0,0,22,0,81,6,28,5,11,0,5,0,145,11,10,0,0,0,0,0,0,0,0,0,32,0,4,0,0,0,0,0,0,0,0,0,0,0,0,0,5,0,0,0,0,0,0,0,0,0,0,0,63,0,0,0,0,0,77,0,76,0,0,0,0,0,15,0,53,0,0,0,0,0,0,0,0,0,0,0,0,0,13,0,0,0,0,0,0,0,0,0,0,0,0,0,0,0,11,0,0,0,3,0,64,0,0,0,0,0,11,0,24,1,0,0,2,0,2,0,0,0,0,0,0,0,22,0,14,0,38,1,0,0,0,0,0,1,20,14,4,0,12,0,0,0,17,0,2,0,0,0,0,0,0,0,0,0,0,0,37,0,33,0,0,0,0,0,0,0,34,0,0,0,0,0,1,0,0,0,3,0,14,0,3,0,154,7,48,2,28,0,12,0,0,3,0,0,4,0,0,0,0,0,0,0,0,0,0,0,0
0,116,0,243,54,155,0,46,0,8,12,84,299,73,62,272,0,7,131,0,43,250,5,45,0,22,86,96,0,0,2,211,0,10,11,98,12,122,0,0,35,19,9,48,4,19,0,18,0,9,6,135,0,0,0,10,0,0,0,0,0,5,0,9,0,24,0,0,0,0,0,7,0,0,0,0,0,0,0,0,0,25,0,3,0,87,0,0,0,28,0,0,0,0,0,0,0,0,0,53,0,0,0,0,0,30,0,23,0,1,0,0,0,0,0,0,0,0,0,0,0,15,0,0,0,2,0,0,1,0,0,0,0,0,0,111,0,40,1,0,0,10,0,40,0,7,0,0,0,42,0,92,0,18,0,0,0,0,0,0,0,3,0,0,0,40,0,34,0,36,0,1,0,13,0,14,5,52,11,5,0,49,0,5,0,37,5,6,0,0,0,0,0,0,0,0,0,11,0,0,0,51,0,0,0,0,0,0,0,19,0,1,0,0,0,0,0,0,0,42,0,32,0,10,16,121,3,23,0,79,0,18,0,32,0,0,0,0,0,11,0,0,0,0,2,32,0,0,0
12,9,89,9,113,76,4,0,0,0,45,39,51,76,350,79,343,1,156,43,0,17,216,14,62,0,152,22,94,0,64,5,17,3,24,3,20,0,5,0,0,0,55,3,51,0,0,0,0,0,29,3,45,0,0,0,0,0,0,0,1,0,95,0,0,0,0,0,0,0,51,0,0,0,45,0,0,0,0,0,152,0,0,0,48,0,84,0,0,0,118,0,0,0,0,0,103,0,375,0,47,0,18,0,0,0,59,0,0,0,0,0,0,0,0,0,0,0,0,0,71,0,30,0,0,0,0,0,0,0,0,1,0,0,0,0,18,0,23,0,0,0,67,0,36,0,0,0,0,0,0,0,0,0,0,0,0,0,0,0,0,0,0,0,23,1,29,0,70,0,0,0,9,0,0,0,24,7,13,1,4,0,3,0,2,0,3,0,0,0,0,0,0,0,0,0,0,0,13,0,16,0,0,0,0,0,0,0,0,0,0,0,0,0,0,0,0,0,6,0,60,0,0,0,107,0,103,2,66,0,35,0,0,0,0,0,5,0,8,0,6,0,11,0,68,0,0,0,0
6,14,0,89,43,164,0,42,0,1,9,48,34,101,49,299,0,106,19,250,17,0,6,252,0,46,0,78,0,57,0,40,0,35,0,33,3,114,0,0,4,14,0,26,1,93,0,4,0,10,2,57,0,16,0,4,0,7,0,0,0,7,0,109,0,4,0,0,0,0,0,27,0,0,0,21,0,0,0,0,0,131,0,0,0,158,0,76,0,0,0,0,0,0,0,0,0,0,0,137,0,87,0,0,0,0,0,0,0,0,0,0,0,0,0,0,0,0,0,0,0,81,0,48,0,0,0,0,0,0,0,0,0,0,0,47,0,108,0,58,0,109,0,284,0,42,0,0,0,0,0,0,0,0,0,0,0,0,0,9,0,2,0,0,0,20,0,34,0,19,0,0,0,9,0,0,0,32,3,17,0,0,0,0,0,0,1,3,0,0,0,0,0,0,0,0,0,0,0,0,0,0,0,0,0,0,0,0,0,0,0,0,0,0,0,1,0,7,0,73,0,55,0,12,4,99,0,40,4,72,0,27,0,30,0,0,0,0,0,0,0,0,2,4,0,25,0,0,0
22,239,316,183,66,35,25,17,3,0,4,67,48,0,347,165,81,47,355,5,216,6,0,117,127,10,160,0,35,2,62,5,74,7,8,0,31,8,110,6,0,0,10,0,59,1,0,0,3,0,7,0,24,0,70,0,42,0,0,0,3,0,30,0,5,0,0,0,0,0,0,0,0,0,0,0,0,0,0,0,24,0,0,0,24,0,4,0,0,0,74,0,2,0,0,0,107,0,35,0,0,0,0,0,0,0,50,0,0,0,0,0,0,0,0,0,0,0,0,0,0,0,0,0,1,0,7,0,43,0,4,0,4,0,222,0,81,0,16,0,0,2,238,0,0,0,10,0,31,0,63,0,12,0,5,0,0,0,2,0,0,0,0,0,3,0,17,0,12,0,0,0,35,0,1,0,14,26,0,2,8,0,6,0,8,0,0,0,0,0,0,0,0,0,0,0,0,0,64,0,33,0,0,0,0,0,16,0,155,0,0,0,0,0,0,1,0,0,0,0,53,10,6,0,5,0,64,3,55,9,20,0,0,0,4,0,1,0,34,0,23,0,14,0,82,7,0,0,0
82,38,57,448,34,30,7,33,0,0,22,33,0,0,9,95,9,113,0,45,14,252,117,0,6,144,0,38,0,27,1,99,0,33,0,6,4,16,0,0,0,0,0,9,0,10,0,0,1,0,0,15,0,12,0,28,0,9,0,0,0,0,0,33,0,4,0,0,0,0,0,0,0,0,0,0,0,0,0,4,0,35,0,0,0,98,0,0,0,0,0,0,0,0,0,21,0,35,0,71,0,40,0,0,0,0,1,0,0,0,0,0,0,0,0,0,0,0,0,0,0,14,0,0,0,0,0,5,0,0,0,0,0,0,0,53,0,23,0,14,0,34,0,87,0,3,0,0,0,0,0,0,0,0,0,7,0,0,0,6,0,0,0,0,0,0,0,1,1,0,0,0,0,6,0,0,3,14,0,19,0,0,0,4,0,0,0,0,0,0,0,0,0,0,0,0,0,1,0,0,0,0,0,0,0,0,0,0,0,0,0,0,0,0,0,2,0,0,0,0,0,18,0,0,0,0,1,57,3,21,3,11,0,31,0,0,0,0,1,0,0,2,1,1,0,21,0,0,0
1,149,29,0,0,0,135,87,40,222,0,0,0,0,20,0,207,49,34,0,62,0,127,6,0,112,15,0,51,0,11,0,0,0,0,0,0,2,107,1,0,0,0,0,7,0,0,0,0,0,0,0,77,3,64,10,26,0,0,0,121,12,157,21,0,0,0,3,0,0,0,0,0,0,0,0,0,0,0,0,0,0,0,0,22,0,4,0,0,0,18,0,0,0,0,0,56,0,18,2,0,0,0,0,0,0,20,0,0,0,0,0,0,0,0,0,0,0,0,0,0,0,0,0,1,0,9,0,86,0,14,0,3,0,87,0,84,0,31,0,4,0,174,1,0,0,3,0,4,0,9,0,0,0,35,0,4,1,7,0,0,0,0,0,0,0,0,0,0,0,22,0,90,1,0,0,1,9,0,0,0,0,11,6,0,1,0,0,0,0,0,0,0,0,0,0,0,0,17,0,22,0,0,0,0,0,4,0,40,0,8,0,0,0,31,2,0,0,0,0,82,0,15,0,39,0,96,5,144,13,36,0,88,0,16,0,2,0,88,0,40,0,18,0,235,9,0,0,0
63,5,11,166,0,9,77,208,174,18,0,0,0,0,0,110,23,85,0,22,0,46,10,144,112,0,0,0,3,35,0,11,0,11,0,0,0,22,7,44,0,0,0,0,0,0,0,0,0,0,0,0,3,18,5,123,0,57,0,8,0,84,12,213,0,0,2,0,0,0,0,0,0,2,0,0,0,0,0,0,0,10,0,0,0,95,0,0,0,0,0,0,0,0,1,0,0,50,0,39,0,0,0,0,0,0,0,0,0,0,0,0,0,0,0,0,0,0,0,0,1,0,0,0,0,0,0,0,0,9,10,0,0,20,0,128,0,89,1,15,0,51,0,144,0,0,0,0,0,0,0,0,0,0,0,27,0,0,0,9,5,2,0,0,0,2,0,0,0,9,0,16,0,22,1,0,0,3,0,0,0,0,3,4,0,0,0,0,0,0,0,0,0,0,0,0,0,0,0,0,0,0,0,0,0,0,0,0,0,0,0,11,0,1,0,40,0,0,0,1,2,133,0,10,0,18,0,57,0,105,0,6,0,110,1,5,0,0,0,42,0,2,1,4,2,114,0,0,0
21,0,58,0,133,5,0,0,8,0,0,7,78,254,180,0,52,0,108,86,152,0,160,0,15,0,0,250,19,0,23,4,0,0,26,6,69,3,0,0,14,68,178,18,87,32,5,65,4,0,119,21,0,0,0,0,0,0,4,0,0,0,28,0,0,0,0,0,0,0,21,0,0,0,0,0,0,0,0,0,0,0,0,0,0,0,0,0,0,0,0,0,0,0,0,0,0,0,89,0,20,0,0,0,0,0,35,0,0,0,0,0,0,0,0,0,1,0,0,0,0,0,0,0,0,0,0,0,0,0,0,0,0,0,0,0,0,0,0,0,0,0,43,0,0,0,0,0,12,0,33,0,0,0,2,0,0,0,0,0,0,0,0,0,67,0,0,0,45,0,0,0,0,0,0,0,5,0,6,0,28,0,0,0,18,0,4,0,0,0,3,0,0,0,0,0,0,0,0,0,0,0,0,0,0,0,0,0,0,0,0,0,0,0,0,0,0,0,163,34,0,0,18,0,299,7,16,0,16,0,0,0,0,0,0,0,0,0,0,0,0,0,3,0,0,0,0,0,0
2,148,0,42,19,113,0,19,1,11,0,142,319,44,0,78,0,4,72,96,22,78,0,38,0,0,250,0,0,1,0,0,0,4,6,57,5,36,0,1,217,25,44,86,19,87,49,39,1,10,16,130,0,0,0,0,0,0,0,2,0,0,0,3,0,14,0,0,0,4,0,0,0,5,0,0,0,11,0,0,0,19,0,0,0,20,0,21,0,19,0,0,0,0,0,19,0,11,0,17,0,0,0,11,0,0,0,8,0,0,0,0,0,0,0,0,0,0,0,0,0,15,0,0,0,0,0,0,0,0,0,0,0,0,0,40,0,15,0,0,0,0,0,15,0,0,0,1,0,16,0,79,0,28,0,0,0,0,0,0,0,0,0,0,3,41,0,6,0,45,0,0,0,0,0,0,0,90,5,0,1,65,0,9,0,39,7,3,0,0,0,0,0,0,0,0,0,6,0,0,0,26,0,0,0,0,0,0,0,0,0,0,0,0,0,0,0,0,25,324,0,18,0,109,0,157,0,14,0,26,0,10,0,0,0,2,0,3,0,5,1,2,0,2,0,10,0,0,0
30,4,101,0,3,0,101,0,8,0,0,0,0,0,3,0,397,2,5,0,94,0,35,0,51,3,19,0,0,0,26,0,3,0,12,0,43,0,20,0,0,0,48,0,10,0,0,0,0,0,12,0,5,0,0,0,0,0,2,0,1,0,59,0,0,0,0,0,0,0,55,0,0,0,66,0,0,0,0,0,67,0,0,0,19,0,32,0,0,0,6,0,0,0,0,0,8,0,127,0,11,0,0,0,1,0,3,0,0,0,0,0,0,0,0,0,0,0,0,0,54,0,44,0,0,0,0,0,18,0,1,0,2,0,0,0,13,0,140,0,115,0,86,0,65,0,0,0,0,0,0,0,0,0,14,0,5,0,1,0,0,0,0,0,0,0,0,0,0,0,2,0,0,0,0,0,10,1,0,0,0,0,5,0,0,0,0,0,0,0,0,0,0,0,0,0,0,0,0,0,1,0,0,0,0,0,0,0,1,0,0,0,0,0,0,0,0,0,0,0,0,0,0,0,0,0,4,0,0,0,0,0,0,0,0,0,0,0,0,0,0,0,1,0,0,0,0,0,0
3,38,2,99,0,4,0,90,0,0,0,15,1,0,0,0,0,203,0,0,0,57,2,27,0,35,0,1,0,0,0,15,0,13,0,9,0,44,0,4,0,0,0,2,0,0,0,0,0,0,0,8,0,10,0,8,0,2,0,0,0,1,0,47,0,0,0,0,0,1,0,0,0,0,0,2,0,0,0,0,0,14,0,0,0,26,0,17,0,0,0,0,0,0,0,6,0,20,0,21,0,16,0,0,0,0,0,0,0,0,0,0,0,0,0,0,0,0,0,0,0,4,0,7,0,0,0,0,0,16,0,0,0,10,0,18,0,84,0,82,0,79,0,113,0,19,0,0,0,0,0,0,0,0,0,0,0,0,0,8,0,0,0,0,0,0,0,0,0,0,0,0,0,1,0,0,0,4,0,2,0,2,0,2,0,0,0,0,0,0,0,0,0,0,0,0,0,0,0,0,0,0,0,0,0,0,0,0,0,0,0,0,0,0,0,0,0,0,0,0,0,0,0,0,0,0,0,0,0,4,0,0,0,0,0,0,0,0,0,0,0,0,0,0,0,0,0,0,0
13,3,42,0,102,7,0,0,0,0,43,5,10,3,186,16,183,0,12,2,64,0,62,1,11,0,23,0,26,0,0,0,0,0,8,0,22,0,6,0,0,0,60,0,4,0,0,0,0,0,8,0,5,0,0,0,3,0,0,0,0,0,16,0,0,0,0,0,0,0,31,0,0,0,0,0,6,0,0,0,47,0,6,0,0,0,20,0,0,0,23,0,0,0,0,0,28,0,111,0,13,0,2,0,1,0,0,0,0,0,0,0,0,0,0,0,0,0,0,0,13,0,0,0,1,0,0,0,2,0,0,0,0,0,0,0,7,0,0,0,0,0,19,0,23,0,0,0,0,0,4,0,0,0,0,0,0,0,0,0,0,0,0,0,0,0,55,0,16,0,3,0,18,0,0,0,12,0,9,0,0,0,4,0,0,0,0,0,0,0,1,0,0,0,0,0,0,0,0,0,0,0,0,0,0,0,0,0,0,0,0,0,0,0,0,0,0,0,0,0,54,0,0,0,15,1,25,0,43,0,16,0,16,0,0,0,0,0,4,0,0,0,2,0,27,0,0,0,0
0,14,0,38,21,121,0,18,0,0,4,40,32,34,23,147,0,48,29,211,5,40,5,99,0,11,4,0,0,15,0,0,0,5,0,10,0,4,0,2,2,0,0,16,0,11,0,0,0,0,0,15,0,0,0,4,0,1,0,0,0,0,0,33,0,0,0,0,0,0,0,19,0,0,0,0,0,0,0,0,0,56,0,0,0,45,0,40,0,0,0,0,0,0,0,0,0,0,0,49,0,32,0,0,0,0,0,0,0,0,0,0,0,0,0,0,0,0,0,0,0,36,0,27,0,1,0,0,0,0,0,0,0,0,0,0,0,48,0,22,0,35,0,128,0,19,0,0,0,0,0,0,0,0,0,4,0,0,0,1,0,0,0,0,0,13,0,21,0,0,0,0,0,10,0,0,1,32,5,6,0,0,0,0,0,0,0,4,0,0,0,0,0,0,0,0,0,0,0,0,0,0,0,0,0,0,0,0,0,0,0,0,0,0,0,0,0,0,0,18,0,27,0,0,0,42,0,36,0,27,0,14,0,21,0,0,0,0,0,0,0,1,0,0,0,14,0,0,0
92,0,165,3,126,0,1,0,0,0,103,0,8,0,56,14,171,0,0,0,17,0,74,0,0,0,0,0,3,0,0,0,0,0,6,0,39,0,0,0,0,0,13,0,0,0,0,0,0,0,0,0,0,0,0,0,3,0,0,0,1,0,14,0,0,0,0,0,0,0,13,0,0,0,12,0,0,0,0,0,25,0,0,0,0,0,19,0,0,0,19,0,0,0,0,0,0,0,56,0,6,0,0,0,0,0,12,0,0,0,0,0,0,0,0,0,0,0,0,0,0,0,0,0,0,0,0,0,0,0,0,0,0,0,0,0,0,0,0,0,0,0,0,0,3,0,0,0,0,0,5,0,0,0,0,0,1,0,0,0,0,0,0,0,4,0,61,0,11,0,0,0,0,0,0,0,33,0,7,0,0,0,10,0,3,0,1,0,0,0,0,0,0,0,0,0,0,0,0,0,0,0,0,0,0,0,0,0,0,0,0,0,0,0,0,0,2,0,0,0,34,0,0,0,0,0,16,0,33,0,11,0,0,0,0,0,0,0,0,0,0,0,0,0,12,0,0,0,0
1,132,3,203,10,125,0,31,0,0,5,110,0,1,29,97,0,73,0,10,3,35,7,33,0,11,0,4,0,13,0,5,0,0,0,11,0,85,0,1,0,0,0,4,0,1,0,0,0,0,0,2,0,2,0,0,0,0,0,0,0,3,0,18,0,0,0,0,0,0,0,0,0,0,0,7,0,0,0,0,0,33,0,0,0,37,0,22,0,0,0,0,0,0,0,0,0,6,0,27,0,0,0,0,0,0,0,0,0,0,0,0,0,0,0,0,0,0,0,0,0,28,0,44,0,0,0,0,0,0,0,0,0,0,0,22,0,53,0,24,0,54,0,124,0,38,0,3,0,0,0,5,0,4,0,0,0,0,0,0,0,0,0,1,0,0,0,14,0,3,0,0,0,7,0,0,0,31,0,47,0,7,0,1,0,5,0,0,0,0,0,0,0,0,0,0,0,0,0,0,0,0,0,0,0,0,0,0,0,0,0,0,0,0,0,4,0,1,0,0,0,37,0,0,0,2,0,21,0,26,0,0,0,0,0,0,0,0,0,1,0,0,0,2,0,11,0,0,0
0,0,0,0,98,0,0,0,0,0,5,2,42,10,120,1,10,0,85,11,24,0,8,0,0,0,26,6,12,0,8,0,6,0,0,0,8,0,0,0,4,0,4,0,6,0,0,0,1,0,7,0,0,0,0,0,0,0,0,0,0,0,0,0,0,0,0,0,1,0,0,0,0,0,0,0,0,0,0,0,0,0,0,0,0,0,0,0,0,0,0,0,0,0,0,0,0,0,30,0,0,0,0,0,0,0,0,0,0,0,0,0,0,0,0,0,0,0,0,0,7,0,0,0,0,0,0,0,0,0,0,0,0,0,0,0,0,0,0,0,0,0,0,0,0,0,0,0,0,0,0,0,0,0,1,0,0,0,0,0,0,0,0,0,11,0,12,0,15,0,0,0,2,0,0,0,15,0,15,0,0,0,0,0,0,0,17,0,0,0,0,0,0,0,0,0,0,0,0,0,0,0,0,0,0,0,0,0,0,0,0,0,0,0,0,0,0,0,3,0,10,1,0,0,40,0,18,0,12,0,1,0,0,0,0,0,0,0,0,0,0,0,0,0,11,0,0,0,0
0,0,0,3,7,39,0,0,0,1,2,7,26,56,5,8,0,4,6,98,3,33,0,6,0,0,6,57,0,9,0,10,0,11,0,0,0,16,0,2,0,0,0,2,0,6,0,0,0,1,0,12,0,0,0,0,0,0,0,0,0,4,0,3,0,0,0,0,0,0,0,0,0,0,0,6,0,0,0,0,0,0,0,0,0,0,0,0,0,0,0,0,0,0,0,0,0,0,0,5,0,3,0,0,0,0,0,0,0,0,0,0,0,0,0,0,0,0,0,0,0,8,0,0,0,0,0,0,0,0,0,0,0,0,0,0,0,0,0,2,0,8,0,0,0,10,0,0,0,1,0,0,0,0,0,0,0,0,0,0,0,0,0,0,0,9,0,1,0,0,0,0,0,2,0,0,0,25,2,1,0,0,0,0,0,0,0,7,0,0,0,0,0,0,0,0,0,0,0,0,0,0,0,0,0,0,0,0,0,0,0,0,0,0,0,0,0,0,0,33,0,6,0,8,0,33,0,7,0,12,0,2,0,0,0,0,0,0,0,0,0,0,0,1,0,0,0,0,0
100,0,86,0,251,12,9,0,2,0,115,0,77,13,164,6,14,1,95,12,20,3,31,4,0,0,69,5,43,0,22,0,39,0,8,0,0,1,4,0,0,0,34,0,26,0,2,2,2,0,31,1,0,0,0,0,5,0,4,0,9,0,35,0,6,0,0,0,0,0,94,0,3,0,50,0,0,0,0,0,60,0,11,0,0,0,44,0,0,0,8,0,0,0,46,0,0,0,126,0,26,0,9,0,0,0,10,0,0,0,0,0,0,0,0,0,0,0,0,0,31,0,7,0,0,0,0,0,0,0,0,0,0,0,0,0,0,0,89,0,87,0,26,0,154,0,0,0,4,1,0,0,0,0,13,0,26,0,3,0,0,0,23,0,51,0,114,0,104,0,22,0,28,0,0,0,34,3,29,0,0,0,15,0,4,0,4,0,0,0,2,0,0,0,0,0,0,0,0,0,0,0,0,0,0,0,2,0,0,0,3,0,0,0,5,0,12,0,0,0,49,0,3,0,75,0,51,0,71,0,12,0,0,0,1,0,2,0,0,0,0,0,4,0,21,0,0,0,0
4,363,0,137,21,125,0,163,0,9,0,84,39,80,30,56,0,32,29,122,0,114,8,16,2,22,3,36,0,44,0,4,0,85,0,16,1,0,0,14,0,0,0,55,0,11,0,0,0,0,0,57,0,1,0,4,0,5,0,0,0,17,0,24,0,0,0,0,0,0,0,14,0,0,0,17,0,2,0,11,0,29,0,0,0,23,0,0,0,0,0,0,0,1,0,24,0,0,0,19,0,7,0,0,0,0,0,0,0,0,0,0,0,0,0,0,0,0,0,0,0,40,0,53,0,0,0,0,0,6,0,0,0,8,0,9,0,49,0,50,0,95,0,134,0,105,0,0,1,0,0,0,0,2,0,0,0,10,0,8,0,0,0,1,0,10,0,27,0,23,0,8,0,21,0,0,6,93,2,18,0,0,1,19,0,0,0,12,0,6,0,0,0,0,0,0,0,0,0,0,0,0,0,0,0,0,0,0,0,0,0,0,0,0,0,0,0,10,1,10,0,52,0,0,0,52,0,62,0,63,0,9,0,13,0,1,0,1,0,3,0,0,0,3,0,16,0,0,0
283,8,373,4,0,0,229,0,44,0,14,0,0,0,0,0,237,0,0,0,5,0,110,0,107,7,0,0,20,0,6,0,0,0,0,0,4,0,0,0,0,0,4,0,2,0,0,0,0,0,1,0,3,0,0,0,0,0,0,0,2,0,14,0,0,0,0,0,0,0,0,0,0,0,5,0,0,0,0,0,0,0,0,0,0,0,0,0,0,0,0,0,0,0,0,0,0,0,0,0,0,0,0,0,0,0,0,0,0,0,0,0,0,0,0,0,0,0,0,0,0,0,0,0,0,0,0,0,0,0,0,0,0,0,0,0,0,0,8,0,0,0,0,0,11,0,0,0,0,0,0,0,0,0,2,0,0,0,1,0,0,0,0,0,0,0,2,0,0,0,1,0,28,0,0,0,54,9,0,0,18,0,36,0,0,0,0,0,0,0,0,0,0,0,0,0,1,0,0,0,0,0,0,0,0,0,0,0,0,0,0,0,0,0,0,0,0,0,0,0,18,0,0,0,0,0,24,0,17,0,0,0,0,0,0,0,0,0,0,0,0,0,0,0,4,0,0,0,0
2,251,0,258,4,5,0,213,1,30,0,40,0,0,0,1,0,151,0,0,0,0,6,0,1,44,0,1,0,4,0,2,0,1,0,2,0,14,0,0,0,0,0,4,0,2,0,0,0,0,0,1,0,0,0,5,0,0,0,0,0,5,0,12,0,0,0,0,0,0,0,2,0,0,0,0,0,0,0,0,0,0,0,0,0,16,0,0,0,0,0,0,0,0,0,0,0,0,0,0,0,0,0,0,0,0,0,0,0,0,0,0,0,0,0,0,0,0,0,0,0,0,0,0,0,0,0,0,0,0,0,3,0,0,0,0,0,11,0,16,0,7,0,14,0,19,0,0,0,0,0,6,0,0,0,0,0,3,0,0,0,0,0,0,0,0,0,0,0,0,0,0,0,0,0,0,0,18,0,5,0,0,0,13,0,0,0,0,0,0,0,0,0,0,0,1,0,0,0,0,0,0,0,0,0,0,0,0,0,3,0,0,0,0,0,0,0,0,0,0,1,1,0,0,1,1,0,12,0,1,0,0,0,0,0,0,0,0,0,0,0,0,0,0,0,0,0,0,0
74,0,23,0,172,2,11,0,30,0,117,1,369,121,3,1,0,0,22,35,0,4,0,0,0,0,14,217,0,0,0,2,0,0,4,0,0,0,0,0,0,166,21,14,16,14,44,116,82,4,3,10,0,0,0,0,0,0,0,0,0,0,0,0,15,0,0,0,0,0,0,0,0,0,0,0,0,0,1,0,0,0,0,0,0,0,0,0,0,0,0,0,0,0,0,0,0,0,0,0,0,0,0,0,0,0,0,0,0,0,0,0,0,0,0,0,0,0,0,0,0,0,0,0,0,0,0,0,0,0,0,0,0,0,0,0,0,0,0,0,0,0,0,0,0,0,0,0,9,0,24,0,15,0,2,0,0,0,0,0,0,0,0,0,7,0,0,0,0,1,0,0,0,0,5,0,59,18,48,0,39,0,4,0,23,0,38,1,0,0,0,0,0,0,0,0,0,0,2,0,0,0,0,0,0,0,0,0,2,0,0,0,0,0,0,0,0,0,250,58,0,0,40,38,16,3,0,0,0,0,2,0,0,0,0,0,0,0,0,0,0,0,1,0,0,0,0,0,0
0,98,0,0,0,67,0,17,0,0,1,352,29,231,0,0,0,0,0,19,0,14,0,0,0,0,68,25,0,0,0,0,0,0,0,0,0,0,0,0,166,0,17,5,33,8,26,109,22,175,0,0,0,0,0,0,0,0,0,0,0,0,0,0,0,0,0,1,0,0,0,0,0,0,0,0,0,0,0,0,0,0,0,0,0,0,0,0,0,6,0,0,0,0,0,0,1,0,0,0,0,0,0,0,0,0,0,0,0,0,0,0,0,0,0,0,0,0,0,0,0,0,0,0,0,0,0,0,0,0,0,0,0,1,0,0,0,0,0,0,0,0,0,0,0,0,0,0,0,0,0,12,1,6,0,0,0,0,0,0,0,0,0,0,2,23,0,0,0,2,0,0,0,0,0,0,0,62,1,4,0,16,0,0,0,8,14,14,0,0,0,0,0,0,0,0,0,0,0,0,0,0,0,0,0,0,0,0,0,7,0,0,0,1,0,0,0,1,96,79,0,0,11,252,0,2,0,0,0,0,0,0,0,0,0,0,0,0,0,0,0,0,0,0,0,0,0,0,0
3,0,11,0,37,0,0,0,1,0,10,0,135,21,38,0,15,0,81,9,55,0,10,0,0,0,178,44,48,0,60,0,13,0,4,0,34,0,4,0,21,17,0,4,73,3,10,18,0,0,38,9,0,0,0,0,0,0,3,0,0,0,9,0,1,0,0,0,2,0,17,0,0,0,18,0,0,0,0,0,0,0,0,0,0,0,14,0,0,0,14,0,0,0,25,0,0,0,59,0,0,0,8,0,0,0,9,0,0,0,0,0,0,0,0,0,0,0,0,0,12,0,0,0,0,0,0,0,0,0,0,0,0,0,0,0,0,0,12,0,0,0,10,0,19,0,2,0,0,0,6,0,10,0,0,0,2,0,0,0,0,0,11,0,29,0,44,0,14,0,11,0,3,0,2,0,7,3,25,0,4,0,2,0,4,0,57,1,3,0,0,0,0,0,0,0,0,0,0,0,5,0,0,0,0,0,0,0,0,0,1,0,0,0,2,0,0,0,57,14,16,0,20,0,78,0,5,0,26,0,0,0,0,0,3,0,0,0,0,0,0,0,0,0,12,0,0,0,0
0,9,0,12,3,24,0,0,0,0,0,7,24,98,2,12,0,0,6,48,3,26,0,9,0,0,18,86,0,2,0,16,0,4,0,2,0,55,0,4,14,5,4,0,0,6,0,4,0,6,1,24,0,0,0,0,0,0,0,0,0,2,0,4,0,2,0,0,0,0,0,20,0,1,0,0,0,0,0,7,0,17,0,0,0,8,0,23,0,0,0,0,0,0,0,11,0,0,0,12,0,0,0,0,0,0,0,0,0,0,0,0,0,0,0,0,0,0,0,0,0,36,0,32,0,0,0,0,0,0,0,0,0,0,0,4,0,23,0,10,0,14,0,47,0,24,0,0,0,0,0,0,0,0,0,4,0,1,0,2,0,3,0,1,0,13,0,2,0,16,0,0,0,2,0,0,0,19,0,4,0,0,0,0,0,0,0,0,0,0,0,0,0,0,0,0,0,0,0,0,0,0,0,0,0,0,0,0,0,0,0,0,0,0,0,0,0,5,1,34,0,15,0,10,1,46,0,9,0,10,0,8,0,15,0,0,0,1,0,0,0,0,0,0,0,11,0,0,0
11,0,24,0,30,1,5,1,4,0,18,0,70,23,26,1,50,0,28,4,51,1,59,0,7,0,87,19,10,0,4,0,0,0,6,0,26,0,2,0,16,33,73,0,0,3,14,13,48,1,33,0,6,0,0,0,10,0,0,0,0,0,17,0,0,0,0,0,0,0,70,0,0,0,32,0,20,0,0,0,90,0,20,0,13,0,65,0,38,0,39,0,0,0,74,0,40,0,186,0,0,0,10,0,0,0,20,0,0,0,0,0,0,0,0,0,0,0,0,0,43,0,14,0,1,0,0,0,0,0,0,0,0,0,0,0,0,0,0,0,24,0,24,0,37,0,0,0,0,0,8,0,9,0,0,0,0,0,4,0,3,0,0,0,139,0,27,0,47,0,7,0,16,0,0,0,8,2,5,0,7,0,4,0,6,0,6,0,5,0,0,0,0,0,0,0,0,0,0,0,0,0,0,0,10,0,2,0,11,0,0,0,0,0,2,0,0,0,166,10,16,0,90,11,101,0,5,0,33,0,0,0,0,0,3,0,0,0,6,0,0,0,0,0,13,0,0,0,0
0,10,0,0,0,15,0,4,0,0,0,11,37,55,4,7,0,0,5,19,0,93,1,10,0,0,32,87,0,0,0,11,0,1,0,6,0,11,0,2,14,8,3,6,3,0,0,28,1,29,1,25,0,0,0,0,0,2,0,0,0,1,0,3,0,1,0,0,0,3,0,33,0,0,0,17,0,7,0,13,0,42,0,5,0,16,0,33,0,14,0,4,0,1,0,28,0,0,0,13,0,12,0,10,0,6,0,0,0,0,0,0,0,0,0,0,0,0,0,0,0,37,0,25,0,0,0,0,0,3,0,0,0,0,0,0,0,0,0,0,0,14,0,41,0,31,0,0,0,0,0,7,0,6,0,0,0,0,0,4,0,4,0,7,0,52,0,1,0,69,0,5,0,2,0,5,1,14,1,3,0,13,0,0,0,3,0,1,0,0,0,0,0,0,0,0,0,0,0,0,0,0,0,0,0,8,0,0,0,0,0,0,0,2,0,0,0,6,0,135,0,70,0,125,1,95,0,9,0,34,0,20,1,29,0,8,0,6,0,2,0,0,0,0,0,24,0,0,0
12,0,9,0,49,0,3,0,3,0,8,0,62,28,9,0,1,0,11,0,0,0,0,0,0,0,5,49,0,0,0,0,0,0,0,0,2,0,0,0,44,26,10,0,14,0,0,27,28,0,0,0,0,0,0,0,0,0,0,0,0,0,1,0,2,0,0,0,0,0,0,0,0,0,0,0,0,0,0,0,0,0,0,0,0,0,0,0,0,0,0,0,0,0,0,0,0,0,0,0,0,0,0,0,0,0,0,0,0,0,0,0,0,0,0,0,0,0,0,0,0,0,0,0,0,0,0,0,0,0,0,0,0,0,1,0,0,0,0,0,0,0,0,0,0,0,0,0,1,0,0,0,0,0,0,0,0,0,0,0,0,0,0,0,14,0,0,0,4,0,0,0,0,0,1,0,2,5,0,0,0,0,0,0,0,0,3,0,0,0,0,0,0,0,0,0,0,0,0,0,0,0,0,0,0,0,0,0,0,0,0,0,0,0,0,0,0,0,185,20,0,0,27,8,3,0,0,0,0,0,0,0,0,0,0,0,0,0,0,0,0,0,0,0,0,0,0,0,0
0,52,0,6,0,41,0,0,0,0,0,92,21,74,0,0,0,0,0,18,0,4,0,0,0,0,65,39,0,0,0,0,0,0,0,0,2,0,0,0,116,109,18,4,13,28,27,0,10,36,2,0,0,0,0,3,0,0,0,0,0,0,0,0,0,0,0,0,0,1,0,0,0,0,0,0,0,0,0,0,0,0,0,0,0,0,0,0,0,3,0,0,0,0,0,0,0,0,0,0,0,0,0,1,0,0,0,0,0,0,0,0,0,0,0,0,0,0,0,0,0,0,0,0,0,0,0,0,0,0,0,0,0,0,0,0,0,5,0,0,0,0,0,0,0,0,0,0,0,5,0,0,0,0,0,0,0,0,0,0,0,0,0,0,0,16,0,0,0,2,0,1,0,0,1,0,1,31,0,1,0,5,0,2,0,3,7,4,0,0,0,0,0,0,0,0,0,0,0,0,0,2,0,0,0,0,0,0,0,0,0,0,0,0,0,0,0,0,51,165,0,0,0,223,0,3,0,0,0,0,0,0,0,0,0,0,0,0,0,0,0,0,0,0,0,0,0,0,0
10,0,0,0,12,0,4,0,5,0,20,0,26,0,0,1,3,0,5,0,0,0,3,1,0,0,4,1,0,0,0,0,0,0,1,0,2,0,0,0,82,22,0,0,48,1,28,10,0,4,3,0,0,0,0,0,7,0,1,0,0,0,1,0,0,0,0,0,9,0,0,0,0,0,0,0,7,0,6,0,0,0,1,0,0,0,0,0,4,0,0,0,0,0,18,0,0,0,0,0,2,0,8,0,1,0,2,0,2,0,0,0,0,0,1,0,0,0,0,0,0,0,0,0,0,0,0,0,0,0,2,0,0,0,0,0,0,0,0,0,0,1,0,0,1,0,0,0,3,0,6,1,10,2,0,0,0,0,0,0,0,0,0,0,6,1,0,0,12,0,0,0,2,0,7,0,30,8,40,0,18,0,3,0,10,0,23,3,0,0,0,0,0,0,0,0,0,0,0,0,3,0,0,0,0,0,0,0,2,0,0,0,0,0,1,0,7,0,68,5,30,0,105,69,11,0,13,0,17,0,0,0,1,0,0,0,0,0,0,0,0,0,0,0,4,0,0,0,0
0,0,0,1,0,2,0,1,0,1,0,6,0,10,0,0,0,0,0,9,0,10,0,0,0,0,0,10,0,0,0,0,0,0,0,1,0,0,0,0,4,175,0,6,1,29,0,36,4,0,0,2,0,0,0,0,0,0,0,0,0,0,0,0,0,0,0,0,0,5,0,0,0,0,0,0,0,2,0,0,0,0,0,0,0,0,0,0,0,5,0,0,0,1,0,0,0,0,0,0,0,0,0,6,0,0,0,0,0,0,0,0,0,0,0,0,0,0,0,0,0,0,0,0,0,0,0,0,0,0,0,0,0,0,0,0,0,0,0,0,0,0,0,0,0,0,0,0,0,0,0,0,0,0,0,0,0,0,0,0,0,0,0,0,0,11,0,2,0,3,0,1,0,0,0,0,0,46,0,4,0,6,0,0,0,1,0,7,0,0,0,0,0,0,0,0,0,0,0,0,0,0,0,0,0,0,0,0,0,0,0,0,0,1,0,1,0,0,11,0,0,13,12,90,0,6,0,0,0,30,0,0,0,0,0,0,0,0,0,0,0,0,0,0,0,0,0,0,0
0,0,10,0,89,0,1,0,3,0,12,0,106,24,42,0,0,0,145,6,29,2,7,0,0,0,119,16,12,0,8,0,0,0,7,0,31,0,1,0,3,0,38,1,33,1,0,2,3,0,0,2,0,0,0,0,15,0,10,0,0,0,1,0,0,0,0,0,0,0,35,0,3,0,20,0,0,0,0,0,21,0,23,0,0,0,21,0,0,0,8,0,7,0,45,0,0,0,85,0,19,0,24,0,9,0,0,0,0,0,0,0,0,0,0,0,0,0,0,0,17,0,0,0,0,0,0,0,0,0,0,0,0,0,7,0,0,0,0,0,3,0,0,0,17,0,0,0,0,1,3,0,1,0,0,0,0,0,0,0,4,0,22,0,45,0,39,0,108,0,25,0,36,0,0,0,12,0,37,0,5,0,0,0,0,0,34,0,19,0,0,0,0,0,1,0,0,0,0,0,0,0,0,0,0,0,0,0,0,0,1,0,0,0,4,0,0,0,18,1,18,0,10,0,86,0,10,1,27,0,5,0,12,0,0,0,0,0,3,0,0,0,4,0,27,0,0,0,0
0,6,0,4,4,32,0,0,0,1,0,6,33,171,2,12,0,0,11,135,3,57,0,15,0,0,21,130,0,8,0,15,0,2,0,12,1,57,0,1,10,0,9,24,0,25,0,0,0,2,2,0,0,0,0,0,0,0,0,0,0,0,0,3,0,0,0,0,0,0,0,19,0,2,0,14,0,5,0,0,0,32,0,0,0,11,0,26,0,0,0,0,0,0,0,11,0,0,0,11,0,0,0,6,0,0,0,0,0,1,0,0,0,0,0,0,0,0,0,0,0,25,0,31,0,0,0,0,0,0,0,0,0,0,0,0,0,0,0,0,0,8,0,27,0,26,0,0,0,0,0,0,0,0,0,0,0,0,0,5,0,8,0,3,0,8,0,6,0,53,0,16,0,18,0,0,0,39,0,4,0,5,0,0,0,0,0,1,0,0,0,0,0,0,0,0,0,0,0,0,0,0,0,0,0,6,0,0,0,0,0,0,0,1,0,0,0,0,0,29,0,50,0,15,2,40,1,5,0,34,0,12,0,22,0,9,0,1,0,2,0,0,0,0,0,18,0,0,0
0,0,6,0,0,0,42,4,36,31,0,0,0,0,0,0,142,3,10,0,45,0,24,0,77,3,0,0,5,0,5,0,0,0,0,0,0,0,3,0,0,0,0,0,6,0,0,0,0,0,0,0,0,7,72,25,60,7,90,46,53,0,72,3,11,0,7,56,0,0,0,0,0,0,2,0,0,0,0,0,18,0,0,0,26,0,5,0,0,0,16,0,0,0,0,0,33,0,27,0,0,0,0,0,0,0,7,0,0,0,0,0,0,0,0,1,0,0,0,0,0,0,9,0,2,0,2,0,116,0,16,0,0,0,5,0,67,0,185,0,32,0,110,0,42,0,0,0,0,0,2,0,0,0,207,3,11,1,63,0,12,0,7,0,3,0,3,0,13,0,89,0,6,0,1,0,7,1,0,0,0,0,0,0,4,9,0,0,1,0,0,0,0,0,0,0,0,0,0,0,3,0,0,0,0,0,0,0,2,0,21,0,4,0,121,0,0,0,0,0,155,1,27,0,18,0,57,1,183,0,0,0,57,2,7,0,3,0,38,0,3,0,6,0,84,0,0,0,0
0,4,0,0,0,0,5,23,17,26,0,0,0,0,0,0,0,38,0,0,0,16,0,12,3,18,0,0,0,10,0,0,0,2,0,0,0,1,0,0,0,0,0,0,0,0,0,0,0,0,0,0,7,0,9,80,3,66,22,143,0,10,1,20,3,0,21,18,0,0,0,0,0,0,0,0,0,0,0,0,0,0,0,0,0,16,0,0,0,0,0,0,0,0,0,2,0,10,0,7,0,6,0,0,0,0,0,0,0,0,0,0,0,0,0,0,0,0,0,0,0,1,0,2,0,0,0,4,0,8,0,0,0,6,0,18,0,43,0,40,0,25,0,39,0,18,0,0,0,0,0,0,0,0,3,100,2,30,0,35,0,3,0,0,0,0,0,0,0,0,0,6,0,0,0,0,7,43,0,0,0,0,0,3,1,25,0,0,0,0,0,0,0,0,0,0,0,0,0,0,0,2,0,0,0,0,0,0,0,0,0,2,0,0,0,34,0,0,0,0,0,42,0,5,0,3,0,69,0,30,0,0,0,44,0,5,0,0,0,6,0,0,0,1,0,31,0,0,0
1,0,20,0,2,0,67,10,117,83,0,0,0,0,0,0,4,0,0,0,0,0,70,0,64,5,0,0,0,0,0,0,0,0,0,0,0,0,0,0,0,0,0,0,0,0,0,0,0,0,0,0,72,9,0,35,41,2,3,13,138,3,56,18,35,0,19,52,0,0,1,0,1,0,0,0,0,0,0,0,0,0,0,0,0,0,0,0,0,0,0,0,0,0,0,0,0,0,0,0,0,0,0,0,2,0,0,0,0,0,0,0,0,0,1,0,0,0,0,0,0,0,0,0,1,0,5,0,29,0,5,0,0,0,22,0,24,0,7,0,7,0,33,0,1,0,2,0,1,0,7,0,1,0,15,0,11,0,6,1,17,1,0,0,0,0,1,0,0,0,99,1,12,0,1,0,5,5,0,0,0,0,1,0,0,5,0,0,0,0,0,0,0,0,0,0,0,0,0,0,0,0,0,0,0,0,0,0,13,0,23,0,5,0,125,0,0,0,8,0,146,3,37,0,23,0,87,0,173,2,6,0,97,6,5,1,0,0,90,0,14,0,11,0,243,4,0,0,0
0,9,0,54,0,7,17,95,130,97,0,9,0,3,0,19,0,17,0,10,0,4,0,28,10,123,0,0,0,8,0,4,0,0,0,0,0,4,0,5,0,0,0,0,0,0,0,3,0,0,0,0,25,80,35,0,9,71,59,22,1,69,16,128,0,0,65,12,0,1,0,0,0,0,0,0,0,0,0,0,0,4,0,0,0,15,0,0,0,0,0,0,0,0,0,1,0,15,0,7,0,7,0,0,0,0,0,0,0,0,0,0,0,0,2,0,0,0,0,0,0,0,0,0,0,2,0,5,0,2,4,17,0,14,0,45,0,52,2,5,0,17,0,28,0,3,0,4,0,6,0,0,0,0,3,50,0,42,0,9,0,11,0,4,0,2,0,1,0,12,0,63,0,19,0,0,10,5,0,0,0,0,0,1,3,6,0,0,0,0,0,0,0,0,0,0,0,0,0,0,0,0,0,0,0,0,0,0,0,9,0,22,0,3,3,127,0,0,0,4,1,206,0,27,0,27,2,66,2,361,2,6,1,203,0,25,0,0,0,56,0,8,0,3,5,219,0,0,0
0,1,21,0,0,0,6,0,3,7,0,0,0,0,0,0,9,0,0,0,0,0,42,0,26,0,0,0,0,0,3,0,3,0,0,0,5,0,0,0,0,0,0,0,10,0,0,0,7,0,15,0,60,3,41,9,0,4,119,45,70,0,5,1,11,20,7,64,0,0,0,0,0,0,0,0,0,0,0,0,0,1,0,0,0,0,0,0,0,0,0,0,0,0,0,0,0,0,0,0,0,0,0,0,0,0,0,0,0,0,0,2,0,0,3,2,0,0,0,0,1,0,0,0,17,0,24,0,92,0,82,0,6,0,38,0,25,0,50,0,8,0,36,0,0,0,8,0,6,0,24,0,0,0,170,8,117,2,64,3,36,9,0,0,2,0,3,0,21,0,88,0,11,0,8,0,4,0,0,0,9,0,0,0,7,6,0,0,0,0,0,0,0,0,0,0,0,0,7,0,0,0,0,0,0,0,0,0,26,0,27,0,9,0,340,3,0,0,12,0,334,5,108,0,40,1,96,0,312,2,3,0,196,3,116,0,6,0,122,0,1,0,23,0,327,0,0,0,0
0,0,0,6,0,0,0,13,6,5,0,0,0,0,0,6,0,16,0,0,0,7,0,9,0,57,0,0,0,2,0,1,0,0,0,0,0,5,0,0,0,0,0,0,0,2,0,0,0,0,0,0,7,66,2,71,4,0,19,77,0,20,0,19,5,0,18,0,0,3,0,0,0,0,0,0,0,0,0,0,0,0,0,0,0,6,0,0,0,0,0,0,0,0,0,0,0,7,0,4,0,0,0,0,0,0,0,0,0,0,0,0,0,0,0,0,0,0,0,0,0,0,0,0,1,11,0,6,0,7,0,25,0,22,0,43,0,47,0,11,0,7,0,20,0,0,0,0,1,2,0,2,0,0,7,115,0,50,1,49,1,28,0,0,0,0,0,0,0,21,0,58,0,1,0,0,0,0,0,0,0,0,0,0,0,8,0,0,0,0,0,0,0,0,0,0,0,0,0,0,0,1,0,0,0,0,0,0,0,11,0,0,0,8,0,112,0,0,0,5,3,155,0,35,0,11,1,38,1,290,1,0,0,82,0,68,0,0,1,16,0,0,0,6,0,79,0,0,0
0,0,0,0,0,0,0,0,168,25,0,1,1,0,0,0,0,0,0,0,0,0,0,0,0,0,4,0,2,0,0,0,0,0,0,0,4,0,0,0,0,0,3,0,0,0,0,0,1,0,10,0,90,22,3,59,119,19,0,135,81,0,5,12,118,16,137,180,0,0,0,0,0,0,0,0,0,0,0,0,0,0,0,0,0,0,0,0,0,0,0,0,0,0,0,0,0,0,0,0,0,0,0,0,0,0,0,0,0,0,0,1,0,0,1,0,0,0,0,0,0,0,0,0,10,0,16,0,7,0,63,0,5,0,0,0,1,0,6,0,0,0,0,0,0,1,13,0,15,0,27,0,0,0,55,17,78,3,2,5,38,0,0,0,0,0,0,0,7,0,40,0,0,0,6,0,61,11,0,0,15,17,0,0,51,40,0,0,0,0,0,0,0,0,0,0,0,0,0,0,0,0,0,0,0,0,0,0,10,0,14,0,0,0,230,0,0,1,5,0,163,3,0,0,18,1,58,0,116,0,1,0,191,3,77,1,0,0,115,0,6,0,23,0,252,0,0,0,0
0,18,0,8,0,0,0,10,22,40,0,1,0,0,0,0,0,0,0,0,0,0,0,0,0,8,0,2,0,0,0,0,0,0,0,0,0,0,0,0,0,0,0,0,0,0,0,0,0,0,0,0,46,143,13,22,45,77,135,0,0,100,4,23,54,102,140,89,0,0,0,0,0,0,0,0,0,0,0,0,0,1,0,0,0,0,0,0,0,0,0,0,0,0,0,0,0,1,0,0,0,0,0,0,0,0,0,0,0,0,0,0,0,0,4,0,0,0,0,0,0,0,0,0,0,6,0,3,0,0,0,18,0,1,0,6,0,5,0,0,0,2,0,3,12,16,0,3,0,39,0,3,0,4,58,75,16,290,10,27,22,22,0,0,0,1,0,0,0,19,2,49,0,7,2,10,14,10,0,0,0,15,0,0,5,112,0,0,0,0,0,0,0,0,0,0,0,0,0,0,0,0,0,0,0,0,0,0,0,3,0,0,0,15,7,356,0,0,0,16,3,382,1,82,0,30,0,167,1,365,0,10,6,413,0,447,0,5,0,146,0,13,0,34,1,464,0,0,0
10,2,3,1,0,0,197,0,247,0,0,0,0,0,0,0,30,0,0,0,1,0,3,0,121,0,0,0,1,0,0,0,1,0,0,0,9,0,2,0,0,0,0,0,0,0,0,0,0,0,0,0,53,0,138,1,70,0,81,0,0,0,43,0,0,0,6,0,0,0,5,0,0,0,4,0,0,0,0,0,0,0,0,0,0,0,0,0,0,0,0,0,0,0,0,0,0,0,0,0,0,0,0,0,0,0,0,0,0,0,0,0,0,0,0,0,0,0,0,0,0,0,0,0,0,0,0,0,0,0,0,0,0,0,0,0,0,0,51,0,25,0,5,0,171,0,0,0,0,0,0,0,0,0,61,0,105,0,29,0,0,0,7,0,2,0,2,0,3,0,114,0,39,0,0,0,23,0,0,0,0,0,18,0,0,0,0,0,0,0,0,0,0,0,0,0,0,0,0,0,0,0,0,0,0,0,0,0,0,0,0,0,3,0,18,0,0,0,0,0,42,0,5,0,6,0,34,0,35,0,1,0,16,0,4,1,0,0,14,0,3,0,6,0,22,1,0,0,0
5,78,0,11,0,0,0,216,10,167,0,0,0,0,0,0,3,20,0,5,0,7,0,0,12,84,0,0,0,1,0,0,0,3,0,4,0,17,0,5,0,0,0,2,0,1,0,0,0,0,0,0,0,10,3,69,0,20,0,100,0,0,0,39,0,0,0,16,0,0,0,0,0,0,0,0,0,0,0,0,0,0,0,0,0,0,0,0,0,0,0,0,0,0,0,0,0,0,0,0,0,0,0,0,0,0,0,0,0,0,0,0,0,0,0,0,0,0,0,0,0,2,0,0,0,0,0,0,0,1,0,0,0,0,0,3,0,0,0,29,0,24,0,9,0,126,0,0,0,0,0,0,0,0,0,24,0,79,0,7,0,0,0,0,0,1,0,2,0,3,0,50,0,11,0,0,0,108,0,0,0,4,0,25,0,8,0,0,0,0,0,0,0,0,0,0,0,0,0,0,0,0,0,0,0,0,0,0,0,0,0,6,0,3,0,11,0,0,0,0,0,36,0,3,0,2,0,77,0,56,0,0,0,7,0,3,0,0,0,3,0,0,1,0,0,7,0,0,0
7,2,0,0,0,0,144,14,168,68,0,0,0,0,5,0,518,2,32,0,95,0,30,0,157,12,28,0,59,0,16,0,14,0,0,0,35,0,14,0,0,0,9,0,17,0,1,0,1,0,1,0,72,1,56,16,5,0,5,4,43,0,0,2,0,0,1,2,0,0,9,0,0,0,11,0,0,0,0,0,32,0,0,0,0,0,8,0,0,0,6,0,0,0,0,0,0,0,0,0,0,0,0,0,0,0,0,0,0,0,0,0,0,0,0,0,0,0,0,0,6,0,21,0,0,0,0,0,20,0,0,0,5,0,0,0,20,0,162,0,68,0,35,0,37,0,0,0,0,0,0,0,0,0,49,0,28,0,14,0,3,0,3,0,0,0,0,0,4,0,50,0,38,0,0,0,7,2,0,0,0,0,2,1,0,3,0,0,0,0,0,0,0,0,0,0,0,0,1,0,0,0,0,0,0,0,0,0,2,0,9,0,2,0,31,0,0,0,0,0,71,0,20,0,12,0,93,1,59,0,0,0,31,0,0,0,1,0,11,0,4,0,5,0,44,0,0,0,0
4,23,1,0,0,0,21,98,73,166,0,0,0,0,0,5,0,279,0,9,0,109,0,33,21,213,0,3,0,47,0,33,0,18,0,3,0,24,0,12,0,0,0,4,0,3,0,0,0,0,0,3,3,20,18,128,1,19,12,23,0,39,2,0,0,0,6,21,0,0,0,0,0,0,0,0,0,0,0,0,0,1,0,0,0,11,0,0,0,0,1,0,0,0,0,2,0,0,0,7,0,0,0,0,0,0,0,0,0,0,0,0,0,0,0,0,0,0,0,0,0,0,0,1,0,0,0,4,0,5,0,0,0,8,0,7,0,0,0,55,0,22,0,36,0,24,0,0,0,0,0,0,0,0,0,38,0,36,0,9,0,0,0,0,0,0,0,0,0,5,0,1,1,2,1,0,3,56,0,0,0,6,0,38,0,3,0,0,0,0,0,0,0,0,0,0,0,0,0,0,0,0,0,0,0,0,0,0,0,0,0,0,0,0,0,0,0,0,0,0,0,14,0,0,0,0,0,79,2,16,0,0,0,9,0,0,0,0,0,0,0,0,0,0,0,3,0,0,0
6,0,13,2,15,0,26,0,138,0,2,0,7,0,6,0,0,0,4,0,0,0,5,0,0,0,0,0,0,0,0,0,0,0,0,0,6,0,0,0,15,0,1,0,0,0,2,0,0,0,0,0,11,3,35,0,11,5,118,54,0,0,0,0,0,53,56,24,0,0,1,0,0,0,0,0,0,0,0,0,0,0,0,0,0,0,0,0,0,0,0,0,0,0,0,0,0,0,0,0,0,0,0,0,0,0,0,0,0,0,0,0,0,0,1,0,0,0,0,0,0,0,0,0,3,0,0,0,0,0,22,0,1,0,0,0,0,0,3,16,0,0,0,0,12,6,16,0,52,30,16,0,4,2,9,21,7,0,1,19,219,55,2,0,0,0,2,0,0,0,0,0,2,0,46,16,7,0,0,0,63,10,0,0,72,11,1,0,0,0,0,0,0,0,0,0,0,0,0,0,0,0,0,0,0,0,0,0,0,0,0,0,0,0,6,0,0,0,0,0,0,0,0,0,0,0,7,2,0,0,0,0,0,0,35,0,0,0,6,0,0,0,0,0,14,1,0,0,0
0,69,0,0,0,23,0,8,0,174,0,11,0,3,0,12,0,0,0,24,0,4,0,4,0,0,0,14,0,0,0,0,0,0,0,0,0,0,0,0,0,0,0,2,0,1,0,0,0,0,0,0,0,0,0,0,20,0,16,102,0,0,0,0,53,0,7,370,0,0,0,13,1,0,5,7,0,0,0,0,0,3,0,0,0,0,0,0,0,0,0,0,0,0,0,0,0,0,2,0,0,0,0,0,0,0,0,0,0,0,0,0,0,0,0,0,0,0,0,0,0,1,0,0,0,24,0,19,0,0,37,12,0,0,0,8,0,6,35,14,0,0,0,0,37,55,5,30,58,327,0,44,0,26,17,7,5,2,13,3,67,139,0,7,0,0,0,1,0,0,0,0,0,0,38,90,1,2,0,0,0,68,0,24,9,76,0,0,0,0,0,0,0,0,0,0,0,3,0,8,0,0,0,0,0,0,0,11,0,24,0,0,0,0,0,0,0,0,0,0,0,20,0,0,0,0,0,79,0,0,0,0,0,0,0,92,0,0,0,13,0,3,0,0,0,29,0,0,0
0,0,0,0,0,0,5,0,42,38,0,0,0,0,0,0,0,0,0,0,0,0,0,0,0,2,0,0,0,0,0,0,0,0,0,0,0,0,0,0,0,0,0,0,0,0,0,0,0,0,0,0,7,21,19,65,7,18,137,140,6,0,1,6,56,7,0,104,0,0,0,0,0,0,0,0,0,0,0,0,0,0,0,0,0,0,0,0,0,0,0,0,0,0,0,0,0,0,0,0,0,0,0,0,0,0,0,0,0,0,0,0,0,0,0,0,0,0,0,0,0,0,0,0,2,0,0,0,0,0,4,0,0,0,1,0,0,0,1,0,0,0,0,0,1,0,1,0,5,0,4,0,0,0,6,9,7,0,1,3,28,7,0,0,0,0,0,0,0,0,2,0,0,0,10,3,167,21,0,0,44,5,0,0,70,65,0,0,0,0,0,0,0,0,0,0,0,0,0,0,0,0,0,0,0,0,0,0,1,0,0,0,0,0,20,0,0,0,0,0,18,0,3,0,0,0,9,3,11,0,0,0,26,0,23,0,0,0,12,0,2,0,0,0,28,0,0,0,0
0,27,0,0,0,2,0,9,47,55,0,1,0,0,0,0,0,0,0,0,0,0,0,0,3,0,0,0,0,0,0,0,0,0,0,0,0,0,0,0,0,1,0,0,0,0,0,0,0,0,0,0,56,18,52,12,64,0,180,89,0,16,2,21,24,370,104,0,0,0,0,0,0,0,0,0,0,0,0,0,0,0,0,0,0,0,0,0,0,0,0,0,0,0,0,0,0,0,0,0,0,0,0,0,0,0,0,0,0,0,0,0,0,0,0,0,0,0,0,0,0,0,0,0,0,5,0,8,0,0,0,6,0,0,1,0,0,1,1,0,0,0,0,0,6,5,0,12,0,81,0,8,0,18,60,12,12,28,9,3,24,35,0,0,0,0,0,2,0,0,0,0,0,0,0,20,24,87,0,0,0,49,0,4,12,348,0,0,0,0,0,0,0,0,0,0,0,0,0,0,0,3,0,0,0,0,0,0,0,16,0,0,0,0,0,32,0,0,0,0,2,31,0,0,0,0,0,49,0,35,0,0,0,46,0,99,0,2,0,31,0,0,0,6,0,85,0,0,0
0,0,0,0,0,0,0,0,0,0,0,0,0,0,0,0,0,0,0,0,0,0,0,0,0,0,0,0,0,0,0,0,0,0,1,0,0,0,0,0,0,0,2,0,0,0,0,0,9,0,0,0,0,0,0,0,0,0,0,0,0,0,0,0,0,0,0,0,0,0,0,0,9,0,0,0,45,0,9,0,2,0,5,0,4,0,3,0,6,0,0,0,7,0,9,0,0,0,2,0,6,0,93,0,0,0,0,0,41,0,0,0,74,0,2,0,0,0,0,0,0,0,0,0,0,0,0,0,0,0,0,0,0,0,0,0,0,0,0,0,0,0,0,0,0,0,0,0,0,0,0,0,2,0,0,0,0,0,0,0,2,0,0,0,37,0,0,0,69,0,3,0,0,0,0,0,1,0,0,0,0,0,0,0,0,0,0,0,0,0,0,0,0,0,0,0,0,0,0,0,0,0,5,0,0,0,0,0,0,0,0,0,67,0,154,0,78,0,7,0,0,0,125,0,29,0,0,0,34,0,0,0,0,0,3,0,6,0,11,0,11,0,0,0,4,0,0,0,0
0,0,0,0,0,0,0,0,0,0,0,0,0,0,0,0,0,0,0,0,0,0,0,0,0,0,0,4,0,1,0,0,0,0,0,0,0,0,0,0,0,0,0,0,0,3,0,1,0,5,0,0,0,0,0,1,0,3,0,0,0,0,0,0,0,0,0,0,0,0,0,5,0,13,0,0,0,17,0,0,0,6,0,4,0,2,0,21,0,36,0,3,0,0,0,8,0,0,0,7,0,6,0,52,0,22,0,6,0,11,0,0,0,8,0,0,0,1,0,0,0,0,0,0,0,0,0,0,0,1,0,0,0,0,0,0,0,0,0,0,0,1,0,0,0,0,0,0,0,0,0,0,0,0,0,0,0,0,0,0,0,0,0,0,0,16,0,0,0,24,0,0,0,2,0,0,0,0,0,0,0,0,0,0,0,0,0,0,0,42,1,0,0,0,0,23,0,2,0,0,0,11,0,0,0,25,0,0,0,4,0,2,0,52,0,18,0,96,0,17,0,3,0,95,0,23,0,0,0,83,0,0,0,0,0,0,0,0,0,0,0,0,0,2,0,0,0,0,0
0,0,0,0,0,0,0,0,0,0,0,0,0,0,8,0,23,0,0,0,51,0,0,0,0,0,21,0,55,0,31,0,13,0,0,0,94,0,0,0,0,0,17,0,70,0,0,0,0,0,35,0,0,0,1,0,0,0,0,0,5,0,9,0,1,0,0,0,0,0,0,0,216,0,238,0,42,0,245,0,10,1,11,0,0,0,43,3,0,0,0,0,0,0,11,0,0,7,12,1,0,0,0,0,0,0,0,0,0,0,0,0,0,0,0,0,0,0,0,0,15,0,9,0,16,14,20,3,18,1,46,12,18,0,20,0,11,0,20,3,45,3,19,0,107,0,10,0,23,21,52,0,31,11,0,0,21,0,0,0,9,0,45,0,6,0,8,0,30,0,45,0,29,0,76,10,0,0,0,0,71,12,0,0,27,0,0,0,0,0,0,0,0,0,0,0,1,0,23,0,0,0,10,2,0,0,11,0,43,0,0,0,0,0,5,0,3,0,0,0,13,0,21,0,8,0,5,0,71,6,0,0,0,0,0,0,0,0,10,2,6,0,0,0,1,0,0,0,0
0,2,0,0,0,1,0,0,0,0,0,0,0,0,0,0,0,0,0,7,0,27,0,0,0,0,0,0,0,0,0,19,0,0,0,0,0,14,0,2,0,0,0,20,0,33,0,0,0,0,0,19,0,0,0,0,0,0,0,0,0,0,0,0,0,13,0,0,0,5,0,0,0,203,0,145,0,46,0,81,0,4,0,0,0,0,0,46,0,0,0,0,0,0,0,0,0,0,0,0,0,0,0,0,0,0,0,0,0,0,0,0,0,0,0,0,0,0,0,0,0,1,0,17,0,68,0,90,1,6,17,36,3,59,0,39,0,43,0,15,0,26,0,16,2,165,4,50,0,107,0,54,0,8,0,0,0,6,0,3,0,7,0,68,0,3,0,2,0,7,0,6,0,4,6,63,0,0,0,0,0,35,0,0,0,2,0,0,0,0,0,0,0,0,0,0,0,3,0,0,0,0,0,0,0,0,0,19,0,56,0,0,0,0,0,0,0,0,0,0,0,1,0,0,0,5,0,2,0,59,0,1,0,0,0,9,0,0,0,26,0,2,0,0,0,7,0,0,0
