0,662,99,450,283,332,47,162,74,39,258,187,241,0,47,264,133,64,48,25,0,30,67,300,9,315,44,0,211,57,46,13,263,27,0,0,139,21,818,42,17,0,0,0,0,0,0,0,6,0,17,0,6,2,0,0,0,0,6,0,133,4,62,4,32,0,23,0,0,0,0,0,0,0,0,0,0,0,0,0,0,0,0,0,0,0,0,0,0,0,0,0,0,0,0,0,0,0,0,0,0,0,0,0,0,0,0,0,0,0,0,0,0,0,0,0,0,0,0,0,0,0,0,0,28,0,0,0,0,0,27,0,0,0,0,0,3,0,0,0,0,0,0,0,0,0,28,0,74,0,53,0,0,0,0,0,0,0,2,0,0,0,10,1,0,0,78,0,38,0,43,0,528,17,0,0,243,400,27,0,38,0,39,37,39,0,0,1,0,0,0,0,0,0,0,0,0,0,0,0,0,0,0,0,0,0,13,0,43,0,1110,317,503,96,321,0,3,0,23,14,47,4,0,0,0
662,0,191,93,0,259,245,40,179,140,19,472,0,193,15,38,40,105,0,53,0,16,120,96,336,49,0,119,0,171,0,0,0,304,0,0,0,202,0,380,0,124,0,5,0,17,0,73,0,12,0,34,2,0,5,31,0,10,0,16,0,80,25,31,0,72,0,14,0,0,0,0,0,0,0,0,0,0,0,0,0,0,0,0,0,0,0,6,0,0,0,0,0,0,0,0,0,0,0,0,0,0,0,0,0,0,0,0,0,0,0,0,0,0,0,0,0,0,0,0,0,0,0,0,0,12,0,18,0,10,0,22,0,7,0,77,2,92,0,18,0,0,0,0,0,0,0,28,0,152,0,155,0,155,0,0,0,0,0,0,0,17,0,1,0,0,0,0,0,57,0,25,0,232,0,26,83,364,0,17,0,66,0,35,0,69,0,0,0,0,0,0,0,0,0,0,0,0,0,12,0,3,0,0,0,0,0,127,2,125,0,2,0,0,430,0,0,0,1397,331,704,199,4,2,0
99,191,0,127,214,210,206,0,32,0,33,169,33,0,298,137,90,27,37,25,139,18,734,111,208,76,0,0,437,33,250,0,583,22,0,0,105,14,571,0,0,0,0,0,25,0,0,0,10,0,17,0,9,0,166,0,6,0,0,0,66,0,97,0,35,0,9,0,0,0,0,0,0,0,0,0,0,0,0,0,0,0,0,0,0,0,0,0,0,0,0,0,0,0,0,0,0,0,0,0,0,0,0,0,0,0,0,0,0,0,0,0,0,0,0,0,0,0,0,0,0,0,0,0,64,0,72,0,0,0,70,0,48,0,310,0,111,0,0,0,0,1,163,0,0,0,117,0,241,0,203,0,68,0,0,0,0,0,0,0,0,0,0,0,24,0,200,0,87,0,20,0,385,0,0,0,18,80,0,0,51,0,0,15,61,0,0,0,0,0,0,0,0,0,0,0,0,0,44,0,205,0,0,0,0,0,95,0,402,0,1071,177,779,199,472,0,0,0,23,0,0,0,0,0,0
450,93,127,0,0,131,0,261,0,35,0,9,0,11,0,316,34,66,0,74,0,15,154,312,106,236,0,0,0,147,0,57,0,292,0,0,0,87,32,145,0,0,0,0,0,0,0,0,0,0,0,0,0,0,0,337,0,10,0,13,0,8,3,9,0,0,0,1,0,0,0,0,0,0,0,0,0,0,0,0,0,0,0,0,0,0,0,0,0,0,0,0,0,0,0,0,0,0,0,0,0,0,0,0,0,0,0,0,0,0,0,0,0,0,0,0,0,0,0,0,0,0,0,0,0,0,0,20,0,25,0,10,1,22,0,356,1,252,2,48,0,0,1,0,0,0,0,0,0,12,0,0,0,0,0,4,0,0,0,0,0,0,0,1,0,8,0,186,0,33,0,20,0,179,0,3,14,68,0,2,0,0,0,0,0,0,0,0,0,0,0,0,0,0,0,0,0,4,0,0,0,0,0,0,0,0,0,104,0,182,0,0,10,0,161,0,0,0,368,54,412,114,0,0,0
283,0,214,0,0,327,45,0,53,0,181,260,319,418,333,181,0,0,239,464,200,172,108,40,0,0,139,297,0,0,355,0,469,0,332,23,282,0,0,0,70,35,0,0,37,27,34,0,6,5,227,0,0,0,0,0,0,0,0,0,0,0,0,0,0,0,0,0,0,0,0,0,0,0,0,0,0,0,0,0,0,0,0,0,0,0,0,0,0,0,0,0,0,0,0,0,0,0,0,0,0,0,0,0,0,0,0,0,0,0,0,0,0,0,0,0,0,0,0,0,0,0,0,0,0,0,0,0,0,0,0,0,0,0,0,0,0,0,0,0,0,0,0,0,0,0,33,0,56,0,0,0,0,0,0,0,0,0,0,0,0,0,0,0,386,0,248,0,315,0,0,0,162,0,0,0,62,100,62,0,0,0,39,0,46,0,18,9,0,0,0,0,0,0,0,0,0,0,0,0,0,0,0,0,0,0,0,0,51,0,1005,492,944,185,416,0,0,2,12,13,0,0,0,0,0
332,259,210,131,327,0,0,31,0,24,447,63,94,228,367,281,52,0,87,222,95,84,415,80,23,20,0,258,0,26,31,60,68,202,27,227,0,447,0,0,0,126,1,24,0,0,0,58,0,0,0,204,0,9,0,35,0,0,0,0,0,0,0,0,0,14,0,0,0,0,0,0,0,0,0,0,0,0,0,0,0,0,0,0,0,0,0,0,0,0,0,0,0,0,0,0,0,0,0,0,0,0,0,0,0,0,0,0,0,0,0,0,0,0,0,0,0,0,0,0,0,0,0,0,0,0,0,13,0,0,0,0,0,0,0,178,0,112,0,0,0,0,0,28,0,0,0,0,0,43,0,0,0,0,0,0,0,0,0,0,0,0,0,0,0,141,0,387,0,479,0,24,0,73,0,0,70,311,94,28,0,103,0,0,0,0,0,3,0,0,0,0,0,0,0,0,0,0,0,17,0,0,0,0,0,0,0,86,0,153,16,0,0,0,387,0,0,0,1175,459,910,237,0,0,0
47,245,206,0,45,0,0,126,25,289,11,0,0,0,16,0,5,58,0,0,0,0,52,0,375,234,0,0,0,21,0,0,0,0,0,0,0,0,77,0,0,0,0,0,0,0,0,0,10,0,0,0,132,11,189,39,4,0,18,0,452,0,418,72,21,0,9,0,0,0,0,0,0,0,0,0,0,0,0,0,0,0,0,0,0,0,0,0,0,0,0,0,0,0,0,0,0,0,0,0,0,0,0,0,0,0,0,0,0,0,0,0,1,0,0,0,0,0,0,0,1,0,0,0,46,0,21,0,24,0,68,0,63,0,21,0,24,0,0,0,0,0,28,0,0,0,12,0,35,0,38,0,0,0,0,0,0,0,0,0,32,0,28,0,8,0,12,0,26,0,113,0,335,0,0,0,17,85,0,0,0,0,0,42,1,0,0,0,0,0,1,0,0,0,0,0,0,0,0,0,0,0,0,0,0,0,19,0,133,0,1210,220,487,359,658,0,47,1,13,11,37,0,0,0,0
162,40,0,261,0,31,126,0,357,88,0,3,0,7,0,51,0,30,0,0,0,0,6,27,147,564,0,0,0,84,0,0,0,0,0,0,0,0,0,432,0,0,0,0,0,0,0,0,0,0,0,0,21,23,37,301,0,14,0,31,0,302,83,231,0,0,0,6,0,0,0,0,0,0,0,0,0,0,0,0,0,0,0,0,0,0,0,0,0,0,0,0,0,0,0,0,0,0,0,0,0,0,0,0,0,0,0,0,0,0,0,0,0,0,0,0,0,0,0,0,0,0,0,0,0,0,0,7,0,23,0,12,0,13,0,71,0,69,0,11,0,0,0,0,0,0,0,0,0,0,0,0,0,4,0,0,0,0,0,0,1,13,0,0,0,3,0,0,0,25,0,65,0,311,0,0,0,0,0,0,0,0,0,0,0,0,0,0,0,0,0,0,0,0,0,0,0,0,0,2,0,0,0,0,0,0,0,0,0,75,0,0,0,0,458,0,0,0,1097,112,864,272,2,23,0
74,179,32,0,53,0,25,357,0,1064,62,0,43,0,39,0,0,21,0,0,0,0,0,0,0,356,0,0,0,9,0,0,0,0,0,0,0,0,0,0,0,0,0,0,0,0,0,0,1,0,0,0,121,41,37,347,9,0,153,39,167,0,105,132,339,0,274,221,0,0,0,0,0,0,0,0,0,0,0,0,0,0,0,0,0,0,0,0,0,0,0,0,0,0,0,0,0,0,0,0,0,0,0,0,0,0,0,0,0,0,0,0,0,0,0,0,0,0,0,0,0,0,0,0,27,0,21,0,0,0,42,0,8,0,4,0,1,0,0,0,0,0,0,0,0,0,45,0,198,0,83,0,41,0,0,0,19,0,0,0,9,0,16,0,0,0,0,0,14,0,74,0,79,11,0,0,221,213,10,0,0,0,26,38,203,38,0,0,0,0,0,0,0,0,0,0,0,0,0,0,0,0,0,0,0,0,19,0,62,0,408,165,166,179,203,0,19,0,6,14,28,0,0,0,0
39,140,0,35,0,24,289,88,1064,0,0,21,0,7,0,0,0,0,0,0,1,0,0,17,100,27,0,12,0,7,0,0,0,7,0,0,0,0,0,72,0,7,0,0,0,0,0,0,0,0,0,0,87,98,264,172,0,22,108,76,0,347,90,304,0,286,52,261,0,0,0,0,0,0,0,0,0,0,0,0,0,0,0,0,0,0,0,0,0,0,0,0,0,0,0,0,0,0,0,0,0,0,0,0,0,0,0,0,0,0,0,0,0,0,0,0,0,0,0,0,0,0,0,0,0,53,0,24,0,13,0,74,0,17,0,24,0,36,0,7,0,0,0,5,0,0,0,24,0,161,0,69,0,20,0,0,0,54,0,2,0,57,0,0,0,5,0,0,0,9,0,148,0,271,0,0,37,370,0,4,0,0,0,43,20,57,0,0,0,0,0,0,0,0,0,0,0,0,1,9,0,0,0,0,0,0,0,171,0,166,0,2,0,0,278,0,0,0,765,206,496,315,1,16,0
258,19,33,0,181,447,11,0,62,0,0,307,602,157,46,305,25,0,91,295,142,109,32,59,0,0,140,60,0,2,241,0,473,0,141,0,266,22,27,0,107,0,3,0,55,0,105,0,22,2,70,0,0,0,0,0,0,0,0,0,0,0,0,0,15,0,0,0,0,0,0,0,0,0,0,0,0,0,0,0,0,0,0,0,0,0,0,0,0,0,0,0,0,0,0,0,0,0,0,0,0,0,0,0,0,0,0,0,0,0,0,0,0,0,0,0,0,0,0,0,0,0,0,0,0,0,0,0,0,0,0,0,0,0,4,0,0,0,0,0,0,0,0,0,0,0,11,0,38,0,0,0,117,0,0,0,0,0,0,0,0,0,0,0,87,0,134,0,141,0,0,0,156,0,45,0,107,216,138,1,115,0,35,0,93,0,28,0,0,0,0,0,0,0,0,0,1,0,0,0,0,0,0,0,0,0,0,0,24,0,604,351,504,67,141,0,0,1,0,5,0,0,0,0,0
187,472,169,9,260,63,0,3,0,21,307,0,0,391,272,7,31,0,55,20,52,32,313,20,15,0,25,95,0,0,11,0,0,73,12,81,0,223,0,5,0,291,0,29,0,43,8,116,0,107,0,118,0,1,0,0,0,4,0,0,0,0,0,0,0,0,0,0,0,0,0,0,0,0,0,0,0,0,0,0,0,0,0,12,0,0,0,0,0,0,0,0,0,0,0,0,0,0,0,0,0,0,0,0,0,0,0,0,0,0,0,0,0,0,0,0,0,0,0,0,0,0,0,0,0,0,0,0,0,0,0,0,0,0,0,0,0,0,0,0,0,0,0,5,0,0,0,0,0,26,0,94,0,241,0,0,0,0,0,0,0,1,0,0,0,42,0,115,0,119,0,6,0,10,0,86,55,660,35,143,0,233,0,83,0,34,1,45,0,0,0,0,0,0,0,0,0,0,0,0,0,9,0,0,0,0,0,0,0,21,0,13,22,0,72,0,0,0,486,209,297,63,0,0,0
241,0,33,0,319,94,0,0,43,0,602,0,0,506,49,23,0,0,56,316,10,99,0,0,2,0,212,575,0,0,14,0,0,0,98,0,48,0,0,0,468,215,44,56,102,172,289,358,189,24,191,16,0,0,0,0,0,0,0,0,0,0,0,0,0,0,0,0,0,0,0,0,0,0,0,0,0,0,0,0,0,0,0,0,0,0,0,0,0,0,0,0,0,0,0,0,0,0,0,0,4,0,3,0,0,0,0,0,0,0,0,0,0,0,0,0,0,0,0,0,0,0,0,0,0,0,0,0,0,0,0,0,0,0,0,0,0,0,0,0,0,0,0,0,0,0,0,0,0,0,0,0,0,0,0,0,0,0,0,0,0,0,0,0,133,0,0,0,20,0,0,0,0,0,0,0,75,125,169,0,29,0,68,0,17,0,339,13,0,0,0,0,0,0,0,0,0,0,0,0,0,0,0,0,0,0,0,0,0,0,0,160,169,42,24,0,0,0,4,6,0,0,0,0,0
0,193,0,11,418,228,0,7,0,7,157,391,506,0,233,15,0,0,396,106,57,10,0,0,0,0,217,153,0,0,1,0,0,0,13,30,0,34,0,0,85,414,0,131,0,121,46,213,0,322,57,525,0,0,0,0,0,0,0,0,0,0,0,0,0,3,0,0,0,0,0,0,0,0,0,0,0,0,0,0,0,0,0,0,0,0,0,41,0,0,0,0,0,0,0,89,0,0,0,0,0,0,0,0,0,0,0,0,0,0,0,0,0,0,0,0,0,0,0,0,0,0,0,0,0,0,0,0,0,0,0,0,0,4,0,0,0,0,0,0,0,0,0,0,0,0,0,0,0,0,0,0,0,0,0,0,0,0,0,0,0,0,0,2,0,141,0,0,0,154,0,0,0,0,0,0,43,489,93,135,0,51,0,12,0,0,29,95,0,0,0,0,0,0,0,0,0,0,0,0,0,0,0,0,0,0,0,0,0,0,0,0,0,0,85,0,0,0,181,371,367,75,2,0,0
47,15,298,0,333,367,16,0,39,0,46,272,49,233,0,245,64,0,240,434,268,155,527,38,68,0,91,91,0,0,216,0,101,0,208,24,131,31,0,0,9,0,0,0,38,0,13,9,0,0,102,26,0,0,90,0,0,0,0,0,0,0,27,0,14,0,0,0,0,0,0,0,0,0,0,0,0,0,0,0,0,0,0,0,0,0,0,0,0,0,0,0,0,0,0,0,0,0,0,0,0,0,0,0,0,0,0,0,0,0,0,0,0,1,0,0,0,0,0,0,0,0,0,0,11,0,0,0,0,0,8,0,0,0,161,0,0,0,0,1,0,0,187,0,0,0,55,0,201,0,116,0,129,0,0,0,0,0,0,0,0,0,0,0,148,0,125,0,131,0,0,0,47,0,0,0,19,40,11,0,102,0,28,0,141,0,0,4,0,0,0,0,0,0,0,0,0,0,0,0,351,0,0,0,0,0,28,0,66,0,260,337,199,40,52,0,0,0,0,0,22,0,0,0,0
264,38,137,316,181,281,0,51,0,0,305,7,23,15,245,0,32,55,0,419,56,206,279,377,35,117,9,124,13,36,23,99,55,170,12,135,0,223,0,0,0,0,0,0,0,28,0,0,0,0,0,15,0,12,1,301,0,16,0,0,0,0,0,52,0,0,0,0,0,0,0,9,0,0,0,0,0,0,0,0,0,158,0,0,0,242,0,0,0,0,0,0,0,0,0,0,0,466,0,107,0,0,0,0,0,0,0,764,0,0,0,0,0,0,0,0,0,0,0,0,0,0,0,0,0,0,0,2,0,42,0,0,0,28,0,529,0,249,0,124,0,67,0,390,5,11,0,0,0,17,0,0,0,0,0,0,0,0,3,0,0,0,0,0,0,17,0,147,0,94,0,10,0,33,0,0,13,40,42,0,0,0,5,0,0,0,0,0,0,0,0,0,0,0,0,0,0,0,0,0,0,360,0,0,0,0,0,93,0,96,14,0,23,0,0,0,0,0,131,139,134,26,0,0,0
133,40,90,34,0,52,5,0,0,0,25,31,0,0,64,32,0,9,12,0,408,6,104,42,129,35,0,0,355,8,134,0,66,6,52,0,0,0,41,3,0,0,0,0,68,0,0,0,5,0,0,0,47,0,24,0,0,0,2,0,9,0,434,0,0,0,0,0,0,0,71,0,0,0,117,0,0,0,0,0,134,0,0,0,927,0,153,0,0,0,126,0,0,0,0,0,582,0,274,0,0,0,0,0,90,0,263,0,0,0,0,0,0,0,0,0,0,0,0,0,213,0,235,0,1,0,0,0,0,0,0,0,0,0,0,0,56,0,68,0,91,0,218,0,46,0,0,0,0,0,0,0,0,0,53,0,0,0,0,0,0,0,0,0,0,0,9,0,0,0,4,0,26,0,0,0,4,5,3,0,0,0,0,0,0,0,0,0,0,0,0,0,0,0,0,0,0,0,0,0,69,0,0,0,0,0,0,0,0,0,83,321,69,29,52,0,0,0,0,0,0,0,0,0,0
64,105,27,66,0,0,58,30,21,0,0,0,0,0,0,55,9,0,0,28,0,135,5,254,67,153,0,0,0,289,0,75,0,65,0,50,0,26,0,64,0,0,0,11,0,0,0,0,0,0,0,8,0,64,0,41,0,45,0,0,0,6,6,221,0,0,0,0,0,0,0,0,0,0,0,0,0,0,0,0,0,27,0,0,0,108,0,0,0,0,0,0,0,0,0,0,0,0,0,29,0,0,0,0,0,0,0,90,0,0,0,0,0,0,0,0,0,0,0,0,0,0,0,0,0,0,0,0,0,37,0,0,0,28,0,57,0,289,0,208,0,148,0,372,0,18,0,0,0,0,0,0,0,0,0,55,0,0,0,42,4,3,0,0,0,0,0,0,0,0,0,0,0,15,0,0,0,31,0,0,1,0,1,6,0,0,0,0,0,0,0,0,0,0,0,0,0,0,0,0,0,0,0,0,0,0,0,0,0,0,0,0,0,0,4,0,0,0,11,97,12,6,0,0,0
48,0,37,0,239,87,0,0,0,0,91,55,56,396,240,0,12,0,0,277,128,85,225,0,0,0,144,359,0,0,48,0,0,0,233,0,88,0,0,0,20,78,97,39,79,57,14,136,3,7,526,15,0,0,0,0,0,0,0,1,0,0,0,0,0,0,0,0,0,0,45,0,0,0,0,0,0,0,0,0,0,0,0,0,0,0,0,0,0,0,0,0,0,0,0,0,0,0,0,0,0,0,0,0,0,0,0,0,0,0,0,0,0,0,0,0,0,0,0,0,0,0,0,0,0,0,0,0,0,0,0,0,0,0,0,0,0,0,0,0,0,0,0,0,45,0,0,0,0,0,0,0,0,0,0,0,0,0,0,0,0,0,0,0,189,0,12,0,0,0,15,0,0,0,0,0,6,27,18,0,27,0,24,0,0,0,10,8,0,0,0,0,0,0,0,0,0,0,0,0,0,0,0,0,0,0,0,0,0,0,121,226,195,41,25,0,0,0,0,0,0,0,0,0,0
25,53,25,74,464,222,0,0,0,0,295,20,316,106,434,419,0,28,277,0,88,360,21,250,0,46,98,471,0,0,6,31,0,16,54,258,0,292,0,0,38,27,11,188,0,182,24,117,0,15,44,453,0,0,0,50,0,0,0,0,0,0,0,68,0,17,0,0,0,0,0,26,0,0,0,0,0,0,0,0,0,252,0,0,0,252,0,133,0,0,0,0,0,0,0,0,0,0,0,0,0,0,0,0,0,0,0,0,0,0,0,0,0,0,0,0,0,0,0,0,0,139,0,0,0,0,0,0,0,0,0,0,0,0,0,128,0,0,0,0,0,91,0,330,0,60,0,0,0,0,0,0,0,0,0,0,0,0,0,0,0,0,0,0,0,149,0,94,0,234,0,11,0,17,0,0,15,69,93,5,0,23,3,3,0,0,7,0,0,0,0,0,0,0,0,0,0,0,0,0,0,0,0,0,0,0,0,0,0,61,6,0,17,0,85,0,0,0,209,201,260,93,0,0,0
0,0,139,0,200,95,0,0,0,1,142,52,10,57,268,56,408,0,128,88,0,35,252,13,79,1,189,0,50,0,302,0,228,5,264,2,68,0,13,0,0,0,17,0,90,0,5,0,0,0,121,0,14,0,16,0,0,0,10,0,12,0,222,0,4,0,0,0,0,0,233,0,0,0,256,0,0,0,0,0,267,0,0,0,609,0,213,0,0,0,136,0,0,0,0,0,503,0,463,0,0,0,0,0,0,0,0,0,0,0,0,0,0,0,0,0,0,0,0,0,209,0,0,0,0,0,0,0,0,0,0,0,0,0,0,0,22,0,46,0,117,0,91,0,276,0,0,0,0,0,5,0,0,0,19,0,14,0,0,0,11,0,53,0,68,0,79,0,67,0,0,0,58,0,0,0,0,5,0,0,0,0,0,0,0,0,0,0,0,0,0,0,0,0,0,0,0,0,0,0,0,0,0,0,0,0,0,0,0,0,164,227,102,26,37,0,0,1,0,0,0,0,0,0,0
30,16,18,15,172,84,0,0,0,0,109,32,99,10,155,206,6,135,85,360,35,0,32,364,0,43,25,236,0,94,8,141,5,61,18,317,5,55,0,9,0,0,0,116,5,141,10,0,0,10,7,120,0,24,0,19,0,0,0,0,0,14,0,80,0,0,0,0,0,0,0,26,0,0,0,0,0,0,0,0,0,221,0,0,0,240,0,0,0,0,0,0,0,0,0,0,0,0,0,99,0,0,0,0,0,0,0,0,0,0,0,0,0,0,0,0,0,0,0,0,0,275,0,0,0,0,0,0,0,0,0,0,0,0,0,0,0,213,0,214,0,469,0,549,0,202,0,0,0,0,0,0,0,0,1,12,0,0,0,0,0,0,0,0,0,32,0,23,0,90,0,0,0,11,0,0,0,21,16,7,0,0,0,3,0,0,0,0,0,0,0,0,0,0,0,0,0,0,0,0,0,0,0,0,0,0,0,0,0,0,2,2,8,0,62,0,0,0,318,329,124,43,0,0,0
67,120,734,154,108,415,52,6,0,0,32,313,0,0,527,279,104,5,225,21,252,32,0,209,315,15,163,0,28,15,97,11,54,20,30,0,10,11,19,6,0,0,0,0,118,0,22,0,5,0,0,0,0,0,232,1,0,0,0,0,0,0,33,0,0,0,0,0,0,0,0,0,0,0,15,0,0,0,0,0,0,0,0,0,282,0,0,0,0,0,171,0,0,0,0,0,276,0,0,0,0,0,0,0,170,0,166,0,0,0,0,0,0,0,0,0,0,0,0,0,0,0,0,0,0,0,0,0,43,0,0,0,0,0,130,0,126,0,16,0,0,0,274,0,0,0,8,0,39,0,0,0,12,0,18,0,0,0,0,0,0,0,0,0,13,0,24,0,48,0,4,0,51,0,0,0,10,50,0,0,9,0,1,1,0,0,0,1,0,0,0,0,0,0,0,0,0,0,20,0,380,0,0,0,0,0,23,0,40,0,74,213,73,0,23,2,3,0,16,5,10,0,0,0,0
300,96,111,312,40,80,0,27,0,17,59,20,0,0,38,377,42,254,0,250,13,364,209,0,65,262,0,74,0,121,0,127,14,97,0,36,0,19,16,19,0,0,0,0,0,33,0,0,0,22,0,3,0,42,0,57,0,14,0,3,0,0,1,201,0,0,0,0,0,0,0,0,0,0,0,0,0,0,0,7,0,149,0,0,0,282,0,59,0,0,0,158,0,0,0,0,0,276,0,99,0,0,0,0,0,0,0,334,0,0,0,0,0,0,0,0,0,0,0,0,0,79,0,0,0,0,0,0,0,0,0,0,1,0,0,100,0,0,0,89,0,98,0,486,0,0,0,0,0,0,0,0,0,0,0,0,0,0,0,0,0,0,0,0,0,0,0,18,0,0,0,2,0,39,0,0,6,62,0,3,0,0,0,0,0,0,1,0,0,0,0,0,0,0,0,0,0,0,0,0,0,0,0,0,0,0,0,0,0,0,0,0,12,0,28,0,0,0,91,188,58,0,0,0,2
9,336,208,106,0,23,375,147,0,100,0,15,2,0,68,35,129,67,0,0,79,0,315,65,0,257,0,0,120,30,7,1,0,21,0,0,1,0,63,30,0,0,0,0,0,0,4,0,0,0,0,0,124,0,213,12,4,0,1,0,41,11,126,23,0,0,0,0,0,0,1,0,0,0,0,0,0,0,0,0,0,0,0,0,208,0,0,0,0,0,47,0,0,0,0,0,0,0,0,0,0,0,0,0,0,0,72,0,0,0,0,0,0,0,0,0,0,0,0,0,0,0,40,0,0,0,6,0,62,0,0,0,0,0,55,0,139,0,84,2,46,0,236,0,0,0,0,0,0,0,1,0,0,0,86,0,0,0,12,1,0,0,0,0,0,0,2,0,0,0,10,0,46,0,0,0,0,39,0,0,0,0,0,30,0,0,0,0,0,0,0,0,0,0,0,0,0,0,0,0,151,0,0,0,0,0,0,0,17,0,97,211,89,48,66,0,0,0,8,9,20,0,0,0,0
315,49,76,236,0,20,234,564,356,27,0,0,0,0,0,117,35,153,0,46,1,43,15,262,257,0,0,0,0,334,0,12,0,40,0,11,0,7,0,120,0,0,0,0,0,0,0,0,0,0,0,0,11,8,27,395,0,33,0,3,0,11,106,119,0,0,0,0,0,0,0,0,0,0,0,0,0,0,0,0,0,0,0,0,0,33,0,0,0,0,0,0,0,0,0,0,3,0,0,0,0,0,0,0,2,0,0,0,0,0,0,0,0,0,0,0,0,0,0,0,0,0,0,0,0,0,0,0,0,48,0,0,0,15,0,180,0,125,4,89,0,23,0,90,5,5,0,0,0,0,0,0,2,0,0,4,0,0,1,7,0,0,0,0,0,0,0,0,0,9,0,0,0,62,0,0,14,59,0,0,0,0,7,11,0,0,0,0,0,0,0,0,0,0,0,0,0,0,0,0,0,64,0,0,0,0,0,0,0,26,0,0,0,0,21,0,0,0,65,209,109,35,0,0,1
44,0,0,0,139,0,0,0,0,0,140,25,212,217,91,9,0,0,144,98,189,25,163,0,0,0,0,269,0,0,15,0,0,0,27,0,43,0,0,0,30,151,198,37,365,130,145,313,51,27,242,11,0,0,0,0,0,0,0,0,9,0,0,0,0,0,0,0,0,0,0,0,0,0,0,0,0,0,0,0,0,0,0,0,0,0,0,0,0,0,0,0,0,0,29,0,0,0,0,0,15,0,0,0,0,0,0,0,0,0,0,0,0,0,0,0,0,0,0,0,0,0,0,0,0,0,0,0,0,0,0,0,0,0,16,0,0,0,0,0,0,0,0,0,128,0,0,0,0,0,0,0,0,0,0,0,0,0,0,0,0,0,0,0,220,0,0,0,0,0,0,0,0,0,0,0,0,18,20,0,0,0,34,0,15,0,0,4,0,0,0,0,0,0,0,0,0,0,0,0,0,0,0,0,0,0,0,0,0,0,62,247,195,43,25,0,0,5,0,0,0,0,0,0,0
0,119,0,0,297,258,0,0,0,12,60,95,575,153,91,124,0,0,359,471,0,236,0,74,0,0,269,0,0,0,0,0,0,11,0,40,0,52,0,0,128,6,0,290,26,414,80,136,11,45,42,300,0,0,0,0,0,0,0,0,0,0,0,0,0,0,0,0,0,12,0,0,0,0,0,0,0,0,0,0,0,0,0,0,0,0,0,0,0,0,0,0,0,0,0,0,0,0,0,0,0,0,0,21,0,0,0,0,0,0,0,0,0,0,0,0,0,0,0,0,0,0,0,0,0,0,0,0,0,0,0,0,0,0,0,0,0,0,0,0,0,125,0,290,0,0,0,0,0,0,0,0,0,0,0,0,0,0,0,0,0,0,0,0,0,172,0,0,0,0,0,0,0,0,0,0,0,151,66,53,0,0,0,0,0,0,25,15,0,0,0,0,0,0,0,0,0,0,0,0,0,0,0,0,0,0,0,0,0,63,0,0,0,0,72,0,0,0,0,280,410,83,0,0,0
211,0,437,0,0,0,0,0,0,0,0,0,0,0,0,13,355,0,0,0,50,0,28,0,120,0,0,0,0,0,73,0,53,0,20,0,6,0,15,0,0,0,0,0,1,0,0,0,0,0,0,0,30,0,1,0,0,0,0,0,13,0,153,0,0,0,0,0,0,0,28,0,0,0,24,0,0,0,0,0,47,0,0,0,91,0,44,0,0,0,0,0,0,0,0,0,62,0,61,0,0,0,0,0,0,0,0,0,0,0,0,0,0,0,0,0,0,0,0,0,44,0,21,0,0,0,0,0,0,0,0,0,0,0,0,0,0,0,107,0,134,0,0,0,186,0,0,0,0,0,0,0,0,0,24,0,10,0,25,0,0,0,0,0,0,0,0,0,0,0,2,0,0,0,0,0,0,0,0,0,0,0,3,0,0,0,0,0,0,0,0,0,0,0,0,0,0,0,0,0,0,0,0,0,0,0,0,0,0,0,40,66,7,0,15,0,0,0,0,0,0,0,0,0,0
57,171,33,147,0,26,21,84,9,7,2,0,0,0,0,36,8,289,0,0,0,94,15,121,30,334,0,0,0,0,0,15,0,15,0,31,0,66,0,100,0,0,0,0,0,0,0,0,0,0,0,3,0,15,0,38,0,17,0,0,1,13,3,83,0,0,0,0,0,0,0,0,0,0,0,2,0,0,0,0,0,14,0,0,0,19,0,0,0,0,0,0,0,0,0,0,0,0,0,0,0,0,0,0,0,0,0,0,0,0,0,0,0,0,0,0,0,0,0,0,0,0,0,0,0,0,0,0,0,0,0,0,0,6,0,0,0,111,0,144,0,134,0,140,0,50,0,0,0,0,0,0,0,0,0,32,0,12,0,33,0,0,0,0,0,0,0,8,0,0,0,0,0,5,0,0,0,41,0,0,0,0,0,11,0,0,0,0,0,0,0,0,0,0,0,0,0,0,0,1,0,0,0,0,0,0,0,5,0,0,1,0,0,0,0,0,0,0,13,118,13,0,0,0,0
46,0,250,0,355,31,0,0,0,0,241,11,14,1,216,23,134,0,48,6,302,8,97,0,7,0,15,0,73,0,0,0,107,2,35,0,82,0,51,0,0,0,14,0,0,0,0,0,0,0,30,0,3,0,0,0,0,0,0,0,24,0,35,0,0,0,0,0,0,0,45,0,0,0,38,0,0,0,0,0,0,0,0,0,0,0,0,0,0,0,0,0,0,0,0,0,0,0,78,0,0,0,0,0,0,0,0,0,0,0,0,0,0,0,0,0,0,0,0,0,40,0,0,0,0,0,0,0,0,0,0,0,0,0,0,0,0,0,50,0,56,0,0,0,118,0,0,0,0,0,0,0,0,0,0,0,11,0,0,0,0,0,14,0,0,0,5,0,0,0,0,0,24,0,0,0,6,4,8,0,0,0,0,0,0,0,0,0,0,0,0,0,0,0,0,0,0,0,0,0,0,0,0,0,0,0,0,0,0,0,21,46,12,0,0,0,0,0,0,0,0,0,0,0,0
13,0,0,57,0,60,0,0,0,0,0,0,0,0,0,99,0,75,0,31,0,141,11,127,1,12,0,0,0,15,0,0,0,11,0,63,0,42,0,4,0,0,0,7,0,0,0,0,0,0,0,42,0,0,0,0,0,0,0,3,0,0,0,5,0,0,0,0,0,0,0,0,0,0,0,0,0,0,0,0,0,0,0,0,0,0,0,0,0,0,0,0,0,0,0,0,0,0,0,0,0,0,0,0,0,0,0,0,0,0,0,0,0,0,0,0,0,0,0,0,0,0,0,0,0,0,0,0,0,0,0,0,0,0,0,0,0,0,0,35,0,43,0,48,0,43,0,0,0,0,0,0,0,0,0,0,0,0,0,0,0,0,0,0,0,0,0,13,0,0,0,0,0,3,0,0,0,14,0,0,0,0,0,0,0,0,0,0,0,0,0,0,0,0,0,0,0,0,0,0,0,0,0,0,0,0,0,0,0,0,0,0,0,0,13,0,0,0,62,40,28,9,0,0,0
263,0,583,0,469,68,0,0,0,0,473,0,0,0,101,55,66,0,0,0,228,5,54,14,0,0,0,0,53,0,107,0,0,1,47,0,306,0,20,0,0,0,43,0,5,0,2,0,0,0,48,0,0,0,0,0,0,0,0,0,18,0,8,0,0,0,0,0,0,0,17,0,0,0,0,0,0,0,0,0,0,0,0,0,0,0,0,0,0,0,7,0,0,0,0,0,0,0,0,0,0,0,0,0,0,0,0,0,0,0,0,0,0,0,0,0,0,0,0,0,0,0,0,0,0,0,0,0,0,0,0,0,0,0,0,0,0,0,0,0,0,0,0,0,24,0,0,0,0,0,0,0,0,0,6,0,13,0,0,0,0,0,6,0,4,0,15,0,11,0,0,0,9,0,0,0,0,10,9,0,40,0,0,0,0,0,0,0,0,0,0,0,0,0,0,0,0,0,0,0,0,0,0,0,0,0,0,0,0,0,21,91,12,0,0,0,0,0,0,0,0,0,0,0,0
27,304,22,292,0,202,0,0,0,7,0,73,0,0,0,170,6,65,0,16,5,61,20,97,21,40,0,11,0,15,2,11,1,0,0,63,0,69,0,0,0,0,0,31,0,0,0,0,0,0,0,20,0,5,0,0,0,0,0,0,0,44,0,26,0,0,0,0,0,0,0,0,0,0,0,0,0,0,0,0,0,0,0,0,0,0,0,0,0,0,0,0,0,0,0,0,0,0,0,0,0,0,0,0,0,0,0,0,0,0,0,0,0,0,0,0,0,0,0,0,0,0,0,0,0,0,0,0,0,0,0,0,0,0,0,0,0,0,0,35,0,23,0,18,0,28,0,0,0,0,0,0,0,0,0,0,0,27,0,0,0,0,0,0,0,2,0,84,0,14,0,0,0,22,0,0,0,56,0,0,0,0,0,22,0,0,0,0,0,0,0,0,0,0,0,0,0,0,0,0,0,0,0,0,0,0,0,0,0,0,2,0,0,0,11,0,0,0,44,105,40,12,0,0,0
0,0,0,0,332,27,0,0,0,0,141,12,98,13,208,12,52,0,233,54,264,18,30,0,0,0,27,0,20,0,35,0,47,0,0,0,112,0,10,0,0,0,32,0,16,0,0,0,0,1,83,2,0,0,3,0,0,0,0,0,6,0,22,0,0,0,0,0,0,0,64,0,0,0,62,0,0,0,0,0,50,0,0,0,0,0,0,0,0,0,0,0,0,0,0,0,0,0,106,0,0,0,0,0,0,0,0,0,0,0,0,0,0,0,0,0,0,0,0,0,0,0,0,0,0,0,0,0,0,0,0,0,0,0,0,0,0,0,0,0,0,0,0,0,26,0,0,0,0,0,0,0,0,0,0,0,2,0,0,0,0,0,13,0,91,0,20,0,0,0,0,0,8,0,0,0,0,0,10,0,0,0,0,0,0,0,0,0,0,0,0,0,0,0,0,0,0,0,0,0,0,0,0,0,0,0,0,0,0,0,0,65,82,15,18,0,0,0,0,0,0,0,0,0,0
0,0,0,0,23,227,0,0,0,0,0,81,0,30,24,135,0,50,0,258,2,317,0,36,0,11,0,40,0,31,0,63,0,63,0,0,0,108,0,6,0,0,0,62,0,14,0,0,0,0,0,104,0,0,0,0,0,10,0,0,0,0,0,0,0,0,0,0,0,0,0,0,0,0,0,0,0,0,0,0,0,123,0,0,0,0,0,40,0,0,0,0,0,0,0,0,0,0,0,0,0,0,0,0,0,0,0,0,0,0,0,0,0,0,0,0,0,0,0,0,0,158,0,0,0,0,0,0,0,0,0,0,0,0,0,0,0,0,0,47,0,180,0,168,0,151,0,0,0,0,0,0,0,0,0,0,0,0,0,0,0,0,0,0,0,44,0,55,0,72,0,0,0,18,0,0,0,0,0,5,0,0,0,0,0,0,0,0,0,0,0,0,0,0,0,0,0,0,0,0,0,0,0,0,0,0,0,0,0,0,1,0,0,0,46,0,0,0,140,92,104,32,0,0,0
139,0,105,0,282,0,0,0,0,0,266,0,48,0,131,0,0,0,88,0,68,5,10,0,1,0,43,0,6,0,82,0,306,0,112,0,0,0,180,0,0,0,41,0,40,0,1,0,0,0,135,0,2,0,0,0,13,0,0,0,18,0,7,0,0,0,0,0,0,0,68,0,9,0,35,0,5,0,0,0,0,0,0,0,0,0,0,0,0,0,0,0,0,0,0,0,0,0,0,0,0,0,0,0,0,0,0,0,0,0,0,0,0,0,0,0,0,0,0,0,16,0,0,0,0,0,0,0,0,0,0,0,0,0,0,0,0,0,62,0,35,0,0,0,130,0,0,0,0,0,0,0,0,0,14,0,37,0,0,0,0,0,28,0,98,0,18,0,24,0,0,0,48,0,0,0,0,11,11,0,10,0,0,0,0,0,1,0,0,0,0,0,0,0,0,0,0,0,0,0,0,0,0,0,0,0,0,0,0,0,26,42,35,13,0,0,0,0,0,0,0,0,0,0,0
21,202,14,87,0,447,0,0,0,0,22,223,0,34,31,223,0,26,0,292,0,55,11,19,0,7,0,52,0,66,0,42,0,69,0,108,0,0,0,31,0,0,0,146,0,56,1,0,0,0,0,139,0,1,0,0,0,0,0,22,0,40,0,13,0,0,0,0,0,0,0,0,0,0,0,32,0,0,0,0,0,0,0,0,0,0,0,0,0,0,0,0,0,0,0,0,0,0,0,0,0,0,0,0,0,0,0,0,0,0,0,0,0,0,0,0,0,0,0,0,0,84,0,0,0,0,0,0,0,0,0,0,0,0,0,0,0,0,0,77,0,94,0,44,0,202,0,0,0,0,0,0,0,0,0,12,0,50,0,0,0,0,0,6,0,13,0,102,0,79,0,19,0,96,0,0,5,69,0,26,0,27,0,33,0,0,0,3,0,0,0,0,0,0,0,0,0,1,0,0,0,0,0,0,0,0,0,0,0,0,0,0,0,0,16,0,0,0,38,108,67,0,0,0,0
818,0,571,32,0,0,77,0,0,0,27,0,0,0,0,0,41,0,0,0,13,0,19,16,63,0,0,0,15,0,51,0,20,0,10,0,180,0,0,0,0,0,0,0,0,0,0,0,0,0,22,0,13,0,0,0,0,0,0,0,14,0,38,0,0,0,0,0,0,0,0,0,0,0,0,0,0,0,0,0,0,0,0,0,0,0,0,0,0,0,0,0,0,0,0,0,0,0,0,0,0,0,0,0,0,0,0,0,0,0,0,0,0,0,0,0,0,0,0,0,0,0,0,0,0,0,0,0,0,0,0,0,0,0,0,0,0,0,89,0,46,0,0,0,96,0,5,0,0,0,0,0,0,0,44,0,42,0,39,0,0,0,0,0,0,0,24,0,0,0,0,0,118,0,0,0,0,0,0,0,32,0,9,0,0,0,0,0,0,0,0,0,0,0,0,0,0,0,0,0,0,0,0,0,0,0,0,0,0,0,51,184,44,15,17,0,0,0,4,0,0,0,0,0,0
42,380,0,145,0,0,0,432,0,72,0,5,0,0,0,0,3,64,0,0,0,9,6,19,30,120,0,0,0,100,0,4,0,0,0,6,0,31,0,0,0,0,0,0,0,0,0,0,0,1,0,0,0,6,0,8,0,4,0,0,0,13,0,22,0,0,0,0,0,0,0,0,0,0,0,0,0,0,0,0,0,0,0,0,0,0,0,4,0,0,0,0,0,0,0,0,0,4,0,0,0,0,0,0,0,0,0,0,0,0,0,0,0,0,0,0,0,0,0,0,0,10,0,0,0,0,0,0,0,0,0,0,0,0,0,0,0,24,0,38,0,34,0,18,0,16,0,0,0,0,0,0,0,0,0,26,0,17,0,0,0,0,0,0,0,0,0,11,0,3,0,0,0,80,0,0,0,73,0,0,0,7,0,25,0,0,0,0,0,0,0,0,0,0,0,0,0,0,0,0,0,0,0,0,0,0,0,0,0,0,0,0,0,0,13,0,0,0,37,215,18,19,0,0,0
17,0,0,0,70,0,0,0,0,0,107,0,468,85,9,0,0,0,20,38,0,0,0,0,0,0,30,128,0,0,0,0,0,0,0,0,0,0,0,0,0,83,11,9,33,109,221,263,218,53,28,0,0,0,0,0,0,0,0,0,0,0,0,0,0,0,0,0,0,0,0,0,0,0,0,0,0,0,0,0,1,0,0,0,0,0,0,0,0,0,0,0,0,0,0,0,0,0,0,0,0,0,0,0,0,0,0,0,0,0,0,0,0,0,0,0,0,0,0,0,0,0,0,0,0,0,0,0,0,0,0,0,0,0,0,0,0,0,0,0,0,0,0,0,0,0,0,0,0,0,0,0,0,0,0,0,0,0,0,0,0,0,0,0,61,0,0,0,0,0,0,0,0,0,0,0,15,25,46,0,0,0,0,0,0,0,227,0,0,0,0,0,0,0,0,0,0,0,0,0,0,0,0,0,0,0,0,0,0,0,0,70,44,0,0,0,0,16,0,17,0,0,0,0,0
0,124,0,0,35,126,0,0,0,7,0,291,215,414,0,0,0,0,78,27,0,0,0,0,0,0,151,6,0,0,0,0,0,0,0,0,0,0,0,0,83,0,0,21,26,140,82,133,10,551,0,8,0,0,0,0,0,0,0,0,0,0,0,0,0,0,0,0,0,3,0,0,0,0,0,0,0,0,0,0,0,0,0,0,0,0,0,0,0,0,0,0,0,0,0,0,0,0,0,0,0,0,0,0,0,1,0,0,0,0,0,0,0,0,0,0,0,0,0,0,0,0,0,0,0,0,0,0,0,0,0,0,0,0,0,0,0,26,0,0,0,0,0,0,0,0,0,0,0,0,0,0,0,0,0,0,0,0,0,0,0,0,0,0,0,63,0,0,0,0,0,0,0,0,0,0,0,221,0,24,0,0,0,0,0,0,42,38,0,0,0,0,0,0,0,0,0,0,0,0,0,0,0,0,0,0,0,0,0,0,0,0,0,0,0,0,0,0,0,119,97,0,0,0,33
0,0,0,0,0,1,0,0,0,0,3,0,44,0,0,0,0,0,97,11,17,0,0,0,0,0,198,0,0,0,14,0,43,0,32,0,41,0,0,0,11,0,0,5,221,3,17,5,43,2,94,0,0,0,0,0,0,1,0,0,8,0,0,0,0,0,0,0,0,0,32,0,0,0,35,0,0,0,0,0,19,0,13,0,37,0,0,0,0,0,11,0,0,0,0,0,0,0,0,0,0,0,0,0,0,0,0,0,0,0,0,0,0,0,0,0,0,0,0,0,10,0,0,0,0,0,0,0,0,0,0,0,0,0,0,0,0,0,0,0,0,0,0,0,39,0,0,0,0,0,0,0,0,0,0,0,0,0,0,0,0,0,0,0,81,0,0,0,10,0,0,0,23,0,1,0,0,2,2,0,0,0,0,0,0,0,20,0,0,0,0,0,0,0,0,0,0,0,0,0,0,0,0,0,0,0,0,0,0,0,18,73,62,7,10,0,0,0,0,1,0,0,0,0,0
0,5,0,0,0,24,0,0,0,0,0,29,56,131,0,0,0,11,39,188,0,116,0,0,0,0,37,290,0,0,0,7,0,31,0,62,0,146,0,0,9,21,5,0,0,464,0,31,0,24,0,94,0,0,0,0,0,0,0,0,0,0,0,0,0,0,0,0,0,0,0,0,0,0,0,0,0,6,0,0,0,0,0,0,0,0,0,0,0,0,0,0,0,0,0,36,0,0,0,0,0,0,0,0,0,0,0,0,0,0,0,0,0,0,0,0,0,0,0,0,0,0,0,0,0,0,0,0,0,0,0,0,0,0,0,0,0,0,0,0,0,0,0,0,0,57,0,0,0,0,0,0,0,0,0,0,0,0,0,0,0,0,0,0,0,79,0,0,0,0,0,0,0,0,0,0,0,0,5,7,0,0,0,0,0,0,0,45,0,0,0,0,0,0,0,0,0,0,0,0,0,0,0,0,0,0,0,0,0,0,0,0,0,0,37,0,0,0,84,113,157,27,0,0,0
0,0,25,0,37,0,0,0,0,0,55,0,102,0,38,0,68,0,79,0,90,5,118,0,0,0,365,26,1,0,0,0,5,0,16,0,40,0,0,0,33,26,221,0,0,46,287,63,266,64,165,0,0,0,0,0,0,0,0,0,0,0,33,0,0,0,0,0,0,0,73,0,0,0,57,0,0,0,0,0,0,0,0,0,225,0,87,0,0,0,0,0,0,0,0,0,226,0,0,0,0,0,22,0,0,0,141,0,0,0,0,0,0,0,0,0,0,0,0,0,46,0,0,0,0,0,0,0,0,0,0,0,0,0,0,0,0,0,0,0,0,0,47,0,68,0,0,0,0,0,0,0,0,0,0,0,5,0,0,0,0,0,37,0,281,3,18,0,0,0,15,0,33,0,0,0,0,0,52,0,0,0,17,0,0,0,34,1,0,0,0,0,0,0,0,0,0,0,0,0,0,0,0,0,0,0,0,0,0,0,58,164,137,13,21,0,0,46,0,9,0,0,0,0,0
0,17,0,0,27,0,0,0,0,0,0,43,172,121,0,28,0,0,57,182,0,141,0,33,0,0,130,414,0,0,0,0,0,0,0,14,0,56,0,0,109,140,3,464,46,0,126,976,45,141,0,205,0,0,0,0,0,11,0,0,0,0,0,37,0,0,0,0,0,13,0,21,0,0,0,0,0,13,0,0,0,242,0,0,0,171,0,107,0,0,0,118,0,0,0,0,0,0,0,0,0,0,0,22,0,0,0,0,0,0,0,0,0,0,0,0,0,0,0,0,0,179,0,0,0,0,0,0,0,0,0,0,0,0,0,0,0,0,0,0,0,101,0,211,0,97,0,0,0,0,0,0,0,0,0,3,0,0,0,0,0,0,0,10,0,147,0,4,0,31,0,0,0,16,0,0,0,51,0,12,0,0,0,4,0,0,24,35,0,0,0,0,0,0,0,0,0,0,0,0,0,0,0,0,0,0,0,0,0,0,0,3,0,0,23,0,0,0,83,260,209,15,0,0,35
0,0,0,0,34,0,0,0,0,0,105,8,289,46,13,0,0,0,14,24,5,10,22,0,4,0,145,80,0,0,0,0,2,0,0,0,1,1,0,0,221,82,17,0,287,126,0,200,489,108,25,0,0,0,0,0,0,0,0,0,0,0,2,0,0,0,0,0,5,0,0,0,0,0,0,0,1,0,0,0,0,0,0,0,0,0,0,0,0,0,0,0,0,0,0,0,0,0,0,0,0,0,0,0,0,0,0,0,0,0,0,0,0,0,0,0,0,0,0,0,0,0,0,0,0,0,0,0,0,0,0,0,0,0,0,0,0,0,0,0,0,0,0,0,0,0,0,0,0,0,0,0,0,0,0,0,0,0,0,0,0,0,0,0,164,0,0,0,0,0,0,0,0,0,0,0,14,8,91,0,0,0,13,0,0,0,196,3,0,0,0,0,0,0,0,0,0,0,0,0,0,0,0,0,0,0,0,0,0,0,0,296,92,0,0,0,0,97,0,32,0,0,0,0,0
0,73,0,0,0,58,0,0,0,0,0,116,358,213,9,0,0,0,136,117,0,0,0,0,0,0,313,136,0,0,0,0,0,0,0,0,0,0,0,0,263,133,5,31,63,976,200,0,41,204,0,48,0,2,0,0,0,0,0,0,0,0,0,0,0,0,0,0,0,0,0,0,0,0,0,0,0,0,0,0,0,0,0,0,0,0,0,0,0,0,0,0,0,0,0,0,0,0,0,0,0,0,0,0,0,0,0,0,0,0,0,0,0,0,0,0,0,0,0,0,0,0,0,0,0,0,0,0,0,0,0,0,0,0,0,0,0,0,0,0,0,0,0,0,0,0,0,0,0,0,0,0,0,0,0,0,0,0,0,0,0,0,0,0,0,153,0,0,0,0,0,0,0,0,0,0,0,154,35,14,0,0,0,0,0,0,85,15,0,0,0,0,0,0,0,0,0,0,0,0,0,0,0,0,0,0,0,0,0,21,0,3,3,0,9,0,0,0,0,263,295,0,0,0,51
6,0,10,0,6,0,10,0,1,0,22,0,189,0,0,0,5,0,3,0,0,0,5,0,0,0,51,11,0,0,0,0,0,0,0,0,0,0,0,0,218,10,43,0,266,45,489,41,0,123,21,0,3,0,5,0,3,0,3,0,0,0,5,0,0,0,0,0,11,0,0,0,0,0,0,0,0,0,1,0,5,0,4,2,0,0,0,0,0,0,8,0,9,0,20,0,16,0,0,0,18,1,20,0,6,0,7,0,0,0,0,0,0,0,0,0,0,0,0,0,0,0,0,0,0,0,0,0,0,0,0,0,3,0,0,0,0,0,3,0,3,0,13,1,0,0,0,0,0,0,0,0,0,0,0,0,0,0,0,0,4,0,2,0,36,3,0,0,4,0,0,0,1,0,0,0,84,4,94,0,0,1,0,0,0,0,542,0,23,0,18,0,42,0,26,0,0,0,18,0,9,0,0,0,22,0,7,0,0,0,32,176,136,9,20,3,0,65,0,50,1,3,0,0,11
0,12,0,0,5,0,0,0,0,0,2,107,24,322,0,0,0,0,7,15,0,10,0,22,0,0,27,45,0,0,0,0,0,0,1,0,0,0,0,1,53,551,2,24,64,141,108,204,123,0,0,17,0,0,0,0,0,0,0,0,0,0,0,28,0,0,0,0,0,14,0,0,0,0,0,0,0,7,0,7,0,103,0,28,0,80,0,0,0,0,0,0,0,11,0,23,0,39,0,0,0,51,0,12,0,0,0,0,0,0,0,0,0,3,0,0,0,0,0,0,0,60,0,0,0,0,0,0,0,0,0,0,1,0,0,0,0,0,0,0,0,0,0,60,0,19,0,0,0,0,0,0,0,0,0,0,0,0,0,0,0,0,0,0,0,88,0,0,0,13,0,1,0,5,0,11,1,319,0,42,0,0,0,0,0,0,17,130,0,0,0,1,0,0,0,3,0,0,0,0,0,0,0,0,0,0,0,0,0,0,0,2,1,0,0,0,0,6,61,82,48,0,0,1,19
17,0,17,0,227,0,0,0,0,0,70,0,191,57,102,0,0,0,526,44,121,7,0,0,0,0,242,42,0,0,30,0,48,0,83,0,135,0,22,0,28,0,94,0,165,0,25,0,21,0,0,0,1,0,0,0,0,0,21,0,11,0,0,0,0,0,2,0,9,0,63,0,4,0,61,0,0,0,0,0,0,0,0,0,75,0,0,0,0,0,0,0,13,0,78,0,0,0,0,0,0,0,9,0,33,0,0,0,0,0,0,0,0,0,0,0,0,0,0,0,38,0,0,0,0,0,0,0,0,0,0,0,0,0,0,0,0,0,0,0,17,0,0,0,51,0,0,0,0,0,0,0,0,0,0,0,9,0,0,0,0,0,24,0,170,0,20,0,48,0,18,0,53,0,0,0,0,5,41,0,0,0,0,0,0,0,10,0,0,0,0,0,0,0,0,0,0,0,0,0,0,0,0,0,0,0,0,0,0,0,69,98,133,29,37,0,0,2,0,0,0,0,0,0,0
0,34,0,0,0,204,0,0,0,0,0,118,16,525,26,15,0,8,15,453,0,120,0,3,0,0,11,300,0,3,0,42,0,20,2,104,0,139,0,0,0,8,0,94,0,205,0,48,0,17,0,0,0,0,0,0,0,18,0,44,0,0,0,0,0,0,0,0,0,14,0,19,0,0,0,33,0,9,0,0,0,88,0,111,0,0,0,63,0,0,0,0,0,0,0,55,0,0,0,0,0,38,0,10,0,0,0,0,0,0,0,0,0,0,0,0,0,0,0,0,0,79,0,0,0,0,0,0,0,0,0,0,0,0,0,0,0,0,0,25,0,36,0,0,0,114,0,0,0,0,0,0,0,0,0,0,0,14,0,5,0,19,0,11,0,137,0,32,0,136,0,25,0,71,0,0,0,33,0,12,0,0,0,0,0,0,0,46,0,0,0,0,0,0,0,0,0,0,0,0,0,0,0,0,0,0,0,0,0,7,0,0,0,0,70,0,0,0,129,87,145,50,0,0,0
6,2,9,0,0,0,132,21,121,87,0,0,0,0,0,0,47,0,0,0,14,0,0,0,124,11,0,0,30,0,3,0,0,0,0,0,2,0,13,0,0,0,0,0,0,0,0,0,3,0,1,0,0,6,409,61,259,8,130,58,32,0,191,9,1,0,0,122,0,0,4,0,0,0,7,0,0,0,0,0,0,0,0,0,104,0,0,0,0,0,7,0,0,0,0,0,31,0,0,0,0,0,0,0,6,0,0,0,0,0,0,0,0,0,0,0,0,0,0,0,31,0,73,0,0,0,6,0,32,0,7,0,0,0,0,0,43,2,260,0,102,0,68,0,24,0,0,0,6,0,0,0,0,0,453,0,120,0,169,0,4,0,24,0,0,0,1,0,10,0,104,0,10,0,0,0,0,0,0,0,0,1,0,0,2,1,0,0,0,0,0,0,0,0,0,0,0,0,0,0,10,0,0,0,0,0,0,0,0,0,172,203,148,119,110,21,16,0,0,0,0,1,0,0,0
2,0,0,0,0,9,11,23,41,98,0,1,0,0,0,12,0,64,0,0,0,24,0,42,0,8,0,0,0,15,0,0,0,5,0,0,0,1,0,6,0,0,0,0,0,0,0,2,0,0,0,0,6,0,18,142,2,118,20,54,0,70,0,91,2,1,17,22,0,0,0,0,0,0,0,0,0,0,0,0,0,0,0,0,0,0,0,0,0,0,0,0,0,0,0,0,0,0,0,0,0,0,0,0,0,0,0,0,0,0,0,0,0,0,0,0,0,0,0,0,0,0,0,0,0,0,0,0,0,25,0,3,0,14,0,11,0,83,0,179,0,28,0,50,0,13,0,0,0,2,0,1,0,2,1,102,0,139,0,91,0,7,0,0,0,0,0,2,0,1,0,24,0,6,0,0,0,7,0,0,0,2,0,0,2,1,0,0,0,0,0,0,0,0,0,0,0,0,0,0,0,0,0,0,0,0,0,1,0,0,0,0,0,0,93,0,0,0,222,83,61,194,1,0,0
0,5,166,0,0,0,189,37,37,264,0,0,0,0,90,1,24,0,0,0,16,0,232,0,213,27,0,0,1,0,0,0,0,0,3,0,0,0,0,0,0,0,0,0,0,0,0,0,5,0,0,0,409,18,0,93,152,5,71,36,38,0,49,20,8,0,8,133,0,0,0,0,0,0,0,0,0,0,0,0,0,0,0,0,10,0,0,0,0,0,0,0,0,0,0,0,0,0,0,0,0,0,0,0,0,0,0,0,0,0,0,0,0,0,0,0,0,0,0,0,0,0,1,0,0,0,0,0,127,0,35,0,26,0,51,0,106,0,30,0,0,0,84,0,0,0,2,0,0,0,0,0,0,0,175,2,37,0,29,0,70,0,16,0,0,0,0,0,13,0,85,0,16,0,0,0,0,4,0,0,0,0,0,7,0,7,0,0,0,0,0,0,0,0,0,0,0,0,0,0,70,0,0,0,0,0,0,0,60,0,349,94,321,326,221,0,70,0,2,0,3,0,0,0,0
0,31,0,337,0,35,39,301,347,172,0,0,0,0,0,301,0,41,0,50,0,19,1,57,12,395,0,0,0,38,0,0,0,0,0,0,0,0,0,8,0,0,0,0,0,0,0,0,0,0,0,0,61,142,93,0,13,203,140,159,0,108,26,129,6,0,97,20,0,3,0,0,0,0,0,0,0,0,0,0,0,0,0,0,0,0,0,0,0,0,0,0,0,0,0,0,0,0,0,0,0,0,0,0,0,0,0,0,0,0,0,0,0,0,0,0,0,0,0,0,0,0,0,0,0,0,0,10,0,138,0,17,0,46,2,139,0,211,0,55,0,5,0,33,2,11,0,1,6,0,0,0,0,1,6,88,2,30,0,17,0,58,0,6,0,2,0,8,0,8,0,207,0,65,0,0,1,9,0,0,0,0,0,0,16,1,0,0,0,0,0,0,0,0,0,0,0,0,0,0,0,0,0,0,0,0,0,20,0,87,0,0,0,0,199,0,0,0,413,129,537,328,2,0,1
0,0,6,0,0,0,4,0,9,0,0,0,0,0,0,0,0,0,0,0,0,0,0,0,4,0,0,0,0,0,0,0,0,0,0,0,13,0,0,0,0,0,0,0,0,0,0,0,3,0,0,0,259,2,152,13,0,0,360,46,5,0,3,0,120,0,29,116,1,0,0,0,0,0,0,0,0,0,0,0,0,0,0,0,0,0,0,0,0,0,0,0,0,0,0,0,0,0,0,0,0,0,0,0,0,0,0,0,0,0,0,0,0,0,0,0,0,0,0,0,0,0,0,0,22,0,13,0,79,0,146,0,58,0,0,0,10,0,10,1,0,0,6,0,29,0,1,0,6,0,0,0,0,0,218,0,81,0,71,0,182,0,56,0,0,0,7,0,17,0,117,0,15,0,0,2,0,0,0,0,0,0,0,0,7,0,0,0,0,0,0,0,0,0,0,0,0,0,0,0,0,0,0,0,0,0,0,0,41,0,517,194,623,577,564,216,51,3,0,0,0,0,0,0,0
0,10,0,10,0,0,0,14,0,22,0,4,0,0,0,16,0,45,0,0,0,0,0,14,0,33,0,0,0,17,0,0,0,0,0,10,0,0,0,4,0,0,1,0,0,11,0,0,0,0,0,18,8,118,5,203,0,0,56,190,0,0,0,27,23,0,46,51,0,0,0,0,0,0,0,0,0,1,0,0,0,0,0,0,0,0,0,0,0,0,0,0,0,2,0,0,0,0,0,0,0,0,0,0,0,0,0,9,0,0,0,0,0,0,0,0,0,0,0,0,0,0,0,0,0,12,0,6,0,110,0,43,0,21,0,0,0,38,3,36,1,0,0,0,2,6,0,0,0,2,0,3,0,0,21,380,0,51,0,83,0,101,0,57,0,2,0,9,0,5,0,224,0,30,0,0,0,0,0,0,4,9,0,0,9,0,0,0,0,0,0,0,0,0,0,0,0,0,0,0,0,0,0,0,0,0,0,0,0,0,0,0,0,0,276,0,0,0,380,117,517,389,18,0,0
6,0,0,0,0,0,18,0,153,108,0,0,0,0,0,0,2,0,0,0,10,0,0,0,1,0,0,0,0,0,0,0,0,0,0,0,0,0,0,0,0,0,0,0,0,0,0,0,3,0,21,0,130,20,71,140,360,56,0,327,0,0,0,0,308,48,307,493,0,0,0,0,0,0,0,0,0,0,0,0,0,0,0,0,0,0,0,0,0,0,0,0,0,0,0,0,0,0,0,0,0,0,0,0,0,0,0,0,0,0,0,0,0,0,0,0,0,0,0,0,0,0,0,0,0,0,0,0,13,0,13,0,4,0,0,0,1,0,0,0,0,0,0,0,22,0,1,0,0,0,0,0,0,0,141,6,197,0,6,0,18,0,29,0,0,0,0,0,7,0,102,0,15,0,0,13,4,2,0,0,25,0,0,0,92,22,0,0,0,0,0,0,0,0,0,0,0,0,0,0,0,0,0,0,0,0,0,0,5,0,788,616,532,691,756,245,106,2,1,0,0,0,0,0,0
0,16,0,13,0,0,0,31,39,76,0,0,0,0,0,0,0,0,1,0,0,0,0,3,0,3,0,0,0,0,0,3,0,0,0,0,0,22,0,0,0,0,0,0,0,0,0,0,0,0,0,44,58,54,36,159,46,190,327,0,0,0,4,0,96,136,258,275,0,0,0,0,0,0,0,0,0,0,0,0,0,0,0,0,0,0,0,2,0,0,0,0,0,0,0,0,0,0,0,0,0,2,0,0,0,0,0,0,0,0,0,0,0,0,0,0,0,0,0,0,0,0,0,0,0,20,0,2,0,35,0,42,0,7,0,0,0,6,12,12,0,0,0,0,10,17,0,1,0,7,0,0,0,0,89,54,9,168,0,33,0,134,0,56,0,6,0,24,0,7,0,95,0,56,0,15,0,1,0,0,10,45,0,0,60,23,0,0,0,0,0,0,0,0,0,0,0,0,0,0,0,0,0,0,0,0,0,0,0,4,3,2,0,0,920,0,0,0,1201,530,752,932,73,16,0
133,0,66,0,0,0,452,0,167,0,0,0,0,0,0,0,9,0,0,0,12,0,0,0,41,0,9,0,13,1,24,0,18,0,6,0,18,0,14,0,0,0,8,0,0,0,0,0,0,0,11,0,32,0,38,0,5,0,0,0,0,0,72,0,0,0,0,0,0,0,2,0,0,0,0,0,0,0,0,0,0,0,0,0,0,0,0,0,0,0,1,0,0,0,0,0,0,0,0,0,0,0,0,0,0,0,0,0,0,0,0,0,0,0,0,0,0,0,0,0,0,0,0,0,0,0,0,0,0,0,0,0,0,0,0,0,0,0,65,0,24,0,0,0,111,0,0,0,0,0,0,0,0,0,54,0,74,0,20,0,0,0,5,0,0,0,3,0,3,0,142,0,140,0,0,0,0,0,0,0,0,0,0,0,0,0,0,0,0,0,0,0,0,0,0,0,0,0,0,0,0,0,0,0,0,0,0,0,0,0,75,98,174,48,31,4,0,0,0,0,1,0,0,0,0
4,80,0,8,0,0,0,302,0,347,0,0,0,0,0,0,0,6,0,0,0,14,0,0,11,11,0,0,0,13,0,0,0,44,0,0,0,40,0,13,0,0,0,0,0,0,0,0,0,0,0,0,0,70,0,108,0,0,0,0,0,0,0,115,0,0,0,14,0,0,0,0,0,0,0,0,0,0,0,0,0,0,0,0,0,0,0,0,0,0,0,0,0,0,0,0,0,0,0,0,0,0,0,0,0,0,0,0,0,0,0,0,0,0,0,0,0,0,0,0,0,0,0,0,0,0,0,0,0,0,0,0,0,0,0,0,0,0,0,54,0,69,0,16,0,217,0,0,0,1,0,0,0,0,0,21,0,91,0,15,0,0,0,0,0,0,0,0,0,5,0,74,0,176,0,0,0,58,0,0,0,0,0,13,0,0,0,0,0,0,0,0,0,0,0,0,0,0,0,0,0,0,0,0,0,0,0,2,0,0,0,0,0,0,41,0,0,0,186,186,83,108,0,4,0
62,25,97,3,0,0,418,83,105,90,0,0,0,0,27,0,434,6,0,0,222,0,33,1,126,106,0,0,153,3,35,0,8,0,22,0,7,0,38,0,0,0,0,0,33,0,2,0,5,0,0,0,191,0,49,26,3,0,0,4,72,0,0,17,0,0,0,0,0,0,78,0,0,0,81,0,0,0,0,0,0,0,0,0,272,0,0,0,0,0,0,0,0,0,0,0,85,0,0,0,0,0,0,0,0,0,0,0,0,0,0,0,0,0,0,0,0,0,0,0,104,0,128,0,0,0,0,0,8,0,0,0,0,0,0,0,28,0,252,0,233,0,93,2,98,0,2,0,0,0,0,0,0,0,262,0,57,0,66,0,0,0,0,0,0,0,0,0,4,0,8,0,26,0,0,0,0,0,0,0,0,0,0,3,0,0,0,0,0,0,0,0,0,0,0,0,0,0,0,0,0,0,0,0,0,0,0,0,0,0,82,238,78,60,83,4,0,0,5,0,2,0,0,0,0
4,31,0,9,0,0,72,231,132,304,0,0,0,0,0,52,0,221,0,68,0,80,0,201,23,119,0,0,0,83,0,5,0,26,0,0,0,13,0,22,0,0,0,0,0,37,0,0,0,28,0,0,9,91,20,129,0,27,0,0,0,115,17,0,0,0,0,8,0,0,0,0,0,0,0,0,0,0,0,0,0,0,0,0,0,0,0,0,0,0,0,0,0,0,0,0,0,0,0,0,0,0,0,0,0,0,0,0,0,0,0,0,0,0,0,0,0,0,0,0,0,0,0,0,0,0,0,0,1,6,0,0,0,0,0,0,0,0,0,119,0,49,0,15,0,33,0,0,0,0,0,0,0,0,1,46,0,63,0,28,0,0,0,0,0,0,0,0,0,0,1,18,0,14,0,0,2,44,0,0,0,0,0,16,1,0,0,0,0,0,0,0,0,0,0,0,0,0,0,0,1,4,0,0,0,0,0,0,0,0,0,0,0,0,45,0,0,0,173,249,37,102,0,0,0
32,0,35,0,0,0,21,0,339,0,15,0,0,0,14,0,0,0,0,0,4,0,0,0,0,0,0,0,0,0,0,0,0,0,0,0,0,0,0,0,0,0,0,0,0,0,0,0,0,0,0,0,1,2,8,6,120,23,308,96,0,0,0,0,0,109,188,98,0,0,5,0,0,0,0,0,0,0,0,0,0,0,0,0,0,0,0,0,0,0,0,0,0,0,0,0,0,0,0,0,0,0,0,0,0,0,0,0,0,0,0,0,0,0,0,0,0,0,0,0,1,0,0,0,40,0,0,0,0,0,44,0,3,0,0,0,0,0,9,15,0,0,0,0,48,8,15,0,104,0,28,0,0,5,28,79,0,0,16,39,333,114,0,0,0,0,0,0,0,0,9,0,4,1,9,13,0,0,0,0,289,74,12,0,292,10,0,0,0,0,0,0,0,0,0,0,1,0,0,0,0,0,0,0,0,0,0,0,29,0,193,64,53,0,128,0,0,0,0,0,0,0,0,0,0
0,72,0,0,0,14,0,0,0,286,0,0,0,3,0,0,0,0,0,17,0,0,0,0,0,0,0,0,0,0,0,0,0,0,0,0,0,0,0,0,0,0,0,0,0,0,0,0,0,0,0,0,0,1,0,0,0,0,48,136,0,0,0,0,109,0,28,713,0,0,0,5,0,0,1,0,0,0,0,0,0,2,0,0,0,0,0,0,0,0,0,0,0,0,0,0,0,0,0,0,0,0,0,0,0,0,0,0,0,0,0,0,0,0,0,0,0,0,0,0,0,0,0,0,0,57,0,20,10,0,45,320,0,0,0,0,0,0,35,19,4,4,0,0,29,13,0,30,0,234,0,26,0,7,52,1,0,0,31,5,107,297,0,0,0,0,0,0,0,0,0,7,0,0,2,54,0,0,0,0,34,367,0,34,12,116,0,0,0,0,0,0,0,0,0,0,0,0,0,0,0,0,0,0,0,0,0,84,0,27,0,2,0,0,93,0,0,0,142,28,0,0,0,0,0
23,0,9,0,0,0,9,0,274,52,0,0,0,0,0,0,0,0,0,0,0,0,0,0,0,0,0,0,0,0,0,0,0,0,0,0,0,0,0,0,0,0,0,0,0,0,0,0,0,0,2,0,0,17,8,97,29,46,307,258,0,0,0,0,188,28,0,239,0,0,0,0,0,0,0,0,0,0,0,0,0,0,0,0,0,0,0,0,0,0,0,0,0,0,0,0,0,0,0,0,0,0,0,0,0,0,0,0,0,0,0,0,0,0,0,0,0,0,0,0,0,0,0,0,0,1,0,0,0,0,0,0,0,0,0,0,0,0,0,0,0,0,0,1,1,0,0,0,0,0,0,0,0,0,5,0,3,0,0,1,12,2,0,0,0,0,0,0,0,0,5,0,0,0,0,7,21,0,0,0,18,0,0,0,473,26,0,0,0,0,0,0,0,0,0,0,0,0,0,0,0,0,0,0,0,0,0,0,0,0,34,48,12,0,0,0,0,0,0,0,0,0,0,0,0
0,14,0,1,0,0,0,6,221,261,0,0,0,0,0,0,0,0,0,0,0,0,0,0,0,0,0,0,0,0,0,0,0,0,0,0,0,0,0,0,0,0,0,0,0,0,0,0,0,0,0,0,122,22,133,20,116,51,493,275,0,14,0,8,98,713,239,0,0,0,0,0,0,0,0,0,0,0,0,0,0,0,0,0,0,0,0,0,0,0,0,0,0,0,0,0,0,0,0,0,0,0,0,0,0,0,0,0,0,0,0,0,0,0,0,0,0,0,0,0,0,0,0,0,0,18,0,6,0,0,0,89,0,0,0,0,0,0,0,1,0,0,0,0,18,15,0,0,0,41,0,0,0,0,121,5,4,17,12,7,0,212,0,0,0,1,0,5,0,0,1,0,0,20,1,88,1,14,0,0,27,118,0,5,101,558,0,0,0,0,0,0,0,0,0,0,0,0,0,0,0,0,0,0,0,0,0,11,0,4,3,0,0,0,212,0,0,0,312,215,102,145,25,0,0
0,0,0,0,0,0,0,0,0,0,0,0,0,0,0,0,0,0,0,0,0,0,0,0,0,0,0,0,0,0,0,0,0,0,0,0,0,0,0,0,0,0,0,0,0,0,5,0,11,0,9,0,0,0,0,0,1,0,0,0,0,0,0,0,0,0,0,0,0,0,0,0,13,0,0,0,185,0,20,0,0,0,44,0,0,0,0,0,18,0,0,0,102,0,24,0,0,0,0,0,15,0,200,0,0,0,0,0,35,0,17,0,10,0,1,0,7,0,0,0,0,0,0,0,0,0,0,0,0,0,0,0,3,0,0,0,0,0,0,0,0,0,0,0,0,0,0,0,0,0,0,0,0,0,0,0,0,0,0,0,0,0,0,0,50,0,0,0,105,0,0,0,0,0,0,0,0,0,0,0,0,0,0,0,0,0,0,0,0,0,0,0,0,0,0,0,0,0,6,0,0,0,0,0,0,0,0,0,0,0,50,0,35,5,2,31,13,5,0,0,0,0,0,0,0
0,0,0,0,0,0,0,0,0,0,0,0,0,0,0,0,0,0,0,0,0,0,0,0,0,0,0,12,0,0,0,0,0,0,0,0,0,0,0,0,0,3,0,0,0,13,0,0,0,14,0,14,0,0,0,3,0,0,0,0,0,0,0,0,0,0,0,0,0,0,0,0,0,12,0,0,0,138,0,0,0,0,0,120,0,0,0,31,0,21,0,0,0,24,0,20,0,0,0,0,0,7,0,251,0,0,0,0,0,110,0,6,0,4,0,2,0,8,0,0,0,0,0,0,0,0,0,0,0,0,0,0,0,0,0,0,0,0,0,0,0,0,0,0,0,0,0,0,0,0,0,0,0,0,0,0,0,0,0,0,0,0,0,0,0,93,0,0,0,54,0,2,0,0,0,0,0,0,0,0,0,0,0,0,0,0,0,0,0,0,0,0,0,0,0,5,0,0,0,0,0,0,0,0,0,0,0,0,0,0,0,0,0,0,0,0,0,0,44,13,78,0,7,12,12
0,0,0,0,0,0,0,0,0,0,0,0,0,0,0,0,71,0,45,0,233,0,0,0,1,0,0,0,28,0,45,0,17,0,64,0,68,0,0,0,0,0,32,0,73,0,0,0,0,0,63,0,4,0,0,0,0,0,0,0,2,0,78,0,5,0,0,0,0,0,0,0,347,0,334,0,9,0,240,0,15,0,0,0,22,0,89,0,0,0,0,0,0,0,0,0,1,0,0,0,0,0,0,0,0,0,0,0,0,0,0,0,0,0,0,0,0,0,0,0,45,0,23,0,22,0,0,0,7,0,0,0,0,6,22,0,87,0,15,0,57,12,118,0,306,0,0,0,32,0,0,0,30,0,0,0,11,0,2,1,0,0,100,0,0,0,5,0,41,0,48,0,53,0,68,0,0,0,0,0,13,0,0,0,0,0,0,0,0,0,0,0,0,0,0,0,0,0,0,0,0,0,0,0,0,0,0,0,0,0,60,1,11,0,0,0,0,0,0,0,0,0,0,0,0
0,0,0,0,0,0,0,0,0,0,0,0,0,0,0,9,0,0,0,26,0,26,0,0,0,0,0,0,0,0,0,0,0,0,0,0,0,0,0,0,0,0,0,0,0,21,0,0,0,0,0,19,0,0,0,0,0,0,0,0,0,0,0,0,0,5,0,0,0,0,0,0,0,137,0,272,0,16,0,7,0,7,0,0,0,0,0,101,0,0,0,0,0,0,0,0,0,0,0,2,0,0,0,0,0,0,0,0,0,0,0,0,0,0,0,0,0,0,0,0,0,29,0,27,0,43,0,29,0,43,0,0,0,78,0,0,0,43,0,14,0,54,0,36,0,268,0,20,0,46,0,60,0,47,0,0,0,4,0,0,0,0,0,59,0,0,0,0,0,27,0,48,0,33,0,17,0,0,0,0,0,36,0,0,0,0,0,0,0,0,0,0,0,0,0,0,0,0,0,0,0,0,0,0,0,0,0,0,0,0,0,0,0,0,5,0,0,0,85,0,11,0,0,0,0
0,0,0,0,0,0,0,0,0,0,0,0,0,0,0,0,0,0,0,0,0,0,0,0,0,0,0,0,0,0,0,0,0,0,0,0,9,0,0,0,0,0,0,0,0,0,0,0,0,0,4,0,0,0,0,0,0,0,0,0,0,0,0,0,0,0,0,0,13,0,347,0,0,0,175,0,98,0,220,0,19,0,35,0,79,0,42,0,0,0,0,0,18,0,0,0,0,0,0,0,0,0,9,0,0,0,0,0,0,0,0,0,0,0,0,0,0,0,0,0,28,0,39,0,0,0,0,0,0,0,0,0,0,0,0,0,239,35,0,0,55,0,389,0,228,0,0,0,0,0,73,0,0,0,0,0,0,0,0,0,0,0,146,0,0,0,1,0,74,0,3,0,0,0,0,0,0,0,0,0,0,0,0,0,0,0,0,0,0,0,0,0,0,0,0,0,19,0,168,0,128,0,0,0,0,0,0,0,103,0,417,7,55,0,8,0,0,0,5,0,0,0,0,0,0
0,0,0,0,0,0,0,0,0,0,0,0,0,0,0,0,0,0,0,0,0,0,0,0,0,0,0,0,0,0,0,0,0,0,0,0,0,0,0,0,0,0,0,0,0,0,0,0,0,0,0,0,0,0,0,0,0,0,0,0,0,0,0,0,0,0,0,0,0,12,0,137,0,0,0,305,0,182,0,51,0,21,0,45,0,198,0,211,0,0,0,1,0,1,0,0,0,0,0,0,0,0,0,2,0,0,0,0,0,0,0,0,0,0,0,0,0,0,0,0,0,67,0,20,0,40,0,0,0,38,0,17,0,84,0,233,0,0,0,15,2,34,0,86,0,172,0,0,0,0,0,99,0,0,0,0,0,0,0,0,0,0,0,28,0,0,0,0,0,18,0,0,0,0,0,0,0,0,0,0,0,0,0,0,0,0,0,0,0,268,0,29,0,0,0,0,0,45,0,0,0,211,0,0,0,0,0,0,0,0,0,0,0,0,24,0,0,0,381,0,34,0,3,0,0
0,0,0,0,0,0,0,0,0,0,0,0,0,0,0,0,117,0,0,0,256,0,15,0,0,0,0,0,24,0,38,0,0,0,62,0,35,0,0,0,0,0,35,0,57,0,0,0,0,0,61,0,7,0,0,0,0,0,0,0,0,0,81,0,0,1,0,0,0,0,334,0,175,0,0,0,17,0,217,0,16,0,50,0,86,0,144,0,0,0,0,0,2,0,16,0,0,0,4,1,0,0,0,0,0,0,0,0,0,0,0,0,0,0,0,0,0,0,0,0,173,0,74,0,23,0,0,0,0,0,5,0,32,0,0,0,53,0,29,10,184,19,152,0,262,0,0,0,30,7,0,0,71,0,0,0,0,0,0,0,0,0,45,0,0,0,5,0,23,0,12,0,32,0,160,0,0,0,0,0,12,0,0,0,3,0,0,0,0,0,0,0,0,0,0,0,0,0,0,0,0,0,0,0,0,0,0,0,0,0,57,0,12,5,4,0,0,0,0,0,0,0,0,0,0
0,0,0,0,0,0,0,0,0,0,0,0,0,0,0,0,0,0,0,0,0,0,0,0,0,0,0,0,0,2,0,0,0,0,0,0,0,32,0,0,0,0,0,0,0,0,0,0,0,0,0,33,0,0,0,0,0,0,0,0,0,0,0,0,0,0,0,0,0,0,0,272,0,305,0,0,0,54,0,99,0,8,0,10,0,65,0,245,0,0,0,0,0,2,0,0,0,0,0,0,0,1,0,0,0,0,0,0,0,0,0,0,0,0,0,0,0,0,0,0,0,340,0,72,0,0,0,0,6,0,0,18,0,53,0,85,0,0,0,22,0,107,0,62,0,476,0,0,0,76,0,0,0,100,0,0,0,2,0,0,0,0,0,56,0,0,0,18,0,39,0,36,0,37,0,58,0,0,0,0,0,43,0,0,0,0,0,0,0,0,0,0,0,0,0,0,0,0,0,0,0,34,0,0,0,0,0,0,0,0,2,0,3,0,7,0,0,0,110,0,19,0,0,0,0
0,0,0,0,0,0,0,0,0,0,0,0,0,0,0,0,0,0,0,0,0,0,0,0,0,0,0,0,0,0,0,0,0,0,0,0,5,0,0,0,0,0,0,0,0,0,1,0,0,0,0,0,0,0,0,0,0,0,0,0,0,0,0,0,0,0,0,0,185,0,9,0,98,0,17,0,0,0,68,0,11,0,120,0,0,0,44,0,0,0,0,0,94,0,48,0,0,0,0,0,0,0,116,0,0,0,0,0,17,0,4,0,5,0,5,0,6,0,0,0,0,0,0,0,0,0,0,0,0,0,0,0,0,0,0,0,0,0,0,0,0,0,0,0,0,0,0,0,0,0,0,0,0,0,0,0,0,0,0,0,0,0,0,0,40,0,2,0,28,0,0,0,0,0,0,0,0,0,0,0,0,0,0,0,0,0,0,0,0,0,0,0,0,0,33,0,0,0,0,0,0,0,0,0,0,0,0,0,0,0,67,6,59,0,4,9,0,0,0,0,0,0,0,0,0
0,0,0,0,0,0,0,0,0,0,0,0,0,0,0,0,0,0,0,0,0,0,0,0,0,0,0,0,0,0,0,0,0,0,0,0,0,0,0,0,0,0,0,6,0,13,0,0,0,7,0,9,0,0,0,0,0,1,0,0,0,0,0,0,0,0,0,0,0,138,0,16,0,182,0,54,0,0,0,0,0,53,0,80,0,29,0,112,0,0,0,0,0,8,0,20,0,0,0,0,0,16,0,59,0,29,1,14,0,10,0,1,0,9,0,2,0,2,0,0,0,11,0,0,0,0,0,0,0,0,0,0,0,0,0,0,0,0,0,0,0,0,0,0,0,0,0,0,0,0,0,0,0,0,0,0,0,0,0,0,0,0,0,4,0,54,0,0,0,89,0,2,0,0,0,0,0,0,0,0,0,0,0,0,0,0,0,0,0,151,0,0,0,0,0,66,0,0,0,0,0,44,0,0,0,0,0,0,0,0,0,0,0,0,4,0,0,0,157,13,174,0,16,0,0
