0,87,51,60,72,20,14,0,49,0,87,0,93,0,8,36,39,0,6,0,12,1,0,57,13,36,19,0,73,0,0,0,110,0,0,0,56,0,266,0,14,0,0,0,0,0,25,0,42,0,0,0,0,0,1,0,0,0,2,0,43,0,53,0,11,0,9,0,0,0,0,0,0,0,0,0,0,0,0,0,0,0,0,0,0,0,0,0,0,0,0,0,0,0,0,0,0,0,0,0,0,0,0,0,0,0,0,0,0,0,0,0,0,0,0,0,0,0,0,0,0,0,1,0,2,0,0,0,0,0,0,0,0,0,0,0,0,0,0,0,0,0,0,0,0,0,7,0,8,0,0,0,11,0,10,0,0,0,0,0,0,0,2,0,0,0,31,0,98,0,10,0,217,0,0,0,199,107,33,0,4,0,246,0,41,0,0,0,0,0,0,0,0,0,0,0,0,0,0,0,2,0,0,0,0,0,0,0,6,0,667,89,147,152,339,1,0,0,14,0,0,0,0,0,0
87,0,132,32,0,264,0,52,21,53,0,263,0,85,0,52,103,60,0,100,0,28,227,63,276,40,0,136,0,154,0,22,0,64,0,9,0,32,0,299,0,12,0,0,0,0,0,36,0,0,0,0,0,84,0,29,0,0,0,0,0,469,13,306,0,27,0,0,0,0,0,5,0,0,0,0,0,0,0,0,0,0,0,0,0,0,0,0,0,0,0,0,0,0,0,0,0,0,0,0,0,0,0,0,0,0,0,0,0,0,0,0,0,0,0,0,0,0,0,1,0,0,0,0,0,0,0,0,0,0,0,0,0,0,0,0,0,0,0,4,0,0,0,0,0,0,0,0,0,17,0,23,0,81,0,6,0,21,0,0,0,0,0,7,0,0,0,0,0,19,0,6,0,64,0,0,52,771,0,17,0,92,9,73,0,92,2,0,0,0,0,0,0,0,0,0,0,0,0,0,0,0,0,0,0,0,0,0,0,0,0,0,0,0,465,0,0,0,995,177,213,149,5,38,4
51,132,0,0,198,92,78,0,64,0,27,40,122,0,159,65,86,7,55,0,151,0,515,97,27,20,95,0,193,0,92,0,417,0,0,0,112,0,371,0,24,0,0,0,10,0,29,0,71,0,0,0,0,0,32,0,0,0,0,2,0,0,17,0,22,0,36,0,0,0,0,0,0,0,0,0,0,0,0,0,0,0,0,0,0,0,4,0,0,0,0,0,0,0,0,0,0,0,0,0,0,0,0,0,0,0,0,0,0,0,0,0,0,0,0,0,0,0,0,0,0,0,0,0,80,0,79,0,0,0,82,0,35,0,157,0,43,0,0,0,0,0,52,0,0,0,110,0,68,0,28,0,37,0,0,0,0,0,5,0,30,0,0,0,0,0,81,0,61,0,12,0,229,0,2,0,192,120,1,0,11,0,21,0,64,0,0,0,0,0,0,0,0,0,0,0,0,0,17,0,32,0,0,0,12,0,0,0,77,0,495,60,206,219,458,0,0,0,0,0,0,0,0,0,0
60,32,0,0,0,70,0,54,11,3,16,1,0,10,0,321,57,33,0,102,0,131,206,99,127,78,0,23,2,270,0,46,0,225,0,0,0,22,8,407,0,0,0,0,0,0,0,0,0,2,0,0,0,2,0,74,0,0,0,5,0,107,6,43,0,3,0,0,0,0,0,0,0,0,0,0,0,0,0,0,0,0,0,0,0,0,0,0,0,0,0,0,0,0,0,0,0,0,0,0,0,0,0,0,0,0,0,0,0,0,0,0,0,0,0,0,0,0,0,0,0,0,0,0,0,0,0,0,0,0,0,40,0,0,0,72,0,71,0,7,0,0,0,0,0,0,0,0,0,20,0,19,0,0,0,0,0,0,0,5,0,0,0,12,0,5,0,0,1,47,0,0,0,63,0,0,9,116,0,10,3,0,0,0,0,0,0,0,0,0,0,0,0,0,0,0,0,0,0,0,0,0,0,0,0,0,0,0,0,35,0,0,0,0,259,0,0,0,270,58,251,146,0,44,3
72,0,198,0,0,187,4,0,50,0,119,0,309,77,286,100,42,0,81,172,259,25,121,0,0,0,126,0,0,0,218,4,458,0,139,9,441,0,45,0,58,11,0,0,9,0,43,0,44,0,174,0,11,0,0,0,0,0,0,0,0,0,0,0,6,0,0,0,0,0,0,0,0,0,0,0,0,0,1,0,0,0,0,0,0,0,0,0,0,0,0,0,0,0,0,0,0,0,0,0,0,0,0,0,0,0,0,0,0,0,0,0,0,0,0,0,0,0,2,0,0,0,0,0,9,0,0,0,0,0,0,0,0,0,0,0,0,0,0,0,0,0,0,0,0,0,25,0,11,0,28,0,28,0,0,0,0,0,0,0,0,0,0,0,133,0,134,0,79,0,11,0,45,0,20,0,327,136,321,2,66,0,71,0,76,0,23,4,0,0,0,0,0,0,0,0,0,0,0,0,0,0,0,0,0,0,0,0,9,0,399,207,423,0,290,0,0,0,0,0,0,0,0,0,0
20,264,92,70,187,0,0,20,0,26,106,260,56,192,484,262,19,0,50,217,109,264,288,46,0,0,0,219,0,0,0,167,0,381,0,172,0,235,14,0,0,20,0,0,0,0,0,54,0,4,0,24,0,0,0,0,0,0,0,0,1,0,0,0,0,50,0,3,0,0,0,6,0,0,0,0,0,0,0,0,0,28,0,0,0,0,0,0,0,0,0,0,0,0,0,0,0,0,0,0,0,0,0,0,0,0,0,0,0,0,0,0,0,0,0,0,0,0,0,0,0,36,0,0,0,21,0,0,0,0,0,0,0,0,0,0,0,0,0,0,0,0,0,0,0,0,0,0,0,19,0,34,0,0,0,7,0,1,0,0,0,0,0,7,0,31,0,113,0,78,0,9,0,63,0,0,104,755,0,60,0,31,0,24,0,18,0,2,0,0,0,0,0,0,0,0,0,0,0,0,0,0,0,0,0,0,0,0,0,24,13,0,0,0,265,0,0,0,495,195,372,158,1,0,0
14,0,78,0,4,0,0,0,118,0,2,0,0,0,0,0,15,0,0,0,0,0,14,3,226,51,0,0,20,0,0,0,9,0,0,0,0,0,69,0,0,0,0,0,0,0,0,0,47,0,0,0,42,0,110,0,0,0,19,0,199,0,317,0,37,0,28,0,0,0,0,0,0,0,0,0,0,0,0,0,0,0,0,0,0,0,0,0,0,0,0,0,0,0,0,0,0,0,0,1,0,0,0,0,0,0,0,0,0,0,0,0,0,0,0,0,0,0,0,0,0,0,0,0,55,0,33,0,3,0,89,0,29,0,16,0,7,0,0,0,0,0,0,0,0,0,28,0,32,0,4,0,0,0,0,0,0,0,0,0,18,0,0,1,0,0,0,0,162,0,89,0,286,0,0,0,42,49,0,0,0,0,5,0,8,0,0,0,0,0,0,1,0,0,0,0,0,0,0,0,0,0,0,0,0,0,0,0,27,0,678,73,288,326,726,0,46,17,0,0,0,0,0,0,0
0,52,0,54,0,20,0,0,107,62,0,0,0,0,0,49,27,12,0,0,0,0,0,6,206,172,0,0,0,73,0,0,0,0,0,0,0,0,0,82,0,0,0,0,0,0,0,0,0,1,0,0,30,91,0,306,0,17,0,29,0,192,100,379,0,2,0,8,0,3,0,0,0,6,0,0,0,0,0,0,0,0,0,0,0,0,0,0,0,0,0,0,0,0,0,0,0,0,0,0,0,0,0,0,0,0,0,0,0,0,0,0,0,0,0,0,0,0,0,0,0,0,0,0,0,49,0,0,0,0,0,111,0,0,0,20,0,29,0,0,0,4,0,0,0,0,0,10,0,24,0,26,0,0,0,15,0,25,0,0,0,27,0,12,0,13,0,1,0,42,0,15,0,43,0,0,36,156,0,0,0,0,0,13,0,0,0,0,0,0,0,0,0,0,0,0,0,1,0,0,0,0,0,0,0,0,0,0,0,39,0,0,0,0,757,0,0,0,677,75,346,357,0,146,11
49,21,64,11,50,0,118,107,0,274,15,0,26,0,19,0,19,4,16,0,0,0,0,0,71,91,26,0,0,0,0,0,0,0,0,0,3,0,0,0,0,0,0,0,0,0,9,0,33,0,0,0,326,37,140,342,4,60,18,0,179,8,480,0,40,0,69,139,0,0,0,0,0,0,0,0,0,0,0,0,0,0,0,0,0,0,0,0,0,0,0,0,0,0,0,0,0,0,0,0,0,1,0,0,0,0,0,0,0,0,0,0,0,0,0,0,0,0,0,0,0,0,0,0,14,0,6,0,0,0,21,0,0,0,0,0,0,0,0,0,0,0,0,0,0,0,12,0,24,0,14,0,15,0,30,0,14,0,0,0,4,0,8,0,7,0,0,0,115,0,225,0,142,0,8,0,198,116,8,0,4,0,15,0,343,42,0,0,0,0,0,0,0,0,0,0,0,0,0,0,0,0,0,0,1,0,0,0,8,0,896,222,257,270,611,6,0,8,0,10,0,0,0,0,0
0,53,0,3,0,26,0,62,274,0,0,0,0,13,0,7,6,4,0,38,0,0,0,1,112,12,0,35,0,2,0,0,0,0,0,0,0,0,0,0,0,0,0,0,0,4,0,2,0,0,0,0,82,320,270,259,0,48,82,50,0,82,106,348,0,211,37,92,0,0,0,0,0,0,0,0,0,0,0,0,0,0,0,0,0,0,0,0,0,0,0,0,0,0,0,0,0,0,0,0,0,0,0,0,0,0,0,0,0,0,0,0,0,0,0,0,0,0,0,0,0,0,0,0,0,78,0,45,0,1,0,152,0,0,0,18,0,11,0,0,0,0,0,0,0,9,0,11,0,81,0,65,0,60,0,57,0,66,0,15,0,55,0,0,0,1,0,0,0,12,0,23,4,12,0,0,82,334,0,0,0,0,0,20,44,130,0,0,0,0,0,0,0,0,0,0,0,0,0,0,0,0,0,0,0,0,0,16,0,22,0,0,0,0,835,0,0,0,675,137,131,273,2,0,4
87,0,27,16,119,106,2,0,15,0,0,0,284,0,34,89,26,0,7,18,67,0,37,9,0,0,18,0,10,0,66,0,188,0,19,0,119,0,33,0,24,0,0,0,0,0,40,0,10,0,10,0,0,0,2,0,0,0,0,0,0,0,4,0,0,0,0,0,0,0,0,0,0,0,0,0,0,0,0,0,0,0,0,0,0,0,0,0,0,0,0,0,0,0,0,0,0,0,0,0,0,0,0,0,0,0,0,0,0,0,0,0,0,0,0,0,0,0,0,0,0,0,0,0,0,0,0,0,0,0,2,0,0,0,0,0,2,0,0,0,0,0,0,0,0,0,0,0,0,0,8,0,0,0,0,0,0,0,0,0,0,0,0,0,0,0,30,0,33,0,5,0,15,0,23,0,150,35,50,0,55,0,28,0,19,0,3,0,0,0,0,0,0,0,0,0,0,0,0,0,0,0,0,0,0,0,0,0,0,0,240,82,118,74,116,0,0,0,7,1,0,0,0,0,0
0,263,40,1,0,260,0,0,0,0,0,0,0,280,75,55,5,1,0,63,14,99,98,77,0,0,0,163,0,0,0,64,0,248,0,75,0,121,0,50,0,83,0,11,0,13,0,79,0,0,1,16,0,2,0,0,0,0,0,0,0,7,0,0,0,0,0,0,0,0,0,0,0,1,0,0,0,0,0,0,0,0,0,0,0,0,0,0,0,0,0,0,0,0,0,0,0,0,0,0,0,0,0,0,0,0,0,0,0,0,0,0,0,0,0,0,0,0,0,0,0,11,0,0,0,0,0,0,0,0,0,0,0,0,0,0,0,0,0,0,0,10,0,0,0,7,0,0,0,6,0,0,0,47,0,4,0,0,0,0,0,0,0,0,0,12,0,0,0,13,0,4,0,17,0,11,38,445,0,59,0,48,0,37,0,22,0,11,0,0,0,0,0,0,0,0,0,0,0,0,0,0,0,0,0,0,0,0,0,0,0,4,0,0,134,0,0,0,302,136,121,78,1,0,1
93,0,122,0,309,56,0,0,26,0,284,0,0,185,44,3,0,0,54,136,105,55,0,0,1,0,174,562,0,0,26,0,10,0,120,0,86,0,0,0,326,118,179,80,59,52,177,149,73,0,356,0,0,0,4,0,0,0,0,0,0,0,0,0,0,0,0,0,0,0,0,0,0,0,0,0,0,0,0,0,0,0,0,0,17,0,0,0,0,0,0,0,0,0,0,0,0,0,0,0,0,0,0,0,0,0,0,0,0,0,0,0,0,0,0,0,0,0,0,0,0,0,0,0,0,0,0,0,0,0,0,0,0,0,0,0,0,0,0,0,11,0,0,0,0,0,0,0,0,0,0,0,0,0,0,0,0,0,0,0,0,0,0,0,90,0,15,0,0,0,2,0,6,0,0,0,177,131,91,0,17,0,27,0,32,0,321,18,0,0,0,0,0,0,0,0,0,0,0,0,0,0,0,0,0,0,0,0,2,0,61,231,330,0,31,0,0,13,0,0,0,0,0,0,0
0,85,0,10,77,192,0,0,0,13,0,280,185,0,159,0,0,0,255,113,116,155,0,0,0,0,38,149,0,0,0,8,0,0,19,256,0,44,0,0,10,189,0,106,5,28,0,154,1,8,57,209,0,0,0,1,0,0,0,0,0,0,0,0,0,0,0,0,0,0,0,0,0,0,0,0,0,0,0,0,0,0,0,0,0,9,0,0,0,0,0,0,0,0,0,0,0,2,0,0,0,0,0,0,0,0,0,0,0,0,0,0,0,0,0,0,0,0,0,0,0,0,0,0,0,0,0,0,0,0,0,0,0,0,0,0,0,0,0,0,0,0,0,0,0,1,0,0,0,0,0,0,0,0,0,0,0,0,0,0,0,1,0,0,3,0,0,0,0,15,0,0,0,0,0,0,33,330,0,67,0,22,0,16,0,13,33,44,0,0,0,0,0,0,0,0,0,0,0,0,0,0,0,0,0,0,0,0,0,0,0,0,15,0,0,0,0,0,64,87,206,0,0,0,2
8,0,159,0,286,484,0,0,19,0,34,75,44,159,0,130,19,0,284,427,187,83,203,1,17,0,116,95,0,0,75,0,53,0,98,40,106,8,0,0,0,0,0,0,0,0,9,0,10,0,44,0,9,0,18,1,0,0,0,0,0,0,8,0,0,0,0,0,0,0,0,0,0,0,0,0,1,0,0,0,0,0,0,0,0,0,0,0,0,0,0,0,0,0,0,0,0,0,66,0,0,0,0,0,0,0,0,0,0,0,0,0,0,0,0,0,0,0,0,0,9,0,0,0,0,0,0,0,0,0,0,0,0,0,33,0,48,0,4,0,6,0,0,0,0,0,19,0,13,0,0,0,0,0,0,0,0,0,0,0,0,0,0,0,33,0,46,0,16,0,0,0,0,0,0,0,235,117,32,1,10,0,44,0,57,0,0,24,0,0,0,0,0,0,0,0,0,0,0,0,0,0,0,0,0,0,0,0,0,0,103,127,119,25,76,0,6,4,0,0,10,0,0,0,0
36,52,65,321,100,262,0,49,0,7,89,55,3,0,130,0,23,11,0,352,20,176,226,229,34,11,0,79,0,12,0,73,20,166,0,38,0,75,0,23,3,0,0,8,0,0,0,0,0,0,0,10,0,11,0,28,0,0,0,0,0,0,0,0,0,24,0,0,0,0,0,0,0,0,0,0,0,0,0,0,0,0,0,0,0,48,0,0,0,0,0,0,0,0,0,0,0,0,0,0,0,0,0,0,0,0,0,0,0,0,0,0,0,0,0,0,0,0,0,0,0,0,0,0,0,45,4,0,0,0,0,91,0,0,0,114,0,137,0,0,0,0,0,45,0,4,0,0,0,43,0,30,0,0,0,21,0,0,0,0,0,0,0,0,0,6,0,52,0,49,0,5,0,44,0,0,18,179,0,53,0,0,5,2,0,16,0,0,0,0,0,0,0,0,0,0,0,0,0,0,0,0,0,0,0,0,0,0,0,55,19,0,0,0,98,0,0,0,213,87,155,0,0,14,0
39,103,86,57,42,19,15,27,19,6,26,5,0,0,19,23,0,6,46,0,240,0,97,39,70,60,76,0,244,4,77,0,173,0,34,0,38,0,178,0,0,0,0,0,0,0,0,0,24,0,16,0,70,2,29,0,0,0,11,0,33,0,384,0,0,0,0,0,0,0,18,0,0,0,15,0,0,0,0,0,61,0,0,0,202,0,56,0,0,0,46,0,0,0,0,0,0,0,347,0,74,0,0,0,0,0,147,0,0,0,0,0,0,0,0,0,0,0,0,0,92,0,88,0,0,0,0,0,88,0,0,0,19,0,0,0,221,0,139,0,86,0,377,0,5,0,0,0,0,0,0,0,0,0,101,0,1,0,170,0,37,0,0,0,0,0,13,0,39,0,14,0,166,0,0,0,31,43,2,0,0,0,12,0,1,0,0,0,0,0,0,0,0,0,0,0,0,0,0,0,125,0,0,0,0,0,0,0,0,0,114,68,102,84,114,0,12,0,0,3,4,0,0,0,0
0,60,7,33,0,0,0,12,4,4,0,1,0,0,0,11,6,0,0,0,0,124,20,144,33,257,0,0,0,69,0,41,0,24,0,11,0,5,0,54,0,0,0,0,0,0,0,0,0,0,0,0,0,49,0,59,0,47,0,12,2,28,3,213,0,0,0,0,0,0,0,0,0,0,0,0,0,0,0,0,0,47,0,0,0,113,0,34,0,0,0,43,0,0,0,0,0,34,0,0,0,49,0,0,0,5,0,0,0,0,0,0,0,0,0,0,0,0,0,0,0,8,0,7,0,0,0,0,0,50,0,0,0,0,0,92,0,183,0,72,0,74,0,176,0,0,0,0,0,0,0,0,0,0,0,60,0,0,0,28,0,51,0,0,0,0,0,0,0,0,0,0,0,8,0,0,1,30,0,29,0,0,0,0,0,1,0,0,0,0,0,0,0,0,0,0,0,0,0,0,0,0,0,0,0,0,0,0,0,0,0,0,2,0,6,0,0,0,10,6,27,10,0,2,0
6,0,55,0,81,50,0,0,16,0,7,0,54,255,284,0,46,0,0,164,311,59,209,0,0,0,148,447,0,0,21,0,0,0,165,25,24,0,2,0,0,33,114,39,8,0,13,80,21,0,346,0,0,0,0,0,0,0,0,0,0,0,0,0,0,0,0,0,0,0,10,0,0,0,0,0,0,0,0,0,0,0,0,0,0,0,0,0,0,0,0,0,0,0,0,0,0,0,0,0,0,0,0,0,0,0,0,0,0,0,0,0,0,0,0,0,0,0,0,0,0,0,0,0,0,0,0,0,0,0,0,0,0,0,0,0,0,0,0,0,0,0,0,0,0,0,0,0,0,0,0,0,0,0,0,0,0,0,0,0,0,0,0,0,123,0,0,0,23,0,2,0,0,0,0,0,43,84,11,0,0,0,20,0,0,0,52,41,0,0,0,0,0,0,0,0,0,0,0,0,0,0,0,0,0,0,0,0,0,0,34,90,210,0,19,0,0,3,0,0,0,0,0,0,0
0,100,0,102,172,217,0,0,0,38,18,63,136,113,427,352,0,0,164,0,167,338,0,55,0,0,0,246,0,3,0,40,0,12,0,196,0,103,0,0,0,7,0,63,0,20,0,44,0,1,47,146,0,0,0,0,0,0,0,0,0,0,0,0,0,72,0,3,0,0,0,9,0,0,0,10,0,0,0,0,0,0,0,0,0,93,0,0,0,0,0,0,0,0,0,0,0,0,0,0,0,0,0,0,0,0,0,0,0,0,0,0,0,0,0,0,0,0,0,0,0,34,0,0,0,0,0,0,0,0,0,0,0,0,0,0,0,0,0,0,0,0,0,0,0,13,2,0,0,0,0,0,0,0,0,0,0,0,0,0,0,0,0,11,0,44,0,69,0,33,0,3,0,7,0,3,32,143,21,24,0,53,0,21,0,59,0,2,0,0,0,0,0,0,0,0,0,1,0,0,0,0,0,0,0,0,0,0,0,0,0,0,0,0,67,0,0,0,214,127,241,49,0,7,0
12,0,151,0,259,109,0,0,0,0,67,14,105,116,187,20,240,0,311,167,0,30,184,0,18,0,183,127,52,0,68,3,61,0,126,0,107,0,2,0,3,13,13,25,14,0,0,0,28,0,129,0,8,0,0,0,0,0,0,0,5,0,78,0,0,0,0,0,0,0,40,0,0,0,16,0,0,0,0,0,51,0,0,0,128,0,62,0,0,0,29,0,0,0,0,0,0,0,363,0,0,0,0,0,0,0,0,0,0,0,0,0,0,0,0,0,0,0,0,0,0,0,102,0,0,0,0,0,0,0,0,0,0,0,0,0,74,0,97,0,107,0,267,0,0,0,0,0,0,0,0,0,0,0,16,0,0,0,0,0,0,0,0,0,137,0,125,0,57,0,5,0,37,0,0,0,40,37,31,0,0,0,11,0,0,0,0,14,0,0,0,0,0,0,0,0,0,0,0,0,0,0,0,0,0,0,0,0,0,0,132,141,312,84,71,0,0,6,0,0,0,0,0,0,0
1,28,0,131,25,264,0,0,0,0,0,99,55,155,83,176,0,124,59,338,30,0,6,176,0,27,0,178,0,34,0,71,1,105,0,124,0,57,0,13,0,9,0,44,0,53,0,26,0,11,0,49,0,24,0,66,0,24,0,0,0,3,0,106,0,0,0,0,0,0,0,19,0,0,0,0,0,0,0,0,0,0,0,0,0,241,0,0,0,0,0,0,0,0,0,0,0,0,0,0,0,0,0,0,0,0,0,0,0,0,0,0,0,0,0,0,0,0,0,0,0,0,0,0,0,0,0,0,0,0,0,36,0,0,0,135,0,259,0,211,0,285,0,372,0,91,0,0,0,7,0,0,0,0,0,80,0,0,0,0,0,36,0,7,0,32,0,44,0,62,0,0,0,25,0,0,0,64,1,73,0,0,0,0,0,0,0,17,0,0,0,0,0,0,0,0,0,0,0,0,0,0,0,0,0,0,0,0,0,0,0,0,0,0,64,0,0,0,162,117,225,66,0,9,2
0,227,515,206,121,288,14,0,0,0,37,98,0,0,203,226,97,20,209,0,184,6,0,159,117,25,163,0,36,0,42,0,108,24,21,0,31,7,68,0,20,0,0,0,0,0,32,0,12,0,0,0,18,0,155,0,13,0,22,0,0,0,32,0,0,0,0,0,0,0,7,0,0,0,4,0,0,0,0,0,0,0,0,0,113,0,0,0,0,0,24,0,0,0,0,0,0,0,0,0,0,0,0,0,0,0,134,0,0,0,0,0,0,0,0,0,0,0,0,0,15,0,0,0,0,0,0,0,0,0,0,0,20,0,139,0,264,0,0,0,0,0,142,0,0,0,31,0,10,0,0,0,40,0,54,0,0,0,0,0,50,0,6,0,7,0,24,0,40,0,10,0,83,4,0,0,293,204,9,3,5,0,23,1,27,0,0,0,0,0,0,0,0,0,0,0,0,0,0,0,155,0,0,0,0,0,0,0,36,0,146,59,69,63,112,0,0,13,28,8,0,0,0,0,0
57,63,97,99,0,46,3,6,0,1,9,77,0,0,1,229,39,144,0,55,0,176,159,0,57,30,0,16,2,51,0,10,0,36,0,9,0,7,0,51,0,0,0,0,0,0,0,0,1,0,1,7,0,2,0,31,0,11,0,0,0,23,0,42,0,0,0,0,0,0,0,0,0,0,0,0,0,0,0,0,0,0,0,0,0,98,0,52,0,0,0,37,0,0,0,0,0,0,0,60,0,0,0,0,0,9,0,0,0,0,0,0,0,0,0,0,0,0,0,0,0,23,0,0,0,0,0,0,0,0,0,13,0,0,0,100,0,145,0,0,0,47,0,140,0,0,0,0,0,0,0,0,0,0,0,14,0,0,0,0,0,0,0,0,0,0,0,14,0,25,0,2,4,34,0,0,18,120,0,219,0,0,8,0,0,0,0,0,0,0,0,0,0,0,0,0,0,0,0,6,0,0,0,0,0,0,0,0,0,0,0,0,0,0,62,0,0,0,107,92,121,47,0,7,0
13,276,27,127,0,0,226,206,71,112,0,0,1,0,17,34,70,33,0,0,18,0,117,57,0,292,0,0,15,0,0,0,0,0,0,0,0,0,16,6,0,0,0,0,0,0,2,0,5,0,3,0,13,17,141,127,14,0,24,0,20,17,44,61,0,0,0,0,0,0,3,0,0,0,0,0,0,0,0,0,0,0,0,0,0,0,0,0,0,0,0,0,0,0,0,0,0,0,0,0,0,0,0,0,0,0,64,0,0,0,0,0,0,0,0,0,0,0,0,0,0,0,0,0,0,0,18,0,18,0,0,0,16,0,144,0,194,0,0,0,14,0,140,0,0,0,17,0,0,0,7,0,14,0,49,0,0,0,90,0,43,0,4,0,0,0,2,0,33,0,0,0,59,0,0,0,82,132,0,0,0,0,1,0,2,0,0,0,0,0,0,0,0,0,0,0,0,0,0,0,131,0,0,0,0,0,0,0,32,0,88,36,63,61,99,0,0,5,27,0,4,0,0,1,0
36,40,20,78,0,0,51,172,91,12,0,0,0,0,0,11,60,257,0,0,0,27,25,30,292,0,0,0,0,74,0,0,0,5,0,0,0,0,0,44,0,0,0,0,0,0,0,0,0,0,0,0,4,23,0,209,0,33,0,18,0,103,89,164,0,0,0,0,0,0,0,0,0,0,0,0,0,0,0,0,0,0,0,0,0,27,0,0,0,0,0,0,0,0,0,0,0,0,0,0,0,0,0,0,0,0,0,0,0,0,0,0,0,0,0,0,0,0,0,0,0,0,0,0,0,68,0,13,0,26,0,98,0,54,0,238,0,248,0,35,0,0,0,61,0,0,4,12,0,6,0,24,0,0,0,86,0,0,0,12,0,48,0,0,0,0,0,0,0,11,0,5,0,22,0,0,12,106,0,1,0,0,0,0,0,0,0,0,0,0,0,0,0,0,0,0,0,0,0,0,0,113,0,0,0,12,0,36,0,78,8,5,0,3,64,0,0,0,108,44,64,43,0,24,0
19,0,95,0,126,0,0,0,26,0,18,0,174,38,116,0,76,0,148,0,183,0,163,0,0,0,0,281,35,0,37,0,9,0,37,0,36,0,0,0,29,96,310,33,194,40,84,131,62,0,224,0,0,0,0,0,0,0,0,0,0,0,29,0,0,0,2,0,0,0,47,0,0,0,0,0,0,0,0,0,0,0,0,0,0,0,0,0,0,0,0,0,0,0,0,0,0,0,0,0,0,0,0,0,0,0,0,0,0,0,0,0,0,0,0,0,0,0,0,0,0,0,0,0,0,0,6,0,0,0,0,0,0,0,0,0,96,0,0,0,0,0,0,0,0,0,0,0,0,0,0,0,0,0,0,0,0,0,0,0,0,0,0,0,156,0,21,0,0,0,0,0,19,0,0,0,0,18,7,0,0,0,12,0,26,0,70,9,0,0,0,0,0,0,0,0,0,0,0,0,0,0,0,0,0,0,0,0,0,0,0,159,255,19,19,0,0,29,0,0,0,0,0,0,0
0,136,0,23,0,219,0,0,0,35,0,163,562,149,95,79,0,0,447,246,127,178,0,16,0,0,281,0,0,0,2,21,0,6,0,108,0,34,0,0,167,60,143,269,25,338,44,271,0,54,214,260,0,0,0,0,0,0,0,0,0,0,0,0,0,0,0,3,0,2,0,4,0,0,0,0,0,0,0,0,0,0,0,0,0,0,0,0,0,0,0,0,0,0,0,0,0,0,0,0,0,0,0,0,0,0,0,0,0,0,0,0,0,0,0,0,0,0,0,0,0,0,0,0,0,0,0,12,0,0,0,0,0,0,0,0,0,0,0,0,0,0,0,0,0,0,0,0,0,0,0,38,0,0,0,0,0,0,0,0,0,0,0,0,0,108,0,0,0,37,0,0,0,0,0,0,14,253,8,34,0,0,0,0,0,0,59,16,0,0,0,0,0,0,0,0,0,0,0,0,0,0,0,0,0,0,0,0,0,22,2,0,0,0,29,0,0,0,66,212,414,17,0,0,21
73,0,193,2,0,0,20,0,0,0,10,0,0,0,0,0,244,0,0,0,52,0,36,2,15,0,35,0,0,0,52,0,40,0,34,0,28,0,11,0,0,0,2,0,7,0,0,0,0,0,17,0,6,0,0,0,0,0,0,0,5,0,24,0,0,0,0,0,0,0,10,0,0,0,0,0,2,0,3,0,9,0,0,0,0,0,18,0,0,0,0,0,0,0,0,0,24,0,50,0,0,0,0,0,0,0,0,0,0,0,0,0,0,0,0,0,0,0,0,0,20,0,22,0,0,0,0,0,13,0,0,0,0,0,0,0,16,0,76,0,51,0,73,0,11,0,4,0,0,0,3,0,0,0,10,0,0,0,34,0,4,0,0,0,0,0,0,0,0,0,0,0,2,0,0,0,17,0,0,0,0,0,6,0,0,0,0,0,0,0,0,0,0,0,0,0,0,0,0,0,0,0,0,0,0,0,0,0,0,0,8,10,0,0,0,0,0,0,0,0,0,0,0,0,0
0,154,0,270,0,0,0,73,0,2,0,0,0,0,0,12,4,69,0,3,0,34,0,51,0,74,0,0,0,0,0,23,0,33,0,13,0,10,0,82,0,0,0,4,0,0,0,0,0,0,0,0,0,23,0,48,0,14,0,0,0,31,0,70,0,0,0,0,0,0,0,0,0,0,0,0,0,0,0,1,0,6,0,0,0,0,0,0,0,0,0,0,0,0,0,0,0,0,0,0,0,0,0,0,0,0,0,0,0,1,0,0,0,0,0,0,0,0,0,0,0,11,0,0,0,0,0,0,0,23,0,0,0,0,0,23,0,45,0,64,0,42,0,68,0,0,0,0,0,0,0,1,0,0,0,25,0,10,0,14,0,8,0,0,0,0,0,0,0,3,0,0,0,4,0,0,0,16,0,14,0,0,0,6,0,0,0,0,0,0,0,0,0,0,0,0,0,0,0,0,0,12,0,0,0,0,0,0,0,0,0,0,0,0,6,0,0,0,9,1,8,0,0,0,0
0,0,92,0,218,0,0,0,0,0,66,0,26,0,75,0,77,0,21,0,68,0,42,0,0,0,37,2,52,0,0,0,1,0,12,0,45,0,0,0,0,0,5,0,5,0,0,0,0,0,30,0,0,0,0,0,0,0,0,0,0,0,31,0,0,0,0,0,0,0,0,0,3,0,4,0,0,0,0,0,0,0,0,0,0,0,0,0,0,0,0,0,0,0,0,0,0,0,0,0,0,0,0,0,0,0,0,0,0,0,0,0,0,0,0,0,0,0,0,0,0,0,35,0,0,0,0,0,0,0,0,0,0,0,0,0,0,0,0,0,61,0,66,0,0,0,0,0,0,0,0,0,0,0,0,0,0,0,0,0,0,0,0,0,0,0,12,0,0,0,0,0,8,0,0,0,0,0,26,0,0,0,16,0,0,0,0,0,0,0,0,0,0,0,0,0,0,0,0,0,0,0,0,0,0,0,0,0,0,0,0,5,25,0,0,0,0,0,0,0,0,0,0,0,0
0,22,0,46,4,167,0,0,0,0,0,64,0,8,0,73,0,41,0,40,3,71,0,10,0,0,0,21,0,23,0,0,0,10,0,12,0,36,0,6,0,0,0,16,0,0,0,0,0,1,0,11,0,0,0,8,0,0,0,0,0,0,0,16,0,0,0,0,0,0,0,0,0,0,0,0,0,0,0,0,0,0,0,0,0,36,0,0,0,0,0,0,0,0,0,0,0,0,0,0,0,0,0,0,0,0,0,0,0,0,0,0,0,0,0,0,0,0,0,0,0,0,0,5,0,0,0,0,0,0,0,0,0,0,0,14,0,39,0,42,0,0,0,92,0,21,0,0,0,0,0,0,0,0,0,13,0,0,0,12,0,0,0,0,0,0,0,9,0,4,0,0,0,0,0,0,1,0,0,33,0,0,0,0,0,2,0,0,0,0,0,0,0,0,0,0,0,0,0,0,0,0,0,0,0,0,0,0,0,0,0,0,0,0,0,0,0,0,16,0,0,0,0,0,0
110,0,417,0,458,0,9,0,0,0,188,0,10,0,53,20,173,0,0,0,61,1,108,0,0,0,9,0,40,0,1,0,0,0,9,1,307,0,0,0,0,0,5,0,0,0,0,0,0,0,17,0,0,0,0,0,0,0,0,0,38,0,51,0,0,0,0,0,0,0,0,0,0,0,8,0,0,0,0,0,0,0,0,0,47,0,0,0,0,0,0,0,0,0,0,0,0,0,0,0,0,0,0,0,0,0,0,0,0,0,0,0,0,0,0,0,0,0,0,0,0,0,0,0,0,0,0,0,0,0,0,0,0,0,0,0,0,0,69,0,0,0,87,0,25,0,0,0,0,0,0,0,0,0,0,0,8,0,0,0,0,0,0,0,10,0,89,0,20,0,0,0,24,0,0,0,75,15,39,0,0,0,27,0,0,0,1,0,0,0,0,0,0,0,0,0,0,0,0,0,0,0,0,0,0,0,0,0,0,0,0,20,39,0,17,0,0,0,0,0,0,0,0,0,0
0,64,0,225,0,381,0,0,0,0,0,248,0,0,0,166,0,24,0,12,0,105,24,36,0,5,0,6,0,33,0,10,0,0,0,20,0,165,1,16,0,0,0,5,0,0,0,0,0,0,0,21,0,15,0,26,0,10,0,0,0,31,0,43,0,0,0,0,0,0,0,5,0,0,0,0,0,0,0,3,0,0,0,0,0,49,0,0,0,0,0,0,0,0,0,0,0,0,0,0,0,0,0,0,0,0,0,0,0,0,0,0,0,0,0,0,0,0,0,0,0,0,0,0,0,0,0,0,0,0,0,0,0,0,0,0,0,59,0,89,0,86,0,114,0,32,0,0,0,0,0,0,0,0,0,34,0,24,0,23,0,0,0,0,0,0,0,53,0,14,0,0,0,15,0,0,0,0,0,156,0,0,0,0,0,0,0,0,0,0,0,0,0,0,0,0,0,0,0,0,0,0,0,0,0,0,0,0,0,0,0,0,0,0,6,0,0,0,17,22,28,0,0,0,0
0,0,0,0,139,0,0,0,0,0,19,0,120,19,98,0,34,0,165,0,126,0,21,0,0,0,37,0,34,0,12,0,9,0,0,0,158,0,0,0,4,0,61,0,24,0,0,0,14,0,118,0,0,0,0,0,0,0,0,0,0,0,23,0,0,0,1,0,0,0,14,0,0,0,10,0,0,0,0,0,0,0,0,0,0,0,0,0,0,0,0,0,0,0,0,0,0,0,0,0,0,0,0,0,0,0,0,0,0,0,0,0,0,0,0,0,0,0,0,0,0,0,0,0,0,0,0,0,0,0,0,0,0,0,0,0,0,0,0,0,0,0,0,0,0,0,0,0,0,0,0,0,0,0,0,0,0,0,0,0,0,0,0,0,43,0,26,0,0,0,0,0,0,0,0,0,0,0,40,0,0,0,0,0,0,0,0,4,0,0,0,0,0,0,0,0,0,0,0,0,0,0,0,0,0,0,0,0,0,0,0,32,88,0,0,0,0,2,0,0,0,0,0,0,0
0,9,0,0,9,172,0,0,0,0,0,75,0,256,40,38,0,11,25,196,0,124,0,9,0,0,0,108,0,13,0,12,1,20,0,0,0,331,0,16,0,0,0,56,0,15,0,0,0,3,0,80,0,0,0,14,0,13,0,0,0,2,0,26,0,0,0,0,0,0,0,0,0,0,0,0,0,0,0,0,0,0,0,0,0,90,0,0,0,0,0,0,0,0,0,0,0,0,0,0,0,0,0,0,0,0,0,0,0,0,0,0,0,0,0,0,0,0,0,0,0,0,0,0,0,0,0,0,0,0,0,0,0,0,0,0,0,0,0,127,0,179,0,199,0,68,0,0,0,0,0,0,0,0,0,27,0,0,0,22,0,0,0,0,0,63,0,36,0,28,0,0,0,0,0,0,0,61,0,44,0,0,0,0,0,0,2,22,0,1,0,0,0,0,0,0,0,0,0,0,0,0,0,0,0,0,0,0,0,0,0,0,0,0,25,0,0,0,64,65,151,22,0,0,0
56,0,112,0,441,0,0,0,3,0,119,0,86,0,106,0,38,0,24,0,107,0,31,0,0,0,36,0,28,0,45,0,307,0,158,0,0,0,146,0,0,0,13,0,5,0,1,0,6,0,145,0,4,0,0,0,0,0,0,0,64,0,43,0,0,0,0,0,0,0,51,0,0,0,0,0,0,0,0,0,0,0,0,0,30,0,45,0,0,0,0,0,0,0,0,0,0,0,238,0,21,0,0,0,0,0,0,0,0,0,0,0,0,0,0,0,0,0,0,0,104,0,92,0,0,0,0,0,0,0,0,0,0,0,0,0,0,0,159,0,152,0,130,0,104,0,0,0,0,0,0,0,0,0,12,0,20,0,41,0,9,0,8,0,89,0,39,0,26,0,0,0,43,0,0,0,28,8,48,0,0,0,17,0,0,0,3,1,0,0,0,0,0,0,0,0,0,0,0,0,0,0,0,0,0,0,0,0,0,0,29,10,49,37,25,0,0,0,0,0,0,0,0,0,0
0,32,0,22,0,235,0,0,0,0,0,121,0,44,8,75,0,5,0,103,0,57,7,7,0,0,0,34,0,10,0,36,0,165,0,331,0,0,0,58,0,0,0,57,0,14,0,0,0,3,0,116,0,0,0,0,0,8,0,0,0,42,0,32,0,0,0,0,0,0,0,0,0,0,0,0,0,0,0,0,0,0,0,0,0,38,0,0,0,0,0,0,0,0,0,0,0,0,0,0,0,0,0,0,0,0,0,0,0,0,0,0,0,0,0,0,0,0,0,0,0,27,0,0,0,0,0,0,0,0,0,0,0,0,0,0,0,63,0,151,0,245,0,146,0,116,0,0,0,0,0,0,0,0,0,48,0,25,0,23,0,0,0,0,0,14,0,56,0,20,0,0,0,63,0,0,0,40,0,129,0,0,0,0,0,0,0,7,0,0,0,0,0,0,0,0,0,0,0,0,0,0,0,0,0,0,0,0,0,0,0,0,0,0,0,0,0,0,23,95,66,9,0,0,0
266,0,371,8,45,14,69,0,0,0,33,0,0,0,0,0,178,0,2,0,2,0,68,0,16,0,0,0,11,0,0,0,0,1,0,0,146,0,0,0,0,0,0,0,0,0,0,0,5,0,0,0,0,0,0,0,0,0,0,0,37,0,15,0,0,0,0,0,0,0,0,0,0,0,0,0,0,0,0,0,0,0,0,0,0,0,0,0,0,0,0,0,0,0,0,0,0,0,0,0,0,0,0,0,0,0,0,0,0,0,0,0,0,0,0,0,0,0,0,0,0,0,0,0,0,0,0,0,0,0,0,0,0,0,0,0,0,0,57,0,34,0,26,0,21,0,0,0,0,0,0,0,0,0,0,0,8,0,17,0,0,0,0,0,1,0,66,0,5,0,3,0,98,0,0,0,76,0,12,0,0,0,44,0,0,0,0,0,0,0,0,0,0,0,0,0,0,0,0,0,0,0,0,0,0,0,0,0,0,0,17,24,48,43,37,0,0,4,0,2,0,0,0,0,0
0,299,0,407,0,0,0,82,0,0,0,50,0,0,0,23,0,54,0,0,0,13,0,51,6,44,0,0,0,82,0,6,0,16,0,16,0,58,0,0,0,0,0,4,0,0,0,0,0,0,0,0,0,6,0,6,0,0,0,0,0,17,0,40,0,0,0,0,0,0,0,0,0,0,0,0,0,0,0,0,0,0,0,0,0,0,0,0,0,0,0,0,0,0,0,0,0,0,0,8,0,0,0,0,0,1,0,0,0,0,0,0,0,0,0,0,0,0,0,0,0,0,0,0,0,0,0,0,0,0,0,0,0,0,0,0,0,0,0,0,0,0,0,0,0,0,0,0,0,2,0,0,0,0,0,38,0,57,0,15,0,0,0,0,0,0,0,0,0,3,0,0,0,25,0,0,0,65,0,128,0,0,0,20,0,0,0,0,0,0,0,0,0,0,0,0,0,0,0,0,0,0,0,0,0,0,0,0,0,0,0,0,0,0,0,0,0,0,6,50,0,0,0,0,0
14,0,24,0,58,0,0,0,0,0,24,0,326,10,0,3,0,0,0,0,3,0,20,0,0,0,29,167,0,0,0,0,0,0,4,0,0,0,0,0,0,54,176,0,86,54,154,114,168,7,21,0,0,0,0,0,0,0,0,0,0,0,0,0,0,0,0,0,0,0,0,0,0,0,0,0,0,0,0,0,0,0,0,0,0,0,0,0,0,0,0,0,0,0,0,0,0,0,0,0,0,0,0,0,0,0,0,0,0,0,0,0,0,0,0,0,0,0,0,0,0,0,0,0,0,0,0,0,0,0,0,0,0,0,0,0,0,0,0,0,0,0,0,0,0,0,0,0,0,0,0,0,0,0,0,0,0,0,0,0,0,0,0,0,0,0,0,0,0,0,0,0,2,0,0,0,25,20,23,0,3,0,0,0,6,0,231,0,0,0,0,0,0,0,0,0,0,0,0,0,0,0,0,0,0,0,0,0,0,0,0,71,66,0,0,0,0,56,0,0,0,0,0,0,1
0,12,0,0,11,20,0,0,0,0,0,83,118,189,0,0,0,0,33,7,13,9,0,0,0,0,96,60,0,0,0,0,0,0,0,0,0,0,0,0,54,0,50,62,35,142,34,186,19,55,34,48,0,0,0,0,0,1,0,0,0,0,0,0,0,0,0,0,0,0,0,0,0,0,0,1,0,0,0,0,0,0,0,0,0,0,0,0,0,0,0,0,0,0,0,0,0,0,0,0,0,0,0,0,0,0,0,0,0,0,0,0,0,0,0,0,0,0,0,0,0,0,0,0,0,0,0,0,0,0,0,0,0,0,0,0,0,0,0,0,0,0,0,0,0,0,0,0,0,0,0,0,0,0,0,0,0,0,0,0,0,0,0,0,0,0,0,0,0,0,0,0,0,0,0,0,0,211,0,35,0,31,0,0,0,14,27,27,0,0,0,0,0,0,0,0,0,0,0,0,0,0,0,0,0,0,0,0,0,0,0,0,0,0,0,0,0,2,10,43,47,1,0,0,23
0,0,0,0,0,0,0,0,0,0,0,0,179,0,0,0,0,0,114,0,13,0,0,0,0,0,310,143,2,0,5,0,5,0,61,0,13,0,0,0,176,50,0,0,186,23,108,66,35,0,79,0,0,0,0,0,0,0,13,0,0,0,6,0,0,0,0,0,0,0,17,0,0,0,6,0,0,0,0,0,15,0,0,0,11,0,0,0,0,0,0,0,0,0,0,0,0,0,110,0,24,0,0,0,0,0,14,0,0,0,0,0,0,0,0,0,0,0,0,0,0,0,0,0,0,0,0,0,0,0,0,0,0,0,0,0,0,0,0,0,14,0,0,0,8,0,0,0,0,0,0,0,0,0,0,0,0,0,0,0,6,0,4,0,47,0,37,0,0,0,10,0,24,0,0,0,0,0,26,0,0,0,0,0,1,0,74,5,0,0,0,0,0,0,0,0,0,0,0,0,4,0,0,0,0,0,0,0,0,0,24,89,101,12,16,0,0,8,1,0,1,0,0,0,0
0,0,0,0,0,0,0,0,0,0,0,11,80,106,0,8,0,0,39,63,25,44,0,0,0,0,33,269,0,4,0,16,0,5,0,56,0,57,0,4,0,62,0,0,0,208,0,105,0,67,0,84,0,0,0,0,0,8,0,0,0,3,0,0,0,0,0,0,0,0,0,14,0,0,0,0,0,0,0,0,0,0,0,0,0,0,0,0,0,0,0,0,0,0,0,0,0,0,0,0,0,0,0,4,0,0,0,0,0,0,0,0,0,0,0,0,0,0,0,0,0,0,0,0,0,0,0,0,0,0,0,0,0,0,0,0,0,0,0,0,0,74,0,139,0,47,0,0,0,0,0,0,0,0,0,0,0,0,0,0,0,0,0,0,0,69,0,15,0,20,0,0,0,11,0,0,0,61,0,0,0,0,0,0,0,0,0,46,0,0,0,0,0,0,0,0,0,0,0,0,0,0,0,0,0,0,0,0,0,0,0,0,0,0,11,0,0,0,0,63,164,10,0,0,0
0,0,10,0,9,0,0,0,0,0,0,0,59,5,0,0,0,0,8,0,14,0,0,0,0,0,194,25,7,0,5,0,0,0,24,0,5,0,0,0,86,35,186,0,0,48,285,61,222,34,46,3,0,0,0,0,4,0,0,0,0,0,5,0,0,0,0,0,0,0,13,0,0,0,6,0,0,0,0,0,0,0,4,0,0,0,0,0,0,0,7,0,0,0,0,0,0,0,0,0,0,0,3,0,0,0,0,0,0,0,0,0,0,0,0,0,0,0,0,0,0,0,0,0,0,0,0,0,0,0,0,0,0,0,0,0,0,0,0,0,0,0,0,0,0,0,0,0,0,0,0,0,0,0,0,0,0,0,0,0,0,0,0,0,122,0,15,0,27,0,13,0,22,0,0,0,7,7,6,0,0,0,0,0,0,0,60,1,0,0,0,0,0,0,0,0,0,0,0,0,9,0,0,0,0,0,0,0,0,0,20,105,108,0,0,3,2,127,0,0,0,0,0,0,0
0,0,0,0,0,0,0,0,0,4,0,13,52,28,0,0,0,0,0,20,0,53,0,0,0,0,40,338,0,0,0,0,0,0,0,15,0,14,0,0,54,142,23,208,48,0,66,350,41,223,0,143,0,0,0,0,0,0,0,0,0,0,0,0,0,0,0,0,0,0,0,17,0,0,0,14,0,0,0,0,0,41,0,0,0,35,0,45,0,0,0,0,0,0,0,0,0,0,0,0,0,0,0,6,0,0,0,0,0,0,0,0,0,0,0,0,0,0,0,0,0,0,0,0,0,0,0,0,0,0,0,0,0,0,0,0,0,0,0,0,0,46,0,105,0,63,0,0,0,0,0,0,0,0,0,0,0,0,0,0,0,0,0,13,0,181,0,26,0,69,0,10,0,42,0,0,0,85,0,0,0,0,0,0,0,0,20,9,0,0,0,0,0,0,0,0,0,0,0,0,0,0,0,0,0,0,0,0,0,0,0,0,0,0,20,0,0,0,32,103,241,15,1,3,59
25,0,29,0,43,0,0,0,9,0,40,0,177,0,9,0,0,0,13,0,0,0,32,0,2,0,84,44,0,0,0,0,0,0,0,0,1,0,0,0,154,34,108,0,285,66,0,50,297,26,22,0,0,0,0,0,0,0,0,0,0,0,5,0,0,0,0,0,0,0,3,0,0,0,0,0,0,0,0,0,0,0,0,0,23,0,0,0,0,0,0,0,0,0,9,0,0,0,76,0,0,0,0,0,0,0,11,0,0,0,0,0,0,0,0,0,0,0,0,0,0,0,0,0,0,0,0,0,0,0,0,0,0,0,0,0,22,0,0,0,0,0,0,0,0,0,0,0,2,0,0,0,0,0,0,0,0,0,0,0,0,0,0,0,0,0,0,0,0,0,0,0,0,0,2,0,2,19,35,0,0,0,0,0,5,0,175,0,0,0,0,0,0,0,0,0,0,0,0,0,0,0,0,0,0,0,0,0,1,0,37,139,56,5,0,0,0,131,0,0,0,0,0,0,1
0,36,0,0,0,54,0,0,0,2,0,79,149,154,0,0,0,0,80,44,0,26,0,0,0,0,131,271,0,0,0,0,0,0,0,0,0,0,0,0,114,186,66,105,61,350,50,0,19,70,46,38,0,0,0,0,0,0,0,0,0,0,0,0,0,0,0,0,0,0,0,0,0,0,0,0,0,0,0,0,0,0,0,0,0,0,0,0,0,0,0,0,0,0,0,0,0,0,0,0,0,0,0,0,0,0,0,0,0,0,0,0,0,0,0,0,0,0,0,0,0,0,0,0,0,0,0,0,0,0,0,0,0,0,0,0,0,0,0,0,0,0,0,8,0,0,0,0,0,0,0,0,0,0,0,0,0,0,0,0,0,0,0,0,0,0,0,0,0,0,0,0,0,0,0,0,0,260,0,20,0,15,0,0,0,5,33,12,0,0,0,0,0,0,0,0,0,0,0,0,0,0,0,0,0,0,0,0,0,0,0,0,0,0,4,0,0,0,0,97,86,0,0,0,25
42,0,71,0,44,0,47,0,33,0,10,0,73,1,10,0,24,0,21,0,28,0,12,1,5,0,62,0,0,0,0,0,0,0,14,0,6,0,5,0,168,19,35,0,222,41,297,19,0,94,17,0,10,0,19,1,26,0,57,0,8,0,0,0,0,0,0,0,0,0,0,0,4,0,0,0,0,0,1,0,4,0,7,0,16,0,5,0,0,0,0,0,0,0,1,0,12,0,13,0,0,0,5,0,16,0,6,0,0,0,0,0,0,0,0,0,0,0,0,0,4,0,0,0,0,0,0,0,7,0,0,0,0,0,22,0,0,0,0,0,0,0,21,0,0,0,0,0,0,0,0,0,0,0,25,0,11,0,0,0,19,0,32,0,35,0,32,0,51,1,38,0,85,0,2,0,47,12,17,0,3,0,0,0,0,0,266,0,32,0,10,1,50,0,13,0,0,0,0,0,53,0,88,0,28,0,0,0,37,0,198,131,316,12,108,10,11,50,2,3,3,0,0,0,1
0,0,0,2,0,4,0,1,0,0,0,0,0,8,0,0,0,0,0,1,0,11,0,0,0,0,0,54,0,0,0,1,0,0,0,3,0,3,0,0,7,55,0,67,34,223,26,70,94,0,0,24,0,1,0,0,0,0,0,0,0,0,0,0,0,0,0,0,0,0,0,11,0,0,0,0,0,0,0,0,0,37,0,0,0,30,0,39,0,0,0,0,0,0,0,2,0,0,0,25,0,21,0,1,0,0,0,0,0,0,0,0,0,0,0,0,0,0,0,0,0,0,0,0,0,0,0,0,0,0,0,0,0,0,0,0,0,0,0,12,0,36,0,90,0,0,0,1,0,0,0,0,0,8,0,5,0,1,0,0,0,0,0,4,0,29,0,2,0,13,0,0,0,0,0,0,0,142,0,0,0,11,0,4,0,2,41,5,0,0,0,0,0,2,0,3,0,1,0,0,0,3,0,2,0,0,0,0,0,0,0,3,0,0,7,0,0,4,36,33,56,10,0,0,13
0,0,0,0,174,0,0,0,0,0,10,1,356,57,44,0,16,0,346,47,129,0,0,1,3,0,224,214,17,0,30,0,17,0,118,0,145,0,0,0,21,34,79,0,46,0,22,46,17,0,0,0,5,0,0,0,0,0,0,0,0,0,19,0,0,0,0,0,0,0,25,0,0,0,0,0,0,0,0,0,0,0,0,0,54,0,55,0,0,0,0,0,0,0,0,0,0,0,334,0,60,0,0,0,0,0,0,0,0,0,0,0,0,0,0,0,0,0,0,0,77,0,52,0,0,0,0,0,0,0,0,0,0,0,0,0,0,0,29,0,45,0,93,0,28,0,0,0,0,0,0,0,0,0,5,0,0,0,0,0,10,0,12,0,78,0,62,0,41,0,8,0,34,0,0,0,12,12,47,0,0,0,0,0,0,0,17,7,0,0,0,0,0,0,0,0,0,0,0,0,0,0,0,0,0,0,0,0,0,0,50,71,109,23,32,1,0,6,0,0,0,0,0,0,0
0,0,0,0,0,24,0,0,0,0,0,16,0,209,0,10,0,0,0,146,0,49,0,7,0,0,0,260,0,0,0,11,0,21,0,80,0,116,0,0,0,48,0,84,3,143,0,38,0,24,0,0,0,7,0,0,0,0,0,0,0,5,0,10,0,0,0,0,0,0,0,16,0,0,0,10,0,0,0,0,0,69,0,0,0,69,0,0,0,0,0,0,0,0,0,0,0,0,0,0,0,0,0,3,0,0,0,0,0,0,0,0,0,0,0,0,0,0,0,0,0,56,0,0,0,0,0,0,0,0,0,0,0,0,0,9,0,0,0,0,0,118,0,170,0,75,0,0,0,0,0,0,0,0,0,0,0,0,0,0,0,18,0,2,0,87,0,48,0,67,0,19,0,31,0,0,0,70,0,0,0,0,0,0,0,0,7,86,0,0,0,0,0,0,0,0,0,0,0,0,0,0,0,0,0,0,0,0,0,0,0,0,0,0,0,0,0,0,45,35,194,17,0,9,2
0,0,0,0,11,0,42,30,326,82,0,0,0,0,9,0,70,0,0,0,8,0,18,0,13,4,0,0,6,0,0,0,0,0,0,0,4,0,0,0,0,0,0,0,0,0,0,0,10,0,5,0,0,7,131,100,185,16,128,29,58,0,50,0,10,0,50,41,0,0,0,0,0,0,0,0,0,0,0,0,0,0,0,0,0,0,2,0,0,0,0,0,0,0,0,0,0,0,0,0,0,0,0,0,0,0,0,0,0,0,0,0,0,0,0,0,0,0,0,0,0,0,4,0,7,0,0,0,43,0,44,0,10,0,0,0,40,0,103,0,22,0,35,0,12,0,0,0,3,0,1,0,0,0,252,0,74,0,221,0,64,0,3,0,0,0,0,0,25,0,80,0,15,0,5,1,46,6,0,0,0,0,0,0,126,12,0,0,0,0,0,0,1,0,0,0,0,0,0,0,0,0,0,0,0,0,0,0,0,0,174,81,81,142,247,0,44,5,10,0,0,0,0,0,0
0,84,0,2,0,0,0,91,37,320,0,2,0,0,0,11,2,49,0,0,0,24,0,2,17,23,0,0,0,23,0,0,0,15,0,0,0,0,0,6,0,0,0,0,0,0,0,0,0,1,0,7,7,0,43,118,6,83,0,20,0,35,12,70,0,0,0,41,0,0,0,0,0,0,0,0,0,0,0,0,0,0,0,0,0,0,0,0,0,0,0,0,0,0,0,0,0,5,0,0,0,0,0,1,0,0,0,0,0,0,0,0,0,0,0,0,0,0,0,0,0,0,0,0,0,0,0,0,0,103,0,43,0,27,0,31,0,127,0,171,0,83,0,85,0,12,0,0,0,0,0,0,0,0,1,267,0,119,0,165,0,85,0,0,0,1,0,0,0,15,2,51,0,20,0,0,8,90,0,0,0,2,0,21,7,34,0,0,0,0,0,0,0,0,0,0,0,0,0,0,0,0,0,0,0,0,0,0,0,0,0,0,0,0,154,0,0,0,24,0,111,158,0,29,1
1,0,32,0,0,0,110,0,140,270,2,0,4,0,18,0,29,0,0,0,0,0,155,0,141,0,0,0,0,0,0,0,0,0,0,0,0,0,0,0,0,0,0,0,0,0,0,0,19,0,0,0,131,43,0,259,122,59,79,54,0,0,13,0,7,0,77,114,0,0,0,0,0,0,0,0,0,0,0,0,0,0,0,0,5,0,0,0,0,0,0,0,0,0,0,0,0,0,0,0,0,0,0,0,0,0,0,0,0,0,0,0,0,0,0,0,0,0,0,0,0,0,0,0,8,0,0,0,13,0,70,0,31,0,78,0,135,0,0,0,0,0,65,0,0,0,0,0,4,0,0,0,0,0,58,0,4,4,37,0,108,0,0,0,0,0,3,0,39,0,95,0,0,0,0,0,24,18,0,0,0,0,2,0,71,14,0,0,0,0,0,0,0,0,0,0,0,0,0,0,0,0,0,0,0,0,0,0,41,0,190,49,107,202,274,0,60,0,10,0,0,0,0,0,0
0,29,0,74,0,0,0,306,342,259,0,0,0,1,1,28,0,59,0,0,0,66,0,31,127,209,0,0,0,48,0,8,0,26,0,14,0,0,0,6,0,0,0,0,0,0,0,0,1,0,0,0,100,118,259,0,20,217,94,59,0,25,179,118,0,1,66,26,0,1,0,0,0,0,0,0,0,0,0,0,0,0,0,0,0,0,0,0,0,0,0,0,0,0,0,0,0,0,0,0,0,0,0,0,0,0,0,0,0,0,0,0,0,0,0,0,0,0,0,0,0,0,0,0,0,59,0,18,0,40,0,202,0,0,0,53,0,110,0,0,0,32,0,35,0,0,0,0,0,8,0,11,0,4,0,176,0,31,0,27,0,102,0,0,0,0,0,0,0,22,0,56,0,37,0,1,19,110,0,0,0,0,0,6,32,30,0,0,0,0,0,0,0,0,0,1,0,0,0,8,0,31,0,0,0,4,0,0,0,35,19,0,0,0,539,0,0,0,224,53,226,328,1,95,6
0,0,0,0,0,0,0,0,4,0,0,0,0,0,0,0,0,0,0,0,0,0,13,0,14,0,0,0,0,0,0,0,0,0,0,0,0,0,0,0,0,0,0,0,4,0,0,0,26,0,0,0,185,6,122,20,0,0,368,0,0,0,6,0,78,0,27,35,0,0,0,0,0,0,0,0,0,0,0,0,0,0,0,0,0,0,0,0,0,0,0,0,0,0,0,0,0,0,0,0,0,0,0,0,0,0,0,0,0,0,0,0,0,0,0,0,0,0,0,0,0,0,0,0,9,0,0,0,14,0,64,0,16,0,0,0,20,0,0,0,0,0,0,0,5,0,0,0,0,0,1,0,0,0,170,0,6,0,154,0,222,0,0,0,0,0,0,0,42,0,86,0,0,0,13,6,0,0,0,0,44,0,0,0,25,5,0,0,0,0,0,0,0,0,0,0,0,0,0,0,0,0,0,0,0,0,0,0,18,0,225,97,191,231,404,0,0,17,0,0,0,0,0,0,0
0,0,0,0,0,0,0,17,60,48,0,0,0,0,0,0,0,47,0,0,0,24,0,11,0,33,0,0,0,14,0,0,0,10,0,13,0,8,0,0,0,1,0,8,0,0,0,0,0,0,0,0,16,83,59,217,0,0,59,125,0,5,0,7,3,6,50,55,0,0,0,0,0,0,0,0,0,0,0,0,0,0,0,1,0,0,0,0,0,0,0,0,0,0,0,0,0,0,0,0,0,0,0,0,0,0,0,0,0,0,0,0,0,0,0,0,0,0,0,0,0,0,0,0,0,26,0,0,0,31,0,83,0,22,0,0,0,13,0,0,0,0,0,4,0,0,0,0,0,0,0,0,0,0,0,345,0,10,0,144,0,173,0,25,0,3,0,0,0,25,0,87,0,16,0,0,1,0,0,0,0,0,0,4,17,97,0,0,0,0,0,0,0,0,0,0,0,0,0,0,0,0,0,0,0,0,0,0,0,4,0,0,0,0,192,0,0,0,76,37,194,208,3,21,2
2,0,0,0,0,0,19,0,18,82,0,0,0,0,0,0,11,0,0,0,0,0,22,0,24,0,0,0,0,0,0,0,0,0,0,0,0,0,0,0,0,0,13,0,0,0,0,0,57,0,0,0,128,0,79,94,368,59,0,136,0,0,4,0,155,7,245,212,0,0,0,0,0,0,0,0,0,0,0,0,0,0,0,0,0,0,0,0,0,0,0,0,0,0,0,0,0,0,0,0,0,0,0,0,0,0,0,0,0,0,0,0,0,0,0,0,0,0,0,0,0,0,0,0,7,0,4,0,0,0,58,0,0,0,0,0,0,0,0,0,0,0,0,0,1,0,0,0,9,0,0,0,0,0,118,22,27,0,20,1,32,0,0,0,0,0,0,0,49,0,186,0,35,1,23,5,0,0,0,0,0,0,0,0,128,70,0,0,0,0,0,0,0,0,0,0,0,0,0,0,0,0,0,0,0,0,0,0,6,0,743,269,426,779,1317,0,218,24,0,0,0,0,0,0,0
0,0,2,5,0,0,0,29,0,50,0,0,0,0,0,0,0,12,0,0,0,0,0,0,0,18,0,0,0,0,0,0,0,0,0,0,0,0,0,0,0,0,0,0,0,0,0,0,0,0,0,0,29,20,54,59,0,125,136,0,0,0,0,0,35,75,156,367,0,0,0,0,0,0,0,0,0,1,0,0,0,0,0,3,0,0,0,3,0,0,0,0,0,0,0,0,0,0,0,0,0,0,0,1,0,0,0,0,0,0,0,0,0,0,0,0,0,0,0,0,0,0,0,0,0,17,0,2,0,8,0,76,0,4,0,0,0,0,0,3,0,0,0,0,0,16,0,0,0,5,0,1,0,0,29,161,0,0,11,51,13,122,0,0,0,5,0,0,0,94,0,87,0,27,7,29,0,2,0,0,11,0,0,0,35,153,0,0,0,0,0,0,0,0,0,0,0,0,0,0,0,0,0,0,0,0,0,0,0,4,3,3,0,1,1312,0,0,0,613,272,609,734,26,0,5
43,0,0,0,0,1,199,0,179,0,0,0,0,0,0,0,33,2,0,0,5,0,0,0,20,0,0,0,5,0,0,0,38,0,0,0,64,0,37,0,0,0,0,0,0,0,0,0,8,0,0,0,58,0,0,0,0,0,0,0,0,0,103,0,0,0,0,0,0,0,4,0,0,0,0,0,0,0,0,0,0,0,0,0,0,0,0,0,0,0,0,0,0,0,0,0,0,0,0,0,0,0,0,0,0,0,0,0,0,0,0,0,0,0,0,0,0,0,0,0,0,0,0,0,0,0,0,0,0,0,0,0,0,0,0,0,0,0,220,0,96,0,0,0,284,0,0,0,0,0,0,0,0,0,70,0,91,0,102,0,0,0,10,0,0,0,0,0,17,0,108,0,90,0,0,0,26,8,0,0,0,0,0,0,5,0,0,0,0,0,0,0,0,0,0,0,0,0,0,0,0,0,0,0,0,0,0,0,0,0,20,8,47,88,74,0,25,0,0,0,0,0,0,0,0
0,469,0,107,0,0,0,192,8,82,0,7,0,0,0,0,0,28,0,0,0,3,0,23,17,103,0,0,0,31,0,0,0,31,0,2,0,42,0,17,0,0,0,3,0,0,0,0,0,0,0,5,0,35,0,25,0,5,0,0,0,0,0,36,0,0,0,0,0,0,0,0,0,0,0,0,0,0,0,0,0,0,0,0,0,2,0,0,0,0,0,0,0,0,0,0,0,0,0,0,0,0,0,0,0,0,0,0,0,0,0,0,0,0,0,0,0,0,0,0,0,3,0,0,0,0,0,0,0,0,0,0,0,0,0,0,0,0,0,91,0,101,0,22,0,85,0,0,0,0,0,0,0,0,0,43,0,225,0,27,0,0,0,0,0,0,0,1,0,19,0,47,0,131,0,0,5,85,0,24,0,0,0,49,0,0,0,0,0,0,0,0,0,0,0,0,0,0,0,1,0,0,0,0,0,0,0,0,0,0,0,0,0,0,15,0,0,0,0,81,61,32,0,18,0
53,13,17,6,0,0,317,100,480,106,4,0,0,0,8,0,384,3,0,0,78,0,32,0,44,89,29,0,24,0,31,0,51,0,23,0,43,0,15,0,0,0,6,0,5,0,5,0,0,0,19,0,50,12,13,179,6,0,4,0,103,0,0,17,0,0,4,0,0,0,13,0,0,0,6,0,0,0,0,0,0,0,0,0,0,0,11,0,0,0,0,0,0,0,0,0,0,0,0,0,0,0,0,0,0,0,0,0,0,0,0,0,0,0,0,0,0,0,0,0,0,0,28,0,0,0,0,0,19,0,0,0,0,0,0,0,0,0,296,0,97,0,83,0,34,0,0,0,0,0,0,0,0,0,129,0,26,0,239,0,8,0,0,0,0,0,1,0,13,0,21,0,14,0,0,0,49,32,1,0,0,0,3,0,5,0,0,0,0,0,0,0,0,0,0,0,0,0,0,0,0,0,0,0,0,0,0,0,0,0,59,3,37,54,83,0,15,0,0,2,0,0,0,1,0
0,306,0,43,0,0,0,379,0,348,0,0,0,0,0,0,0,213,0,0,0,106,0,42,61,164,0,0,0,70,0,16,0,43,0,26,0,32,0,40,0,0,0,0,0,0,0,0,0,0,0,10,0,70,0,118,0,7,0,0,0,36,17,0,0,1,0,0,0,0,0,0,0,0,0,0,0,0,0,0,0,0,0,0,0,0,0,0,0,0,0,0,0,0,0,0,0,0,0,0,0,0,0,0,0,0,0,0,0,0,0,0,0,0,0,0,0,0,0,0,0,0,0,0,0,0,0,0,0,22,0,9,0,0,0,0,0,22,0,28,0,19,0,23,0,5,0,0,0,0,0,0,0,0,0,27,0,41,0,9,0,0,0,0,0,0,0,0,0,6,1,0,0,11,0,0,0,120,0,0,0,0,0,49,0,0,0,0,0,0,0,0,0,0,0,0,0,0,0,0,0,0,0,0,0,0,0,0,0,0,0,0,0,0,28,0,0,0,8,5,28,31,0,11,1
11,0,22,0,6,0,37,0,40,0,0,0,0,0,0,0,0,0,0,0,0,0,0,0,0,0,0,0,0,0,0,0,0,0,0,0,0,0,0,0,0,0,0,0,0,0,0,0,0,0,0,0,10,0,7,0,78,3,155,35,0,0,0,0,0,0,81,11,0,0,0,0,0,0,0,0,0,0,0,0,0,1,0,0,0,0,0,0,0,0,0,0,0,0,0,0,0,0,0,0,0,0,0,0,0,0,0,0,0,0,0,0,0,0,0,0,0,0,0,0,0,0,0,0,0,0,0,0,1,0,21,4,0,0,0,0,0,0,15,0,0,0,0,1,10,11,7,0,39,0,2,0,0,0,5,9,2,0,24,0,272,48,15,0,0,0,0,0,0,0,0,0,0,0,45,26,0,1,0,0,253,21,3,0,294,11,0,0,0,0,0,0,0,0,0,0,0,0,0,0,0,0,0,0,0,0,0,0,3,0,83,53,14,51,105,0,0,0,0,0,0,3,0,0,0
0,27,0,3,0,50,0,2,0,211,0,0,0,0,0,24,0,0,0,72,0,0,0,0,0,0,0,0,0,0,0,0,0,0,0,0,0,0,0,0,0,0,0,0,0,0,0,0,0,0,0,0,0,0,0,1,0,6,7,75,0,0,0,1,0,0,0,287,0,0,0,8,0,0,0,0,0,0,0,0,0,0,0,0,0,0,0,0,0,0,0,0,0,0,0,0,0,0,0,0,0,0,0,0,0,0,0,0,0,0,0,0,0,0,0,0,0,0,0,0,0,0,0,0,0,27,0,20,0,0,0,47,0,0,0,0,0,0,8,17,0,0,0,0,0,54,0,20,8,231,0,36,0,14,0,0,0,0,8,5,29,247,0,0,0,0,0,0,0,0,0,0,0,0,0,140,0,0,0,1,46,181,0,4,3,174,0,0,0,0,0,0,0,1,0,0,0,0,0,0,0,0,0,0,0,0,0,11,1,11,0,0,0,0,103,0,0,0,98,15,0,0,0,0,0
9,0,36,0,0,0,28,0,69,37,0,0,0,0,0,0,0,0,0,0,0,0,0,0,0,0,2,0,0,0,0,0,0,0,1,0,0,0,0,0,0,0,0,0,0,0,0,0,0,0,0,0,50,0,77,66,27,50,245,156,0,0,4,0,81,0,0,136,0,0,0,0,0,0,0,0,1,0,0,0,0,0,0,0,0,0,0,0,0,0,0,0,0,0,0,0,0,0,0,0,0,0,0,0,0,0,0,0,0,0,0,0,0,0,0,0,0,0,0,0,0,0,0,0,12,0,2,1,0,0,28,0,2,0,0,0,0,0,1,0,0,0,0,0,0,0,12,0,22,0,0,0,0,0,28,13,12,0,0,4,49,0,9,0,0,0,0,0,0,0,9,0,7,0,75,1,0,0,0,0,20,0,1,0,621,76,0,0,0,0,0,0,0,0,0,0,0,0,0,0,1,0,0,0,0,0,0,0,3,0,160,143,51,142,260,0,0,0,0,0,0,0,0,0,0
0,0,0,0,0,3,0,8,139,92,0,0,0,0,0,0,0,0,0,3,0,0,0,0,0,0,0,3,0,0,0,0,0,0,0,0,0,0,0,0,0,0,0,0,0,0,0,0,0,0,0,0,41,41,114,26,35,55,212,367,0,0,0,0,11,287,136,0,0,0,0,0,0,0,0,0,0,0,0,0,0,0,0,0,0,0,0,0,0,0,0,0,0,0,0,0,0,0,0,0,0,0,0,0,0,0,0,1,0,0,0,0,0,0,0,0,0,0,0,0,0,0,0,0,0,2,0,3,0,0,0,23,1,0,0,0,0,7,0,0,0,0,0,0,0,8,0,0,0,28,0,4,0,2,28,32,0,20,0,11,7,84,0,0,0,0,0,0,0,10,6,0,0,0,8,79,2,10,0,0,15,0,0,0,70,501,0,0,0,0,0,1,0,0,0,0,0,0,0,0,0,0,0,0,0,0,0,0,0,0,0,0,0,0,295,0,0,0,228,181,81,0,13,6,0
0,0,0,0,0,0,0,0,0,0,0,0,0,0,0,0,0,0,0,0,0,0,0,0,0,0,0,0,0,0,0,0,0,0,0,0,0,0,0,0,0,0,0,0,0,0,0,0,0,0,0,0,0,0,0,0,0,0,0,0,0,0,0,0,0,0,0,0,0,0,0,0,13,0,0,0,122,0,139,0,42,0,56,0,28,0,135,0,30,0,38,0,36,0,38,0,0,0,62,0,43,0,454,0,97,0,0,0,55,0,42,0,6,0,36,0,3,0,0,0,0,0,0,0,0,0,0,0,0,0,0,0,0,0,0,0,0,0,0,0,0,0,0,0,0,0,0,0,0,0,0,0,0,0,1,0,1,0,0,0,0,0,0,0,8,0,0,0,173,0,0,0,0,0,0,0,0,0,0,0,0,0,0,0,0,0,0,0,0,0,0,0,0,0,32,0,0,0,0,0,0,0,0,0,0,0,0,0,0,0,49,0,40,0,14,128,176,1,0,0,0,0,0,0,0
0,0,0,0,0,0,0,3,0,0,0,0,0,0,0,0,0,0,0,0,0,0,0,0,0,0,0,2,0,0,0,0,0,0,0,0,0,0,0,0,0,0,0,0,0,0,0,0,0,0,0,0,0,0,0,1,0,0,0,0,0,0,0,0,0,0,0,0,0,0,0,0,0,0,0,0,0,61,0,0,0,1,0,64,0,0,0,33,0,19,0,0,0,23,0,14,0,0,0,0,0,0,0,170,0,0,0,15,0,70,0,17,0,0,0,4,0,46,0,0,0,0,0,0,0,0,0,0,0,0,0,0,0,0,0,0,0,0,0,0,0,0,0,0,0,0,0,0,0,0,0,0,0,0,0,0,0,0,0,0,0,0,0,1,0,12,0,0,0,79,0,10,0,2,0,0,0,0,0,0,0,0,0,0,0,0,0,0,0,0,0,0,0,0,0,0,0,0,0,0,0,0,0,0,0,0,0,0,0,0,0,0,0,0,0,0,0,0,24,2,79,0,21,85,0
0,0,0,0,0,0,0,0,0,0,0,0,0,0,0,0,18,0,10,0,40,0,7,0,3,0,47,0,10,0,0,0,0,0,14,0,51,0,0,0,0,0,17,0,13,0,3,0,0,0,25,0,0,0,0,0,0,0,0,0,4,0,13,0,0,0,0,0,0,0,0,0,247,0,194,0,11,0,103,0,0,0,8,0,13,0,44,0,0,0,0,0,0,0,0,0,0,0,0,0,0,0,0,0,0,0,0,3,0,0,0,0,0,0,0,0,0,0,0,0,12,0,8,0,0,0,0,0,2,0,20,0,4,0,25,0,27,2,24,0,168,0,94,0,94,0,28,0,35,0,16,1,52,0,0,0,3,0,0,0,7,1,69,0,0,0,23,0,57,0,34,0,82,0,14,0,0,0,0,0,27,0,0,0,12,0,0,0,0,0,0,0,0,0,0,0,0,0,0,0,19,0,0,1,0,0,0,0,49,0,20,0,70,0,17,1,0,0,0,0,0,0,0,0,0
0,5,0,0,0,6,0,0,0,0,0,0,0,0,0,0,0,0,0,9,0,19,0,0,0,0,0,4,0,0,0,0,0,5,0,0,0,0,0,0,0,0,0,14,0,17,0,0,0,11,0,16,0,0,0,0,0,0,0,0,0,0,0,0,0,8,0,0,0,0,0,0,0,163,0,320,0,51,0,32,0,0,0,2,0,0,1,74,0,0,0,0,0,0,0,0,0,0,3,0,0,0,0,0,0,0,0,0,0,0,0,0,0,0,0,0,0,0,0,0,0,28,0,45,0,64,0,77,0,9,0,0,12,66,0,20,9,0,0,8,0,34,0,10,0,227,20,23,0,26,0,0,7,0,0,0,0,0,0,0,0,0,0,30,0,0,0,11,0,20,0,7,0,20,0,26,0,0,0,1,6,73,0,0,0,6,0,0,0,0,0,0,0,0,0,0,0,0,0,0,0,13,0,0,0,0,0,0,0,0,0,0,1,0,0,0,0,0,67,2,11,0,0,1,0
0,0,0,0,0,0,0,0,0,0,0,0,0,0,0,0,0,0,0,0,0,0,0,0,0,0,0,0,0,0,3,0,0,0,0,0,0,0,0,0,0,0,0,0,0,0,0,0,4,0,0,0,0,0,0,0,0,0,0,0,0,0,0,0,0,0,0,0,13,0,247,0,0,0,85,0,34,0,224,0,3,0,15,0,28,0,15,0,0,0,1,0,0,0,0,0,0,0,5,0,0,0,0,0,0,0,6,0,0,0,0,0,0,0,0,0,0,0,0,0,38,0,19,0,16,0,42,0,3,0,5,0,26,0,46,0,18,0,15,0,60,0,66,0,93,0,64,0,0,0,0,0,0,0,0,0,0,0,0,0,1,0,67,0,0,0,0,0,13,0,0,0,0,0,0,0,0,0,0,0,0,0,0,0,1,0,0,0,0,0,0,0,0,0,0,0,11,0,0,0,70,0,60,0,21,0,0,0,57,0,202,0,9,0,16,10,5,0,0,0,0,0,0,0,0
0,0,0,0,0,0,0,6,0,0,0,1,0,0,0,0,0,0,0,0,0,0,0,0,0,0,0,0,0,0,0,0,0,0,0,0,0,0,0,0,0,0,0,0,0,0,0,0,0,0,0,0,0,0,0,0,0,0,0,0,0,0,0,0,0,0,0,0,0,0,0,163,0,0,0,225,0,82,0,35,0,6,0,11,0,25,0,87,0,0,0,0,0,0,0,0,0,12,0,0,0,0,0,2,0,0,0,0,0,0,0,0,0,0,0,0,0,0,0,0,0,9,0,23,0,50,0,0,0,0,0,0,0,27,0,74,7,0,0,3,0,8,1,0,0,101,0,29,0,11,0,50,7,0,0,0,0,0,0,0,0,2,0,27,0,19,0,0,0,15,0,0,0,0,0,13,0,0,0,0,0,0,0,0,0,0,0,0,0,124,0,28,0,0,0,42,0,45,0,86,0,72,1,190,0,0,0,0,0,0,0,0,0,0,49,0,0,0,286,2,10,0,0,1,0
0,0,0,0,0,0,0,0,0,0,0,0,0,0,0,0,15,0,0,0,16,0,4,0,0,0,0,0,0,0,4,0,8,0,10,0,0,0,0,0,0,0,6,0,6,0,0,0,0,0,0,0,0,0,0,0,0,0,0,0,0,0,6,0,0,0,0,0,0,0,194,0,85,0,0,0,23,0,103,0,5,0,11,0,25,0,28,0,0,0,0,0,2,0,4,0,0,0,0,0,0,0,0,0,0,0,0,0,0,0,0,0,0,0,0,0,0,0,0,0,15,0,17,0,6,2,9,0,0,0,0,0,0,0,11,0,15,0,0,0,39,0,53,0,47,0,0,0,18,0,9,0,52,0,0,0,0,0,0,0,0,0,11,0,0,0,6,0,28,0,5,0,0,0,7,0,0,0,0,0,26,4,0,0,0,0,0,0,0,0,0,0,0,0,0,0,0,0,0,0,26,0,28,0,0,0,0,0,14,0,12,0,6,0,4,0,6,0,0,0,0,0,0,0,0
0,0,0,0,0,0,0,0,0,0,0,0,0,0,0,0,0,0,0,10,0,0,0,0,0,0,0,0,0,0,0,0,0,0,0,0,0,0,0,0,0,1,0,0,0,14,0,0,0,0,0,10,0,0,0,0,0,0,0,0,0,0,0,0,0,0,0,0,0,0,0,320,0,225,0,0,0,31,0,65,0,11,0,0,0,17,0,163,0,0,0,0,0,0,0,0,0,0,0,3,0,0,0,0,0,5,8,0,0,0,0,0,0,0,0,0,0,0,0,0,0,135,0,69,0,16,0,48,0,0,0,8,0,25,0,35,0,6,0,7,0,58,0,31,0,216,0,27,0,0,0,0,4,51,0,0,0,0,0,0,0,0,0,25,0,4,0,6,0,29,0,13,0,14,0,0,0,3,0,1,7,57,0,0,0,0,0,0,0,0,0,0,0,0,0,0,0,0,0,0,0,0,0,0,1,0,0,0,0,0,0,0,0,0,7,0,0,0,41,0,22,0,0,0,0
0,0,0,0,0,0,0,0,0,0,0,0,0,0,1,0,0,0,0,0,0,0,0,0,0,0,0,0,2,0,0,0,0,0,0,0,0,0,0,0,0,0,0,0,0,0,0,0,0,0,0,0,0,0,0,0,0,0,0,0,0,0,0,0,0,0,1,0,122,0,11,0,34,0,23,0,0,0,51,0,23,0,44,0,26,0,49,0,1,0,8,0,19,0,3,0,13,0,19,0,0,0,73,0,0,0,22,0,28,0,0,0,1,0,14,0,1,0,1,0,11,0,0,0,0,0,0,0,0,0,0,0,0,0,0,0,0,0,0,0,0,0,0,0,0,0,0,0,0,0,0,0,0,0,0,0,0,0,0,0,0,0,4,0,0,0,0,0,53,0,5,0,0,0,0,0,0,0,0,0,0,0,0,0,0,0,0,0,38,0,0,0,0,0,0,0,0,0,0,0,0,0,0,0,38,0,0,0,0,0,52,0,22,1,12,20,22,0,0,0,0,0,0,0,0
0,0,0,0,0,0,0,0,0,0,0,0,0,0,0,0,0,0,0,0,0,0,0,0,0,0,0,0,0,0,0,0,0,0,0,0,0,0,0,0,0,0,0,0,0,0,0,0,0,0,0,0,0,0,0,0,0,0,0,1,0,0,0,0,0,0,0,0,0,61,0,51,0,82,0,31,0,0,0,10,0,13,0,109,0,0,0,193,0,54,0,0,0,46,0,2,0,0,0,0,0,0,0,83,0,20,0,16,0,16,0,1,0,0,0,0,0,53,0,1,0,6,0,0,0,0,0,0,0,0,0,0,0,0,0,12,0,0,0,0,0,0,0,0,0,0,0,2,0,0,0,4,0,0,0,0,0,0,0,0,0,0,0,1,0,7,0,0,0,90,0,6,0,0,0,0,0,0,0,0,0,0,0,0,0,0,0,0,0,0,0,25,0,0,0,94,0,18,0,0,0,46,0,0,0,48,0,0,0,0,0,0,0,0,15,0,0,0,75,1,70,6,13,12,0
0,0,0,0,1,0,0,0,0,0,0,0,0,0,0,0,0,0,0,0,0,0,0,0,0,0,0,0,3,0,0,0,0,0,0,0,0,0,0,0,0,0,0,0,0,0,0,0,1,0,0,0,0,0,0,0,0,0,0,0,0,0,0,0,0,0,0,0,139,0,103,0,224,0,103,0,51,0,0,0,26,0,64,0,62,0,97,0,0,0,6,0,16,0,0,0,28,0,9,0,7,0,16,0,7,0,0,0,0,0,0,0,0,0,1,0,0,0,0,0,59,0,16,0,0,0,0,0,0,0,0,0,0,0,0,0,0,0,0,0,0,0,0,0,12,0,0,0,0,0,0,0,0,0,0,0,0,0,0,0,0,0,7,0,0,0,0,0,34,0,0,0,0,0,0,0,0,0,0,0,0,0,0,0,0,0,0,0,0,0,8,0,0,0,3,0,0,0,0,0,0,0,0,0,23,0,0,0,0,0,168,0,9,0,9,15,0,0,0,0,0,0,0,0,0
0,0,0,0,0,0,0,0,0,0,0,0,0,0,0,0,0,0,0,0,0,0,0,0,0,0,0,0,0,1,0,0,0,3,0,0,0,0,0,0,0,0,0,0,0,0,0,0,0,0,0,0,0,0,0,0,0,0,0,0,0,0,0,0,0,0,0,0,0,0,0,32,0,35,0,65,0,10,0,0,0,0,0,1,0,9,0,44,0,0,0,0,0,0,0,0,0,0,0,0,0,0,0,0,0,0,0,0,0,0,0,0,0,0,0,0,0,0,0,0,0,20,0,22,0,0,1,6,0,0,0,0,0,5,0,16,0,0,0,2,0,30,0,9,0,47,0,9,0,0,0,0,0,0,0,0,0,0,0,0,0,0,0,4,0,3,0,0,0,25,0,0,0,0,0,0,0,0,0,0,1,0,0,0,0,0,0,0,0,0,0,0,0,0,0,0,0,0,0,0,0,10,0,0,0,0,0,0,0,13,0,0,0,0,0,0,0,0,9,0,0,0,0,0,0
