0,266,27,143,98,0,81,0,105,0,204,0,136,0,7,131,182,49,0,0,0,0,13,108,86,141,0,0,108,0,0,0,79,0,0,0,87,0,786,0,0,0,0,0,0,0,28,0,16,0,7,0,0,0,0,0,0,0,3,0,184,0,248,22,53,0,61,0,0,0,0,0,0,0,0,0,0,0,0,0,0,0,1,0,0,0,0,0,0,0,0,0,0,0,0,0,0,0,0,0,0,0,0,0,0,0,0,0,0,0,0,0,0,0,0,0,0,0,0,0,0,0,0,0,0,0,66,0,0,0,54,0,0,0,30,0,0,0,0,0,0,0,0,0,0,0,39,0,102,0,67,0,0,0,0,0,0,0,0,0,0,0,8,0,16,0,0,0,38,0,76,0,615,0,0,0,540,95,43,0,0,0,191,0,125,0,0,0,0,0,0,0,0,0,0,0,0,0,0,0,0,0,0,0,0,0,0,0,0,0,990,95,264,0,283,0,3,0,0,0,0,0,0,0,0
266,0,132,121,0,206,183,21,89,96,0,220,0,75,0,89,68,121,0,87,0,0,123,57,572,80,0,145,0,0,0,0,0,40,0,0,0,54,0,149,0,0,0,0,0,22,0,31,0,0,0,0,19,125,52,57,0,10,0,12,0,399,20,568,0,106,0,41,0,1,0,0,0,0,0,0,0,3,0,0,0,22,0,0,0,0,0,0,0,0,0,0,0,0,0,0,0,0,0,0,0,0,0,0,0,0,0,0,0,0,0,0,0,0,0,0,0,0,0,0,0,0,0,0,0,0,0,0,0,0,0,82,0,0,0,112,0,306,0,0,0,0,0,0,0,11,0,0,0,95,0,142,0,118,0,77,0,0,0,21,0,22,0,8,0,10,0,11,0,16,0,42,0,151,0,0,185,596,0,2,0,47,0,36,0,117,0,3,0,0,0,0,0,0,0,0,0,0,0,0,0,0,0,0,0,0,0,37,0,178,0,0,0,0,424,0,0,0,1496,198,338,0,0,0,0
27,132,0,0,394,201,116,0,43,0,118,94,213,0,199,164,139,0,32,0,127,0,335,119,182,56,89,0,473,0,143,0,352,0,0,0,103,0,1225,0,35,0,0,0,0,0,41,0,0,0,8,0,0,0,47,0,13,0,21,0,0,0,128,0,42,0,60,0,3,0,0,0,0,0,22,0,0,0,0,0,0,0,0,0,113,0,0,0,0,0,0,0,0,0,0,0,0,0,0,0,0,0,0,0,0,0,0,0,0,0,0,0,0,0,0,0,0,0,0,0,0,0,0,0,235,0,344,0,0,0,168,0,0,0,377,0,181,0,0,0,0,0,0,0,22,0,155,0,187,0,264,0,109,0,15,0,0,0,0,0,0,0,20,0,0,0,56,0,53,0,75,0,567,0,0,0,241,93,7,0,0,0,24,0,63,0,0,0,0,0,0,0,0,0,0,0,0,0,0,0,0,0,0,0,0,0,0,0,326,0,1040,97,611,0,607,0,0,0,0,0,0,0,0,0,0
143,121,0,0,0,86,0,58,0,19,0,4,0,5,0,468,35,94,0,112,0,28,126,306,153,107,0,0,0,86,0,0,0,82,0,0,0,89,0,328,0,0,0,0,0,0,0,0,0,0,0,0,0,9,0,98,0,22,0,29,0,150,0,101,0,35,0,0,0,0,0,1,0,0,0,0,0,0,0,0,0,0,0,0,0,0,0,0,0,0,0,0,0,0,0,0,0,0,0,0,0,0,0,0,0,0,0,0,0,0,0,0,0,0,0,0,0,0,0,0,0,0,0,0,0,98,0,217,0,0,0,104,0,0,0,0,0,0,0,0,0,0,0,0,0,0,0,33,0,26,0,85,0,20,0,0,0,0,0,0,0,28,0,8,0,0,0,0,0,28,0,26,0,133,0,0,30,134,0,0,0,0,0,0,0,0,0,0,0,0,0,0,0,0,0,0,0,0,0,0,0,0,0,0,0,0,0,0,0,0,0,0,0,0,146,0,0,0,664,41,379,0,0,0,0
98,0,394,0,0,404,83,0,79,0,74,70,377,185,257,294,0,0,52,358,305,236,44,63,0,0,208,191,0,0,353,0,706,0,231,0,473,0,219,0,151,14,0,0,33,0,107,15,40,0,188,0,0,0,0,0,0,0,0,0,0,0,0,0,21,0,30,0,0,0,44,0,0,0,0,0,0,0,0,0,0,0,0,0,0,0,0,0,0,0,0,0,0,0,0,0,0,0,0,0,0,0,0,0,0,0,0,0,0,0,0,0,0,0,0,0,0,0,0,0,0,0,0,0,68,0,98,0,0,0,0,0,0,0,0,0,39,0,0,0,0,0,0,0,0,0,49,0,66,0,57,0,0,0,0,0,0,0,0,0,0,0,0,0,58,0,219,0,0,0,0,0,481,0,0,0,676,169,232,4,0,0,58,0,80,0,17,0,0,0,0,0,0,0,0,0,0,0,0,0,0,0,0,0,0,0,0,0,0,0,838,310,747,0,310,0,4,0,0,0,0,0,0,0,0
0,206,201,86,404,0,0,54,0,16,193,436,0,248,758,251,14,29,188,430,112,195,231,144,0,18,0,637,0,150,0,350,0,571,0,175,0,209,0,144,0,69,0,0,0,56,0,128,0,0,0,67,0,6,0,18,0,10,0,14,0,0,0,0,0,0,0,0,0,0,0,7,0,0,0,0,0,0,0,0,0,0,0,0,0,37,0,0,0,0,0,0,0,0,0,0,0,0,0,0,0,0,0,0,0,0,0,0,0,0,0,0,0,0,0,0,0,0,0,0,0,24,0,0,0,0,0,0,0,0,0,0,0,0,0,0,0,0,0,0,0,0,0,0,0,0,0,0,0,25,0,45,0,0,0,0,0,0,0,0,0,0,0,10,0,16,0,151,0,0,0,0,0,164,0,0,169,836,0,46,0,0,0,0,0,0,0,31,0,0,0,0,0,0,0,0,0,0,0,0,0,0,0,0,0,0,0,0,0,0,0,0,0,0,206,0,0,0,1089,281,678,0,0,0,0
81,183,116,0,83,0,0,0,23,0,37,0,49,0,9,0,14,35,0,0,0,0,21,0,348,159,0,0,0,0,0,0,0,0,0,0,0,0,125,0,0,0,0,0,0,0,0,0,44,0,1,0,159,0,191,26,13,0,0,0,300,0,537,46,15,0,27,0,6,0,0,0,0,0,0,0,0,0,0,0,0,0,0,0,0,0,0,0,0,0,0,0,0,0,0,0,0,0,0,0,0,0,0,0,0,0,0,0,0,0,0,0,0,0,0,0,0,0,0,0,0,0,0,0,78,0,61,0,0,0,158,0,0,0,0,0,0,0,0,0,0,0,0,0,0,0,12,0,26,0,0,0,0,0,0,0,0,0,0,0,0,0,0,0,0,0,0,0,35,0,320,0,304,0,0,0,128,43,2,0,0,0,0,0,0,0,0,0,0,0,0,0,0,0,0,0,0,0,0,0,0,0,0,0,0,0,0,0,28,0,959,40,451,761,794,0,0,0,0,0,0,0,0,0,0
0,21,0,58,0,54,0,0,160,23,0,19,0,7,0,23,0,114,0,11,0,0,0,0,0,142,0,0,0,0,0,0,0,0,0,0,0,0,0,0,0,0,0,0,0,0,0,0,0,0,0,0,44,141,100,369,0,23,0,24,0,300,0,406,0,14,0,3,0,0,0,0,0,0,0,0,0,0,0,0,0,0,0,0,0,11,0,0,0,0,0,0,0,0,0,0,0,0,0,0,0,0,0,0,0,0,0,0,0,0,0,0,0,0,0,0,0,0,0,0,0,0,0,0,0,73,0,157,0,31,0,63,0,34,0,0,0,0,0,5,0,0,0,0,0,0,0,35,0,0,0,35,0,0,0,0,0,0,0,0,0,0,0,0,0,20,0,0,0,57,0,98,0,272,0,0,56,0,0,0,0,0,0,0,0,0,0,0,0,0,0,0,0,0,0,0,0,0,0,0,0,0,0,0,0,0,0,0,0,83,0,0,0,0,658,0,0,0,759,35,525,751,0,94,0
105,89,43,0,79,0,23,160,0,262,71,0,41,0,36,0,0,37,11,0,0,0,0,0,45,215,39,0,0,0,0,0,0,0,8,0,0,0,0,0,32,0,0,0,0,0,0,0,0,0,0,0,246,68,62,212,10,0,86,0,277,0,350,76,61,0,153,0,0,0,0,0,0,0,0,0,0,0,0,0,0,0,0,0,0,0,0,0,0,0,0,0,0,0,0,0,0,0,0,0,0,0,0,0,0,0,0,0,0,0,0,0,0,0,0,0,0,0,0,0,0,0,0,0,49,0,55,0,0,0,87,0,0,0,13,0,0,0,0,0,0,0,0,0,4,0,30,0,130,0,34,0,47,0,31,2,51,0,0,1,12,0,2,0,0,0,0,0,29,0,379,0,132,0,7,0,806,112,18,0,0,0,60,0,127,21,1,0,0,0,0,0,0,0,0,0,0,0,0,0,0,0,0,0,0,0,0,0,25,0,927,55,261,446,481,0,56,0,0,0,0,0,0,0,0
0,96,0,19,0,16,0,23,262,0,0,37,0,0,0,17,0,21,1,39,0,0,0,0,58,64,0,18,0,0,0,5,0,0,0,0,0,0,0,0,0,0,0,0,0,4,0,0,0,2,0,0,220,198,290,209,0,13,145,74,0,0,0,111,0,271,57,212,0,0,0,0,0,1,0,0,0,0,0,0,0,0,0,0,0,13,0,0,0,0,0,0,0,0,0,0,0,0,0,0,0,0,0,0,0,0,0,0,0,0,0,0,0,0,0,0,0,0,0,0,0,0,0,0,0,48,0,92,0,0,0,116,0,18,0,0,0,131,0,0,0,0,0,0,0,0,0,15,0,71,0,57,0,44,8,58,0,101,0,10,0,22,0,0,0,0,0,0,0,38,0,124,0,129,0,0,114,368,0,0,0,0,0,13,0,154,0,0,0,0,0,0,0,0,0,0,0,0,0,0,0,0,0,0,0,0,0,0,0,80,0,0,0,0,387,0,0,0,613,90,340,529,0,62,0
204,0,118,0,74,193,37,0,71,0,0,35,355,0,21,165,56,0,6,66,139,45,25,39,0,0,29,0,0,0,151,0,372,0,32,0,207,0,117,0,51,0,0,0,0,0,43,0,0,0,8,0,0,0,0,0,1,0,0,0,0,0,0,0,0,0,0,0,0,0,0,0,0,0,0,0,0,0,0,0,0,0,0,0,0,0,0,0,0,0,0,0,0,0,0,0,0,0,0,0,0,0,0,0,0,0,0,0,0,0,0,0,0,0,0,0,0,0,0,0,0,0,0,0,0,0,0,0,0,0,0,0,0,0,0,0,0,0,0,0,0,0,0,0,0,0,0,0,0,0,0,0,38,0,0,0,0,0,0,0,0,0,0,0,0,0,42,0,0,0,0,0,118,2,42,0,307,61,171,2,49,0,52,0,34,0,10,0,0,0,0,0,0,0,0,0,0,0,0,0,0,0,0,0,0,0,0,0,0,0,346,135,188,0,78,0,0,0,0,0,0,0,0,0,0
0,220,94,4,70,436,0,19,0,37,35,0,0,125,198,21,10,82,0,69,0,57,122,117,25,8,0,130,0,60,0,102,0,219,0,0,0,111,0,131,0,82,0,0,0,91,0,90,0,51,0,0,0,19,0,6,0,0,0,0,0,67,0,59,0,17,0,10,0,0,0,4,0,0,0,0,0,0,0,0,0,0,0,0,0,0,0,0,0,0,0,0,0,0,0,0,0,0,0,0,0,0,0,0,0,0,0,0,0,0,0,0,0,0,0,0,0,0,0,0,0,0,0,0,0,0,0,0,0,0,0,23,0,0,0,22,0,0,0,0,0,0,0,60,0,0,0,0,0,0,0,0,0,227,0,18,0,0,0,9,0,0,0,0,0,0,0,0,0,0,0,0,0,33,0,159,54,605,2,26,0,243,0,89,0,98,0,16,0,0,0,0,0,0,0,0,0,0,0,0,0,0,0,0,0,0,0,0,0,0,0,0,0,0,40,0,0,0,538,149,104,0,0,0,0
136,0,213,0,377,0,49,0,41,0,355,0,0,325,59,15,0,0,121,253,103,92,0,0,0,0,176,663,0,0,14,0,0,0,268,0,48,0,0,0,203,189,185,0,99,96,102,324,48,0,528,0,2,0,0,0,0,0,0,0,0,0,0,0,0,0,0,0,0,0,0,0,0,0,0,0,0,0,0,0,0,0,0,0,0,0,0,0,0,0,0,0,0,0,0,0,0,0,0,0,0,0,0,0,0,0,0,0,0,0,0,0,0,0,0,0,0,0,0,0,0,0,0,0,0,0,0,0,0,0,0,0,0,0,0,0,0,0,0,0,0,0,0,0,0,0,0,0,0,0,0,0,0,0,0,0,0,0,0,0,0,0,0,0,97,0,0,0,0,0,0,0,0,0,0,0,302,87,220,0,18,0,21,0,46,0,302,0,0,0,0,0,0,0,0,0,0,0,0,0,0,0,0,0,0,0,0,0,19,0,0,147,386,0,14,0,0,0,0,0,0,0,0,0,0
0,75,0,5,185,248,0,7,0,0,0,125,325,0,232,2,0,0,566,83,111,57,2,0,0,0,175,130,0,0,0,0,0,44,0,161,0,89,0,0,0,182,0,111,0,119,7,221,0,45,0,212,0,0,0,0,0,0,0,0,0,0,0,0,0,0,0,0,0,2,0,0,0,0,0,0,0,0,0,0,0,0,0,0,0,0,0,0,0,0,0,0,0,0,0,0,0,0,0,0,0,0,0,0,0,0,0,0,0,0,0,0,0,0,0,0,0,0,0,0,0,0,0,0,0,0,0,0,0,0,0,0,0,0,0,0,0,0,0,0,0,0,0,0,0,0,0,0,0,0,0,0,0,0,0,0,0,0,0,0,0,0,0,1,0,0,0,26,0,0,0,0,0,0,0,0,77,599,0,64,0,41,0,0,0,0,34,52,0,0,0,0,0,0,0,0,0,0,0,0,0,0,0,0,0,0,0,0,0,0,0,0,0,0,0,0,0,0,0,65,303,0,0,0,0
7,0,199,0,257,758,9,0,36,0,21,198,59,232,0,466,164,0,252,631,237,437,249,107,40,0,205,0,40,0,274,0,274,65,131,0,167,21,21,0,23,0,0,0,47,0,58,0,10,0,27,0,0,0,33,0,0,0,0,0,0,0,0,0,34,0,0,0,0,0,0,0,0,0,14,0,0,0,0,0,0,0,0,0,0,0,0,0,0,0,0,0,0,0,0,0,0,0,0,0,0,0,0,0,0,0,0,0,0,0,0,0,0,0,0,0,0,0,0,0,0,0,0,0,0,0,120,0,0,0,0,0,0,0,337,0,0,0,6,0,0,0,0,0,0,0,66,0,89,0,130,0,159,0,29,0,18,0,0,0,0,0,0,0,15,0,145,0,107,0,0,0,176,0,0,0,233,175,50,16,21,0,27,0,118,0,0,52,0,0,0,0,0,0,0,0,0,0,0,0,40,0,0,0,0,0,0,0,153,0,234,108,283,0,124,1,0,0,0,0,0,0,0,0,0
131,89,164,468,294,251,0,23,0,17,165,21,15,2,466,0,26,68,18,302,55,281,260,270,103,63,0,107,0,122,0,104,0,180,0,0,0,61,0,121,0,0,0,7,1,29,0,0,1,0,0,0,0,0,0,177,0,0,0,0,0,0,3,22,0,26,0,0,0,0,0,0,0,0,0,0,0,0,0,0,0,0,0,0,0,0,0,0,0,0,0,0,0,0,0,0,0,0,0,0,0,0,0,0,0,0,0,0,0,0,0,0,0,0,0,0,0,0,0,0,0,0,0,0,0,38,0,0,0,0,0,105,0,55,0,0,0,329,0,31,0,0,0,199,0,0,0,0,0,0,0,50,0,0,0,0,0,0,0,0,0,0,0,0,0,6,0,49,0,0,0,0,0,79,0,0,88,178,13,20,0,0,0,0,0,0,0,0,0,0,0,0,0,0,0,0,0,0,0,0,0,0,0,0,0,0,0,0,0,0,0,0,0,0,80,0,0,0,368,81,235,0,0,0,0
182,68,139,35,0,14,14,0,0,0,56,10,0,0,164,26,0,18,98,0,417,0,150,12,123,43,60,0,170,0,65,0,12,0,11,0,0,0,216,0,0,0,23,0,0,0,0,0,0,0,11,0,114,0,44,0,25,0,0,0,0,0,270,0,0,0,0,0,0,0,6,0,0,0,0,0,0,0,0,0,0,0,0,0,328,0,0,0,0,0,0,0,0,0,0,0,79,0,0,0,0,0,0,0,0,0,138,0,0,0,0,0,0,0,0,0,0,0,0,0,0,0,67,0,0,0,0,0,0,0,0,0,0,0,234,0,624,0,81,0,115,0,996,0,0,0,0,0,0,0,0,0,0,0,69,0,0,0,46,0,0,0,0,0,0,0,0,0,0,0,11,0,104,0,0,0,16,12,0,0,0,0,26,0,0,0,0,0,0,0,0,0,0,0,0,0,0,0,0,0,0,0,0,0,0,0,0,0,0,0,114,46,107,67,61,0,0,0,0,0,0,0,0,0,0
49,121,0,94,0,29,35,114,37,21,0,82,0,0,0,68,18,0,0,25,0,153,38,170,156,62,0,50,0,182,0,39,0,44,0,18,0,35,0,185,0,0,0,0,0,0,0,0,0,0,0,0,12,46,17,141,0,91,0,0,0,141,15,473,0,0,0,0,0,0,0,0,0,0,0,0,0,0,0,0,0,0,0,0,0,31,0,0,0,0,0,0,0,0,0,0,0,0,0,0,0,0,0,0,0,0,0,0,0,0,0,0,0,0,0,0,0,0,0,0,0,0,0,0,0,0,0,0,0,491,0,0,0,242,0,287,0,978,0,203,0,12,0,236,0,0,0,0,0,0,0,0,0,5,0,107,0,0,0,81,0,28,0,6,0,0,0,0,0,17,0,0,0,95,0,0,15,35,0,44,0,0,0,10,0,0,0,0,0,1,0,0,0,0,0,0,0,0,0,0,0,0,0,0,0,0,0,0,0,332,0,0,0,0,72,0,0,0,145,31,210,110,0,10,0
0,0,32,0,52,188,0,0,11,1,6,0,121,566,252,18,98,0,0,533,199,183,98,0,39,0,91,826,0,0,37,0,0,0,143,0,50,0,0,0,2,122,62,33,33,51,14,160,8,0,255,0,0,0,0,0,0,0,0,0,0,0,0,0,0,0,0,0,0,0,0,0,0,0,0,0,0,0,0,0,0,0,0,0,0,0,0,0,0,0,0,0,0,0,0,0,0,0,0,0,0,0,0,0,0,0,0,0,0,0,0,0,0,0,0,0,0,0,0,0,0,0,0,0,0,0,0,0,0,0,0,0,0,0,0,0,0,0,0,0,0,0,0,0,0,0,0,0,0,0,0,0,0,0,0,0,0,0,7,0,0,0,0,0,112,0,35,0,170,0,0,0,0,0,0,0,231,70,21,0,0,0,0,0,11,0,50,13,0,0,0,0,0,0,0,0,0,0,0,0,0,0,0,0,0,0,0,0,0,0,59,165,451,0,41,0,0,2,0,0,0,0,0,0,0
0,87,0,112,358,430,0,11,0,39,66,69,253,83,631,302,0,25,533,0,172,378,0,97,0,28,0,337,0,31,0,441,0,220,0,267,0,194,0,0,0,1,0,51,0,65,0,7,0,0,0,144,0,0,0,0,0,0,0,0,0,0,2,0,0,0,0,0,0,0,0,0,0,0,0,0,0,0,0,0,0,0,0,0,0,0,0,0,0,0,0,0,0,0,0,0,0,0,0,0,0,0,0,0,0,0,0,0,0,0,0,0,0,0,0,0,0,0,0,0,0,0,0,0,0,0,0,0,0,0,0,56,0,0,0,0,0,0,0,0,0,0,0,0,0,0,0,0,0,18,0,0,0,0,0,0,0,0,0,0,0,0,0,0,0,9,0,81,0,0,0,0,0,66,0,0,91,254,46,24,0,0,0,0,0,0,0,87,0,0,0,0,0,0,0,0,0,0,0,0,0,0,0,0,0,0,0,0,0,0,4,0,0,0,64,0,0,0,298,145,283,0,0,0,0
0,0,127,0,305,112,0,0,0,0,139,0,103,111,237,55,417,0,199,172,0,75,105,0,37,0,187,80,77,0,173,0,140,0,77,0,89,0,9,0,0,10,55,0,107,0,0,0,0,0,141,0,0,0,16,0,0,0,0,0,0,0,201,0,0,0,0,0,0,0,146,0,0,0,95,0,0,0,0,0,114,0,0,0,633,0,0,0,0,0,0,0,0,0,0,0,359,0,491,0,0,0,0,0,0,0,0,0,0,0,0,0,0,0,0,0,0,0,0,0,167,0,213,0,0,0,0,0,0,0,0,0,0,0,0,0,0,0,89,0,155,0,925,0,121,0,0,0,0,0,0,0,0,0,0,0,0,0,0,0,0,0,20,0,76,0,147,0,212,0,0,0,176,0,0,0,39,0,97,0,0,0,0,0,0,0,0,0,0,0,0,0,0,0,0,0,0,0,0,0,0,0,0,0,0,0,0,0,0,0,217,157,378,0,90,0,0,0,0,0,0,0,0,0,0
0,0,0,28,236,195,0,0,0,0,45,57,92,57,437,281,0,153,183,378,75,0,16,261,0,79,16,265,0,96,0,30,0,47,0,72,0,49,0,26,0,0,2,79,0,92,0,0,0,0,0,58,0,0,0,0,0,0,0,0,0,19,0,61,0,0,0,2,0,0,0,0,0,0,0,8,0,4,0,0,0,0,0,0,0,132,0,0,0,0,0,0,0,0,0,0,0,0,0,0,0,0,0,0,0,0,0,0,0,0,0,0,0,0,0,0,0,0,0,0,0,24,0,0,0,0,0,0,0,0,0,0,0,0,0,314,0,0,0,300,0,362,0,860,0,45,0,0,0,0,0,0,0,0,0,0,0,0,0,0,0,0,0,0,0,8,0,167,0,111,0,36,0,107,0,0,18,112,18,40,0,0,1,0,0,0,0,45,0,0,0,0,0,0,0,0,0,0,0,0,0,0,0,0,0,0,0,0,0,0,0,0,0,0,127,0,0,0,493,203,434,0,0,0,0
13,123,335,126,44,231,21,0,0,0,25,122,0,2,249,260,150,38,98,0,105,16,0,106,190,11,65,0,52,0,25,0,35,8,0,0,6,0,39,5,0,0,0,0,0,0,0,0,0,0,3,0,9,0,156,0,14,0,0,0,0,0,21,0,0,0,0,0,0,0,0,0,0,0,0,0,5,0,0,0,0,0,0,0,99,0,0,0,0,0,0,0,0,0,0,0,0,0,0,0,0,0,0,0,0,0,0,0,0,0,0,0,0,0,0,0,0,0,0,0,0,0,0,0,69,0,0,0,51,0,19,0,110,0,468,0,450,0,0,0,0,0,403,0,0,0,0,0,28,0,68,0,45,0,27,0,4,0,0,0,10,0,0,0,0,0,0,0,0,0,0,0,27,1,0,0,185,94,0,12,18,0,26,0,31,0,0,0,0,0,0,0,0,0,0,0,0,0,0,0,59,0,0,0,0,0,0,0,143,0,66,51,40,20,0,0,0,0,0,0,0,0,0,0,0
108,57,119,306,63,144,0,0,0,0,39,117,0,0,107,270,12,170,0,97,0,261,106,0,143,98,0,88,0,105,0,27,0,33,0,43,1,45,0,89,0,0,0,22,0,0,0,0,0,0,0,0,0,11,3,122,0,16,0,0,0,44,3,125,0,4,0,0,0,0,0,0,0,0,0,0,0,0,0,0,0,0,0,0,0,64,0,0,0,0,0,0,0,0,0,0,0,23,0,0,0,0,0,0,0,0,0,0,0,0,0,0,0,0,0,0,0,0,0,0,0,0,0,0,0,0,0,0,0,251,0,0,0,0,0,370,0,1048,0,106,0,0,0,310,0,0,0,0,0,7,0,0,0,0,0,0,0,0,0,0,0,0,0,4,0,6,0,22,0,0,0,17,0,65,0,0,22,75,0,116,0,0,13,0,0,0,0,0,0,0,0,0,0,0,0,0,0,0,0,0,0,0,0,0,0,0,0,0,0,456,0,0,0,0,78,0,0,0,385,98,251,0,0,3,0
86,572,182,153,0,0,348,0,45,58,0,25,0,0,40,103,123,156,39,0,37,0,190,143,0,458,0,0,36,0,0,0,0,0,0,0,0,0,0,0,0,0,0,0,0,0,0,0,4,0,0,0,48,21,203,30,46,0,0,0,18,0,26,126,0,0,0,0,0,0,0,0,0,0,0,0,0,0,0,0,0,0,0,0,63,0,0,0,0,0,0,0,0,0,0,0,0,0,0,0,0,0,0,0,0,0,0,0,0,0,0,0,0,0,0,0,0,0,0,0,0,0,0,0,42,0,90,0,0,0,0,0,181,0,303,0,412,0,0,0,0,0,357,0,0,0,0,0,0,0,42,0,0,0,38,0,0,0,0,0,18,0,0,0,0,0,0,0,0,0,28,0,51,0,0,0,164,68,0,3,0,0,0,0,0,0,0,0,0,0,0,0,0,0,0,0,0,0,0,0,0,0,0,0,0,0,0,0,132,0,62,14,59,0,49,0,5,0,4,0,0,0,0,0,0
141,80,56,107,0,18,159,142,215,64,0,8,0,0,0,63,43,62,0,28,0,79,11,98,458,0,0,0,0,45,0,19,0,9,0,0,0,7,0,0,0,0,0,4,0,0,0,0,0,0,0,0,54,49,99,303,0,35,0,28,0,111,63,213,0,14,0,0,0,0,0,0,0,0,0,0,0,0,0,0,0,0,0,0,0,0,0,0,0,0,0,0,0,0,0,0,0,0,0,0,0,0,0,0,0,0,0,0,0,0,0,0,0,0,0,0,0,0,0,0,0,0,0,0,0,48,0,300,0,170,0,137,0,121,0,0,0,271,0,36,0,0,0,0,0,2,0,0,0,0,0,99,0,0,0,19,0,0,0,0,0,16,0,0,0,0,0,0,0,5,0,8,0,48,0,0,67,101,0,0,0,0,11,10,0,1,0,0,0,0,0,0,0,0,0,0,0,0,0,0,0,0,0,0,0,0,0,0,0,315,8,0,0,0,96,0,0,0,354,130,104,129,0,6,0
0,0,89,0,208,0,0,0,39,0,29,0,176,175,205,0,60,0,91,0,187,16,65,0,0,0,0,361,29,0,51,0,48,0,23,0,80,0,0,0,37,191,169,0,198,81,153,418,33,0,121,4,0,0,0,0,0,0,0,0,0,0,0,0,0,0,0,0,9,0,0,0,0,0,0,0,0,0,0,0,0,0,0,0,0,0,0,0,0,0,0,0,0,0,0,0,0,0,0,0,0,0,0,0,0,0,0,0,0,0,0,0,0,0,0,0,0,0,0,0,0,0,0,0,0,0,0,0,0,0,0,0,0,0,0,0,0,0,0,0,0,0,0,0,0,0,0,0,0,0,0,0,0,0,0,0,0,0,0,0,0,0,0,0,146,0,0,0,157,0,0,0,0,0,0,0,23,48,36,0,0,0,0,0,0,0,128,0,0,0,0,0,0,0,11,0,0,0,0,0,0,0,0,0,0,0,0,0,0,0,0,161,399,0,14,0,0,0,0,0,0,0,0,0,0
0,145,0,0,191,637,0,0,0,18,0,130,663,130,0,107,0,50,826,337,80,265,0,88,0,0,361,0,0,0,0,0,0,0,0,112,0,34,0,0,72,2,94,256,35,295,0,144,0,18,108,463,0,0,0,0,0,0,0,0,0,0,0,0,0,0,0,0,0,0,0,0,0,0,0,0,0,0,0,0,0,0,0,0,0,0,0,0,0,0,0,0,0,0,0,0,0,0,0,0,0,0,0,0,0,0,0,0,0,0,0,0,0,0,0,0,0,0,0,0,0,0,0,0,0,0,0,0,0,0,0,0,0,0,0,0,0,0,0,0,0,0,0,0,0,0,0,0,0,0,0,0,0,0,0,0,0,0,0,0,0,0,0,0,0,90,0,58,0,247,0,0,0,0,0,0,65,312,0,0,0,0,0,0,0,0,69,43,0,0,0,0,0,0,0,0,0,0,0,0,0,0,0,0,0,0,0,0,0,0,0,0,0,0,31,0,0,0,150,237,749,0,0,0,0
108,0,473,0,0,0,0,0,0,0,0,0,0,0,40,0,170,0,0,0,77,0,52,0,36,0,29,0,0,0,27,0,5,0,24,0,29,0,17,0,0,0,58,0,0,0,0,0,0,0,0,0,11,0,6,0,0,0,0,0,6,0,94,0,0,0,0,0,0,0,28,0,0,0,17,0,0,0,0,0,0,0,0,0,121,0,0,0,0,0,0,0,0,0,0,0,0,0,100,0,0,0,0,0,0,0,0,0,0,0,0,0,0,0,0,0,0,0,0,0,0,0,44,0,0,0,0,0,0,0,0,0,0,0,0,0,131,0,176,0,175,0,381,0,36,0,0,0,0,0,0,0,0,0,27,0,9,0,39,0,0,0,0,0,0,0,0,0,0,0,0,0,0,0,0,0,0,0,0,0,0,0,6,0,0,0,0,0,0,0,0,0,0,0,0,0,0,0,0,0,0,0,0,0,0,0,0,0,0,0,17,12,0,0,0,0,0,0,0,0,0,0,0,0,0
0,0,0,86,0,150,0,0,0,0,0,60,0,0,0,122,0,182,0,31,0,96,0,105,0,45,0,0,0,0,1,65,0,49,0,59,0,12,0,32,0,0,0,0,1,2,0,0,0,0,0,5,0,28,0,24,0,15,0,0,0,10,0,163,0,0,0,2,0,0,0,0,0,0,0,0,0,0,0,0,0,0,0,0,0,37,0,0,0,0,0,0,0,0,0,0,0,0,0,0,0,0,0,0,0,0,0,0,0,0,0,0,0,0,0,0,0,0,0,0,0,0,0,0,0,0,0,0,0,320,0,0,0,0,0,218,0,764,0,334,0,137,0,494,0,0,0,0,0,0,0,0,0,0,0,54,0,0,0,64,0,0,0,0,0,0,0,0,0,0,0,0,0,5,0,0,0,10,0,43,0,0,0,0,0,0,0,0,0,0,0,0,0,0,0,0,0,0,0,0,0,0,0,0,0,0,0,0,0,0,0,0,0,0,9,0,0,0,0,10,39,0,0,0,0
0,0,143,0,353,0,0,0,0,0,151,0,14,0,274,0,65,0,37,0,173,0,25,0,0,0,51,0,27,1,0,0,18,0,46,0,35,0,8,0,2,0,138,0,35,0,0,0,0,0,25,0,0,0,0,0,2,0,0,0,0,0,42,0,0,0,0,0,0,0,31,0,0,0,15,0,0,0,0,0,0,0,0,0,86,0,17,0,0,0,0,0,0,0,0,0,0,0,0,0,0,0,0,0,0,0,0,0,0,0,0,0,0,0,0,0,0,0,0,0,0,0,0,0,0,0,0,0,0,0,0,0,0,0,0,0,0,0,49,0,80,0,165,0,34,0,0,0,0,0,0,0,0,0,0,0,7,0,0,0,0,0,0,0,0,0,37,0,24,0,0,0,32,0,0,0,31,0,56,0,0,0,2,0,6,0,0,0,0,0,0,0,0,0,0,0,0,0,0,0,0,0,0,0,0,0,0,0,0,0,38,16,53,0,0,0,0,0,0,0,0,0,0,0,0
0,0,0,0,0,350,0,0,0,5,0,102,0,0,0,104,0,39,0,441,0,30,0,27,0,19,0,0,0,65,0,0,0,8,0,13,0,28,0,31,0,0,0,16,0,8,0,0,0,0,0,9,0,0,0,0,0,0,0,0,0,6,0,30,0,0,0,0,0,0,0,0,0,0,0,0,0,0,0,0,0,0,0,0,0,39,0,0,0,0,0,0,0,0,0,0,0,0,0,0,0,0,0,0,0,0,0,0,0,0,0,0,0,0,0,0,0,0,0,0,0,0,0,0,0,0,0,0,0,0,0,0,0,0,0,0,0,0,0,100,0,81,0,233,0,0,0,0,0,0,0,0,0,0,0,0,0,0,0,13,0,0,0,0,0,0,0,62,0,0,0,0,0,26,0,0,0,0,0,46,0,0,0,0,0,0,0,17,0,0,0,0,0,0,0,0,0,0,0,0,0,0,0,0,0,0,0,0,0,0,0,0,0,0,0,0,0,0,0,15,141,0,0,0,0
79,0,352,0,706,0,0,0,0,0,372,0,0,0,274,0,12,0,0,0,140,0,35,0,0,0,48,0,5,0,18,0,0,0,21,0,195,0,1,0,0,0,44,0,57,0,0,0,16,0,21,0,0,0,0,0,0,0,0,0,12,0,9,0,0,0,0,0,0,0,14,0,0,0,0,0,0,0,0,0,0,0,0,0,28,0,0,0,0,0,14,0,0,0,0,0,0,0,0,0,0,0,0,0,0,0,0,0,0,0,0,0,0,0,0,0,0,0,0,0,0,0,0,0,0,0,0,0,0,0,0,0,0,0,0,0,0,0,34,0,0,0,0,0,12,0,0,0,0,0,0,0,0,0,12,0,19,0,0,0,0,0,0,0,0,0,68,0,0,0,0,0,51,0,0,0,71,10,80,0,0,0,0,0,0,0,0,0,0,0,0,0,0,0,0,0,0,0,0,0,0,0,0,0,0,0,0,0,0,0,36,0,78,0,0,0,0,0,0,0,0,0,0,0,0
0,40,0,82,0,571,0,0,0,0,0,219,0,44,65,180,0,44,0,220,0,47,8,33,0,9,0,0,0,49,0,8,0,0,0,83,0,345,0,25,0,0,0,15,0,11,0,0,0,0,0,27,0,0,0,0,0,0,0,0,0,25,0,35,0,7,0,0,0,0,0,0,0,0,0,0,0,0,0,0,0,0,0,0,0,0,0,0,0,0,0,0,0,0,0,0,0,0,0,0,0,0,0,0,0,0,0,0,0,0,0,0,0,0,0,0,0,0,0,0,0,4,0,0,0,0,0,0,0,0,0,0,0,0,0,0,0,0,0,118,0,107,0,230,0,0,0,0,0,0,0,0,0,0,0,11,0,39,0,12,0,0,0,0,0,0,0,45,0,0,0,12,0,25,0,0,0,57,0,121,0,0,0,0,0,0,0,0,0,0,0,0,0,0,0,0,0,0,0,0,0,0,0,0,0,0,0,0,0,0,0,0,0,0,0,0,0,0,93,40,120,0,0,0,0
0,0,0,0,231,0,0,0,8,0,32,0,268,0,131,0,11,0,143,0,77,0,0,0,0,0,23,0,24,0,46,0,21,0,0,0,230,0,1,0,0,0,12,0,11,0,0,0,3,0,98,0,0,0,0,0,0,0,0,0,1,0,0,0,0,0,0,0,0,0,0,0,0,0,8,0,0,0,0,0,0,0,0,0,0,0,0,0,0,0,0,0,0,0,0,0,0,0,0,0,0,0,0,0,0,0,0,0,0,0,0,0,0,0,0,0,0,0,0,0,0,0,0,0,0,0,0,0,0,0,0,0,0,0,0,0,0,0,0,0,0,0,0,0,0,0,0,0,0,0,0,0,0,0,3,0,3,0,0,0,0,0,0,0,16,0,15,0,56,0,0,0,0,0,0,0,0,0,132,0,0,0,0,0,0,0,3,0,0,0,0,0,0,0,0,0,0,0,0,0,0,0,0,0,0,0,0,0,0,0,25,36,94,0,0,0,0,1,0,0,0,0,0,0,0
0,0,0,0,0,175,0,0,0,0,0,0,0,161,0,0,0,18,0,267,0,72,0,43,0,0,0,112,0,59,0,13,0,83,0,0,0,233,0,68,0,0,0,30,0,55,0,0,0,0,0,49,0,0,0,0,0,0,0,0,0,21,0,16,0,0,0,0,0,0,0,0,0,0,0,0,0,0,0,0,0,0,0,0,0,0,0,0,0,0,0,0,0,0,0,0,0,0,0,0,0,0,0,0,0,0,0,0,0,0,0,0,0,0,0,0,0,0,0,0,0,0,0,0,0,0,0,0,0,0,0,0,0,0,0,0,0,0,0,149,0,190,0,210,0,0,0,0,0,0,0,0,0,0,0,0,0,0,0,0,0,0,0,0,0,17,0,114,0,0,0,0,0,67,0,0,0,79,0,14,0,0,0,0,1,0,0,114,0,0,0,0,0,0,0,0,0,0,0,0,0,0,0,0,0,0,0,0,0,0,0,0,0,0,0,0,0,0,0,50,222,0,0,0,0
87,0,103,0,473,0,0,0,0,0,207,0,48,0,167,0,0,0,50,0,89,0,6,1,0,0,80,0,29,0,35,0,195,0,230,0,0,0,49,0,0,0,78,0,124,0,0,0,15,0,86,0,0,0,0,0,0,0,0,0,61,0,24,0,0,0,0,0,0,0,101,0,6,0,59,0,0,0,0,0,53,0,0,0,140,0,0,0,0,0,0,0,0,0,0,0,96,0,252,0,0,0,0,0,0,0,0,0,0,0,0,0,0,0,0,0,0,0,0,0,0,0,66,0,0,0,0,0,0,0,0,0,0,0,0,0,0,0,200,0,225,0,253,0,199,0,0,0,0,0,0,0,0,0,11,0,49,0,0,0,0,0,37,0,20,0,52,0,70,0,57,0,116,0,0,0,67,0,66,0,0,0,16,0,0,0,0,0,0,0,0,0,0,0,0,0,0,0,0,0,0,0,0,0,0,0,0,0,0,0,15,21,95,0,9,0,0,0,0,0,0,0,0,0,0
0,54,0,89,0,209,0,0,0,0,0,111,0,89,21,61,0,35,0,194,0,49,0,45,0,7,0,34,0,12,0,28,0,345,0,233,0,0,0,18,0,0,0,44,0,26,0,0,0,0,0,77,0,0,0,0,0,0,0,0,0,59,0,35,0,0,0,0,0,0,0,0,0,0,0,0,0,0,0,0,0,0,0,0,0,0,0,0,0,0,0,0,0,0,0,0,0,0,0,0,0,0,0,0,0,0,0,0,0,0,0,0,0,0,0,0,0,0,0,0,0,0,0,0,0,0,0,0,0,185,0,0,0,0,0,0,0,125,0,181,0,336,0,254,0,89,0,0,0,0,0,0,0,0,0,0,0,83,0,22,0,0,0,0,0,5,0,98,0,50,0,38,0,75,0,0,4,45,0,39,0,0,0,19,0,0,0,58,0,0,0,0,0,0,0,0,0,0,0,0,0,0,0,0,0,0,0,0,0,0,0,0,0,0,0,0,0,0,0,216,102,0,0,1,0
786,0,1225,0,219,0,125,0,0,0,117,0,0,0,21,0,216,0,0,0,9,0,39,0,0,0,0,0,17,0,8,0,1,0,1,0,49,0,0,0,0,0,4,0,0,0,0,0,0,0,0,0,12,0,0,0,0,0,0,0,81,0,48,0,0,0,0,0,0,0,0,0,0,0,8,0,0,0,0,0,0,0,0,0,54,0,0,0,0,0,16,0,0,0,0,0,0,0,0,0,0,0,0,0,0,0,0,0,0,0,0,0,0,0,0,0,0,0,0,0,0,0,12,0,0,0,0,0,0,0,0,0,0,0,0,0,0,0,154,0,0,0,0,0,40,0,0,0,0,0,0,0,0,0,42,0,77,0,19,0,0,0,0,0,0,0,0,0,6,0,0,0,126,0,0,0,33,0,11,0,0,0,47,0,5,0,0,0,0,0,0,0,0,0,0,0,0,0,0,0,0,0,0,0,0,0,0,0,0,0,107,191,19,24,25,0,0,0,1,0,0,0,0,0,0
0,149,0,328,0,144,0,0,0,0,0,131,0,0,0,121,0,185,0,0,0,26,5,89,0,0,0,0,0,32,0,31,0,25,0,68,0,18,0,0,0,0,0,0,0,2,0,0,0,0,0,6,0,16,0,11,0,0,0,0,0,8,0,50,0,0,0,0,0,0,0,0,0,0,0,0,0,0,0,0,0,0,0,0,0,0,0,0,0,0,0,0,0,0,0,0,0,0,0,0,0,0,0,0,0,0,0,0,0,0,0,0,0,0,0,0,0,0,0,0,0,0,0,0,0,0,0,0,0,153,0,0,0,0,0,0,0,0,0,178,0,98,0,0,0,79,0,0,0,0,0,0,0,0,0,38,0,76,0,0,0,0,0,0,0,0,0,8,0,0,0,5,0,10,0,0,3,27,0,59,0,0,0,40,0,0,0,0,0,0,0,0,0,0,0,0,0,0,0,0,0,0,0,0,0,0,0,0,0,0,0,0,0,0,4,0,0,0,0,88,0,0,0,0,0
0,0,35,0,151,0,0,0,32,0,51,0,203,0,23,0,0,0,2,0,0,0,0,0,0,0,37,72,0,0,2,0,0,0,0,0,0,0,0,0,0,87,76,0,75,64,188,195,145,38,0,0,0,0,0,0,0,0,0,0,0,0,0,0,0,0,0,0,0,0,0,0,0,0,0,0,0,0,0,0,0,0,0,0,0,0,0,0,0,0,0,0,0,0,0,0,0,0,0,0,0,0,0,0,0,0,0,0,0,0,0,0,0,0,0,0,0,0,0,0,0,0,0,0,0,0,0,0,0,0,0,0,0,0,0,0,0,0,0,0,0,0,0,0,0,0,0,0,0,0,0,0,0,0,0,0,0,0,0,0,0,0,0,0,37,0,0,0,0,0,0,0,0,0,0,0,25,44,61,0,0,0,17,0,0,0,281,0,0,0,0,0,0,0,0,0,0,0,0,0,0,0,0,0,0,0,0,0,0,0,0,143,66,0,0,0,0,18,0,0,0,0,0,0,0
0,0,0,0,14,69,0,0,0,0,0,82,189,182,0,0,0,0,122,1,10,0,0,0,0,0,191,2,0,0,0,0,0,0,0,0,0,0,0,0,87,0,41,65,36,0,0,109,0,160,18,21,0,0,0,0,0,0,0,0,0,0,0,0,0,0,0,0,0,0,0,0,0,0,0,0,0,0,0,0,0,0,0,0,0,0,0,0,0,0,0,0,0,0,0,0,0,0,0,0,0,0,0,0,0,0,0,0,0,0,0,0,0,0,0,0,0,0,0,0,0,0,0,0,0,0,0,0,0,0,0,0,0,0,0,0,0,0,0,0,0,0,0,0,0,0,0,0,0,0,0,0,0,0,0,0,0,0,0,0,0,0,0,0,0,7,0,0,0,0,0,0,0,0,0,0,0,395,0,28,0,14,0,9,0,0,93,7,0,0,0,0,0,0,0,0,0,0,0,0,0,0,0,0,0,0,0,0,0,0,0,0,0,0,0,0,0,0,0,61,17,0,0,0,49
0,0,0,0,0,0,0,0,0,0,0,0,185,0,0,0,23,0,62,0,55,2,0,0,0,0,169,94,58,0,138,0,44,0,12,0,78,0,4,0,76,41,0,0,233,23,41,73,54,0,97,0,0,0,0,0,0,0,4,0,0,0,0,0,0,0,3,0,3,0,0,0,2,0,16,0,0,0,0,0,14,0,0,0,0,0,0,0,0,0,0,0,10,1,0,0,0,0,0,0,0,0,0,0,0,0,0,0,0,0,0,0,0,0,0,0,0,0,0,0,0,0,0,0,0,0,0,0,0,0,0,0,0,0,0,0,0,0,0,0,0,0,0,0,0,0,0,0,0,0,0,0,0,0,0,0,0,0,0,0,0,0,0,0,34,0,17,0,23,0,17,0,15,0,0,0,20,4,25,0,0,0,0,0,0,0,60,2,0,0,0,0,0,0,0,0,0,0,0,0,0,0,0,0,0,0,0,0,0,0,23,36,72,9,8,0,0,0,0,1,0,0,0,0,0
0,0,0,0,0,0,0,0,0,0,0,0,0,111,0,7,0,0,33,51,0,79,0,22,0,4,0,256,0,0,0,16,0,15,0,30,0,44,0,0,0,65,0,0,0,205,0,27,0,14,0,58,0,0,0,0,0,0,0,0,0,0,0,0,0,0,0,0,0,0,0,0,0,1,0,0,0,0,0,0,0,0,0,0,0,0,0,0,0,0,0,0,0,0,0,2,0,0,0,0,0,0,0,0,0,0,0,0,0,0,0,0,0,0,0,0,0,0,0,0,0,0,0,0,0,0,0,0,0,0,0,0,0,0,0,0,0,0,0,0,0,0,0,0,0,0,0,0,0,0,0,0,0,0,0,0,0,0,0,0,0,0,0,0,0,25,0,28,0,60,0,0,0,0,0,0,0,35,0,0,0,0,0,0,0,0,0,93,0,0,0,0,0,0,0,0,0,0,0,0,0,0,0,0,0,0,0,0,0,0,0,0,0,0,0,0,0,0,46,42,184,0,0,0,0
0,0,0,0,33,0,0,0,0,0,0,0,99,0,47,1,0,0,33,0,107,0,0,0,0,0,198,35,0,1,35,0,57,0,11,0,124,0,0,0,75,36,233,0,0,45,257,88,210,29,188,0,0,0,0,0,0,0,10,0,4,0,0,0,0,0,2,0,8,0,132,0,0,0,0,0,0,0,0,0,0,0,0,0,0,0,0,0,0,0,0,0,63,0,0,0,0,0,0,0,0,0,0,0,0,0,0,0,0,0,0,0,0,0,0,0,0,0,0,0,0,0,0,0,0,0,0,0,0,0,0,0,0,0,0,0,0,0,0,0,0,0,0,0,0,0,0,0,0,0,0,0,0,0,0,0,0,0,0,0,0,0,42,0,251,0,42,0,105,0,25,0,61,0,0,0,59,20,51,0,0,0,0,0,6,0,200,0,0,0,0,0,0,0,0,0,0,0,0,0,0,0,0,0,0,0,0,0,0,0,29,91,184,13,14,0,0,55,0,1,0,0,0,0,0
0,22,0,0,0,56,0,0,0,4,0,91,96,119,0,29,0,0,51,65,0,92,0,0,0,0,81,295,0,2,0,8,0,11,0,55,0,26,0,2,64,0,23,205,45,0,0,256,0,103,0,115,0,0,0,0,0,0,0,0,0,0,0,0,0,5,0,0,0,76,0,0,0,0,0,0,0,19,0,0,0,62,0,105,0,0,0,0,0,0,0,0,0,0,0,84,0,0,0,35,0,26,0,0,0,0,0,0,0,0,0,0,0,22,0,0,0,0,0,0,0,0,0,0,0,0,0,0,0,0,0,0,0,0,0,100,0,0,0,0,0,0,0,246,0,31,0,0,0,0,0,0,0,0,0,0,0,0,0,0,0,0,0,0,0,205,0,26,0,321,0,10,0,0,0,0,0,88,0,7,0,0,0,0,0,0,80,10,0,0,0,0,0,0,0,0,0,0,0,0,0,0,0,0,0,0,0,0,0,0,0,0,0,0,0,0,0,0,45,209,533,0,51,0,121
28,0,41,0,107,0,0,0,0,0,43,0,102,7,58,0,0,0,14,0,0,0,0,0,0,0,153,0,0,0,0,0,0,0,0,0,0,0,0,0,188,0,41,0,257,0,0,61,173,37,0,0,0,0,0,0,0,0,0,0,0,0,0,0,0,0,0,0,0,0,0,0,0,0,0,0,0,0,0,0,0,0,2,0,0,0,0,0,0,0,0,0,0,0,0,0,0,0,0,0,0,0,0,0,0,0,0,0,0,0,0,0,0,0,0,0,0,0,0,0,0,0,0,0,0,0,0,0,0,0,0,0,0,0,0,0,0,0,0,0,0,0,0,0,0,0,0,0,0,0,0,0,0,0,0,0,0,0,0,0,4,0,5,0,78,0,0,0,0,0,0,0,9,0,0,0,0,27,47,0,0,0,17,0,0,0,190,0,0,0,0,0,0,0,0,0,0,0,0,0,0,0,0,0,0,0,0,0,0,0,0,231,153,0,0,0,0,52,0,0,0,0,0,0,0
0,31,0,0,15,128,0,0,0,0,0,90,324,221,0,0,0,0,160,7,0,0,0,0,0,0,418,144,0,0,0,0,0,0,0,0,0,0,0,0,195,109,73,27,88,256,61,0,0,152,25,21,0,0,0,0,0,0,0,1,0,0,0,0,0,0,0,0,0,13,0,0,0,0,0,0,0,0,0,0,0,0,0,0,0,0,0,0,0,0,0,0,0,12,0,0,0,0,0,0,0,6,0,0,0,0,0,0,0,0,0,0,0,0,0,0,0,0,0,0,0,0,0,0,0,0,0,0,0,0,0,0,0,0,0,0,0,0,0,0,0,0,0,0,0,0,0,0,0,0,0,0,0,0,0,0,0,0,0,0,0,0,0,0,0,0,0,0,0,0,0,0,0,0,0,0,0,201,0,0,0,0,0,0,0,0,173,0,0,0,0,0,0,0,0,0,0,0,0,0,0,0,0,0,0,0,0,0,0,0,0,0,0,0,0,0,0,0,0,283,163,0,0,0,62
16,0,0,0,40,0,44,0,0,0,0,0,48,0,10,1,0,0,8,0,0,0,0,0,4,0,33,0,0,0,0,0,16,0,3,0,15,0,0,0,145,0,54,0,210,0,173,0,0,0,15,0,0,0,14,0,32,0,48,0,0,0,0,0,3,0,0,0,31,0,0,0,0,0,0,0,0,0,0,0,4,0,19,1,0,0,6,0,3,0,0,0,66,0,38,0,11,0,0,0,19,0,19,0,0,0,0,0,0,0,0,0,0,0,0,0,0,0,0,0,0,0,0,0,0,0,0,0,0,0,6,0,0,0,32,0,0,0,0,1,9,0,35,0,6,0,0,0,0,0,0,0,0,0,12,0,5,0,7,0,16,0,0,0,44,1,7,0,43,0,0,0,14,0,0,0,117,0,86,0,0,0,4,0,0,0,284,0,19,0,18,0,45,0,15,0,0,0,0,0,0,0,58,0,44,0,0,0,0,0,66,106,241,16,97,35,19,39,0,3,24,25,0,2,0
0,0,0,0,0,0,0,0,0,2,0,51,0,45,0,0,0,0,0,0,0,0,0,0,0,0,0,18,0,0,0,0,0,0,0,0,0,0,0,0,38,160,0,14,29,103,37,152,0,0,0,12,0,0,0,0,0,0,0,0,0,0,0,0,0,0,0,1,0,68,0,0,0,0,0,0,0,7,0,0,0,0,0,38,0,0,0,0,0,0,0,0,0,50,0,0,0,0,0,0,0,4,0,8,0,0,0,2,0,0,0,0,0,0,0,0,0,0,0,0,0,0,0,0,0,0,0,0,0,0,0,0,0,0,0,0,0,0,0,0,0,8,0,0,0,0,0,0,0,0,0,0,0,0,0,0,0,0,0,0,0,0,0,0,0,37,0,3,0,46,0,0,0,0,0,12,0,249,0,6,0,13,0,0,0,0,83,58,0,0,0,0,0,0,0,0,0,0,0,0,0,0,0,0,0,0,0,0,0,0,0,0,1,0,2,0,0,0,6,32,17,0,6,0,98
7,0,8,0,188,0,1,0,0,0,8,0,528,0,27,0,11,0,255,0,141,0,3,0,0,0,121,108,0,0,25,0,21,0,98,0,86,0,0,0,0,18,97,0,188,0,0,25,15,0,0,0,0,0,0,0,0,0,0,0,0,0,0,0,0,0,2,0,8,0,27,0,0,0,0,0,0,0,9,0,0,0,14,0,0,0,0,0,0,0,0,0,0,0,21,0,24,0,0,0,0,0,0,0,0,0,0,0,0,0,0,0,0,0,0,0,0,0,0,0,21,0,0,0,0,0,0,0,0,0,0,0,0,0,9,0,0,0,0,0,0,0,0,0,0,0,0,0,0,0,0,0,0,0,0,0,0,0,0,0,0,0,13,0,101,0,50,0,154,0,22,0,55,0,0,0,19,0,82,0,0,0,5,0,0,0,29,0,0,0,0,0,0,0,0,0,0,0,0,0,0,0,0,0,0,0,0,0,0,0,42,47,129,0,0,0,0,0,0,0,0,0,0,0,0
0,0,0,0,0,67,0,0,0,0,0,0,0,212,0,0,0,0,0,144,0,58,0,0,0,0,4,463,0,5,0,9,0,27,0,49,0,77,0,6,0,21,0,58,0,115,0,21,0,12,0,0,0,0,0,0,0,0,0,0,0,11,0,0,0,0,0,0,0,0,0,0,0,0,0,0,0,0,0,0,0,0,0,0,0,0,0,0,0,0,0,0,0,0,0,0,0,0,0,31,0,0,0,0,0,0,0,0,0,0,0,0,0,0,0,0,0,0,0,0,0,11,0,0,0,0,0,0,0,0,0,0,0,0,0,0,0,0,0,0,0,202,0,329,0,76,0,0,0,0,0,0,0,0,0,0,0,17,0,0,0,0,0,0,0,22,0,46,0,161,0,26,0,98,0,0,3,52,0,0,0,0,0,0,0,0,0,88,0,0,0,0,0,0,0,0,0,0,0,0,0,0,0,0,0,0,0,0,0,0,0,0,0,0,18,0,0,0,83,37,159,0,0,0,0
0,19,0,0,0,0,159,44,246,220,0,0,2,0,0,0,114,12,0,0,0,0,9,0,48,54,0,0,11,0,0,0,0,0,0,0,0,0,12,0,0,0,0,0,0,0,0,0,0,0,0,0,0,19,317,128,306,0,67,59,44,5,253,15,0,0,13,67,0,0,0,0,0,0,0,0,0,0,0,0,0,0,0,0,0,0,0,0,0,0,0,0,0,0,0,0,0,0,0,0,0,0,0,0,0,0,0,0,0,0,0,0,0,0,0,0,0,0,0,0,0,0,0,0,0,0,0,0,109,0,22,0,132,0,0,0,237,0,226,0,63,0,148,0,7,0,0,0,0,0,0,0,0,0,330,0,125,0,165,0,46,0,0,0,3,0,0,0,12,0,112,0,7,0,0,0,115,9,0,0,0,0,2,0,0,0,0,0,0,0,0,0,0,0,0,0,0,0,0,0,0,0,0,0,0,0,0,0,0,0,272,123,120,199,201,0,0,0,0,0,0,0,0,0,0
0,125,0,9,0,6,0,141,68,198,0,19,0,0,0,0,0,46,0,0,0,0,0,11,21,49,0,0,0,28,0,0,0,0,0,0,0,0,0,16,0,0,0,0,0,0,0,0,0,0,0,0,19,0,56,152,0,116,23,29,0,50,0,66,0,0,0,0,0,0,0,0,0,0,0,0,0,0,0,0,0,0,0,0,0,0,0,0,0,0,0,0,0,0,0,0,0,0,0,0,0,0,0,0,0,0,0,0,0,0,0,0,0,0,0,0,0,0,0,0,0,0,0,0,0,0,0,36,0,279,0,11,0,90,0,26,0,260,0,239,0,44,0,40,0,81,0,0,0,0,0,3,0,0,1,136,0,104,0,203,1,12,0,2,0,0,0,0,0,3,0,39,0,6,0,0,11,38,0,0,0,1,0,17,0,0,0,0,0,0,0,0,0,0,0,0,0,0,0,0,0,0,0,0,0,0,0,0,0,85,4,0,0,0,163,0,0,0,273,317,38,143,17,10,0
0,52,47,0,0,0,191,100,62,290,0,0,0,0,33,0,44,17,0,0,16,0,156,3,203,99,0,0,6,0,0,0,0,0,0,0,0,0,0,0,0,0,0,0,0,0,0,0,14,0,0,0,317,56,0,161,132,0,334,0,46,0,43,42,0,0,0,29,1,0,0,0,0,0,0,0,0,0,0,0,0,0,0,0,0,0,0,0,0,0,0,0,0,0,0,0,0,0,0,0,0,0,0,0,0,0,0,0,0,0,0,0,0,0,0,0,0,0,0,0,0,0,0,0,115,0,170,0,73,0,126,0,85,0,157,0,175,0,0,0,0,0,75,0,0,0,25,0,0,0,47,0,0,0,61,0,36,0,16,0,82,0,0,0,3,0,0,0,26,0,264,0,13,0,0,0,110,42,0,0,0,0,0,0,1,0,0,0,0,0,0,0,0,0,0,0,0,0,0,0,0,0,0,0,0,0,0,0,199,0,227,16,229,0,185,0,48,0,0,0,0,0,0,0,0
0,57,0,98,0,18,26,369,212,209,0,6,0,0,0,177,0,141,0,0,0,0,0,122,30,303,0,0,0,24,0,0,0,0,0,0,0,0,0,11,0,0,0,0,0,0,0,0,0,0,0,0,128,152,161,0,18,276,120,64,0,33,3,122,0,11,95,8,0,1,0,0,0,0,0,0,0,3,0,0,0,0,0,0,0,0,0,0,0,0,0,0,0,0,0,0,0,0,0,0,0,0,0,0,0,0,0,0,0,0,0,0,0,0,0,0,0,0,0,0,0,0,0,0,0,96,0,169,0,103,0,141,0,72,0,36,0,48,1,27,0,0,0,0,0,9,0,0,0,0,0,31,0,0,3,135,2,51,0,48,0,72,0,0,0,14,0,11,0,31,0,239,0,73,0,0,35,57,0,0,0,0,0,11,9,14,0,0,0,0,0,0,0,0,0,0,0,0,0,0,0,0,0,0,0,0,0,0,0,82,0,0,0,0,346,0,0,0,307,205,444,593,50,60,0
0,0,13,0,0,0,13,0,10,0,1,0,0,0,0,0,25,0,0,0,0,0,14,0,46,0,0,0,0,0,2,0,0,0,0,0,0,0,0,0,0,0,0,0,0,0,0,0,32,0,0,0,306,0,132,18,0,0,556,39,0,0,21,0,132,3,24,38,0,0,0,0,0,0,0,0,0,0,0,0,0,0,0,0,0,0,0,0,0,0,0,0,0,0,0,0,0,0,0,0,0,0,0,0,0,0,0,0,0,0,0,0,0,0,0,0,0,0,0,0,0,0,0,0,20,0,31,0,27,0,39,0,22,0,24,0,0,0,3,0,0,0,0,0,28,0,0,0,0,0,0,0,0,0,262,0,91,0,105,0,150,13,35,0,11,0,0,0,39,0,244,0,0,0,0,2,21,0,0,0,0,4,0,0,0,9,0,0,0,0,0,0,0,0,0,0,0,0,0,0,0,0,0,0,0,0,0,0,23,0,381,105,655,578,610,13,139,0,0,0,0,0,0,0,0
0,10,0,22,0,10,0,23,0,13,0,0,0,0,0,0,0,91,0,0,0,0,0,16,0,35,0,0,0,15,0,0,0,0,0,0,0,0,0,0,0,0,0,0,0,0,0,0,0,0,0,0,0,116,0,276,0,0,24,517,0,0,0,17,9,8,46,0,0,0,0,0,0,0,0,0,0,0,0,0,0,0,0,0,0,0,0,0,0,0,0,0,0,0,0,1,0,0,0,0,0,0,0,0,0,0,0,0,0,0,0,0,0,0,0,0,0,0,0,0,0,0,0,0,0,52,0,51,0,71,0,89,0,27,0,0,0,0,0,0,0,0,0,0,0,1,0,0,0,8,0,4,1,0,2,243,1,0,0,133,1,133,0,65,0,0,0,0,0,76,0,269,0,38,0,5,0,0,0,0,0,0,0,0,6,12,0,0,0,0,0,0,0,0,0,0,0,0,0,0,0,0,0,0,0,0,0,0,0,0,0,0,0,0,638,0,0,0,526,99,618,675,149,31,0
3,0,21,0,0,0,0,0,86,145,0,0,0,0,0,0,0,0,0,0,0,0,0,0,0,0,0,0,0,0,0,0,0,0,0,0,0,0,0,0,0,0,4,0,10,0,0,0,48,0,0,0,67,23,334,120,556,24,0,239,43,0,0,0,0,9,190,191,1,0,0,0,0,0,0,0,0,0,0,0,0,0,0,0,0,0,0,0,0,0,0,0,0,0,0,0,0,0,0,0,0,0,0,0,0,0,0,0,0,0,0,0,0,0,0,0,0,0,0,0,0,0,0,0,0,0,5,0,5,0,3,0,0,0,0,0,4,0,0,0,0,0,0,0,8,0,0,0,1,0,0,0,0,0,165,4,251,0,0,0,17,0,0,0,4,0,0,0,35,0,196,0,0,0,0,0,94,0,0,0,0,0,0,0,66,68,0,0,0,0,0,0,0,0,0,0,0,0,0,0,0,0,0,0,0,0,0,0,0,0,740,308,587,877,756,23,179,5,0,0,0,0,0,0,0
0,12,0,29,0,14,0,24,0,74,0,0,0,0,0,0,0,0,0,0,0,0,0,0,0,28,0,0,0,0,0,0,0,0,0,0,0,0,0,0,0,0,0,0,0,0,0,1,0,0,0,0,59,29,0,64,39,517,239,0,0,0,0,0,48,26,272,322,0,1,0,0,0,0,0,0,0,0,0,0,0,0,0,0,0,0,0,0,0,0,0,0,0,0,0,0,0,0,0,0,0,0,0,0,0,0,0,0,0,0,0,0,0,0,0,0,0,0,0,0,0,0,0,0,0,17,0,0,0,7,0,88,0,6,0,0,0,0,0,0,0,0,0,5,0,8,0,0,0,0,0,0,1,0,9,113,0,0,1,33,10,114,0,0,0,7,0,0,0,44,0,0,0,0,0,35,32,0,0,0,0,0,0,0,45,263,0,0,0,0,0,0,0,0,0,0,0,0,0,0,0,0,0,0,0,0,0,0,0,0,2,0,0,0,613,0,0,0,912,326,510,727,139,51,0
184,0,0,0,0,0,300,0,277,0,0,0,0,0,0,0,0,0,0,0,0,0,0,0,18,0,0,0,6,0,0,0,12,0,1,0,61,0,81,0,0,0,0,0,4,0,0,0,0,0,0,0,44,0,46,0,0,0,43,0,0,0,83,0,0,0,0,0,1,0,0,0,0,0,0,0,0,0,0,0,0,0,0,0,11,0,0,0,0,0,0,0,0,0,0,0,0,0,0,0,0,0,0,0,0,0,0,0,0,0,0,0,0,0,0,0,0,0,0,0,0,0,0,0,0,0,0,0,0,0,0,0,0,0,0,0,0,0,202,0,143,0,43,0,109,0,0,0,0,0,0,0,0,0,85,0,166,0,0,0,0,0,9,0,0,0,0,0,0,0,95,0,64,0,0,0,18,0,0,0,0,0,5,0,0,0,0,0,0,0,0,0,0,0,0,0,0,0,0,0,0,0,0,0,0,0,0,0,0,0,103,141,43,79,55,0,0,0,0,0,0,0,0,0,0
0,399,0,150,0,0,0,300,0,0,0,67,0,0,0,0,0,141,0,0,0,19,0,44,0,111,0,0,0,10,0,6,0,25,0,21,0,59,0,8,0,0,0,0,0,0,0,0,0,0,0,11,5,50,0,33,0,0,0,0,0,0,0,62,0,0,0,0,0,0,0,0,0,0,0,0,0,0,0,0,0,0,0,0,0,0,0,0,0,0,0,0,0,0,0,0,0,0,0,0,0,0,0,0,0,0,0,0,0,0,0,0,0,0,0,0,0,0,0,0,0,0,0,0,0,0,0,0,0,0,0,0,0,0,0,0,0,0,0,119,0,95,0,0,0,203,0,0,0,0,0,0,0,0,0,30,0,249,0,18,0,0,0,0,0,0,0,9,0,0,0,47,0,113,0,0,0,0,0,19,0,0,0,97,0,0,0,0,0,0,0,0,0,0,0,0,0,0,0,0,0,0,0,0,0,0,0,0,0,0,0,0,0,0,92,0,0,0,147,558,121,155,0,12,0
248,20,128,0,0,0,537,0,350,0,0,0,0,0,0,3,270,15,0,2,201,0,21,3,26,63,0,0,94,0,42,0,9,0,0,0,24,0,48,0,0,0,0,0,0,0,0,0,0,0,0,0,253,0,43,3,21,0,0,0,83,0,0,15,0,0,0,0,0,0,17,0,0,0,0,0,0,0,0,0,0,0,0,0,179,0,0,0,0,0,0,0,0,0,0,0,0,0,0,0,0,0,0,0,0,0,0,0,0,0,0,0,0,0,0,0,0,0,0,0,0,0,92,0,0,0,0,0,0,0,0,1,0,0,22,0,418,0,431,0,251,0,592,0,0,0,0,0,0,0,0,0,0,0,212,0,48,0,107,0,12,0,0,0,0,0,0,0,0,0,20,0,51,0,0,0,33,3,0,0,0,0,4,0,0,0,0,0,0,0,0,0,0,0,0,0,0,0,0,0,0,0,0,0,0,0,0,0,0,0,126,61,52,76,63,0,0,0,0,0,0,0,0,1,0
22,568,0,101,0,0,46,406,76,111,0,59,0,0,0,22,0,473,0,0,0,61,0,125,126,213,0,0,0,163,0,30,0,35,0,16,0,35,0,50,0,0,0,0,0,0,0,0,0,0,0,0,15,66,42,122,0,17,0,0,0,62,15,0,0,0,0,0,0,0,0,0,0,0,0,0,0,0,0,0,0,0,0,0,0,0,0,0,0,0,0,0,0,0,0,0,0,0,0,0,0,0,0,0,0,0,0,0,0,0,0,0,0,0,0,0,0,0,0,0,0,0,0,0,0,9,0,0,0,105,0,0,0,0,0,0,0,106,0,112,0,23,0,23,0,41,0,0,0,0,0,0,0,0,0,36,0,34,0,43,0,0,0,0,0,0,0,0,0,0,0,8,0,5,0,0,14,55,0,17,0,0,0,117,0,0,0,0,0,0,0,0,0,0,0,0,0,0,0,0,0,0,0,0,0,0,0,0,0,0,7,0,0,0,46,0,0,0,139,320,19,64,0,0,0
53,0,42,0,21,0,15,0,61,0,0,0,0,0,34,0,0,0,0,0,0,0,0,0,0,0,0,0,0,0,0,0,0,0,0,0,0,0,0,0,0,0,0,0,0,0,0,0,3,0,0,0,0,0,0,0,132,9,0,48,0,0,0,0,0,23,141,13,0,0,0,0,0,0,1,0,0,0,0,0,0,0,0,0,0,0,0,0,0,0,0,0,0,0,0,0,0,0,0,0,0,0,0,0,0,0,0,0,0,0,0,0,0,0,0,0,0,0,0,0,0,0,0,0,33,0,46,0,0,0,76,0,0,0,11,0,0,0,0,0,0,0,0,0,14,0,33,0,101,0,46,0,0,1,63,5,46,0,0,8,225,37,0,0,0,0,0,0,0,0,3,0,0,0,20,20,62,0,0,0,52,25,2,0,244,7,0,0,0,0,0,0,0,0,0,0,0,0,0,0,0,0,0,0,0,0,0,0,0,0,43,4,29,0,54,0,0,0,0,0,0,0,0,0,0
0,106,0,35,0,0,0,14,0,271,0,17,0,0,0,26,0,0,0,0,0,0,0,4,0,14,0,0,0,0,0,0,0,7,0,0,0,0,0,0,0,0,0,0,0,5,0,0,0,0,0,0,0,0,0,11,3,8,9,26,0,0,0,0,23,0,16,252,0,0,0,0,0,0,0,0,0,0,0,0,0,0,0,0,0,0,0,0,0,0,0,0,0,0,0,0,0,0,0,0,0,0,0,0,0,0,0,0,0,0,0,0,0,0,0,0,0,0,0,0,0,0,0,0,0,98,0,120,22,0,81,107,0,5,0,0,0,13,25,0,0,6,0,5,16,9,0,68,0,283,0,98,0,45,0,1,0,0,0,2,33,371,0,0,0,0,0,0,0,0,0,0,0,0,5,23,1,0,0,0,45,266,0,19,20,87,0,0,0,0,0,0,0,0,0,0,0,0,0,0,0,0,0,0,0,0,0,23,0,25,0,0,0,0,0,0,0,0,58,0,0,24,0,0,0
61,0,60,0,30,0,27,0,153,57,0,0,0,0,0,0,0,0,0,0,0,0,0,0,0,0,0,0,0,0,0,0,0,0,0,0,0,0,0,0,0,0,3,0,2,0,0,0,0,0,2,0,13,0,0,95,24,46,190,272,0,0,0,0,141,16,0,129,0,0,0,0,0,0,0,0,0,0,0,0,0,0,0,0,0,0,0,0,0,0,0,0,0,0,0,0,0,0,0,0,0,0,0,0,0,0,0,0,0,0,0,0,0,0,0,0,0,0,0,0,0,0,0,0,0,0,0,0,0,0,87,0,0,0,0,0,0,0,0,0,0,0,0,0,7,0,0,0,80,0,0,0,0,0,52,7,48,0,0,0,42,11,0,0,1,0,0,0,6,0,0,0,0,0,0,9,273,0,0,0,0,0,6,0,411,70,0,0,0,0,0,0,0,0,0,0,0,0,0,0,0,0,0,0,0,0,0,0,0,0,117,80,82,0,137,0,0,0,0,0,0,0,0,0,0
0,41,0,0,0,0,0,3,0,212,0,10,0,0,0,0,0,0,0,0,0,2,0,0,0,0,0,0,0,2,0,0,0,0,0,0,0,0,0,0,0,0,0,0,0,0,0,0,0,1,0,0,67,0,29,8,38,0,191,322,0,0,0,0,13,252,129,0,0,0,0,0,0,0,0,0,0,0,0,0,0,0,0,0,0,0,0,0,0,0,0,0,0,0,0,0,0,0,0,0,0,1,0,0,0,0,0,0,0,0,0,0,0,0,0,0,0,0,0,0,0,0,0,0,0,20,0,14,0,0,0,79,0,0,0,0,0,0,0,1,0,0,0,0,0,2,0,0,0,45,0,4,0,4,6,65,0,0,0,27,6,118,0,0,0,0,0,0,0,0,0,0,0,0,0,66,39,0,0,0,0,14,0,0,25,576,0,0,0,0,0,0,0,0,0,0,0,0,0,0,0,0,0,0,0,0,0,0,0,0,0,0,0,0,0,0,0,0,125,122,57,0,0,0,0
0,0,3,0,0,0,6,0,0,0,0,0,0,0,0,0,0,0,0,0,0,0,0,0,0,0,9,0,0,0,0,0,0,0,0,0,0,0,0,0,0,0,3,0,8,0,0,0,31,0,8,0,0,0,1,0,0,0,1,0,1,0,0,0,0,0,0,0,0,0,0,0,10,0,0,0,84,0,26,0,0,0,37,0,0,0,0,0,31,0,0,0,130,0,22,0,0,0,0,0,25,0,170,0,61,0,44,0,44,0,2,0,0,0,5,0,9,0,1,0,0,0,0,0,0,0,0,0,0,0,0,0,0,0,0,0,0,0,0,0,0,0,0,0,0,0,0,0,0,0,0,0,0,0,0,0,0,0,0,0,1,0,2,0,53,0,0,0,182,0,7,0,6,0,0,0,1,0,0,0,0,0,0,0,0,0,0,0,0,0,0,0,0,0,0,0,0,0,0,0,0,0,0,0,0,0,0,0,0,0,29,9,102,0,0,20,67,0,0,0,0,0,0,0,0
0,1,0,0,0,0,0,0,0,0,0,0,0,2,0,0,0,0,0,0,0,0,0,0,0,0,0,0,0,0,0,0,0,0,0,0,0,0,0,0,0,0,0,0,0,76,0,13,0,68,0,0,0,0,0,1,0,0,0,1,0,0,0,0,0,0,0,0,0,0,0,0,0,0,0,0,0,52,0,0,0,10,0,78,0,0,0,19,0,60,0,0,0,113,0,28,0,0,0,2,0,12,0,138,0,0,0,6,0,13,0,20,0,28,0,2,0,2,0,0,0,0,0,0,0,0,0,0,0,3,0,0,0,0,0,0,0,0,0,0,0,0,0,0,0,0,0,0,0,0,0,0,0,0,0,0,0,0,0,0,0,0,0,0,0,40,0,0,0,44,0,0,0,0,0,0,0,11,0,0,0,0,0,0,0,0,2,0,0,0,0,0,0,0,0,0,0,0,0,0,0,0,0,0,0,0,0,0,0,0,0,0,0,0,2,0,0,0,12,29,67,2,27,47,2
0,0,0,0,44,0,0,0,0,0,0,0,0,0,0,0,6,0,0,0,146,0,0,0,0,0,0,0,28,0,31,0,14,0,0,0,101,0,0,0,0,0,0,0,132,0,0,0,0,0,27,0,0,0,0,0,0,0,0,0,0,0,17,0,0,0,0,0,0,0,0,0,455,0,511,0,34,0,407,0,29,0,0,0,0,0,96,0,0,0,0,0,0,0,0,0,0,0,8,0,0,0,0,0,0,0,0,0,0,0,0,0,0,0,0,0,0,0,0,0,23,0,2,0,0,13,10,0,8,0,23,14,15,5,0,0,19,0,7,0,149,0,59,0,108,3,8,0,20,0,0,0,40,0,0,0,0,0,0,0,9,2,65,0,0,0,14,0,60,0,46,0,73,0,20,0,2,0,0,0,12,7,0,0,0,0,0,0,0,0,0,0,0,0,0,0,0,0,0,0,0,0,0,0,0,0,0,0,0,0,10,0,28,0,0,0,0,0,0,0,0,0,0,0,0
0,0,0,1,0,7,0,0,0,0,0,4,0,0,0,0,0,0,0,0,0,0,0,0,0,0,0,0,0,0,0,0,0,0,0,0,0,0,0,0,0,0,0,0,0,0,0,0,0,0,0,0,0,0,0,0,0,0,0,0,0,0,0,0,0,0,0,0,0,0,0,0,0,137,0,390,0,12,0,0,0,0,0,0,0,0,0,66,0,0,0,0,0,0,0,0,0,0,0,0,0,0,0,2,0,0,0,0,0,0,0,0,0,0,0,0,0,0,0,0,0,14,0,38,0,200,0,0,0,211,0,72,0,136,0,81,0,69,0,57,0,55,0,41,0,203,0,0,0,0,0,0,0,0,0,0,0,2,0,0,0,0,0,60,0,0,0,6,0,10,0,13,0,0,0,19,0,0,0,0,0,0,0,0,0,6,0,0,0,0,0,0,0,0,0,0,0,0,0,0,0,0,0,0,0,0,0,0,0,0,0,0,0,0,7,0,0,0,34,20,27,0,0,0,0
0,0,0,0,0,0,0,0,0,0,0,0,0,0,0,0,0,0,0,0,0,0,0,0,0,0,0,0,0,0,0,0,0,0,0,0,6,0,0,0,0,0,2,0,0,0,0,0,0,0,0,0,0,0,0,0,0,0,0,0,0,0,0,0,0,0,0,0,10,0,455,0,0,0,359,0,95,0,397,0,0,0,72,0,21,0,18,0,0,0,0,0,8,0,3,0,0,0,0,0,0,0,0,0,0,0,0,0,0,0,0,0,0,0,0,0,3,0,0,0,27,0,0,1,24,0,0,0,30,0,21,0,73,0,179,0,88,0,32,0,193,0,195,0,132,0,0,0,0,0,30,0,23,0,0,0,0,0,0,0,0,0,43,0,0,0,0,0,20,0,4,0,15,0,0,0,0,0,0,0,0,0,0,0,0,0,0,0,0,0,0,0,0,0,0,0,4,0,0,1,0,0,0,0,0,0,0,0,125,0,286,4,26,0,0,0,4,0,0,0,0,0,0,0,0
0,0,0,0,0,0,0,0,0,1,0,0,0,0,0,0,0,0,0,0,0,0,0,0,0,0,0,0,0,0,0,0,0,0,0,0,0,0,0,0,0,0,0,1,0,0,0,0,0,0,0,0,0,0,0,0,0,0,0,0,0,0,0,0,0,0,0,0,0,0,0,137,0,0,0,529,0,152,0,45,0,14,0,75,0,0,0,187,0,0,0,0,0,0,0,21,0,0,0,2,0,0,0,0,0,0,0,0,0,0,0,0,0,0,0,0,0,0,0,0,0,43,0,55,0,93,0,0,4,93,0,39,0,72,0,168,0,184,0,16,0,32,0,75,0,35,0,0,0,0,0,0,0,0,0,0,0,0,0,6,0,0,0,60,0,0,0,0,0,34,0,0,0,0,0,0,0,0,0,0,0,0,0,0,0,0,0,0,0,0,0,0,0,0,0,0,0,0,0,0,0,6,0,0,0,0,0,0,0,0,0,0,0,0,14,0,0,0,129,0,32,0,21,1,0
0,0,22,0,0,0,0,0,0,0,0,0,0,0,14,0,0,0,0,0,95,0,0,0,0,0,0,0,17,0,15,0,0,0,8,0,59,0,8,0,0,0,16,0,0,0,0,0,0,0,0,0,0,0,0,0,0,0,0,0,0,0,0,0,1,0,0,0,0,0,511,0,359,0,0,0,29,0,361,0,15,0,0,0,16,0,49,0,0,0,0,0,0,0,0,0,0,0,16,0,0,0,0,0,0,0,0,0,0,0,0,0,0,0,0,0,0,0,0,0,112,0,56,0,36,24,0,0,34,0,21,0,55,0,154,0,82,0,8,0,175,19,273,13,137,3,15,4,0,19,0,0,65,0,0,0,4,0,0,0,2,4,51,0,0,0,15,0,33,0,8,0,0,0,57,0,1,0,0,0,28,0,0,0,0,0,0,0,0,0,0,0,0,0,0,0,0,0,0,0,20,0,24,0,0,0,0,0,129,0,11,0,26,0,2,0,0,0,0,0,0,0,0,0,0
0,0,0,0,0,0,0,0,0,0,0,0,0,0,0,0,0,0,0,0,0,8,0,0,0,0,0,0,0,0,0,0,0,0,0,0,0,0,0,0,0,0,0,0,0,0,0,0,0,0,0,0,0,0,0,0,0,0,0,0,0,0,0,0,0,0,0,0,0,0,0,390,0,529,0,0,0,18,0,121,0,0,0,0,0,0,0,139,0,0,0,0,0,0,0,0,0,0,0,0,0,0,0,0,0,0,0,0,0,0,0,0,0,0,0,0,0,0,0,0,0,183,0,109,0,233,0,0,5,155,0,0,0,219,0,284,0,311,0,59,0,70,0,116,0,215,0,0,0,45,0,0,0,32,0,0,0,0,0,0,0,0,0,153,0,0,0,0,0,11,0,0,0,0,0,26,0,0,0,0,0,0,0,0,0,3,0,0,0,0,0,0,0,0,0,0,0,0,0,0,0,0,2,0,0,0,0,0,0,329,0,0,0,0,18,0,0,0,111,19,44,11,0,0,0
0,0,0,0,0,0,0,0,0,0,0,0,0,0,0,0,0,0,0,0,0,0,5,0,0,0,0,0,0,0,0,0,0,0,0,0,0,0,0,0,0,0,0,0,0,0,0,0,0,0,0,0,0,0,0,0,0,0,0,0,0,0,0,0,0,0,0,0,84,0,34,0,95,0,29,0,0,0,147,0,10,0,72,0,0,0,46,0,0,0,0,0,32,0,42,0,0,0,0,0,0,0,40,0,20,0,0,0,71,0,0,0,0,0,10,0,34,0,0,0,20,0,0,0,0,0,0,0,0,0,0,0,0,0,0,0,0,0,0,0,0,0,0,0,0,0,0,0,0,0,0,0,0,0,0,0,0,0,0,0,0,0,0,0,12,0,0,0,73,0,2,0,4,0,0,0,0,0,0,0,0,0,0,0,0,0,0,0,0,0,0,0,0,0,0,0,34,0,0,0,0,0,116,0,0,0,0,0,0,0,39,3,66,0,0,7,7,0,0,0,0,0,0,0,0
0,3,0,0,0,0,0,0,0,0,0,0,0,0,0,0,0,0,0,0,0,4,0,0,0,0,0,0,0,0,0,0,0,0,0,0,0,0,0,0,0,0,0,0,0,19,0,0,0,7,0,0,0,0,0,3,0,0,0,0,0,0,0,0,0,0,0,0,0,52,0,12,0,152,0,18,0,0,0,6,0,33,0,151,0,0,0,118,0,45,0,0,0,134,0,101,0,24,0,24,0,0,0,109,0,0,0,0,0,80,0,0,0,22,0,1,0,8,0,0,0,13,0,5,0,0,0,0,0,0,0,0,0,0,0,0,0,0,0,0,0,0,0,0,0,0,0,0,0,0,0,0,0,0,0,0,0,0,0,0,0,0,0,5,0,15,0,0,0,131,0,0,0,0,0,0,0,5,0,0,0,0,0,0,0,0,0,0,0,0,0,0,0,0,0,0,0,0,0,0,0,0,0,0,0,0,0,0,0,0,0,0,0,0,0,0,0,0,100,0,95,5,62,10,0
0,0,0,0,0,0,0,0,0,0,0,0,0,0,0,0,0,0,0,0,0,0,0,0,0,0,0,0,0,0,0,0,0,0,0,0,0,0,0,0,0,0,0,0,0,0,0,0,0,0,9,0,0,0,0,0,0,0,0,0,0,0,0,0,0,0,0,0,26,0,407,0,397,0,361,0,147,0,0,0,13,0,107,0,101,0,148,0,0,0,0,0,23,0,28,0,0,0,18,0,0,0,18,0,0,0,0,0,24,0,0,0,1,0,2,0,14,0,0,0,79,0,52,0,0,13,0,0,0,0,0,0,0,0,184,0,0,0,0,0,55,0,271,0,32,0,0,0,0,0,0,0,0,0,0,0,0,0,0,3,0,0,0,0,0,0,0,0,80,0,0,0,0,0,0,0,0,0,0,0,0,0,0,0,0,0,0,0,57,0,0,0,0,0,25,0,47,0,0,0,0,0,301,0,0,0,0,0,0,8,230,0,51,7,8,17,7,0,0,0,0,0,0,0,0
