0,651,60,284,215,217,42,88,70,71,202,166,151,0,75,243,117,126,40,0,15,0,56,238,36,280,41,0,102,27,33,0,152,26,14,0,49,25,581,43,52,0,0,0,8,0,24,0,0,0,0,0,9,0,9,10,0,0,3,0,267,9,147,34,24,0,18,0,0,0,0,0,1,0,0,0,0,0,0,0,0,0,0,0,0,0,0,1,0,0,0,0,0,0,0,0,0,0,0,0,0,0,0,0,0,0,0,0,0,0,0,0,0,0,0,0,0,0,0,0,0,0,0,0,22,0,11,0,0,0,26,0,0,0,0,1,0,3,0,0,0,0,0,0,0,0,29,0,73,0,16,0,62,0,1,0,0,0,0,0,7,0,0,0,0,0,22,0,5,0,5,0,255,3,13,0,209,234,35,3,37,0,15,27,64,0,6,0,0,0,0,0,0,0,0,0,0,0,0,0,0,0,0,0,0,0,2,0,27,0,0,1,0,0,76,2,0,0,8,0,306,0,11,0,16,0,431,53,262,8,338,2,165,16,46,0,37,6,174,2,127,0,178,4,499,8,0,0,0
651,0,172,75,0,294,163,32,88,127,9,306,0,200,17,69,94,52,0,88,0,16,282,37,383,47,0,161,0,145,2,0,0,269,0,6,0,379,22,337,0,115,0,0,0,0,0,83,0,10,0,11,6,9,5,48,0,6,0,24,5,97,26,85,0,71,0,21,0,0,0,0,0,0,0,0,0,0,0,0,0,0,0,0,0,0,0,0,0,0,0,0,0,0,0,0,0,0,0,0,0,0,0,0,0,0,0,0,0,0,0,0,0,0,0,0,0,0,0,0,0,0,0,0,0,18,0,10,0,10,0,28,0,6,0,21,0,52,0,7,0,4,0,2,0,0,0,16,0,125,0,80,0,61,0,3,0,5,0,0,0,19,0,0,0,9,2,3,0,23,0,8,0,59,0,0,56,306,0,40,0,34,0,39,0,50,0,2,0,0,0,0,0,0,0,1,0,12,0,0,0,0,0,0,0,0,0,27,0,37,0,4,0,0,0,59,0,0,0,0,3,436,0,10,0,39,5,363,0,188,0,402,1,409,0,47,0,99,0,161,0,48,0,123,2,325,0,0,0
60,172,0,84,284,107,183,0,0,0,17,117,27,0,558,103,152,34,73,0,154,0,793,78,257,37,37,0,316,21,92,0,401,16,0,0,30,18,537,19,0,0,0,0,14,0,3,0,1,0,6,0,6,0,144,0,9,0,8,0,75,0,70,9,11,1,0,0,0,0,0,0,0,0,0,0,0,0,0,0,0,0,0,0,0,0,0,0,0,0,0,0,0,0,0,0,0,0,0,0,0,0,0,0,0,0,4,0,0,0,0,0,0,0,0,0,0,0,0,0,0,0,2,0,34,0,29,0,0,0,17,0,18,0,104,0,33,3,10,0,3,0,101,0,0,0,76,0,54,0,26,0,11,0,0,0,0,0,0,0,12,0,0,0,0,0,84,0,0,0,1,0,149,0,1,0,8,46,0,0,4,0,0,0,0,0,0,0,0,0,10,0,0,0,0,0,5,0,8,0,36,0,0,0,0,0,0,0,170,0,0,0,0,0,45,0,0,0,1,0,465,10,6,0,1,0,131,14,242,5,209,0,0,4,31,0,20,1,96,0,68,0,94,0,347,0,0,0,0
284,75,84,0,0,79,0,80,13,35,0,12,0,4,10,185,41,64,0,77,4,33,187,189,103,226,0,17,0,203,0,17,0,193,0,3,0,86,0,262,0,4,0,2,0,0,0,0,0,0,0,0,0,2,0,284,0,10,0,10,0,0,7,36,4,0,0,2,0,0,0,0,0,0,0,0,0,0,0,0,0,0,0,0,0,5,0,0,0,0,0,0,0,0,0,0,0,7,0,0,0,0,0,3,0,5,0,64,0,0,0,0,0,0,0,0,0,0,0,0,0,0,0,0,0,4,0,8,0,7,0,9,0,46,0,61,0,99,0,42,0,10,0,14,0,0,0,0,0,7,0,15,0,0,2,0,0,0,0,3,0,8,0,0,0,0,0,6,0,0,0,6,0,32,0,5,15,30,2,1,0,0,3,0,0,0,0,0,0,0,0,0,0,0,0,0,0,12,0,0,0,0,0,0,0,1,0,27,0,45,0,5,0,0,0,21,0,0,0,2,0,280,0,0,0,4,11,65,0,106,0,118,0,156,0,15,0,37,2,43,0,0,0,13,0,83,0,0,0
215,0,284,0,0,214,41,0,0,0,152,209,181,223,352,153,49,0,229,238,160,101,80,40,0,0,96,63,0,0,245,24,458,13,197,0,292,0,190,0,88,16,6,0,24,0,29,0,17,0,0,12,0,0,10,0,5,0,12,0,0,0,0,0,9,0,3,0,0,0,0,0,3,0,0,0,0,0,0,0,0,0,0,0,0,0,0,0,0,0,0,0,0,0,0,0,0,0,0,0,0,0,0,0,0,0,0,0,0,0,0,0,0,0,0,0,0,0,0,0,0,0,0,0,15,0,12,0,0,0,4,0,0,0,15,0,0,0,0,0,0,0,10,0,0,0,33,0,47,0,14,0,32,0,0,0,0,0,0,0,9,0,0,0,0,0,169,0,78,0,0,0,91,0,0,0,43,79,2,0,18,0,4,0,20,0,4,18,0,0,0,0,0,0,0,0,4,0,0,0,0,0,0,0,0,0,0,0,53,0,0,0,0,0,22,0,0,0,0,0,537,14,6,0,98,0,419,0,334,0,264,1,149,0,27,1,69,0,79,0,0,0,118,0,374,0,0,0,0
217,294,107,79,214,0,0,27,0,16,356,55,79,121,375,196,81,4,81,173,180,93,284,73,0,2,0,181,0,48,21,184,59,273,0,90,16,297,51,11,0,49,0,0,0,6,3,37,0,3,0,50,0,3,0,47,0,0,0,9,0,0,0,3,0,0,0,0,0,0,0,0,0,0,0,0,0,0,0,0,0,0,0,0,0,0,0,0,0,0,0,0,0,0,0,0,0,0,0,0,0,0,0,0,0,0,0,0,0,0,0,0,0,0,0,0,0,0,0,0,0,1,0,0,0,2,0,4,0,0,0,9,0,20,0,54,0,37,0,10,0,0,0,0,1,0,0,0,0,28,2,27,0,52,0,0,0,0,0,0,0,0,0,1,0,80,0,42,0,102,0,3,0,45,0,0,67,148,42,17,0,52,9,13,0,8,3,0,0,0,0,0,0,0,0,0,0,0,0,0,0,0,0,0,0,0,0,23,0,33,0,6,0,0,0,27,0,0,0,32,30,389,0,0,0,188,25,400,0,317,0,259,0,225,0,41,0,129,0,55,0,30,0,43,0,130,0,0,0
42,163,183,0,41,0,0,0,17,145,5,0,0,0,49,0,19,31,0,0,0,0,39,0,477,156,0,0,24,3,0,0,0,0,0,0,0,0,0,17,0,0,0,0,10,0,0,0,7,0,0,0,101,0,119,17,5,0,9,1,283,9,361,59,7,0,4,0,0,0,0,0,0,0,0,0,0,0,0,0,0,0,0,0,0,0,1,0,0,0,0,0,0,0,0,0,0,0,0,0,0,0,0,0,0,0,0,0,0,0,0,0,0,0,0,0,0,0,0,0,0,0,0,1,17,0,16,0,7,0,21,1,6,0,12,0,13,0,5,1,3,0,25,0,0,0,8,0,12,0,3,0,0,0,3,0,0,0,0,0,9,1,0,0,2,0,4,0,0,0,8,0,102,0,0,0,0,27,0,0,0,0,0,13,0,0,0,0,0,0,0,0,0,0,0,0,1,0,0,0,0,0,0,0,0,0,4,0,64,0,0,0,4,0,122,0,0,0,0,0,384,4,39,0,14,1,206,6,202,0,178,0,171,0,65,1,22,0,227,0,106,0,96,0,508,0,0,0,0
88,32,0,80,0,27,0,0,102,57,0,1,0,3,0,47,7,8,0,12,0,5,7,10,69,430,0,0,0,29,0,0,0,35,0,0,0,48,0,197,0,0,0,0,0,0,0,0,0,0,0,1,12,2,10,142,0,3,0,7,4,96,36,87,0,0,2,0,0,0,0,0,0,0,0,0,0,0,0,0,0,0,0,0,0,0,0,0,0,0,0,0,0,0,0,0,1,0,0,0,0,0,0,0,0,0,0,5,0,0,0,0,0,0,0,0,0,0,0,0,0,0,0,0,0,7,0,4,0,0,0,10,0,18,0,0,0,42,0,5,0,0,0,0,0,0,0,2,0,1,0,9,0,1,0,5,0,0,0,0,1,8,0,0,0,1,0,1,0,7,0,14,0,56,0,0,8,0,0,0,0,0,0,1,0,0,0,0,0,0,0,2,0,0,0,0,0,4,0,0,0,0,0,0,0,0,0,9,0,23,0,11,0,0,0,73,0,0,0,0,0,457,0,8,0,12,0,81,0,208,0,96,0,258,0,32,1,23,0,80,0,23,0,37,0,228,0,0,0
70,88,0,13,0,0,17,102,0,754,54,0,14,0,11,0,3,19,6,1,0,1,0,2,20,232,0,0,0,2,0,0,0,1,0,0,0,0,2,3,0,0,0,0,0,0,0,0,2,0,0,0,83,48,105,356,9,0,72,94,174,14,141,156,154,0,276,245,0,0,0,0,0,2,0,0,1,0,0,0,0,0,0,0,0,0,0,1,0,0,0,0,0,0,0,0,0,0,0,0,0,0,0,0,0,0,0,0,0,0,0,0,0,0,0,0,0,0,0,0,0,0,0,0,22,0,17,0,5,0,32,1,7,0,0,0,2,0,0,0,0,0,0,1,0,0,41,0,161,0,27,0,25,0,8,3,22,0,0,1,11,0,0,0,0,0,0,0,6,0,32,0,27,0,0,0,478,94,10,0,4,0,2,23,38,45,0,0,0,0,2,0,0,0,0,0,0,0,0,0,0,0,0,0,0,0,4,0,53,0,0,0,4,0,179,0,0,0,0,0,239,0,40,0,17,0,164,0,186,0,41,0,104,0,38,0,8,1,125,0,35,0,56,0,322,0,0,0,0
71,127,0,35,0,16,145,57,754,0,0,20,0,4,0,15,12,4,0,21,0,0,2,3,181,47,0,10,1,11,0,0,0,0,0,6,0,15,0,23,0,0,0,0,0,4,0,8,0,3,0,2,123,16,169,73,6,5,27,181,15,215,133,264,0,199,33,103,0,0,0,0,0,0,0,0,0,0,0,2,0,0,0,0,0,1,0,0,0,0,0,0,0,0,0,0,0,0,0,0,0,0,0,0,0,0,0,0,0,0,0,0,0,0,0,0,0,0,0,0,0,0,0,0,0,48,0,26,0,5,0,99,0,8,0,18,2,68,0,0,0,2,0,2,0,0,0,42,0,158,2,76,0,6,4,0,2,7,0,0,0,40,0,0,0,0,0,0,0,0,5,28,0,43,0,0,93,278,0,10,0,3,0,38,0,22,0,0,0,0,0,0,0,0,0,0,0,8,0,0,0,0,0,0,0,0,0,24,0,70,0,0,0,0,0,77,0,0,0,0,0,294,0,0,0,4,0,158,0,202,0,150,0,246,0,30,0,43,0,134,0,36,0,48,2,272,0,0,0
202,9,17,0,152,356,5,0,54,0,0,255,259,115,45,216,40,0,51,202,148,88,15,48,1,0,52,0,0,4,114,17,382,10,47,9,216,0,61,0,162,0,0,0,25,0,73,0,37,0,24,3,0,0,0,0,0,0,0,0,0,0,0,0,10,0,0,0,0,0,0,0,0,0,0,0,0,0,1,0,0,0,0,0,0,0,0,0,0,0,0,0,0,0,0,0,0,0,0,0,0,0,0,0,0,0,0,0,0,0,0,0,0,0,0,0,0,0,0,0,0,0,0,0,1,0,0,0,0,0,2,0,0,0,0,0,0,0,0,0,0,0,1,0,0,0,8,0,30,1,18,0,89,0,2,0,0,0,0,0,5,0,0,0,26,5,110,0,32,0,0,0,61,0,28,0,133,155,86,0,64,0,14,0,55,0,63,9,0,0,0,0,0,0,0,0,0,0,0,0,0,0,0,0,0,0,2,0,12,0,1,0,0,0,8,0,2,0,0,0,256,0,0,2,75,22,310,19,215,14,180,0,73,0,9,2,29,4,42,0,42,1,79,0,212,0,0,0,0
166,306,117,12,209,55,0,1,0,20,255,0,59,448,305,14,43,0,40,29,106,22,270,16,2,0,0,81,0,17,0,37,34,111,3,13,0,142,31,4,0,250,0,3,0,4,0,122,0,42,0,8,0,0,0,0,0,0,0,2,0,0,0,0,0,8,0,0,0,0,0,0,0,0,0,0,0,0,0,1,0,2,0,0,0,0,0,0,0,0,0,0,0,0,0,0,0,0,0,0,0,0,0,0,0,0,0,1,0,0,0,0,0,0,0,0,0,0,0,0,0,0,0,0,0,0,0,0,0,0,0,0,0,0,0,3,0,0,0,0,0,0,0,0,0,0,0,0,0,18,0,26,0,178,0,0,0,0,0,0,0,0,0,0,0,0,0,5,0,13,0,0,0,14,0,59,67,488,12,137,0,104,4,51,1,42,1,32,0,0,0,0,0,0,0,0,0,6,0,0,0,0,0,0,0,0,0,5,0,5,0,2,0,0,0,6,0,2,0,13,30,94,0,8,0,50,17,221,9,115,0,123,2,76,0,15,0,41,0,16,0,9,0,15,3,40,0,0,0
151,0,27,0,181,79,0,0,14,0,259,59,0,666,41,32,0,0,39,467,31,122,4,3,0,0,135,466,0,0,24,5,18,0,223,15,164,0,5,0,475,181,22,48,31,56,125,186,80,7,131,25,0,0,0,0,0,0,0,0,0,0,0,0,4,0,0,0,0,0,0,0,0,0,0,0,3,0,0,0,0,0,6,0,0,0,0,0,0,0,0,0,0,0,8,1,0,0,5,0,0,0,0,0,0,0,0,0,0,0,0,0,0,0,0,0,0,0,3,0,0,0,0,0,0,0,0,0,0,0,0,0,0,0,0,0,0,0,0,0,0,0,0,0,0,0,15,0,13,0,11,0,79,0,0,0,0,0,0,0,1,0,0,0,95,0,18,0,22,0,0,0,2,0,22,0,155,119,30,0,29,0,10,0,29,0,62,22,0,0,0,0,0,0,0,0,0,0,0,0,0,0,0,0,0,0,0,0,0,0,2,0,0,0,0,0,0,0,83,51,58,0,8,4,356,22,168,6,62,0,44,0,0,3,4,0,16,2,4,0,0,0,0,0,41,0,0,0,0
0,200,0,4,223,121,0,3,0,4,115,448,666,0,145,2,0,0,402,60,105,25,0,0,0,0,190,45,0,0,3,5,0,5,41,54,12,80,0,0,103,453,0,185,7,71,28,111,0,86,16,305,0,0,0,7,0,0,0,0,0,0,0,0,0,4,0,0,0,13,0,0,0,0,0,0,0,0,0,0,0,0,0,0,0,0,0,0,0,0,0,0,0,0,0,31,0,0,0,0,0,0,0,0,0,0,0,0,0,0,0,0,0,0,0,0,0,0,0,0,0,1,0,0,0,0,0,0,0,0,0,0,0,2,0,0,0,9,0,0,0,0,0,0,0,0,0,0,0,0,0,21,0,59,0,0,0,0,0,0,0,0,0,0,0,66,0,0,2,42,0,0,0,0,0,19,49,532,22,62,0,50,0,11,0,23,43,99,0,0,0,0,0,0,0,0,0,0,0,0,0,0,0,0,0,0,0,0,0,6,0,0,0,0,0,0,0,0,19,253,0,27,0,60,10,253,0,125,9,67,0,32,0,25,0,14,1,11,0,0,0,0,0,9,0,0,0,0,0
75,17,558,10,352,375,49,0,11,0,45,305,41,145,0,198,67,3,495,268,283,140,420,55,95,0,172,28,0,9,262,34,261,22,123,24,181,30,20,1,6,0,7,0,6,0,8,0,1,0,22,8,14,0,195,0,10,0,0,0,0,0,3,0,21,0,3,0,0,0,0,0,0,0,0,0,0,0,0,0,0,0,0,0,51,0,0,0,0,0,28,0,0,0,0,0,0,0,0,0,0,0,0,0,0,0,93,0,0,0,0,0,0,0,0,0,0,0,0,0,0,0,0,0,19,0,18,0,5,0,7,2,0,0,157,0,77,0,20,3,0,0,187,0,0,0,77,0,160,2,60,0,107,0,0,0,0,0,0,0,4,0,0,0,18,0,173,0,66,4,0,0,45,0,6,3,26,38,0,0,25,0,1,0,51,0,1,0,0,0,0,0,0,0,0,0,8,0,0,0,58,0,0,0,0,0,19,0,79,0,1,0,0,0,5,0,0,0,0,5,167,11,0,0,44,0,276,28,167,0,66,0,23,0,5,2,28,0,13,0,0,0,30,0,85,6,0,0,0
243,69,103,185,153,196,0,47,0,15,216,14,32,2,198,0,75,43,18,368,110,177,299,247,16,37,0,90,0,86,14,99,73,116,0,12,12,65,38,5,0,4,0,10,0,8,5,5,0,3,0,0,0,0,0,354,0,10,0,0,0,0,0,15,0,0,0,0,0,0,0,0,0,0,0,2,0,0,0,0,0,0,0,0,0,46,0,20,1,0,0,47,0,0,0,0,0,15,0,21,0,0,0,0,0,0,0,235,0,0,0,0,0,0,0,0,0,0,0,0,0,10,0,0,0,0,0,5,0,0,0,0,0,34,0,101,0,103,0,69,0,22,0,45,2,0,0,0,8,11,0,17,0,0,0,0,0,0,0,3,13,0,0,0,0,5,0,4,0,20,0,2,0,10,0,9,22,28,6,0,0,0,6,0,1,0,0,0,0,0,0,0,0,0,0,0,0,0,0,0,0,36,0,0,0,0,0,33,0,36,0,0,0,0,0,8,0,0,0,1,12,97,0,0,3,29,17,236,7,100,0,41,0,28,0,5,0,9,3,10,0,3,0,5,0,11,0,0,0
117,94,152,41,49,81,19,7,3,12,40,43,0,0,67,75,0,31,144,0,421,0,142,64,140,58,63,0,234,10,118,0,173,9,16,0,9,6,65,0,0,0,16,0,46,0,0,0,0,0,5,0,97,0,22,2,14,0,0,0,25,0,532,11,0,0,0,0,0,0,58,0,8,0,83,0,0,0,0,0,99,0,0,0,436,1,96,0,0,0,94,0,0,0,36,0,320,0,177,0,39,0,0,0,25,0,202,0,0,0,0,0,0,0,0,0,0,0,0,0,118,0,153,0,2,0,6,0,0,0,0,0,6,0,18,0,37,0,55,2,32,0,143,0,18,0,0,0,0,0,0,0,0,0,89,0,0,0,27,0,4,1,0,0,0,0,5,0,13,0,1,0,8,0,0,0,11,13,0,0,0,0,1,0,0,0,0,0,0,0,0,0,0,0,0,0,0,0,0,0,16,0,0,0,0,0,0,0,2,0,0,0,0,0,0,0,0,0,0,0,34,0,7,0,0,0,334,20,32,0,5,0,16,0,0,0,1,0,7,0,3,1,0,0,24,2,0,0,0
126,52,34,64,0,4,31,8,19,4,0,0,0,0,3,43,31,0,0,41,0,211,62,151,108,257,0,0,0,188,0,63,0,95,1,15,0,27,3,96,0,0,0,7,0,6,0,0,0,0,0,10,0,35,4,54,0,30,0,1,2,6,21,234,0,0,0,0,0,0,0,3,0,0,0,0,0,0,0,10,0,16,0,0,0,90,0,27,0,0,0,55,0,0,0,0,0,0,0,25,0,18,0,0,0,0,0,98,0,0,0,0,0,0,0,0,0,0,0,0,0,32,0,15,0,1,0,0,0,12,0,1,0,68,0,99,0,144,0,80,0,45,0,146,2,7,0,0,0,0,0,0,0,0,0,31,0,1,0,29,4,0,0,1,0,1,0,0,0,0,0,1,0,8,0,0,0,32,0,0,0,0,0,9,0,0,0,0,0,0,0,0,0,0,0,0,0,0,0,0,0,0,0,0,0,0,0,0,0,0,0,1,0,0,0,0,0,0,0,0,0,30,0,3,0,0,0,209,0,37,0,2,0,8,0,0,0,0,1,0,0,3,0,0,0,5,0,0,0
40,0,73,0,229,81,0,0,6,0,51,40,39,402,495,18,144,0,0,283,202,76,173,0,30,0,191,208,0,0,75,4,20,0,353,17,118,0,0,0,10,51,42,16,33,13,1,37,2,0,134,21,0,0,0,0,16,0,14,0,3,0,45,0,5,0,0,0,0,0,20,0,0,0,0,0,0,0,0,0,20,0,0,0,0,0,25,0,0,0,43,0,0,0,0,0,0,0,54,0,0,0,0,0,0,0,120,0,0,0,0,0,0,0,0,0,0,0,1,0,0,0,25,0,0,0,0,0,0,0,0,0,0,0,0,0,0,0,0,0,0,0,0,0,17,0,14,0,30,0,0,0,31,0,0,0,0,0,0,0,9,0,0,0,95,0,26,0,43,0,8,0,12,0,0,0,22,18,1,0,11,0,2,0,25,0,0,8,0,0,0,0,0,0,0,0,0,0,0,0,0,0,0,0,0,0,0,0,21,0,0,0,0,0,3,0,0,0,13,18,50,0,0,0,210,15,238,0,50,0,47,0,0,1,0,0,12,1,10,0,8,0,14,0,35,0,0,0,0
0,88,0,77,238,173,0,12,1,21,202,29,467,60,268,368,0,41,283,0,178,481,5,212,0,27,68,302,0,6,9,144,12,14,68,218,11,80,0,0,39,30,7,120,0,71,19,33,2,7,14,252,0,0,0,156,0,14,0,0,0,4,0,55,0,0,0,0,0,8,0,0,0,0,0,0,0,0,0,0,0,0,0,0,0,173,0,105,0,0,0,114,0,0,0,0,0,0,0,74,0,0,0,0,0,0,0,247,0,0,0,0,0,0,0,0,0,0,0,0,0,56,0,51,0,2,0,3,0,1,0,0,0,34,0,125,0,91,0,63,0,59,0,131,2,22,0,0,0,30,0,27,0,16,1,0,0,0,0,4,0,0,0,0,0,145,0,4,0,95,0,1,0,10,0,0,15,43,55,0,0,0,0,4,0,0,26,2,0,0,0,0,0,0,0,0,0,0,0,0,0,0,0,0,0,0,0,16,0,36,0,0,0,0,0,8,0,0,11,88,9,52,0,21,7,248,0,184,10,122,0,47,0,55,0,11,0,23,0,0,0,0,0,9,0,33,0,0,0
15,0,154,4,160,180,0,0,0,0,148,106,31,105,283,110,421,0,202,178,0,69,172,24,61,0,96,39,77,0,363,6,243,10,120,0,142,10,33,0,0,5,18,0,28,0,1,6,0,0,37,3,17,0,20,0,29,0,26,0,24,0,180,0,0,0,1,0,0,0,158,0,21,0,113,0,0,0,0,0,83,0,0,0,196,0,94,0,48,0,50,0,0,0,0,0,174,0,214,0,39,0,0,0,0,0,130,0,0,0,0,0,0,0,0,0,0,0,0,0,124,0,56,0,0,0,0,0,2,0,0,0,0,0,16,0,17,0,21,0,42,0,107,0,118,0,0,0,9,0,0,0,11,0,22,1,7,0,5,0,11,0,0,0,25,0,65,0,37,0,5,0,14,0,0,0,9,7,2,0,0,0,2,0,6,0,1,3,1,0,0,0,0,0,0,0,0,0,0,0,0,0,0,0,0,0,0,0,0,0,0,0,0,0,11,0,0,0,3,4,46,6,5,0,60,9,252,8,58,3,45,0,28,0,1,0,15,0,22,0,24,0,23,0,58,0,0,0,0
0,16,0,33,101,93,0,5,1,0,88,22,122,25,140,177,0,211,76,481,69,0,18,232,0,46,20,179,0,142,0,130,7,66,15,65,6,81,0,2,8,5,0,36,0,49,3,3,0,12,0,84,0,0,0,39,0,13,0,0,0,11,0,120,0,2,0,0,0,6,0,0,0,0,0,26,0,0,0,30,0,0,0,0,0,207,0,112,0,0,0,0,0,9,0,32,0,0,0,74,0,0,0,0,0,0,0,0,0,0,0,0,0,0,0,0,0,0,0,0,0,134,0,111,0,0,0,0,0,3,0,1,0,81,0,85,0,163,0,152,0,236,0,421,0,136,0,0,0,0,0,0,0,3,0,16,0,9,0,0,0,0,0,0,0,58,0,17,0,53,0,7,0,15,0,0,8,21,8,5,0,0,0,0,0,0,7,2,0,0,0,0,0,0,0,0,0,0,0,0,0,0,0,0,0,0,0,0,1,0,0,0,0,0,0,6,0,0,4,78,6,124,0,0,0,94,0,577,6,122,0,167,0,105,0,16,0,59,0,32,0,16,0,37,1,65,0,0,0
56,282,793,187,80,284,39,7,0,2,15,270,4,0,420,299,142,62,173,5,172,18,0,272,212,63,65,0,28,50,12,0,31,44,14,0,8,37,39,20,0,0,0,0,20,0,8,0,0,0,0,0,28,0,151,0,0,0,0,0,3,0,17,10,0,6,0,0,0,0,0,0,0,0,0,0,0,0,0,0,0,0,0,0,108,0,0,0,0,0,44,0,0,0,0,0,87,0,17,0,0,0,17,0,49,0,141,0,0,0,0,0,0,0,0,0,0,0,1,0,0,0,34,0,1,0,0,0,8,0,0,0,9,0,61,0,96,3,23,0,6,0,240,0,0,0,0,0,0,7,6,0,2,2,31,0,0,0,12,0,1,6,0,0,0,0,9,0,0,0,0,0,13,0,0,2,13,51,0,2,4,0,1,4,1,0,0,1,0,0,0,0,0,0,0,0,0,0,0,0,37,0,0,0,0,0,0,0,3,0,0,0,0,0,1,0,0,0,0,0,11,0,0,0,0,0,302,56,29,0,0,0,4,0,0,0,0,0,0,0,4,0,6,0,4,0,0,0,0
238,37,78,189,40,73,0,10,2,3,48,16,3,0,55,247,64,151,0,212,24,232,272,0,50,137,0,54,0,59,6,29,24,24,0,7,7,7,37,20,0,5,0,12,0,14,0,3,0,7,0,3,1,4,0,75,0,9,0,0,2,0,4,89,0,0,0,0,0,0,0,0,0,0,0,0,0,0,0,9,0,0,0,9,0,100,0,38,0,0,0,0,0,0,0,6,0,24,0,0,0,23,0,0,0,0,0,170,0,0,0,0,0,0,0,0,0,0,0,0,0,22,0,0,0,0,0,0,0,3,3,2,0,0,0,109,0,72,4,41,0,28,1,114,0,5,1,0,0,0,0,0,2,0,0,13,0,1,0,5,0,0,0,0,0,0,0,3,0,13,0,2,3,9,0,0,4,18,2,0,0,1,3,0,0,0,0,0,0,0,0,0,0,0,0,0,0,0,0,0,0,0,0,0,0,0,0,0,0,0,0,0,0,0,0,0,0,0,0,3,0,51,0,0,0,0,5,542,0,40,0,26,0,33,0,8,0,9,0,0,1,0,0,7,3,19,0,0,0
36,383,257,103,0,0,477,69,20,181,1,2,0,0,95,16,140,108,30,0,61,0,212,50,0,337,0,0,100,0,2,0,10,0,0,0,3,18,23,22,0,0,0,0,7,0,0,0,0,0,0,0,76,4,120,9,8,0,3,0,39,12,125,82,0,0,1,0,0,0,0,0,0,0,0,0,0,0,0,0,7,0,0,0,57,2,0,2,0,0,0,0,1,0,0,0,29,0,7,0,0,0,0,0,0,0,33,0,0,0,0,0,0,0,0,0,0,0,0,0,0,0,0,0,0,0,0,0,12,0,0,0,6,0,16,0,57,0,33,2,11,0,92,0,0,2,0,0,0,0,0,0,0,0,56,0,0,0,12,0,0,3,0,0,0,0,0,0,6,0,1,0,22,1,0,0,0,16,0,0,0,0,0,6,0,0,0,0,0,0,2,0,0,0,1,0,0,0,0,0,11,0,0,0,0,0,0,0,5,0,0,0,0,0,13,1,0,0,2,0,49,14,8,0,0,0,125,5,21,6,13,2,23,9,0,1,0,0,17,0,8,0,6,0,36,4,0,0,0
280,47,37,226,0,2,156,430,232,47,0,0,0,0,0,37,58,257,0,27,0,46,63,137,337,0,0,8,3,165,0,13,0,42,0,0,0,0,0,130,0,0,0,0,0,0,0,0,0,0,0,0,15,3,24,229,0,19,0,2,13,11,89,97,0,0,0,0,0,0,0,0,0,0,1,0,0,0,0,0,0,0,0,0,0,10,0,0,0,0,0,0,0,0,0,0,0,7,0,0,0,0,0,0,0,0,0,42,0,0,0,0,0,0,0,0,0,0,0,0,0,0,0,0,0,0,0,0,0,0,0,3,0,32,0,48,0,40,0,23,0,12,0,18,2,0,0,0,6,0,0,2,0,0,0,6,0,0,0,11,4,1,0,0,0,0,0,0,0,0,0,2,0,10,0,0,7,25,0,0,0,0,0,18,0,0,0,0,0,0,0,0,0,0,0,0,0,0,0,0,0,0,0,0,0,0,0,6,0,5,0,0,0,0,0,0,0,0,0,0,0,45,0,0,0,0,2,122,3,22,0,9,0,0,0,3,0,0,0,0,0,1,0,1,0,10,0,0,0
41,0,37,0,96,0,0,0,0,0,52,0,135,190,172,0,63,0,191,68,96,20,65,0,0,0,0,134,4,0,23,0,19,0,45,0,81,0,6,0,63,95,171,21,191,12,47,96,24,0,140,8,0,0,24,0,14,0,17,0,9,0,29,0,7,0,5,0,0,0,45,0,8,0,0,0,0,0,0,0,21,0,0,0,42,0,32,0,0,0,0,0,0,0,0,0,0,0,0,0,0,0,0,0,0,0,0,0,0,0,0,0,0,0,0,0,0,0,0,0,34,0,18,0,0,0,0,0,0,0,0,0,0,0,16,0,0,0,35,0,18,0,0,0,58,0,0,0,22,0,0,0,0,0,5,2,10,0,4,0,0,0,0,0,172,0,5,0,0,0,7,0,0,0,0,3,0,8,0,0,0,0,3,0,16,0,5,13,0,0,0,0,0,0,0,0,0,0,0,0,0,0,0,0,0,0,0,0,0,0,0,0,0,0,2,0,2,0,240,47,6,2,9,10,383,0,54,0,12,0,0,0,0,0,5,0,0,0,13,0,0,0,5,0,20,0,0,0,0
0,161,0,17,63,181,0,0,0,10,0,81,466,45,28,90,0,0,208,302,39,179,0,54,0,8,134,0,0,0,0,19,0,0,40,51,5,37,0,0,122,40,12,326,0,115,30,61,7,13,17,282,0,5,0,0,0,0,0,11,0,0,0,0,0,0,0,0,0,17,0,0,0,0,0,0,0,15,0,0,0,0,0,11,0,0,0,49,0,0,0,0,0,0,0,30,0,0,0,33,0,0,0,0,0,0,0,0,0,0,0,0,0,0,0,0,0,0,0,0,0,29,0,0,0,0,0,0,0,0,0,0,0,0,0,0,0,45,0,18,0,22,0,66,0,11,0,0,0,22,0,0,0,0,0,0,0,0,0,0,0,0,0,0,0,83,0,3,0,72,0,0,0,0,0,0,0,52,7,0,0,11,0,5,0,0,36,17,0,0,0,0,0,0,0,0,0,0,0,0,0,0,0,0,0,0,0,12,0,21,0,0,0,2,0,0,0,0,18,382,0,22,0,87,0,211,0,85,0,0,0,0,0,0,0,9,0,17,0,0,0,0,0,4,0,12,0,0,0
102,0,316,0,0,0,24,0,0,1,0,0,0,0,0,0,234,0,0,0,77,0,28,0,100,3,4,0,0,0,74,0,20,0,4,0,7,0,14,0,0,0,1,0,0,0,0,0,0,0,5,0,28,0,0,0,0,0,0,0,8,0,189,0,0,0,0,0,0,0,29,0,3,0,22,0,0,0,5,0,26,0,0,0,53,0,25,0,0,0,15,0,0,0,0,0,41,0,60,0,0,0,0,0,0,0,0,0,0,0,0,0,0,0,0,0,0,0,0,0,42,0,35,0,0,0,0,0,0,0,0,0,4,0,0,0,6,0,68,0,69,0,42,0,105,0,0,0,0,0,1,0,0,0,9,0,3,0,10,0,0,0,0,0,0,0,0,0,0,0,0,0,0,0,0,0,0,2,0,0,0,0,0,0,0,0,0,0,0,0,0,0,0,0,0,0,0,0,0,0,8,0,0,0,0,0,0,0,0,0,0,0,0,0,0,0,0,0,0,0,0,0,0,0,0,0,62,1,0,0,0,0,1,0,0,0,0,0,1,0,0,0,0,0,0,0,0,0,0
27,145,21,203,0,48,3,29,2,11,4,17,0,0,9,86,10,188,0,6,0,142,50,59,0,165,0,0,0,0,1,80,0,63,0,20,0,26,0,47,0,0,0,0,0,1,0,0,0,0,0,8,0,10,0,57,0,13,0,0,0,11,0,153,0,0,0,0,0,0,0,4,0,0,0,0,0,0,0,0,0,0,0,0,0,17,0,0,0,0,0,6,0,0,0,0,0,6,0,0,0,0,0,0,0,0,0,0,0,0,0,0,0,0,0,0,0,0,0,0,0,0,0,0,0,0,0,0,0,9,0,0,0,90,0,31,0,171,0,209,0,170,0,147,0,48,0,0,0,0,0,0,0,0,0,57,0,4,0,49,0,5,0,0,0,0,0,0,0,0,0,2,0,0,0,0,0,25,0,0,0,0,0,0,0,5,0,0,0,0,0,0,0,0,0,0,0,0,0,0,0,0,0,0,0,0,0,0,0,0,0,0,0,0,0,10,0,0,0,0,0,32,0,0,0,0,0,232,0,10,0,27,0,36,0,3,0,5,0,16,0,4,0,3,1,22,0,0,0
33,2,92,0,245,21,0,0,0,0,114,0,24,3,262,14,118,0,75,9,363,0,12,6,2,0,23,0,74,1,0,0,55,0,33,0,43,0,73,0,0,0,7,0,3,0,0,0,0,0,12,0,4,0,0,0,9,0,0,0,0,0,15,0,5,0,0,0,0,0,53,0,0,0,34,0,0,0,0,0,16,0,0,0,34,0,27,0,0,0,0,0,0,0,0,0,32,0,39,0,0,0,0,0,0,0,0,0,0,0,0,0,0,0,0,0,0,0,0,0,30,0,0,0,0,0,0,0,0,0,1,0,0,0,4,0,0,0,0,0,0,0,0,0,42,0,3,0,0,0,0,0,10,0,0,0,0,0,0,0,3,0,6,0,3,0,8,0,2,0,0,0,3,0,0,0,8,6,0,0,0,0,0,0,9,0,0,0,0,0,0,0,0,0,0,0,0,0,0,0,0,0,0,0,0,0,0,0,6,0,0,0,0,0,0,0,0,0,0,0,9,0,0,0,4,0,27,0,0,0,8,0,8,0,0,0,3,0,0,0,0,0,4,0,25,0,0,0,0
0,0,0,17,24,184,0,0,0,0,17,37,5,5,34,99,0,63,4,144,6,130,0,29,0,13,0,19,0,80,0,0,2,26,0,22,0,65,0,0,0,0,0,7,0,6,0,0,0,0,0,84,0,0,0,0,0,5,0,0,0,1,0,12,0,0,0,0,0,0,0,0,0,0,0,0,0,0,0,0,0,0,0,0,0,0,0,0,0,0,0,0,0,0,0,0,0,0,0,0,0,0,0,0,0,0,0,0,0,0,0,0,0,0,0,0,0,0,0,0,0,0,0,0,0,0,0,0,0,0,0,0,0,0,0,0,0,0,0,17,0,24,0,35,0,19,0,0,0,0,0,0,0,0,0,0,0,0,0,0,0,0,0,1,0,9,0,2,0,14,0,0,0,3,0,0,0,11,0,1,0,0,0,0,0,0,1,0,0,0,0,0,0,0,0,0,0,0,0,0,0,0,0,0,0,0,0,0,0,0,0,0,0,0,0,0,0,0,0,5,0,44,0,4,0,25,1,126,0,27,0,39,0,23,0,5,0,0,0,0,0,2,0,4,1,0,0,0,0
152,0,401,0,458,59,0,0,0,0,382,34,18,0,261,73,173,0,20,12,243,7,31,24,10,0,19,0,20,0,55,2,0,0,45,0,88,0,19,0,0,0,0,0,0,0,0,0,0,0,6,0,0,0,0,0,0,0,1,0,26,0,44,0,0,0,0,0,0,0,16,0,0,0,0,0,0,0,0,0,0,0,0,0,23,0,0,0,0,0,0,0,0,0,0,0,0,0,0,0,0,0,1,0,6,0,0,0,0,0,0,0,0,0,0,0,0,0,0,0,14,0,9,0,0,0,0,0,0,0,0,0,0,0,0,0,0,0,0,0,0,0,0,0,19,0,8,0,0,0,0,0,0,0,0,0,7,0,4,0,0,0,0,0,0,0,26,0,0,0,0,0,16,0,0,0,0,15,0,0,10,0,3,0,17,0,0,0,0,0,0,0,0,0,0,0,1,0,0,0,0,0,0,0,0,0,2,0,11,0,0,0,0,0,1,0,0,0,0,0,47,3,5,0,0,0,90,9,34,0,10,0,15,0,0,0,0,0,6,0,0,0,6,0,38,0,0,0,0
26,269,16,193,13,273,0,35,1,0,10,111,0,5,22,116,9,95,0,14,10,66,44,24,0,42,0,0,0,63,0,26,0,0,0,11,0,95,0,8,0,0,0,12,0,0,0,0,0,0,0,30,0,6,0,11,0,0,0,0,0,16,0,17,0,0,0,0,0,0,0,3,0,0,0,0,0,0,0,0,0,0,0,0,0,0,0,0,0,0,0,0,0,0,0,0,0,0,0,0,0,0,0,0,0,0,0,0,0,0,0,0,0,0,0,0,0,0,0,0,0,0,0,0,0,0,0,1,0,0,0,0,0,0,0,0,0,0,0,68,0,37,0,27,0,42,0,0,0,0,0,7,0,0,0,16,0,8,0,16,0,3,0,1,0,3,0,12,0,0,0,2,0,4,0,0,5,41,0,2,0,3,0,0,0,0,0,1,0,0,0,0,0,0,0,0,0,0,0,0,0,0,0,0,0,0,0,0,0,5,0,0,0,0,0,0,0,0,0,0,2,53,0,2,0,4,0,202,0,34,0,24,0,0,0,2,0,9,0,6,0,2,0,4,0,9,0,0,0
14,0,0,0,197,0,0,0,0,0,47,3,223,41,123,0,16,1,353,68,120,15,14,0,0,0,45,40,4,0,33,0,45,0,0,4,200,0,19,0,13,0,14,3,18,0,0,0,0,0,75,0,0,0,0,0,9,0,12,0,0,0,11,0,0,0,0,0,0,0,0,0,3,0,9,0,0,0,0,0,0,0,0,0,0,0,0,0,0,0,4,0,0,0,0,0,0,0,15,0,0,0,0,0,0,0,0,0,1,0,0,0,0,0,0,0,0,0,0,0,14,0,0,0,0,0,0,0,0,0,0,0,0,0,0,0,0,0,0,0,0,0,4,0,0,0,0,0,0,0,1,0,6,0,0,0,2,0,0,0,0,0,0,0,61,0,8,0,8,0,0,0,0,0,0,0,3,0,10,0,0,0,0,0,7,0,27,3,0,0,2,0,0,0,0,0,0,0,0,0,0,0,0,0,0,0,0,0,0,0,0,0,0,0,1,0,1,0,14,8,5,0,2,0,107,0,23,1,7,0,9,0,0,0,2,0,0,0,4,0,0,0,4,0,14,0,0,0,0
0,6,0,3,0,90,0,0,0,6,9,13,15,54,24,12,0,15,17,218,0,65,0,7,0,0,0,51,0,20,0,22,0,11,4,0,0,46,0,0,0,0,0,9,0,3,0,0,0,0,0,44,0,0,0,3,0,0,0,4,0,5,0,4,0,0,0,0,0,0,0,15,0,0,0,0,0,0,0,1,0,17,0,0,0,19,0,0,0,0,0,0,0,0,0,0,0,0,0,0,0,0,0,0,0,0,0,0,0,0,0,0,0,0,0,0,0,0,0,0,0,25,0,15,0,0,0,0,0,0,0,0,0,0,0,0,0,16,0,20,0,52,0,51,0,38,0,0,0,0,0,0,0,0,0,2,0,3,0,0,0,0,0,0,0,9,0,1,0,21,0,0,0,2,0,0,2,8,2,0,0,0,0,0,0,2,0,3,0,0,0,0,0,0,0,0,0,0,0,0,0,0,0,0,0,0,0,0,0,0,0,0,0,0,0,0,0,0,1,32,0,19,0,2,0,37,0,68,0,22,0,17,0,0,0,0,0,11,0,0,0,2,0,0,0,0,0,0,0
49,0,30,0,292,16,0,0,0,0,216,0,164,12,181,12,9,0,118,11,142,6,8,7,3,0,81,5,7,0,43,0,88,0,200,0,0,0,115,0,5,0,132,0,42,0,0,0,0,0,98,0,0,0,0,0,11,0,16,1,57,0,13,0,0,0,0,0,0,0,23,0,0,0,12,0,0,0,0,0,0,0,0,0,0,0,12,0,0,0,0,0,0,0,0,0,0,0,22,0,0,0,0,0,0,0,0,0,0,0,0,0,0,0,0,0,0,0,0,0,11,0,4,0,0,0,0,0,0,0,0,0,0,0,0,0,0,0,57,0,23,0,10,0,90,0,0,0,0,0,0,0,0,0,6,0,39,0,8,0,10,0,8,0,55,0,43,0,32,1,11,0,43,0,3,0,0,1,14,0,7,0,0,0,11,0,8,0,0,0,0,0,0,0,0,0,0,0,0,0,0,0,0,0,0,0,0,0,0,0,0,0,0,0,0,0,0,0,3,0,26,0,0,0,40,0,11,1,48,0,4,0,5,0,9,0,0,0,0,1,0,0,0,0,20,0,0,0,0
25,379,18,86,0,297,0,48,0,15,0,142,0,80,30,65,6,27,0,80,10,81,37,7,18,0,0,37,0,26,0,65,0,95,0,46,0,0,0,22,0,0,0,67,0,56,0,2,0,0,0,105,0,1,0,7,0,17,0,11,0,67,0,27,0,0,0,0,0,0,0,10,0,0,0,11,0,0,0,0,0,18,0,0,0,19,0,20,0,0,0,12,0,0,0,5,0,0,0,14,0,0,0,0,0,0,0,0,0,0,0,0,0,0,0,0,0,0,0,0,0,29,0,31,0,0,0,0,0,0,0,0,0,0,0,9,0,22,0,62,0,65,0,73,0,101,0,0,0,10,0,10,0,0,0,12,0,50,0,16,0,0,0,2,0,15,0,13,0,27,0,4,0,18,0,0,3,85,1,6,0,0,0,11,0,20,0,3,0,0,0,0,0,0,0,0,0,3,0,0,0,0,0,0,0,0,0,0,0,0,0,0,0,0,0,0,0,1,0,7,0,89,0,0,0,26,0,331,0,131,0,13,0,20,0,2,0,0,0,4,0,0,0,4,0,16,0,0,0
581,22,537,0,190,51,0,0,2,0,61,31,5,0,20,38,65,3,0,0,33,0,39,37,23,0,6,0,14,0,73,0,19,0,19,0,115,0,0,2,0,0,4,0,3,0,0,0,0,0,3,0,10,0,0,0,0,0,4,0,21,0,65,0,0,0,0,0,0,0,10,0,0,0,13,0,0,0,0,0,9,0,0,0,0,0,0,0,0,0,0,0,0,0,0,0,0,0,0,0,0,0,0,0,0,0,0,0,0,0,0,0,0,0,0,0,0,0,0,0,8,0,5,0,0,0,0,0,0,0,0,0,1,0,0,0,0,0,62,0,50,0,0,0,78,0,0,0,0,0,0,0,10,0,10,0,23,0,15,0,0,0,0,0,0,0,7,0,0,0,0,0,23,0,0,0,19,12,0,0,0,0,2,0,5,0,0,0,0,0,0,0,0,0,0,0,0,0,0,0,0,0,0,0,0,0,0,0,3,0,0,0,0,0,2,0,0,0,0,0,21,2,0,0,0,0,206,7,9,0,0,0,1,0,0,0,0,0,1,0,0,0,1,0,4,0,0,0,0
43,337,19,262,0,11,17,197,3,23,0,4,0,0,1,5,0,96,0,0,0,2,20,20,22,130,0,0,0,47,0,0,0,8,0,0,0,22,2,0,0,0,0,0,0,0,0,0,0,0,0,0,2,4,0,14,0,4,0,0,0,33,3,35,0,0,0,0,0,0,0,0,0,0,0,0,0,0,0,0,0,0,0,0,0,0,0,0,0,0,0,0,0,0,0,0,0,0,0,0,0,0,0,0,0,0,0,0,0,0,0,0,0,0,0,0,0,0,0,0,0,0,0,6,0,0,0,0,0,2,0,0,0,12,0,17,0,27,0,56,0,35,0,40,0,23,0,0,0,0,0,13,0,0,0,15,0,10,0,27,0,4,0,0,0,0,0,0,0,0,0,1,0,3,0,0,2,92,0,1,0,4,1,12,0,0,0,0,0,0,0,0,0,0,0,0,0,1,0,0,0,0,0,0,0,0,0,0,0,0,0,0,0,0,0,12,0,0,0,0,0,21,0,1,0,0,0,157,0,20,0,0,0,15,0,0,0,2,0,6,0,1,0,0,0,16,0,0,0
52,0,0,0,88,0,0,0,0,0,162,0,475,103,6,0,0,0,10,39,0,8,0,0,0,0,63,122,0,0,0,0,0,0,13,0,5,0,0,0,0,101,43,11,55,29,45,150,267,10,15,4,0,0,0,0,0,0,0,0,0,0,0,0,2,0,0,0,0,0,0,0,0,0,0,0,0,0,0,0,0,0,0,0,0,0,0,0,1,0,0,0,0,0,0,0,0,0,0,0,0,0,0,0,0,0,0,0,0,0,0,0,0,0,0,0,0,0,0,0,0,0,0,0,2,0,0,0,0,0,0,0,0,0,0,0,0,0,0,0,0,0,0,0,0,0,0,0,8,0,0,0,14,0,0,0,0,0,0,0,0,0,0,0,38,0,0,0,0,0,0,0,0,0,4,0,21,14,63,0,5,0,2,0,11,0,93,7,0,0,0,0,0,0,0,0,0,0,0,0,0,0,0,0,0,0,0,0,0,0,0,0,0,0,0,0,0,0,412,101,0,0,129,28,60,0,0,0,4,0,0,0,0,0,0,0,0,0,0,0,0,0,0,0,0,0,0,0,0
0,115,0,4,16,49,0,0,0,0,0,250,181,453,0,4,0,0,51,30,5,5,0,5,0,0,95,40,0,0,0,0,0,0,0,0,0,0,0,0,101,0,3,40,0,59,24,103,5,355,6,19,0,0,0,0,0,0,0,0,0,0,0,0,0,0,0,0,0,2,0,0,0,0,0,0,0,0,0,0,0,0,0,0,0,0,0,0,0,0,0,0,0,0,0,0,0,0,0,0,0,0,0,0,0,0,0,0,0,0,0,0,0,0,0,0,0,0,0,0,0,1,0,0,0,0,0,0,0,0,0,2,0,0,0,0,0,0,0,0,0,0,0,0,0,0,0,1,0,0,0,0,0,18,0,0,0,0,0,0,0,0,0,0,0,18,0,0,0,4,0,0,0,0,0,0,4,256,0,28,0,11,0,0,0,5,6,41,0,0,0,0,0,0,0,0,0,0,0,0,0,0,0,0,0,0,0,0,0,0,0,0,0,0,0,0,0,0,44,112,0,0,5,186,0,0,0,0,0,6,0,0,0,0,0,0,0,0,0,0,0,0,0,0,0,0,0,0,0
0,0,0,0,6,0,0,0,0,0,0,0,22,0,7,0,16,0,42,7,18,0,0,0,0,0,171,12,1,0,7,0,0,0,14,0,132,0,4,0,43,3,0,0,210,0,42,2,9,0,24,0,0,0,4,0,15,1,13,0,23,0,6,0,5,0,2,0,0,0,32,0,2,0,21,0,0,0,0,0,0,0,0,0,17,0,0,0,0,0,0,0,0,0,13,0,15,0,0,0,0,0,0,0,0,0,0,0,0,0,0,0,0,0,0,0,0,0,0,0,14,0,0,0,0,0,0,0,0,0,0,0,0,0,0,0,4,0,23,0,14,0,0,0,51,0,0,0,0,0,0,0,0,0,5,0,4,0,0,0,0,0,6,0,32,0,4,0,4,0,8,0,12,0,0,1,0,1,2,0,0,0,0,0,0,0,6,0,0,0,0,0,0,0,0,0,0,0,0,0,0,0,0,0,0,0,0,0,0,0,0,0,0,0,0,0,0,0,34,6,5,0,4,1,70,0,24,0,9,0,7,0,2,0,0,0,0,0,7,0,0,0,8,0,14,0,0,0,0
0,0,0,2,0,0,0,0,0,0,0,3,48,185,0,10,0,7,16,120,0,36,0,12,0,0,21,326,0,0,0,7,0,12,3,9,0,67,0,0,11,40,0,0,0,186,0,33,0,50,2,67,0,0,0,0,0,0,0,0,0,4,0,0,0,0,0,2,0,9,0,8,0,0,0,0,0,10,0,0,0,11,0,0,0,0,0,0,0,0,0,6,0,0,0,0,0,0,0,0,0,0,0,2,0,0,0,0,0,0,0,0,0,0,0,0,0,0,0,0,0,17,0,12,0,0,0,0,0,0,0,0,0,0,0,0,0,0,0,10,0,12,0,28,0,17,0,0,0,0,0,1,0,1,0,0,0,0,0,0,0,2,0,0,0,42,0,4,0,21,0,2,0,2,0,0,1,9,0,0,0,0,0,0,0,2,0,31,0,0,0,0,0,0,0,0,0,0,0,0,0,0,0,0,0,0,0,0,0,0,0,0,0,0,0,1,0,0,0,162,0,6,0,59,0,40,0,31,0,9,0,0,0,0,0,1,0,0,0,1,0,0,0,0,0,0,0,0,0
8,0,14,0,24,0,10,0,0,0,25,0,31,7,6,0,46,0,33,0,28,0,20,0,7,0,191,0,0,0,3,0,0,0,18,0,42,0,3,0,55,0,210,0,0,0,81,4,71,1,37,0,0,0,11,0,11,0,8,0,7,0,36,0,0,0,0,0,0,0,25,0,0,0,21,0,0,0,0,0,10,0,0,0,42,0,15,0,19,0,12,0,0,0,8,0,39,0,28,0,0,0,10,0,0,0,45,0,0,0,0,0,0,0,0,0,0,0,0,0,12,0,0,0,0,0,0,0,0,0,0,0,0,0,4,0,3,0,0,0,0,0,24,0,7,0,0,0,0,0,0,0,8,0,0,0,0,0,0,0,0,0,0,0,135,0,10,0,0,0,6,0,4,0,3,0,4,0,1,0,2,1,0,0,4,0,11,0,0,0,0,0,0,0,4,0,0,0,0,0,0,0,0,0,0,0,0,0,0,0,0,0,1,0,0,0,5,0,226,8,12,0,79,4,67,0,43,0,20,0,14,0,6,0,3,0,4,0,7,0,7,0,13,0,28,0,0,0,0
0,0,0,0,0,6,0,0,0,4,0,4,56,71,0,8,0,6,13,71,0,49,0,14,0,0,12,115,0,1,0,6,0,0,0,3,0,56,0,0,29,59,0,186,0,0,5,166,0,141,0,129,0,0,0,0,0,5,0,18,0,0,0,7,0,3,0,1,0,0,0,15,0,0,0,12,0,0,0,9,0,14,0,0,0,22,0,30,0,15,0,0,0,0,0,7,0,0,0,0,0,0,0,0,0,0,0,0,0,0,0,0,0,0,0,0,0,0,0,0,0,30,0,0,0,0,0,0,0,0,0,0,0,0,0,14,0,0,0,0,0,32,0,38,0,25,0,0,0,0,0,0,0,0,0,4,0,5,0,4,0,8,0,2,0,61,0,5,0,8,0,6,0,0,0,0,1,22,0,0,0,0,0,0,0,0,0,56,0,0,0,0,0,0,0,0,0,0,0,0,0,0,0,0,0,0,0,0,0,0,0,0,0,0,0,2,0,0,10,330,0,16,0,249,0,16,0,36,0,17,0,8,0,7,0,9,0,2,0,0,0,0,0,4,0,7,0,0,0
24,0,3,0,29,3,0,0,0,0,73,0,125,28,8,5,0,0,1,19,1,3,8,0,0,0,47,30,0,0,0,0,0,0,0,0,0,0,0,0,45,24,42,0,81,5,0,45,65,4,3,2,0,0,0,0,0,0,0,0,0,0,0,0,0,0,0,0,0,0,0,0,0,0,0,0,0,0,0,0,0,0,0,0,2,0,0,0,0,0,2,0,0,0,0,0,4,0,0,0,0,0,0,0,0,0,0,0,0,0,0,0,0,0,0,0,0,0,0,0,0,0,0,0,1,0,0,0,0,0,0,0,0,0,1,0,1,0,0,0,0,0,6,0,0,0,4,0,0,0,0,0,14,0,0,0,0,0,0,0,0,0,0,0,43,1,0,0,0,0,0,0,0,0,4,0,10,0,3,0,4,0,0,0,3,0,17,3,0,0,0,0,0,0,0,0,1,0,0,0,0,0,0,0,0,0,0,0,2,0,0,0,1,0,0,0,0,0,350,30,0,1,71,18,53,0,2,0,0,0,0,0,0,0,0,0,0,0,0,0,0,0,0,0,0,0,0,0,0
0,83,0,0,0,37,0,0,0,8,0,122,186,111,0,5,0,0,37,33,6,3,0,3,0,0,96,61,0,0,0,0,0,0,0,0,0,2,0,0,150,103,2,33,4,166,45,0,2,92,6,11,0,0,0,8,0,0,0,0,0,0,0,0,0,0,0,0,0,0,0,0,0,0,0,0,0,0,0,0,0,0,0,0,0,0,0,0,0,4,0,0,0,0,0,0,0,0,0,0,0,0,0,0,0,0,0,2,0,0,0,0,0,0,0,0,0,0,0,0,0,0,0,0,0,0,0,2,0,0,0,1,0,0,0,10,0,14,0,0,0,0,0,0,0,0,0,0,0,6,0,0,0,9,0,0,0,0,0,0,0,0,0,0,0,16,0,0,0,0,0,0,0,0,0,0,4,116,0,7,0,0,0,0,0,0,8,25,0,0,0,0,0,0,0,0,0,0,0,0,0,0,0,0,0,0,0,4,0,9,0,0,0,0,0,0,0,0,30,341,1,0,0,269,0,0,0,0,0,0,0,0,0,0,0,0,0,1,0,0,0,0,0,0,0,0,0,0,0
0,0,1,0,17,0,7,0,2,0,37,0,80,0,1,0,0,0,2,2,0,0,0,0,0,0,24,7,0,0,0,0,0,0,0,0,0,0,0,0,267,5,9,0,71,0,65,2,0,0,3,1,0,0,1,0,0,0,0,0,0,0,0,0,0,0,0,0,1,0,0,0,0,0,0,0,0,0,0,0,3,0,0,0,2,0,4,0,2,0,0,0,0,0,4,0,1,0,0,0,1,0,4,0,4,0,2,0,1,0,0,0,0,0,0,0,0,0,0,0,0,0,0,0,0,0,0,0,0,0,0,0,0,0,0,0,0,0,0,1,0,0,0,0,1,0,0,0,2,0,0,0,3,0,0,0,0,0,0,0,0,0,0,0,3,0,2,0,1,0,0,0,1,0,0,0,12,0,14,0,0,0,0,0,1,0,72,1,0,0,3,0,0,0,2,0,0,0,0,0,5,0,0,0,0,0,1,0,0,0,0,0,0,0,0,0,20,0,142,23,21,0,177,23,9,0,4,0,5,0,0,0,0,0,0,0,0,0,0,0,1,0,3,0,0,0,0,0,0
0,10,0,0,0,3,0,0,0,3,0,42,7,86,0,3,0,0,0,7,0,12,0,7,0,0,0,13,0,0,0,0,0,0,0,0,0,0,0,0,10,355,0,50,1,141,4,92,0,0,0,31,0,0,0,6,0,4,0,0,0,0,0,2,0,0,0,0,0,5,0,0,0,0,0,2,0,2,0,0,0,4,0,0,0,6,0,4,0,0,0,0,0,0,0,2,0,0,0,3,0,0,0,1,0,0,0,12,0,0,0,0,0,0,0,0,0,0,0,0,0,5,0,3,0,0,0,0,0,0,0,0,0,1,0,1,0,4,0,0,0,5,0,1,0,0,0,0,0,0,0,1,0,0,0,0,0,0,0,0,0,0,0,0,0,3,0,0,0,0,0,4,0,4,0,0,0,98,0,5,0,5,0,3,0,0,0,44,0,0,0,0,0,0,0,0,0,0,0,0,0,0,0,0,0,0,0,0,0,0,0,1,0,1,0,2,0,0,48,63,0,14,4,142,0,4,1,21,0,36,0,8,0,6,0,2,0,0,0,3,0,0,0,5,0,6,0,0,0
0,0,6,0,0,0,0,0,0,0,24,0,131,16,22,0,5,0,134,14,37,0,0,0,0,0,140,17,5,0,12,0,6,0,75,0,98,0,3,0,15,6,24,2,37,0,3,6,3,0,0,0,0,0,3,0,13,0,20,0,14,0,1,0,3,0,0,0,0,0,10,0,0,0,0,0,0,0,0,0,6,0,0,0,0,0,10,0,0,0,0,0,0,0,5,0,0,0,14,0,0,0,6,0,0,0,7,0,0,0,0,0,0,0,0,0,0,0,0,0,4,0,0,0,0,0,0,0,0,0,0,0,0,0,0,0,0,0,0,0,0,0,0,0,13,0,3,0,0,0,0,0,0,0,0,0,1,0,0,0,4,0,4,0,72,0,14,0,0,0,13,0,8,0,2,0,9,0,4,0,0,0,0,0,6,0,7,2,0,0,0,0,3,0,0,0,0,0,0,0,0,0,2,0,0,0,1,0,2,0,0,0,0,0,5,0,0,0,25,10,22,0,6,0,114,0,16,0,32,0,10,0,9,0,10,0,0,0,8,0,0,0,0,0,32,0,0,0,0
0,11,0,0,12,50,0,1,0,2,3,8,25,305,8,0,0,10,21,252,3,84,0,3,0,0,8,282,0,8,0,84,0,30,0,44,0,105,0,0,4,19,0,67,0,129,2,11,1,31,0,0,0,0,0,6,0,10,0,18,0,16,0,0,0,0,0,0,0,6,0,11,0,0,0,0,0,11,0,0,0,9,0,8,0,0,0,27,0,29,0,0,0,6,0,14,0,0,0,15,0,2,0,2,0,0,0,0,0,0,0,0,0,0,0,0,0,0,0,0,0,33,0,14,0,0,0,0,0,0,0,1,0,0,0,0,0,0,0,14,0,36,0,36,0,21,0,0,0,2,0,0,0,0,0,2,0,2,0,6,0,5,0,3,0,59,0,8,0,35,0,3,0,4,0,0,0,17,0,0,0,0,0,0,0,0,2,45,0,0,0,0,0,0,0,0,0,0,0,0,0,0,0,0,0,0,0,0,0,0,0,0,0,1,0,0,0,0,0,40,0,9,0,30,0,53,0,47,0,23,0,0,0,5,0,0,0,5,0,0,0,0,0,0,0,7,0,0,0
9,6,6,0,0,0,101,12,83,123,0,0,0,0,14,0,97,0,0,0,17,0,28,1,76,15,0,0,28,0,4,0,0,0,0,0,0,0,10,2,0,0,0,0,0,0,0,0,0,0,0,0,0,18,302,79,173,16,47,97,44,0,174,20,2,8,5,136,0,0,0,0,0,0,5,0,0,0,0,0,12,0,0,0,101,0,12,0,0,0,21,0,0,0,6,0,57,0,28,0,0,0,0,0,0,0,20,0,0,0,0,0,0,0,0,0,0,0,0,0,7,0,72,0,0,0,9,0,21,0,2,0,13,0,6,0,43,0,99,0,54,0,89,0,18,3,0,2,8,0,0,0,0,0,419,7,54,0,169,0,5,0,3,0,0,0,0,0,0,0,18,0,3,0,2,0,0,0,0,0,0,3,0,1,0,13,0,0,0,0,0,0,0,0,0,0,0,0,0,0,7,0,0,0,0,0,0,0,0,0,4,0,3,0,63,0,0,0,0,0,62,0,10,0,0,0,711,0,66,0,6,0,29,0,7,0,0,0,45,0,2,0,6,0,90,0,0,0,0
0,9,0,2,0,3,0,2,48,16,0,0,0,0,0,0,0,35,0,0,0,0,0,4,4,3,0,5,0,10,0,0,0,6,0,0,0,1,0,4,0,0,0,0,0,0,0,0,0,0,0,0,18,0,30,79,4,136,48,20,1,60,4,74,0,0,26,19,0,0,0,0,0,0,0,0,0,0,0,1,0,0,0,0,0,4,0,2,0,0,0,0,0,0,0,0,0,0,0,0,0,0,0,0,0,0,0,8,0,0,0,0,0,0,0,0,0,0,0,0,0,0,0,0,0,0,0,3,0,14,0,0,0,39,0,19,0,79,0,116,0,15,0,32,0,12,0,0,0,0,0,0,0,0,0,79,1,49,0,87,0,12,0,0,0,0,0,0,0,0,0,1,0,0,0,0,0,5,0,0,0,0,0,0,1,0,0,0,0,0,0,0,0,0,0,0,0,0,0,0,0,3,0,0,0,0,0,0,0,6,0,0,0,0,0,12,0,0,0,0,0,24,0,1,0,0,0,23,1,6,0,2,0,16,0,8,0,0,0,9,0,0,0,0,0,18,0,0,0
9,5,144,0,10,0,119,10,105,169,0,0,0,0,195,0,22,4,0,0,20,0,151,0,120,24,24,0,0,0,0,0,0,0,0,0,0,0,0,0,0,0,4,0,11,0,0,0,1,0,3,0,302,30,0,94,118,13,36,63,20,0,36,46,5,0,6,160,0,0,0,0,0,0,0,0,0,0,0,0,0,0,0,0,2,1,0,0,0,0,0,1,0,0,0,0,5,0,0,0,0,0,0,0,0,0,0,2,0,0,0,0,0,0,0,0,0,0,0,0,0,0,0,0,0,0,12,0,24,0,6,0,12,0,30,0,77,4,15,3,3,1,75,0,0,3,0,0,0,8,1,0,0,0,190,2,49,0,8,1,18,0,5,0,0,0,3,0,5,0,53,0,9,0,0,0,0,8,0,0,0,0,0,3,0,0,0,0,0,0,0,0,0,0,0,0,0,0,0,0,9,0,0,0,0,0,1,0,23,0,6,0,10,0,181,0,0,0,0,0,280,0,48,0,20,0,233,0,309,0,11,0,58,0,31,0,5,0,95,0,26,0,27,0,244,0,0,0,0
10,48,0,284,0,47,17,142,356,73,0,0,0,7,0,354,2,54,0,156,0,39,0,75,9,229,0,0,0,57,0,0,0,11,0,3,0,7,0,14,0,0,0,0,0,0,0,8,0,6,0,6,79,79,94,0,0,181,102,146,8,133,19,169,0,1,184,15,0,0,0,0,0,4,0,0,0,0,0,0,0,0,0,0,0,2,0,0,0,0,0,0,0,0,0,0,0,0,0,0,0,0,0,0,0,0,0,0,0,0,0,0,0,0,0,0,0,0,0,0,0,0,0,0,3,24,0,8,0,21,0,7,1,93,0,50,0,129,0,32,1,8,0,24,0,2,0,0,0,0,0,0,0,1,13,76,2,12,0,19,10,53,0,0,0,0,0,0,0,7,1,38,0,20,0,4,19,10,0,0,0,3,0,0,0,3,0,0,0,0,0,0,0,0,0,0,0,0,0,0,1,0,0,1,0,0,1,20,0,63,0,0,0,0,1,127,0,0,0,2,0,434,0,38,0,9,0,125,0,480,0,36,0,161,0,18,1,0,0,76,0,12,0,11,0,196,0,0,0
0,0,9,0,5,0,5,0,9,6,0,0,0,0,10,0,14,0,16,0,29,0,0,0,8,0,14,0,0,0,9,0,0,0,9,0,11,0,0,0,0,0,15,0,11,0,0,0,0,0,13,0,173,4,118,0,0,7,357,47,4,0,17,0,104,14,26,66,0,0,1,0,0,0,0,0,0,0,0,0,0,0,0,0,0,0,0,0,0,0,0,0,0,0,0,0,0,0,0,0,0,0,0,0,0,0,0,0,0,0,0,0,0,0,0,0,0,0,0,0,0,0,0,0,9,0,15,0,41,0,23,0,29,0,4,0,16,0,9,0,0,0,8,0,9,0,9,0,3,0,0,0,0,0,211,11,87,0,99,10,116,0,26,0,0,0,2,0,4,0,51,0,12,0,0,5,0,0,0,0,1,0,0,0,0,0,0,0,0,0,0,0,0,0,0,0,0,0,0,0,1,0,0,0,0,0,0,0,59,0,0,0,9,0,259,0,0,0,6,0,231,0,95,0,20,0,94,0,557,0,13,0,123,0,190,0,2,0,146,0,29,0,41,0,304,0,0,0,0
0,6,0,10,0,0,0,3,0,5,0,0,0,0,0,10,0,30,0,14,0,13,0,9,0,19,0,0,0,13,0,5,0,0,0,0,0,17,0,4,0,0,1,0,0,5,0,0,0,4,0,10,16,136,13,181,7,0,49,145,1,23,0,32,20,5,76,18,0,0,0,0,0,0,0,0,0,0,0,0,0,0,0,0,0,1,0,0,0,0,0,1,0,0,0,0,0,0,0,0,0,0,0,0,0,0,0,14,0,0,0,0,0,0,0,0,0,0,0,0,0,0,0,0,0,19,0,6,0,42,0,28,0,41,0,7,1,62,0,25,0,3,0,12,0,12,0,2,0,4,0,2,0,0,22,496,0,47,0,128,5,147,0,0,0,2,0,0,0,5,0,59,0,1,0,6,0,0,0,0,0,1,0,0,4,7,0,0,0,0,0,0,0,0,0,0,0,0,0,0,0,5,0,0,0,0,0,0,0,0,0,1,0,5,0,202,0,0,0,2,0,363,0,40,0,4,0,72,0,598,0,11,0,160,0,190,0,8,0,74,0,0,0,20,0,198,0,0,0
3,0,8,0,12,0,9,0,72,27,0,0,0,0,0,0,0,0,14,0,26,0,0,0,3,0,17,0,0,0,0,0,1,0,12,0,16,0,4,0,0,0,13,0,8,0,0,0,0,0,20,0,47,48,36,102,357,49,0,213,18,2,0,14,175,0,216,273,0,0,0,0,0,0,0,0,0,0,0,0,0,0,0,0,0,0,0,0,0,0,0,0,0,0,0,0,0,0,0,0,0,0,0,0,0,0,0,0,0,0,0,0,0,0,0,0,0,0,0,0,0,0,0,0,1,0,3,0,4,0,2,1,2,0,0,0,0,0,4,0,0,0,0,0,0,0,2,0,0,0,0,0,0,0,138,25,142,3,8,9,20,0,0,0,2,0,3,0,9,0,33,0,9,0,0,6,26,0,0,0,11,34,0,0,8,44,0,0,0,0,0,0,0,0,0,0,0,0,0,0,0,0,0,0,0,0,0,0,10,0,2,0,0,0,340,0,0,0,12,0,333,1,85,0,27,0,206,0,444,0,21,0,148,0,148,0,4,0,210,0,50,0,57,0,358,0,0,0,0
0,24,0,10,0,9,1,7,94,181,0,2,0,0,0,0,0,1,0,0,0,0,0,0,0,2,0,11,0,0,0,0,0,0,0,4,1,11,0,0,0,0,0,0,0,18,0,0,0,0,0,18,97,20,63,146,47,145,213,0,0,81,0,45,91,125,368,393,0,0,0,0,0,2,0,0,0,0,0,0,0,0,0,0,0,0,0,0,0,0,0,0,0,0,0,1,0,0,0,0,0,0,0,0,0,0,0,0,0,0,0,0,0,0,0,0,0,0,0,0,0,0,0,0,0,9,0,0,0,3,0,49,0,4,1,0,1,0,7,3,0,0,0,0,5,33,0,2,0,27,0,0,0,0,86,117,16,148,21,35,12,129,0,1,0,0,0,0,0,7,2,26,0,11,0,0,24,4,0,0,0,57,0,0,16,148,0,0,0,0,0,0,0,0,0,0,0,0,0,0,0,0,0,0,0,0,0,0,0,3,0,0,0,6,0,439,0,0,0,10,0,575,0,0,0,12,0,265,0,625,0,39,0,243,0,493,1,17,0,176,0,23,0,25,4,413,0,0,0
267,5,75,0,0,0,283,4,174,15,0,0,0,0,0,0,25,2,3,0,24,0,3,2,39,13,9,0,8,0,0,0,26,0,0,0,57,0,21,0,0,0,23,0,7,0,0,0,0,0,14,0,44,1,20,8,4,1,18,0,0,1,104,0,0,0,0,4,0,0,10,0,0,0,0,0,0,0,0,0,0,0,0,0,0,0,3,0,0,0,0,0,0,0,0,0,0,0,0,0,0,0,0,0,0,0,0,0,0,0,0,0,0,0,0,0,0,0,0,0,0,0,0,0,0,0,0,0,0,0,0,0,0,0,0,0,0,0,131,0,45,0,5,0,143,0,0,0,0,0,0,0,0,0,13,0,105,0,37,0,0,0,7,0,2,0,0,0,2,0,113,0,91,0,0,0,2,1,0,0,0,0,0,0,2,0,0,0,0,0,0,0,0,0,0,0,0,1,0,0,0,0,0,0,0,0,0,0,0,0,0,0,0,0,19,0,0,0,0,0,48,0,6,0,2,0,282,0,62,0,0,0,13,0,4,0,0,0,15,0,5,0,7,0,51,0,0,0,0
9,97,0,0,0,0,9,96,14,215,0,0,0,0,0,0,0,6,0,4,0,11,0,0,12,11,0,0,0,11,0,1,0,16,0,5,0,67,0,33,0,0,0,4,0,0,0,0,0,0,0,16,0,60,0,133,0,23,2,81,1,0,0,67,0,1,0,16,0,0,0,2,0,22,0,0,0,0,0,0,0,0,0,0,0,0,0,0,0,0,0,0,0,0,0,0,0,0,0,0,0,0,0,0,0,0,0,8,0,0,0,0,0,0,0,0,0,0,0,0,0,4,0,0,0,0,0,0,0,3,0,0,0,15,0,0,0,21,0,107,0,60,0,29,0,99,0,0,0,0,0,0,0,0,0,39,1,121,0,44,0,6,0,5,0,1,0,0,0,3,0,61,0,21,0,0,0,33,0,0,0,0,0,12,0,1,0,0,0,0,0,0,0,0,0,0,0,0,0,0,0,0,0,0,0,0,0,0,0,0,0,0,0,0,0,31,0,0,0,0,0,85,0,0,0,0,0,126,0,115,0,22,0,54,0,9,0,7,0,30,0,6,0,8,0,87,0,0,0
147,26,70,7,0,0,361,36,141,133,0,0,0,0,3,0,532,21,45,0,180,0,17,4,125,89,29,0,189,0,15,0,44,0,11,0,13,0,65,3,0,0,6,0,36,0,0,0,0,0,1,0,174,4,36,19,17,0,0,0,104,0,0,33,0,0,0,0,0,0,54,0,10,0,55,0,0,0,0,0,76,0,0,0,157,0,45,0,0,0,0,0,0,0,0,0,82,0,88,0,0,0,0,0,0,0,0,0,0,0,0,0,0,0,0,0,0,0,0,0,65,0,64,0,2,0,0,0,11,0,0,0,12,0,0,0,32,0,138,0,107,0,86,0,77,0,0,0,0,0,0,0,0,0,106,0,65,0,64,0,0,1,0,0,0,0,0,0,0,0,2,0,8,1,0,0,4,0,0,0,0,0,0,0,0,0,0,0,0,0,0,0,0,0,0,0,0,0,0,0,0,0,0,0,0,0,0,0,2,0,0,0,0,0,17,0,0,0,0,0,28,2,4,0,0,0,469,0,12,1,0,0,13,0,0,0,0,0,7,1,3,1,1,0,42,1,0,0,0
34,85,9,36,0,3,59,87,156,264,0,0,0,0,0,15,11,234,0,55,0,120,10,89,82,97,0,0,0,153,0,12,0,17,0,4,0,27,0,35,0,0,0,0,0,7,0,0,0,2,0,0,20,74,46,169,0,32,14,45,0,67,33,0,1,0,9,27,0,0,0,0,0,4,0,0,0,0,0,0,0,0,0,0,0,5,0,0,0,0,0,0,0,0,0,0,0,3,0,2,0,0,0,0,0,0,0,11,0,0,0,0,0,0,0,0,0,0,0,0,0,0,0,0,0,0,0,0,0,5,1,1,0,30,0,13,0,47,0,78,0,27,0,26,0,26,0,0,0,0,0,0,0,0,1,91,0,43,0,45,0,0,0,1,0,0,0,0,0,1,0,0,0,0,0,0,3,82,0,0,0,0,0,27,0,0,0,0,0,0,0,0,0,0,0,0,0,0,0,0,0,0,0,0,0,0,0,3,0,0,0,0,0,0,0,12,0,0,0,0,0,46,0,0,0,0,0,236,1,30,0,11,0,52,0,4,0,0,0,21,0,6,0,0,1,59,0,0,0
24,0,11,4,9,0,7,0,154,0,10,0,4,0,21,0,0,0,5,0,0,0,0,0,0,0,7,0,0,0,5,0,0,0,0,0,0,0,0,0,2,0,5,0,0,0,0,0,0,0,3,0,2,0,5,0,104,20,175,91,0,0,0,1,0,61,164,65,0,0,0,0,1,0,0,0,0,0,0,0,0,0,0,0,0,0,0,0,0,0,0,0,0,0,0,0,0,0,0,0,0,0,0,0,0,0,0,0,0,0,0,0,0,0,0,0,0,0,0,0,0,0,0,0,10,0,2,0,1,0,44,0,0,0,0,0,0,0,6,12,0,0,0,0,36,22,12,0,85,13,11,0,4,0,27,67,27,0,10,63,319,39,0,0,0,0,3,0,0,0,0,0,4,0,130,56,9,0,0,0,109,39,1,0,70,19,0,0,0,0,0,0,0,0,0,0,0,0,0,0,0,0,0,0,0,0,1,0,10,0,0,0,0,0,48,0,0,0,0,0,0,0,0,0,5,0,92,0,54,0,0,0,46,1,197,0,0,0,62,0,11,0,27,0,101,0,0,0,0
0,71,1,0,0,0,0,0,0,199,0,8,0,4,0,0,0,0,0,0,0,2,6,0,0,0,0,0,0,0,0,0,0,0,0,0,0,0,0,0,0,0,0,0,0,3,0,0,0,0,0,0,8,0,0,1,14,5,0,125,0,1,0,0,61,0,14,474,0,0,0,0,0,0,0,0,0,0,0,0,0,0,0,0,0,0,0,0,0,0,0,0,0,0,0,0,0,0,0,0,0,0,0,0,0,0,0,0,0,0,0,0,0,0,0,0,0,0,0,0,0,1,0,0,11,27,0,7,21,0,60,74,0,1,0,0,1,2,35,12,0,0,0,0,23,68,0,20,68,377,0,27,0,9,38,4,2,11,44,4,91,168,0,5,0,0,0,0,0,2,0,6,0,3,10,124,0,5,0,4,0,163,0,47,0,114,0,0,0,0,0,0,0,0,0,0,0,0,0,0,0,0,0,0,0,0,0,2,0,12,0,0,0,0,0,31,0,0,0,0,0,13,0,0,0,0,0,65,0,49,0,0,0,17,0,165,0,0,0,27,0,4,0,6,0,57,0,0,0
18,0,0,0,3,0,4,2,276,33,0,0,0,0,3,0,0,0,0,0,1,0,0,0,1,0,5,0,0,0,0,0,0,0,0,0,0,0,0,0,0,0,2,0,0,0,0,0,0,0,0,0,5,26,6,184,26,76,216,368,0,0,0,9,164,14,0,196,0,0,0,0,0,0,0,0,0,0,0,0,0,0,0,0,0,0,0,0,0,0,0,0,0,0,0,0,0,0,0,0,0,0,0,0,0,0,0,0,0,0,0,0,0,0,0,0,0,0,0,0,0,0,0,0,5,0,0,0,0,0,8,0,0,0,0,0,0,0,0,0,0,0,0,0,2,1,0,0,18,0,0,0,0,0,11,15,12,0,1,0,61,0,2,0,0,0,0,0,0,0,2,0,0,0,7,0,284,8,0,0,18,30,0,0,47,138,0,0,0,0,0,0,0,0,0,0,0,0,0,0,0,0,0,0,0,0,0,0,5,0,3,0,0,0,62,0,0,0,1,0,31,0,7,0,2,0,30,1,36,0,3,0,27,0,22,0,0,0,23,0,5,0,5,0,47,0,0,0,0
0,21,0,2,0,0,0,0,245,103,0,0,0,0,0,0,0,0,0,0,0,0,0,0,0,0,0,0,0,0,0,0,0,0,0,0,0,0,0,0,0,0,0,2,0,1,0,0,0,0,0,0,136,19,160,15,66,18,273,393,4,16,0,27,65,474,196,0,0,0,0,0,0,0,0,0,0,0,0,0,0,0,0,0,0,0,0,0,0,0,0,0,0,0,0,0,0,0,0,0,0,0,0,0,0,0,0,0,0,0,0,0,0,0,0,0,0,0,0,0,0,0,0,0,0,23,0,0,0,5,0,106,0,0,0,0,0,1,13,0,0,0,4,0,8,29,0,2,0,127,0,6,0,0,82,12,17,13,29,16,16,168,0,0,0,0,0,0,0,0,2,4,0,2,0,34,72,200,0,2,8,179,0,6,18,620,0,0,0,0,0,0,0,0,0,0,0,0,0,0,0,0,0,0,0,0,0,0,0,0,0,0,0,0,0,61,0,0,0,3,0,54,0,0,0,0,2,83,0,74,0,4,0,40,0,212,0,0,3,26,0,0,0,4,0,79,0,0,0
0,0,0,0,0,0,0,0,0,0,0,0,0,0,0,0,0,0,0,0,0,0,0,0,0,0,0,0,0,0,0,0,0,0,0,0,0,0,0,0,0,0,0,0,0,0,0,0,1,0,0,0,0,0,0,0,0,0,0,0,0,0,0,0,0,0,0,0,0,0,0,0,2,0,0,0,114,0,11,0,0,0,5,0,0,0,15,0,9,0,1,0,0,0,11,0,2,0,2,0,3,0,58,0,0,0,4,0,24,0,0,0,6,0,0,0,2,0,0,0,0,0,0,0,0,0,0,0,0,0,0,0,0,0,0,0,0,0,0,0,0,0,0,0,0,0,0,0,0,0,0,0,0,0,0,0,0,0,0,0,0,0,0,0,27,0,0,0,45,0,0,0,0,0,0,0,0,0,0,0,0,0,0,0,0,0,0,0,0,0,0,0,0,0,0,0,0,0,0,0,0,0,0,0,6,0,0,0,0,0,1,0,82,0,99,0,66,0,2,0,0,0,36,0,13,0,1,0,15,0,0,0,0,0,0,0,0,0,7,0,7,0,0,0,0,0,0,0,0
0,0,0,0,0,0,0,0,0,0,0,0,0,13,0,0,0,0,0,8,0,6,0,0,0,0,0,17,0,0,0,0,0,0,0,0,0,0,0,0,0,2,0,9,0,0,0,0,0,5,0,6,0,0,0,0,0,0,0,0,0,0,0,0,0,0,0,0,0,0,0,0,0,15,0,0,0,54,0,6,0,0,0,10,0,5,0,10,0,20,0,3,0,3,0,9,0,0,0,0,0,2,0,29,0,0,0,7,0,1,0,0,0,2,0,0,0,0,0,0,0,2,0,0,0,0,0,0,0,0,0,0,0,0,0,7,0,0,0,0,0,4,0,0,0,1,0,0,0,0,0,0,0,1,0,0,0,0,0,1,0,0,0,0,0,73,0,0,0,22,0,0,0,0,0,0,0,2,0,0,0,0,0,0,0,0,0,0,0,0,0,0,0,0,0,0,0,1,0,0,0,3,0,0,0,0,0,0,0,0,0,0,0,86,0,16,0,59,0,27,0,4,0,145,0,44,0,6,0,60,0,0,0,0,0,0,0,0,0,15,0,9,0,1,0,0,0,0,0
0,0,0,0,0,0,0,0,0,0,0,0,0,0,0,0,58,0,20,0,158,0,0,0,0,0,45,0,29,0,53,0,16,0,0,0,23,0,10,0,0,0,32,0,25,0,0,0,0,0,10,0,0,0,0,0,1,0,0,0,10,0,54,0,0,0,0,0,0,0,0,0,192,0,344,1,18,0,177,0,6,0,0,0,11,0,48,0,0,0,0,0,0,0,0,0,0,0,0,0,0,0,0,0,0,0,0,0,0,0,0,0,0,0,0,0,0,0,0,0,49,0,54,0,8,6,0,5,4,0,7,4,28,0,24,0,59,0,10,10,107,11,82,0,275,0,22,0,0,0,15,0,38,0,0,1,18,0,0,0,3,0,58,0,0,0,0,0,6,0,56,0,35,0,75,0,0,0,0,0,10,0,0,0,6,0,0,0,0,0,2,0,0,0,0,0,1,0,7,0,0,0,4,0,0,0,0,0,17,0,0,0,0,0,1,0,0,0,0,0,0,0,3,0,0,0,0,0,8,0,0,0,0,0,0,0,0,0,17,0,11,0,4,0,0,0,0,0,0
