0,202,80,91,91,9,14,115,11,25,69,20,96,0,26,43,8,27,9,0,3,0,10,66,9,144,18,0,35,0,0,0,38,0,0,0,21,3,144,0,44,0,0,0,0,0,0,0,6,0,3,0,0,1,0,10,0,0,0,0,14,4,37,33,1,0,1,0,0,0,0,0,0,0,0,0,0,0,0,0,0,0,0,0,0,0,0,0,0,0,0,0,0,0,0,0,0,0,0,0,0,0,0,0,0,0,0,0,0,0,0,0,0,0,0,0,0,0,0,0,0,0,0,0,6,0,0,0,0,0,3,0,0,0,0,0,0,0,0,0,0,0,1,0,0,0,0,0,2,0,0,0,1,0,0,0,0,0,0,0,0,0,3,0,0,0,0,0,10,0,0,0,78,3,0,0,178,32,3,0,1,0,13,6,2,0,0,0,0,0,0,0,0,0,0,0,0,0,0,0,0,0,0,0,0,0,0,0,0,0,0,0,0,0,50,0,0,0,6,0,129,2,12,0,0,0,84,9,79,0,125,0,114,2,10,0,38,1,54,0,28,0,76,0,277,0,0,0,0
202,0,213,14,52,195,58,11,11,40,26,153,0,170,20,71,30,13,0,78,9,28,280,43,75,34,0,80,0,33,0,0,1,37,0,0,0,111,0,116,0,110,0,0,0,0,0,65,0,8,1,0,0,7,0,10,3,4,0,5,2,179,0,213,0,107,0,14,0,0,0,0,0,14,0,0,0,0,0,0,0,0,0,0,0,0,0,0,0,0,0,0,0,0,0,0,0,0,0,0,0,0,0,0,0,0,0,0,0,0,0,0,0,0,0,0,0,0,0,0,0,2,0,0,0,0,0,9,0,0,0,8,0,2,0,40,0,58,0,0,0,0,0,0,0,2,0,35,0,36,0,22,0,42,0,7,0,4,0,5,0,9,0,0,0,0,0,8,0,0,0,11,0,36,0,13,29,253,0,1,0,0,0,23,0,35,0,10,0,0,0,0,0,2,0,0,0,0,0,11,0,9,0,0,0,0,0,1,0,34,0,6,0,0,0,44,0,0,0,5,1,174,0,11,0,21,7,182,0,88,0,188,0,243,1,63,0,27,0,110,0,48,0,71,0,247,0,0,0
80,213,0,55,56,26,56,70,8,30,23,66,70,0,106,40,34,0,86,0,23,2,208,53,63,88,64,0,97,0,39,0,136,0,0,0,43,0,115,6,42,3,0,0,0,0,11,0,0,0,0,0,5,0,62,0,13,0,8,1,14,0,38,30,22,1,2,0,0,0,0,0,0,0,0,0,0,0,0,0,0,0,0,0,12,0,0,0,0,0,0,0,0,0,0,0,0,0,0,0,0,0,0,0,0,0,0,0,0,0,0,0,0,0,0,0,0,0,1,0,0,0,0,0,61,0,5,0,0,0,37,1,0,0,68,0,44,0,0,0,0,0,65,0,0,0,38,0,146,0,11,0,6,0,6,0,1,0,0,0,24,0,0,0,0,0,64,1,0,0,0,0,71,0,4,0,42,15,0,1,0,0,4,4,3,0,1,0,0,0,0,0,0,0,0,0,0,0,6,0,22,0,0,0,0,0,0,0,12,0,10,0,0,0,51,0,0,0,0,0,117,4,9,0,7,0,48,3,91,0,0,0,97,2,7,0,18,0,38,0,13,0,41,1,184,0,0,0,0
91,14,55,0,53,59,0,35,0,4,65,8,0,7,29,190,7,0,1,91,23,74,92,182,5,41,0,44,0,60,0,20,0,107,0,8,0,83,0,115,0,14,0,0,0,4,0,9,1,3,0,1,0,0,0,25,0,3,1,12,0,22,0,48,0,0,2,0,0,0,0,0,0,0,0,0,0,0,0,0,0,0,0,0,0,15,0,0,0,0,0,0,0,0,0,0,0,16,0,0,0,0,0,0,0,0,0,0,0,0,0,0,0,0,0,0,0,0,0,0,0,5,0,0,0,0,0,0,0,0,0,0,0,0,0,11,0,19,0,0,0,5,0,5,0,0,0,4,0,2,0,2,0,6,0,0,0,0,0,0,0,0,0,0,0,0,0,24,0,0,0,0,0,26,0,1,0,23,0,0,0,3,0,0,1,0,0,0,0,0,0,0,0,0,0,0,0,0,0,0,0,0,0,0,0,0,0,2,0,3,0,0,0,0,1,0,0,0,0,4,1,197,0,0,0,0,0,99,1,91,1,54,0,114,0,14,0,6,0,0,0,11,0,8,0,79,0,0,0
91,52,56,53,0,164,23,1,13,0,32,174,106,49,86,177,8,4,92,117,91,0,32,49,8,0,67,29,14,0,129,0,85,0,64,0,156,0,4,0,49,0,15,0,0,0,3,0,0,1,70,0,0,0,4,0,0,0,0,0,0,0,1,0,13,0,0,0,0,0,0,0,0,0,0,0,0,0,0,0,0,0,0,0,2,0,0,0,0,0,0,0,0,0,0,0,0,0,0,0,0,0,0,0,0,0,0,0,0,0,0,0,0,0,0,0,0,0,1,0,0,0,0,0,0,0,3,0,0,0,12,0,1,0,0,0,0,0,0,0,0,0,0,0,0,0,22,0,44,0,4,0,7,0,0,0,0,0,0,0,0,0,3,0,25,0,129,0,43,0,0,0,67,0,3,0,124,63,38,0,4,0,21,0,9,0,5,11,0,0,0,0,0,0,0,0,0,0,0,0,0,0,0,0,0,0,0,0,0,0,12,0,2,0,28,1,0,0,0,4,117,0,6,0,59,0,124,6,109,2,97,0,0,0,5,2,38,0,31,0,11,0,31,0,189,0,0,0,0
9,195,26,59,164,0,2,60,1,10,145,69,52,71,264,218,2,0,87,203,150,246,0,96,0,3,0,100,0,0,0,58,0,68,0,86,0,82,0,10,0,46,1,0,0,0,0,23,0,3,0,25,0,0,0,19,0,3,0,0,0,0,0,0,0,16,0,0,0,0,0,0,0,0,0,0,0,0,0,0,0,0,0,0,0,0,0,0,0,0,0,0,0,0,0,0,0,0,0,0,0,0,0,0,0,0,0,0,0,0,0,0,0,0,0,0,0,0,0,0,0,0,0,0,0,0,0,0,0,1,0,3,0,0,0,27,0,29,0,2,0,0,0,0,0,0,0,0,0,5,0,7,0,13,0,0,0,0,0,0,0,0,0,0,0,13,0,46,0,8,0,2,0,29,0,0,34,166,1,9,0,0,0,0,0,0,0,5,0,0,0,0,0,0,0,0,0,0,0,3,0,0,0,0,0,0,0,0,0,0,0,0,0,0,0,10,0,0,0,47,0,151,0,0,0,103,4,190,0,86,0,135,0,125,0,10,0,25,0,24,0,7,0,16,0,126,0,0,0
14,58,56,0,23,2,0,60,15,154,21,2,11,0,7,0,15,7,6,0,4,0,9,0,182,140,9,0,0,0,0,0,4,0,0,0,0,0,82,0,15,0,0,0,0,0,0,0,0,0,0,0,24,17,84,89,14,2,27,9,101,0,284,45,4,0,26,27,0,0,0,0,0,0,0,0,0,0,0,0,0,0,0,0,0,0,0,0,0,0,0,0,0,0,0,0,0,0,0,0,0,0,0,0,0,0,0,0,0,0,0,0,0,0,0,0,0,0,0,0,0,0,0,0,82,0,0,0,0,0,71,0,0,0,29,0,0,0,0,0,0,0,0,0,0,0,4,0,54,0,3,0,0,0,3,0,0,0,0,0,25,2,0,0,3,0,0,0,2,0,13,0,75,0,0,0,28,4,0,0,2,0,2,23,0,11,0,0,0,0,0,0,0,0,0,0,0,0,0,0,0,0,0,0,0,0,0,0,5,0,13,0,3,0,55,1,0,0,4,0,153,4,13,0,13,0,58,5,111,1,80,0,121,5,23,1,16,0,86,0,63,0,99,0,216,0,0,0,0
115,11,70,35,1,60,60,0,47,45,0,2,0,0,0,92,31,4,0,17,0,0,80,28,99,101,0,12,0,19,0,4,3,11,0,0,1,0,22,46,0,4,0,0,0,0,0,3,0,0,0,0,0,0,0,135,0,11,0,52,7,39,16,186,0,0,1,6,0,0,0,0,0,0,0,0,0,0,0,0,0,0,0,0,0,26,0,0,0,0,0,0,0,0,0,0,0,45,0,12,0,0,0,0,0,0,0,0,0,0,0,0,0,0,0,0,0,0,0,0,0,0,0,0,0,2,0,3,0,1,0,4,0,4,0,61,0,90,0,21,0,18,0,0,0,0,0,3,0,1,0,6,0,0,0,3,0,0,0,1,0,4,0,0,0,0,0,0,0,0,0,5,7,11,0,6,7,28,0,0,0,0,0,17,0,0,0,0,0,0,0,0,0,0,0,0,0,0,0,0,0,7,0,0,0,0,0,0,0,4,0,0,0,0,0,18,0,0,0,0,0,125,0,8,0,16,0,29,0,54,0,44,0,102,1,20,0,0,0,39,0,10,0,15,6,98,0,0,0
11,11,8,0,13,1,15,47,0,179,6,0,11,0,10,0,31,0,13,0,5,1,7,0,57,75,6,2,5,0,0,0,5,0,0,0,2,0,67,0,19,0,0,0,0,0,1,0,0,0,4,0,202,67,156,182,6,29,89,56,208,0,410,72,23,0,38,114,0,0,0,0,0,0,0,0,0,0,0,0,0,0,0,0,0,0,0,0,0,0,0,0,0,0,0,0,0,0,0,0,0,0,0,0,0,0,0,0,0,0,0,0,0,0,0,0,0,0,0,0,0,1,0,0,15,0,1,0,0,0,15,0,0,0,2,0,0,0,0,0,0,0,0,0,0,0,23,0,51,0,1,0,7,0,1,0,0,0,0,0,5,0,0,0,5,0,4,0,5,0,32,0,118,0,11,0,189,16,14,0,0,0,9,10,12,46,3,0,0,0,0,0,0,0,0,0,0,0,0,0,0,0,0,0,0,0,0,0,3,0,8,0,0,0,73,2,2,0,3,1,77,4,0,3,9,0,199,4,83,0,88,0,108,0,20,0,14,2,110,0,74,0,169,0,269,0,0,0,0
25,40,30,4,0,10,154,45,179,0,0,11,0,0,0,9,33,22,0,8,0,0,34,0,126,82,0,14,0,0,0,2,0,0,0,0,0,0,13,0,0,11,0,0,0,1,0,0,0,0,0,0,26,82,87,185,4,38,6,68,28,81,108,517,0,67,3,95,0,0,0,0,0,0,0,2,0,0,0,0,0,0,0,0,0,0,0,0,0,0,0,0,0,0,0,0,0,6,0,0,0,0,0,0,0,0,0,0,0,0,0,0,0,0,0,0,0,0,0,0,0,0,0,0,0,0,0,5,0,0,0,10,0,0,0,30,0,52,0,7,0,0,0,0,0,0,0,0,2,33,0,14,0,9,1,0,0,6,0,1,0,5,0,0,0,5,0,0,0,0,0,44,9,13,5,4,39,151,0,0,0,6,0,57,0,6,0,0,0,0,0,0,0,0,0,0,0,0,0,14,0,0,0,0,0,0,0,5,0,27,0,13,0,3,2,103,0,0,0,5,14,198,0,21,0,17,6,172,14,111,2,144,3,316,3,64,0,12,0,196,0,58,2,60,4,348,0,0,0
69,26,23,65,32,145,21,0,6,0,0,105,144,6,18,225,0,3,6,29,6,28,0,57,0,1,11,3,0,0,27,5,18,0,0,0,81,0,0,0,42,0,1,0,4,0,0,0,2,0,23,0,0,0,0,0,0,0,0,0,0,0,0,0,2,0,0,0,0,0,0,0,0,0,0,0,0,0,0,0,0,0,0,0,0,0,0,0,0,0,0,0,0,0,0,0,0,0,0,0,0,0,0,0,0,0,0,0,0,0,0,0,0,0,0,0,0,0,0,0,0,0,0,0,0,0,0,0,0,0,1,0,0,0,0,0,0,0,0,0,0,0,0,0,0,0,0,0,1,0,0,0,0,0,0,0,0,0,0,0,0,0,0,0,10,0,67,0,37,0,0,0,21,0,0,0,177,48,55,0,6,0,20,0,4,0,6,1,0,0,0,0,0,0,0,0,0,0,0,0,0,0,0,0,0,0,0,0,0,0,5,0,0,0,5,0,0,0,0,0,54,0,0,0,15,0,109,0,67,0,56,0,55,0,0,0,28,0,8,0,0,0,7,0,112,0,0,0,0
20,153,66,8,174,69,2,2,0,11,105,0,32,178,266,51,0,1,61,69,138,90,86,50,2,0,0,72,0,0,3,49,0,67,3,47,0,58,0,26,0,147,0,0,3,0,2,49,0,12,0,0,0,0,0,0,0,0,0,1,0,6,0,0,0,15,0,0,0,0,0,0,0,0,0,0,0,0,0,0,0,0,0,0,0,0,0,0,0,0,0,0,0,0,0,0,0,0,0,0,0,0,0,0,0,0,0,0,0,0,0,0,0,0,0,0,0,0,0,0,0,0,0,0,0,0,0,1,0,0,0,0,0,0,0,0,0,4,0,0,0,0,0,0,0,0,0,6,0,0,0,10,0,29,0,0,0,3,0,0,0,0,0,0,0,0,0,28,0,6,0,1,1,12,0,17,29,306,0,13,0,6,0,9,0,25,0,33,0,0,0,0,0,0,0,0,0,0,0,0,0,0,0,0,0,0,0,0,0,0,0,0,0,0,0,14,0,0,0,35,0,154,1,0,4,52,3,231,0,62,0,119,0,109,0,0,0,29,0,0,0,8,0,14,0,128,0,0,0
96,0,70,0,106,52,11,0,11,0,144,32,0,160,17,51,13,0,73,371,45,60,17,0,5,0,107,429,0,0,12,0,1,0,97,22,16,9,0,0,207,43,103,18,26,24,6,41,29,1,214,62,0,0,1,0,0,0,0,0,0,0,0,0,8,0,5,0,1,0,0,0,0,0,0,0,0,0,0,0,0,0,0,0,3,0,7,0,0,0,0,0,0,0,0,0,0,0,0,0,4,0,0,0,0,0,0,0,0,0,0,0,0,0,0,0,0,0,0,0,0,0,2,0,7,0,0,0,0,0,0,0,0,0,0,0,0,0,0,0,0,0,0,0,0,0,0,0,17,0,2,0,8,0,0,0,0,0,0,0,0,0,0,0,25,4,2,6,21,0,0,0,5,0,13,0,198,91,30,0,10,0,13,0,9,0,50,21,0,0,0,0,0,0,0,0,1,0,0,0,0,0,0,0,0,0,0,0,0,0,0,0,0,0,3,0,0,0,118,54,0,0,11,0,111,0,45,6,5,0,0,0,0,0,0,0,8,0,5,0,0,0,14,0,0,0,0,0,0
0,170,0,7,49,71,0,0,0,0,6,178,160,0,26,0,0,0,317,69,89,85,0,0,0,0,122,106,0,0,4,8,0,0,27,120,0,45,0,0,25,168,18,38,8,7,0,47,0,20,31,218,0,0,0,0,0,0,0,0,0,0,0,0,0,0,0,3,0,0,0,0,0,0,0,0,0,0,0,0,0,0,0,0,0,0,0,0,0,0,0,0,0,0,0,0,0,0,0,0,0,0,0,0,0,0,0,0,0,0,0,0,0,0,0,0,0,0,0,0,0,0,0,0,0,0,0,0,0,0,0,0,0,0,0,0,0,0,0,0,0,0,0,0,0,0,0,0,0,2,0,3,0,0,0,0,0,0,0,0,0,0,0,0,0,4,0,6,0,0,0,0,0,2,0,5,12,264,0,2,0,0,0,1,0,5,13,82,0,0,0,0,0,0,0,0,0,0,0,0,0,2,0,0,0,0,0,0,0,3,0,0,0,0,0,0,0,0,0,108,0,0,0,12,0,56,0,83,0,21,0,0,0,0,0,0,0,9,0,0,0,0,0,4,0,0,0,0,0
26,20,106,29,86,264,7,0,10,0,18,266,17,26,0,383,15,0,90,103,64,87,254,51,38,0,81,11,0,0,152,24,63,25,66,28,125,15,0,1,11,0,0,0,16,0,0,2,0,3,41,0,0,0,14,0,0,0,0,0,0,0,0,0,0,0,2,0,0,0,0,0,0,0,0,0,0,0,0,0,0,0,0,0,13,0,0,0,0,0,0,0,0,0,0,0,0,0,0,0,0,0,0,0,0,0,0,0,0,0,0,0,0,0,0,0,0,0,0,0,0,0,0,0,0,0,0,0,0,0,6,0,0,0,0,0,0,0,0,0,0,0,0,0,0,0,25,0,29,0,4,0,9,0,1,0,0,0,0,0,0,0,0,0,7,2,34,1,0,0,0,0,0,0,0,0,56,69,24,3,0,0,4,0,5,0,0,6,0,0,0,0,0,0,0,0,0,0,0,0,0,0,0,0,0,0,0,0,0,0,2,0,0,0,3,0,0,0,0,0,16,0,1,0,23,0,147,2,17,0,16,0,0,0,0,0,0,0,0,0,2,0,15,0,27,0,0,0,0
43,71,40,190,177,218,0,92,0,9,225,51,51,0,383,0,0,1,38,298,203,117,78,128,0,92,0,92,0,0,7,26,3,22,0,26,0,35,0,11,0,16,0,7,0,4,1,4,0,2,0,0,0,5,0,113,0,17,0,32,0,6,0,9,0,0,0,0,0,0,0,0,0,0,0,0,0,0,0,0,0,0,0,0,0,122,0,0,0,0,0,0,0,0,0,0,0,0,0,47,0,0,0,0,0,0,0,0,0,0,0,0,0,0,0,0,0,0,0,0,0,0,0,0,0,0,0,0,0,0,0,0,0,0,0,0,0,96,0,31,0,49,0,45,0,0,0,0,0,9,0,13,0,0,0,9,0,13,0,5,0,0,0,0,0,0,0,19,0,4,0,0,0,11,0,0,11,61,0,3,0,7,0,3,0,4,0,0,0,0,0,0,0,0,0,0,0,0,0,0,0,6,0,0,0,0,0,0,0,0,1,0,0,1,0,20,0,0,0,10,0,97,0,7,0,23,0,378,0,67,0,81,0,100,0,12,0,14,0,36,0,0,0,19,0,75,0,0,0
8,30,34,7,8,2,15,31,31,33,0,0,13,0,15,0,0,0,95,0,145,0,131,0,63,67,65,0,120,0,54,0,70,0,16,0,7,0,123,0,5,0,6,0,49,0,0,0,4,0,25,0,106,0,10,27,18,0,3,0,20,0,283,21,0,0,1,3,0,0,80,0,4,0,51,0,0,0,12,0,221,0,0,0,194,0,156,0,0,0,189,0,0,0,75,0,205,0,294,0,87,0,0,0,0,0,79,0,0,0,0,0,0,0,0,0,0,0,0,0,158,0,59,1,0,0,0,0,21,0,7,0,0,0,0,0,113,0,29,0,88,0,126,0,17,0,0,0,0,0,0,0,0,0,41,0,0,0,65,0,17,0,0,0,0,0,1,0,6,0,4,0,68,0,3,0,4,0,0,0,0,0,3,3,0,0,0,0,0,0,0,0,0,0,0,0,0,0,0,0,0,0,0,0,0,0,0,0,0,0,5,0,0,0,17,0,0,0,4,0,75,0,10,2,7,0,134,1,83,1,0,0,27,2,6,0,2,0,11,0,1,1,11,0,52,0,0,0,0
27,13,0,0,4,0,7,4,0,22,3,1,0,0,0,1,0,0,0,15,0,69,25,51,17,18,0,0,0,29,0,10,0,12,0,3,0,4,0,10,0,0,0,0,0,0,0,0,0,0,0,0,0,13,0,7,0,10,0,0,0,9,5,131,0,0,0,0,0,0,0,5,0,0,0,0,0,0,0,0,0,88,0,0,0,111,0,36,0,0,0,0,0,0,0,19,0,12,0,110,0,0,0,0,0,0,0,0,0,0,0,0,0,0,0,0,0,0,0,0,0,37,0,20,0,0,0,0,0,13,0,0,0,13,0,19,0,36,0,37,0,35,0,122,0,6,0,2,0,0,0,0,0,0,0,5,0,0,0,2,0,0,0,0,0,3,0,10,0,0,0,2,0,2,0,0,0,0,0,0,0,0,0,1,0,0,0,0,0,0,0,0,0,0,0,0,0,0,0,0,0,0,0,0,0,0,0,1,0,0,0,0,0,0,0,2,0,0,0,0,0,63,0,0,0,7,0,240,0,32,0,0,0,21,0,0,0,0,0,6,0,2,0,0,0,7,0,0,0
9,0,86,1,92,87,6,0,13,0,6,61,73,317,90,38,95,0,0,526,132,88,300,0,38,0,75,505,16,0,8,17,0,10,118,63,0,28,0,0,10,47,36,19,21,17,9,42,0,2,117,102,0,0,0,0,10,0,0,0,0,0,14,0,0,0,4,0,0,0,34,0,0,0,0,0,0,0,7,0,0,0,0,0,0,0,0,0,0,0,0,0,0,0,0,0,0,0,0,0,0,0,0,0,0,0,0,0,0,0,0,0,0,0,0,0,0,0,0,0,0,0,0,0,14,0,0,0,0,0,0,0,0,0,0,0,0,0,0,0,0,0,0,0,4,0,0,0,0,0,0,0,0,0,0,0,0,0,0,0,0,0,0,0,9,10,5,7,21,0,0,0,0,0,0,0,75,67,2,0,0,0,3,0,2,0,17,60,0,0,0,0,0,0,0,0,1,0,0,0,0,0,0,0,0,0,0,0,0,0,2,0,0,0,0,0,0,0,34,50,7,0,0,2,47,0,117,0,11,0,16,0,0,0,0,0,3,0,6,0,6,0,24,0,23,0,0,0,0
0,78,0,91,117,203,0,17,0,8,29,69,371,69,103,298,0,15,526,0,215,231,0,179,0,51,59,129,0,0,14,54,0,6,45,97,0,11,0,0,17,64,0,16,0,17,0,63,0,14,44,70,0,9,0,20,0,6,0,0,0,0,0,8,0,19,0,9,0,0,0,0,0,0,0,0,0,0,0,0,0,0,0,0,0,0,0,0,0,0,0,0,0,0,0,0,0,0,0,0,0,0,0,0,0,0,0,0,0,0,0,0,0,0,0,0,0,0,0,0,0,0,0,2,0,0,0,0,0,0,0,0,0,3,0,0,0,0,0,0,0,0,0,0,0,3,0,0,0,0,0,0,0,14,0,0,0,3,0,2,0,0,0,0,0,22,0,19,0,0,0,5,0,16,0,0,14,111,5,0,0,0,0,0,0,0,13,13,0,0,0,0,0,0,0,0,0,0,0,0,0,0,0,0,0,0,0,0,0,5,0,0,0,0,0,0,0,0,0,67,0,36,0,0,29,87,6,192,0,52,0,33,0,0,0,0,0,5,0,0,0,0,0,0,0,27,0,0,0
3,9,23,23,91,150,4,0,5,0,6,138,45,89,64,203,145,0,132,215,0,90,229,28,11,0,65,161,77,0,18,20,15,6,20,35,17,9,1,0,0,0,17,0,15,15,0,13,4,0,32,20,5,0,3,1,0,0,0,1,0,0,27,0,0,0,0,0,0,0,66,0,4,0,38,0,0,0,0,0,76,0,0,0,40,0,106,0,0,0,74,0,0,0,67,0,52,0,131,0,34,0,0,0,0,0,41,0,0,0,0,0,0,0,0,0,0,0,0,0,41,0,0,0,0,1,0,0,0,0,0,0,0,0,0,0,20,0,0,0,0,0,28,0,36,0,0,0,0,0,0,0,0,0,7,0,0,0,3,0,3,0,5,0,14,0,49,0,37,0,0,0,22,0,0,0,9,18,0,1,0,0,0,0,0,0,5,16,0,0,0,0,0,0,0,0,0,0,0,0,0,0,0,0,0,0,0,0,0,0,5,0,0,0,12,0,0,0,25,13,27,2,0,1,51,0,428,0,34,0,72,0,0,2,4,0,42,1,15,0,14,0,41,0,104,0,0,0,0
0,28,2,74,0,246,0,0,1,0,28,90,60,85,87,117,0,69,88,231,90,0,0,207,0,22,11,170,0,16,5,17,0,3,9,15,0,6,0,0,0,3,0,23,0,79,0,7,0,2,0,14,0,0,0,12,0,0,0,0,0,2,0,17,0,0,0,4,0,0,0,25,0,0,0,6,0,0,0,17,0,77,0,0,0,90,0,74,0,0,0,0,0,0,0,0,0,0,0,57,0,0,0,0,0,0,0,0,0,0,0,0,0,0,0,0,0,0,0,0,0,77,1,39,0,0,0,0,0,0,0,0,0,0,0,0,0,23,0,23,0,38,0,99,0,31,0,0,0,0,0,0,0,0,0,3,0,9,0,0,0,3,0,0,0,3,0,12,0,0,0,0,0,11,0,0,0,47,0,0,0,0,0,0,0,0,3,13,0,0,0,0,0,0,0,0,0,0,0,0,0,0,0,0,0,0,0,0,0,0,0,0,0,0,0,6,0,0,0,37,0,26,0,0,0,33,0,318,0,54,0,36,1,0,0,7,0,10,0,0,0,0,0,0,4,0,0,0,0
10,280,208,92,32,0,9,80,7,34,0,86,17,0,254,78,131,25,300,0,229,0,0,87,67,143,192,0,44,0,29,0,32,0,0,0,10,0,53,5,20,0,16,0,76,0,3,0,6,0,0,0,7,1,61,9,13,0,7,0,2,18,43,29,9,0,0,0,0,0,0,0,0,0,5,0,0,0,0,0,30,0,0,0,58,0,0,0,0,0,0,0,0,0,0,0,99,0,0,1,0,0,0,0,0,0,0,0,0,0,0,0,0,0,0,0,0,0,0,0,12,0,0,0,17,0,0,0,0,0,19,0,0,0,85,0,66,0,0,0,7,0,88,0,0,0,37,0,59,0,11,0,12,0,11,0,0,0,0,0,28,0,0,0,0,0,9,0,0,0,3,0,35,0,4,0,17,26,2,1,0,0,11,0,0,0,0,0,0,0,0,0,0,0,0,0,0,0,0,0,27,0,0,0,0,0,0,0,13,0,6,0,1,0,8,0,0,0,6,0,58,2,0,0,10,0,308,3,32,3,55,0,52,0,0,0,14,1,23,0,12,0,37,0,104,4,0,0,0
66,43,53,182,49,96,0,28,0,0,57,50,0,0,51,128,0,51,0,179,28,207,87,0,0,90,0,74,1,14,0,16,0,24,0,13,0,20,0,17,0,0,0,5,0,26,0,0,0,5,0,5,0,10,0,104,0,21,0,0,0,10,0,78,0,0,0,0,0,0,0,12,0,4,0,0,0,0,0,0,0,137,0,0,0,248,0,90,0,0,0,0,0,0,0,36,0,76,0,204,0,0,0,0,0,0,0,0,0,0,0,0,0,0,0,0,0,0,0,0,0,57,0,30,0,0,0,0,0,0,0,2,0,0,0,69,0,49,0,46,0,66,0,169,0,8,0,0,0,0,0,0,0,13,0,10,0,3,0,4,0,2,0,0,0,6,0,27,0,0,0,4,0,11,0,0,0,20,0,1,0,0,0,3,0,5,0,0,0,0,0,0,0,0,0,0,0,0,0,0,0,0,0,0,0,0,0,0,0,0,0,2,0,0,0,7,0,0,0,2,0,84,0,11,0,32,0,517,0,63,0,64,0,82,0,9,0,13,0,18,0,13,0,14,0,58,0,0,0
9,75,63,5,8,0,182,99,57,126,0,2,5,0,38,0,63,17,38,0,11,0,67,0,0,197,32,0,15,0,0,0,0,0,0,0,4,0,30,0,9,0,2,0,0,0,0,0,3,0,7,0,23,12,89,108,19,0,13,3,5,2,46,92,0,0,0,0,0,0,0,0,0,0,0,0,0,0,0,0,19,0,0,0,65,0,0,0,0,0,105,0,0,0,0,0,139,0,46,0,0,0,0,0,0,0,81,0,0,0,0,0,0,0,0,0,0,0,0,0,0,0,0,0,29,0,4,0,0,0,31,0,6,0,80,0,117,0,0,0,29,0,133,0,0,0,6,0,33,0,3,0,0,0,33,0,0,0,35,0,65,0,0,0,0,0,0,0,0,0,0,0,18,0,0,0,8,0,0,0,1,0,0,21,0,5,0,0,0,0,0,0,0,0,0,0,0,0,0,0,19,0,0,0,0,0,0,0,10,0,0,0,0,0,0,0,0,0,0,0,0,0,0,0,3,0,106,0,12,0,13,0,0,0,0,0,4,0,0,2,6,0,5,0,29,0,0,0,0
144,34,88,41,0,3,140,101,75,82,1,0,0,0,0,92,67,18,0,51,0,22,143,90,197,0,0,7,0,7,0,9,3,1,0,0,0,2,27,8,0,0,0,0,0,0,0,0,0,0,0,0,0,6,10,98,0,30,0,30,11,15,47,102,0,0,0,2,0,0,0,0,0,0,0,0,0,0,0,0,0,11,0,0,0,67,0,0,0,0,0,0,0,0,0,0,0,0,0,45,0,0,0,0,0,0,0,0,0,0,0,0,0,0,0,0,0,0,0,0,0,3,0,0,0,0,0,0,0,0,0,1,0,4,0,30,0,30,0,25,0,36,0,54,0,0,0,0,0,0,0,1,0,0,0,9,0,1,0,8,0,0,0,0,0,0,0,1,0,0,0,2,7,5,0,0,9,21,0,0,0,0,0,7,1,0,0,0,0,0,0,0,0,0,0,0,0,0,0,0,0,5,0,0,0,0,0,0,0,0,0,0,0,0,0,7,0,0,0,0,0,66,0,5,0,4,4,259,0,44,0,12,0,35,0,0,0,3,3,19,0,7,0,5,0,37,0,0,0
18,0,64,0,67,0,9,0,6,0,11,0,107,122,81,0,65,0,75,59,65,11,192,0,32,0,0,278,23,0,0,0,0,0,40,0,15,0,0,0,44,134,196,20,157,34,9,103,28,2,218,45,0,0,0,0,0,0,0,0,1,0,13,0,0,0,2,0,2,0,31,0,0,0,0,0,0,0,0,0,0,0,0,0,0,0,0,0,0,0,0,0,0,0,0,0,0,0,0,0,0,0,0,0,0,0,0,0,0,0,0,0,0,0,0,0,0,0,0,0,0,0,0,0,0,0,0,0,0,0,0,0,0,0,0,0,0,0,3,0,0,0,0,0,0,0,0,0,21,0,3,0,3,0,0,0,0,0,0,0,0,0,0,0,24,0,0,0,0,0,0,0,0,0,0,0,26,78,3,0,0,0,3,0,4,0,27,9,0,0,3,0,0,0,0,0,0,0,0,0,0,0,0,0,0,0,0,0,0,0,0,0,0,0,0,0,0,0,204,29,4,0,18,0,67,0,23,0,9,0,0,0,0,0,0,0,6,0,0,0,0,0,0,0,0,0,0,0,0
0,80,0,44,29,100,0,12,2,14,3,72,429,106,11,92,0,0,505,129,161,170,0,74,0,7,278,0,0,3,3,7,0,0,42,19,0,0,0,0,125,47,72,75,35,103,1,80,3,39,123,130,0,0,0,0,0,3,0,0,0,0,0,3,0,0,0,0,0,0,0,0,0,0,0,0,0,0,0,6,0,0,0,0,0,0,0,0,0,0,0,0,0,0,0,0,0,0,0,0,0,0,0,0,0,0,0,0,0,0,0,0,0,0,0,0,0,0,0,0,0,0,0,10,0,0,0,0,0,0,0,0,0,0,0,0,0,16,0,0,0,0,0,0,0,7,0,6,0,0,0,0,0,0,0,0,0,0,0,2,0,0,0,0,0,26,0,11,0,7,0,1,0,6,0,5,8,132,2,2,0,0,0,0,0,11,29,17,0,0,0,0,0,0,0,0,0,0,0,5,0,0,0,0,0,0,0,0,0,0,0,0,0,0,0,0,0,0,0,317,0,0,0,72,14,50,0,184,2,18,0,0,0,27,0,6,0,2,0,6,0,0,0,0,0,13,0,0,0
35,0,97,0,14,0,0,0,5,0,0,0,0,0,0,0,120,0,16,0,77,0,44,1,15,0,23,0,0,0,43,0,32,0,76,0,14,0,9,0,0,0,12,0,10,0,0,0,0,0,8,0,6,0,1,2,0,0,0,0,1,0,16,0,0,0,0,0,0,0,95,0,3,0,30,0,0,0,0,0,50,0,0,0,0,0,82,0,0,0,0,0,0,0,0,0,9,0,55,0,0,0,0,0,0,0,11,0,0,0,0,0,0,0,0,0,0,0,0,0,56,0,0,0,0,0,1,0,0,0,0,0,0,0,0,0,11,0,15,0,8,0,0,0,17,0,0,0,0,0,0,0,3,0,3,0,1,0,0,0,0,0,0,0,0,0,0,0,0,0,0,0,0,0,0,0,8,0,0,0,0,0,0,1,2,0,0,0,0,0,0,0,0,0,0,0,0,0,0,0,0,0,0,0,0,0,0,0,0,0,0,0,0,0,0,0,0,0,0,0,0,0,0,0,0,0,68,0,3,0,0,0,0,0,1,0,0,0,3,0,1,0,0,0,3,0,0,0,0
0,33,0,60,0,0,0,19,0,0,0,0,0,0,0,0,0,29,0,0,0,16,0,14,0,7,0,3,0,0,0,6,0,12,0,0,0,0,0,3,0,0,0,0,0,0,0,0,0,0,0,1,0,0,0,7,0,0,0,4,0,1,0,16,0,0,0,2,0,0,0,13,0,0,0,3,0,0,0,4,0,19,0,0,0,20,0,11,0,0,0,0,0,0,0,0,0,0,0,17,0,0,0,0,0,0,0,0,0,0,0,0,0,0,0,0,0,0,0,0,0,18,0,14,0,0,0,5,0,10,0,1,0,8,0,0,0,27,0,73,0,56,0,102,0,30,0,1,0,0,0,0,0,0,0,16,0,0,0,8,0,1,0,0,0,0,0,0,0,0,0,0,0,1,0,0,0,0,0,0,0,0,0,0,0,0,0,0,0,0,0,0,0,0,0,0,0,0,1,0,0,0,0,0,0,0,0,0,0,0,0,0,0,0,0,1,0,0,0,0,0,4,0,0,0,0,0,45,0,0,0,0,0,0,0,0,0,0,0,4,0,0,0,0,0,0,0,0,0
0,0,39,0,129,0,0,0,0,0,27,3,12,4,152,7,54,0,8,14,18,5,29,0,0,0,0,3,43,0,0,0,5,0,48,0,50,0,0,0,0,0,11,0,2,0,0,0,0,0,14,0,0,0,0,0,0,0,0,0,0,0,2,0,0,0,1,0,0,0,15,0,0,0,14,0,0,0,0,0,0,0,0,0,0,0,0,0,0,0,0,0,0,0,17,0,7,0,23,0,0,0,0,0,0,0,0,0,0,0,0,0,0,0,0,0,0,0,0,0,9,0,0,0,0,0,2,0,0,0,0,0,0,0,4,0,2,0,0,0,0,0,0,0,7,0,0,0,0,0,0,0,0,0,0,0,0,0,0,0,0,0,0,0,13,0,79,0,30,0,0,0,21,0,0,0,0,0,2,0,0,0,1,0,0,0,0,0,0,0,0,0,0,0,0,0,0,0,0,0,0,0,0,0,0,0,0,0,0,0,10,0,0,0,7,0,0,0,1,0,33,0,4,0,33,0,183,0,44,1,19,0,0,0,5,0,13,0,10,0,8,0,15,0,0,0,0,0,0
0,0,0,20,0,58,0,4,0,2,5,49,0,8,24,26,0,10,17,54,20,17,0,16,0,9,0,7,0,6,0,0,0,0,0,0,0,12,0,0,0,0,0,2,0,5,0,0,0,0,0,2,0,0,0,1,0,0,0,0,0,1,0,0,0,0,0,0,0,0,0,18,0,0,0,5,0,2,0,7,0,30,0,0,0,0,0,19,0,0,0,0,0,0,0,0,0,0,0,0,0,0,0,0,0,0,0,0,0,0,0,0,0,0,0,0,0,0,0,0,0,41,0,20,0,0,0,0,0,3,0,0,0,2,0,10,0,0,0,9,0,16,0,39,0,14,0,0,0,0,0,0,0,0,0,0,0,0,0,4,0,0,0,0,0,0,1,7,0,2,0,0,0,5,0,0,0,0,0,0,0,0,0,0,0,0,0,0,0,0,0,0,0,0,0,0,0,0,0,0,0,1,0,0,0,0,0,0,0,0,0,1,0,0,0,0,0,0,0,0,0,0,0,0,0,9,0,127,0,8,0,15,0,25,0,0,0,2,0,5,0,0,0,0,0,18,0,0,0
38,1,136,0,85,0,4,3,5,0,18,0,1,0,63,3,70,0,0,0,15,0,32,0,0,3,0,0,32,0,5,0,0,0,23,0,90,0,1,0,0,0,0,0,0,0,0,0,0,0,3,0,1,0,0,0,1,0,0,0,1,0,6,0,0,0,0,0,0,0,10,0,0,0,10,0,0,1,0,0,0,0,3,0,0,0,0,0,0,0,0,0,0,0,0,0,0,0,13,0,0,0,0,0,0,0,0,0,0,0,0,0,0,0,0,0,0,0,0,0,0,0,0,0,0,0,0,0,0,0,0,0,0,0,0,0,4,0,13,0,8,0,6,1,9,0,0,0,1,0,0,0,0,0,0,0,1,0,0,0,0,0,0,0,0,0,28,0,18,0,0,0,15,0,0,0,6,0,0,0,0,0,2,0,1,0,0,0,0,0,0,0,0,0,0,0,0,0,0,0,0,0,0,0,0,0,0,0,0,0,1,0,0,0,8,0,0,0,0,0,26,0,1,0,0,0,266,0,19,0,16,0,14,0,1,0,7,1,7,0,2,0,12,1,36,0,0,0,0
0,37,0,107,0,68,0,11,0,0,0,67,0,0,25,22,0,12,10,6,6,3,0,24,0,1,0,0,0,12,0,0,0,0,0,0,0,66,0,1,0,0,0,0,0,0,0,0,0,0,0,2,0,0,0,1,0,0,0,1,0,5,0,6,0,0,0,0,0,0,0,14,0,1,0,0,0,0,0,5,0,50,0,0,0,27,0,31,0,0,0,0,0,0,0,8,0,0,0,37,0,0,0,0,0,0,0,3,0,0,0,0,0,0,0,0,0,0,0,0,0,30,0,19,0,0,0,0,0,0,0,0,0,0,0,0,0,14,0,13,0,9,0,66,0,20,0,0,0,1,0,0,0,0,0,0,0,2,0,0,0,0,0,0,0,1,0,14,0,0,0,0,0,8,0,0,0,2,0,0,0,0,0,0,0,0,0,0,0,0,0,0,0,0,0,0,0,0,0,0,0,1,0,0,0,0,0,0,0,2,0,0,0,0,0,2,0,0,0,8,0,60,0,4,0,0,0,282,0,32,0,20,0,23,0,0,0,3,0,8,0,6,0,0,0,18,0,0,0
0,0,0,0,64,0,0,0,0,0,0,3,97,27,66,0,16,0,118,45,20,9,0,0,0,0,40,42,76,0,48,0,23,0,0,0,100,0,2,0,0,0,7,0,8,3,0,6,6,0,35,9,0,0,0,0,2,0,5,0,0,0,0,0,0,0,1,0,0,0,14,0,0,0,0,0,0,0,9,0,0,0,0,0,0,0,0,0,0,0,0,0,2,0,0,0,0,0,0,0,15,0,0,0,0,0,0,0,0,0,0,0,0,0,0,0,0,0,0,0,0,0,0,0,0,0,0,0,0,0,0,0,0,0,4,0,2,0,0,0,4,0,0,0,4,0,0,0,0,0,0,0,0,0,0,0,0,0,0,0,0,0,0,0,24,0,28,0,37,0,0,0,0,0,0,0,15,0,0,0,0,0,0,0,0,0,5,8,0,0,0,0,0,0,0,0,0,0,0,0,0,0,0,0,0,0,0,0,0,0,3,0,0,0,0,0,0,0,83,11,21,0,7,0,117,0,139,0,19,0,18,0,0,0,0,0,8,0,7,0,0,0,11,0,31,0,0,0,0
0,0,0,8,0,86,0,0,0,0,0,47,22,120,28,26,0,3,63,97,35,15,0,13,0,0,0,19,0,0,0,0,0,0,0,0,0,97,0,0,0,0,0,2,0,3,0,0,0,2,0,2,0,2,0,0,0,0,0,0,0,4,0,0,1,0,0,5,0,0,0,28,0,0,0,0,0,0,0,0,0,45,0,0,0,0,0,37,0,0,0,0,0,0,0,0,0,0,0,18,0,0,0,0,0,0,0,0,0,0,0,0,0,0,0,0,0,0,0,0,0,48,0,23,1,0,0,0,0,0,0,0,0,0,0,0,0,0,0,14,0,10,0,35,0,30,0,0,0,0,0,0,0,0,0,5,0,0,0,3,0,5,0,0,0,13,0,10,0,0,0,1,0,7,0,0,3,34,0,0,0,0,0,0,0,0,1,33,0,0,0,0,0,0,0,0,0,0,0,0,0,0,0,0,0,0,0,0,0,1,0,0,0,0,0,0,0,0,0,43,0,29,0,0,0,78,0,205,0,21,0,0,0,0,0,6,0,0,0,0,0,0,0,9,0,0,0,0,0
21,0,43,0,156,0,0,1,2,0,81,0,16,0,125,0,7,0,0,0,17,0,10,0,4,0,15,0,14,0,50,0,90,0,100,0,0,0,5,0,0,0,23,0,25,0,0,0,0,0,65,0,0,0,0,0,9,0,1,0,0,0,6,0,1,0,0,0,5,0,135,0,14,0,39,0,0,0,32,0,69,0,0,0,0,0,119,0,0,0,10,0,0,0,59,0,7,0,79,0,32,0,0,0,0,0,0,0,0,0,0,0,0,0,0,0,0,0,0,0,29,0,0,0,3,0,0,0,0,0,0,0,4,0,0,0,0,0,24,0,30,0,15,0,91,0,0,0,0,0,0,0,0,0,3,0,10,0,11,0,3,0,23,0,16,0,43,0,43,0,19,0,32,0,0,0,4,2,0,0,0,0,0,0,0,0,0,0,0,0,0,0,0,0,0,0,0,0,0,0,0,0,0,0,0,0,0,0,1,0,7,0,0,0,9,0,0,0,6,0,62,0,5,0,28,0,95,0,45,0,10,0,15,0,0,0,0,0,3,0,4,0,0,0,51,0,0,0,0
3,111,0,83,0,82,0,0,0,0,0,58,9,45,15,35,0,4,28,11,9,6,0,20,0,2,0,0,0,0,0,12,0,66,0,97,0,0,0,2,0,0,0,6,0,11,0,0,0,0,0,27,0,0,0,0,0,0,0,14,0,6,0,13,0,12,0,20,0,0,0,36,0,8,0,31,0,0,0,18,0,70,0,0,0,26,0,42,0,0,0,0,0,0,0,9,0,2,0,31,0,0,0,0,0,0,0,0,0,0,0,0,0,0,0,0,0,0,0,0,0,70,0,31,0,1,0,3,0,4,0,5,0,0,0,0,0,0,0,50,0,42,0,80,0,86,0,3,0,0,0,0,0,0,0,0,0,5,0,0,0,0,0,7,0,12,0,22,0,8,0,4,0,12,0,0,1,21,0,0,0,0,0,0,0,0,0,20,0,0,0,0,0,0,0,0,0,0,0,3,0,0,0,0,0,0,0,1,0,0,0,0,0,0,0,1,0,0,0,7,0,40,0,3,0,46,0,174,0,49,0,13,0,12,0,3,0,0,0,0,0,0,0,0,0,9,0,0,0
144,0,115,0,4,0,82,22,67,13,0,0,0,0,0,0,123,0,0,0,1,0,53,0,30,27,0,0,9,0,0,0,1,0,2,0,5,0,0,0,0,0,0,0,0,0,0,0,1,0,0,0,2,0,0,13,3,0,0,0,10,0,17,5,0,0,0,0,0,0,6,0,0,0,5,0,0,0,0,0,0,0,0,0,0,0,5,0,0,0,0,0,0,0,5,0,0,0,0,0,4,0,0,0,0,0,0,0,0,0,0,0,0,0,0,0,0,0,0,0,4,0,0,0,0,0,0,0,0,0,0,0,0,0,0,0,1,0,0,0,8,0,4,0,5,0,0,0,6,0,1,0,0,0,5,0,3,0,5,0,0,0,0,0,0,0,0,0,0,0,0,0,18,0,0,0,45,5,0,0,5,0,29,2,15,0,0,0,0,0,0,0,0,0,0,0,0,0,0,0,0,0,0,0,0,0,0,0,0,0,0,0,0,0,1,0,0,0,0,0,1,0,0,0,0,0,92,0,3,0,0,0,0,0,0,0,0,0,1,0,2,0,3,1,2,0,0,0,0
0,116,6,115,0,10,0,46,0,0,0,26,0,0,1,11,0,10,0,0,0,0,5,17,0,8,0,0,0,3,0,0,0,1,0,0,0,2,0,0,0,0,0,0,0,1,0,0,0,0,0,0,0,0,0,0,0,0,0,0,0,1,0,3,0,0,0,0,0,0,0,0,0,0,0,0,0,0,0,0,0,0,0,0,0,11,0,6,0,0,0,0,0,0,0,3,0,0,0,17,0,0,0,0,0,0,0,0,0,0,0,0,0,0,0,0,0,0,0,0,0,9,0,6,0,0,0,0,0,2,0,0,0,1,0,0,0,9,0,8,0,16,0,21,0,14,0,0,0,0,0,0,0,0,0,5,0,2,0,0,0,1,0,0,0,0,0,1,0,1,0,0,0,0,0,0,1,7,0,0,0,0,0,0,0,4,0,0,0,0,0,0,0,0,0,0,0,0,0,0,0,0,0,0,0,0,0,0,0,0,0,1,0,0,0,0,0,0,0,0,0,7,0,0,0,0,0,132,0,5,0,0,0,0,0,0,0,0,0,0,0,0,0,0,0,0,0,0,0
44,0,42,0,49,0,15,0,19,0,42,0,207,25,11,0,5,0,10,17,0,0,20,0,9,0,44,125,0,0,0,0,0,0,0,0,0,0,0,0,0,217,67,7,87,24,4,121,93,21,19,7,0,0,7,0,0,0,0,0,0,0,2,0,0,0,0,0,0,0,0,0,0,0,0,0,0,0,0,0,0,0,0,0,0,0,0,0,0,0,0,0,0,0,0,0,0,0,0,0,0,0,0,0,0,0,0,0,0,0,0,0,0,0,0,0,0,0,0,0,0,0,0,0,0,0,0,0,0,0,8,0,0,0,0,0,6,0,0,0,0,0,0,0,0,0,9,0,49,0,5,0,13,0,0,0,0,0,0,0,5,0,0,0,20,4,0,0,0,0,0,0,0,0,0,0,32,70,10,0,9,0,6,0,11,0,41,2,0,0,0,0,0,0,0,0,0,0,0,0,0,0,0,0,0,0,0,0,0,0,0,0,0,0,2,0,2,0,324,24,0,0,54,34,23,0,16,0,0,0,0,0,2,0,0,0,0,0,0,0,0,0,7,0,0,0,0,0,0
0,110,3,14,0,46,0,4,0,11,0,147,43,168,0,16,0,0,47,64,0,3,0,0,0,0,134,47,0,0,0,0,0,0,0,0,0,0,0,0,217,0,40,26,69,20,19,62,12,23,40,11,0,0,0,0,0,0,0,0,0,0,0,0,0,7,1,2,0,0,0,0,0,0,0,0,0,2,0,0,0,3,0,4,0,0,0,0,0,0,0,0,0,0,0,0,0,0,0,2,0,0,0,0,0,0,0,0,0,0,0,0,0,0,0,0,0,0,0,1,0,3,0,0,0,0,0,0,0,0,0,0,0,0,0,7,0,5,0,0,0,0,0,0,0,0,0,0,0,0,0,0,0,8,0,0,0,0,0,0,0,0,0,0,0,16,0,0,0,8,0,0,0,0,0,12,0,107,0,7,0,6,0,2,0,0,19,11,0,0,0,0,0,0,0,0,0,0,0,0,0,0,0,0,0,0,0,0,0,0,0,0,0,0,0,0,0,0,78,115,0,0,4,117,0,3,0,6,0,0,0,0,0,0,0,0,0,0,0,0,0,0,0,0,0,0,0,0,0
0,0,0,0,15,1,0,0,0,0,1,0,103,18,0,0,6,0,36,0,17,0,16,0,2,0,196,72,12,0,11,0,0,0,7,0,23,0,0,0,67,40,0,0,101,7,9,24,42,0,35,0,1,0,0,0,5,0,0,0,0,0,3,0,0,0,4,0,0,0,27,0,6,0,9,0,0,0,0,0,0,0,0,0,0,0,22,0,0,0,12,0,0,0,0,0,0,0,20,0,0,0,1,0,0,0,0,0,0,0,0,0,0,0,0,0,1,0,0,0,6,0,0,0,0,0,0,0,0,0,0,0,0,0,0,0,0,0,7,0,0,0,0,0,7,0,0,0,0,0,0,0,0,0,0,0,0,0,0,0,2,0,0,0,16,1,32,0,4,0,5,0,5,0,0,0,8,17,7,0,0,0,1,0,0,0,33,0,0,0,0,0,0,0,0,0,0,0,0,0,0,0,0,0,0,0,0,0,0,0,0,0,0,0,6,0,0,0,143,10,17,0,25,0,36,0,11,1,31,0,0,0,4,0,0,0,0,0,6,0,0,0,0,0,0,0,0,0,0
0,0,0,0,0,0,0,0,0,0,0,0,18,38,0,7,0,0,19,16,0,23,0,5,0,0,20,75,0,0,0,2,0,0,0,2,0,6,0,0,7,26,0,0,0,66,0,16,0,41,0,13,0,0,0,0,0,1,0,0,0,1,0,0,0,0,0,0,0,0,0,0,0,0,0,0,0,0,0,0,0,0,0,0,0,0,0,0,0,0,0,0,0,0,0,0,0,0,0,0,0,0,0,0,0,0,0,0,0,0,0,0,0,0,0,0,0,0,0,0,0,0,0,0,0,0,0,0,0,0,0,0,0,0,0,0,0,0,0,0,0,0,0,0,0,0,0,0,0,0,0,0,0,0,0,0,0,1,0,3,0,0,0,0,0,6,0,0,0,0,0,0,0,0,0,0,0,12,0,0,0,1,0,0,0,0,3,86,0,0,0,0,0,0,0,0,0,0,0,0,0,0,0,0,0,0,0,0,0,0,0,0,0,0,0,0,0,0,0,91,0,4,0,25,0,21,0,69,0,11,0,2,0,0,0,0,0,0,0,0,0,0,0,0,0,8,0,0,0
0,0,0,0,0,0,0,0,0,0,4,3,26,8,16,0,49,0,21,0,15,0,76,0,0,0,157,35,10,0,2,0,0,0,8,0,25,0,0,0,87,69,101,0,0,11,50,27,93,6,78,0,0,0,0,0,0,0,0,0,0,0,0,0,0,1,5,0,8,0,46,0,0,0,20,0,0,0,0,0,35,0,0,0,0,0,54,0,0,0,0,0,0,0,37,0,0,0,0,0,0,0,0,0,0,0,0,0,0,0,0,0,0,0,1,0,0,0,0,0,0,0,0,0,0,0,0,0,0,0,0,0,0,0,0,0,0,0,0,0,3,0,0,0,16,0,2,0,0,0,0,0,0,0,1,0,0,0,0,0,0,0,3,0,59,4,43,0,18,0,2,0,9,0,0,0,6,22,3,0,0,0,0,0,3,0,18,1,0,0,0,0,0,0,0,0,0,0,0,0,0,0,0,0,1,0,0,0,3,0,0,0,0,0,0,0,5,0,208,7,15,0,90,43,50,0,11,0,34,0,0,0,0,0,0,0,2,0,7,0,0,0,4,0,0,0,0,0,0
0,0,0,4,0,0,0,0,0,1,0,0,24,7,0,4,0,0,17,17,15,79,0,26,0,0,34,103,0,0,0,5,0,0,3,3,0,11,0,1,24,20,7,66,11,0,0,56,0,43,10,67,0,2,0,0,0,0,0,6,0,0,0,3,0,0,0,6,0,5,0,11,0,0,0,7,0,2,0,0,0,0,0,0,0,0,0,12,0,5,0,0,0,2,0,8,0,0,0,0,0,0,0,5,0,0,0,0,0,0,0,0,0,0,0,0,0,0,0,0,0,11,0,8,0,0,0,0,0,0,0,3,0,3,0,0,0,0,0,0,0,0,0,0,0,9,0,0,0,0,0,0,0,0,0,0,0,1,0,0,0,0,0,0,0,34,0,4,0,9,0,1,0,2,0,0,0,20,0,0,0,0,0,0,0,0,3,37,0,0,0,0,0,0,0,0,0,0,0,0,0,0,0,0,0,0,0,0,0,0,0,0,0,0,0,2,0,0,15,237,0,18,2,132,0,32,0,31,0,13,0,5,0,16,0,7,0,1,0,0,0,0,0,0,0,8,0,0,0
0,0,11,0,3,0,0,0,1,0,0,2,6,0,0,1,0,0,9,0,0,0,3,0,0,0,9,1,0,0,0,0,0,0,0,0,0,0,0,0,4,19,9,0,50,0,0,11,27,1,0,1,0,0,0,0,0,0,0,0,0,0,0,0,0,0,0,0,0,0,0,0,0,0,0,0,0,0,0,0,0,0,0,0,0,0,0,0,0,0,0,0,0,0,0,0,0,0,0,0,0,0,0,0,0,0,0,0,0,0,0,0,0,0,0,0,0,0,0,0,0,0,0,0,0,0,0,0,0,0,0,0,0,0,0,0,0,0,0,0,0,0,0,0,0,0,2,0,0,0,0,0,2,0,0,0,0,0,0,0,0,0,0,0,5,0,0,0,0,0,0,0,0,0,0,0,0,7,1,0,1,0,1,0,0,0,4,0,0,0,0,0,0,0,0,0,0,0,0,0,1,0,0,0,0,0,0,0,0,0,0,0,0,0,0,0,0,0,125,0,0,0,15,8,0,0,0,0,0,0,0,0,0,0,0,0,0,0,0,0,0,0,0,0,0,0,0,0,0
0,65,0,9,0,23,0,3,0,0,0,49,41,47,2,4,0,0,42,63,13,7,0,0,0,0,103,80,0,0,0,0,0,0,6,0,0,0,0,0,121,62,24,16,27,56,11,0,11,16,45,10,0,0,0,0,0,0,0,0,0,0,0,0,0,0,0,1,0,1,0,0,0,0,0,0,0,0,0,0,0,5,0,0,0,0,0,0,0,2,0,0,0,0,0,0,0,0,0,0,0,0,0,0,0,0,0,0,0,0,0,0,0,0,0,0,0,0,0,0,0,0,0,0,0,0,0,0,0,0,0,0,0,0,0,0,0,0,0,0,0,0,0,0,0,0,0,0,0,0,0,0,0,0,0,0,0,0,0,0,0,2,0,0,0,13,0,0,0,11,0,0,0,0,0,0,0,50,0,0,0,0,0,0,0,0,13,3,0,0,0,0,0,0,0,0,0,0,0,0,0,0,0,0,0,0,0,0,0,0,0,0,0,0,0,0,0,0,26,104,0,0,0,104,0,9,0,9,0,0,0,0,0,0,0,0,0,0,0,0,0,0,0,0,0,0,0,0,0
6,0,0,1,0,0,0,0,0,0,2,0,29,0,0,0,4,0,0,0,4,0,6,0,3,0,28,3,0,0,0,0,0,0,6,0,0,0,1,0,93,12,42,0,93,0,27,11,0,5,23,0,8,0,9,0,26,0,20,0,0,0,4,0,0,0,5,0,0,0,0,0,0,0,0,0,7,0,1,0,0,0,10,0,0,0,0,0,10,0,2,0,1,0,24,0,0,0,2,0,2,0,17,0,0,0,0,0,5,0,0,0,0,0,0,0,1,0,0,0,0,0,0,0,0,0,5,0,0,0,0,0,0,0,0,0,7,0,0,0,0,0,0,0,1,0,0,0,0,0,1,0,6,0,0,0,0,0,0,0,12,0,0,0,31,2,17,0,11,0,3,0,11,0,9,0,26,13,15,0,5,0,8,0,1,0,70,0,10,0,4,0,0,0,3,0,1,0,0,0,2,0,6,0,0,0,1,0,5,0,0,0,9,0,16,0,13,0,139,6,48,0,196,40,34,0,45,1,132,0,10,0,0,0,14,0,4,0,8,0,7,0,5,0,40,0,0,0,0
0,8,0,3,1,3,0,0,0,0,0,12,1,20,3,2,0,0,2,14,0,2,0,5,0,0,2,39,0,0,0,0,0,0,0,2,0,0,0,0,21,23,0,41,6,43,1,16,5,0,0,29,0,1,0,0,0,0,0,1,0,0,0,0,0,0,0,0,0,40,0,0,0,0,0,0,0,4,0,0,0,3,0,4,0,0,0,0,0,11,0,0,0,6,0,5,0,1,0,3,0,0,0,13,0,0,0,0,0,0,0,0,0,0,0,0,0,0,0,0,0,3,0,2,0,0,0,0,0,0,0,0,0,0,0,3,0,0,0,0,0,0,0,0,0,0,0,0,0,0,1,0,0,3,0,0,0,0,0,0,0,0,0,0,0,4,0,4,0,6,0,0,0,0,0,0,0,18,0,5,0,0,0,0,0,0,1,16,0,1,0,0,0,0,0,0,0,0,0,0,0,2,0,0,0,0,0,1,0,0,0,0,0,5,0,0,0,3,18,4,0,2,10,42,0,0,0,3,0,1,0,3,0,0,0,0,0,0,0,0,0,0,0,0,0,0,0,0,0
3,1,0,0,70,0,0,0,4,0,23,0,214,31,41,0,25,0,117,44,32,0,0,0,7,0,218,123,8,0,14,0,3,0,35,0,65,0,0,0,19,40,35,0,78,10,0,45,23,0,0,10,2,0,0,0,9,0,15,0,0,0,8,0,2,0,4,0,4,0,39,0,16,0,16,0,10,0,0,0,28,0,18,0,0,0,62,0,0,0,17,0,0,0,39,0,0,0,25,0,0,0,0,0,0,0,0,0,1,0,0,0,0,0,0,0,0,0,0,0,0,0,2,0,0,0,0,0,0,0,0,0,0,0,0,0,0,0,1,0,3,0,5,0,4,0,0,0,0,0,0,0,0,0,0,0,0,0,3,0,0,0,9,0,55,0,25,0,101,1,6,0,19,0,0,0,32,23,6,0,0,0,0,0,0,0,22,0,0,0,0,0,0,0,3,0,0,0,0,0,0,0,0,0,0,0,0,0,0,0,0,0,0,0,8,0,2,0,124,11,37,0,19,3,135,0,54,0,39,0,25,0,8,0,8,0,0,0,0,0,0,0,6,0,31,1,0,0,0
0,0,0,1,0,25,0,0,0,0,0,0,62,218,0,0,0,0,102,70,20,14,0,5,0,0,45,130,0,1,0,2,0,2,9,2,0,27,0,0,7,11,0,13,0,67,1,10,0,29,10,0,0,0,0,0,0,7,0,16,0,0,0,1,0,0,0,25,0,5,0,37,0,8,0,10,0,0,0,16,0,18,0,0,0,7,0,32,0,0,0,0,0,0,0,12,0,0,0,0,0,0,0,0,0,0,0,0,0,0,0,0,0,0,0,0,0,0,0,0,0,25,0,10,0,0,0,0,0,0,0,10,0,0,0,4,0,4,0,0,0,5,0,11,0,21,0,0,0,0,0,0,0,0,0,3,0,0,0,0,0,17,0,7,0,26,0,17,0,14,0,10,0,8,0,0,3,64,0,0,1,0,0,0,0,3,2,251,0,3,0,6,0,0,0,0,0,1,0,2,0,0,0,0,0,0,0,0,0,0,0,1,0,0,0,2,0,0,3,124,0,29,0,48,0,96,0,107,0,40,0,26,0,30,0,11,0,5,0,0,0,0,0,0,0,25,0,0,0
0,0,5,0,0,0,24,0,202,26,0,0,0,0,0,0,106,0,0,0,5,0,7,0,23,0,0,0,6,0,0,0,1,0,0,0,0,0,2,0,0,0,1,0,0,0,0,0,8,0,2,0,0,40,183,61,153,46,122,95,37,2,64,13,4,4,79,150,0,0,0,0,0,0,0,0,0,0,0,0,0,0,0,0,54,0,9,0,0,0,49,0,0,0,0,0,48,0,28,0,9,0,0,0,0,0,0,0,0,0,0,0,0,0,0,0,0,0,0,0,12,0,14,0,2,0,4,0,37,0,24,0,0,0,8,0,118,0,83,1,70,0,65,0,9,0,0,0,3,0,0,0,0,1,268,6,40,4,220,1,19,0,4,0,0,0,5,0,9,0,58,0,16,0,0,0,78,0,0,0,3,2,0,1,10,17,0,0,0,0,0,0,0,0,0,0,0,0,0,0,0,0,0,0,0,0,0,0,1,0,18,0,16,0,90,2,0,0,7,0,97,3,0,0,30,0,242,1,185,4,8,0,48,0,21,0,4,0,39,0,15,1,28,2,89,0,0,0,0
1,7,0,0,0,0,17,0,67,82,0,0,0,0,0,5,0,13,0,9,0,0,1,10,12,6,0,0,0,0,0,0,0,0,0,2,0,0,0,0,0,0,0,0,0,2,0,0,0,1,0,0,40,0,76,21,2,46,36,71,0,20,22,23,0,0,25,28,0,0,0,0,0,0,0,0,0,0,0,0,0,17,0,0,0,67,0,10,0,0,0,0,0,0,0,0,0,6,0,30,0,2,0,0,0,0,0,0,0,0,0,0,0,0,0,0,0,0,0,0,0,7,0,2,0,6,0,10,0,30,0,6,0,22,0,28,0,73,0,102,0,95,0,104,0,16,0,0,0,0,0,0,0,0,0,36,0,16,0,20,0,3,0,0,0,0,0,1,0,0,1,9,0,7,0,4,15,48,0,0,0,0,0,3,0,21,0,0,0,0,0,0,0,0,0,0,0,0,0,0,0,0,0,0,0,0,0,0,0,0,0,0,0,0,0,69,0,0,0,2,0,83,0,12,0,9,1,318,0,53,0,5,0,88,0,13,0,0,0,21,0,4,0,9,0,54,0,0,0
0,0,62,0,4,0,84,0,156,87,0,0,1,0,14,0,10,0,0,0,3,0,61,0,89,10,0,0,1,0,0,0,0,0,0,0,0,0,0,0,7,0,0,0,0,0,0,0,9,0,0,0,183,76,0,133,24,20,67,79,39,0,49,44,4,0,34,181,0,0,0,0,0,0,0,0,0,0,0,0,0,0,0,0,12,0,0,0,0,0,0,0,0,0,0,0,29,0,8,0,3,0,0,0,0,0,24,0,0,0,0,0,0,0,0,0,0,0,0,0,0,0,11,0,22,0,3,0,12,0,33,2,4,0,40,0,68,0,0,0,0,0,48,0,0,0,0,0,18,0,0,0,0,0,80,0,6,0,48,0,49,0,0,0,0,0,0,0,2,0,34,0,11,0,1,0,28,3,0,0,0,1,0,2,12,22,0,0,0,0,0,0,0,0,0,0,0,0,0,0,7,0,0,0,0,0,0,0,0,0,41,0,11,0,82,1,0,0,0,0,126,0,27,0,14,0,123,0,133,3,10,0,67,0,21,1,5,1,56,0,38,0,63,0,151,5,0,0,0
10,10,0,25,0,19,89,135,182,185,0,0,0,0,0,113,27,7,0,20,1,12,9,104,108,98,0,0,2,7,0,1,0,1,0,0,0,0,13,0,0,0,0,0,0,0,0,0,0,0,0,0,61,21,133,0,7,67,48,131,26,7,149,31,1,5,42,51,0,0,0,0,0,0,0,0,0,0,0,0,0,0,0,0,0,37,0,5,0,0,0,5,0,0,0,0,0,25,0,20,0,7,0,0,0,0,0,0,0,0,0,0,0,0,0,0,0,0,0,0,0,2,0,0,0,0,0,0,0,15,0,6,0,12,0,48,0,66,0,58,0,40,0,44,0,0,0,1,0,2,0,2,0,0,2,34,0,5,0,7,0,13,0,0,0,0,0,0,0,1,0,4,0,0,1,0,23,65,0,0,0,2,0,9,0,15,0,0,0,0,0,0,0,0,0,0,0,0,0,1,0,2,0,0,0,0,0,0,0,0,0,0,0,3,0,59,0,0,0,4,0,93,1,14,0,9,5,141,0,57,0,9,0,100,0,9,0,0,0,11,0,3,2,0,0,38,0,0,0
0,3,13,0,0,0,14,0,6,4,0,0,0,0,0,0,18,0,10,0,0,0,13,0,19,0,0,0,0,0,0,0,1,0,2,0,9,0,3,0,0,0,5,0,0,0,0,0,26,0,9,0,153,2,24,7,0,20,133,29,21,0,8,0,22,16,60,89,0,0,0,0,0,0,0,0,0,0,0,0,0,0,0,0,0,0,0,0,0,0,0,0,0,0,0,0,0,0,0,0,0,0,0,0,0,0,0,0,1,0,0,0,0,0,0,0,0,0,0,0,0,0,0,0,24,0,3,0,10,0,28,0,7,0,25,0,21,0,0,0,0,0,17,0,2,0,2,0,10,4,0,0,1,0,222,10,76,0,64,9,92,0,22,0,7,0,6,0,20,0,58,0,15,0,5,0,9,0,0,0,20,7,0,0,7,11,0,0,0,0,0,0,0,0,0,0,0,0,0,0,3,0,0,0,0,0,0,0,1,0,49,0,42,0,378,0,0,0,17,1,315,2,116,1,72,0,152,2,429,0,26,1,179,0,179,0,16,0,134,0,34,0,99,0,241,0,0,0,0
0,4,0,3,0,3,2,11,29,38,0,0,0,0,0,17,0,10,0,6,0,0,0,21,0,30,0,3,0,0,0,0,0,0,0,0,0,0,0,0,0,0,0,1,0,0,0,0,0,0,0,7,46,46,20,67,20,0,48,87,0,5,5,24,5,4,70,52,0,0,0,0,0,0,0,0,0,0,0,0,0,5,0,0,0,36,0,0,0,0,0,0,0,0,0,0,0,16,0,12,0,4,0,0,0,0,0,0,0,0,0,0,0,0,0,0,0,0,0,0,0,0,0,2,0,8,0,4,0,13,0,15,0,16,0,68,0,92,0,30,0,33,0,49,0,0,0,0,0,1,0,0,0,0,4,192,0,12,0,26,2,19,0,0,0,0,0,1,0,2,0,29,0,0,0,10,7,15,0,0,0,8,0,0,2,67,0,0,0,0,0,0,0,0,0,0,0,0,0,0,0,0,0,0,0,0,0,0,0,0,0,3,0,12,0,88,0,0,0,3,0,181,0,36,0,13,1,31,0,197,0,2,0,99,0,54,0,0,0,17,1,1,0,3,0,54,0,0,0
0,0,8,1,0,0,27,0,89,6,0,0,0,0,0,0,3,0,0,0,0,0,7,0,13,0,0,0,0,0,0,0,0,0,5,0,1,0,0,0,0,0,0,0,0,0,0,0,20,0,15,0,122,36,67,48,133,48,0,45,51,0,18,0,104,9,238,125,0,0,0,0,0,0,0,0,0,0,0,0,0,0,0,0,0,0,0,0,0,0,0,0,0,0,0,0,0,0,0,0,1,0,0,0,0,0,0,0,0,0,0,0,0,0,0,0,0,0,0,0,0,0,0,0,3,0,1,0,0,0,10,0,0,0,1,0,0,0,0,0,0,0,0,0,0,0,0,0,4,1,0,0,0,0,84,18,61,0,4,0,13,3,2,0,2,0,9,0,6,0,37,0,11,0,7,0,50,0,0,0,21,6,0,0,23,12,0,0,0,0,0,0,0,0,0,0,0,0,0,0,0,0,0,0,0,0,0,0,0,0,0,0,30,0,274,2,0,0,19,0,197,0,77,0,73,0,243,7,202,2,40,1,115,3,91,6,25,1,168,0,57,0,153,0,276,0,0,0,0
0,5,1,12,0,0,9,52,56,68,0,1,0,0,0,32,0,0,0,0,1,0,0,0,3,30,0,0,0,4,0,0,0,1,0,0,0,14,0,0,0,0,0,0,0,6,0,0,0,1,0,16,95,71,79,131,29,87,45,0,0,26,23,20,4,118,122,261,0,0,0,0,0,0,0,0,0,0,0,0,0,0,0,0,0,0,0,0,0,0,0,0,0,0,0,0,0,0,0,0,0,0,0,0,0,0,0,0,0,0,0,0,0,0,0,0,0,0,0,0,0,0,0,0,1,3,0,0,0,2,0,31,1,0,0,9,0,10,0,0,0,0,0,0,1,0,0,0,0,29,0,0,1,0,9,61,0,62,0,9,3,41,0,0,0,2,0,0,2,8,0,26,0,0,0,5,19,0,0,0,0,5,0,0,2,56,0,0,0,0,0,0,0,0,0,0,0,0,0,0,0,0,0,0,0,0,0,0,1,1,1,0,0,17,0,259,0,0,0,12,0,326,0,49,1,41,3,68,0,231,2,20,0,401,0,146,0,3,3,100,0,15,0,27,0,259,0,0,0
14,2,14,0,0,0,101,7,208,28,0,0,0,0,0,0,20,0,0,0,0,0,2,0,5,11,1,0,1,0,0,0,1,0,0,0,0,0,10,0,0,0,0,0,0,0,0,0,0,0,0,0,37,0,39,26,21,0,51,0,0,0,65,11,0,0,18,0,0,0,8,0,2,0,0,0,0,0,0,0,0,0,0,0,0,0,0,0,0,0,0,0,0,0,0,0,0,0,5,0,0,0,0,0,0,0,0,0,0,0,0,0,0,0,0,0,0,0,0,0,0,0,0,0,2,0,0,0,0,0,0,0,0,0,0,0,7,0,53,0,19,0,10,0,36,0,0,0,0,0,0,0,0,0,62,0,79,0,51,0,0,0,6,0,0,0,4,0,1,0,95,0,38,0,3,0,21,2,0,0,0,0,0,3,8,0,0,0,0,0,0,0,0,0,0,0,0,0,0,0,0,0,0,0,0,0,0,0,0,0,0,0,4,0,27,0,0,0,0,0,27,0,15,0,3,0,132,0,72,0,5,0,18,0,9,0,0,0,25,0,12,0,40,0,36,0,0,0,0
4,179,0,22,0,0,0,39,0,81,0,6,0,0,0,6,0,9,0,0,0,2,18,10,2,15,0,0,0,1,0,1,0,5,0,4,0,6,0,1,0,0,0,1,0,0,0,0,0,0,0,0,2,20,0,7,0,5,0,26,0,0,4,29,0,0,0,0,0,0,0,1,0,0,0,0,0,0,0,0,0,0,0,0,0,0,0,0,0,0,0,0,0,0,0,0,0,0,0,0,0,0,0,0,0,0,0,0,0,0,0,0,0,0,0,0,0,0,0,0,0,2,0,2,0,0,0,1,0,0,0,0,0,0,0,0,0,0,0,32,0,18,0,15,0,39,0,0,0,2,0,0,0,2,0,21,0,47,0,7,0,0,0,0,0,0,0,0,0,4,0,42,0,28,0,1,0,58,0,0,0,0,0,15,0,15,0,0,0,0,0,0,0,0,0,0,0,0,0,0,0,0,0,0,0,0,0,0,0,0,0,14,0,2,0,53,0,0,0,0,0,142,0,25,0,19,0,246,0,117,0,11,0,59,0,9,0,0,0,11,0,0,0,4,0,24,0,0,0
37,0,38,0,1,0,284,16,410,108,0,0,0,0,0,0,283,5,14,0,27,0,43,0,46,47,13,0,16,0,2,0,6,0,0,0,6,0,17,0,2,0,3,0,0,0,0,0,4,0,8,0,64,22,49,149,8,5,18,23,65,4,0,54,0,0,12,19,0,0,63,0,0,0,36,0,0,0,0,0,57,0,0,0,22,0,83,0,0,0,28,0,0,0,0,0,31,0,47,0,12,0,0,0,0,0,0,0,0,0,0,0,0,0,0,0,0,0,0,0,67,0,25,0,3,0,0,0,12,0,0,1,0,0,9,0,40,0,58,1,50,0,54,0,19,0,0,0,0,0,0,0,0,0,37,0,12,0,56,0,5,0,0,0,0,0,3,0,3,0,8,0,19,0,14,0,91,0,0,0,0,0,6,2,8,5,0,0,0,0,0,0,0,0,0,0,0,0,0,0,0,0,0,0,0,0,0,0,0,0,8,0,0,0,11,0,0,0,2,0,26,0,9,0,0,0,264,0,45,0,8,0,17,0,4,0,0,0,14,0,8,0,17,0,52,0,0,0,0
33,213,30,48,0,0,45,186,72,517,0,0,0,0,0,9,21,131,0,8,0,17,29,78,92,102,0,3,0,16,0,0,0,6,0,0,0,13,5,3,0,0,0,0,0,3,0,0,0,0,0,1,13,23,44,31,0,24,0,20,11,29,54,0,0,0,0,6,0,0,0,0,0,0,0,0,0,1,0,1,0,0,0,0,0,6,0,0,0,0,0,0,0,0,0,0,0,0,0,0,0,0,0,0,0,0,0,0,0,0,0,0,0,0,0,0,0,0,0,0,0,0,0,0,0,0,0,1,0,6,0,0,0,0,0,0,0,11,0,31,0,14,0,13,0,6,0,0,0,0,0,2,0,0,0,8,0,10,0,0,0,0,0,0,0,0,0,4,0,6,0,17,2,10,0,0,12,113,0,0,0,0,0,44,0,12,0,0,0,0,0,0,0,0,0,0,0,0,0,0,0,0,0,0,0,0,0,0,0,0,0,0,0,0,0,53,0,0,0,0,0,86,0,24,0,10,0,542,0,79,3,11,0,76,0,7,0,0,0,20,0,4,4,0,0,62,0,0,0
1,0,22,0,13,0,4,0,23,0,2,0,8,0,0,0,0,0,0,0,0,0,9,0,0,0,0,0,0,0,0,0,0,0,0,1,1,0,0,0,0,0,0,0,0,0,0,0,0,0,2,0,4,0,4,1,22,5,104,4,0,0,0,0,0,31,81,17,0,0,0,0,0,0,0,0,0,0,0,3,0,0,0,0,0,0,0,2,0,0,0,0,0,0,0,0,0,0,0,0,0,0,0,0,0,0,0,0,0,0,0,0,0,0,0,0,0,0,0,0,0,0,0,0,12,0,0,0,0,0,12,13,0,0,0,0,0,0,2,13,0,0,0,0,4,17,18,0,84,0,6,0,2,0,18,17,22,0,6,12,190,0,0,0,0,0,2,0,0,0,3,0,1,0,32,21,5,0,0,0,48,12,0,0,18,1,1,0,0,0,0,0,0,0,0,0,0,0,0,0,1,0,0,0,0,0,0,0,0,0,0,0,0,0,43,0,0,0,1,0,0,0,0,0,0,0,11,0,22,0,5,0,39,0,42,0,3,0,24,0,4,0,7,0,38,0,0,0,0
0,107,1,0,0,16,0,0,0,67,0,15,0,0,0,0,0,0,0,19,0,0,0,0,0,0,0,0,0,0,0,0,0,0,0,0,0,12,0,0,0,7,0,0,1,0,0,0,0,0,0,0,4,0,0,5,16,4,9,118,0,0,0,0,31,0,0,182,0,0,0,12,0,0,0,0,0,0,0,0,0,0,0,0,0,0,0,0,0,0,0,0,0,0,0,0,0,0,0,0,0,0,0,0,0,0,0,0,0,0,0,0,0,0,0,0,0,0,0,0,0,2,0,6,10,82,0,19,0,0,14,61,0,2,0,0,0,10,5,12,0,0,0,0,17,72,0,91,22,430,0,67,3,59,53,66,2,21,41,28,40,97,0,0,0,2,0,0,0,4,0,10,0,0,11,175,1,4,0,0,6,38,0,37,3,97,0,0,0,0,0,0,0,0,0,1,0,5,0,7,0,0,0,0,0,0,0,3,0,37,0,0,0,0,0,24,0,2,0,0,0,0,0,0,0,12,0,35,0,102,0,0,3,58,5,142,0,0,0,24,0,0,0,7,0,51,0,0,0
1,0,2,2,0,0,26,1,38,3,0,0,5,0,2,0,1,0,4,0,0,0,0,0,0,0,2,0,0,0,1,0,0,0,1,0,0,0,0,0,0,1,4,0,5,0,0,0,5,0,4,0,79,25,34,42,60,70,238,122,18,0,12,0,81,0,0,121,0,0,0,0,0,0,0,0,0,0,0,0,0,0,0,0,0,0,0,0,0,0,0,0,0,0,0,0,0,0,0,0,0,0,0,0,0,0,0,0,0,0,0,0,0,0,0,0,0,0,0,0,0,0,0,0,17,0,3,0,0,0,63,0,0,0,0,0,0,0,0,0,0,0,0,0,0,0,2,0,45,0,0,0,0,1,61,12,41,3,1,5,67,2,0,0,0,0,2,0,0,0,19,0,5,0,23,3,239,0,0,0,51,0,0,0,71,21,0,0,0,0,0,0,0,0,0,0,0,0,0,0,0,0,0,0,0,0,0,0,9,0,20,0,9,0,131,1,0,0,5,0,89,3,27,0,0,0,107,0,75,0,12,0,82,2,34,0,17,0,45,1,16,0,73,0,111,0,0,0,0
0,14,0,0,0,0,27,6,114,95,0,0,0,3,0,0,3,0,0,9,0,4,0,0,0,2,0,0,0,2,0,0,0,0,0,5,0,20,0,0,0,2,0,0,0,6,0,1,0,0,0,25,150,28,181,51,89,52,125,261,0,0,19,6,17,182,121,0,0,1,0,0,0,0,0,0,0,0,0,0,0,0,0,0,0,0,0,0,0,0,0,0,0,0,0,0,0,0,0,0,0,0,0,0,0,0,0,0,0,0,0,0,0,0,0,0,0,0,0,0,0,0,0,0,0,15,0,8,0,0,0,37,0,7,0,0,0,20,0,2,0,0,0,0,0,14,0,5,2,48,0,8,0,3,42,117,0,80,8,28,6,25,0,0,0,2,0,2,0,12,1,29,0,0,0,41,59,125,0,0,0,12,0,13,4,482,0,0,0,0,0,0,0,0,0,0,0,0,0,0,0,0,0,0,0,0,0,0,0,13,0,0,0,0,0,138,0,0,0,6,4,163,0,0,0,13,0,110,0,191,0,14,0,221,0,252,0,0,0,87,0,4,0,15,4,204,0,0,0
0,0,0,0,0,0,0,0,0,0,0,0,1,0,0,0,0,0,0,0,0,0,0,0,0,0,2,0,0,0,0,0,0,0,0,0,5,0,0,0,0,0,0,0,8,0,0,0,0,0,4,0,0,0,0,0,0,0,0,0,0,0,0,0,0,0,0,0,0,0,0,0,11,0,0,0,78,0,32,0,0,0,52,0,0,0,20,0,7,0,0,0,0,0,28,0,17,0,0,0,10,0,148,0,0,0,20,0,70,0,18,0,96,0,19,0,1,0,0,0,0,0,0,0,0,0,0,0,0,0,0,0,0,0,0,0,0,0,0,0,0,0,0,0,0,0,0,0,0,0,0,0,0,0,0,0,0,0,0,0,0,0,0,0,45,0,0,0,93,0,0,0,0,0,0,0,0,0,0,0,0,0,0,0,0,0,0,0,54,0,13,0,0,0,0,0,0,0,0,0,30,0,0,0,0,0,0,0,0,0,0,0,44,0,131,0,101,0,20,0,5,0,45,0,22,0,0,0,41,3,0,0,0,0,8,0,0,0,32,0,34,0,0,0,0,0,0,0,0
0,0,0,0,0,0,0,0,0,0,0,0,0,0,0,0,0,0,0,0,0,0,0,0,0,0,0,0,0,0,0,0,0,0,0,0,0,0,0,0,0,0,0,0,0,5,0,1,0,40,0,5,0,0,0,0,0,0,0,0,0,0,0,0,0,0,0,1,0,0,0,0,0,3,0,0,0,51,0,3,0,21,0,96,0,0,0,29,0,38,0,0,0,4,0,123,2,0,0,19,1,0,0,189,0,0,0,0,0,75,0,44,0,20,0,24,0,3,0,0,0,0,0,0,0,0,0,0,0,0,0,0,0,0,0,0,0,0,0,0,0,0,0,0,0,0,3,0,0,0,3,0,1,0,0,0,0,0,0,0,0,0,0,0,0,32,0,0,0,41,0,0,0,0,0,0,0,3,0,0,0,0,0,0,0,0,0,0,0,26,0,0,0,0,0,0,0,0,0,0,0,15,0,16,0,13,0,0,0,0,0,0,0,238,0,63,0,144,0,41,0,6,0,186,0,26,0,7,0,64,0,0,0,0,0,0,0,0,0,19,0,0,0,0,0,0,0,0,0
0,0,0,0,0,0,0,0,0,0,0,0,0,0,0,0,80,0,34,0,66,0,0,0,0,0,31,0,95,0,15,0,10,0,14,0,135,0,6,0,0,0,27,0,46,0,0,0,0,0,39,0,0,0,0,0,0,0,0,0,8,0,63,0,0,0,0,0,0,0,0,0,118,0,96,0,16,0,205,3,0,0,15,0,4,4,65,0,0,0,0,0,0,0,0,1,1,0,0,8,0,0,0,0,0,0,0,0,0,0,0,0,0,0,0,0,0,0,0,0,30,0,27,2,8,0,0,0,2,0,4,0,17,0,14,0,39,0,0,0,73,0,55,0,107,0,0,0,0,4,0,0,5,0,0,0,32,0,0,0,0,0,54,0,0,0,6,0,16,0,49,0,23,0,34,0,0,0,0,0,12,0,0,0,0,0,0,0,0,0,0,0,0,0,0,0,0,0,0,0,0,1,0,0,0,0,0,0,26,0,0,0,0,0,2,0,0,0,0,0,0,0,7,2,0,0,0,0,15,0,0,0,0,0,0,0,0,0,5,0,4,0,0,0,1,0,0,0,0
0,0,0,0,0,0,0,0,0,0,0,0,0,0,0,0,0,5,0,0,0,25,0,12,0,0,0,0,0,13,0,18,0,14,0,28,0,36,0,0,0,0,0,0,0,11,0,0,0,0,0,37,0,0,0,0,0,0,0,0,0,1,0,0,0,12,0,0,0,0,0,0,0,78,0,194,0,24,0,60,0,0,0,3,0,3,0,26,0,0,6,0,0,0,0,0,0,0,4,0,0,0,0,0,0,0,10,0,0,0,0,0,0,0,0,0,0,0,0,0,0,9,0,22,15,26,5,17,0,0,0,21,6,0,0,0,0,0,3,0,0,11,0,19,0,80,0,33,0,23,0,0,0,0,4,0,0,4,8,0,9,0,0,52,0,0,0,11,0,11,0,25,0,9,0,34,0,0,0,0,12,27,0,0,0,2,0,0,0,0,0,0,0,0,0,0,0,0,0,0,0,0,0,0,0,0,0,0,1,18,0,0,0,0,4,0,0,0,0,0,0,5,0,2,0,6,0,7,0,59,0,0,0,2,0,27,0,1,0,8,0,0,0,0,0,10,0,0,0
0,0,0,0,0,0,0,0,0,0,0,0,0,0,0,0,4,0,0,0,4,0,0,0,0,0,0,0,3,0,0,0,0,0,0,0,14,0,0,0,0,0,6,0,0,0,0,0,0,0,16,0,0,0,0,0,0,0,0,0,2,0,0,0,0,0,0,0,11,0,118,0,0,0,25,0,71,5,92,0,0,0,5,0,5,0,0,9,0,0,0,0,1,0,0,0,0,0,0,0,0,0,0,0,0,0,0,0,0,0,0,0,0,0,0,0,0,0,0,0,29,4,8,0,29,0,51,0,28,0,0,2,59,0,67,0,60,0,0,0,15,0,75,0,31,0,0,0,0,3,67,0,27,5,0,0,7,0,0,0,0,0,70,0,1,0,0,0,17,0,24,0,4,0,18,0,0,0,0,0,40,0,0,0,0,0,0,0,13,0,0,0,31,0,0,0,0,0,0,0,22,5,48,0,0,0,0,0,117,0,2,0,0,0,12,0,0,0,0,0,3,0,32,0,5,0,4,1,31,15,0,0,0,0,15,0,5,0,89,0,49,0,29,0,6,0,0,0,0
