0,356,158,160,95,20,144,89,69,8,182,10,103,1,35,121,118,43,21,0,0,0,48,73,22,83,35,1,92,0,10,0,58,0,0,0,83,15,354,19,23,0,0,0,4,0,13,0,0,0,0,0,3,0,1,0,0,1,0,0,36,13,22,23,5,0,0,0,0,0,0,0,0,0,0,0,0,0,0,0,0,0,0,0,0,0,0,0,0,0,0,0,0,0,0,0,0,0,0,0,0,0,0,0,0,0,0,0,0,0,0,0,0,0,0,0,0,0,0,0,0,0,0,0,4,0,8,0,0,0,0,0,2,0,13,0,5,0,0,0,3,0,5,0,0,0,0,0,23,0,21,0,17,0,0,0,0,0,0,0,0,0,0,0,0,0,14,2,42,0,10,0,185,19,12,0,70,99,10,0,0,0,47,14,51,0,0,0,0,0,1,0,0,0,1,0,3,0,0,0,0,0,0,0,0,0,0,0,7,0,0,0,0,0,13,1,0,0,6,0,126,24,6,0,20,0,376,29,234,0,109,3,0,6,24,1,13,3,62,0,69,0,57,0,226,3,0,0,0
356,0,248,169,28,142,184,57,159,81,17,248,2,209,9,130,163,94,0,209,0,63,200,118,244,37,0,264,20,122,0,42,23,89,0,15,17,173,52,271,0,64,0,13,0,9,0,24,0,6,1,0,0,13,12,8,0,5,2,8,0,195,22,234,0,66,0,35,0,0,0,3,0,0,0,0,0,0,0,0,0,0,0,0,0,2,0,0,0,0,0,0,0,0,0,0,0,0,0,0,0,0,0,0,0,0,0,0,0,0,0,0,0,0,0,0,0,0,0,1,0,0,0,0,0,11,0,2,0,1,0,8,0,0,1,0,1,9,0,0,0,0,0,0,0,4,0,7,0,45,0,15,0,0,0,2,0,21,2,0,0,0,0,0,0,5,0,23,0,16,0,14,27,158,0,14,64,239,0,23,0,77,13,85,0,74,0,5,0,0,0,0,0,0,0,0,0,0,0,0,0,0,0,0,0,0,0,0,0,0,0,10,0,0,7,116,0,7,0,16,53,422,3,12,3,25,28,381,34,168,0,151,0,422,0,26,0,21,8,148,5,32,3,38,16,361,0,0,0
158,248,0,93,249,99,172,25,19,0,49,72,44,0,298,137,155,22,140,9,70,8,332,83,200,12,132,0,98,0,61,0,209,23,3,0,73,46,389,29,11,0,10,0,0,0,0,0,0,0,0,0,0,0,34,2,0,0,11,0,0,13,6,13,4,0,0,0,0,0,0,0,0,0,0,0,0,0,0,0,0,0,0,0,0,0,0,0,0,0,6,0,0,0,0,0,0,0,0,0,1,0,0,0,0,0,0,0,0,0,0,0,0,0,0,0,0,0,0,0,0,0,0,0,19,0,26,0,2,0,8,0,14,0,18,0,12,0,0,0,0,0,12,0,0,1,14,0,21,0,17,0,0,0,0,0,0,0,0,0,10,0,0,0,10,0,108,0,46,0,6,0,256,9,0,0,34,74,0,0,0,0,0,0,2,0,0,0,0,0,0,0,0,0,0,0,0,0,0,0,0,0,0,0,0,0,3,0,61,0,3,0,0,0,24,0,0,0,0,0,399,34,10,0,13,0,216,38,200,22,136,6,226,10,0,0,20,7,65,8,65,0,41,0,341,7,0,0,0
160,169,93,0,34,50,45,85,24,9,28,7,0,6,8,295,77,33,0,135,0,70,117,350,76,103,0,20,11,90,0,42,17,144,0,6,9,91,39,155,0,0,0,0,0,0,0,0,0,0,0,2,0,0,0,71,0,1,0,14,0,29,3,67,0,8,0,0,0,0,0,0,0,0,0,0,0,0,0,0,0,0,0,0,0,0,0,5,0,0,0,0,0,0,0,0,0,0,0,0,0,0,0,0,0,0,0,0,0,0,0,0,0,0,0,0,0,0,0,0,0,0,0,0,1,18,0,0,0,3,0,10,0,0,0,19,0,62,0,6,0,0,0,8,0,0,0,1,0,18,0,0,0,0,0,2,0,0,0,0,2,0,0,0,0,0,0,41,0,9,0,5,15,60,0,0,19,0,0,0,0,0,9,0,0,0,0,0,0,1,0,0,0,0,0,0,0,0,0,4,0,11,0,0,0,0,0,9,0,24,0,0,0,0,2,16,0,1,0,0,19,167,0,0,0,6,14,96,0,95,0,24,0,58,0,1,0,0,0,5,3,0,0,7,0,25,0,0,0
95,28,249,34,0,191,20,0,13,0,135,85,187,16,142,113,0,0,76,127,163,38,48,42,0,0,95,12,0,0,74,18,133,31,45,0,156,40,45,13,25,0,0,0,25,0,23,0,6,0,27,0,0,0,0,0,1,0,0,0,1,2,0,0,4,0,0,0,0,0,0,0,0,0,0,0,0,0,0,0,0,0,0,0,0,0,0,0,0,0,0,0,0,0,0,0,0,0,0,0,0,0,0,0,0,0,0,0,0,0,0,0,0,0,0,0,0,0,0,0,0,0,0,0,1,0,6,0,0,0,0,0,0,0,10,0,0,0,0,0,0,0,10,0,0,0,0,0,7,0,14,0,18,0,0,0,0,0,0,0,3,0,0,0,16,0,103,0,104,0,3,0,90,6,7,0,111,77,29,0,47,0,27,0,23,0,0,1,0,0,0,0,0,0,0,0,5,0,0,0,0,0,0,0,0,0,0,0,11,0,1,0,0,0,0,0,0,0,12,4,163,41,0,0,69,0,296,31,172,0,87,0,0,2,0,0,20,2,11,0,0,0,28,0,89,0,0,0,0
20,142,99,50,191,0,0,9,0,7,123,70,47,241,235,126,4,0,110,268,106,250,179,49,0,0,0,307,0,23,22,179,31,233,13,78,36,258,2,61,0,42,0,7,0,0,0,18,0,0,0,18,0,0,0,0,0,4,0,3,0,2,0,0,0,0,0,0,0,0,0,0,0,0,0,0,0,0,1,0,0,0,0,0,0,1,0,0,0,0,0,0,0,0,0,0,0,0,0,0,0,0,0,0,0,0,0,0,0,0,0,0,0,0,0,0,0,0,0,0,0,0,0,0,0,2,0,0,0,0,0,0,0,0,0,0,0,0,0,0,0,0,0,0,0,0,0,0,0,0,0,0,0,0,0,0,0,0,0,0,0,0,0,0,0,13,7,178,0,56,0,8,0,87,0,0,62,196,0,31,0,27,0,7,0,0,1,0,0,0,0,0,0,3,0,0,0,0,0,0,0,0,0,0,0,0,0,0,0,0,0,2,0,0,0,9,0,0,0,36,35,218,0,5,0,97,18,384,22,186,0,130,0,104,0,6,0,42,0,30,0,20,0,20,0,0,0,0,0
144,184,172,45,20,0,0,138,21,303,57,4,24,0,25,25,73,65,20,0,19,0,50,15,141,169,0,0,48,0,0,0,11,0,0,0,6,0,135,0,6,0,0,0,0,0,0,0,6,0,0,0,102,0,39,74,17,0,6,7,114,21,245,40,2,0,0,5,0,0,0,1,0,0,0,0,1,1,0,0,0,0,0,0,0,0,0,0,0,0,0,0,0,0,0,0,0,0,0,0,0,0,0,0,1,0,0,0,0,0,0,0,0,0,0,0,0,0,0,0,0,0,0,0,8,0,27,0,4,0,18,0,9,0,0,0,0,0,0,0,1,1,0,0,0,0,7,0,6,1,6,0,1,0,2,0,0,0,1,0,9,0,0,0,15,0,0,0,59,0,81,0,115,0,0,0,8,28,0,0,0,0,0,12,0,0,1,0,0,0,0,0,0,0,0,0,0,0,0,0,0,0,0,0,0,0,0,0,17,0,0,0,0,0,211,0,0,0,13,1,295,0,60,3,115,2,178,8,243,0,63,3,307,13,112,9,7,0,230,0,113,0,50,0,692,5,0,0,0
89,57,25,85,0,9,138,0,279,15,0,2,0,0,0,56,57,36,0,14,0,0,11,56,92,405,0,8,7,146,0,11,0,0,0,0,0,17,23,121,0,0,0,0,0,0,0,0,0,0,0,6,14,49,56,225,0,15,0,5,10,181,46,438,0,2,0,2,0,0,0,3,0,0,0,0,0,0,0,0,0,0,0,0,0,0,0,0,0,0,0,0,0,0,0,0,0,0,0,0,0,0,0,0,0,0,0,0,0,0,0,0,0,0,0,0,0,0,0,0,0,0,0,0,1,0,0,2,0,1,0,6,0,0,0,0,0,7,0,0,0,0,0,0,0,0,0,0,0,4,0,0,0,1,0,6,0,19,0,0,0,0,0,3,0,0,0,0,0,8,0,18,7,44,0,0,16,22,0,0,0,0,6,11,0,4,0,0,0,0,0,0,0,0,0,0,0,0,0,0,0,0,0,0,0,0,0,2,0,5,0,15,0,0,6,182,0,0,0,11,0,499,0,40,2,36,6,50,0,283,0,47,0,531,0,36,0,9,0,70,0,0,2,0,12,295,0,0,0
69,159,19,24,13,0,21,279,0,674,21,0,24,0,18,12,50,19,0,0,8,0,3,21,20,241,32,0,21,0,0,0,4,0,0,0,0,0,67,0,11,0,3,0,12,0,6,0,0,0,0,0,50,16,22,264,8,20,32,18,104,0,192,36,62,0,79,32,0,0,0,0,0,0,0,0,0,0,0,0,0,0,0,0,0,0,1,0,0,0,0,0,0,0,0,0,0,0,0,0,0,0,0,0,1,0,2,0,0,0,0,0,0,0,0,0,0,0,0,0,0,0,0,0,21,0,25,0,2,0,42,0,8,0,4,0,8,0,0,0,0,0,2,3,0,0,29,0,56,0,13,0,5,0,0,0,0,0,0,0,18,0,0,0,8,0,0,0,54,0,50,0,65,2,30,0,402,64,3,0,0,0,22,9,24,30,1,0,0,0,0,0,0,0,0,0,4,0,0,0,0,0,0,0,0,0,0,0,6,0,0,0,0,0,55,0,0,0,7,1,97,5,30,0,63,0,218,5,160,4,34,2,91,6,58,4,7,1,202,0,68,0,62,0,415,5,0,0,0
8,81,0,9,0,7,303,15,674,0,0,23,0,0,0,12,5,18,0,46,0,0,0,0,41,29,0,33,0,0,0,0,0,0,0,0,0,0,0,7,0,0,0,6,0,0,0,0,0,0,0,0,67,79,258,64,23,10,105,18,5,171,57,146,1,117,162,89,0,0,0,0,0,0,0,0,0,0,0,0,0,0,0,0,0,0,0,1,0,0,0,0,0,0,0,0,0,0,0,0,0,0,0,0,0,0,0,0,0,0,0,0,0,0,0,0,0,0,0,0,0,0,0,0,0,8,0,0,0,0,0,11,0,4,0,0,0,4,1,0,0,0,0,0,0,0,0,5,0,64,0,5,0,0,0,11,0,67,0,2,3,7,0,0,0,2,0,0,0,15,0,27,6,34,7,0,129,232,0,0,0,5,1,36,0,179,0,0,0,0,0,1,0,0,0,0,0,0,0,0,0,0,0,0,0,0,0,4,0,6,0,0,0,0,6,190,0,3,1,3,5,164,1,24,0,17,0,92,0,170,0,38,4,322,0,80,0,10,0,132,3,18,0,8,5,352,0,0,0
182,17,49,28,135,123,57,0,21,0,0,45,295,0,22,71,0,0,11,31,58,22,4,28,0,0,53,0,0,0,30,0,75,35,8,0,64,15,9,0,43,0,0,0,16,0,13,0,9,0,0,0,0,0,0,0,0,0,0,0,0,0,1,0,2,0,2,0,0,0,0,0,0,0,0,0,0,0,0,0,0,0,0,0,0,0,0,0,0,0,0,0,0,0,0,0,0,0,0,0,0,0,0,0,0,0,0,0,0,0,0,0,0,0,0,0,0,0,3,0,0,0,0,0,0,0,0,0,0,0,0,0,0,0,0,0,0,0,0,0,0,0,0,0,0,0,0,0,4,0,22,0,16,0,0,0,0,0,0,0,0,0,0,0,0,0,25,3,53,0,2,0,24,6,14,0,151,55,63,0,61,0,33,0,48,0,6,0,3,0,0,0,0,0,0,0,0,0,0,0,0,0,0,0,0,0,0,0,0,0,0,0,0,0,0,0,0,0,0,0,61,29,0,0,21,0,170,9,103,21,34,0,13,0,0,0,0,0,3,0,0,0,10,0,0,0,0,0,0
10,248,72,7,85,70,4,2,0,23,45,0,20,416,171,11,3,2,50,44,50,42,77,21,0,0,0,155,0,0,9,48,0,111,5,20,24,139,0,33,0,130,0,6,0,5,0,43,0,31,0,0,0,0,0,0,0,0,0,0,0,0,0,0,0,0,0,4,0,0,0,1,0,0,0,0,0,0,0,1,0,0,1,0,0,0,0,0,0,0,0,0,0,0,0,0,0,0,0,0,0,2,0,0,0,0,0,0,0,0,0,0,0,0,0,0,0,0,0,0,0,0,0,0,0,2,0,0,0,0,0,0,0,2,0,0,0,0,0,0,0,0,0,0,0,0,0,0,0,0,0,21,0,20,0,3,0,0,0,0,0,1,0,0,0,5,0,64,0,29,0,0,7,41,0,15,28,289,0,73,0,89,0,42,0,34,1,16,0,0,0,0,0,0,0,0,0,0,0,0,0,0,0,0,0,0,0,0,0,0,0,0,0,0,0,6,0,9,0,9,30,140,0,6,0,31,10,334,0,110,0,67,0,30,0,3,0,16,0,23,2,12,0,12,3,0,0,0,0
103,2,44,0,187,47,24,0,24,0,295,20,0,88,60,17,0,0,67,412,93,50,15,2,0,0,169,163,0,1,0,0,2,10,51,18,40,35,2,0,113,7,43,3,37,0,41,8,30,0,97,21,3,0,0,0,0,0,0,0,0,0,1,0,4,0,0,0,0,0,0,0,0,0,0,0,0,0,0,0,0,0,0,0,0,0,0,0,0,0,0,0,0,0,0,0,0,0,5,0,0,0,0,0,0,0,0,0,0,0,0,0,0,0,0,0,0,0,0,0,0,0,0,0,0,0,6,0,0,0,0,0,0,0,16,0,0,0,0,0,0,0,0,0,0,0,0,0,0,0,35,0,37,0,0,0,2,0,0,0,1,0,0,0,73,0,19,3,102,0,0,0,4,0,26,0,135,53,122,0,54,0,59,0,51,0,30,1,0,0,0,0,0,0,0,0,3,0,0,0,0,0,0,0,0,0,0,0,10,0,0,0,0,0,0,0,0,0,55,13,12,13,1,2,166,0,73,0,30,5,0,2,4,0,6,0,4,0,0,0,1,0,0,0,4,0,0,0,0
1,209,0,6,16,241,0,0,0,0,0,416,88,0,30,0,0,0,117,27,95,56,0,0,0,0,187,126,0,0,6,20,0,4,38,141,26,189,0,0,47,311,43,131,0,27,23,105,0,67,35,187,0,0,0,0,0,0,0,0,0,0,0,0,0,12,0,10,0,0,0,0,0,0,0,0,0,0,0,0,0,0,0,0,0,0,0,6,0,0,0,0,0,0,0,0,0,1,0,2,0,4,0,0,0,0,0,0,0,0,0,0,0,0,0,0,0,0,0,0,0,0,0,0,0,0,0,0,0,0,0,0,0,0,0,0,0,0,0,0,0,0,0,0,0,2,0,0,0,4,0,0,0,0,0,0,0,1,0,0,0,0,0,0,0,27,4,40,0,22,0,0,0,9,0,11,15,310,0,4,0,26,0,5,0,0,4,28,0,0,0,0,0,0,0,0,0,0,0,0,0,0,0,0,0,0,0,1,0,5,0,0,0,0,0,0,0,0,0,184,0,13,1,17,5,175,8,137,0,85,0,0,0,0,0,0,0,2,0,3,0,0,0,3,0,0,0,0,0
35,9,298,8,142,235,25,0,18,0,22,171,60,30,0,159,11,0,293,193,386,98,306,12,87,0,189,14,7,0,152,42,35,108,55,11,123,50,2,20,0,0,0,0,13,2,8,0,0,0,0,4,6,0,7,0,2,0,2,0,2,0,4,0,6,0,0,0,0,0,0,0,0,0,0,0,0,0,0,0,0,0,0,2,0,0,0,0,0,0,0,0,0,0,0,0,0,0,0,0,0,0,0,0,0,0,0,0,0,0,0,0,0,0,0,0,0,0,0,0,0,0,0,0,0,0,20,0,0,0,1,0,0,0,46,0,46,0,3,0,0,0,0,0,0,0,6,0,15,0,26,0,0,0,1,0,0,0,4,0,2,0,2,0,0,0,95,15,0,0,9,0,29,11,0,0,18,68,5,0,0,0,15,0,13,0,0,0,0,0,0,0,0,0,1,0,0,0,0,0,0,0,0,0,0,0,0,0,27,0,0,0,0,0,0,0,2,0,1,0,69,68,0,0,36,7,169,34,74,34,14,12,0,0,11,0,9,0,17,0,9,0,5,0,27,4,0,0,0
121,130,137,295,113,126,25,56,12,12,71,11,17,0,159,0,70,12,19,227,51,234,193,138,47,16,0,25,11,11,10,94,33,99,0,12,25,48,32,24,0,1,0,0,0,0,0,2,0,0,0,0,0,5,0,67,0,4,0,26,0,7,0,0,0,8,0,0,0,0,0,0,0,0,0,0,0,0,0,0,0,20,0,0,0,17,0,13,0,0,0,0,0,0,0,11,0,0,0,44,0,22,0,0,0,0,0,0,0,0,0,0,0,0,0,0,0,0,0,0,0,10,0,1,0,0,0,0,0,4,6,4,0,0,0,0,0,66,0,28,0,10,0,37,0,0,1,0,0,0,0,5,2,0,0,0,0,0,0,0,0,0,0,0,0,0,4,40,0,7,0,0,8,18,0,0,11,18,0,0,0,0,7,0,1,5,0,0,0,0,0,0,0,0,0,0,0,0,0,0,0,0,0,0,0,0,0,3,0,10,0,0,0,0,1,6,0,0,0,0,29,40,0,0,0,4,12,207,0,31,0,0,0,0,0,2,0,0,1,3,3,0,0,0,0,0,0,0,0
118,163,155,77,0,4,73,57,50,5,0,3,0,0,11,70,0,35,35,0,209,0,58,54,170,51,55,0,169,0,58,0,95,1,17,0,16,3,191,10,0,0,9,0,0,0,0,0,0,0,0,0,124,0,35,2,26,0,0,0,5,7,151,24,0,3,0,0,0,0,8,0,0,0,12,0,0,0,0,0,155,0,0,0,172,0,36,0,0,0,0,0,0,0,0,0,138,0,108,0,17,0,0,0,0,0,0,0,0,0,0,0,0,0,0,0,0,0,0,0,28,0,58,0,0,0,17,0,49,0,0,0,4,0,38,0,312,0,77,0,103,0,310,1,11,0,0,0,0,0,0,0,0,0,40,0,0,0,41,0,26,0,0,0,0,0,0,0,0,0,0,0,37,0,1,0,7,12,0,0,0,0,14,4,0,0,0,0,0,0,0,0,0,0,0,0,3,0,0,0,0,0,0,0,0,0,0,0,40,0,2,0,0,0,7,0,0,0,0,0,46,12,9,0,0,0,304,7,16,8,3,0,23,7,0,0,0,0,14,4,7,0,8,0,36,12,0,0,0
43,94,22,33,0,0,65,36,19,18,0,2,0,0,0,12,35,0,0,11,0,102,15,97,77,57,0,0,1,166,0,42,2,46,0,0,0,12,9,135,0,0,0,2,0,0,0,0,0,0,0,3,0,45,0,44,0,40,0,6,0,9,0,244,0,0,0,0,0,0,0,0,0,0,0,0,0,0,0,0,0,63,0,0,0,53,0,21,0,0,0,0,0,0,0,0,0,32,0,93,0,0,0,0,0,0,0,0,0,0,0,0,0,0,0,0,0,0,0,0,1,11,0,2,0,0,0,0,0,29,0,16,0,52,0,37,0,127,0,65,0,37,0,164,0,0,0,0,2,0,0,0,0,0,0,33,0,0,0,72,0,15,0,0,0,2,0,0,0,0,0,0,0,8,0,0,2,23,0,1,0,0,0,33,0,0,0,0,0,0,0,0,0,0,0,0,0,0,0,0,0,0,0,0,0,0,0,0,0,0,0,0,0,0,0,3,0,0,0,1,7,29,0,0,0,0,0,134,6,23,0,0,0,0,0,3,0,0,0,8,0,1,0,3,3,10,0,0,0
21,0,140,0,76,110,20,0,0,0,11,50,67,117,293,19,35,0,0,313,294,58,339,0,97,0,145,70,0,0,28,8,0,12,52,18,60,29,0,0,1,4,10,0,0,0,0,0,0,0,68,6,0,0,11,0,0,0,0,0,1,0,8,0,0,0,0,0,0,0,0,0,0,0,0,0,0,0,0,0,0,0,6,0,0,0,0,0,0,0,0,0,0,0,0,0,0,0,31,0,0,0,0,0,0,0,0,0,0,0,0,0,0,0,0,0,0,0,0,0,0,0,0,0,3,0,0,0,0,0,0,0,0,0,55,0,98,0,0,0,9,0,112,0,0,0,4,0,11,0,24,0,5,0,0,0,0,0,0,0,0,0,0,0,35,0,30,0,52,7,0,0,0,2,0,0,24,29,8,0,13,0,11,0,0,0,4,0,0,0,0,0,0,0,0,0,6,0,0,0,0,0,0,0,0,0,0,0,44,0,0,0,0,0,0,0,0,0,16,0,11,10,0,0,66,0,97,8,15,11,0,0,0,0,10,0,4,0,7,1,2,0,5,0,0,2,0,0,0
0,209,9,135,127,268,0,14,0,46,31,44,412,27,193,227,0,11,313,0,245,404,0,81,0,0,345,119,0,0,26,86,0,20,118,177,65,167,0,0,99,10,75,53,0,6,24,13,0,2,117,55,0,7,0,11,0,3,0,0,0,10,0,0,0,44,0,10,0,0,1,1,0,0,0,0,0,0,0,0,0,69,0,10,0,23,0,49,0,0,0,0,0,0,0,25,0,0,0,100,0,0,0,0,0,0,0,0,0,0,0,0,0,0,0,0,0,0,0,0,0,36,0,9,0,6,0,13,0,0,0,0,0,0,0,0,0,45,0,22,0,11,0,50,0,0,0,0,0,0,0,0,0,0,0,4,0,11,0,0,0,2,0,0,9,19,9,52,0,18,0,5,1,14,1,0,19,116,0,3,0,41,0,13,0,37,15,1,0,0,0,0,0,3,0,0,0,0,0,0,0,0,0,0,0,0,0,3,0,15,0,0,0,0,0,5,0,5,0,23,8,19,0,0,30,72,9,177,0,93,3,16,0,31,0,0,0,4,0,11,0,7,0,0,0,35,0,0,0
0,0,70,0,163,106,19,0,8,0,58,50,93,95,386,51,209,0,294,245,0,36,220,7,101,0,117,67,39,0,77,0,44,32,25,27,26,32,4,0,1,5,17,2,11,0,0,0,0,0,0,8,18,0,8,0,3,0,5,0,0,1,29,0,0,0,0,0,0,0,13,0,0,0,0,0,0,0,0,0,160,0,13,0,106,0,0,0,0,0,0,0,0,0,0,0,135,0,121,0,38,0,0,0,0,0,0,0,0,0,0,0,0,0,0,0,0,0,0,0,0,0,33,1,0,0,0,0,0,0,0,0,0,0,27,0,148,0,25,0,52,0,260,0,15,0,0,0,0,0,0,0,0,0,15,0,0,0,23,0,3,0,1,0,5,1,83,3,54,0,0,0,28,0,8,0,108,32,68,0,17,0,0,0,10,0,8,1,0,0,0,0,0,0,0,1,0,0,0,0,0,0,0,0,0,0,0,0,41,0,1,0,0,0,3,0,2,0,9,5,67,23,0,0,50,7,292,18,54,0,73,0,11,0,3,0,21,0,13,0,11,0,13,0,40,0,0,0,0
0,63,8,70,38,250,0,0,0,0,22,42,50,56,98,234,0,102,58,404,36,0,0,183,0,11,27,116,0,52,0,76,3,69,12,25,14,24,0,16,4,4,0,9,0,24,0,11,0,1,0,10,0,11,0,20,0,13,0,0,0,10,0,79,0,0,0,0,0,0,2,0,0,0,0,0,0,0,0,0,0,212,0,35,0,85,0,108,0,40,0,26,0,0,0,0,0,42,0,242,0,96,0,0,0,0,0,0,0,0,0,0,0,0,0,0,0,0,0,0,0,112,0,47,0,2,0,0,0,8,0,5,0,51,0,57,0,126,0,162,0,102,0,328,0,6,0,0,0,0,0,3,0,0,0,19,0,0,0,76,0,0,0,0,0,2,0,21,0,11,0,0,0,11,0,0,0,23,0,4,0,0,0,7,0,9,0,2,0,0,0,0,0,0,0,0,0,0,0,0,0,0,0,0,0,0,0,0,0,5,0,0,0,1,1,0,0,0,0,10,2,21,0,3,0,21,1,151,0,27,0,17,0,21,0,0,0,0,0,23,0,12,0,7,0,41,0,0,0
48,200,332,117,48,179,50,11,3,0,4,77,15,0,306,193,58,15,339,0,220,0,0,134,202,14,261,0,11,8,74,3,91,27,3,0,9,41,49,17,0,0,0,0,2,0,0,0,0,0,0,0,0,0,16,0,3,0,0,0,0,6,0,7,0,0,0,0,0,0,0,0,0,0,0,0,0,0,0,0,10,1,0,0,0,0,0,0,0,0,0,0,0,0,0,0,0,0,0,0,0,0,0,0,0,0,7,0,0,0,0,0,0,0,0,0,0,0,0,0,0,0,2,0,0,0,8,0,5,0,0,0,0,0,0,0,26,0,0,0,0,0,22,0,0,0,1,0,2,0,5,0,0,0,1,0,0,0,0,0,7,0,2,0,0,0,57,2,32,0,3,0,64,13,0,0,9,40,0,0,4,0,4,0,3,0,0,0,0,0,0,0,0,0,0,0,0,0,0,0,0,0,0,0,0,0,0,0,18,0,0,1,0,0,0,0,0,0,0,0,58,39,0,0,5,1,296,35,56,20,18,8,25,13,0,0,3,2,6,8,0,1,3,4,28,10,0,0,0
73,118,83,350,42,49,15,56,21,0,28,21,2,0,12,138,54,97,0,81,7,183,134,0,48,45,0,4,0,53,0,40,11,48,0,0,7,12,18,33,0,0,0,2,0,0,0,0,0,0,0,0,0,4,0,58,0,12,0,14,0,3,0,19,0,0,0,0,0,0,0,0,0,0,0,0,0,0,0,3,0,43,0,0,1,27,0,19,0,17,0,0,0,0,0,19,0,0,0,80,0,0,0,0,0,0,0,0,0,0,0,0,0,0,0,0,0,0,0,0,0,4,0,0,0,0,0,0,0,7,10,0,0,17,1,42,0,85,0,32,0,21,0,80,0,0,0,0,0,2,0,0,0,0,0,0,0,0,0,7,0,7,0,0,0,0,0,2,0,5,0,2,9,9,0,0,3,11,0,0,1,0,5,11,0,0,0,0,0,0,0,0,0,0,0,0,0,0,0,0,0,0,0,0,0,0,0,0,0,7,0,0,0,0,3,2,0,0,0,2,31,8,0,0,0,0,11,307,0,12,0,3,0,6,0,0,0,0,0,0,2,2,3,0,8,0,0,0,0
22,244,200,76,0,0,141,92,20,41,0,0,0,0,87,47,170,77,97,0,101,0,202,48,0,99,222,0,120,6,3,0,0,0,0,0,7,0,110,14,0,0,0,0,19,0,0,0,3,0,0,0,57,0,219,4,76,0,16,0,26,13,140,45,1,0,0,0,0,0,0,0,0,0,0,0,0,0,0,0,0,1,0,0,0,0,0,0,0,0,0,0,0,0,0,0,55,0,5,0,0,0,0,0,0,0,0,0,0,0,0,0,0,0,0,0,0,0,0,0,0,0,0,0,3,0,29,0,54,0,8,0,21,0,135,0,298,0,5,0,11,0,200,0,0,0,0,0,0,2,15,0,0,0,25,0,0,0,39,0,88,0,2,0,0,0,0,0,30,0,13,0,76,0,0,0,0,15,0,0,0,0,5,8,0,0,0,0,0,0,0,0,0,0,0,0,0,0,1,0,6,0,0,0,0,0,4,0,103,0,0,0,0,0,72,1,0,0,0,0,204,0,18,2,56,1,152,10,130,0,18,0,141,0,13,4,5,0,22,5,6,0,0,3,183,0,0,0,0
83,37,12,103,0,0,169,405,241,29,0,0,0,0,0,16,51,57,0,0,0,11,14,45,99,0,0,0,3,16,0,0,0,0,0,0,0,0,10,0,0,0,0,0,0,0,0,0,0,0,0,0,2,0,14,87,0,12,0,21,0,11,35,77,0,0,0,0,0,0,0,0,0,1,0,0,0,0,0,0,0,4,0,0,0,0,0,4,0,0,0,7,0,0,0,0,0,19,0,16,0,0,0,0,0,0,0,0,0,0,0,0,0,0,0,0,0,0,0,0,0,2,0,0,0,0,0,0,0,0,0,5,0,12,0,43,0,88,0,28,0,10,0,25,0,0,0,0,0,0,0,0,0,0,0,9,0,1,0,4,0,10,0,0,0,0,0,0,4,0,0,2,0,3,3,0,4,13,0,0,0,0,4,18,0,0,0,0,0,0,0,0,0,0,0,0,0,0,0,2,0,9,0,0,0,0,0,0,0,10,0,0,0,0,0,1,0,0,0,0,3,7,0,0,2,0,3,70,0,11,0,0,0,0,1,1,0,0,2,0,0,0,3,0,0,3,0,0,0
35,0,132,0,95,0,0,0,32,0,53,0,169,187,189,0,55,0,145,345,117,27,261,0,222,0,0,415,17,0,13,0,4,2,28,25,37,32,0,0,33,191,81,18,58,14,15,67,14,0,114,65,0,0,11,0,0,0,0,0,0,1,29,0,10,0,0,0,5,0,0,0,7,0,0,0,12,0,0,0,0,0,0,0,0,0,68,0,0,0,0,0,0,0,29,0,191,0,228,0,0,0,0,0,0,0,110,0,0,0,0,0,1,0,0,0,0,0,0,0,0,0,0,0,8,0,25,0,0,0,0,0,0,0,87,0,202,0,15,0,0,0,273,0,0,0,0,0,25,0,0,0,0,0,15,0,0,0,0,0,0,0,0,0,90,0,15,0,18,0,0,0,4,0,0,0,46,50,22,0,30,0,25,0,32,0,22,2,0,0,0,0,0,0,0,0,0,0,0,0,0,0,0,0,0,0,0,0,99,0,0,0,0,0,0,0,0,0,280,55,10,0,31,11,170,6,109,0,18,0,0,0,0,0,0,0,0,0,10,0,0,1,0,0,0,0,0,0,0
1,264,0,20,12,307,0,8,0,33,0,155,163,126,14,25,0,0,70,119,67,116,0,4,0,0,415,0,0,0,4,16,0,6,58,79,15,33,0,0,143,38,108,169,13,94,123,36,3,14,67,147,0,0,0,5,0,2,0,0,0,0,0,3,0,38,0,10,0,0,0,0,0,0,0,0,1,0,0,0,0,0,0,4,0,7,0,13,0,0,0,0,0,0,0,0,0,0,0,12,0,0,0,0,0,0,0,0,0,0,0,0,0,0,0,0,0,0,0,0,0,16,0,0,0,0,0,0,0,1,1,0,0,3,0,0,0,14,0,4,0,7,0,33,0,1,0,0,0,25,0,0,0,0,0,5,0,0,0,5,0,0,0,0,5,12,0,6,3,12,0,0,0,0,0,0,7,145,0,6,0,21,0,6,0,0,14,12,0,0,0,0,0,0,0,0,0,0,0,0,0,0,0,0,0,0,0,0,0,9,0,0,0,0,0,0,0,0,16,245,0,5,0,20,0,79,0,208,0,30,0,7,0,0,0,0,0,0,0,7,0,0,0,1,0,7,0,0,0
92,20,98,11,0,0,48,7,21,0,0,0,0,0,7,11,169,1,0,0,39,0,11,0,120,3,17,0,0,0,13,0,19,0,12,0,32,0,34,0,0,0,18,0,0,0,0,0,0,0,2,0,18,0,5,0,0,0,0,0,0,0,48,0,1,0,0,0,0,0,2,0,0,0,3,0,0,0,0,0,13,0,0,0,0,0,0,0,0,0,0,0,0,0,0,0,6,0,6,0,0,0,0,0,0,0,0,0,0,0,0,0,0,0,0,0,0,0,0,0,0,0,9,0,1,0,0,0,0,0,0,0,0,0,1,0,27,0,8,0,11,0,32,0,0,0,0,0,0,0,0,0,0,0,3,0,0,0,11,0,1,0,0,0,0,0,0,0,2,0,0,0,11,0,0,0,12,0,0,0,2,0,9,0,2,0,0,0,0,0,0,0,0,0,0,0,0,0,0,0,0,0,0,0,0,0,0,0,0,0,0,0,0,0,0,0,0,0,0,0,12,0,0,0,0,0,75,0,3,3,8,0,8,0,0,0,0,0,10,0,0,0,3,0,20,2,0,0,0
0,122,0,90,0,23,0,146,0,0,0,0,1,0,0,11,0,166,0,0,0,52,8,53,6,16,0,0,0,0,0,71,0,66,0,46,0,37,2,20,0,0,0,7,0,0,0,0,0,0,0,3,0,3,0,6,0,0,0,0,0,1,0,37,0,0,0,0,0,0,0,0,0,0,0,0,0,0,0,0,0,10,0,3,0,6,0,0,0,0,0,0,0,0,0,5,0,0,0,16,0,0,0,0,0,0,0,0,0,0,0,0,0,0,0,0,0,0,0,0,0,7,0,0,0,0,0,0,0,0,0,2,0,6,0,5,0,15,0,26,0,11,0,35,0,0,0,0,0,2,0,0,0,0,0,2,0,0,0,14,0,1,0,0,0,0,0,0,0,0,0,0,0,1,0,0,1,12,0,3,0,0,0,0,0,0,0,0,0,0,0,0,0,0,0,0,0,0,0,0,0,0,0,0,0,0,0,0,0,1,0,0,0,0,0,0,0,0,0,0,3,0,0,0,0,0,0,6,0,0,1,1,1,0,0,0,0,0,0,0,0,0,0,0,0,0,0,0,0
10,0,61,0,74,22,0,0,0,0,30,9,0,6,152,10,58,0,28,26,77,0,74,0,3,0,13,4,13,0,0,4,7,0,8,0,39,0,8,0,0,0,59,0,4,0,0,0,0,0,3,0,3,0,0,0,0,0,0,0,1,0,9,0,0,0,0,0,0,0,0,0,0,0,0,0,0,0,0,0,63,0,0,0,0,0,0,0,0,0,13,0,0,0,10,0,28,0,53,0,0,0,0,0,0,0,0,0,0,0,0,0,0,0,0,0,0,0,0,0,6,0,0,0,0,0,0,0,3,0,0,0,0,0,11,0,34,0,0,0,24,0,87,0,8,0,0,0,0,0,0,0,3,0,3,0,0,0,0,0,0,0,1,0,2,0,38,0,19,0,1,0,12,0,0,0,28,4,5,0,0,0,0,0,0,0,0,0,0,0,0,0,0,0,0,0,0,0,0,0,0,0,0,0,0,0,0,0,0,0,0,0,0,0,0,0,0,0,0,0,37,4,0,0,6,0,85,4,12,0,25,0,0,1,0,0,0,0,0,0,0,0,6,0,0,0,0,0,0
0,42,0,42,18,179,0,11,0,0,0,48,0,20,42,94,0,42,8,86,0,76,3,40,0,0,0,16,0,71,4,0,0,10,3,31,0,22,0,8,0,0,0,26,0,2,0,0,0,0,0,7,0,3,0,2,0,0,0,0,0,5,0,34,0,5,0,0,0,0,0,0,0,0,0,0,0,0,0,0,0,30,0,0,0,0,0,0,0,8,0,0,0,0,0,0,0,0,0,31,0,24,0,0,0,0,0,0,0,0,0,0,0,0,0,0,0,0,0,0,0,21,0,13,0,0,0,0,0,0,0,0,0,0,0,0,0,24,0,41,0,11,0,80,0,0,0,0,0,3,0,0,0,0,0,3,0,0,0,33,0,0,0,0,0,1,0,6,0,0,0,0,0,5,0,0,0,30,0,3,0,0,0,5,0,2,0,0,0,0,0,0,0,0,0,0,0,0,0,0,0,0,0,0,0,1,0,0,0,0,0,0,0,0,0,0,0,0,0,0,0,16,0,0,0,0,0,19,0,9,0,5,0,0,0,0,0,1,0,0,0,0,0,0,0,0,0,0,0
58,23,209,17,133,31,11,0,4,0,75,0,2,0,35,33,95,2,0,0,44,3,91,11,0,0,4,0,19,0,7,0,0,0,4,0,29,8,5,0,0,0,13,0,3,0,0,0,0,0,1,0,0,0,0,0,0,0,0,0,0,0,43,0,0,0,0,0,3,0,32,0,0,0,20,0,0,0,0,0,158,0,0,0,82,0,68,0,29,0,5,0,0,0,0,0,42,0,112,0,14,0,0,0,0,0,0,0,0,0,0,0,0,0,0,0,0,0,0,0,0,0,62,0,0,0,0,0,0,0,0,0,0,0,0,0,52,0,21,0,68,0,107,0,36,0,0,0,0,0,0,0,0,0,12,0,1,0,5,0,2,0,0,0,0,0,22,0,10,0,0,0,11,0,0,0,32,8,16,0,0,0,18,0,0,0,0,0,0,0,0,0,0,0,0,0,0,0,0,0,0,0,0,0,0,0,0,0,0,1,0,0,0,0,0,0,0,0,0,0,32,7,0,0,0,0,121,3,17,0,8,0,0,0,0,0,4,0,3,1,4,1,8,0,0,0,0,0,0
0,89,23,144,31,233,0,0,0,0,35,111,10,4,108,99,1,46,12,20,32,69,27,48,0,0,2,6,0,66,0,10,0,0,0,33,0,114,0,9,0,0,0,15,0,3,0,0,0,0,0,9,0,9,0,8,0,7,0,0,0,16,0,44,0,0,0,0,0,0,0,2,0,0,0,0,0,0,0,0,0,21,0,0,0,13,0,21,0,0,0,0,0,0,0,0,0,0,0,0,0,0,0,0,0,0,0,0,0,0,0,0,0,0,0,0,0,0,0,0,0,0,0,8,0,0,0,0,0,2,0,0,0,8,0,0,0,14,0,34,0,21,0,70,0,0,0,0,0,0,0,0,0,0,0,9,0,0,0,0,0,0,0,0,0,0,0,9,0,2,0,0,0,4,0,0,0,45,0,5,0,0,0,7,0,0,0,0,0,0,0,0,0,0,0,0,0,0,0,0,0,0,0,0,0,0,0,0,0,0,0,0,0,0,0,0,0,5,0,0,8,17,0,0,0,0,0,35,0,19,0,0,0,0,0,0,1,1,0,4,0,0,0,1,0,7,0,0,0
0,0,3,0,45,13,0,0,0,0,8,5,51,38,55,0,17,0,52,118,25,12,3,0,0,0,28,58,12,0,8,3,4,0,0,0,28,13,0,0,0,5,17,0,5,0,0,0,0,0,31,2,0,0,1,0,0,0,0,0,0,0,5,0,0,0,1,0,0,0,0,0,0,0,4,0,0,0,0,0,0,0,0,0,6,0,0,0,0,0,0,0,0,0,0,0,0,0,0,0,5,0,0,0,0,0,0,0,0,0,0,0,0,0,0,0,0,0,0,0,0,0,0,0,0,0,0,0,0,0,0,0,0,0,0,0,0,0,0,0,0,0,18,0,9,0,0,0,0,0,0,0,0,0,0,0,0,0,0,0,0,0,0,0,25,0,16,0,17,0,0,0,0,0,0,0,21,10,16,0,9,0,4,0,0,0,8,0,0,0,0,0,0,0,0,0,0,0,0,0,0,0,0,0,0,0,0,0,0,0,0,0,0,0,0,0,0,0,25,5,4,0,0,0,68,0,64,0,7,0,13,0,0,2,0,0,3,0,0,0,0,0,0,0,0,0,0,0,0
0,15,0,6,0,78,0,0,0,0,0,20,18,141,11,12,0,0,18,177,27,25,0,0,0,0,25,79,0,46,0,31,0,33,0,0,7,24,0,10,5,2,0,1,0,0,0,0,0,0,5,8,0,2,0,3,0,0,0,0,0,3,0,8,0,0,0,0,0,0,0,0,0,0,0,2,0,0,0,0,0,0,0,0,0,0,0,0,0,0,0,0,0,0,0,2,0,0,0,0,0,0,0,0,0,0,0,0,0,0,0,0,0,0,0,0,0,0,0,0,0,0,0,6,0,0,0,1,0,0,0,0,0,3,0,0,0,0,0,23,0,28,0,48,0,12,0,1,0,0,0,0,0,0,0,6,0,0,0,24,0,0,0,2,0,8,0,14,0,5,0,0,0,7,0,0,0,29,0,0,0,0,0,2,0,0,0,4,0,0,0,0,0,0,0,0,0,0,0,0,0,0,0,0,0,0,0,0,0,0,0,0,0,0,0,0,0,0,0,12,0,14,0,2,0,40,0,27,0,0,0,5,0,5,0,0,0,0,0,0,0,0,0,3,0,0,0,0,0
83,17,73,9,156,36,6,0,0,0,64,24,40,26,123,25,16,0,60,65,26,14,9,7,7,0,37,15,32,0,39,0,29,0,28,7,0,14,28,0,0,2,70,1,36,0,0,0,0,0,47,0,28,0,2,0,0,0,0,0,3,3,48,0,0,0,0,0,0,0,49,0,1,0,38,0,0,0,0,0,113,0,16,0,29,0,37,0,0,0,0,0,1,0,14,0,0,0,66,0,15,0,0,0,0,0,0,0,0,0,0,0,1,0,0,0,0,0,0,0,18,0,35,0,0,0,0,0,0,0,0,0,0,0,0,0,0,0,74,0,50,0,58,0,80,0,0,0,0,0,0,0,0,0,34,0,2,0,30,0,0,0,9,0,19,0,38,1,75,0,0,0,25,0,0,0,33,24,33,0,0,0,0,0,0,0,0,0,0,0,0,0,0,0,0,0,0,0,0,0,5,0,0,0,0,0,0,0,0,0,0,0,0,0,0,0,0,0,5,0,40,0,0,0,35,0,81,0,16,0,17,5,0,4,0,0,5,0,2,0,5,0,7,0,8,0,0,0,0
15,173,46,91,40,258,0,17,0,0,15,139,35,189,50,48,3,12,29,167,32,24,41,12,0,0,32,33,0,37,0,22,8,114,13,24,14,0,0,35,2,1,5,36,0,5,0,1,0,2,8,17,0,13,0,8,0,4,0,0,0,24,0,43,0,6,0,3,0,0,0,0,0,0,0,0,0,0,0,0,0,9,0,3,0,0,0,0,0,0,0,0,0,0,0,0,0,0,0,14,0,0,0,0,0,0,0,0,0,0,0,0,0,0,0,0,0,0,0,0,0,12,0,8,0,0,0,3,0,0,0,0,0,0,0,0,0,0,0,97,0,61,0,84,0,18,0,0,0,0,0,0,0,0,0,37,0,15,0,63,0,0,1,1,0,13,0,24,0,28,0,4,0,24,0,0,9,83,1,6,0,22,0,7,0,0,1,11,0,0,0,0,0,0,0,0,0,3,0,0,0,0,0,0,0,0,0,0,0,0,0,0,0,0,0,0,0,5,0,7,9,39,0,5,2,60,0,53,7,70,0,6,0,9,0,0,0,1,0,2,0,1,0,0,0,13,0,0,0
354,52,389,39,45,2,135,23,67,0,9,0,2,0,2,32,191,9,0,0,4,0,49,18,110,10,0,0,34,2,8,0,5,0,0,0,28,0,0,4,0,0,0,0,0,0,0,0,0,0,1,0,5,0,0,0,0,0,0,0,0,4,24,0,0,0,0,0,0,0,0,0,0,0,5,0,0,0,0,0,29,0,0,0,9,0,6,0,0,0,0,0,0,0,0,0,0,0,0,0,0,0,0,0,0,0,0,0,0,0,0,0,0,0,0,0,0,0,0,0,3,0,5,0,0,0,0,0,0,0,0,0,0,0,0,0,0,0,0,0,17,0,31,0,10,0,0,0,0,0,0,0,12,0,5,0,0,0,2,0,0,0,0,0,0,0,1,0,0,1,0,0,37,0,0,0,38,7,3,0,27,0,48,0,0,0,0,0,0,0,0,0,0,0,0,0,0,0,0,0,0,0,1,0,0,0,0,0,4,0,2,0,0,0,13,0,0,0,0,0,36,6,0,0,2,0,146,7,0,0,7,0,38,6,6,0,0,0,20,3,10,1,3,0,56,0,0,0,0
19,271,29,155,13,61,0,121,0,7,0,33,0,0,20,24,10,135,0,0,0,16,17,33,14,0,0,0,0,20,0,8,0,9,0,10,0,35,4,0,0,0,0,2,0,3,0,0,0,0,0,0,0,10,0,11,0,0,0,0,0,11,0,23,0,0,0,0,0,0,0,0,0,0,0,0,0,0,0,0,0,0,0,0,0,2,0,0,0,0,0,0,0,0,0,0,0,0,0,0,0,0,0,0,0,0,0,0,0,0,0,0,0,0,0,0,0,0,0,0,0,4,0,0,0,0,0,2,0,0,0,0,0,0,0,0,0,0,0,21,0,3,0,20,0,0,0,0,0,8,0,0,0,0,0,6,0,6,0,10,0,0,0,0,0,0,0,0,0,0,0,0,1,0,0,0,0,53,0,0,0,0,2,0,0,0,0,0,0,0,0,0,0,0,0,0,0,0,0,0,0,0,0,0,0,0,0,0,0,0,0,0,0,0,0,4,0,0,0,0,0,10,0,0,0,0,2,36,0,0,0,3,0,0,0,0,0,0,0,3,1,0,0,1,0,10,0,0,0
23,0,11,0,25,0,6,0,11,0,43,0,113,47,0,0,0,0,1,99,1,4,0,0,0,0,33,143,0,0,0,0,0,0,0,5,0,2,0,0,0,83,19,4,16,16,14,75,60,0,10,17,0,0,0,0,0,0,0,0,0,0,0,0,2,0,0,0,0,0,0,0,0,0,0,0,0,0,0,0,0,0,0,0,0,0,0,0,0,0,0,0,0,0,0,0,0,0,0,0,0,0,0,0,0,0,2,0,0,0,0,0,0,0,0,0,0,0,0,0,0,0,0,0,0,0,0,0,1,0,0,0,0,0,0,0,0,0,0,0,0,0,0,0,0,0,6,0,4,0,0,0,11,0,0,0,0,0,0,0,0,0,0,0,19,0,0,0,0,0,0,0,0,0,5,0,35,29,14,0,18,0,18,0,9,0,55,1,0,0,0,0,0,0,0,0,1,0,0,0,0,0,0,0,0,0,0,0,0,0,0,0,0,0,0,0,0,0,152,33,0,0,36,48,15,0,6,0,2,0,0,0,0,0,2,0,0,0,0,0,0,0,0,0,0,0,0,0,0
0,64,0,0,0,42,0,0,0,0,0,130,7,311,0,1,0,0,4,10,5,4,0,0,0,0,191,38,0,0,0,0,0,0,5,2,2,1,0,0,83,0,35,33,62,39,104,89,13,92,9,50,0,0,0,0,0,0,0,0,0,0,0,0,0,0,0,0,0,0,0,0,0,0,0,0,0,1,0,0,0,0,0,0,0,0,0,0,0,0,0,0,0,0,0,3,0,0,0,0,0,0,0,0,0,0,0,0,0,0,0,0,0,0,0,0,0,0,0,0,0,0,0,0,0,0,0,0,0,0,0,0,0,0,0,0,0,0,0,0,0,0,0,0,0,0,0,0,0,0,0,0,0,2,0,0,0,0,0,0,0,0,0,0,0,11,0,1,0,0,0,0,0,0,0,0,0,82,0,2,0,4,0,0,0,0,38,13,0,0,0,0,0,0,0,0,0,1,0,0,0,0,0,0,0,0,0,0,0,0,0,0,0,0,0,0,0,0,42,138,0,0,10,146,0,3,0,4,0,0,0,0,0,0,0,0,0,0,0,0,0,0,0,0,0,0,0,0,0
0,0,10,0,0,0,0,0,3,0,0,0,43,43,0,0,9,0,10,75,17,0,0,0,0,0,81,108,18,0,59,0,13,0,17,0,70,5,0,0,19,35,0,4,53,3,26,14,0,0,30,11,7,0,0,0,1,0,0,0,0,0,16,0,0,0,0,0,0,0,15,0,0,0,0,0,0,0,2,0,0,0,5,0,0,0,26,0,0,0,0,0,0,0,0,0,13,0,32,0,0,0,0,0,0,0,0,0,0,0,0,0,0,0,0,0,0,0,0,0,0,0,0,0,0,0,0,0,0,0,2,0,0,0,0,0,0,0,13,0,0,0,0,0,9,0,2,0,3,0,5,0,0,0,3,0,0,0,6,0,0,0,1,0,65,0,6,0,0,0,4,0,3,0,4,0,11,0,0,0,0,0,0,0,2,0,9,0,0,0,0,0,0,0,0,0,0,0,0,0,0,0,0,0,0,0,0,0,0,0,0,0,0,0,1,0,0,0,206,13,8,0,21,0,82,0,19,0,12,0,0,0,0,0,0,0,1,0,0,0,0,0,0,0,2,0,0,0,0
0,13,0,0,0,7,0,0,0,6,0,6,3,131,0,0,0,2,0,53,2,9,0,2,0,0,18,169,0,7,0,26,0,15,0,1,1,36,0,2,4,33,4,0,1,21,11,40,0,15,1,12,0,0,0,0,0,0,0,4,0,3,0,6,0,0,0,0,0,0,0,4,0,0,0,0,0,3,0,0,0,0,0,0,0,0,0,21,0,0,0,0,0,0,0,0,0,0,0,0,0,0,0,0,0,0,0,0,0,0,0,0,0,0,0,0,0,0,0,0,0,0,0,0,0,0,0,0,0,0,0,0,0,0,0,0,0,0,0,12,0,9,0,41,0,0,0,0,0,0,0,0,0,0,0,14,0,0,0,0,0,0,0,0,0,8,0,10,0,8,0,1,0,6,0,1,0,8,0,0,0,0,0,0,0,0,4,1,0,0,0,0,0,0,0,0,0,0,0,0,0,0,0,0,0,0,0,0,0,1,0,0,0,0,0,2,0,0,0,51,0,13,0,30,0,57,0,23,0,27,0,1,0,0,0,0,0,0,0,0,0,0,0,0,0,0,0,0,0
4,0,0,0,25,0,0,0,12,0,16,0,37,0,13,0,0,0,0,0,11,0,2,0,19,0,58,13,0,0,4,0,3,0,5,0,36,0,0,0,16,62,53,1,0,2,42,34,39,1,11,0,2,0,5,0,0,0,1,0,0,0,1,0,0,0,0,0,5,0,43,0,4,0,18,0,0,0,0,0,193,0,12,0,72,0,64,0,0,0,0,0,0,0,18,0,58,0,158,0,24,0,0,0,0,0,0,0,0,0,0,0,0,0,0,0,0,0,0,0,20,0,19,0,2,0,0,0,0,0,0,0,0,0,0,0,0,0,5,0,18,0,76,0,15,0,0,0,0,0,0,0,0,0,0,0,0,0,0,0,0,0,0,0,74,0,7,0,0,0,6,0,5,0,0,0,5,12,11,0,8,0,0,0,0,0,20,0,0,0,0,0,0,0,0,0,0,0,0,0,0,0,0,0,0,0,0,0,0,0,0,0,0,0,0,0,0,0,129,9,6,0,127,17,20,0,44,0,9,0,0,0,0,0,0,0,2,0,0,0,1,0,2,0,0,0,0,0,0
0,9,0,0,0,0,0,0,0,0,0,5,0,27,2,0,0,0,0,6,0,24,0,0,0,0,14,94,0,0,0,2,0,3,0,0,0,5,0,3,16,39,3,21,2,0,12,127,2,30,0,37,0,0,0,3,0,0,0,0,0,0,0,0,0,0,0,1,0,11,0,0,0,2,0,0,0,31,0,3,0,12,0,13,0,0,0,27,0,25,0,0,0,1,0,24,0,0,0,7,0,13,0,9,0,0,0,0,0,0,0,0,0,0,0,0,0,1,0,0,0,22,0,14,0,0,0,0,0,0,0,0,0,0,0,0,0,8,0,14,0,25,0,54,0,11,0,0,0,0,0,0,0,2,0,0,0,0,0,7,0,0,0,3,0,25,0,2,0,39,0,6,0,3,0,0,0,14,0,1,0,0,0,0,0,0,1,0,0,0,0,0,0,0,0,8,0,3,0,0,0,0,0,0,0,0,0,0,0,0,0,0,0,0,0,0,0,8,3,152,0,32,0,151,0,44,0,15,0,32,0,3,0,21,0,2,0,0,0,0,0,0,0,1,0,0,0,0,0
13,0,0,0,23,0,0,0,6,0,13,0,41,23,8,0,0,0,0,24,0,0,0,0,0,0,15,123,0,0,0,0,0,0,0,0,0,0,0,0,14,104,26,11,42,12,0,78,17,0,0,19,0,0,2,0,0,0,0,0,0,0,0,0,3,0,0,0,0,0,0,0,0,0,0,0,1,0,0,0,0,0,0,0,0,0,0,0,0,0,0,0,0,0,0,0,0,0,0,0,0,0,0,0,0,0,0,0,0,0,0,0,0,0,0,0,0,0,0,0,0,0,0,0,0,0,2,0,0,0,0,0,0,0,0,0,3,0,0,0,0,0,0,0,0,0,0,0,5,0,0,0,0,0,0,0,0,0,0,0,0,0,0,0,22,0,1,0,0,1,0,0,0,0,0,0,8,23,4,0,6,0,6,0,0,0,18,0,0,0,0,0,0,0,0,0,0,0,0,0,0,0,0,0,0,0,0,0,0,0,0,0,0,0,0,0,0,0,238,27,0,0,28,34,17,0,1,0,1,0,0,0,0,0,0,0,0,0,0,0,0,0,0,0,0,0,0,0,0
0,24,0,0,0,18,0,0,0,0,0,43,8,105,0,2,0,0,0,13,0,11,0,0,0,0,67,36,0,0,0,0,0,0,0,0,0,1,0,0,75,89,14,40,34,127,78,0,16,26,0,35,0,0,0,0,0,0,0,0,0,0,0,0,0,2,0,0,0,2,0,0,0,0,0,0,0,4,0,0,0,0,0,0,0,0,0,0,0,0,0,0,0,0,0,0,0,0,0,0,0,0,0,2,0,0,0,0,0,0,0,0,0,0,0,0,0,0,0,0,0,1,0,0,0,0,0,0,0,0,0,0,0,0,0,0,0,0,0,0,0,0,0,2,0,0,0,0,0,0,0,0,0,0,0,0,0,0,0,0,0,0,0,0,0,12,0,0,0,0,0,0,0,0,0,1,2,55,0,1,0,0,0,0,0,0,45,3,0,0,0,0,0,0,0,0,0,0,0,0,0,0,0,0,0,0,0,0,0,0,0,0,0,0,0,0,0,0,23,128,0,0,4,171,0,0,0,2,0,0,0,0,0,0,0,0,0,0,0,1,0,0,0,0,0,0,0,0,0
0,0,0,0,6,0,6,0,0,0,9,0,30,0,0,0,0,0,0,0,0,0,0,0,3,0,14,3,0,0,0,0,0,0,0,0,0,0,0,0,60,13,0,0,39,2,17,16,0,0,3,0,0,0,0,0,3,0,5,0,0,0,0,0,1,0,0,0,4,0,0,0,0,0,0,0,0,0,0,0,0,0,0,0,0,0,2,0,1,0,2,0,1,0,0,0,1,0,2,0,0,0,0,0,0,0,0,0,0,0,0,0,0,0,0,0,0,0,0,0,0,0,0,0,0,0,0,0,0,0,0,0,0,0,3,0,1,0,0,0,0,0,2,0,0,0,0,0,2,0,2,0,0,0,0,0,1,0,0,0,1,0,0,0,1,0,1,0,0,0,0,0,1,0,2,0,3,5,3,0,4,0,0,0,0,0,17,0,6,0,0,0,7,0,3,0,0,0,0,0,5,0,1,0,10,0,0,0,1,0,0,0,0,0,0,0,3,0,11,1,11,0,14,11,2,0,7,0,19,0,2,0,0,0,0,0,0,0,0,0,0,0,0,0,1,0,0,0,0
0,6,0,0,0,0,0,0,0,0,0,31,0,67,0,0,0,0,0,2,0,1,0,0,0,0,0,14,0,0,0,0,0,0,0,0,0,2,0,0,0,92,0,15,1,30,0,26,0,0,0,19,0,0,0,0,0,0,0,0,0,0,0,0,0,0,0,0,0,4,0,0,0,0,0,0,0,1,0,0,0,1,0,0,0,0,0,0,0,0,0,0,0,0,0,1,0,0,0,0,0,0,0,0,0,0,0,0,0,0,0,0,0,0,0,0,0,0,0,0,0,0,0,0,0,0,0,0,0,0,0,0,0,0,0,0,0,1,0,0,0,0,0,0,0,0,0,0,0,0,0,0,0,0,0,0,0,0,0,0,0,0,0,0,0,1,0,0,0,0,0,0,0,0,0,0,0,16,0,1,0,2,0,0,0,0,0,3,0,0,0,0,0,0,0,0,0,0,0,0,0,0,0,0,0,0,0,0,0,0,0,0,0,0,0,0,0,0,0,6,0,0,1,36,0,1,0,4,0,4,0,0,0,2,0,0,0,0,0,0,0,0,0,0,0,0,0,0,0
0,1,0,0,27,0,0,0,0,0,0,0,97,35,0,0,0,0,68,117,0,0,0,0,0,0,114,67,2,0,3,0,1,0,31,5,47,8,1,0,10,9,30,1,11,0,0,0,3,0,0,7,0,0,0,0,3,0,0,0,0,0,1,0,0,0,0,0,0,0,30,0,1,0,6,0,11,0,7,0,69,0,17,0,0,0,22,0,0,0,0,0,0,0,18,0,0,0,49,0,14,0,0,0,0,0,0,0,0,0,0,0,0,0,0,0,0,0,0,0,0,0,6,0,0,0,2,0,0,0,0,0,0,0,0,0,9,0,0,0,0,0,14,0,10,0,0,0,0,0,0,0,0,0,0,0,1,0,0,0,0,0,7,0,64,0,3,0,54,0,5,0,12,0,3,0,24,9,13,0,8,0,2,0,0,0,6,1,0,0,0,0,0,0,0,0,0,0,0,0,4,0,0,0,0,0,0,0,0,0,0,0,0,0,0,0,0,0,36,2,16,3,6,1,95,0,25,0,16,0,6,0,2,0,0,0,0,0,0,0,0,0,0,0,4,0,0,0,0
0,0,0,2,0,18,0,6,0,0,0,0,21,187,4,0,0,3,6,55,8,10,0,0,0,0,65,147,0,3,0,7,0,9,2,8,0,17,0,0,17,50,11,12,0,37,19,35,0,19,7,0,0,1,0,6,0,4,0,5,0,0,0,3,0,0,0,2,0,2,0,0,0,1,0,0,0,4,0,2,0,7,0,10,0,6,0,21,0,5,0,0,0,0,0,5,0,0,0,10,0,7,0,0,0,0,0,0,0,0,0,0,0,0,0,0,0,0,0,0,0,20,0,0,0,0,0,0,0,0,0,0,0,0,0,0,0,6,0,12,0,11,0,51,0,18,0,1,0,0,0,0,0,0,0,0,0,1,0,4,0,2,0,4,0,7,0,3,0,23,0,2,0,15,0,0,0,17,0,0,1,0,0,0,0,0,0,9,0,0,0,0,0,0,0,0,0,0,0,0,0,0,0,0,0,0,0,0,0,0,0,0,0,0,0,1,0,0,1,47,0,27,0,30,0,39,0,10,0,9,0,3,0,0,0,0,0,1,0,0,0,0,0,2,0,3,0,0,0
3,0,0,0,0,0,102,14,50,67,0,0,3,0,6,0,124,0,0,0,18,0,0,0,57,2,0,0,18,0,3,0,0,0,0,0,28,0,5,0,0,0,7,0,2,0,0,0,0,0,0,0,0,1,110,21,61,7,36,27,41,0,88,1,0,5,11,67,0,0,2,0,0,0,0,0,1,0,0,0,0,0,0,0,20,0,0,0,0,0,0,0,0,0,0,0,0,0,0,0,0,0,0,0,0,0,0,0,0,0,0,0,0,0,0,0,0,0,0,0,0,0,11,0,0,0,0,0,15,0,2,0,0,0,2,0,101,0,72,3,43,0,57,0,7,0,0,0,0,0,0,0,0,0,126,0,27,0,71,0,16,0,10,0,2,0,2,0,21,0,92,0,30,0,0,0,2,0,0,0,0,0,0,0,0,9,0,0,0,0,0,0,0,0,0,0,0,0,0,0,0,0,0,0,0,0,0,0,0,0,3,1,4,0,43,0,0,0,14,0,102,0,31,0,44,0,490,1,120,0,0,0,41,0,27,1,0,0,34,0,3,0,1,0,75,1,0,0,0
0,13,0,0,0,0,0,49,16,79,0,0,0,0,0,5,0,45,0,7,0,11,0,4,0,0,0,0,0,3,0,3,0,9,0,2,0,13,0,10,0,0,0,0,0,0,0,0,0,0,0,1,1,0,3,61,0,17,9,50,0,53,0,49,0,0,22,9,0,0,0,0,0,0,0,0,0,0,0,0,0,3,0,1,0,2,0,2,0,0,0,2,0,0,0,0,0,4,0,6,0,3,0,0,0,0,0,0,0,0,0,0,0,0,0,0,0,0,0,0,0,0,0,0,0,0,0,4,0,10,0,6,0,14,0,6,0,18,0,66,0,7,0,18,0,6,0,0,0,0,0,0,0,0,0,44,0,41,0,109,0,8,0,0,0,0,0,0,0,0,0,0,0,0,0,0,0,14,0,0,0,1,0,1,0,2,0,0,0,0,0,0,0,0,0,0,0,0,0,0,0,0,0,0,0,0,0,0,0,0,0,0,0,0,0,9,0,0,0,0,0,19,0,0,0,1,0,90,0,23,1,0,0,36,0,5,0,0,1,0,0,0,0,0,0,18,0,0,0
1,12,34,0,0,0,39,56,22,258,0,0,0,0,7,0,35,0,11,0,8,0,16,0,219,14,11,0,5,0,0,0,0,0,1,0,2,0,0,0,0,0,0,0,5,0,2,0,0,0,0,0,110,3,0,67,27,7,9,17,14,0,57,11,0,0,11,48,0,0,0,0,0,0,0,0,0,0,0,0,0,0,0,0,1,0,0,0,2,0,0,0,0,0,0,0,4,0,1,0,0,0,0,0,0,0,0,0,0,0,0,0,0,0,0,0,0,0,0,0,0,0,0,0,7,0,13,0,9,0,5,0,6,0,3,0,12,0,1,0,1,0,8,0,0,0,3,0,0,0,0,0,0,0,15,0,5,0,15,0,32,1,0,0,0,0,4,0,28,0,81,0,14,0,0,0,2,0,0,0,0,0,0,0,0,7,0,0,0,0,0,0,0,0,0,0,0,0,0,0,0,0,0,0,0,0,0,0,11,0,5,0,3,0,188,0,0,0,15,0,255,1,54,1,63,1,261,4,165,0,3,0,132,7,88,2,3,0,70,0,11,0,5,0,241,2,0,0,0
0,8,2,71,0,0,74,225,264,64,0,0,0,0,0,67,2,44,0,11,0,20,0,58,4,87,0,5,0,6,0,2,0,8,0,3,0,8,0,11,0,0,0,0,0,3,0,0,0,0,0,6,21,61,67,0,8,50,56,61,0,45,18,125,0,0,100,0,0,0,0,1,0,0,0,0,0,0,0,0,0,0,0,0,0,6,0,0,0,0,0,3,0,0,0,1,0,8,0,5,0,0,0,0,0,0,0,0,0,0,0,0,0,0,0,0,0,0,0,0,0,0,0,0,0,8,0,12,0,2,0,26,0,18,0,32,0,88,0,14,0,3,0,25,0,1,0,0,0,5,0,0,0,0,0,11,0,20,0,3,2,13,0,0,0,0,0,1,0,8,0,26,0,19,0,0,12,2,0,0,0,0,0,0,0,11,0,0,0,0,0,0,0,0,0,0,0,0,0,0,0,6,0,0,0,0,0,5,1,26,0,4,0,1,0,135,0,1,0,5,1,204,0,47,1,25,0,139,4,210,0,0,0,128,0,39,0,1,4,11,0,0,0,1,2,55,0,0,0
0,0,0,0,1,0,17,0,8,23,0,0,0,0,2,0,26,0,0,0,3,0,3,0,76,0,0,0,0,0,0,0,0,0,0,0,0,0,0,0,0,0,1,0,0,0,0,0,3,0,3,0,61,0,27,8,0,20,117,46,3,0,3,0,22,41,75,103,0,0,0,0,0,0,0,0,0,0,0,0,0,0,0,0,0,0,0,0,0,0,0,0,0,0,0,0,2,0,0,0,0,0,0,0,0,0,0,0,0,0,0,0,0,0,0,0,0,0,0,0,0,0,1,0,8,0,12,0,11,0,42,1,9,0,3,0,4,0,0,5,0,0,8,0,19,0,5,0,15,4,3,0,0,0,123,18,8,0,65,14,55,0,46,0,4,0,0,0,41,0,43,0,0,0,3,12,0,1,0,0,0,12,0,0,4,16,0,0,0,0,0,0,0,0,0,0,0,0,0,0,0,0,0,0,0,0,1,0,12,0,0,0,8,0,202,1,0,0,34,1,334,2,106,0,72,1,107,4,334,0,20,0,256,5,327,4,10,1,88,0,14,0,21,0,171,5,0,0,0
1,5,0,1,0,4,0,15,20,10,0,0,0,0,0,4,0,40,0,3,0,13,0,12,0,12,0,2,0,0,0,0,0,7,0,0,0,4,0,0,0,0,0,0,0,0,0,0,0,0,0,4,7,17,7,50,20,0,49,30,0,4,0,32,16,4,70,0,0,0,0,0,0,0,0,0,0,0,0,0,0,3,0,0,0,4,0,2,0,0,0,0,0,0,0,0,0,23,0,6,0,0,0,0,0,0,0,0,0,0,0,0,0,0,0,0,0,0,0,0,0,0,0,1,0,5,0,14,0,13,4,23,0,19,0,10,0,51,3,16,0,7,0,13,5,0,3,0,6,3,0,0,0,0,12,117,0,9,9,71,21,19,0,14,0,0,0,0,0,58,0,71,0,11,0,3,0,0,0,0,0,0,0,0,4,22,0,0,0,0,0,0,0,0,0,0,0,0,0,0,0,6,0,0,0,0,0,1,0,15,0,0,0,2,0,154,0,0,0,4,0,259,0,61,0,31,0,52,0,449,0,0,2,66,0,107,0,2,0,6,0,0,0,1,3,30,0,0,0
0,2,11,0,0,0,6,0,32,105,0,0,0,0,2,0,0,0,0,0,5,0,0,0,16,0,0,0,0,0,0,0,0,0,0,0,0,0,0,0,0,0,0,0,1,0,0,0,5,0,0,0,36,9,9,56,117,49,0,107,10,0,3,6,113,52,278,283,0,0,0,0,0,0,0,0,0,0,0,0,0,0,0,0,0,0,0,0,0,0,0,0,0,0,0,0,0,0,0,0,0,0,0,0,0,0,0,0,0,0,0,0,0,0,0,0,0,0,0,0,0,0,0,0,1,0,3,0,0,0,12,0,1,0,0,0,0,0,0,0,0,0,0,0,0,2,1,0,21,0,0,0,0,0,26,11,8,0,4,14,26,0,0,0,0,0,0,0,16,0,29,0,2,0,0,3,19,0,0,0,10,19,0,0,13,51,0,0,0,0,0,0,0,0,0,0,0,0,0,0,0,0,0,0,0,0,0,0,2,0,0,0,0,0,172,0,0,0,0,0,173,2,45,0,29,0,123,4,125,1,15,0,236,12,334,8,7,0,124,1,28,0,25,0,291,5,0,0,0
0,8,0,14,0,3,7,5,18,18,0,0,0,0,0,26,0,6,0,0,0,0,0,14,0,21,0,0,0,0,0,0,0,0,0,0,0,0,0,0,0,0,0,4,0,0,0,0,0,0,0,5,27,50,17,61,46,30,107,0,0,23,0,23,83,107,132,81,0,0,4,0,0,0,0,0,0,0,0,0,0,0,0,0,0,0,0,0,0,0,0,0,0,0,0,0,0,0,0,0,0,0,0,0,0,0,0,0,0,0,0,0,0,0,0,0,0,0,0,0,0,0,0,0,0,8,0,2,0,1,0,25,0,6,0,1,0,1,0,8,2,0,0,0,13,15,0,0,7,8,0,1,0,0,36,35,0,57,13,12,39,11,1,7,0,0,0,0,0,45,0,36,0,0,0,26,0,0,0,0,0,0,0,1,0,44,0,0,0,0,0,0,0,0,0,0,2,0,0,0,0,0,0,0,0,0,0,0,0,4,0,10,0,1,0,443,0,0,0,7,2,505,1,125,0,36,2,167,0,667,0,9,6,362,0,490,0,0,4,29,2,5,1,4,8,181,0,0,0
36,0,0,0,1,0,114,10,104,5,0,0,0,0,2,0,5,0,1,0,0,0,0,0,26,0,0,0,0,0,1,0,0,0,0,0,3,0,0,0,0,0,0,0,0,0,0,0,0,0,0,0,41,0,14,0,3,0,10,0,0,0,10,0,0,0,0,0,0,0,11,0,2,0,4,0,0,0,0,0,0,0,0,0,0,0,0,0,0,0,0,0,0,0,0,0,0,0,0,0,0,0,0,0,0,0,0,0,0,0,0,0,0,0,0,0,0,0,0,0,0,0,0,0,0,0,0,0,0,0,0,0,0,0,0,0,0,0,105,0,24,0,0,0,159,0,0,0,0,0,0,0,0,0,46,0,18,0,58,0,2,0,1,0,1,0,0,0,3,0,37,0,9,0,0,0,7,0,0,0,0,0,8,0,0,0,0,0,0,0,0,0,0,0,0,0,0,0,0,0,0,0,0,0,0,0,0,0,0,0,0,0,3,0,15,0,0,0,3,0,63,0,20,0,12,0,250,0,21,0,0,0,16,0,7,0,1,0,24,0,5,0,5,0,49,0,0,0,0
13,195,13,29,2,2,21,181,0,171,0,0,0,0,0,7,7,9,0,10,1,10,6,3,13,11,1,0,0,1,0,5,0,16,0,3,3,24,4,11,0,0,0,3,0,0,0,0,0,0,0,0,0,53,0,45,0,4,0,23,0,0,1,14,0,0,0,5,0,0,0,1,0,0,0,0,0,0,0,0,0,0,0,0,0,0,0,2,0,0,0,0,0,0,0,0,0,0,0,0,0,0,0,0,0,0,0,0,0,0,0,0,0,0,0,0,0,0,0,0,0,0,0,0,0,0,0,0,0,1,0,0,0,0,0,0,0,2,0,84,0,14,0,5,0,33,0,0,0,0,0,0,0,0,0,41,0,44,0,85,0,0,0,0,0,0,0,0,0,2,0,16,0,6,0,0,0,70,0,0,0,0,0,21,0,10,0,0,0,0,0,0,0,0,0,0,0,0,0,0,0,0,0,0,0,1,0,0,0,0,0,2,0,1,0,14,0,0,0,0,0,43,0,9,0,4,0,205,0,65,0,0,0,48,0,0,0,0,2,4,0,1,2,1,0,34,0,0,0
22,22,6,3,0,0,245,46,192,57,1,0,1,0,4,0,151,0,8,0,29,0,0,0,140,35,29,0,48,0,9,0,43,0,5,0,48,0,24,0,0,0,16,0,1,0,0,0,0,0,1,0,88,0,57,18,3,0,3,0,10,1,0,3,0,1,0,0,0,0,0,0,0,0,1,0,0,0,0,0,6,0,0,0,8,0,3,0,0,0,0,0,0,0,1,0,0,0,4,0,0,0,0,0,0,0,0,0,0,0,0,0,0,0,0,0,0,0,0,0,5,0,7,0,0,0,0,0,14,0,0,0,0,0,0,0,32,0,46,0,13,0,25,0,0,0,0,0,0,0,0,0,0,0,18,0,1,0,14,0,3,0,0,0,0,0,1,0,2,0,6,0,15,0,0,0,4,0,0,0,0,0,0,0,0,0,0,0,0,0,0,0,0,0,0,0,0,0,0,0,0,0,0,0,0,0,0,0,0,0,2,0,0,0,10,0,0,0,2,0,30,0,8,0,11,0,474,0,16,0,0,0,14,0,6,0,1,0,13,0,3,0,5,0,25,0,0,0,0
23,234,13,67,0,0,40,438,36,146,0,0,0,0,0,0,24,244,0,0,0,79,7,19,45,77,0,3,0,37,0,34,0,44,0,8,0,43,0,23,0,0,0,6,0,0,0,0,0,0,0,3,1,49,11,125,0,32,6,23,0,14,3,0,0,0,3,3,0,0,0,0,0,0,0,0,0,0,0,0,0,4,0,1,0,0,0,0,0,0,0,0,0,0,0,2,0,0,0,0,0,4,0,0,0,0,0,0,0,0,0,0,0,0,0,0,0,0,0,0,0,0,0,0,0,1,0,3,0,5,0,3,0,6,0,10,0,15,0,17,0,8,0,18,0,10,0,0,0,0,0,0,0,0,0,17,0,18,0,23,0,0,0,0,0,0,0,2,1,1,0,2,1,0,0,0,6,86,0,0,0,1,1,81,0,2,0,0,0,0,0,0,0,0,0,0,0,0,0,1,0,0,0,0,0,0,0,2,0,0,0,0,0,0,0,7,0,0,0,0,3,17,0,0,0,0,0,215,0,13,0,1,0,30,0,0,0,0,0,9,0,0,0,0,5,34,0,0,0
5,0,4,0,4,0,2,0,62,1,2,0,4,0,6,0,0,0,0,0,0,0,0,0,1,0,10,0,1,0,0,0,0,0,0,0,0,0,0,0,2,0,0,0,0,0,3,0,1,0,0,0,0,0,0,0,22,16,113,83,0,0,0,0,0,83,100,85,0,0,4,3,0,0,0,0,0,0,0,0,0,0,0,0,0,0,0,0,0,0,0,0,0,0,0,0,0,0,1,0,0,0,0,0,0,0,0,0,0,0,0,0,0,0,0,0,0,0,0,0,1,0,0,4,14,0,0,0,0,0,59,16,0,0,0,0,1,0,16,5,0,0,0,1,43,7,17,0,57,8,1,0,2,2,16,29,10,0,18,27,100,77,4,0,0,0,0,0,0,0,0,0,0,0,45,44,0,0,0,0,53,31,7,0,29,14,0,0,0,0,0,0,0,0,0,0,0,0,0,0,0,0,0,0,0,0,0,0,0,0,0,0,0,0,0,0,0,0,0,0,0,0,0,0,0,0,12,0,0,0,0,0,0,0,30,0,0,0,16,0,0,0,2,0,5,0,0,0,0
0,66,0,8,0,0,0,2,0,117,0,0,0,12,0,8,3,0,0,44,0,0,0,0,0,0,0,38,0,0,0,5,0,0,0,0,0,6,0,0,0,0,0,0,0,0,0,2,0,0,0,0,5,0,0,0,41,4,52,107,0,0,1,0,83,0,48,276,0,0,35,37,7,3,8,4,0,2,0,0,6,0,0,0,0,0,0,0,0,0,0,0,0,0,0,0,1,0,9,0,0,0,0,0,0,0,0,0,0,0,0,0,0,0,0,0,0,0,0,0,0,15,0,14,13,6,0,16,5,0,69,86,0,0,0,1,0,4,39,51,0,20,0,0,38,91,0,13,47,182,0,4,16,5,29,16,0,0,37,38,116,188,0,10,0,0,1,8,1,7,0,0,0,0,58,110,2,1,0,0,23,36,0,0,0,50,0,0,0,0,0,1,0,0,0,0,0,0,0,1,0,0,0,0,0,0,0,3,0,19,0,0,0,0,6,16,0,0,0,0,0,0,8,0,0,0,0,80,12,42,0,0,0,9,0,85,0,0,0,20,0,0,0,5,0,25,0,0,0
0,0,0,0,0,0,0,0,79,162,2,0,0,0,0,0,0,0,0,0,0,0,0,0,0,0,0,0,0,0,0,0,0,0,1,0,0,0,0,0,0,0,0,0,0,0,0,0,0,0,0,0,11,22,11,100,75,70,278,132,0,0,0,3,100,48,0,279,0,0,0,0,0,0,0,0,0,0,0,0,0,0,0,0,0,0,0,0,0,0,0,0,0,0,0,0,0,0,0,0,0,0,0,0,0,0,0,0,0,0,0,0,0,0,0,0,0,0,0,0,0,0,0,0,0,0,3,0,0,0,20,0,0,0,0,0,0,0,0,1,0,0,0,0,2,0,0,0,15,0,0,0,0,0,19,10,5,3,2,6,35,4,0,0,0,0,0,0,0,0,14,0,0,0,20,0,128,0,0,0,36,24,0,0,64,111,0,0,0,0,0,0,0,0,0,0,0,0,0,0,0,0,0,0,0,0,0,0,0,0,0,0,0,0,0,0,0,0,0,1,39,0,7,0,8,0,40,3,23,0,7,0,40,1,70,0,0,0,32,0,5,0,6,0,83,0,0,0,0
0,35,0,0,0,0,5,2,32,89,0,4,0,10,0,0,0,0,0,10,0,0,0,0,0,0,0,10,0,0,0,0,0,0,0,0,0,3,0,0,0,0,0,0,0,1,0,0,0,0,0,2,67,9,48,0,103,0,283,81,0,5,0,3,85,276,279,0,0,0,0,0,0,0,0,0,0,0,0,0,0,0,0,0,0,0,0,0,0,0,0,0,0,0,0,0,0,0,0,0,0,0,0,0,0,0,0,0,0,0,0,0,0,0,0,0,0,0,0,0,0,0,0,0,0,10,0,5,0,0,6,14,0,2,0,0,0,7,11,8,0,0,0,0,0,19,0,1,0,46,0,2,0,0,51,34,0,21,27,23,48,23,0,0,0,0,0,0,0,9,0,0,0,0,0,40,11,42,0,0,6,89,0,0,18,338,0,0,0,0,0,0,0,0,0,0,0,0,0,2,0,0,0,0,0,0,0,0,0,11,0,1,0,0,0,113,0,0,0,0,0,0,0,0,0,5,1,154,3,129,0,2,0,123,1,158,0,0,0,18,0,0,0,4,0,95,0,0,0
0,0,0,0,0,0,0,0,0,0,0,0,0,0,0,0,0,0,0,0,0,0,0,0,0,0,5,0,0,0,0,0,3,0,0,0,0,0,0,0,0,0,0,0,5,0,0,0,4,0,0,0,0,0,0,0,0,0,0,0,0,0,0,0,0,0,0,0,0,0,0,0,1,0,0,0,49,0,15,0,5,0,22,0,9,0,9,0,9,0,0,0,1,0,25,0,6,0,0,0,3,0,106,0,12,0,12,0,4,0,0,0,0,0,0,0,0,0,0,0,4,0,0,0,0,0,0,0,0,0,0,0,0,0,0,2,0,0,0,0,0,0,0,0,0,0,1,0,0,0,1,0,0,0,0,0,0,0,0,0,0,0,0,0,36,0,0,0,50,0,0,0,0,0,0,0,0,0,0,0,3,0,0,0,0,0,0,0,0,0,0,0,0,0,5,0,0,0,0,0,10,0,0,0,20,0,0,0,0,0,1,0,93,0,81,0,54,0,7,0,2,0,80,0,58,0,0,0,13,0,0,0,0,0,0,0,0,0,0,0,0,0,0,0,0,0,0,0,0
0,0,0,0,0,0,0,0,0,0,0,0,0,0,0,0,0,0,0,0,0,0,0,0,0,0,0,0,0,0,0,0,0,0,0,0,0,0,0,0,0,0,0,0,0,11,0,2,0,4,0,2,0,0,0,0,0,0,0,0,0,0,0,0,0,0,0,0,0,0,0,0,0,12,0,0,0,67,0,9,0,0,0,6,0,0,0,13,0,10,0,0,0,1,0,7,0,0,0,2,0,2,0,28,0,0,0,1,0,4,0,0,0,0,0,0,0,1,0,0,0,0,0,0,0,0,0,0,0,0,0,0,0,0,0,0,0,0,0,0,0,0,0,0,0,0,0,0,0,1,0,0,0,2,0,0,0,0,0,0,0,0,0,0,0,25,0,0,0,14,0,1,0,0,0,0,0,0,0,0,0,0,0,0,0,0,0,0,0,0,0,0,0,0,0,3,0,0,0,0,0,0,0,0,0,0,0,0,0,0,0,5,0,93,0,9,0,28,0,5,0,5,0,92,0,14,0,0,0,125,0,0,0,0,0,0,0,0,0,7,0,7,0,0,0,0,0,0,0
0,0,0,0,0,0,0,0,0,0,0,0,0,0,0,0,8,0,0,1,13,2,0,0,0,0,0,0,2,0,0,0,32,0,0,0,49,0,0,0,0,0,15,0,43,0,0,0,0,0,30,0,2,0,0,0,0,0,0,4,11,0,0,0,4,35,0,0,0,0,0,2,221,0,212,0,13,0,185,0,26,0,8,0,2,0,94,3,0,0,0,0,0,0,0,0,0,0,0,0,0,0,1,0,0,0,0,0,0,0,0,0,0,0,0,0,0,0,0,0,61,0,11,1,17,0,0,0,6,1,33,20,9,8,14,0,0,0,8,8,82,0,42,0,93,0,0,9,36,21,22,0,33,0,4,8,9,0,0,9,21,26,49,2,0,0,17,0,28,0,35,0,39,0,25,20,0,0,0,0,33,11,0,0,61,2,0,0,0,0,0,0,0,0,0,0,6,0,0,0,4,0,0,0,0,0,0,0,33,0,0,0,0,0,0,0,0,0,0,0,9,0,0,0,0,0,2,0,11,0,0,0,1,0,5,5,0,0,9,0,5,0,0,0,0,0,0,0,0
0,3,0,0,0,0,1,3,0,0,0,1,0,0,0,0,0,0,0,1,0,0,0,0,0,0,0,0,0,0,0,0,0,2,0,0,0,0,0,0,0,0,0,4,0,0,0,0,0,0,0,0,0,0,0,1,0,0,0,0,0,1,0,0,3,37,0,0,0,0,2,0,0,112,0,76,0,9,0,88,0,1,0,1,0,2,0,32,0,0,0,0,0,0,0,0,0,0,0,0,0,0,0,0,0,0,0,0,0,0,0,0,0,0,0,0,0,0,0,0,0,11,0,23,0,17,0,22,0,8,7,19,0,35,0,0,0,19,3,9,0,29,0,13,0,82,0,0,3,44,0,0,0,10,0,1,0,7,0,3,0,15,0,20,0,0,0,0,0,4,0,8,0,8,0,0,0,0,0,0,2,7,0,0,0,7,0,0,0,0,0,0,0,0,0,0,0,2,0,0,0,0,0,0,0,0,0,4,0,0,0,0,0,0,0,2,0,0,0,0,0,6,0,0,0,1,0,24,0,10,0,0,0,0,0,22,0,1,0,23,0,1,0,5,0,27,0,0,0
