0,117,18,132,77,0,11,0,60,0,71,16,53,0,26,79,181,62,12,0,30,0,73,214,26,118,20,0,56,0,0,0,249,0,0,0,78,0,251,0,22,0,0,0,6,0,9,0,9,0,0,0,1,0,1,0,0,0,0,0,18,0,9,0,101,0,19,0,0,0,0,0,0,0,3,0,0,0,0,0,0,0,0,0,0,0,0,0,0,0,0,0,0,0,0,0,0,0,0,0,0,0,0,0,0,0,0,0,0,0,0,0,0,0,0,0,0,0,0,0,0,0,0,0,20,0,45,0,0,0,18,0,0,0,5,0,0,0,0,0,0,0,0,0,0,0,39,0,29,0,42,0,21,0,0,0,0,0,0,0,0,0,0,0,10,0,22,0,27,0,42,0,279,0,2,0,478,76,10,0,14,0,40,0,74,0,0,0,0,0,0,0,0,0,0,0,0,0,0,0,0,0,0,0,0,0,0,0,17,0,640,111,355,86,338,0,0,0,0,0,0,0,0,0,0
117,0,127,164,0,132,120,36,75,87,0,173,0,69,0,24,102,77,0,16,8,44,236,132,297,16,0,43,0,179,0,29,1,174,0,0,0,184,0,215,0,9,0,4,0,0,0,0,0,0,0,0,0,0,0,2,0,2,0,15,2,36,15,13,0,72,0,16,0,0,0,0,0,0,0,0,0,0,0,0,0,0,0,0,0,0,0,0,0,1,0,5,0,0,0,0,0,0,0,0,0,0,0,0,0,0,0,0,0,0,0,0,0,0,0,0,0,0,0,0,0,0,0,0,0,9,0,14,0,3,0,33,0,0,0,33,0,38,0,7,0,0,0,0,0,2,0,14,0,19,0,47,0,10,0,6,0,0,0,7,0,0,0,0,0,4,0,0,0,30,0,43,0,184,0,0,106,468,0,6,0,0,0,4,0,130,0,0,0,0,0,0,0,0,0,0,0,0,0,10,0,17,0,0,0,0,0,16,0,33,5,0,0,0,489,0,0,0,834,109,342,113,0,2,0
18,127,0,121,265,0,43,21,33,0,97,46,111,0,223,178,286,49,62,0,59,0,312,185,154,62,54,0,180,0,0,0,220,0,0,0,49,0,356,0,18,0,0,0,0,0,15,0,15,0,0,0,1,0,61,0,0,0,0,0,18,0,18,1,12,0,0,0,0,0,0,0,2,0,0,0,0,0,0,0,0,0,0,0,0,0,0,0,0,0,0,0,0,0,0,0,0,0,0,0,0,0,0,0,0,0,0,0,0,0,0,0,0,0,0,0,0,0,0,0,0,0,0,0,36,1,71,0,0,0,39,0,16,0,92,0,98,0,0,0,0,0,47,0,0,0,85,0,35,0,38,0,0,0,0,0,0,0,0,0,3,0,0,0,6,0,60,0,51,0,55,0,407,0,0,0,233,79,0,0,0,0,15,13,76,0,0,0,0,0,0,0,0,0,0,0,0,0,0,1,0,0,0,0,0,0,0,0,33,0,439,51,331,56,415,0,0,0,0,0,0,0,0,0,0
132,164,121,0,0,248,0,33,0,9,0,40,0,38,11,308,43,19,0,225,0,87,188,335,60,45,0,35,0,74,0,95,3,209,0,32,0,91,0,65,0,0,0,0,0,0,0,0,0,0,0,0,0,1,0,25,0,3,0,3,0,0,0,0,0,5,0,1,0,0,0,0,0,0,0,0,0,2,0,0,0,0,0,0,0,0,0,0,0,0,0,0,0,0,0,0,0,1,0,0,0,0,0,0,0,0,0,0,0,0,0,0,0,0,0,0,0,0,0,0,0,0,0,0,0,0,0,18,0,6,0,0,0,11,0,34,0,50,0,1,0,2,0,0,0,0,0,0,0,0,0,0,0,0,0,1,0,0,0,1,0,4,0,0,0,1,0,85,0,32,0,16,0,123,0,0,48,150,0,4,0,0,0,4,0,1,0,0,0,0,0,1,0,0,0,0,0,0,0,15,0,0,0,0,0,0,0,0,0,14,0,0,0,0,206,0,0,0,230,26,222,42,0,0,0
77,0,265,0,0,408,24,0,114,0,185,135,282,96,205,361,58,0,91,350,186,69,100,0,0,0,131,0,0,0,244,0,243,0,233,0,249,40,6,0,79,0,0,0,0,3,55,0,0,0,61,0,0,0,0,0,0,0,0,0,1,0,0,0,21,0,0,0,1,0,0,0,0,0,0,0,0,0,0,0,0,0,0,0,0,0,0,0,0,0,0,0,0,0,0,0,0,0,0,0,0,0,0,0,0,0,0,0,0,0,0,0,0,0,0,0,0,0,0,0,0,0,0,0,13,0,28,0,0,0,0,0,0,0,31,0,16,0,0,0,0,0,0,0,0,0,60,0,34,0,42,0,0,0,0,0,0,0,0,0,0,0,0,0,37,0,251,0,113,4,0,0,274,0,0,0,445,160,104,0,0,0,156,0,119,0,7,8,0,0,0,0,0,0,0,0,0,0,0,0,0,0,0,0,0,0,0,0,17,0,475,297,542,0,251,0,0,0,0,0,0,0,0,0,0
0,132,0,248,408,0,0,50,0,23,110,287,108,268,520,233,0,0,218,181,77,341,136,122,0,20,0,144,0,0,0,96,7,104,0,247,11,237,0,0,0,27,0,0,0,15,0,64,0,0,0,43,0,3,0,8,0,0,0,0,0,0,0,0,0,45,0,0,0,0,0,0,0,0,0,0,0,0,0,0,0,0,0,0,0,0,0,0,0,0,0,0,0,0,0,0,0,0,0,0,0,0,0,0,0,0,0,0,0,0,0,0,0,0,0,0,0,0,0,0,0,0,0,0,0,0,0,0,0,7,0,0,0,0,0,73,0,76,0,5,0,0,0,0,0,3,0,18,0,49,0,122,0,72,0,2,0,2,0,0,1,0,0,0,0,20,0,278,0,92,0,8,0,118,0,0,121,534,38,22,0,46,0,47,0,144,0,9,0,9,0,2,0,1,0,0,0,0,0,0,0,0,0,0,0,0,0,0,0,44,0,0,0,0,265,0,0,0,473,172,495,84,0,0,0
11,120,43,0,24,0,0,0,60,157,7,0,23,0,35,0,40,46,0,0,0,0,34,0,420,200,23,0,28,0,0,0,0,0,0,0,0,0,252,0,5,0,0,0,0,0,0,0,40,0,0,0,131,15,296,0,5,0,21,0,394,0,438,57,36,0,31,0,0,0,0,0,0,0,0,0,0,0,0,0,0,0,0,0,0,0,0,0,0,0,2,0,0,0,0,0,0,0,9,0,0,0,0,0,2,0,0,0,0,0,0,0,0,0,0,0,0,0,0,0,0,0,0,0,75,0,165,0,0,0,111,0,0,0,49,0,36,0,0,0,8,0,0,0,0,0,49,0,24,0,45,0,0,0,15,0,4,0,0,0,8,0,0,0,10,0,0,0,22,0,269,0,393,0,0,0,155,44,0,0,0,0,0,22,0,0,0,0,0,0,0,0,0,0,0,0,1,0,0,0,0,0,0,0,0,0,0,0,75,0,810,94,568,370,905,0,0,2,0,3,0,0,0,0,0
0,36,21,33,0,50,0,0,177,41,0,23,0,17,0,44,45,32,0,39,0,21,9,27,209,143,0,11,0,236,0,16,0,114,0,0,0,78,0,397,0,0,0,0,0,0,0,0,0,2,0,4,28,11,0,112,0,14,0,19,0,227,58,112,0,0,0,4,0,0,0,0,0,0,0,0,0,0,0,0,0,0,0,0,0,0,0,0,0,0,0,0,0,0,0,0,0,0,0,0,0,0,0,0,0,0,0,0,0,0,0,0,0,0,0,0,0,0,0,0,0,0,0,0,0,23,0,0,0,9,0,14,0,20,0,26,0,37,0,0,0,0,0,0,0,0,0,0,0,0,0,0,0,0,0,0,0,0,0,0,0,5,0,0,0,5,0,16,0,44,0,145,0,199,0,0,59,84,0,0,0,0,0,0,0,4,0,0,0,0,0,0,0,0,0,0,0,0,0,8,0,17,0,0,0,0,0,7,0,40,0,5,0,0,639,0,0,0,825,47,473,188,0,36,0
60,75,33,0,114,0,60,177,0,304,70,0,18,0,15,0,53,46,0,0,0,0,6,0,22,313,19,0,1,0,0,0,0,0,0,0,0,0,57,0,0,0,0,0,0,0,4,0,17,0,0,0,104,77,69,172,18,0,22,0,162,0,261,108,85,0,111,50,1,0,0,0,0,0,0,0,0,0,0,0,0,0,0,0,0,0,0,0,1,0,0,0,0,0,0,0,0,0,0,0,1,0,0,0,0,0,0,0,0,0,0,0,0,0,0,0,0,0,0,0,0,0,0,0,15,0,0,0,0,0,27,0,0,0,10,0,0,0,0,0,0,0,0,0,0,0,28,0,59,0,39,0,9,0,0,0,0,0,0,0,0,0,2,0,8,0,0,0,13,0,196,0,167,0,0,0,755,45,0,0,3,0,3,4,98,54,0,0,0,0,0,0,0,0,0,0,0,0,1,0,0,0,0,0,0,0,0,0,16,0,618,219,233,172,558,0,0,0,0,0,0,0,0,0,0
0,87,0,9,0,23,157,41,304,0,0,32,0,12,0,0,28,4,0,3,0,0,0,0,133,42,0,13,0,0,0,0,0,2,0,0,0,0,0,0,0,0,0,0,0,8,0,6,0,0,0,0,118,65,148,71,0,26,0,51,0,152,93,123,0,115,24,81,0,0,0,0,0,0,0,0,0,1,0,0,0,1,0,0,0,0,0,0,0,0,0,0,0,0,0,0,0,0,0,0,0,0,0,0,0,0,0,0,0,0,0,0,0,0,0,0,0,0,0,0,0,0,0,0,0,76,0,104,0,18,0,75,0,0,0,6,0,15,0,0,0,0,0,0,0,0,0,21,0,23,0,29,0,0,0,0,0,27,0,0,0,0,0,1,0,0,0,0,0,17,0,125,0,46,0,0,113,225,0,2,0,0,0,13,0,215,0,0,0,0,0,0,0,1,0,0,0,0,0,0,2,0,0,0,0,0,0,23,0,70,0,0,0,0,335,0,0,0,466,76,220,138,0,32,1
71,0,97,0,185,110,7,0,70,0,0,40,160,0,45,210,16,0,14,43,115,12,20,8,0,0,32,0,0,0,180,4,275,0,88,0,243,0,0,0,20,0,6,0,0,0,15,0,2,0,0,0,0,0,0,0,0,0,0,0,0,0,0,0,5,0,0,0,0,0,0,0,0,0,0,0,0,0,0,0,0,0,0,0,0,0,0,0,0,0,0,0,0,0,0,0,0,0,0,0,0,0,0,0,0,0,0,0,0,0,0,0,0,0,0,0,0,0,0,0,0,0,0,0,3,0,0,0,0,0,0,0,0,0,0,0,0,0,0,0,0,0,0,0,0,0,15,0,0,0,21,0,24,0,0,0,0,0,0,0,0,0,0,0,0,0,64,0,30,0,0,0,65,0,0,0,281,45,80,0,38,0,64,0,34,0,5,0,0,0,0,0,0,0,0,0,0,0,0,0,0,0,0,0,0,0,0,0,4,0,205,137,178,0,103,0,0,0,0,0,0,0,0,0,0
16,173,46,40,135,287,0,23,0,32,40,0,0,322,241,41,5,0,28,43,23,187,154,82,0,2,0,80,0,8,0,80,0,88,0,130,0,203,0,4,0,54,0,11,0,15,0,66,0,2,0,16,0,0,0,0,0,0,0,0,0,4,0,0,0,34,0,4,0,0,0,0,0,0,0,0,0,0,0,0,0,0,0,0,0,0,0,0,0,0,0,0,0,0,0,0,0,0,0,0,0,0,0,0,0,0,0,0,0,0,0,0,0,0,0,0,0,0,0,0,0,0,0,0,0,0,0,18,0,0,0,12,0,3,0,0,0,0,0,0,0,0,0,0,0,2,0,0,0,0,0,77,0,90,0,0,0,0,0,2,0,0,0,2,0,7,0,83,0,55,0,0,0,70,0,0,53,488,0,20,0,73,4,179,0,172,0,0,0,0,0,0,0,0,0,0,0,0,0,3,0,7,0,0,0,0,0,0,0,17,0,0,0,0,165,0,0,0,308,92,254,0,0,0,0
53,0,111,0,282,108,23,0,18,0,160,0,0,252,28,0,12,0,74,358,26,0,10,0,0,0,187,420,0,0,0,0,0,0,120,12,64,0,0,0,189,46,205,0,35,47,131,107,12,0,218,0,0,0,0,0,0,0,0,0,0,0,0,0,0,0,0,0,0,0,0,0,0,0,0,0,0,0,0,0,0,0,0,0,0,0,0,0,0,0,0,0,0,0,0,0,0,0,0,0,0,0,0,0,0,0,0,0,0,0,0,0,0,0,0,0,0,0,0,0,0,0,0,0,0,0,0,0,0,0,0,0,0,0,0,0,0,0,0,0,0,0,0,0,0,0,0,0,0,0,0,0,0,0,0,0,0,0,0,0,0,0,0,0,101,0,27,0,0,0,0,0,0,0,0,0,396,143,229,0,0,0,25,0,30,0,221,22,0,0,0,0,0,0,0,0,0,0,0,0,0,0,0,0,0,0,0,0,5,0,82,325,190,13,20,0,0,3,0,0,0,0,0,0,0
0,69,0,38,96,268,0,17,0,12,0,322,252,0,47,0,0,0,413,85,35,60,0,0,0,0,411,112,0,0,0,0,0,0,0,167,0,46,0,0,68,263,0,200,57,57,45,193,1,28,0,280,0,0,0,0,0,0,0,0,0,0,0,0,0,0,0,0,0,0,0,0,0,0,0,0,0,0,0,0,0,0,0,0,0,0,0,0,0,0,0,0,0,0,0,0,0,0,0,0,0,1,0,0,0,0,0,0,0,0,0,0,0,0,0,0,0,0,0,0,0,0,0,0,0,9,0,0,0,0,0,0,0,0,0,0,0,0,0,0,0,0,0,0,0,0,0,0,0,6,0,0,0,42,0,0,0,0,0,0,0,0,0,0,0,67,0,11,0,0,0,0,0,0,0,0,49,473,19,6,0,54,0,58,0,0,10,58,0,0,0,0,0,0,0,0,0,0,0,0,0,0,0,0,0,0,0,0,0,0,0,0,0,0,30,0,0,0,52,239,269,0,0,0,0
26,0,223,11,205,520,35,0,15,0,45,241,28,47,0,645,32,0,315,222,385,94,448,21,102,0,163,24,0,0,253,21,83,0,90,0,149,36,0,0,2,0,0,0,11,0,0,0,0,0,9,0,0,0,46,0,0,0,0,0,0,0,2,0,0,0,0,0,0,0,0,0,0,0,0,0,0,0,0,0,0,0,0,0,0,0,0,0,0,0,0,0,0,0,0,0,0,0,0,0,0,0,0,0,0,0,0,0,0,0,0,0,0,0,0,0,0,0,0,0,0,0,0,0,0,0,0,0,0,0,0,0,0,0,0,0,130,0,0,0,0,0,0,0,0,0,0,0,14,0,15,0,0,0,2,0,0,0,0,0,0,0,0,0,4,0,150,0,46,0,0,0,122,0,0,0,134,69,14,0,9,0,11,0,29,0,0,1,0,0,0,0,0,0,0,0,0,0,0,0,23,0,0,0,0,0,0,0,0,0,184,139,132,30,77,0,0,0,0,0,35,0,0,0,0
79,24,178,308,361,233,0,44,0,0,210,41,0,0,645,0,57,38,21,459,111,412,591,272,19,89,0,78,0,10,31,48,31,77,0,109,0,117,0,0,5,0,0,0,0,0,0,0,0,1,0,0,0,18,0,26,0,0,0,1,0,0,0,56,0,2,0,0,0,0,0,0,0,0,0,0,0,0,0,0,0,85,0,0,0,115,0,0,0,0,0,38,0,0,0,57,0,0,0,98,0,61,0,0,0,0,0,0,0,0,0,0,0,0,0,0,0,0,0,0,0,0,0,4,0,0,0,0,0,0,0,0,0,0,0,214,0,235,0,0,0,3,0,62,0,0,0,0,0,0,0,0,0,0,0,16,0,0,0,0,0,0,0,0,0,0,0,130,0,45,0,9,0,42,0,0,96,321,29,81,0,0,0,1,1,12,0,0,0,0,0,0,0,0,0,0,0,0,0,0,0,62,0,0,0,0,0,0,0,23,0,0,0,0,60,0,0,0,156,209,170,0,0,0,0
181,102,286,43,58,0,40,45,53,28,16,5,12,0,32,57,0,53,103,0,353,0,158,137,121,146,156,0,84,9,106,0,189,5,37,0,10,0,159,0,0,0,18,0,34,0,0,0,0,0,0,0,98,3,11,7,9,0,0,0,20,0,425,16,0,0,0,0,0,0,96,0,0,0,151,0,0,0,0,0,102,0,0,0,395,0,77,0,0,0,225,0,0,0,0,0,529,0,525,0,104,0,0,0,0,0,0,0,0,0,0,0,0,0,0,0,0,0,0,0,132,0,116,0,0,0,0,0,0,0,0,0,0,0,0,0,24,0,94,0,177,0,163,1,30,0,0,0,0,0,0,0,0,0,11,0,0,0,15,0,4,0,2,0,0,0,0,0,0,0,0,0,46,0,0,0,33,12,0,0,0,0,34,7,3,0,0,0,0,0,0,0,0,0,0,0,0,0,0,0,40,0,0,0,0,0,0,0,0,0,42,34,55,0,30,0,0,0,0,0,0,0,0,0,0
62,77,49,19,0,0,46,32,46,4,0,0,0,0,0,38,53,0,0,39,1,227,69,184,117,152,0,29,0,172,0,26,0,21,0,9,0,7,0,95,0,0,0,0,0,0,0,0,0,0,0,0,7,89,0,33,0,25,0,4,0,9,18,170,0,0,0,0,0,0,0,1,0,0,0,0,0,0,0,0,0,64,0,0,0,161,0,0,0,0,0,24,0,0,0,35,0,76,0,93,0,49,0,0,0,0,0,0,0,0,0,0,0,0,0,0,0,0,0,0,0,11,0,4,0,0,0,0,0,80,0,0,0,103,0,245,0,371,0,161,0,88,0,133,0,5,0,0,0,0,0,0,0,0,0,44,0,1,0,26,0,6,0,0,0,0,0,0,0,22,0,5,0,41,0,0,9,14,0,0,0,0,0,31,0,0,0,0,0,0,0,0,0,0,0,0,0,0,0,0,0,0,0,0,0,0,0,0,0,10,0,1,0,0,0,0,0,0,12,25,48,0,0,0,0
12,0,62,0,91,218,0,0,0,0,14,28,74,413,315,21,103,0,0,591,123,36,322,0,73,0,183,343,15,0,42,0,0,0,168,51,50,22,0,0,0,27,40,66,5,0,4,0,0,0,262,55,0,0,39,0,0,0,0,0,0,0,14,0,0,0,0,0,0,0,14,0,0,0,0,0,8,0,0,0,0,0,0,0,0,0,0,0,0,0,0,0,0,0,0,0,0,0,0,0,0,0,0,0,0,0,0,0,0,0,0,0,0,0,0,0,0,0,0,0,0,0,0,0,0,0,0,0,0,0,0,0,0,0,0,0,0,0,0,0,0,0,0,0,0,0,0,0,0,0,16,0,14,0,0,0,0,0,0,0,0,0,0,0,45,0,35,0,30,9,0,0,20,0,0,0,97,92,17,0,15,0,34,0,21,0,0,34,0,0,0,0,0,0,0,0,0,0,0,0,0,0,0,0,0,0,0,0,0,0,66,125,124,0,22,0,0,0,0,0,0,1,0,0,0
0,16,0,225,350,181,0,39,0,3,43,43,358,85,222,459,0,39,591,0,85,516,0,325,0,39,232,444,0,0,0,25,0,0,41,306,0,61,0,0,0,0,10,153,0,20,0,3,1,0,27,272,0,0,0,0,0,0,0,0,0,0,0,84,0,17,0,0,0,0,0,0,0,0,0,0,0,37,0,0,0,300,0,0,0,262,0,116,0,0,0,0,0,0,0,0,0,0,0,0,0,0,0,0,0,0,0,0,0,0,0,0,0,0,0,0,0,0,0,0,0,0,0,14,0,0,0,0,0,0,0,0,0,0,0,0,0,0,0,0,0,0,0,0,0,0,0,0,0,26,0,0,0,0,0,14,0,0,0,7,0,0,0,0,0,154,0,64,0,115,0,12,0,5,0,0,62,135,36,22,0,0,0,0,0,120,0,34,0,0,0,0,0,0,0,0,0,0,0,0,0,0,0,0,0,0,0,0,0,0,0,0,0,0,71,0,0,0,170,222,294,38,0,0,1
30,8,59,0,186,77,0,0,0,0,115,23,26,35,385,111,353,1,123,85,0,20,389,19,65,0,156,20,60,0,66,0,10,0,61,0,25,0,4,0,0,0,96,0,11,0,0,0,3,0,64,0,3,0,0,0,0,0,0,0,0,0,57,0,0,0,0,0,0,0,39,0,0,0,56,0,0,0,0,0,0,0,0,0,0,0,0,0,0,0,0,0,0,0,0,0,0,0,0,0,0,0,4,0,0,0,0,0,0,0,0,0,0,0,0,0,0,0,0,0,56,0,0,0,0,0,0,0,0,0,0,0,0,0,0,0,0,0,0,0,0,0,0,0,26,0,0,0,0,0,0,0,0,0,0,0,0,0,0,0,0,0,0,0,13,0,107,0,56,0,5,0,68,0,0,0,24,0,57,0,0,0,5,0,3,0,0,0,0,0,0,0,0,0,0,0,0,0,0,0,0,0,0,0,0,0,0,0,0,0,267,314,196,0,121,0,0,0,0,0,0,0,0,0,0
0,44,0,87,69,341,0,21,0,0,12,187,0,60,94,412,0,227,36,516,20,0,34,169,0,42,8,255,0,9,0,37,2,22,0,83,4,16,0,5,0,0,0,177,0,27,0,0,0,0,0,125,0,40,0,39,0,24,0,0,0,0,0,129,0,0,0,0,0,4,0,0,0,0,0,0,0,0,0,0,0,409,0,0,0,483,0,100,0,0,0,26,0,0,0,0,0,0,0,243,0,105,0,0,0,0,0,0,0,0,0,0,0,0,0,0,0,0,0,0,0,0,0,47,0,0,0,0,0,0,0,0,0,0,0,230,0,359,0,192,0,257,0,352,0,34,0,0,0,0,0,0,0,0,0,17,0,1,0,0,0,3,0,0,0,38,0,70,0,65,0,4,0,40,0,0,9,126,0,96,0,0,0,12,0,0,0,11,0,0,0,0,0,0,0,0,0,0,0,0,0,0,0,0,0,0,0,0,0,0,0,0,0,0,64,0,0,0,184,259,171,0,0,0,0
73,236,312,188,100,136,34,9,6,0,20,154,10,0,448,591,158,69,322,0,389,34,0,506,160,66,160,0,41,16,37,0,109,0,18,5,37,0,36,0,0,0,0,0,13,0,0,0,0,0,9,0,0,0,92,0,0,0,0,0,3,0,32,0,0,0,0,0,0,0,0,0,0,0,30,0,0,0,0,0,0,0,0,0,166,0,0,0,0,0,0,0,0,0,0,0,192,0,0,0,0,0,0,0,0,0,0,0,0,0,0,0,0,0,0,0,0,0,0,0,16,1,22,0,0,0,13,0,0,0,0,0,0,0,66,0,152,0,0,0,50,0,257,0,1,0,0,0,0,0,0,0,0,0,0,0,0,0,0,0,0,0,0,0,0,0,36,0,19,0,11,1,108,0,0,0,193,89,12,0,0,0,23,10,9,0,0,0,0,0,0,0,0,0,0,0,0,0,0,0,51,0,0,0,0,0,0,0,4,1,145,82,110,13,60,0,0,0,0,0,0,0,0,0,0
214,132,185,335,0,122,0,27,0,0,8,82,0,0,21,272,137,184,0,325,19,169,506,0,122,276,0,66,3,66,1,69,11,106,0,13,0,38,0,36,0,0,0,31,0,0,0,0,0,0,0,14,0,25,0,19,0,9,0,0,0,0,0,69,0,0,0,0,0,0,0,0,0,2,0,0,0,0,0,0,0,61,0,10,0,100,0,23,0,0,0,0,0,0,0,0,0,50,0,86,0,58,0,0,0,0,0,0,0,0,0,0,0,0,0,0,0,0,0,0,0,9,0,0,0,0,0,0,0,0,0,0,0,0,0,161,0,132,0,0,0,0,0,53,0,0,0,0,0,0,0,2,0,0,0,21,0,0,0,0,0,0,0,0,0,0,0,27,0,18,0,9,0,63,0,0,33,98,1,37,0,0,7,30,0,0,0,0,0,0,0,0,0,0,0,0,0,0,0,0,0,0,0,0,0,0,0,0,0,0,0,0,0,0,47,0,0,0,88,166,125,19,0,0,0
26,297,154,60,0,0,420,209,22,133,0,0,0,0,102,19,121,117,73,0,65,0,160,122,0,492,0,0,12,10,0,0,0,0,2,0,0,0,28,0,0,0,0,0,0,0,0,0,0,0,0,0,66,0,175,0,5,0,0,0,11,0,79,33,0,0,0,1,0,0,0,0,0,0,17,0,0,0,0,0,0,0,0,0,229,0,0,0,0,0,0,0,0,0,0,0,179,0,0,0,0,0,0,0,3,0,0,0,0,0,0,0,0,0,0,0,0,0,0,0,0,0,35,0,0,0,0,0,0,0,0,0,22,0,73,0,268,0,43,0,156,0,371,0,4,0,0,0,2,0,0,0,0,0,39,0,0,0,23,0,0,0,0,0,0,0,0,0,0,0,0,0,26,5,0,0,85,26,0,0,0,0,0,41,4,0,0,0,0,0,0,0,0,0,0,0,0,0,0,0,57,0,0,0,0,0,0,0,16,0,53,31,45,0,47,0,0,0,0,0,0,0,0,0,0
118,16,62,45,0,20,200,143,313,42,0,2,0,0,0,89,146,152,0,39,0,42,66,276,492,0,0,0,0,123,0,13,0,38,0,0,0,43,0,149,0,0,0,0,0,0,0,0,0,0,0,0,28,16,33,108,0,6,0,6,0,36,98,44,0,0,0,0,0,0,1,0,0,0,0,0,0,0,0,1,0,1,0,0,0,0,0,2,0,0,0,13,0,0,0,0,0,12,0,4,0,0,0,0,0,0,0,0,0,0,0,0,0,0,0,0,0,0,0,0,0,0,0,0,0,0,0,0,0,0,0,0,0,42,0,148,0,195,0,7,0,0,0,14,0,0,0,0,0,0,0,0,0,0,0,10,0,0,0,5,0,0,0,0,0,0,0,0,0,16,2,32,0,83,0,0,52,69,0,0,0,0,0,1,0,1,0,0,0,0,0,0,0,0,0,0,0,1,0,20,0,42,0,0,0,0,0,0,0,23,0,0,0,0,176,0,0,0,228,62,181,50,0,7,0
20,0,54,0,131,0,23,0,19,0,32,0,187,411,163,0,156,0,183,232,156,8,160,0,0,0,0,621,50,0,19,0,0,0,33,0,56,0,0,0,11,147,377,100,87,85,51,198,6,0,367,47,0,0,0,0,0,0,0,0,0,0,0,0,0,0,0,0,0,0,76,0,0,0,61,0,0,0,0,0,0,0,0,0,0,0,0,0,0,0,0,0,0,0,0,0,0,0,0,0,0,0,0,0,0,0,0,0,0,0,0,0,0,0,0,0,0,0,0,0,0,0,0,0,0,0,0,0,0,0,0,0,0,0,0,0,0,0,0,0,0,0,0,0,42,0,0,0,0,0,0,0,0,0,0,0,0,0,0,0,1,0,0,0,174,0,21,0,0,0,0,0,18,0,0,0,97,142,75,0,0,0,36,0,28,0,101,13,0,0,0,0,0,0,0,0,0,0,0,0,0,0,0,0,0,0,0,0,0,0,62,406,342,21,29,0,0,6,0,12,0,0,0,0,0
0,43,0,35,0,144,0,11,0,13,0,80,420,112,24,78,0,29,343,444,20,255,0,66,0,0,621,0,0,0,0,11,0,0,8,58,0,30,0,0,133,19,22,535,47,246,66,85,0,5,0,319,0,0,0,0,0,0,0,0,0,2,0,0,0,23,0,0,0,11,0,0,0,0,0,0,0,0,0,0,0,0,0,0,0,0,0,0,0,0,0,0,0,0,0,0,0,0,0,0,0,41,0,0,0,0,0,0,0,0,0,0,0,0,0,0,0,0,0,0,0,0,0,0,0,0,0,14,0,0,0,0,0,0,0,0,0,0,0,0,0,52,0,98,0,0,0,0,0,6,0,33,0,21,0,0,0,0,0,0,0,0,0,0,0,215,0,14,0,103,0,0,0,0,0,0,41,224,7,0,0,0,0,0,0,65,23,64,0,0,0,0,0,0,0,0,0,0,0,0,0,0,0,0,0,0,0,0,0,10,0,7,0,0,44,0,0,0,82,480,406,29,2,0,2
56,0,180,0,0,0,28,0,1,0,0,0,0,0,0,0,84,0,15,0,60,0,41,3,12,0,50,0,0,0,18,0,11,0,41,0,13,0,4,0,0,0,70,0,0,0,0,0,0,0,51,0,0,0,0,0,0,0,0,0,0,0,4,0,0,0,0,0,0,0,42,0,0,0,42,0,0,0,0,0,16,0,0,0,57,0,40,0,0,0,0,0,0,0,0,0,89,0,124,0,0,0,0,0,0,0,0,0,0,0,0,0,0,0,0,0,0,0,0,0,30,0,0,0,0,0,0,0,0,0,0,0,1,0,0,0,0,0,47,0,51,0,0,0,54,0,0,0,0,0,0,0,0,0,0,0,4,0,0,0,0,0,0,0,0,0,0,0,0,0,0,0,1,0,0,0,1,0,0,0,0,0,8,0,0,0,0,0,0,0,0,0,0,0,0,0,0,0,0,0,0,0,0,0,0,0,0,0,0,0,0,5,0,0,0,0,0,0,0,0,0,0,0,0,0
0,179,0,74,0,0,0,236,0,0,0,8,0,0,0,10,9,172,0,0,0,9,16,66,10,123,0,0,0,0,0,1,0,0,0,0,0,4,0,22,0,0,0,0,0,0,0,0,0,0,0,3,0,18,0,19,0,16,0,0,0,12,0,52,0,0,0,0,0,0,0,0,0,0,0,0,0,0,0,0,0,0,0,0,0,66,0,0,0,0,0,0,0,0,0,0,0,0,0,0,0,7,0,0,0,0,0,0,0,0,0,0,0,0,0,0,0,0,0,0,0,0,0,0,0,0,0,0,0,42,0,0,0,33,0,44,0,81,0,225,0,117,0,65,0,26,0,0,0,0,0,0,0,0,0,12,0,6,0,18,0,0,0,0,0,0,0,0,0,0,0,4,0,25,0,0,0,21,0,0,0,0,0,26,0,0,0,0,0,0,0,0,0,0,0,0,0,0,0,0,0,0,0,0,0,0,0,0,0,0,0,0,0,0,4,0,0,0,7,25,18,0,0,0,0
0,0,0,0,244,0,0,0,0,0,180,0,0,0,253,31,106,0,42,0,66,0,37,1,0,0,19,0,18,0,0,0,0,0,33,0,24,0,6,0,0,0,0,0,0,0,1,0,0,0,0,0,0,0,1,0,0,0,0,0,3,0,25,0,1,0,0,0,0,0,45,0,1,0,27,0,0,0,0,0,34,0,0,0,0,0,34,0,0,0,0,0,0,0,0,0,0,0,0,0,0,0,0,0,0,0,0,0,0,0,0,0,0,0,0,0,0,0,0,0,29,0,0,0,0,0,0,0,0,0,0,0,0,0,0,0,0,0,0,0,0,0,0,0,24,0,0,0,0,0,3,0,0,0,0,0,0,0,0,0,0,0,0,0,5,0,48,0,0,0,3,0,47,0,0,0,0,0,70,0,0,0,5,0,0,0,0,0,0,0,0,0,0,0,0,0,0,0,0,0,0,0,0,0,0,0,0,0,0,0,53,54,55,0,21,0,0,0,0,0,0,0,0,0,0
0,29,0,95,0,96,0,16,0,0,4,80,0,0,21,48,0,26,0,25,0,37,0,69,0,13,0,11,0,1,0,0,0,0,0,26,0,6,0,5,0,0,0,17,0,2,0,0,0,0,2,67,0,8,0,4,0,0,0,0,0,0,0,9,0,0,0,0,0,0,0,0,0,0,0,2,0,0,0,0,0,0,0,0,0,0,0,0,0,0,0,0,0,0,0,0,0,0,0,0,0,0,0,0,0,0,0,0,0,0,0,0,0,0,0,0,0,0,0,0,0,0,0,0,0,0,0,0,0,0,0,0,0,0,0,0,0,0,0,0,0,144,0,61,0,11,0,0,0,0,0,0,0,0,0,4,0,4,0,4,0,0,0,0,0,0,0,22,0,0,0,1,0,6,0,0,0,41,0,31,0,0,0,9,0,0,0,0,0,0,0,0,0,0,0,0,0,0,0,0,0,0,0,0,0,0,0,0,0,0,0,0,0,0,0,0,0,0,16,18,10,0,0,0,0
249,1,220,3,243,7,0,0,0,0,275,0,0,0,83,31,189,0,0,0,10,2,109,11,0,0,0,0,11,0,0,0,0,0,1,0,143,0,0,0,0,0,0,0,0,0,0,0,0,0,2,0,0,0,2,0,0,0,0,0,3,0,19,0,1,0,0,0,0,0,60,0,0,0,17,0,0,0,0,0,34,0,0,0,0,0,0,0,0,0,0,0,0,0,0,0,0,0,133,0,0,0,0,0,0,0,0,0,0,0,0,0,0,0,0,0,0,0,0,0,31,0,8,0,0,0,0,0,0,0,0,0,0,0,0,0,4,0,43,0,21,0,0,0,27,0,0,0,0,0,0,0,0,0,0,0,0,0,4,0,0,0,0,0,0,0,40,0,0,0,0,0,18,0,0,0,21,0,46,0,0,0,52,0,0,0,0,0,0,0,0,0,0,0,0,0,0,0,0,0,0,0,0,0,0,0,0,0,0,0,40,92,28,0,15,0,0,0,0,0,0,0,0,0,0
0,174,0,209,0,104,0,114,0,2,0,88,0,0,0,77,5,21,0,0,0,22,0,106,0,38,0,0,0,0,0,0,0,0,0,4,0,3,0,2,0,0,0,0,0,0,0,0,0,0,0,6,0,8,0,0,0,0,0,0,0,6,0,0,0,0,0,0,0,0,0,0,0,0,0,0,0,0,0,0,0,0,0,0,0,0,0,0,0,0,0,0,0,0,0,0,0,0,0,0,0,0,0,0,0,0,0,0,0,0,0,0,0,0,0,0,0,0,0,0,0,0,0,1,0,0,0,2,0,0,0,0,0,0,0,0,0,0,0,41,0,40,0,0,0,0,0,0,0,0,0,0,0,0,0,0,0,0,0,0,0,1,0,0,0,0,0,6,0,0,0,0,0,1,0,0,0,55,0,45,0,0,1,17,0,0,0,0,0,0,0,0,0,0,0,0,0,0,0,0,0,0,0,0,0,0,0,0,0,0,0,0,0,0,7,0,0,0,0,71,0,0,0,0,0
0,0,0,0,233,0,0,0,0,0,88,0,120,0,90,0,37,0,168,41,61,0,18,0,2,0,33,8,41,0,33,0,1,0,0,0,181,0,0,0,0,0,46,0,0,2,0,0,0,0,115,0,0,0,0,0,0,0,0,0,0,0,8,0,0,0,0,0,0,0,0,0,0,0,0,0,0,0,0,0,0,0,0,0,0,0,0,0,0,0,5,0,0,0,0,0,0,0,0,0,0,0,0,0,0,0,0,0,0,0,0,0,0,0,0,0,0,0,0,0,0,0,0,0,0,0,0,0,0,0,0,0,0,0,0,0,0,0,0,0,0,0,0,0,0,0,0,0,0,0,0,0,0,0,0,0,0,0,0,0,0,0,0,0,49,0,58,0,61,0,3,0,0,0,0,0,0,0,110,0,0,0,0,0,0,0,0,2,0,0,0,0,0,0,0,0,0,0,0,0,0,0,0,0,0,0,0,0,0,0,63,175,153,21,26,0,0,0,0,0,0,0,0,0,0
0,0,0,32,0,247,0,0,0,0,0,130,12,167,0,109,0,9,51,306,0,83,5,13,0,0,0,58,0,0,0,26,0,4,0,0,0,335,0,0,0,0,0,24,0,5,0,0,0,0,0,45,0,0,0,0,0,0,0,0,0,3,0,7,0,0,0,0,0,0,0,0,0,0,0,0,0,0,0,0,0,124,0,0,0,136,0,0,0,0,0,0,0,0,0,0,0,0,0,0,0,38,0,0,0,0,0,0,0,0,0,0,0,0,0,0,0,0,0,0,0,34,0,0,0,0,0,0,0,0,0,0,0,0,0,0,0,0,0,0,0,66,0,111,0,12,0,0,0,0,0,0,0,0,0,0,0,0,0,0,0,0,0,1,0,13,0,140,0,22,0,0,0,6,0,0,0,155,0,62,0,0,0,0,0,0,0,44,0,0,0,0,0,0,0,0,0,0,0,0,0,0,0,2,0,0,0,0,0,0,0,0,0,0,17,0,0,0,32,86,81,0,0,1,0
78,0,49,0,249,11,0,0,0,0,243,0,64,0,149,0,10,0,50,0,25,4,37,0,0,0,56,0,13,0,24,0,143,0,181,0,0,0,59,0,0,0,61,0,19,0,0,0,2,0,69,0,2,0,0,0,0,0,0,0,11,0,12,0,0,0,0,0,0,0,135,0,0,0,79,0,0,0,0,0,0,0,0,0,0,0,31,0,0,0,0,0,0,0,0,0,48,0,0,0,0,0,0,0,0,0,0,0,0,0,0,0,0,0,0,0,0,0,0,0,56,0,16,0,0,0,0,0,0,0,0,0,0,0,0,0,0,0,75,0,59,0,0,0,150,0,0,0,0,0,0,0,0,0,0,0,18,0,0,0,0,0,50,0,18,0,25,0,29,0,29,0,57,0,0,0,19,0,75,0,0,0,16,0,0,0,0,0,0,0,0,0,0,0,0,0,0,0,0,0,0,0,0,0,0,0,0,0,0,0,55,83,68,9,18,0,3,0,1,0,0,0,0,0,0
0,184,0,91,40,237,0,78,0,0,0,203,0,46,36,117,0,7,22,61,0,16,0,38,0,43,0,30,0,4,0,6,0,3,0,335,0,0,0,20,0,0,0,34,0,12,0,0,0,0,0,56,0,0,0,0,0,0,0,0,0,31,0,0,0,0,0,0,0,0,0,0,0,0,0,0,0,0,0,0,0,163,0,0,0,154,0,44,0,0,0,0,0,0,0,0,0,0,0,0,0,0,0,0,0,0,0,0,0,0,0,0,0,0,0,0,0,0,0,0,0,87,0,35,0,0,0,0,0,14,0,0,0,0,0,0,0,0,0,119,0,335,0,248,0,83,0,0,0,0,0,0,0,0,0,6,0,23,0,0,0,1,0,0,0,11,0,58,0,45,0,28,0,63,0,0,4,100,0,112,0,0,0,26,0,0,0,6,0,0,0,0,0,0,0,0,0,0,0,0,0,0,0,0,0,0,0,0,0,0,0,0,0,0,9,0,0,0,25,250,128,6,0,0,0
251,0,356,0,6,0,252,0,57,0,0,0,0,0,0,0,159,0,0,0,4,0,36,0,28,0,0,0,4,0,6,0,0,0,0,0,59,0,0,0,0,0,0,0,0,0,0,0,0,0,2,0,10,0,4,0,0,0,0,0,4,0,22,1,0,0,0,0,0,0,36,0,0,0,33,0,0,0,0,0,0,0,0,0,0,0,25,0,0,0,0,0,0,0,0,0,0,0,102,0,7,0,0,0,0,0,0,0,0,0,0,0,0,0,0,0,0,0,0,0,32,0,17,0,0,0,0,0,0,0,0,0,0,0,0,0,0,0,79,0,42,0,0,0,75,0,0,0,0,0,0,0,0,0,0,0,19,0,8,0,0,0,0,0,0,0,23,0,0,0,0,0,62,0,0,0,13,0,0,0,0,0,8,0,12,0,0,0,0,0,0,0,0,0,0,0,0,0,0,0,0,0,0,0,0,0,0,0,0,0,29,103,3,0,16,0,0,0,0,0,0,0,0,0,0
0,215,0,65,0,0,0,397,0,0,0,4,0,0,0,0,0,95,0,0,0,5,0,36,0,149,0,0,0,22,0,5,0,2,0,0,0,20,0,0,0,0,0,0,0,0,0,0,0,0,0,0,0,2,0,19,0,0,0,0,0,26,0,25,0,0,0,0,0,0,0,0,0,0,0,0,0,0,0,0,0,0,0,0,0,0,0,0,0,0,0,0,0,0,0,0,0,0,0,0,0,0,0,0,0,0,0,0,0,0,0,0,0,0,0,0,0,0,0,0,0,0,0,0,0,0,0,0,0,0,0,0,0,0,0,0,0,0,0,65,0,29,0,0,0,31,0,0,0,0,0,0,0,0,0,7,0,17,0,22,0,0,0,0,0,0,0,0,0,0,0,7,0,37,0,0,4,43,0,1,0,0,0,36,0,0,0,0,0,0,0,0,0,0,0,0,0,0,0,0,0,0,0,0,0,0,0,0,0,0,0,0,0,0,8,0,0,0,39,175,13,0,0,0,0
22,0,18,0,79,0,5,0,0,0,20,0,189,68,2,5,0,0,0,0,0,0,0,0,0,0,11,133,0,0,0,0,0,0,0,0,0,0,0,0,0,111,45,20,79,46,105,200,58,11,8,0,0,0,0,0,0,0,0,0,0,0,0,0,0,0,0,0,0,0,0,0,0,0,0,0,0,0,0,0,0,0,0,0,0,0,0,0,0,0,0,0,0,0,0,0,0,0,0,0,0,0,0,0,0,0,0,0,0,0,0,0,0,0,0,0,0,0,0,0,0,0,0,0,0,0,0,0,0,0,0,0,0,0,0,0,0,0,0,0,0,0,0,0,0,0,0,0,2,0,0,0,0,0,0,0,0,0,0,0,0,0,0,0,41,0,0,0,0,0,0,0,0,0,0,0,13,109,18,0,0,0,0,0,0,0,177,0,0,0,0,0,0,0,0,0,0,0,0,0,0,0,0,0,0,0,0,0,0,0,0,153,30,0,0,0,0,20,0,42,0,0,0,0,0
0,9,0,0,0,27,0,0,0,0,0,54,46,263,0,0,0,0,27,0,0,0,0,0,0,0,147,19,0,0,0,0,0,0,0,0,0,0,0,0,111,0,8,70,76,103,57,90,5,106,0,24,0,0,0,0,0,0,0,0,0,0,0,0,0,0,0,0,0,3,0,0,0,0,0,0,0,0,0,0,0,0,0,0,0,0,0,0,0,0,0,0,0,0,0,0,0,0,0,0,0,0,0,3,0,0,0,0,0,0,0,0,0,0,0,0,0,0,0,0,0,0,0,0,0,0,0,2,0,0,0,0,0,0,0,0,0,0,0,0,0,0,0,0,0,0,0,0,0,0,0,0,0,0,0,0,0,0,0,0,0,0,0,0,0,36,0,0,0,0,0,0,0,0,0,0,0,256,0,9,0,0,0,0,0,1,32,3,0,0,0,0,0,0,0,2,0,0,0,0,0,0,0,0,0,0,0,0,0,0,0,6,0,0,0,0,0,0,2,112,16,0,0,0,9
0,0,0,0,0,0,0,0,0,0,6,0,205,0,0,0,18,0,40,10,96,0,0,0,0,0,377,22,70,0,0,0,0,0,46,0,61,0,0,0,45,8,0,5,146,4,27,13,5,0,54,0,0,0,0,0,0,0,0,0,0,0,0,0,0,0,0,0,0,0,44,0,0,0,40,0,0,0,0,0,0,0,0,0,0,0,0,0,0,0,0,0,0,0,0,0,0,0,0,0,0,0,0,0,0,0,0,0,0,0,0,0,0,0,0,0,0,0,0,0,29,0,0,0,0,0,0,0,0,0,0,0,0,0,0,0,0,0,0,0,0,0,0,0,0,0,0,0,0,0,0,0,0,0,0,0,0,0,0,0,0,0,0,0,40,0,6,0,0,0,0,0,20,0,0,0,0,0,37,0,0,0,0,0,0,0,33,0,0,0,0,0,0,0,0,0,0,0,0,0,0,0,0,0,0,0,0,0,0,0,34,150,81,0,15,0,0,0,0,0,0,0,0,0,0
0,4,0,0,0,0,0,0,0,0,0,11,0,200,0,0,0,0,66,153,0,177,0,31,0,0,100,535,0,0,0,17,0,0,0,24,0,34,0,0,20,70,5,0,6,88,0,57,0,0,7,104,0,0,0,3,0,0,0,0,0,0,0,0,0,0,0,0,0,0,0,0,0,0,0,0,0,10,0,0,0,0,0,0,0,0,0,0,0,0,0,0,0,0,0,0,0,0,0,0,0,0,0,0,0,0,0,0,0,0,0,0,0,0,0,0,0,0,0,0,0,0,0,14,0,0,0,0,0,0,0,0,0,0,0,0,0,0,0,0,0,0,0,96,0,0,0,0,0,0,0,0,0,0,0,0,0,0,0,0,0,0,0,0,0,49,0,12,0,24,0,0,0,0,0,0,0,33,0,0,0,0,0,0,0,0,0,27,0,0,0,0,0,0,0,0,0,0,0,0,0,0,0,0,0,0,0,0,0,0,0,0,0,0,8,0,0,0,39,174,36,0,0,0,0
6,0,0,0,0,0,0,0,0,0,0,0,35,57,11,0,34,0,5,0,11,0,13,0,0,0,87,47,0,0,0,0,0,0,0,0,19,0,0,0,79,76,146,6,0,31,246,95,71,7,28,0,0,0,0,0,0,0,0,0,0,0,5,0,0,0,0,0,0,0,31,0,1,0,0,0,0,0,0,0,0,0,0,0,0,0,0,0,0,0,0,0,12,0,0,0,0,0,0,0,12,0,2,0,0,0,0,0,0,0,0,0,0,0,0,0,0,0,0,0,0,0,0,0,0,0,0,0,0,0,0,0,0,0,0,0,0,0,0,0,0,0,0,0,0,0,0,0,0,0,0,0,0,0,0,0,0,0,1,0,2,0,0,0,267,0,20,0,15,0,0,0,14,0,0,0,22,32,49,0,0,0,6,0,0,0,90,0,0,0,0,0,0,0,0,0,0,0,0,0,0,0,0,0,0,0,0,0,0,0,24,112,117,7,19,0,2,45,0,27,0,0,0,0,0
0,0,0,0,3,15,0,0,0,8,0,15,47,57,0,0,0,0,0,20,0,27,0,0,0,0,85,246,0,0,0,2,0,0,2,5,0,12,0,0,46,103,4,88,31,0,31,406,0,57,0,64,0,0,0,0,0,3,0,0,0,1,0,0,0,9,0,0,0,21,0,0,0,0,0,0,0,74,0,0,0,0,0,30,0,0,0,0,0,12,0,0,0,0,0,0,0,0,0,0,0,0,0,5,0,0,0,0,0,0,0,0,0,0,0,0,0,0,0,0,0,0,0,0,0,0,0,0,0,0,0,0,0,0,0,0,0,0,0,0,0,0,0,0,0,5,0,0,0,0,0,19,0,0,0,0,0,0,0,1,0,0,0,0,0,225,0,1,0,94,0,0,0,5,0,0,0,35,0,0,0,0,0,0,0,30,0,20,0,0,0,0,0,0,0,0,0,0,0,0,0,8,0,0,0,0,0,0,0,0,0,0,0,0,6,0,0,0,32,141,94,0,0,0,18
9,0,15,0,55,0,0,0,4,0,15,0,131,45,0,0,0,0,4,0,0,0,0,0,0,0,51,66,0,0,1,0,0,0,0,0,0,0,0,0,105,57,27,0,246,31,0,110,91,0,0,0,0,0,0,0,0,0,0,0,0,0,0,0,0,0,0,0,0,0,0,0,0,0,0,0,0,0,0,0,0,0,0,0,0,0,0,0,1,0,0,0,0,0,0,0,0,0,0,0,0,0,0,0,0,0,0,0,0,0,0,0,0,0,0,0,0,0,0,0,0,0,0,0,0,0,3,0,0,0,0,0,0,0,0,0,0,0,0,0,0,0,0,0,0,0,0,0,0,0,0,0,0,0,0,0,0,0,0,0,0,0,0,0,98,0,0,0,0,0,0,0,0,0,0,0,6,47,23,0,3,0,5,0,3,0,99,0,0,0,0,0,0,0,0,0,0,0,0,0,0,0,0,0,0,0,0,0,0,0,0,204,73,0,3,0,0,32,0,21,0,0,0,0,0
0,0,0,0,0,64,0,0,0,6,0,66,107,193,0,0,0,0,0,3,0,0,0,0,0,0,198,85,0,0,0,0,0,0,0,0,0,0,0,0,200,90,13,57,95,406,110,0,11,182,0,36,0,0,0,0,0,0,0,0,0,0,0,0,0,0,0,0,0,4,0,0,0,0,0,0,0,0,0,0,0,0,0,5,0,0,0,0,0,0,0,0,0,0,0,0,0,0,0,0,0,0,0,0,0,0,0,0,0,0,0,0,0,0,0,0,0,0,0,0,0,0,0,0,0,0,0,1,0,2,0,0,0,0,0,0,0,0,0,0,0,0,0,0,0,0,0,0,0,0,0,3,0,0,0,0,0,0,0,0,0,0,0,0,0,48,0,0,0,0,0,0,0,0,0,0,0,231,0,0,0,0,0,2,0,0,56,6,0,0,0,0,0,0,0,0,0,0,0,0,0,0,0,0,0,0,0,0,0,0,0,14,0,0,0,0,0,0,0,509,82,3,0,0,36
9,0,15,0,0,0,40,0,17,0,2,0,12,1,0,0,0,0,0,1,3,0,0,0,0,0,6,0,0,0,0,0,0,0,0,0,2,0,0,0,58,5,5,0,71,0,91,11,0,0,6,0,0,0,7,0,37,0,29,0,3,0,1,0,0,0,0,0,38,0,0,0,0,0,0,0,0,0,0,0,0,0,23,1,0,0,0,0,4,0,0,0,72,1,15,0,0,0,4,2,9,0,23,0,0,0,11,0,0,0,0,0,0,0,0,0,0,0,0,0,0,0,0,0,0,0,0,0,0,0,6,0,0,0,10,0,4,0,0,0,0,0,0,0,0,0,2,0,0,0,0,0,6,0,1,0,0,0,0,0,12,0,0,0,24,0,0,0,12,0,6,0,6,0,0,0,26,0,20,0,0,0,1,0,2,0,71,0,18,0,12,0,0,0,6,0,0,0,11,0,0,1,30,0,19,0,4,0,16,0,70,38,206,9,85,41,14,0,0,4,10,0,0,0,0
0,0,0,0,0,0,0,2,0,0,0,2,0,28,0,1,0,0,0,0,0,0,0,0,0,0,0,5,0,0,0,0,0,0,0,0,0,0,0,0,11,106,0,0,7,57,0,182,0,0,0,0,0,0,0,5,0,1,0,2,0,0,0,0,0,0,0,0,0,6,0,0,0,0,0,0,0,4,0,0,0,0,0,5,0,0,0,1,0,0,0,0,0,2,0,2,0,1,0,0,0,0,0,0,0,0,0,0,0,0,0,0,0,0,0,0,0,0,0,0,0,0,0,0,0,0,0,0,0,0,0,0,0,0,0,0,0,0,0,0,0,0,0,0,0,0,0,0,0,0,0,7,0,4,0,0,0,0,0,0,0,0,0,0,0,19,0,0,0,0,0,0,0,2,0,4,0,55,0,0,0,11,0,0,0,0,9,27,0,2,0,0,0,0,0,0,0,0,0,0,0,0,0,0,0,0,0,0,0,0,0,0,0,0,4,0,0,0,12,13,4,0,1,0,4
0,0,0,0,61,0,0,0,0,0,0,0,218,0,9,0,0,0,262,27,64,0,9,0,0,0,367,0,51,0,0,2,2,0,115,0,69,0,2,0,8,0,54,7,28,0,0,0,6,0,0,0,0,0,0,0,0,0,0,0,3,0,0,0,0,0,0,0,21,0,0,0,0,0,29,0,29,0,5,0,0,0,117,0,0,0,35,0,0,0,0,0,44,0,26,0,0,0,85,0,0,0,9,0,0,0,0,0,0,0,0,0,0,0,0,0,0,0,0,0,0,0,0,0,0,0,0,0,0,0,0,0,0,0,0,0,0,0,0,0,0,0,0,0,10,0,0,0,0,0,0,0,0,0,1,0,0,0,0,0,0,0,10,0,53,0,37,0,57,0,11,0,49,0,0,0,14,3,44,0,0,0,6,0,0,0,8,0,0,0,0,0,0,0,0,0,0,0,0,0,0,0,0,0,0,0,0,0,0,0,114,133,153,35,45,0,3,0,0,0,0,0,0,0,0
0,0,0,0,0,43,0,4,0,0,0,16,0,280,0,0,0,0,55,272,0,125,0,14,0,0,47,319,0,3,0,67,0,6,0,45,0,56,0,0,0,24,0,104,0,64,0,36,0,0,0,0,0,0,0,0,0,0,0,0,0,2,0,0,0,0,0,0,0,4,0,15,0,0,0,0,0,54,0,0,0,404,0,53,0,315,0,118,0,0,0,0,0,0,0,0,0,0,0,174,0,0,0,6,0,0,0,0,0,0,0,0,0,0,0,0,0,0,0,0,0,231,0,83,0,0,0,0,1,11,0,0,0,0,0,40,0,0,0,0,0,109,0,199,0,54,0,0,0,0,0,0,0,0,0,0,0,0,0,0,0,0,0,7,0,27,0,25,0,91,0,35,0,34,0,0,12,64,0,5,0,0,0,0,0,0,2,40,0,42,0,8,0,0,0,0,0,1,0,0,0,0,0,0,0,0,0,0,0,0,0,0,0,0,36,0,0,0,131,112,56,13,0,0,0
1,0,1,0,0,0,131,28,104,118,0,0,0,0,0,0,98,7,0,0,3,0,0,0,66,28,0,0,0,0,0,0,0,0,0,0,2,0,10,0,0,0,0,0,0,0,0,0,0,0,0,0,0,37,106,99,229,7,89,35,49,0,71,16,0,0,13,94,0,0,12,0,0,0,13,0,0,0,0,0,0,0,0,0,76,0,8,0,0,0,21,0,0,0,0,0,88,0,20,0,0,0,0,0,0,0,9,0,0,0,0,0,0,0,0,0,0,0,0,0,20,0,29,0,3,0,7,0,29,0,3,1,0,0,4,2,44,0,276,2,133,0,49,0,19,0,6,0,0,0,2,0,0,0,293,2,135,0,142,1,10,0,0,0,3,0,0,0,7,0,77,0,5,0,0,0,16,0,0,0,0,0,0,0,3,5,0,0,0,0,0,0,0,0,0,0,0,0,0,0,0,0,0,0,0,0,0,0,0,0,90,111,66,40,98,0,0,0,1,0,0,0,0,0,0
0,0,0,1,0,3,15,11,77,65,0,0,0,0,0,18,3,89,0,0,0,40,0,25,0,16,0,0,0,18,0,8,0,8,0,0,0,0,0,2,0,0,0,0,0,0,0,0,0,0,0,0,37,0,57,114,16,97,62,22,0,62,7,50,0,0,44,10,0,0,0,0,0,0,0,0,0,0,0,0,0,0,0,0,0,0,0,0,0,0,0,0,0,0,0,0,0,0,0,0,0,0,0,0,0,0,0,0,0,0,0,0,0,0,0,0,0,0,0,0,0,0,0,0,0,0,0,0,0,44,0,0,0,52,0,29,0,80,0,100,0,15,0,20,0,6,0,0,0,0,0,0,0,0,1,101,0,91,0,50,0,6,0,0,0,0,0,0,0,2,0,0,0,0,0,0,0,0,0,0,0,0,0,0,0,14,0,0,0,0,0,0,0,0,0,0,0,0,0,0,0,7,0,0,0,0,0,0,0,0,0,0,0,0,21,0,0,0,20,19,10,0,0,0,0
1,0,61,0,0,0,296,0,69,148,0,0,0,0,46,0,11,0,39,0,0,0,92,0,175,33,0,0,0,0,1,0,2,0,0,0,0,0,4,0,0,0,0,0,0,0,0,0,7,0,0,0,106,57,0,113,82,7,86,23,55,0,51,35,0,0,6,84,0,0,0,0,0,0,0,0,0,0,0,0,0,0,0,0,18,0,0,0,0,0,0,0,0,0,0,0,0,0,0,0,0,0,0,0,0,0,6,0,0,0,0,0,0,0,0,0,0,0,0,0,0,0,7,0,12,0,72,0,109,0,53,0,68,0,84,0,333,0,67,0,89,0,158,0,3,0,0,0,6,0,0,0,0,0,66,0,6,0,34,0,51,0,0,0,0,0,0,0,4,0,235,0,51,0,0,0,19,0,0,0,0,0,0,0,0,9,0,0,0,0,0,0,0,0,0,0,0,0,3,0,0,0,0,0,0,0,0,0,26,0,161,49,197,179,259,0,19,0,0,0,0,0,0,0,0
0,2,0,25,0,8,0,112,172,71,0,0,0,0,0,26,7,33,0,0,0,39,0,19,0,108,0,0,0,19,0,4,0,0,0,0,0,0,0,19,0,0,0,3,0,0,0,0,0,5,0,0,99,114,113,0,34,157,90,91,0,67,31,170,0,0,97,24,0,0,0,0,0,0,0,0,0,0,0,0,0,0,0,0,0,2,0,0,0,0,0,0,0,0,0,0,0,0,0,0,0,0,0,0,0,0,0,0,0,0,0,0,0,0,0,0,0,0,0,0,0,0,0,0,0,49,0,48,0,38,0,45,0,105,0,55,0,136,0,24,0,0,0,5,0,0,0,0,0,4,0,7,0,0,0,76,0,13,0,19,0,12,0,0,0,0,0,5,0,42,0,287,0,106,0,0,10,3,0,0,0,0,0,0,0,22,0,0,0,0,0,0,0,0,0,0,0,0,0,0,0,0,0,0,0,0,0,14,0,52,2,0,0,0,477,0,0,0,289,33,427,314,1,78,0
0,0,0,0,0,0,5,0,18,0,0,0,0,0,0,0,9,0,0,0,0,0,0,0,5,0,0,0,0,0,0,0,0,0,0,0,0,0,0,0,0,0,0,0,0,0,0,0,37,0,0,0,229,16,82,34,0,9,244,73,0,0,12,0,41,0,34,86,1,0,0,0,0,0,0,0,0,0,0,0,0,1,0,0,0,0,0,0,0,0,0,0,0,0,0,0,0,0,0,0,0,1,0,0,0,0,0,0,0,0,0,0,0,0,0,0,0,0,0,0,0,0,0,0,10,0,21,0,56,0,99,0,6,0,0,0,5,0,24,0,0,1,3,0,6,0,5,0,11,0,0,0,0,0,208,5,37,0,87,1,67,22,46,0,8,0,4,0,34,0,340,0,0,0,0,5,9,0,0,0,15,0,0,0,2,12,0,0,0,0,0,0,0,0,0,0,0,0,0,0,0,0,0,0,0,0,0,0,8,0,400,116,598,629,876,0,244,3,0,0,0,0,0,0,0
0,2,0,3,0,0,0,14,0,26,0,0,0,0,0,0,0,25,0,0,0,24,0,9,0,6,0,0,0,16,0,0,0,0,0,0,0,0,0,0,0,0,0,0,0,3,0,0,0,1,0,0,7,97,7,157,9,0,35,366,0,5,0,22,0,0,39,2,0,0,0,0,0,0,0,0,0,0,0,0,0,0,0,0,0,0,0,0,0,0,0,0,0,0,0,0,0,0,0,1,0,0,0,0,0,0,0,0,0,0,0,0,0,0,0,0,0,0,0,0,0,0,0,0,0,0,0,0,0,26,0,31,0,62,0,0,0,62,0,45,0,0,0,0,0,0,0,0,0,0,0,0,0,0,0,212,0,10,1,93,0,33,0,4,0,3,0,4,0,54,0,283,0,0,0,0,0,0,0,0,0,0,0,0,2,10,0,0,0,0,0,0,0,1,0,0,0,0,0,0,0,0,0,0,0,0,0,1,0,22,0,0,0,0,408,0,0,0,198,36,383,359,9,100,1
0,0,0,0,0,0,21,0,22,0,0,0,0,0,0,0,0,0,0,0,0,0,0,0,0,0,0,0,0,0,0,0,0,0,0,0,0,0,0,0,0,0,0,0,0,0,0,0,29,0,0,0,89,62,86,90,244,35,0,170,52,0,10,0,167,19,298,269,0,0,0,0,0,0,0,0,0,0,0,0,0,1,0,0,0,0,0,0,0,0,0,0,0,0,0,0,0,0,0,2,0,0,0,0,0,0,0,0,0,0,0,0,0,0,0,0,0,0,0,0,0,0,0,0,7,0,0,0,3,0,78,0,0,0,0,0,0,0,0,8,0,0,3,0,0,2,4,0,22,0,0,0,0,0,54,7,52,2,6,3,42,17,16,0,10,0,1,0,41,0,225,0,13,0,0,6,107,0,0,0,26,0,0,0,55,55,0,0,0,0,0,0,0,0,0,0,0,0,0,0,0,0,0,0,0,0,0,0,0,0,531,189,469,629,1431,0,244,3,0,0,0,0,0,0,0
0,15,0,3,0,0,0,19,0,51,0,0,0,0,0,1,0,4,0,0,0,0,0,0,0,6,0,0,0,0,0,0,0,0,0,0,0,0,0,0,0,0,0,0,0,0,0,0,0,2,0,0,35,22,23,91,73,366,170,0,0,8,0,0,0,84,250,75,0,0,0,0,0,0,0,0,0,2,0,0,0,0,0,0,0,0,0,0,0,0,0,0,0,0,0,0,0,0,0,0,0,0,0,2,0,0,0,0,0,0,0,0,0,0,0,0,0,0,0,0,0,0,0,0,0,7,0,5,1,4,0,43,0,5,0,4,0,5,1,7,0,0,0,0,0,8,0,0,0,1,0,0,0,0,21,35,0,10,15,5,8,39,0,0,0,4,0,0,0,47,0,196,0,0,0,19,13,0,0,0,5,0,0,0,0,104,0,0,0,0,0,0,0,0,0,1,0,0,0,0,0,0,0,0,0,0,0,0,0,0,8,0,0,0,1822,0,0,0,1076,255,721,806,41,179,1
18,2,18,0,1,0,394,0,162,0,0,0,0,0,0,0,20,0,0,0,0,0,3,0,11,0,0,0,0,0,3,0,3,0,0,0,11,0,4,0,0,0,0,0,0,0,0,0,3,0,3,0,49,0,55,0,0,0,52,0,0,0,86,0,0,0,0,0,0,0,5,0,0,0,0,0,0,0,0,0,0,0,0,0,0,0,0,0,0,0,0,0,0,0,0,0,0,0,9,0,0,0,0,0,0,0,0,0,0,0,0,0,0,0,0,0,0,0,0,0,10,0,0,0,0,0,0,0,0,0,0,0,0,0,0,0,0,0,197,0,31,0,0,0,90,0,0,0,0,0,0,0,0,0,6,0,61,0,0,0,0,0,16,0,0,0,1,0,0,0,87,0,30,1,0,0,4,0,0,0,0,0,0,0,0,0,0,0,0,0,0,0,0,0,0,0,0,0,0,0,0,0,0,0,0,0,0,0,0,0,131,123,58,40,83,0,9,0,0,0,0,0,0,0,0
0,36,0,0,0,0,0,227,0,152,0,4,0,0,0,0,0,9,0,0,0,0,0,0,0,36,0,2,0,12,0,0,0,6,0,3,0,31,0,26,0,0,0,0,0,1,0,0,0,0,0,2,0,62,0,67,0,5,0,8,0,0,0,39,0,0,0,0,0,0,0,0,0,0,0,4,0,1,0,0,0,0,0,0,0,0,0,0,0,0,0,0,0,0,0,0,0,0,0,0,0,0,0,0,0,0,0,0,0,0,0,0,0,0,0,0,0,0,0,0,0,0,0,0,0,0,0,0,0,10,0,0,0,0,0,0,0,0,0,90,0,90,0,7,0,97,0,0,0,0,0,0,0,0,0,10,0,68,0,70,0,0,0,0,0,0,0,0,0,4,0,98,0,29,0,0,0,37,0,0,0,0,0,0,0,0,0,0,0,0,0,0,0,0,0,0,0,0,0,0,0,0,0,0,0,0,0,0,0,0,1,1,0,0,50,0,0,0,78,157,66,34,0,0,0
9,15,18,0,0,0,438,58,261,93,0,0,0,0,2,0,425,18,14,0,57,0,32,0,79,98,0,0,4,0,25,0,19,0,8,0,12,0,22,0,0,0,0,0,5,0,0,0,1,0,0,0,71,7,51,31,12,0,10,0,86,0,0,39,1,0,2,4,0,0,65,0,0,0,79,0,0,0,0,0,0,0,0,0,0,0,31,0,0,0,0,0,0,0,9,0,0,1,0,0,0,0,0,0,0,0,0,0,0,0,0,0,0,0,0,0,0,0,0,0,58,0,59,0,0,0,0,0,15,0,0,0,0,0,0,0,0,0,153,0,141,0,0,0,98,0,0,0,0,0,0,0,0,0,43,0,42,0,27,0,0,0,2,0,0,0,0,0,0,0,22,0,10,0,0,0,36,3,0,0,0,0,0,0,0,0,0,0,0,0,0,0,0,0,0,0,0,0,0,0,0,0,0,0,0,0,1,0,0,0,44,78,31,32,29,0,0,0,0,0,2,0,0,0,0
0,13,1,0,0,0,57,112,108,123,0,0,0,0,0,56,16,170,0,84,0,129,0,69,33,44,0,0,0,52,0,9,0,0,0,7,0,0,1,25,0,0,0,0,0,0,0,0,0,0,0,0,16,50,35,170,0,22,0,0,0,39,39,0,0,0,0,0,0,0,0,0,0,0,0,0,0,0,0,0,0,0,0,0,0,0,0,0,0,0,0,0,0,0,0,0,0,0,0,0,0,0,0,0,0,0,0,0,0,0,0,0,0,0,0,0,0,0,0,0,0,1,0,0,0,0,0,0,0,22,0,0,0,0,0,0,0,43,0,55,0,20,0,0,0,12,0,0,0,0,0,0,0,0,0,13,0,25,0,28,0,2,0,0,0,0,0,0,0,0,0,4,0,7,0,0,8,19,0,0,0,0,0,4,0,1,0,0,0,0,0,0,0,0,0,0,0,0,0,0,0,0,0,0,0,0,0,0,0,0,0,0,0,0,40,0,0,0,74,82,15,17,0,0,0
101,0,12,0,21,0,36,0,85,0,5,0,0,0,0,0,0,0,0,0,0,0,0,0,0,0,0,0,0,0,1,0,1,0,0,0,0,0,0,0,0,0,0,0,0,0,0,0,0,0,0,0,0,0,0,0,41,0,167,0,0,0,1,0,0,23,32,0,0,0,0,0,0,0,0,0,0,0,0,0,0,0,0,0,0,0,0,0,0,0,0,0,0,0,0,0,0,0,0,0,0,0,0,0,0,0,0,0,0,0,0,0,0,0,0,0,0,0,0,0,0,0,0,0,21,0,0,1,0,6,35,0,0,0,0,3,0,0,9,36,0,12,0,0,46,8,21,0,32,0,14,0,0,0,0,2,7,0,4,3,132,58,4,0,0,0,0,0,0,0,3,0,0,0,63,22,20,0,0,0,220,33,0,0,85,0,0,0,0,0,0,0,0,0,0,0,0,0,0,0,0,0,0,0,0,0,0,0,0,0,185,15,0,0,196,0,0,0,0,0,0,0,0,0,0
0,72,0,5,0,45,0,0,0,115,0,34,0,0,0,2,0,0,0,17,0,0,0,0,0,0,0,23,0,0,0,0,0,0,0,0,0,0,0,0,0,0,0,0,0,9,0,0,0,0,0,0,0,0,0,0,0,0,19,84,0,0,0,0,23,0,18,343,0,0,0,0,0,0,0,11,0,0,0,0,0,21,0,0,0,0,0,0,0,0,0,0,0,0,0,0,0,0,0,0,0,0,0,0,0,0,0,0,0,0,0,0,0,0,0,0,0,0,0,0,0,16,0,0,0,21,0,57,0,0,0,88,0,0,0,0,0,0,0,43,0,61,0,0,0,109,0,46,0,222,0,34,0,25,9,0,0,0,25,0,56,243,0,0,0,0,0,0,0,0,0,0,0,0,0,107,4,0,0,2,79,147,0,8,0,81,0,0,0,0,0,0,0,0,0,0,0,0,0,0,0,0,0,0,0,0,0,23,0,23,0,0,0,0,104,0,0,0,124,7,0,0,0,0,0
19,0,0,0,0,0,31,0,111,24,0,0,0,0,0,0,0,0,0,0,0,0,0,0,0,0,0,0,0,0,0,0,0,0,0,0,0,0,0,0,0,0,0,0,0,0,0,0,0,0,0,0,13,44,6,97,34,39,298,250,0,0,2,0,32,18,0,238,0,0,0,0,0,0,0,0,0,0,0,0,0,1,0,0,0,0,0,0,0,0,0,0,0,0,0,0,0,2,0,0,0,0,0,0,0,0,0,0,0,0,0,0,0,0,0,0,0,0,0,0,0,0,0,0,0,0,1,0,0,0,13,0,0,0,0,0,0,0,0,3,0,0,0,0,0,1,0,0,6,0,0,0,0,0,9,4,8,0,0,4,7,0,0,0,0,0,0,0,2,0,0,0,0,0,10,11,353,0,0,0,18,1,0,0,317,78,0,0,0,0,0,0,0,0,0,0,0,0,0,0,0,0,0,0,0,0,0,0,0,0,103,53,29,0,220,0,21,0,0,0,0,0,0,0,0
0,16,0,1,0,0,0,4,50,81,0,4,0,0,0,0,0,0,0,0,0,0,0,0,1,0,0,0,0,0,0,0,0,0,0,0,0,0,0,0,0,0,0,0,0,0,0,0,0,0,0,0,94,10,84,24,86,2,269,75,0,0,4,0,0,343,238,0,0,0,0,0,0,0,0,0,0,0,0,0,0,0,0,0,0,0,0,0,0,0,0,0,0,0,0,0,0,0,0,1,0,0,0,0,0,0,0,0,0,0,0,0,0,0,0,0,0,0,0,0,0,0,0,0,0,16,0,5,0,0,0,75,0,0,0,0,1,1,2,11,0,0,0,0,0,20,0,6,0,11,0,0,0,0,17,8,0,15,14,10,0,101,0,0,0,0,0,0,0,9,0,0,0,0,0,76,34,3,0,0,9,0,0,8,0,723,0,0,0,0,0,0,0,0,0,0,0,0,0,0,0,0,0,0,0,0,0,1,0,8,0,0,0,0,436,0,0,0,448,181,79,212,9,0,0
0,0,0,0,1,0,0,0,1,0,0,0,0,0,0,0,0,0,0,0,0,0,0,0,0,0,0,0,0,0,0,0,0,0,0,0,0,0,0,0,0,0,0,0,0,0,0,0,38,0,21,0,0,0,0,0,1,0,0,0,0,0,0,0,0,0,0,0,0,0,0,0,10,0,0,0,183,0,82,0,0,0,46,0,0,0,9,0,19,0,0,0,45,0,12,0,0,0,0,0,28,0,155,0,36,0,73,0,12,0,15,0,3,0,11,0,0,0,0,0,2,0,0,0,0,0,0,0,0,0,0,0,0,0,0,0,0,0,0,0,0,0,0,0,0,0,0,0,0,0,1,0,0,0,0,0,0,0,0,0,0,0,0,0,80,0,0,0,126,0,1,0,0,0,0,0,0,0,0,0,0,0,0,0,0,0,0,0,53,0,0,0,0,0,18,0,0,0,0,0,27,0,57,0,0,0,0,0,0,0,46,11,143,0,0,35,61,0,0,0,0,0,0,0,0
0,0,0,0,0,0,0,0,0,0,0,0,0,0,0,0,0,0,0,0,0,4,0,0,0,0,0,11,0,0,0,0,0,0,0,0,0,0,0,0,0,3,0,0,0,21,0,4,0,6,0,4,0,0,0,0,0,0,0,0,0,0,0,0,0,0,0,0,0,0,0,0,0,0,0,0,0,143,0,0,0,0,0,31,0,0,0,5,0,40,0,2,0,26,0,32,0,0,0,0,0,0,0,121,0,0,0,27,0,9,0,0,0,20,0,1,0,4,0,0,0,0,0,0,0,0,0,0,0,0,0,0,0,0,0,0,0,0,0,0,0,0,0,0,0,0,0,0,0,0,0,0,0,0,0,0,0,0,0,0,0,0,0,2,0,64,0,0,0,55,0,1,0,0,0,0,0,0,0,0,0,0,0,0,0,0,0,0,0,0,0,0,0,0,0,28,0,0,0,0,0,0,0,10,0,0,0,0,0,0,0,0,0,0,0,0,0,0,40,32,120,16,20,19,10
0,0,0,0,0,0,0,0,0,0,0,0,0,0,0,0,96,0,14,0,39,0,0,0,0,1,76,0,42,0,45,0,60,0,0,0,135,0,36,0,0,0,44,0,31,0,0,0,0,0,0,0,12,0,0,0,0,0,0,0,5,0,65,0,0,0,0,0,0,0,0,0,178,0,391,0,19,0,234,0,9,0,0,0,0,0,46,0,0,0,0,0,0,0,0,0,2,0,0,0,0,0,0,0,0,0,0,0,0,0,0,0,0,0,0,0,0,0,0,0,23,0,12,0,26,0,78,0,17,0,21,0,22,0,71,0,75,0,26,2,95,0,33,0,109,0,23,0,20,0,0,0,18,0,2,0,12,0,0,0,0,0,41,0,0,0,0,0,14,0,36,0,29,0,47,0,0,0,0,0,21,0,0,0,0,0,0,0,0,0,0,0,0,0,0,0,0,0,0,0,0,0,0,0,0,0,0,0,38,0,22,0,0,0,0,0,0,0,0,0,0,0,0,0,0
0,0,0,0,0,0,0,0,0,0,0,0,0,0,0,0,0,1,0,0,0,0,0,0,0,0,0,0,0,0,0,0,0,0,0,0,0,0,0,0,0,0,0,0,0,0,0,0,0,0,0,15,0,0,0,0,0,0,0,0,0,0,0,0,0,0,0,0,0,0,0,0,0,75,0,171,0,19,0,7,0,0,0,0,0,0,0,37,0,0,0,0,0,0,0,0,0,0,0,0,0,0,0,0,0,0,0,0,0,0,0,0,0,0,0,0,0,0,0,0,0,3,1,1,0,58,0,0,0,0,0,0,0,36,0,0,0,13,0,0,0,5,0,0,0,102,0,0,0,0,0,0,0,0,0,0,0,0,0,0,0,0,0,22,0,0,0,0,0,0,0,14,0,8,0,0,0,0,0,0,0,0,0,0,0,1,0,0,0,0,0,0,0,0,0,0,0,0,0,0,0,0,0,0,0,0,0,0,0,0,0,0,0,0,0,0,0,0,13,0,0,0,0,0,0
0,0,2,0,0,0,0,0,0,0,0,0,0,0,0,0,0,0,0,0,0,0,0,0,0,0,0,0,0,0,1,0,0,0,0,0,0,0,0,0,0,0,0,0,1,0,0,0,0,0,0,0,0,0,0,0,0,0,0,0,0,0,0,0,0,0,0,0,10,0,178,0,0,0,57,0,20,0,113,0,0,0,3,0,0,0,3,0,0,0,0,0,0,0,0,0,0,0,2,0,0,0,1,0,0,0,0,0,0,0,0,0,0,0,0,0,0,0,0,0,11,0,12,0,40,0,87,0,21,0,15,0,32,0,147,0,63,0,14,0,63,1,46,0,52,0,0,0,0,0,20,0,0,1,0,0,2,0,0,0,0,0,47,0,0,0,1,0,28,0,7,0,0,0,15,0,0,0,0,0,0,0,0,0,0,0,0,0,0,0,0,0,0,0,0,0,9,0,0,0,35,0,49,0,13,0,0,0,105,0,280,0,15,0,17,0,0,0,0,0,0,0,0,0,0
0,0,0,0,0,0,0,0,0,0,0,0,0,0,0,0,0,0,0,0,0,0,0,2,0,0,0,0,0,0,0,0,0,0,0,0,0,0,0,0,0,0,0,0,0,0,0,0,0,0,0,0,0,0,0,0,0,0,0,0,0,0,0,0,0,0,0,0,0,0,0,75,0,0,0,181,0,39,0,43,0,0,0,6,0,16,0,59,0,0,0,0,0,0,0,0,0,0,0,0,0,0,0,0,0,0,0,0,0,0,0,0,0,0,0,0,0,0,0,0,0,21,0,5,0,45,8,69,0,0,0,10,0,0,0,72,0,31,0,0,0,7,0,0,0,26,0,38,0,0,0,37,0,0,0,0,0,0,0,0,0,0,0,24,0,0,0,0,0,4,0,4,0,0,1,0,0,0,0,0,0,35,0,0,0,0,0,1,0,20,0,0,0,0,0,0,0,0,0,0,3,57,0,0,0,17,0,0,0,134,0,0,0,0,14,0,0,0,97,2,20,0,0,0,0
3,0,0,0,0,0,0,0,0,0,0,0,0,0,0,0,151,0,0,0,56,0,30,0,17,0,61,0,42,0,27,0,17,0,0,0,79,0,33,0,0,0,40,0,0,0,0,0,0,0,29,0,13,0,0,0,0,0,0,0,0,0,79,0,0,0,0,0,0,0,391,0,57,0,0,0,11,0,118,0,18,0,14,0,35,0,58,0,0,0,0,0,0,0,4,0,7,0,18,0,0,0,0,0,0,0,1,0,0,0,0,0,0,0,0,0,0,0,0,0,72,0,41,0,38,0,0,0,3,0,32,0,0,0,64,0,35,0,11,0,98,0,42,0,112,0,31,0,22,0,0,0,27,0,1,0,8,0,0,0,0,0,37,0,0,0,0,0,26,0,17,0,10,0,64,0,0,0,0,0,46,0,0,0,8,0,0,0,1,0,0,0,7,0,0,0,4,0,35,0,29,0,35,0,4,0,0,0,0,0,57,0,0,0,3,0,0,0,0,0,0,0,0,0,0
0,0,0,0,0,0,0,0,0,0,0,0,0,0,0,0,0,0,0,0,0,0,0,0,0,0,0,0,0,0,0,2,0,0,0,0,0,0,0,0,0,0,0,0,0,0,0,0,0,0,0,0,0,0,0,0,0,0,0,0,0,4,0,0,0,11,0,0,0,0,0,171,0,181,0,0,0,36,0,18,0,1,0,0,0,4,0,62,0,0,0,0,0,0,0,0,0,0,0,0,0,0,0,0,0,0,0,0,0,0,0,0,0,0,0,0,0,0,0,0,0,138,0,11,0,100,0,0,0,0,0,0,0,67,0,81,0,76,0,4,0,27,0,37,0,307,0,73,0,22,0,51,0,26,0,0,0,6,0,0,0,0,0,72,0,0,0,0,4,16,0,7,0,12,3,0,0,0,0,0,8,64,0,0,0,0,0,0,0,0,0,2,0,0,0,0,0,0,0,0,0,0,0,0,0,0,0,40,0,126,0,0,0,0,0,0,0,0,63,0,14,0,0,0,0
0,0,0,0,0,0,0,0,0,0,0,0,0,0,0,0,0,0,8,0,0,0,0,0,0,0,0,0,0,0,0,0,0,0,0,0,0,0,0,0,0,0,0,0,0,0,0,0,0,0,29,0,0,0,0,0,0,0,0,0,0,0,0,0,0,0,0,0,183,0,19,0,20,0,11,0,0,0,29,0,0,0,49,0,33,0,13,3,0,0,0,0,7,0,19,0,0,0,0,0,0,0,47,0,30,0,0,0,3,0,0,0,0,0,1,0,5,0,0,0,0,0,0,0,0,0,0,0,2,0,0,0,0,0,0,0,0,0,0,0,6,0,0,0,2,0,0,0,0,0,0,2,0,0,0,0,0,0,0,0,0,0,0,0,43,0,0,0,45,0,0,0,3,0,0,0,0,0,0,0,4,0,0,0,0,0,0,0,64,0,0,0,0,0,16,0,0,0,0,0,62,0,131,0,0,0,0,0,0,0,75,0,66,2,19,15,6,0,0,0,0,0,0,0,0
0,0,0,2,0,0,0,0,0,1,0,0,0,0,0,0,0,0,0,37,0,0,0,0,0,0,0,0,0,0,0,0,0,0,0,0,0,0,0,0,0,0,0,10,0,74,0,0,0,4,0,54,0,0,0,0,0,0,0,2,0,1,0,0,0,0,0,0,0,143,0,19,0,39,0,36,0,0,0,6,0,74,0,245,0,19,0,123,0,4,0,0,0,30,0,27,0,0,0,5,0,2,0,59,0,0,0,30,0,0,0,0,0,3,0,0,0,27,0,0,0,8,0,7,0,0,0,0,0,0,0,0,0,0,0,22,0,0,0,0,0,5,0,16,0,0,0,0,0,0,0,0,0,0,0,0,0,0,0,0,0,0,0,9,0,25,0,0,0,41,0,10,0,0,0,0,0,0,0,0,0,0,0,0,0,0,0,0,0,77,0,0,0,0,0,53,0,0,0,29,0,63,0,43,0,49,0,0,0,17,0,0,0,0,3,0,0,0,41,40,63,0,0,0,0
0,0,0,0,0,0,0,0,0,0,0,0,0,0,0,0,0,0,0,0,0,0,0,0,0,0,0,0,0,0,0,0,0,0,0,0,0,0,0,0,0,0,0,0,0,0,0,0,0,0,5,0,0,0,0,0,0,0,0,0,0,0,0,0,0,0,0,0,82,0,234,0,113,0,118,0,29,0,0,0,31,0,125,0,80,0,42,0,0,0,0,0,15,0,2,0,0,0,0,0,0,0,0,0,0,0,26,1,0,0,0,0,0,0,2,0,0,0,0,0,90,0,39,0,0,0,0,0,0,0,0,0,0,0,92,0,0,0,0,0,53,0,68,0,40,0,0,0,0,0,0,0,0,0,0,0,0,0,0,0,0,0,11,1,0,0,4,0,21,0,0,0,0,0,0,0,0,0,0,0,0,0,0,0,0,0,0,0,42,0,37,0,0,0,0,0,0,0,118,0,120,0,178,0,66,0,0,0,0,0,261,0,50,0,13,0,2,0,0,0,0,0,0,0,0
0,0,0,0,0,0,0,0,0,0,0,0,0,0,0,0,0,0,0,0,0,0,0,0,0,1,0,0,0,0,0,0,0,0,0,0,0,0,0,0,0,0,0,0,0,0,0,0,0,0,0,0,0,0,0,0,0,0,0,0,0,0,0,0,0,0,0,0,0,0,0,7,0,43,0,18,0,6,0,0,0,0,0,0,0,8,0,12,0,0,0,0,0,0,0,0,0,0,0,0,0,0,0,0,0,0,0,0,0,0,0,0,0,0,0,0,0,0,0,0,0,11,0,2,0,0,0,38,0,0,0,0,0,0,0,0,0,0,0,0,0,10,0,26,0,43,0,0,0,0,0,0,0,0,0,0,0,0,0,0,0,2,0,0,0,0,0,0,0,1,0,0,0,0,2,0,0,0,0,0,0,0,0,0,0,0,0,0,0,0,0,0,0,0,0,0,0,0,0,0,0,0,0,16,0,0,0,0,0,51,0,0,0,0,0,0,0,0,10,0,0,0,0,0,0
