0,53,63,92,38,0,36,26,35,0,62,0,54,0,8,30,56,52,11,0,0,0,47,119,23,158,18,0,58,0,0,0,156,0,2,0,183,0,309,0,0,0,0,0,12,0,15,0,14,0,0,0,0,0,0,0,0,0,8,0,32,0,0,11,32,0,11,0,0,0,0,0,0,0,0,0,0,0,0,0,0,0,0,0,0,0,0,0,0,0,0,0,0,0,0,0,0,0,0,0,0,0,0,0,0,0,0,0,0,0,0,0,0,0,0,0,0,0,0,0,0,0,0,0,35,0,0,0,0,0,35,0,0,0,0,0,0,0,0,0,0,0,0,0,0,0,26,0,63,0,0,0,17,0,0,0,0,0,0,0,7,0,0,0,0,0,0,0,44,0,39,0,537,0,0,0,365,171,7,0,0,0,14,0,54,0,1,0,0,0,0,0,0,0,0,0,0,0,0,0,0,0,0,0,0,0,0,0,0,0,672,366,355,0,264,1,14,0,4,14,0,0,0,0,0
53,0,65,142,0,133,0,98,0,7,0,179,0,87,0,42,34,52,0,44,0,0,91,21,169,36,0,92,0,15,0,0,0,39,0,0,0,162,2,202,0,19,0,0,0,7,0,60,0,6,0,0,0,46,0,78,1,17,3,13,0,403,0,408,0,29,0,30,0,0,0,0,0,0,0,0,0,0,0,3,0,0,0,0,0,0,0,0,0,0,0,0,0,0,0,0,0,0,0,0,0,0,0,0,0,0,0,0,0,0,0,0,0,0,0,0,0,0,0,0,0,0,0,0,0,37,0,9,0,0,0,24,0,0,0,0,0,37,0,9,0,0,0,9,0,0,0,0,0,65,0,34,0,0,0,17,0,15,0,0,0,14,0,7,0,0,0,22,2,64,0,74,0,478,0,6,48,534,0,10,0,0,0,12,0,48,0,0,0,0,0,0,0,0,0,0,0,0,0,0,0,0,0,0,0,0,0,0,0,13,3,4,0,0,417,0,0,0,798,235,306,107,0,0,0
63,65,0,0,104,75,31,0,0,0,47,55,72,0,186,122,124,25,34,4,19,0,368,181,86,62,31,0,215,0,46,0,258,0,0,0,147,0,438,0,0,0,0,0,0,0,0,0,9,0,0,0,2,0,20,0,0,0,4,0,36,0,0,0,0,0,0,0,0,0,0,0,0,0,0,0,0,0,0,0,0,0,0,0,0,0,0,0,0,0,0,0,0,0,0,0,0,0,0,0,0,0,0,0,0,0,0,0,0,0,0,0,0,0,0,0,0,0,0,0,0,0,0,0,21,0,0,0,0,0,22,0,12,0,41,0,71,0,0,0,6,0,0,0,0,0,35,0,42,0,0,0,6,0,0,0,0,0,0,0,4,0,0,0,0,0,91,0,15,0,0,0,275,0,0,0,154,104,0,3,0,0,0,0,0,0,0,0,0,0,0,0,0,0,0,0,0,0,0,0,0,0,0,0,0,0,0,0,0,0,427,90,282,115,247,2,0,0,0,10,0,0,0,0,0
92,142,0,0,28,216,0,95,0,3,0,80,0,21,0,95,38,14,0,69,0,15,167,157,91,16,0,50,0,150,0,2,0,72,0,0,0,91,0,334,0,0,0,4,0,0,0,0,0,0,0,1,0,0,0,60,0,24,0,0,0,102,0,105,0,0,0,0,0,0,0,0,0,0,0,0,0,0,0,0,0,0,0,0,0,0,0,0,0,0,0,0,0,0,0,0,0,0,0,0,0,0,0,0,0,0,0,30,0,0,0,0,0,0,0,0,0,0,0,0,0,0,0,0,0,14,0,0,0,0,0,0,0,49,0,0,0,298,0,40,0,36,0,0,0,0,0,0,0,5,0,0,0,0,0,10,0,0,0,3,0,15,0,0,0,0,0,10,0,0,0,0,0,129,0,0,48,216,0,0,0,0,0,0,0,0,0,0,0,0,0,0,0,0,0,0,0,0,0,0,0,0,0,0,0,0,0,0,0,61,0,4,0,0,57,0,0,0,107,44,89,0,0,1,0
38,0,104,28,0,231,15,0,6,0,97,0,317,93,481,251,51,0,125,192,65,108,128,98,7,2,75,57,18,0,256,0,188,15,96,0,179,0,7,0,42,0,0,0,19,5,34,0,4,0,32,0,0,0,8,0,0,0,0,0,0,0,0,1,23,0,3,0,0,0,0,0,0,0,0,0,0,0,0,0,0,0,0,0,0,0,0,0,0,0,0,0,0,0,0,0,0,0,0,0,0,0,0,0,0,0,0,0,0,0,0,0,0,0,2,0,0,0,0,0,3,0,0,0,63,0,15,0,0,0,64,0,0,0,16,0,0,0,0,0,0,0,0,0,0,0,40,0,80,0,12,0,14,0,0,0,0,0,0,0,0,0,0,0,40,0,267,0,0,0,5,0,24,0,1,0,235,153,142,1,0,0,10,0,25,0,0,0,0,0,0,0,0,0,0,0,0,0,0,0,0,0,0,0,0,0,0,0,0,0,254,238,213,0,137,0,0,0,0,7,15,0,0,0,0
0,133,75,216,231,0,0,42,0,6,66,288,98,104,380,292,0,0,119,202,79,64,120,68,0,0,0,163,0,80,0,40,0,354,0,106,0,190,0,120,0,9,0,0,0,0,0,88,0,0,0,0,0,7,0,0,0,0,0,0,0,0,0,0,0,0,0,0,0,0,0,0,0,0,0,0,0,0,0,0,0,0,0,0,0,0,0,0,0,0,0,0,0,0,0,0,0,0,0,0,0,0,0,0,0,0,0,0,0,0,0,0,0,0,0,0,0,0,0,0,0,0,0,0,0,0,0,0,0,0,0,0,0,0,0,0,0,35,0,0,0,0,0,0,0,0,0,0,0,18,0,0,0,0,0,11,0,7,0,0,0,0,0,0,0,0,0,203,0,0,0,0,0,0,0,0,86,403,18,7,0,43,0,8,0,29,0,11,0,0,0,0,0,0,0,0,0,0,0,0,0,0,0,0,0,0,0,0,0,0,0,0,0,0,167,0,0,0,311,206,270,0,0,0,0
36,0,31,0,15,0,0,0,60,0,9,0,15,0,0,0,0,0,2,0,0,0,8,0,279,198,0,0,32,0,0,0,0,0,0,0,0,0,152,0,0,0,0,0,0,0,0,0,23,0,0,0,0,0,176,147,8,0,5,0,219,0,171,36,1,0,4,0,0,0,0,0,0,0,0,0,0,0,1,0,0,0,0,0,0,0,0,0,0,0,0,0,0,0,0,0,0,0,0,0,0,0,0,0,0,0,0,0,0,0,0,0,0,0,2,0,0,0,0,0,0,0,0,0,36,0,21,0,0,0,72,0,18,0,10,0,0,0,0,0,0,0,1,0,0,0,22,0,12,0,9,0,2,0,0,0,0,0,1,0,44,0,0,0,0,0,0,0,44,0,373,0,496,0,0,0,130,137,0,0,0,0,2,0,0,0,0,0,0,0,0,0,0,0,0,0,0,0,0,0,0,0,0,0,0,0,0,0,19,0,720,138,188,368,569,0,94,0,0,0,0,0,0,0,0
26,98,0,95,0,42,0,0,110,62,0,14,0,11,0,18,21,14,0,6,0,0,0,8,113,118,0,0,0,13,0,0,0,0,0,0,0,0,0,19,0,0,0,0,0,0,0,4,0,1,0,0,0,23,48,147,0,9,0,9,0,203,0,290,0,1,0,4,0,0,0,0,0,0,0,0,0,0,0,0,0,0,0,0,0,0,0,0,0,0,0,0,0,0,0,0,0,0,0,0,0,0,0,0,0,0,0,0,0,0,0,0,0,0,0,0,0,0,0,0,0,0,0,0,0,13,0,0,0,2,0,0,0,13,0,0,1,33,0,0,0,0,0,0,0,0,0,0,0,2,0,0,0,0,0,1,0,0,0,0,0,13,0,0,0,3,0,4,0,37,0,88,0,329,0,0,28,216,0,0,0,0,0,4,0,0,0,0,0,0,0,0,0,0,0,0,0,0,0,0,0,0,0,0,0,0,0,0,0,6,0,0,0,0,476,0,0,0,463,34,219,202,0,50,0
35,0,0,0,6,0,60,110,0,143,48,0,0,0,5,0,2,0,0,0,0,0,2,0,21,146,0,0,0,0,0,0,0,0,0,0,0,0,0,0,0,0,0,0,0,0,0,0,18,0,0,0,11,30,28,366,0,0,51,54,102,0,0,34,100,0,75,0,0,0,0,0,0,0,0,0,0,0,0,0,0,0,0,0,0,0,0,0,0,0,0,0,0,0,0,0,0,0,0,0,0,0,0,0,0,0,0,0,0,0,0,0,0,0,0,0,0,0,0,0,0,0,0,0,54,0,0,0,0,0,55,0,0,0,0,0,3,0,0,0,0,0,0,0,0,0,28,0,105,0,7,0,8,0,0,0,0,0,0,0,37,0,0,0,2,0,0,0,38,0,249,0,159,0,0,0,563,171,10,0,0,0,15,0,82,7,0,0,0,0,0,0,0,0,0,0,0,0,0,0,0,0,0,0,0,0,0,0,0,0,397,111,101,143,211,0,0,0,2,0,3,0,0,0,0
0,7,0,3,0,6,0,62,143,0,0,16,0,0,0,3,0,0,0,0,0,0,0,0,52,75,0,0,0,0,0,0,0,0,0,2,0,0,0,0,0,0,0,0,0,0,0,0,0,0,0,0,28,137,288,155,0,13,0,49,0,92,20,273,0,104,0,67,0,4,0,0,0,0,0,0,0,0,0,0,0,0,0,0,0,0,0,0,0,0,0,0,0,0,0,0,0,0,0,0,0,0,0,0,0,0,0,0,0,0,0,0,0,0,0,0,0,0,0,0,0,0,0,0,0,36,0,0,0,2,0,23,0,4,0,16,0,21,0,0,0,0,0,0,0,0,0,5,0,74,0,0,0,0,0,15,0,26,0,0,0,8,0,3,0,3,0,6,0,41,0,194,0,177,0,0,85,494,0,1,0,2,0,35,0,61,0,0,0,0,0,0,0,3,0,0,0,0,0,0,0,0,0,0,0,0,0,0,0,8,0,0,0,0,462,0,0,0,525,98,169,0,0,87,0
62,0,47,0,97,66,9,0,48,0,0,0,181,0,59,121,30,0,28,35,60,26,41,65,0,0,35,0,15,3,132,0,211,0,24,0,195,0,8,0,32,0,0,0,21,0,34,0,7,0,8,0,0,0,0,0,0,0,1,0,0,0,0,0,20,0,0,0,0,0,0,0,0,0,0,0,0,0,0,0,0,0,0,0,0,0,0,0,0,0,0,0,0,0,0,0,0,0,0,0,0,0,0,0,0,0,0,0,0,0,0,0,0,0,0,0,0,0,0,0,0,0,0,0,30,0,6,0,0,0,15,0,0,0,8,0,8,0,0,0,0,0,5,0,0,0,39,0,39,0,0,0,17,0,0,0,0,0,0,0,0,0,0,0,0,0,304,6,0,0,0,0,58,0,0,0,136,52,61,0,0,0,27,0,57,0,0,0,0,0,0,0,0,0,0,0,0,0,0,0,0,0,0,0,0,0,0,0,4,0,251,166,232,0,103,0,0,0,0,0,0,1,0,0,0
0,179,55,80,0,288,0,14,0,16,0,0,0,225,112,57,13,29,0,33,0,29,132,66,0,0,0,98,0,46,0,17,16,375,0,33,0,203,0,132,0,63,0,0,0,13,0,113,0,21,0,34,0,8,0,7,0,0,0,0,0,14,0,0,0,16,0,0,0,0,0,0,0,0,0,0,0,0,0,0,0,0,0,0,0,0,0,0,0,0,0,0,0,0,0,0,0,0,0,0,0,0,0,0,0,0,0,0,0,0,0,0,0,0,0,0,0,0,0,0,0,0,0,0,0,3,0,0,0,0,0,0,0,0,0,0,0,0,0,0,0,0,0,0,0,0,0,0,0,28,1,84,0,38,0,10,0,0,0,0,0,0,0,0,0,18,0,126,0,56,0,24,3,185,0,37,52,344,0,26,0,120,0,44,0,71,0,1,0,0,0,0,0,0,0,0,0,0,0,0,0,0,0,0,0,0,0,0,0,0,0,2,0,0,171,0,0,0,380,202,239,0,0,0,0
54,0,72,0,317,98,15,0,0,0,181,0,0,253,69,24,0,0,120,314,30,150,0,0,0,0,123,607,0,0,30,0,0,0,92,0,23,0,0,0,155,77,71,76,66,55,162,194,37,14,153,43,0,0,0,1,0,0,0,0,0,0,0,0,0,0,0,0,0,0,0,0,0,0,0,0,0,0,0,0,0,0,0,0,0,0,0,0,0,0,0,0,0,0,0,0,0,0,0,0,0,0,0,0,0,0,0,0,0,0,0,0,0,0,0,0,0,0,0,0,0,0,0,0,12,0,0,0,0,0,0,0,0,0,0,0,0,0,0,0,0,0,0,0,0,0,0,0,0,0,0,0,0,0,0,0,0,0,0,0,0,0,0,0,38,0,31,0,0,0,0,0,4,0,0,0,353,157,165,0,32,0,27,0,0,0,342,8,0,0,0,0,0,0,0,0,0,0,0,0,0,0,0,0,0,0,0,0,0,0,32,233,128,13,0,0,0,0,0,32,0,0,0,0,0
0,87,0,21,93,104,0,11,0,0,0,225,253,0,134,14,0,0,332,204,63,52,0,0,0,0,105,90,0,0,0,0,0,11,94,124,0,54,0,0,15,96,21,97,0,21,0,102,0,24,35,166,0,0,0,0,0,0,0,0,0,0,0,0,0,0,0,0,0,0,0,0,0,0,0,0,0,0,0,0,0,0,0,0,0,0,0,0,0,0,0,0,0,1,0,0,0,0,0,0,0,0,0,0,0,0,0,5,0,0,0,0,0,0,0,0,0,0,0,0,0,0,0,0,0,0,0,0,0,0,0,0,0,0,0,0,0,0,0,0,0,0,0,0,0,0,0,0,0,0,0,37,0,25,0,6,0,0,0,0,0,0,0,0,0,39,0,25,0,0,0,0,0,0,0,32,10,280,14,19,0,86,0,0,0,14,6,82,0,0,0,0,0,0,0,0,0,0,0,0,0,0,0,0,0,0,0,0,0,0,0,0,0,0,17,0,0,0,0,117,145,0,0,0,2
8,0,186,0,481,380,0,0,5,0,59,112,69,134,0,448,32,0,109,241,99,174,270,115,50,0,42,43,0,0,127,0,34,44,39,34,37,29,0,0,0,0,0,0,14,0,0,2,0,0,4,0,0,0,0,0,0,0,0,0,0,0,14,0,12,0,0,0,0,0,0,0,0,0,0,0,0,0,0,0,26,0,0,0,0,0,0,0,0,0,0,0,0,0,0,0,0,0,0,0,0,0,0,0,0,0,0,0,0,0,0,0,0,0,0,0,0,0,0,0,7,0,0,0,0,0,0,0,0,0,0,0,0,0,73,0,121,0,2,0,0,0,0,0,0,0,70,0,61,0,13,0,35,0,0,0,0,0,0,0,0,0,0,0,0,0,103,19,0,0,0,0,0,0,0,0,99,102,81,0,0,0,9,0,35,0,0,0,0,0,0,0,0,0,0,0,0,0,0,0,0,0,0,0,0,0,0,0,0,0,69,196,75,19,47,0,0,0,0,0,0,0,0,0,0
30,42,122,95,251,292,0,18,0,3,121,57,24,14,448,0,0,24,25,75,105,88,187,120,0,38,0,66,0,16,0,41,30,132,0,0,19,27,0,0,0,4,0,12,0,0,0,21,0,0,0,0,0,6,0,12,0,0,0,0,0,0,0,6,0,8,0,0,0,0,0,0,0,0,0,0,0,0,0,9,0,0,0,0,0,133,0,0,0,0,0,0,0,0,0,0,0,45,0,0,0,0,0,0,0,0,0,0,0,0,0,0,0,0,0,0,0,0,0,0,0,0,0,0,0,12,0,28,0,0,0,0,0,48,0,226,0,334,0,38,0,50,0,82,0,0,0,0,0,18,0,10,0,0,0,12,0,3,0,0,0,0,0,0,0,0,37,46,0,37,0,18,0,20,0,0,51,279,11,10,0,10,0,0,0,30,0,0,0,0,0,0,0,0,0,0,0,0,0,0,0,0,0,0,0,0,0,0,0,56,0,12,0,0,58,0,0,0,121,184,83,33,3,0,0
56,34,124,38,51,0,0,21,2,0,30,13,0,0,32,0,0,0,69,0,167,0,92,60,47,57,35,0,112,0,48,0,132,0,15,0,22,0,190,0,0,0,0,0,21,0,12,0,0,0,7,0,109,0,0,7,0,0,0,0,20,0,226,0,0,0,0,0,0,0,65,0,0,0,91,0,6,0,18,0,210,0,0,0,305,0,111,0,0,0,140,0,0,0,0,0,420,0,650,0,0,0,0,0,0,0,222,0,0,0,0,0,0,0,0,0,0,0,0,0,143,0,71,0,0,0,0,0,26,0,0,0,0,0,30,0,74,0,19,0,75,0,403,0,0,0,0,0,0,0,0,0,0,0,5,0,0,0,13,0,0,0,0,0,0,0,25,0,0,0,0,0,54,0,0,0,52,31,0,0,0,0,17,0,4,0,0,0,0,0,0,0,0,0,0,0,0,0,4,0,34,0,0,0,0,0,0,0,0,0,32,400,46,17,28,0,0,0,0,6,0,0,0,0,0
52,52,25,14,0,0,0,14,0,0,0,29,0,0,0,24,0,0,0,37,0,181,54,248,60,82,0,0,0,90,0,5,0,22,0,16,2,35,0,68,0,0,0,13,0,0,0,0,0,0,0,0,0,65,0,24,0,5,0,0,0,41,7,305,0,0,0,0,0,0,0,0,0,0,0,4,0,0,0,4,0,77,0,0,0,216,0,30,0,0,0,0,0,0,0,0,0,37,0,0,0,0,0,0,0,0,0,0,0,0,0,0,0,0,0,0,0,0,0,0,0,27,0,18,0,0,0,0,0,0,0,5,0,17,0,156,0,355,0,224,0,106,0,332,0,4,0,0,0,0,0,0,0,0,0,58,0,0,0,0,0,0,0,2,0,0,0,8,0,19,0,3,0,43,0,0,0,59,0,19,0,0,0,2,0,0,0,0,0,0,0,0,0,0,0,0,0,0,0,0,0,0,0,0,0,0,0,0,0,0,0,0,0,0,49,0,0,0,48,294,45,0,0,0,0
11,0,34,0,125,119,2,0,0,0,28,0,120,332,109,25,69,0,0,347,131,176,159,0,17,0,127,448,0,0,26,0,0,0,153,0,36,0,0,0,4,69,40,73,46,0,20,149,6,0,195,45,0,0,0,0,0,0,0,0,0,0,35,0,0,0,0,0,0,0,10,0,4,0,0,0,0,0,0,0,0,0,0,0,0,0,0,0,0,0,0,0,0,0,0,0,0,0,0,0,0,0,0,0,0,0,0,0,0,0,0,0,0,0,0,0,0,0,0,0,0,0,0,0,0,0,0,0,0,0,0,0,0,0,0,0,0,0,0,0,0,0,0,0,0,2,0,0,15,0,0,0,0,0,0,0,0,0,0,0,0,0,0,0,79,0,59,0,63,0,4,0,0,0,0,0,69,75,32,0,0,0,18,0,12,0,17,0,0,0,0,0,0,0,0,0,0,0,0,0,0,0,0,0,0,0,0,0,0,0,75,325,171,26,26,0,0,0,0,24,0,0,0,0,0
0,44,4,69,192,202,0,6,0,0,35,33,314,204,241,75,0,37,347,0,83,140,0,148,0,31,77,132,1,0,0,30,0,51,126,144,25,71,0,0,0,8,0,40,0,26,0,67,0,24,34,57,0,32,0,10,0,11,0,0,0,9,0,23,0,0,0,2,0,0,0,0,0,0,0,0,0,0,0,0,0,0,0,0,0,0,0,71,0,0,0,0,0,0,0,0,0,0,0,0,0,0,0,0,0,0,0,0,0,0,0,0,0,0,0,0,0,0,0,0,0,0,0,0,0,0,0,0,0,0,0,0,0,0,0,0,0,0,0,0,0,0,0,0,0,0,0,0,0,0,0,0,0,40,0,30,0,0,0,0,0,0,0,0,0,44,0,62,0,102,0,0,0,0,0,0,26,151,26,0,0,34,0,0,0,54,1,43,0,0,0,0,0,0,0,0,0,0,0,0,0,0,0,0,0,0,0,0,0,60,0,0,0,0,77,0,0,0,66,165,138,0,0,0,0
0,0,19,0,65,79,0,0,0,0,60,0,30,63,99,105,167,0,131,83,0,67,174,0,0,0,96,0,13,0,64,0,35,0,128,0,38,0,0,0,0,0,3,0,44,0,0,0,0,0,47,6,29,0,2,0,0,0,0,0,0,0,59,0,0,0,0,0,0,0,75,0,0,0,67,0,0,0,0,0,123,0,0,0,72,0,70,0,0,0,74,0,0,0,0,0,156,0,459,0,0,0,0,0,0,0,134,0,0,0,0,0,0,0,0,0,0,0,0,0,82,0,0,0,0,0,0,0,0,0,0,0,0,0,0,0,0,0,0,0,24,0,0,0,39,0,0,0,0,0,0,0,4,0,2,0,0,0,0,0,0,0,0,0,41,0,112,0,52,0,7,0,15,0,0,0,40,26,95,0,0,0,10,0,0,0,0,0,0,0,0,0,0,0,0,0,0,0,0,0,0,0,0,0,0,0,0,0,0,0,165,323,157,0,69,0,3,0,0,0,0,0,0,0,0
0,0,0,15,108,64,0,0,0,0,26,29,150,52,174,88,0,181,176,140,67,0,0,375,0,43,0,132,0,63,0,19,0,53,0,100,0,16,0,17,0,2,0,64,0,65,0,31,0,25,0,33,0,10,0,5,2,0,0,0,0,0,0,62,0,0,0,0,0,0,0,26,0,0,0,37,0,0,0,0,0,177,0,0,0,348,0,0,0,0,0,0,0,0,0,0,0,0,0,0,0,0,0,0,0,0,0,0,0,0,0,0,0,0,0,0,0,0,0,0,0,135,0,0,0,0,0,0,0,0,0,0,0,0,0,0,0,0,0,152,0,232,0,362,0,207,0,0,0,0,0,0,0,0,0,29,0,27,0,45,0,0,0,0,0,48,0,128,0,100,0,21,0,32,0,0,0,64,8,0,0,0,0,0,0,0,0,50,0,0,0,0,0,0,0,0,0,0,0,0,0,0,0,0,0,0,0,0,0,0,0,0,0,0,96,0,0,0,194,385,280,49,0,0,0
47,91,368,167,128,120,8,0,2,0,41,132,0,0,270,187,92,54,159,0,174,0,0,344,62,59,42,0,25,10,17,0,18,0,0,0,15,0,35,0,0,0,0,0,49,0,0,0,0,0,2,0,14,0,67,0,10,0,0,0,0,0,52,0,0,0,0,0,0,0,3,0,0,0,0,0,0,0,0,0,28,0,0,0,57,0,0,0,0,0,0,0,0,0,0,0,214,0,163,0,0,0,0,0,0,0,188,0,0,0,0,0,0,0,0,0,0,0,0,0,0,0,0,0,20,0,16,0,23,0,10,0,0,0,157,0,233,0,0,0,0,0,303,0,0,0,21,0,17,0,0,0,0,0,3,0,0,0,0,0,3,0,0,0,7,0,21,0,22,0,0,0,32,0,0,0,130,131,0,0,0,0,0,0,0,0,0,0,0,0,0,0,0,0,0,0,0,0,28,0,54,0,0,0,0,0,0,0,66,0,30,422,44,14,0,0,4,0,0,22,0,0,0,0,0
119,21,181,157,98,68,0,8,0,0,65,66,0,0,115,120,60,248,0,148,0,375,344,0,89,83,0,64,0,150,0,2,0,50,0,15,0,38,0,42,0,0,0,31,0,0,0,0,0,0,0,9,0,9,0,0,0,17,0,0,0,33,0,131,0,0,0,0,0,0,0,0,0,0,0,14,0,0,0,5,0,230,0,0,0,415,0,128,0,0,0,0,0,0,0,0,0,92,0,0,0,68,0,0,0,0,0,0,0,0,0,0,0,0,0,0,0,0,0,0,0,91,0,28,0,0,0,0,0,0,0,0,0,0,0,263,0,258,0,82,0,82,0,294,0,31,0,0,0,0,0,0,0,0,0,9,0,0,0,0,0,0,0,0,0,0,0,59,0,42,0,0,0,56,0,0,38,216,0,49,0,0,0,0,0,0,0,0,0,0,0,0,0,0,0,0,0,0,0,0,0,0,0,0,0,0,0,0,0,34,0,11,0,0,123,0,0,0,283,580,152,33,1,0,0
23,169,86,91,7,0,279,113,21,52,0,0,0,0,50,0,47,60,17,0,0,0,62,89,0,354,0,0,20,0,3,0,0,0,0,0,0,0,52,2,0,0,0,0,0,0,0,0,0,0,0,0,56,6,166,54,15,0,10,0,26,0,53,47,0,0,0,0,0,0,0,0,0,0,0,0,0,0,0,0,0,0,0,0,69,0,0,2,0,0,36,0,0,0,0,0,135,0,0,0,8,0,0,0,0,0,108,0,0,0,0,0,0,0,0,0,0,0,0,0,0,0,0,0,23,0,24,0,136,0,28,0,58,0,171,0,406,0,11,0,48,0,446,0,0,0,16,0,0,0,5,0,0,0,20,0,2,0,15,0,16,0,0,0,0,0,2,0,0,0,20,0,102,0,0,0,97,104,0,0,0,0,0,0,0,0,0,0,0,0,0,0,0,0,0,0,0,0,27,0,66,0,0,0,4,0,0,0,70,0,65,474,41,0,56,0,0,0,0,9,4,0,0,0,0
158,36,62,16,2,0,198,118,146,75,0,0,0,0,0,38,57,82,0,31,0,43,59,83,354,0,0,12,0,24,0,0,0,1,0,1,0,5,0,2,0,0,0,0,0,0,0,0,0,0,0,0,4,11,96,72,0,31,0,21,0,46,30,113,0,0,0,0,0,0,0,0,0,0,0,0,0,0,0,0,0,0,0,0,0,20,0,0,0,0,0,0,0,0,0,0,0,0,0,0,0,0,0,0,0,0,0,0,0,0,0,0,0,0,0,0,0,0,0,0,0,0,0,0,0,0,0,0,0,0,0,2,0,40,0,122,0,207,0,66,0,62,0,43,0,0,0,0,0,0,0,0,0,0,0,60,0,1,0,0,0,35,0,0,0,0,0,0,0,10,0,5,0,34,0,0,44,327,0,0,0,0,10,0,0,0,0,0,0,0,0,0,0,0,0,0,0,0,0,0,0,0,0,0,0,0,0,0,0,0,0,0,0,0,93,0,0,0,115,171,37,22,0,0,0
18,0,31,0,75,0,0,0,0,0,35,0,123,105,42,0,35,0,127,77,96,0,42,0,0,0,0,487,15,0,47,0,27,0,35,0,77,0,0,0,37,154,121,48,151,108,87,381,50,0,145,0,16,0,0,0,0,0,0,0,12,0,39,0,0,0,0,0,0,0,34,0,0,0,45,1,0,0,0,0,0,0,0,0,0,0,0,0,0,0,0,0,0,0,0,0,0,0,0,0,0,0,0,0,0,0,0,0,0,0,0,0,0,0,0,0,0,0,0,0,0,0,0,0,0,0,2,0,0,0,0,0,0,0,0,0,0,0,0,0,0,0,0,0,0,0,0,0,0,0,0,0,0,0,0,0,1,0,0,0,0,0,0,0,66,0,0,0,37,0,0,0,19,0,0,0,25,67,24,0,0,0,11,0,7,0,118,0,0,0,0,0,0,0,0,0,0,0,0,0,0,0,0,0,0,0,0,0,0,0,0,352,178,0,17,0,0,36,0,29,0,0,0,0,0
0,92,0,50,57,163,0,0,0,0,0,98,607,90,43,66,0,0,448,132,0,132,0,64,0,12,487,0,0,0,9,12,0,11,121,129,0,43,0,6,162,27,132,257,61,254,61,94,0,52,147,275,0,0,0,4,0,7,0,0,0,9,0,0,0,23,0,0,0,0,0,0,0,0,0,0,0,0,0,0,0,0,0,0,0,0,0,0,0,0,0,0,0,0,0,0,0,0,0,0,0,0,0,0,0,0,0,0,0,0,0,0,0,0,0,0,0,0,0,0,0,0,0,0,0,0,0,0,0,0,0,0,0,8,0,0,0,164,0,0,0,0,0,0,0,0,0,0,0,0,0,0,0,63,0,0,0,0,0,0,0,0,0,0,0,72,0,9,0,0,0,0,0,0,0,0,0,232,16,11,0,76,0,11,0,77,31,91,0,0,0,0,0,0,0,0,0,0,0,0,0,0,0,0,0,0,0,0,0,0,0,0,0,0,60,0,0,0,50,334,335,0,11,0,16
58,0,215,0,18,0,32,0,0,0,15,0,0,0,0,0,112,0,0,1,13,0,25,0,20,0,15,0,0,0,11,0,20,0,8,0,10,0,5,0,0,0,6,0,0,0,0,0,0,0,7,0,9,0,1,0,0,0,0,0,0,0,28,0,0,0,0,0,0,0,38,0,0,0,56,0,0,0,0,0,0,0,0,0,67,0,49,0,0,0,26,0,0,0,0,0,0,0,230,0,0,0,0,0,0,0,0,0,0,0,0,0,0,0,0,0,0,0,0,0,66,0,47,0,0,0,0,0,0,0,0,0,0,0,0,0,0,0,40,0,70,0,92,0,36,0,0,0,0,0,0,0,0,0,6,0,1,0,0,0,0,0,0,0,0,0,0,0,0,0,0,0,0,0,0,0,15,0,2,0,0,0,13,0,0,0,0,0,0,0,0,0,0,0,0,0,0,0,0,0,0,0,0,0,0,0,0,0,0,0,19,6,0,0,12,0,0,0,0,0,0,0,0,0,0
0,15,0,150,0,80,0,13,0,0,3,46,0,0,0,16,0,90,0,0,0,63,10,150,0,24,0,0,0,0,0,6,0,59,0,35,0,11,0,32,0,0,0,10,0,2,0,0,0,0,0,11,0,11,0,3,0,0,0,0,0,27,0,115,0,0,0,0,0,0,0,11,0,0,0,31,0,0,0,0,0,116,0,0,0,259,0,44,0,0,0,0,0,0,0,0,0,19,0,39,0,23,0,0,0,0,0,0,0,0,0,0,0,0,0,0,0,0,0,0,0,62,0,52,0,0,0,0,0,0,0,0,0,0,0,0,0,218,0,187,0,213,0,337,0,56,0,0,0,0,0,0,0,0,0,31,0,1,0,41,0,0,0,0,0,0,0,0,0,0,0,0,0,0,0,0,0,13,0,0,0,0,0,0,0,0,0,0,0,0,0,0,0,0,0,0,0,0,0,0,0,0,0,0,0,0,0,0,0,0,0,0,0,0,13,0,0,0,31,28,0,0,0,0,0
0,0,46,0,256,0,0,0,0,0,132,0,30,0,127,0,48,0,26,0,64,0,17,0,3,0,47,9,11,0,0,0,22,0,4,0,57,0,0,0,0,0,11,0,11,0,0,0,1,0,22,0,10,0,0,0,0,0,0,0,7,0,26,0,0,0,0,0,0,0,43,0,0,0,59,0,0,0,0,0,59,0,0,0,0,0,0,0,0,0,0,0,0,0,0,0,0,0,0,0,0,0,0,0,0,0,0,0,0,0,0,0,0,0,0,0,0,0,0,0,51,0,0,0,0,0,0,0,0,0,0,0,0,0,0,0,0,0,0,0,84,0,80,0,75,0,0,0,0,0,0,0,0,0,4,0,2,0,4,0,0,0,0,0,0,0,39,0,0,0,0,0,9,0,0,0,102,19,157,0,0,0,0,0,0,0,0,0,0,0,0,0,0,0,0,0,0,0,0,0,0,0,0,0,0,0,0,0,0,0,50,139,37,13,0,0,0,0,0,0,0,0,0,0,0
0,0,0,2,0,40,0,0,0,0,0,17,0,0,0,41,0,5,0,30,0,19,0,2,0,0,0,12,0,6,0,0,0,4,0,5,0,5,0,9,0,0,0,6,0,0,0,0,0,1,0,7,0,0,0,0,0,0,0,0,0,2,0,11,0,0,0,0,0,0,0,0,0,0,0,0,0,0,0,0,0,0,0,0,0,0,0,0,0,0,0,0,0,0,0,0,0,0,0,0,0,0,0,0,0,0,0,0,0,0,0,0,0,0,0,0,0,0,0,0,0,7,0,0,0,0,0,0,0,0,0,0,0,0,0,0,0,0,0,0,0,0,0,0,0,0,0,0,0,0,0,0,0,0,0,0,0,0,0,5,0,0,0,0,0,0,0,7,0,0,0,0,0,7,0,0,0,17,0,0,0,0,0,0,0,0,0,0,0,0,0,0,0,0,0,0,0,0,0,0,0,0,0,0,0,0,0,0,0,0,0,0,0,0,0,0,0,0,0,0,8,0,0,0,0
156,0,258,0,188,0,0,0,0,0,211,16,0,0,34,30,132,0,0,0,35,0,18,0,0,0,27,0,20,0,22,0,0,0,8,0,245,0,1,0,0,0,17,0,8,0,0,0,0,0,19,0,3,0,0,0,0,0,0,0,14,0,16,0,0,0,0,0,0,0,9,0,0,0,13,0,0,0,0,0,0,0,0,0,0,0,0,0,0,0,0,0,0,0,0,0,0,0,19,0,0,0,0,0,0,0,0,0,0,0,0,0,0,0,0,0,0,0,0,0,0,0,0,0,0,0,0,0,0,0,0,0,0,0,0,0,0,0,18,0,28,0,0,0,0,0,0,0,0,0,0,0,0,0,2,0,2,0,3,0,0,0,0,0,0,0,12,0,0,0,0,0,10,0,0,0,155,19,84,0,0,0,0,0,0,0,0,0,0,0,0,0,0,0,0,0,0,0,0,0,0,0,0,0,0,0,0,0,0,0,20,96,7,0,0,0,0,0,0,2,0,0,0,0,0
0,39,0,72,15,354,0,0,0,0,0,375,0,11,44,132,0,22,0,51,0,53,0,50,0,1,0,11,0,59,0,4,0,0,0,20,0,146,0,3,0,0,0,8,0,2,0,0,0,0,0,8,0,0,0,0,0,0,0,0,0,4,0,11,0,0,0,0,0,0,0,0,0,0,0,0,0,0,0,0,0,0,0,0,0,0,0,0,0,0,0,0,0,0,0,0,0,0,0,0,0,4,0,0,0,0,0,0,0,0,0,0,0,0,0,0,0,0,0,0,0,12,0,0,0,0,0,0,0,0,0,0,0,0,0,0,0,0,0,0,0,9,0,0,0,9,0,0,0,0,0,0,0,0,0,0,0,0,0,0,0,0,0,0,0,0,0,35,0,9,0,0,0,10,0,0,4,156,0,90,0,0,0,0,0,0,0,5,0,0,0,0,0,0,0,0,0,0,0,0,0,0,0,0,0,0,0,0,0,0,0,0,0,0,0,0,0,0,35,53,37,0,0,0,0
2,0,0,0,96,0,0,0,0,0,24,0,92,94,39,0,15,0,153,126,128,0,0,0,0,0,35,121,8,0,4,0,8,0,0,0,173,6,0,0,0,11,7,0,7,0,0,0,4,0,55,8,0,0,0,0,0,0,0,0,0,0,0,0,0,0,0,0,0,0,0,0,0,0,0,0,0,0,0,0,0,0,0,0,0,0,0,0,0,0,0,0,0,0,0,0,0,0,0,0,0,0,0,0,0,0,0,0,0,0,0,0,0,0,0,0,0,0,0,0,0,0,0,0,0,0,0,0,0,0,0,0,0,0,0,0,0,0,0,0,0,0,0,0,0,0,0,0,0,0,0,0,0,0,0,0,0,0,0,0,0,0,0,0,64,0,51,0,0,0,0,0,0,0,0,0,27,0,120,0,0,0,0,0,0,0,0,0,0,0,0,0,0,0,0,0,0,0,0,0,0,0,0,0,0,0,0,0,0,0,56,190,128,33,34,0,0,0,0,0,0,0,0,0,0
0,0,0,0,0,106,0,0,0,2,0,33,0,124,34,0,0,16,0,144,0,100,0,15,0,1,0,129,0,35,0,5,0,20,0,0,0,104,0,20,0,0,0,18,0,14,0,10,0,0,0,35,0,0,0,0,0,0,0,0,0,0,0,11,0,0,0,0,0,0,0,0,0,0,0,0,0,0,0,0,0,0,0,0,0,73,0,0,0,0,0,0,0,0,0,0,0,0,0,0,0,0,0,0,0,0,0,0,0,0,0,0,0,0,0,0,0,0,0,0,0,44,0,0,0,0,0,0,0,0,0,0,0,0,0,0,0,0,0,0,0,77,0,0,0,92,0,0,0,0,0,0,0,0,0,10,0,0,0,0,0,0,0,0,0,36,0,57,0,42,0,0,0,41,0,0,0,104,0,0,0,0,0,0,0,0,0,100,0,0,0,0,0,0,0,0,0,0,0,0,0,0,0,0,0,0,0,0,0,0,0,0,0,0,20,0,0,0,0,107,121,0,0,0,0
183,0,147,0,179,0,0,0,0,0,195,0,23,0,37,19,22,2,36,25,38,0,15,0,0,0,77,0,10,0,57,0,245,0,173,0,0,0,33,0,0,0,58,0,50,0,0,2,4,0,44,0,0,0,0,0,3,0,0,0,10,0,7,0,0,0,0,0,0,0,28,0,3,0,41,0,0,0,0,0,0,0,0,0,0,0,0,0,0,0,0,0,0,0,0,0,0,0,0,0,0,0,0,0,0,0,0,0,0,0,0,0,0,0,0,0,0,0,0,0,0,0,0,0,0,0,0,0,0,0,0,0,0,0,0,0,0,0,26,0,34,0,0,0,71,0,0,0,2,0,0,0,0,0,0,0,1,0,0,0,0,0,0,0,27,0,23,0,18,0,16,0,6,0,0,0,114,28,68,0,0,0,55,0,0,0,0,0,0,0,0,0,0,0,0,0,0,0,0,0,0,0,0,0,0,0,0,0,0,0,34,102,32,8,26,0,0,0,0,0,0,0,0,0,0
0,162,0,91,0,190,0,0,0,0,0,203,0,54,29,27,0,35,0,71,0,16,0,38,0,5,0,43,0,11,0,5,0,146,6,104,0,0,0,4,0,0,0,22,0,0,0,0,0,0,0,33,0,0,0,0,0,0,0,0,0,5,0,24,0,0,0,0,0,0,0,2,0,0,0,0,0,0,0,0,0,0,0,0,0,0,0,0,0,0,0,0,0,0,0,7,0,0,0,0,0,0,0,0,0,0,0,0,0,0,0,0,0,0,0,0,0,0,0,0,0,28,0,0,0,0,1,0,0,0,0,0,0,0,0,0,0,0,0,50,0,70,0,0,0,104,0,0,0,0,0,0,0,0,0,28,0,24,0,34,0,0,0,0,0,17,0,46,0,39,0,23,0,26,0,0,0,120,0,65,0,0,0,0,0,0,0,46,0,0,0,0,0,0,0,0,0,0,0,0,0,0,0,0,0,0,0,0,0,0,0,0,0,0,7,0,0,0,0,49,78,0,0,2,0
309,2,438,0,7,0,152,0,0,0,8,0,0,0,0,0,190,0,0,0,0,0,35,0,52,0,0,0,5,0,0,0,1,0,0,0,33,0,0,0,0,0,2,0,0,0,0,0,0,0,0,0,6,0,0,0,0,0,0,0,2,0,18,0,0,0,0,0,0,0,19,0,0,0,34,0,0,0,0,0,15,0,0,0,16,0,17,0,0,0,5,0,0,0,0,0,0,0,76,0,0,0,0,0,0,0,0,0,0,0,0,0,0,0,0,0,0,0,0,0,34,0,0,0,0,0,0,0,0,0,0,0,0,0,0,0,7,0,43,0,60,0,0,0,73,0,0,0,0,0,0,0,0,0,7,0,0,0,2,0,0,0,8,0,0,0,10,0,0,0,12,0,36,0,0,0,46,0,0,0,0,0,13,0,0,0,0,0,0,0,0,0,0,0,0,0,0,0,0,0,0,0,0,0,0,0,0,0,0,0,180,100,14,71,134,0,8,0,0,0,0,0,0,0,0
0,202,0,334,0,120,0,19,0,0,0,132,0,0,0,0,0,68,0,0,0,17,0,42,2,2,0,6,0,32,0,9,0,3,0,20,0,4,0,0,0,0,0,6,0,2,0,0,0,0,0,11,0,2,0,2,0,0,0,0,0,4,0,6,0,0,0,0,0,0,0,0,0,0,0,0,0,0,0,0,0,0,0,0,0,0,0,0,0,0,0,0,0,0,0,0,0,0,0,0,0,0,0,0,0,0,0,0,0,0,0,0,0,0,0,0,0,0,0,0,0,0,0,0,0,0,0,0,0,0,0,0,0,0,0,0,0,0,0,0,0,0,0,0,0,0,0,0,0,0,0,0,0,0,0,19,0,25,0,19,0,0,0,0,0,0,0,0,0,0,0,1,0,3,0,0,0,52,0,38,0,0,0,4,0,0,0,0,0,0,0,0,0,0,0,0,0,0,0,0,0,0,0,0,0,0,0,0,0,0,0,0,0,0,0,0,0,0,0,19,11,0,0,0,0
0,0,0,0,42,0,0,0,0,0,32,0,155,15,0,0,0,0,4,0,0,0,0,0,0,0,37,162,0,0,0,0,0,0,0,0,0,0,0,0,0,70,42,14,46,94,73,215,128,53,13,0,0,0,0,0,0,0,0,0,0,0,0,0,0,0,0,0,0,0,0,0,0,0,0,0,0,0,0,0,0,0,0,0,0,0,0,0,0,0,0,0,0,0,2,0,0,0,0,0,0,0,0,0,0,0,0,0,0,0,0,0,0,0,0,0,0,0,0,0,0,0,0,0,0,0,0,0,0,0,0,0,0,0,0,0,0,0,0,0,0,0,0,0,0,0,0,0,0,0,0,0,0,0,0,0,0,0,0,0,0,0,0,0,0,0,0,0,0,0,0,0,0,0,0,0,8,28,39,0,13,0,7,0,0,0,270,0,0,0,0,0,0,0,0,0,0,0,0,0,0,0,0,0,0,0,0,0,0,0,0,115,13,0,0,0,0,15,0,29,0,0,0,0,0
0,19,0,0,0,9,0,0,0,0,0,63,77,96,0,4,0,0,69,8,0,2,0,0,0,0,154,27,0,0,0,0,0,0,11,0,0,0,0,0,70,0,73,47,89,77,98,149,12,139,16,10,0,0,0,0,0,0,0,0,0,0,0,0,0,0,0,0,0,0,0,0,0,0,0,0,0,0,0,0,0,0,0,0,0,0,0,0,0,0,0,0,0,0,0,0,0,0,0,0,0,0,0,0,0,0,0,0,0,0,0,0,0,0,0,0,0,0,0,0,0,0,0,0,0,0,0,0,0,0,0,0,0,0,0,0,0,0,0,0,0,0,0,0,0,0,0,0,0,0,0,0,0,0,0,0,0,0,0,0,0,0,0,0,0,0,0,0,0,0,0,0,0,0,0,0,2,200,0,25,0,25,0,12,0,0,17,18,0,0,0,0,0,0,0,0,0,0,0,0,0,0,0,0,0,0,0,0,0,0,0,11,0,0,0,0,0,1,0,120,15,3,2,0,24
0,0,0,0,0,0,0,0,0,0,0,0,71,21,0,0,0,0,40,0,3,0,0,0,0,0,121,132,6,0,11,0,17,0,7,0,58,0,2,0,42,73,0,0,47,55,28,144,21,28,17,10,0,0,0,0,0,0,0,0,0,0,0,0,1,0,0,0,0,0,13,0,0,0,9,0,0,0,0,0,0,0,0,0,0,0,0,0,2,0,0,0,0,0,0,0,0,0,0,0,0,0,0,0,0,0,0,0,0,0,0,0,0,0,0,0,0,0,0,0,0,0,0,0,0,0,0,0,0,0,0,0,0,0,0,0,0,0,0,0,0,0,0,0,0,0,0,0,0,0,0,0,0,0,0,0,2,0,0,0,0,0,0,0,49,0,22,0,0,0,0,0,11,0,0,0,0,12,16,0,0,0,0,0,0,0,101,0,0,0,0,0,0,0,0,0,0,0,0,0,0,0,0,0,0,0,0,0,0,0,53,87,67,8,20,0,0,7,0,25,0,0,0,0,0
0,0,0,4,0,0,0,0,0,0,0,0,76,97,0,12,0,13,73,40,0,64,0,31,0,0,48,257,0,10,0,6,0,8,0,18,0,22,0,6,14,47,0,0,9,111,0,51,0,36,12,72,0,0,0,0,0,0,0,0,0,6,0,0,0,0,0,0,0,0,0,8,0,0,0,0,0,0,0,0,0,0,0,0,0,66,0,0,0,0,0,0,0,0,0,0,0,0,0,0,0,0,0,0,0,0,0,0,0,0,0,0,0,0,0,0,0,0,0,0,0,0,0,0,0,0,0,0,0,0,0,0,0,0,0,0,0,0,0,0,0,40,0,0,0,0,0,0,0,0,0,0,0,0,0,0,0,0,0,0,0,0,0,11,0,66,0,36,0,42,0,11,0,25,0,0,0,26,0,0,0,7,0,0,0,0,0,22,0,0,0,0,0,0,0,0,0,0,0,0,0,0,0,0,0,0,0,0,0,0,0,0,0,0,15,0,0,0,39,139,177,21,0,0,7
12,0,0,0,19,0,0,0,0,0,21,0,66,0,14,0,21,0,46,0,44,0,49,0,0,0,151,61,0,0,11,0,8,0,7,0,50,0,0,0,46,89,47,9,0,95,177,131,220,138,39,3,14,0,0,0,0,0,6,0,0,0,34,0,0,0,0,0,11,0,39,0,0,0,0,0,0,0,0,0,0,0,0,0,0,0,0,0,0,0,0,0,13,0,0,0,0,0,0,0,0,0,0,0,0,0,0,0,0,0,0,0,0,0,0,0,0,0,0,0,0,0,0,0,0,0,0,0,0,0,0,0,0,0,0,0,0,0,0,0,0,0,0,0,0,0,0,0,0,0,0,0,18,0,0,0,0,0,0,0,0,0,0,0,101,3,52,0,17,0,0,0,14,0,1,0,36,26,28,0,0,0,25,0,24,0,89,0,0,0,0,0,0,0,0,0,0,0,0,0,0,0,0,0,0,0,0,0,0,0,58,258,103,20,42,0,0,91,0,52,0,0,0,0,7
0,7,0,0,5,0,0,0,0,0,0,13,55,21,0,0,0,0,0,26,0,65,0,0,0,0,108,254,0,2,0,0,0,2,0,14,0,0,0,2,94,77,55,111,95,0,128,160,13,220,23,47,0,0,0,0,0,0,0,0,0,0,0,0,0,0,0,0,0,21,0,10,0,0,0,0,0,11,0,0,0,45,0,106,0,0,0,39,0,3,0,12,0,31,0,83,0,0,0,19,0,17,0,13,0,0,0,0,0,0,0,0,0,0,0,0,0,0,0,0,0,0,0,0,0,0,0,0,0,0,0,0,0,0,0,0,0,23,0,10,0,17,0,0,0,60,0,0,0,0,0,0,0,4,0,0,0,0,0,0,0,0,0,0,0,140,0,24,0,43,0,0,0,24,0,0,0,37,0,0,0,0,0,0,0,0,19,5,0,0,0,0,0,0,0,0,0,0,0,0,0,0,0,0,0,0,0,0,0,0,0,12,0,0,16,0,0,2,49,147,266,13,0,0,39
15,0,0,0,34,0,0,0,0,0,34,0,162,0,0,0,12,0,20,0,0,0,0,0,0,0,87,61,0,0,0,0,0,0,0,0,0,0,0,0,73,98,28,0,177,128,0,180,158,96,0,3,0,0,0,0,0,0,0,0,0,0,5,0,0,0,0,0,0,0,0,0,0,0,0,0,0,0,0,0,0,0,0,0,0,0,0,0,0,0,0,0,0,0,0,0,0,0,0,0,0,0,0,0,0,0,0,0,0,0,0,0,0,0,0,0,0,0,0,0,0,0,0,0,0,0,2,0,0,0,2,0,0,0,0,0,0,0,0,0,0,0,0,0,0,0,0,0,8,0,0,0,0,0,0,0,0,0,0,0,0,0,0,0,0,0,0,0,0,0,0,0,0,0,0,0,32,41,45,0,0,0,9,0,0,0,198,0,0,0,0,0,0,0,0,0,0,0,0,0,0,0,0,0,0,0,0,0,0,0,0,265,36,0,0,0,0,72,0,43,0,0,0,0,1
0,60,0,0,0,88,0,4,0,0,0,113,194,102,2,21,0,0,149,67,0,31,0,0,0,0,381,94,0,0,0,0,0,0,0,10,2,0,0,0,215,149,144,51,131,160,180,0,4,119,70,40,0,0,0,0,0,0,0,0,0,0,0,0,0,0,0,0,0,0,0,0,0,0,0,2,0,0,0,0,0,11,0,0,0,0,0,0,0,0,0,3,0,0,0,0,0,0,0,0,0,0,0,0,0,0,0,0,0,0,0,0,0,0,0,0,0,0,0,0,0,0,0,0,0,6,0,0,0,0,0,0,0,0,0,0,0,0,0,0,0,0,0,0,0,0,0,0,0,14,0,0,0,14,0,0,0,0,0,0,0,0,0,0,0,0,0,0,0,0,0,0,0,0,0,0,0,236,0,5,0,20,0,0,0,0,48,34,0,0,0,0,0,0,0,0,0,0,0,0,0,0,0,0,0,0,0,0,0,0,0,5,0,0,0,0,0,0,0,259,79,0,0,0,39
14,0,9,0,4,0,23,0,18,0,7,0,37,0,0,0,0,0,6,0,0,0,0,0,0,0,50,0,0,0,1,0,0,0,4,0,4,0,0,0,128,12,21,0,220,13,158,4,0,56,14,0,0,0,15,0,62,0,43,0,10,0,0,0,0,0,0,0,29,0,0,0,0,0,0,0,0,0,8,0,5,0,57,0,9,1,27,0,4,0,0,0,20,0,44,0,0,0,0,0,6,0,39,0,0,0,0,0,2,0,0,0,0,0,0,0,2,0,0,0,0,0,0,0,26,6,0,0,0,1,26,0,16,0,0,0,0,0,3,0,13,0,0,0,4,0,22,3,0,0,20,0,0,0,0,0,0,0,0,0,88,0,22,0,13,0,12,0,18,1,2,0,12,0,15,0,88,7,58,0,23,5,10,0,0,1,229,0,0,0,0,0,0,0,13,0,0,0,0,0,0,0,35,0,0,0,15,0,14,0,30,185,152,17,30,20,5,14,0,28,7,0,0,0,4
0,6,0,0,0,0,0,1,0,0,0,21,14,24,0,0,0,0,0,24,0,25,0,0,0,0,0,52,0,0,0,1,0,0,0,0,0,0,0,0,53,139,28,36,138,220,96,119,56,0,0,23,0,0,0,0,0,2,0,0,0,0,0,34,0,0,0,0,0,5,0,3,0,0,0,14,0,0,0,0,0,146,0,32,0,0,0,0,0,0,0,0,0,12,0,51,0,24,0,0,0,0,0,6,0,0,0,0,0,0,0,0,0,0,0,0,0,0,0,0,0,75,0,0,0,0,0,0,0,0,0,1,0,0,0,0,0,0,0,0,0,0,0,0,0,0,0,0,0,0,0,0,0,0,0,4,0,1,0,0,0,0,0,2,0,24,0,8,0,0,0,4,0,0,0,0,0,104,0,0,0,0,0,0,0,0,51,47,0,0,0,0,0,0,0,0,0,0,0,0,0,0,0,0,0,0,0,0,0,4,0,29,0,0,0,0,0,6,62,103,9,0,0,0,27
0,0,0,0,32,0,0,0,0,0,8,0,153,35,4,0,7,0,195,34,47,0,2,0,0,0,145,147,7,0,22,0,19,0,55,0,44,0,0,0,13,16,17,12,39,23,0,70,14,0,0,0,0,0,0,0,0,0,6,0,0,0,7,0,0,0,0,0,0,0,10,0,0,0,0,0,2,0,19,0,0,0,32,0,0,0,24,0,0,0,0,0,4,0,0,0,0,0,0,0,0,0,7,0,0,0,0,0,0,0,0,0,0,0,0,0,0,0,0,0,0,0,0,0,0,0,0,0,0,0,0,0,0,0,0,0,0,0,0,0,0,0,0,0,0,0,0,0,0,0,0,0,0,0,0,0,0,0,0,0,0,0,7,0,55,0,34,0,69,0,7,0,15,0,0,0,22,0,28,0,0,2,0,0,0,0,50,0,0,0,0,0,0,0,0,0,0,0,0,0,0,0,0,0,0,0,0,0,0,0,64,161,141,54,42,0,4,0,0,9,0,0,0,0,0
0,0,0,1,0,0,0,0,0,0,0,34,43,166,0,0,0,0,45,57,6,33,0,9,0,0,0,275,0,11,0,7,0,8,8,35,0,33,0,11,0,10,10,72,3,47,3,40,0,23,0,0,0,0,0,0,0,0,0,0,0,6,0,0,0,0,0,0,0,3,0,0,0,0,0,0,0,9,0,0,0,53,0,43,0,0,0,48,0,2,0,0,0,0,0,58,0,0,0,0,0,0,0,9,0,0,0,0,0,0,0,0,0,0,0,0,0,0,0,0,0,0,0,0,0,0,0,0,0,0,0,0,0,0,0,0,0,0,0,0,0,0,0,0,0,66,0,0,0,0,0,0,0,0,0,0,0,0,0,0,0,0,0,15,0,41,0,26,0,108,0,19,0,22,0,0,0,43,0,2,0,0,0,0,0,0,0,37,0,0,0,0,0,0,0,0,0,4,0,0,0,0,0,0,0,0,0,0,0,0,0,0,0,0,24,0,0,0,38,98,71,17,0,0,2
0,0,2,0,0,0,0,0,11,28,0,0,0,0,0,0,109,0,0,0,29,0,14,0,56,4,16,0,9,0,10,0,3,0,0,0,0,0,6,0,0,0,0,0,14,0,0,0,0,0,0,0,0,7,113,53,74,0,109,0,27,0,122,0,4,0,0,37,0,0,1,0,0,0,0,0,0,0,0,0,0,0,0,0,17,0,0,0,0,0,0,0,0,0,0,0,0,0,0,0,0,0,0,0,0,0,0,0,0,0,0,0,0,0,0,0,0,0,0,0,0,0,0,0,0,0,0,0,69,0,2,0,0,0,0,0,63,0,116,1,81,0,114,0,19,0,0,0,0,0,0,0,0,0,186,0,149,0,62,2,10,0,48,1,0,0,0,0,12,0,44,0,6,0,0,0,59,0,0,0,0,0,0,0,0,0,0,0,0,0,0,0,0,0,0,0,0,0,0,0,0,0,0,0,0,0,0,0,0,0,297,605,88,147,220,14,44,0,0,0,0,0,0,0,0
0,46,0,0,0,7,0,23,30,137,0,8,0,0,0,6,0,65,0,32,0,10,0,9,6,11,0,0,0,11,0,0,0,0,0,0,0,0,0,2,0,0,0,0,0,0,0,0,0,0,0,0,7,0,79,42,0,53,59,75,0,22,0,46,2,0,31,15,0,0,0,0,0,0,0,0,0,0,0,0,0,0,0,0,0,12,0,0,0,0,0,0,0,0,0,0,0,0,0,0,0,1,0,0,0,0,0,5,0,0,0,0,0,0,0,0,0,0,0,0,0,1,0,0,0,4,0,0,0,12,0,6,0,5,0,39,0,74,0,113,0,19,0,40,1,19,0,0,0,0,0,0,0,0,0,165,0,150,0,159,0,17,0,0,0,0,0,0,0,6,0,40,0,14,0,0,13,86,0,0,0,0,0,9,0,8,0,0,0,0,0,0,0,0,0,0,0,0,0,0,0,0,0,0,0,0,0,0,0,0,0,0,1,0,319,0,0,0,220,198,144,134,20,19,0
0,0,20,0,8,0,176,48,28,288,0,0,0,0,0,0,0,0,0,0,2,0,67,0,166,96,0,0,1,0,0,0,0,0,0,0,0,0,0,0,0,0,0,0,0,0,0,0,15,0,0,0,113,79,0,416,73,21,108,142,0,0,13,42,16,0,33,78,0,0,0,0,0,0,0,0,0,0,1,0,0,0,0,0,0,0,0,0,0,0,0,0,0,0,0,0,0,0,0,0,0,0,0,0,0,0,0,0,0,0,0,0,0,0,0,0,0,0,0,0,0,0,0,0,16,0,0,0,90,0,37,0,40,0,41,0,95,0,6,0,0,0,51,0,1,0,0,0,2,0,0,0,0,0,43,0,17,0,16,0,81,0,0,0,0,0,0,0,30,2,145,7,0,0,0,0,125,48,0,0,0,0,0,0,0,0,0,0,0,0,0,0,0,0,0,0,0,0,8,0,11,0,0,0,0,0,0,0,43,0,183,340,209,318,318,15,137,0,3,0,0,0,0,0,0
0,78,0,60,0,0,147,147,366,155,0,7,1,0,0,12,7,24,0,10,0,5,0,0,54,72,0,4,0,3,0,0,0,0,0,0,0,0,0,2,0,0,0,0,0,0,0,0,0,0,0,0,53,42,416,0,42,249,191,240,0,0,25,84,0,8,71,72,0,3,0,0,0,0,0,0,0,0,0,0,0,0,0,0,0,2,0,0,0,0,0,0,0,0,0,0,0,3,0,0,0,2,0,0,0,0,0,0,0,0,0,0,0,0,0,0,0,0,0,0,0,0,0,0,0,0,0,0,0,20,0,0,0,20,3,24,0,74,0,31,0,0,0,9,0,0,0,0,0,2,0,0,0,0,0,33,0,17,0,18,0,48,0,0,0,0,0,0,0,31,0,162,0,67,0,1,85,177,0,0,0,0,0,4,0,4,0,0,0,0,0,0,0,0,0,0,0,0,0,0,0,0,0,0,0,0,0,0,5,0,0,5,0,0,481,0,0,0,198,201,236,248,34,54,0
0,1,0,0,0,0,8,0,0,0,0,0,0,0,0,0,0,0,0,0,0,2,10,0,15,0,0,0,0,0,0,0,0,0,0,0,3,0,0,0,0,0,0,0,0,0,0,0,62,0,0,0,74,0,73,42,0,34,324,67,0,0,0,0,15,0,74,77,0,0,0,0,0,0,0,0,0,0,0,0,0,0,0,0,0,0,0,0,0,0,0,0,2,0,0,0,0,0,0,0,0,0,1,0,0,0,0,0,0,0,0,0,0,0,0,0,0,0,0,0,0,0,0,0,5,0,13,0,47,0,45,0,22,0,8,0,5,0,8,0,0,0,0,0,10,0,0,0,0,0,0,0,0,0,77,33,38,7,45,0,134,0,207,0,7,0,0,0,85,0,93,0,18,0,0,0,0,0,0,0,0,0,0,0,40,0,0,0,0,0,0,0,0,0,0,0,0,0,0,0,0,0,0,0,0,0,0,0,16,0,476,267,403,0,715,51,150,0,0,0,0,0,0,0,0
0,17,0,24,0,0,0,9,0,13,0,0,0,0,0,0,0,5,0,11,0,0,0,17,0,31,0,7,0,0,0,0,0,0,0,0,0,0,0,0,0,0,0,0,0,0,0,0,0,2,0,0,0,53,21,249,34,0,97,255,0,1,0,4,0,34,81,272,0,12,0,0,0,0,0,0,0,3,0,0,0,0,0,0,0,0,0,0,0,0,0,0,0,0,0,0,0,0,0,0,0,0,0,0,0,0,0,0,0,0,0,0,0,0,0,0,0,0,0,0,0,0,0,0,0,29,0,4,0,27,0,40,0,11,0,21,0,42,9,18,0,8,0,9,5,9,0,0,0,11,0,0,0,0,26,309,13,62,0,141,0,169,0,206,0,0,0,0,0,76,0,155,0,0,0,19,26,0,0,0,0,0,0,0,10,4,0,0,0,0,0,0,0,0,0,1,0,0,0,0,0,0,0,0,0,0,0,0,0,3,2,3,0,0,895,0,0,0,259,213,410,421,72,36,0
8,3,4,0,0,0,5,0,51,0,1,0,0,0,0,0,0,0,0,0,0,0,0,0,10,0,0,0,0,0,0,0,0,0,0,0,0,0,0,0,0,0,0,0,6,0,0,0,43,0,6,0,109,59,108,191,324,97,0,217,0,1,0,9,141,10,251,179,0,0,0,0,0,0,0,0,0,0,0,0,0,0,0,0,0,0,0,0,0,0,0,0,0,0,0,0,0,0,0,0,0,0,0,0,0,0,0,0,0,0,0,0,0,0,0,0,0,0,0,0,0,0,0,0,0,0,0,0,7,0,12,0,2,0,0,0,0,0,0,0,0,0,0,0,4,0,0,0,0,0,0,0,0,0,32,49,58,0,0,0,13,0,73,0,3,0,13,0,84,0,203,0,0,0,0,14,275,20,0,0,10,0,0,0,385,9,0,0,0,0,0,0,0,0,0,0,0,0,0,0,0,0,0,0,0,0,0,0,8,0,693,410,398,643,1006,98,220,0,0,0,0,0,0,0,0
0,13,0,0,0,0,0,9,54,49,0,0,0,0,0,0,0,0,0,0,0,0,0,0,0,21,0,0,0,0,0,0,0,0,0,0,0,0,0,0,0,0,0,0,0,0,0,0,0,0,0,0,0,75,142,240,67,255,217,0,0,0,0,0,0,90,125,275,0,0,0,0,0,0,0,0,0,0,0,0,0,0,0,0,0,0,0,0,0,0,0,0,0,0,0,0,0,0,0,0,0,0,0,0,0,0,0,0,0,0,0,0,0,0,0,0,0,0,0,0,0,0,0,0,0,4,0,0,0,8,0,20,0,7,0,0,0,0,0,4,0,0,0,0,0,8,0,0,0,8,0,0,0,0,27,92,14,77,0,13,0,41,0,108,0,0,0,0,0,56,0,259,0,0,0,27,106,84,0,0,0,0,0,0,28,104,0,0,0,0,0,0,0,0,0,0,0,0,0,0,0,0,0,0,0,0,0,0,0,0,0,0,2,0,834,0,0,0,392,158,355,409,70,58,0
32,0,36,0,0,0,219,0,102,0,0,0,0,0,0,0,20,0,0,0,0,0,0,0,26,0,12,0,0,0,7,0,14,0,0,0,10,0,2,0,0,0,0,0,0,0,0,0,10,0,0,0,27,0,0,0,0,0,0,0,0,0,49,1,0,0,0,0,0,0,4,0,0,0,8,0,0,0,0,0,0,0,0,0,0,0,0,0,0,0,0,0,0,0,0,0,0,0,0,0,0,0,0,0,0,0,0,0,0,0,0,0,0,0,0,0,0,0,0,0,0,0,0,0,0,0,0,0,0,0,0,0,0,0,0,0,10,0,124,0,89,0,14,0,197,0,0,0,0,0,0,0,0,0,46,0,45,0,25,0,0,0,9,0,0,0,2,0,11,0,88,0,22,0,0,0,22,3,0,0,0,0,0,0,0,0,0,0,0,0,0,0,0,0,0,0,0,0,0,0,0,0,0,0,0,0,0,0,0,0,203,92,67,115,128,3,45,0,0,0,0,0,0,0,0
0,403,0,102,0,0,0,203,0,92,0,14,0,0,0,0,0,41,0,9,0,0,0,33,0,46,0,9,0,27,0,2,0,4,0,0,0,5,0,4,0,0,0,6,0,0,0,0,0,0,0,6,0,22,0,0,0,1,1,0,0,0,0,119,0,0,0,0,0,0,0,0,0,0,0,0,0,0,0,0,0,0,0,0,0,0,0,0,0,0,0,0,0,0,0,0,0,0,0,0,0,0,0,0,0,0,0,0,0,0,0,0,0,0,0,0,0,0,0,0,0,0,0,0,0,0,0,0,0,0,0,0,0,0,0,0,0,0,0,56,0,35,0,21,0,68,0,0,0,0,0,0,0,0,0,54,0,155,0,41,0,0,0,5,0,0,0,0,0,0,0,43,0,48,0,0,0,115,0,18,0,0,0,29,0,0,0,0,0,0,0,0,0,0,0,0,0,0,0,0,0,0,0,0,0,0,0,0,0,0,0,1,0,0,96,0,0,0,84,206,150,98,0,31,0
0,0,0,0,0,0,171,0,0,20,0,0,0,0,14,0,226,7,35,0,59,0,52,0,53,30,39,0,28,0,26,0,16,0,0,0,7,0,18,0,0,0,0,0,34,0,5,0,0,0,7,0,122,0,13,25,0,0,0,0,49,0,0,9,0,0,0,1,0,0,15,0,0,0,39,0,0,0,0,0,17,0,0,0,0,0,0,0,0,0,0,0,0,0,0,0,0,0,0,0,0,0,0,0,0,0,0,0,0,0,0,0,0,0,0,0,0,0,0,0,42,0,0,0,0,0,0,0,0,0,0,0,0,0,0,0,30,0,98,0,141,0,206,0,24,0,0,0,0,0,0,0,0,0,40,0,43,0,15,0,3,0,0,0,0,0,0,0,0,0,0,0,17,0,0,0,25,11,0,0,0,0,1,0,0,0,0,0,0,0,0,0,0,0,0,0,0,0,0,0,0,0,0,0,0,0,0,0,0,0,200,430,21,91,170,0,10,0,0,0,0,0,0,0,0
11,408,0,105,1,0,36,290,34,273,0,0,0,0,0,6,0,305,0,23,0,62,0,131,47,113,0,0,0,115,0,11,0,11,0,11,0,24,0,6,0,0,0,0,0,0,0,0,0,34,0,0,0,46,42,84,0,4,9,0,1,119,9,0,0,0,0,0,0,1,0,0,0,0,0,0,0,0,0,0,0,0,0,0,0,11,0,0,0,0,0,0,0,0,0,0,0,0,0,0,0,0,0,0,0,0,0,0,0,0,0,0,0,0,0,0,0,0,0,0,0,0,0,0,0,0,0,0,0,0,0,0,0,0,0,0,2,82,0,133,0,87,0,46,0,19,0,0,0,0,0,0,0,0,0,57,0,34,0,62,0,0,0,0,0,0,0,1,0,2,0,15,0,16,0,0,5,164,0,8,0,0,0,27,0,0,0,0,0,0,0,0,0,0,0,0,0,0,0,0,0,0,0,0,0,0,0,0,0,0,0,0,1,0,87,0,0,0,109,233,39,47,0,16,0
32,0,0,0,23,0,1,0,100,0,20,0,0,0,12,0,0,0,0,0,0,0,0,0,0,0,0,0,0,0,0,0,0,0,0,0,0,0,0,0,0,0,1,0,0,0,0,0,0,0,0,0,4,2,16,0,15,0,141,0,0,0,0,0,0,0,55,12,0,0,0,0,0,0,0,0,0,0,0,0,0,0,0,0,0,0,0,0,0,0,0,0,0,0,0,0,0,0,0,0,0,0,0,0,0,0,0,0,0,0,0,0,0,0,0,0,0,0,0,0,0,0,0,0,12,0,0,0,0,0,26,0,1,0,0,0,0,0,0,0,0,0,0,0,14,0,0,0,35,0,0,0,0,0,0,17,4,0,0,66,441,0,8,0,0,0,0,0,0,0,0,0,1,0,27,4,0,0,0,0,109,28,7,0,133,1,0,0,0,0,0,0,0,0,0,0,0,0,0,0,0,0,0,0,0,0,0,0,0,0,51,0,0,0,80,0,0,2,2,0,0,0,0,0,0
0,29,0,0,0,0,0,1,0,104,0,16,0,0,0,8,0,0,0,0,0,0,0,0,0,0,0,23,0,0,0,0,0,0,0,0,0,0,0,0,0,0,0,0,0,0,0,0,0,0,0,0,0,0,0,8,0,34,10,90,0,0,0,0,0,0,6,267,0,0,0,0,0,4,12,0,0,0,0,0,0,0,0,0,0,0,0,0,0,0,0,0,0,0,0,0,0,0,0,0,0,0,0,0,0,0,0,0,0,0,0,0,0,0,0,0,0,0,0,0,0,0,0,0,0,30,0,4,69,3,0,48,0,0,0,6,0,0,42,5,39,0,0,0,21,39,0,7,0,181,0,0,6,5,18,9,0,0,52,0,116,201,0,0,0,0,0,0,0,0,0,0,0,0,13,35,0,0,0,0,31,86,0,9,0,106,0,0,0,0,0,0,0,0,0,0,0,0,0,0,0,0,0,0,0,0,0,0,0,10,7,0,0,0,99,0,0,0,59,0,26,0,5,0,0
11,0,0,0,3,0,4,0,75,0,0,0,0,0,0,0,0,0,0,0,0,0,0,0,0,0,0,0,0,0,0,0,0,0,0,0,0,0,0,0,0,0,0,0,0,0,0,0,0,0,0,0,0,31,33,71,74,81,251,125,0,0,0,0,55,6,0,0,0,0,0,0,0,0,0,0,0,0,0,0,0,0,0,0,0,0,0,0,0,0,0,0,0,0,0,0,0,0,0,0,0,0,0,0,0,0,0,0,0,0,0,0,0,0,0,0,0,0,0,0,0,0,0,0,15,0,2,0,0,0,35,0,5,0,0,0,0,0,0,0,0,0,0,0,0,0,0,0,9,0,0,0,0,0,10,51,32,0,0,33,158,0,0,0,0,0,0,0,3,0,0,0,0,0,0,26,226,12,0,0,0,0,1,0,730,8,0,0,0,0,0,0,0,0,0,0,0,0,0,0,0,0,0,0,0,0,0,0,0,0,119,151,0,0,136,0,0,0,0,2,0,0,0,0,0
0,30,0,0,0,0,0,4,0,67,0,0,0,0,0,0,0,0,0,2,0,0,0,0,0,0,0,0,0,0,0,0,0,0,0,0,0,0,0,0,0,0,0,0,0,0,0,0,0,0,0,0,37,15,78,72,77,272,179,275,0,0,1,0,12,267,0,0,0,0,0,0,0,0,0,0,0,0,0,0,0,0,0,3,0,0,0,0,0,0,0,0,0,0,0,0,0,0,0,0,0,0,0,0,0,0,0,0,0,0,0,0,0,0,0,0,0,0,0,0,0,0,0,0,0,25,0,0,0,0,0,45,0,0,0,0,0,2,0,0,0,0,0,0,0,12,0,0,0,48,0,0,0,0,60,85,26,0,23,0,0,78,0,0,0,0,0,0,0,20,0,0,0,0,0,114,111,106,0,0,0,0,0,0,46,725,0,0,0,0,0,1,0,0,0,0,0,0,0,0,0,0,0,0,0,0,0,0,0,1,1,0,0,0,441,0,0,0,184,179,150,0,26,0,0
0,0,0,0,0,0,0,0,0,0,0,0,0,0,0,0,0,0,0,0,0,0,0,0,0,0,0,0,0,0,0,0,0,0,0,0,0,0,0,0,0,0,0,0,11,0,0,0,29,0,0,0,0,0,0,0,0,0,0,0,0,0,0,0,0,0,0,0,0,0,0,0,0,0,0,0,58,0,32,0,4,0,59,0,0,0,23,0,46,0,0,0,28,0,20,0,11,0,0,0,7,0,139,0,0,0,17,0,92,0,4,0,3,0,6,0,0,0,0,0,0,0,0,0,0,0,0,0,0,0,0,0,2,0,0,4,4,0,0,0,0,0,0,1,0,0,0,0,0,0,5,0,0,3,0,0,0,0,0,0,0,0,5,0,72,0,0,0,173,0,4,0,1,0,0,0,0,0,0,0,0,0,0,0,0,0,0,0,0,0,0,0,0,0,0,0,0,0,0,0,0,0,0,0,0,0,0,0,0,0,44,15,33,0,0,52,70,0,0,0,0,0,0,0,0
0,0,0,0,0,0,0,0,0,4,0,0,0,0,0,0,0,0,0,0,0,0,0,0,0,0,0,0,0,0,0,0,0,0,0,0,0,0,0,0,0,0,0,0,0,21,0,0,0,5,0,3,0,0,0,3,0,12,0,0,0,0,0,1,0,0,0,0,0,0,0,0,0,13,0,1,0,63,0,0,0,0,0,10,0,0,0,23,0,3,0,0,0,10,0,11,0,0,0,0,0,0,0,34,0,0,0,0,0,23,0,2,0,7,0,0,0,2,0,0,0,0,0,0,0,0,7,0,0,1,0,0,0,0,0,0,0,0,0,0,0,0,0,0,0,0,0,0,0,0,0,0,0,0,0,2,0,0,0,0,0,0,0,0,0,34,0,0,0,51,0,1,0,0,0,0,0,0,0,0,0,0,0,0,0,0,0,0,0,0,0,0,0,0,0,16,0,0,0,0,0,15,0,0,0,12,0,0,0,0,0,0,0,0,0,0,0,0,15,13,75,0,20,45,0
0,0,0,0,0,0,0,0,0,0,0,0,0,0,0,0,65,0,10,0,75,0,3,0,0,0,34,0,38,0,43,0,9,0,0,0,28,0,19,0,0,0,13,0,39,0,0,0,0,0,10,0,1,0,0,0,0,0,0,0,4,0,15,0,0,0,0,0,0,0,0,0,140,0,206,0,7,0,101,0,0,0,0,0,0,0,40,0,0,0,0,0,0,0,0,0,0,0,0,0,0,0,0,0,0,0,0,0,0,0,0,0,0,0,0,0,0,0,0,0,21,0,1,0,8,0,0,0,4,0,5,16,15,0,0,0,9,3,5,7,50,0,25,0,42,5,23,10,9,0,25,0,5,0,0,0,14,0,1,13,7,0,50,0,0,0,17,0,11,0,33,0,33,0,16,0,0,0,0,0,36,0,0,0,2,0,0,0,0,0,0,0,0,0,0,0,0,0,0,0,0,0,0,0,0,0,0,0,10,0,5,0,7,2,0,0,0,0,3,0,0,0,0,0,0
0,0,0,0,0,0,0,0,0,0,0,0,0,0,0,0,0,0,0,0,0,26,0,0,0,0,0,0,0,11,0,0,0,0,0,0,0,2,0,0,0,0,0,8,0,10,0,0,0,3,0,0,0,0,0,0,0,0,0,0,0,0,0,0,0,0,0,0,0,0,0,0,0,120,0,226,0,34,0,12,0,0,0,4,0,2,0,39,0,0,0,0,0,0,0,0,0,0,16,0,0,0,0,0,0,0,0,0,0,0,0,0,0,0,0,0,0,0,0,0,0,10,0,10,0,51,0,85,13,22,0,0,0,0,0,49,0,41,7,10,0,38,3,23,0,133,0,73,7,0,0,0,0,0,0,0,0,2,2,0,0,0,0,28,0,0,0,0,0,8,0,4,0,0,0,11,0,0,0,0,21,66,0,0,0,1,0,0,0,0,0,0,0,0,0,0,0,0,0,0,0,0,0,0,0,0,0,0,0,0,0,0,0,0,0,3,0,0,27,9,10,0,0,0,0
0,0,0,0,0,0,0,0,0,0,0,0,0,0,0,0,0,0,4,0,0,0,0,0,0,0,0,0,0,0,0,0,0,0,0,0,3,0,0,0,0,0,0,0,0,0,0,0,0,0,0,0,0,0,0,0,0,0,0,0,0,0,0,0,0,0,0,0,0,0,140,0,0,0,206,0,10,0,102,0,0,0,16,0,42,0,3,0,0,0,0,0,6,0,0,0,16,0,0,0,0,0,0,0,0,0,0,0,0,0,0,0,0,0,1,0,1,0,0,0,82,1,9,0,58,0,90,0,0,0,15,0,24,0,129,0,21,0,4,0,60,0,161,0,26,0,81,0,0,0,74,0,14,0,0,0,0,0,0,0,1,0,78,0,2,0,0,0,7,0,18,0,6,0,14,0,0,0,0,0,36,0,0,0,0,0,0,0,0,0,0,0,33,0,0,0,3,0,0,0,44,0,79,0,0,0,0,0,80,3,143,0,10,0,18,2,2,0,0,0,0,0,0,0,0
0,0,0,0,0,0,0,0,0,0,0,0,0,0,0,0,0,0,0,0,0,0,0,0,0,0,0,0,0,0,0,0,0,0,0,0,0,0,0,0,0,0,0,0,0,0,0,0,0,0,0,0,0,0,0,0,0,0,0,0,0,0,0,0,0,4,0,0,0,13,0,120,0,0,0,224,0,57,0,38,0,0,0,13,0,0,0,102,0,0,0,0,0,0,0,11,0,0,0,0,2,0,0,0,0,0,0,0,0,1,0,0,0,0,0,0,0,4,0,0,0,12,0,8,0,33,0,87,0,14,0,15,0,33,0,127,0,61,4,5,4,18,0,0,0,46,0,59,0,0,0,0,0,19,0,0,0,0,0,0,0,0,0,64,0,9,0,0,0,28,0,6,0,0,3,21,0,0,0,0,0,67,0,0,0,0,0,0,0,23,0,0,0,0,0,5,0,0,0,0,0,22,0,60,0,0,0,0,0,69,0,0,0,0,15,0,3,0,101,4,15,4,3,2,0
0,0,0,0,0,0,0,0,0,0,0,0,0,0,0,0,91,0,0,0,67,0,0,0,0,0,45,0,56,0,59,0,13,0,0,0,41,0,34,0,0,0,9,0,0,0,0,0,0,0,0,0,0,0,0,0,0,0,0,0,8,0,39,0,0,12,0,0,0,0,206,0,206,0,0,0,17,0,178,0,15,0,7,0,80,0,53,0,0,0,0,0,0,0,1,0,20,0,20,1,0,0,0,0,0,0,0,0,0,0,0,0,0,0,0,0,0,0,0,0,73,0,33,0,0,0,0,0,2,12,0,0,0,0,31,0,16,0,16,0,78,5,137,0,100,0,31,0,15,0,0,0,0,0,0,0,9,0,0,0,0,18,70,12,0,0,8,0,0,0,20,0,21,0,25,0,0,0,0,0,49,0,0,0,0,0,0,0,0,0,0,0,0,0,0,0,0,0,23,0,34,0,0,0,0,0,0,0,0,0,16,0,0,0,0,0,0,0,12,0,0,0,0,0,0
0,0,0,0,0,0,0,0,0,0,0,0,0,0,0,0,0,4,0,0,0,37,0,14,0,0,1,0,0,31,0,0,0,0,0,0,0,0,0,0,0,0,0,0,0,0,0,2,0,14,0,0,0,0,0,0,0,0,0,0,0,0,0,0,0,0,0,0,0,1,0,226,0,224,0,0,0,38,0,44,0,7,0,0,0,8,3,127,0,0,0,0,0,0,0,0,0,0,0,4,0,0,0,0,0,0,0,0,0,0,0,0,0,0,0,0,0,0,0,0,0,113,0,25,26,0,0,38,33,0,0,0,0,0,0,98,0,0,0,0,0,67,0,25,0,306,0,0,0,16,0,0,0,30,0,0,0,0,0,0,10,0,0,49,0,0,0,0,0,15,0,9,0,9,5,0,0,0,0,0,0,77,0,0,0,0,0,0,0,0,0,0,0,6,0,0,0,0,0,0,0,0,0,0,0,0,0,0,0,53,0,0,0,0,10,0,0,0,23,9,19,5,1,0,0
0,0,0,0,0,0,0,0,0,0,0,0,0,0,0,0,6,0,0,0,0,0,0,0,0,0,0,0,0,0,0,0,0,0,0,0,0,0,0,0,0,0,0,0,0,0,0,0,0,0,2,0,0,0,0,0,0,0,0,0,0,0,0,0,0,0,0,0,58,0,7,0,10,0,17,0,0,0,16,0,0,0,39,0,0,0,27,0,4,0,0,0,15,0,9,0,0,0,0,0,0,0,33,0,6,1,0,0,11,0,0,0,0,0,11,0,3,0,0,0,8,0,2,0,0,0,0,0,0,0,0,0,0,0,0,0,0,0,0,0,0,0,0,0,0,0,0,0,0,0,0,0,4,0,0,0,0,0,0,0,0,0,0,0,11,0,0,0,53,0,0,0,0,0,0,0,0,0,0,0,0,0,0,0,0,0,0,0,0,0,0,0,0,0,0,0,1,0,0,0,18,0,0,0,0,0,0,0,0,0,24,12,12,0,8,11,8,0,0,0,0,0,0,0,0
0,0,0,0,0,0,0,0,0,0,0,0,0,0,0,0,0,0,0,0,0,0,0,0,0,0,0,0,0,0,0,0,0,0,0,0,0,0,0,0,0,0,0,0,0,11,0,0,0,0,0,9,0,0,0,0,0,3,0,0,0,0,0,0,0,0,0,0,0,63,0,34,0,57,0,38,0,0,0,20,0,22,0,157,0,0,0,111,0,0,0,0,0,21,0,83,0,0,0,9,0,12,0,29,0,0,0,9,0,0,0,0,0,0,0,0,0,13,0,0,0,0,0,0,0,0,0,0,0,0,0,0,3,0,0,44,0,0,0,0,0,0,5,0,0,1,0,0,0,0,0,0,0,0,0,0,0,0,0,0,0,0,0,9,0,45,0,0,0,89,0,0,0,0,0,0,0,0,0,0,0,0,0,0,0,0,0,0,0,0,0,0,0,0,0,0,0,0,0,0,0,39,0,0,0,0,0,0,0,17,0,0,0,0,18,0,0,0,92,6,64,0,17,9,0
0,0,0,0,0,0,1,0,0,0,0,0,0,0,0,0,18,0,0,0,0,0,0,0,0,0,0,0,0,0,0,0,0,0,0,0,0,0,0,0,0,0,0,0,0,0,0,0,8,0,19,0,0,0,1,0,0,0,0,0,0,0,0,0,0,0,0,0,32,0,101,0,102,0,178,0,16,0,0,0,28,4,61,0,118,0,62,0,1,0,0,0,26,0,5,0,103,0,20,0,0,0,20,0,0,0,0,0,42,0,0,0,0,0,29,0,15,0,0,0,115,0,16,0,0,17,14,0,0,7,0,0,0,7,59,0,0,0,0,4,42,0,82,0,0,0,0,0,0,0,0,0,0,0,0,0,0,0,0,2,2,0,20,0,71,0,0,0,82,0,0,0,0,0,0,0,0,0,0,0,0,0,0,0,0,0,0,0,72,0,0,0,156,0,0,0,5,0,59,0,122,0,172,0,117,0,0,0,31,0,157,29,48,0,16,17,23,0,0,0,13,0,0,0,0
0,3,0,0,0,0,0,0,0,0,0,0,0,0,0,9,0,4,0,0,0,0,0,5,0,0,0,0,0,0,0,0,0,0,0,0,0,0,0,0,0,0,0,0,0,0,0,0,0,0,0,0,0,0,0,0,0,0,0,0,0,0,0,0,0,0,0,0,0,0,0,12,0,38,0,44,0,20,0,0,0,5,0,3,0,13,0,57,0,0,0,0,0,0,0,0,0,0,0,0,0,0,0,0,0,0,0,0,0,0,0,0,0,0,0,0,0,0,0,0,0,20,0,3,4,0,0,0,0,0,0,0,0,0,0,63,0,0,0,0,0,15,0,0,0,89,0,0,0,0,0,0,0,0,0,0,0,1,0,0,0,0,0,5,0,1,0,3,0,6,0,2,0,0,0,0,0,0,0,0,5,0,0,0,0,0,0,0,0,0,0,0,0,0,0,0,0,0,0,9,0,0,0,16,0,0,0,0,0,42,0,0,0,0,0,0,0,0,11,0,0,0,0,0,0
