0,235,165,183,115,117,36,19,41,7,107,66,109,0,16,239,135,0,21,0,21,35,110,318,26,49,37,0,113,8,12,0,138,0,0,0,120,5,402,10,29,0,10,0,0,0,0,0,9,0,0,0,0,0,1,0,0,0,0,0,22,0,14,0,19,0,10,0,0,0,0,0,0,0,0,0,0,0,0,0,0,0,0,0,0,0,0,0,0,0,0,0,0,0,0,0,0,0,0,0,0,0,0,0,0,0,0,0,0,0,0,0,0,0,0,0,0,0,0,0,0,0,0,0,5,0,4,0,0,0,0,0,0,0,0,0,0,0,0,0,0,0,0,0,0,0,4,0,6,0,0,0,2,0,0,0,0,0,0,0,0,0,0,0,4,0,0,0,31,0,15,0,336,0,0,0,115,196,39,0,0,0,92,0,25,0,11,0,0,0,0,0,0,0,0,0,0,0,0,0,5,0,0,0,0,0,0,0,0,0,419,235,332,67,189,0,0,0,8,7,0,0,0,0,0
235,0,151,89,7,165,124,3,123,55,0,155,3,154,0,104,103,69,0,113,0,59,135,209,220,32,0,157,5,264,0,126,0,532,0,35,0,238,0,271,0,43,0,10,0,0,0,48,0,13,0,0,0,0,0,13,0,2,0,5,0,29,0,5,0,15,0,20,0,0,0,0,0,0,0,0,0,0,0,0,0,0,0,0,0,0,0,0,0,0,0,0,0,0,0,0,0,0,0,0,0,0,0,0,0,0,0,0,0,0,0,0,0,0,0,0,0,0,0,0,0,0,0,0,0,38,0,0,0,0,0,14,0,9,0,63,0,27,0,0,0,0,0,0,0,0,0,10,0,67,0,25,0,12,0,2,0,0,0,4,0,17,0,0,0,19,0,28,0,31,0,19,14,290,0,6,20,265,0,7,0,6,48,25,0,41,0,1,0,0,0,0,0,0,0,0,0,0,0,0,0,13,0,0,0,0,0,0,0,11,0,0,0,0,334,0,0,0,721,404,389,123,0,0,0
165,151,0,93,209,298,188,0,17,0,32,222,84,0,246,277,81,0,69,0,105,95,485,212,81,0,51,0,232,0,34,24,225,0,0,0,91,0,320,0,0,0,0,0,0,0,22,0,0,0,0,0,0,0,32,0,10,0,0,0,0,0,32,0,9,0,21,0,0,0,0,0,0,0,0,0,0,0,0,0,0,0,0,0,0,0,0,0,0,0,0,0,0,0,0,0,0,0,0,0,0,0,0,0,0,0,22,0,0,0,0,0,0,0,0,0,0,0,0,0,0,0,0,0,35,0,44,0,0,0,10,0,30,0,141,0,70,1,0,0,0,0,61,0,0,0,27,0,3,0,17,0,0,0,0,0,0,0,0,0,6,0,0,0,0,0,86,0,28,0,0,0,218,0,0,0,51,129,0,0,7,0,28,0,11,0,0,0,0,0,0,0,0,0,1,0,0,0,0,0,99,0,0,0,0,0,11,0,29,0,486,162,472,102,215,0,0,0,0,0,0,0,0,0,0
183,89,93,0,0,59,55,83,41,21,0,5,0,0,0,205,74,21,0,59,0,74,95,208,106,41,0,0,0,91,0,99,5,253,0,0,0,42,0,41,0,0,0,0,0,0,0,0,0,0,0,0,0,0,0,41,0,5,0,7,0,1,0,0,0,0,0,0,0,0,0,0,0,0,0,0,0,0,0,0,0,0,0,0,0,41,0,0,0,0,0,0,0,0,0,0,0,0,0,84,0,75,0,0,0,0,0,20,0,0,0,0,0,0,0,0,0,0,0,0,0,0,0,0,0,2,0,0,0,0,0,0,0,3,0,100,0,0,0,5,0,0,0,31,0,0,0,0,0,0,0,2,0,0,0,0,0,1,0,0,0,0,0,0,0,0,0,36,0,15,0,0,0,72,0,0,0,46,0,0,0,0,25,0,0,3,0,0,0,0,0,0,0,0,0,0,0,0,0,0,0,15,0,0,0,0,0,0,0,0,0,0,0,0,90,0,0,0,172,46,222,0,0,4,0
115,7,209,0,0,331,21,0,28,0,133,224,183,167,362,119,18,0,133,333,199,211,85,11,10,0,183,0,0,0,100,0,149,0,175,0,153,0,10,0,45,0,0,0,0,0,61,0,3,0,37,0,0,0,0,0,0,0,0,0,0,0,0,0,10,0,0,0,0,0,0,0,0,0,0,0,0,0,0,0,0,0,0,0,0,0,0,0,0,0,0,0,0,0,0,0,0,0,0,0,0,0,0,0,5,0,0,0,0,0,0,0,0,0,0,0,0,0,0,0,0,0,0,0,0,0,0,0,0,0,0,0,0,0,32,0,0,0,0,0,0,0,0,0,0,0,15,0,0,0,0,0,0,0,0,0,0,0,0,0,0,0,0,0,26,0,111,0,27,0,4,0,65,0,1,0,97,127,80,0,0,0,28,0,32,0,0,0,0,0,0,0,0,0,0,0,0,0,0,0,0,0,0,0,0,0,0,0,17,0,212,181,271,54,58,1,0,0,0,0,0,0,0,0,0
117,165,298,59,331,0,0,9,0,14,243,123,58,159,363,212,87,0,52,619,206,323,357,124,11,6,0,395,0,0,54,254,0,372,0,331,0,271,0,0,0,39,0,36,0,41,4,56,0,0,0,44,0,0,0,8,0,0,0,0,0,0,0,0,0,0,0,0,0,0,0,0,0,0,0,0,0,0,0,0,0,0,0,0,0,0,0,0,0,0,0,0,0,0,0,0,0,9,0,0,0,19,0,0,0,0,0,0,0,0,0,0,0,0,0,0,0,0,0,0,0,0,0,0,0,4,0,0,0,0,0,0,0,3,0,26,0,0,0,0,0,0,0,0,0,0,0,0,0,0,0,0,0,0,0,0,0,0,0,0,0,1,0,0,5,31,0,193,0,22,0,8,0,30,0,0,63,310,38,17,0,0,0,0,0,8,0,0,0,0,0,0,0,0,0,0,0,0,0,0,0,0,0,0,0,0,0,0,0,0,0,9,0,0,163,0,0,0,380,358,468,0,0,2,0
36,124,188,55,21,0,0,62,38,96,26,0,25,0,22,69,26,0,11,0,0,0,14,128,176,138,0,0,49,17,0,0,19,0,0,0,0,0,159,12,5,0,4,0,10,0,0,0,2,0,0,0,12,0,74,0,17,0,16,1,131,0,336,0,4,0,41,0,0,0,0,0,0,0,0,0,1,0,0,0,0,0,0,0,0,0,0,0,0,0,0,0,0,0,0,0,0,0,0,0,0,0,0,0,0,0,0,0,0,0,0,0,0,0,0,0,0,0,0,0,0,0,0,0,36,0,66,0,0,0,20,0,35,0,61,0,31,0,0,0,0,0,21,0,0,0,58,0,9,0,0,0,3,0,4,0,0,0,7,0,72,0,3,0,0,0,11,0,21,0,92,0,372,0,0,0,0,44,0,0,0,0,0,0,0,0,0,0,0,0,0,0,0,0,0,0,0,0,0,0,0,0,0,0,0,0,0,0,0,0,749,192,428,318,735,0,12,3,0,0,0,0,0,0,0
19,3,0,83,0,9,62,0,162,54,0,5,0,0,0,44,17,35,0,19,0,11,0,28,67,162,0,0,0,260,0,8,0,94,0,0,0,44,0,215,0,0,0,0,0,0,0,0,0,1,0,0,5,7,18,104,0,3,12,2,0,58,23,33,0,0,12,1,0,0,0,0,0,0,0,0,0,0,0,0,0,0,0,0,0,0,0,0,0,0,0,0,0,0,0,0,0,0,0,0,0,0,0,0,0,0,0,0,0,0,0,0,0,0,0,0,0,0,0,0,0,0,0,0,0,0,0,0,0,0,0,3,0,0,0,8,0,17,0,0,0,0,0,3,0,0,0,0,0,0,0,1,0,0,0,5,0,0,0,0,0,9,0,5,0,0,0,0,0,16,0,23,0,193,0,0,0,38,0,0,0,0,26,1,0,0,0,0,0,0,0,0,0,0,0,0,0,0,0,0,0,2,0,0,0,0,0,0,0,1,0,0,0,0,434,0,0,0,425,77,186,213,0,38,0
41,123,17,41,28,0,38,162,0,674,27,0,9,0,5,28,25,97,9,0,0,16,5,86,20,457,17,0,10,26,0,0,13,0,0,0,0,0,112,13,5,0,0,0,0,0,7,0,0,0,5,0,30,39,58,164,2,0,31,17,231,5,269,104,132,0,189,34,0,0,0,0,0,0,0,0,0,0,0,0,0,0,0,0,0,0,0,0,0,0,0,0,0,0,0,0,7,0,0,0,0,0,0,0,0,0,1,0,0,0,0,0,0,0,0,0,0,0,0,0,0,1,1,0,35,0,29,0,0,0,41,0,13,0,33,0,4,0,0,0,0,0,4,0,1,0,40,0,39,0,17,0,0,0,1,0,0,0,0,0,6,0,0,1,2,0,3,0,24,4,171,0,178,0,0,0,30,120,23,0,0,0,93,3,58,0,9,0,0,0,0,0,0,0,0,0,0,0,0,0,0,0,0,0,0,0,3,0,5,0,543,187,157,0,394,0,6,0,0,0,0,0,0,0,0
7,55,0,21,0,14,96,54,674,0,0,18,0,23,0,4,8,8,0,30,0,0,0,10,51,42,0,37,0,75,0,0,0,21,0,13,0,52,0,179,0,0,0,0,0,0,0,0,0,6,0,0,48,37,195,91,26,6,174,47,0,161,42,130,0,110,184,103,0,0,0,0,0,0,0,0,0,0,0,0,0,0,0,0,0,0,0,6,0,0,0,5,0,0,0,0,0,9,0,0,0,0,0,8,0,3,0,25,0,0,0,0,0,0,0,0,0,0,0,0,0,0,0,2,0,100,0,21,0,4,0,44,0,14,0,129,0,35,0,0,0,0,0,0,0,0,0,19,0,111,0,23,0,8,0,7,0,18,0,0,0,32,0,0,0,0,0,2,0,33,2,65,0,194,0,0,0,215,0,3,0,0,30,4,34,36,0,0,0,0,0,0,0,0,0,3,0,8,0,17,0,61,0,0,0,6,0,0,0,26,1,0,0,0,477,0,0,0,663,217,138,0,0,0,0
107,0,32,0,133,243,26,0,27,0,0,131,158,0,64,166,22,0,47,163,132,154,54,0,0,0,68,0,0,0,59,0,175,0,51,0,191,0,11,0,54,0,22,0,12,0,28,0,34,0,0,0,0,0,0,0,0,0,0,0,0,0,0,0,0,0,0,0,0,0,0,0,0,0,0,0,0,0,0,0,0,0,0,0,0,0,0,0,0,0,0,0,0,0,0,0,0,0,0,0,0,0,0,0,0,0,0,0,0,0,0,0,0,0,0,0,0,0,0,0,1,0,0,0,0,0,3,0,0,0,0,0,0,0,8,0,0,0,0,0,0,0,0,0,0,0,5,0,0,0,0,0,4,0,2,0,0,0,0,0,0,0,0,0,0,0,77,0,0,0,0,0,56,0,0,0,180,99,167,0,4,0,34,0,30,0,39,0,0,0,0,0,0,0,0,0,0,0,0,0,0,0,0,0,0,0,0,0,0,0,177,198,159,0,0,0,0,0,0,0,0,0,0,0,0
66,155,222,5,224,123,0,5,0,18,131,0,0,420,220,13,67,0,19,49,103,74,274,52,23,0,0,164,5,0,24,111,14,317,12,190,20,219,0,0,0,116,0,0,0,20,0,93,0,39,0,28,0,0,0,6,0,0,0,0,0,0,0,0,0,0,0,0,0,0,0,0,0,0,0,0,0,0,0,0,0,0,0,0,0,2,0,2,0,0,0,0,0,0,0,0,0,0,0,0,0,0,0,0,0,0,0,0,0,0,0,0,0,0,0,0,0,0,0,0,0,0,0,0,0,0,0,0,0,0,0,0,0,0,0,13,0,13,0,0,0,0,0,0,0,0,0,4,0,10,0,19,0,22,0,0,0,0,0,0,0,2,0,0,0,9,0,89,0,10,0,0,0,27,0,8,23,500,10,51,0,32,0,22,0,44,0,4,0,0,0,0,0,0,0,0,0,0,0,0,1,0,0,0,0,0,0,0,0,8,0,0,0,0,66,0,0,0,183,318,163,0,0,0,0
109,3,84,0,183,58,25,0,9,0,158,0,0,277,63,0,0,0,156,253,75,87,0,0,0,0,264,512,0,0,10,0,0,0,214,15,32,0,0,0,247,77,143,22,20,44,137,172,49,0,434,23,0,0,0,0,0,0,0,0,0,0,0,0,0,0,0,0,0,0,0,0,0,0,0,0,0,0,0,0,0,0,0,0,7,0,0,0,0,0,0,0,0,0,0,0,0,0,0,0,0,0,0,0,0,0,0,0,0,0,0,0,0,0,0,0,0,0,0,0,0,0,0,0,6,0,0,0,0,0,0,0,0,0,0,0,0,0,0,0,0,0,0,0,0,0,6,0,0,0,0,0,0,0,0,0,1,0,0,0,0,0,0,0,69,0,24,0,0,0,0,0,12,0,0,0,177,122,64,0,0,0,4,0,0,0,38,16,0,0,0,0,0,0,0,0,0,0,0,0,0,0,0,0,0,0,0,0,3,0,27,55,117,0,0,0,0,0,0,13,1,0,0,0,0
0,154,0,0,167,159,0,0,0,23,0,420,277,0,254,0,0,0,288,293,263,165,0,0,0,0,204,370,0,0,36,3,9,0,126,331,29,132,0,0,61,303,0,528,15,95,65,270,0,65,73,458,0,0,0,0,0,0,0,0,0,0,0,0,0,0,0,0,0,0,0,0,0,0,0,0,0,0,0,0,0,0,0,0,0,0,0,0,0,0,0,0,0,0,0,0,0,0,0,0,0,2,0,0,0,0,0,0,0,0,0,0,0,1,0,0,0,0,0,0,0,0,0,0,0,0,0,0,0,0,0,0,0,5,0,12,0,20,0,0,0,0,0,0,0,0,0,0,1,0,0,0,0,0,0,0,0,0,0,0,0,0,0,0,0,127,0,24,0,33,0,0,0,0,0,0,14,476,28,8,0,12,1,0,0,0,12,68,0,0,0,0,0,0,0,0,0,0,0,0,0,0,0,0,0,0,0,0,0,0,0,15,0,0,0,0,0,2,0,205,193,0,0,1,0
16,0,246,0,362,363,22,0,5,0,64,220,63,254,0,72,77,0,275,363,296,232,215,2,83,0,240,108,0,0,52,0,47,0,111,44,82,0,0,0,0,0,0,0,29,0,27,0,0,0,27,0,7,0,21,0,2,0,0,0,0,0,19,0,5,0,0,0,0,0,0,0,0,0,0,0,0,0,0,0,0,0,0,0,35,0,0,0,0,0,0,0,0,0,0,0,205,0,0,0,0,0,0,0,0,0,0,0,0,0,0,0,0,0,0,0,0,0,0,0,0,0,8,0,14,0,0,0,0,0,0,0,0,0,122,0,68,0,0,0,0,0,93,0,0,0,21,0,3,0,19,0,6,0,0,0,0,0,0,0,0,0,0,0,0,0,54,0,0,0,0,0,14,0,0,0,76,58,19,0,0,0,7,0,11,0,1,0,0,0,0,0,0,0,0,0,0,0,0,0,164,0,0,0,0,0,0,0,0,0,56,139,75,15,15,0,0,0,0,0,0,0,0,0,0
239,104,277,205,119,212,69,44,28,4,166,13,0,0,72,0,115,6,3,380,41,499,374,270,120,42,0,187,0,0,4,184,45,192,0,80,13,72,0,8,0,0,0,0,0,14,0,9,0,19,0,0,0,3,1,55,0,7,0,0,0,0,0,0,0,0,0,0,0,0,0,0,0,0,0,0,0,0,0,0,0,146,0,0,0,134,0,18,0,0,0,0,0,0,0,0,0,0,0,194,0,160,0,0,0,0,0,0,0,0,0,0,0,0,0,0,0,0,0,0,0,0,0,0,0,0,0,0,0,0,0,0,0,7,0,82,0,0,0,21,0,5,0,40,0,0,0,0,0,0,0,0,0,0,0,0,0,0,0,0,0,0,0,0,0,6,0,118,0,9,0,4,0,30,0,0,0,48,3,0,0,0,19,2,2,5,0,0,0,0,0,0,0,0,0,0,0,0,0,0,0,11,0,0,0,0,0,0,0,0,10,0,0,0,37,0,0,0,141,225,210,22,0,1,0
135,103,81,74,18,87,26,17,25,8,22,67,0,0,77,115,0,14,96,0,464,22,107,156,119,45,71,0,210,0,46,7,236,22,8,0,26,0,277,4,0,0,0,0,90,0,17,0,15,0,15,0,108,0,20,0,11,0,0,0,9,0,431,0,0,0,0,0,0,0,67,0,21,0,30,0,0,0,0,0,0,0,0,0,444,0,81,0,0,0,106,0,0,0,0,0,679,0,0,0,0,0,0,0,0,0,0,0,0,0,0,0,0,0,0,0,0,0,0,0,46,0,144,0,0,0,0,0,10,0,0,0,0,0,112,0,235,0,52,0,52,0,431,0,0,0,2,0,0,0,0,0,0,0,22,0,0,0,6,0,3,0,0,0,0,0,26,0,36,0,4,0,71,0,1,0,9,14,0,0,0,0,73,0,0,0,0,0,0,0,0,0,0,0,0,0,0,0,0,0,191,0,0,0,0,0,0,0,0,0,53,261,130,29,41,0,0,0,0,2,11,0,0,0,0
0,69,0,21,0,0,0,35,97,8,0,0,0,0,0,6,14,0,0,5,0,95,0,125,49,101,0,0,0,173,0,18,0,36,0,14,0,6,0,28,0,0,0,0,0,0,0,0,0,0,0,9,6,111,16,12,0,13,0,0,0,6,6,131,0,0,0,0,0,0,0,0,0,0,0,0,0,0,0,0,0,242,0,0,0,340,0,42,0,0,0,0,0,0,0,0,0,0,0,187,0,0,0,0,0,0,0,0,0,0,0,0,0,0,0,0,0,0,0,0,0,0,0,13,0,0,0,0,0,0,0,0,0,35,0,0,0,73,0,225,0,90,0,247,0,7,0,0,0,0,0,1,0,0,0,32,0,1,0,38,0,0,0,0,0,0,0,3,0,0,0,0,0,47,0,0,0,15,0,1,0,0,0,4,0,0,0,0,0,0,0,0,0,0,0,0,0,0,0,0,0,0,0,0,0,0,0,0,0,0,0,0,0,0,87,0,0,0,48,115,76,0,0,0,0
21,0,69,0,133,52,11,0,9,0,47,19,156,288,275,3,96,0,0,197,207,64,160,0,29,0,287,485,0,0,19,0,0,0,176,0,29,0,0,0,31,81,16,46,50,31,35,152,0,0,136,11,7,0,19,0,0,0,2,0,0,0,21,0,0,0,0,0,0,0,0,0,0,0,0,0,0,0,0,0,0,0,0,0,0,0,0,0,0,0,0,0,0,0,0,0,0,0,0,0,0,0,0,0,0,0,0,0,0,0,0,0,0,0,0,0,0,0,0,0,0,0,0,0,0,0,0,0,0,0,0,0,0,0,0,0,0,0,0,0,7,0,0,0,6,0,9,0,0,0,9,0,8,0,1,0,0,0,0,0,0,0,0,0,23,0,9,0,17,0,0,0,0,0,0,0,70,64,16,0,0,0,0,0,0,0,8,8,0,0,0,0,0,0,0,0,0,0,0,0,89,0,0,0,0,0,0,0,0,0,41,110,67,0,0,0,0,0,0,11,3,0,0,0,0
0,113,0,59,333,619,0,19,0,30,163,49,253,293,363,380,0,5,197,0,338,716,22,51,0,3,54,457,0,0,55,54,45,10,120,471,41,188,0,0,13,8,1,101,7,60,0,50,3,27,31,179,0,3,0,15,0,6,0,0,0,0,0,0,0,0,0,0,0,0,0,0,0,0,0,0,0,0,0,0,0,0,0,0,0,0,0,31,0,0,0,0,0,0,0,0,0,0,0,0,0,0,0,0,0,0,0,0,0,0,0,0,0,0,0,0,0,0,0,0,0,22,0,0,0,0,0,9,0,0,0,0,0,10,0,97,0,40,0,19,0,34,0,0,0,0,0,0,0,0,0,7,0,0,0,0,0,1,0,0,0,8,0,0,0,73,0,93,0,25,0,4,0,0,0,0,32,80,59,4,0,2,0,9,0,12,0,10,0,0,0,0,0,0,0,0,0,2,0,0,0,0,0,0,0,0,0,0,0,0,0,0,15,0,0,0,0,0,128,524,217,0,0,0,0
21,0,105,0,199,206,0,0,0,0,132,103,75,263,296,41,464,0,207,338,0,161,238,0,30,0,176,275,38,0,23,0,120,0,41,0,62,7,9,0,0,35,7,0,119,0,0,0,10,9,98,18,19,0,0,0,0,0,0,0,5,0,73,0,0,0,0,0,0,0,77,0,0,0,38,0,0,0,0,0,54,0,0,0,334,0,116,0,0,0,0,0,0,0,0,0,578,0,97,0,0,0,0,0,0,0,0,0,0,0,0,0,0,0,0,0,0,0,0,0,51,0,76,0,0,0,0,0,0,0,0,0,0,0,0,0,0,0,0,0,123,0,176,0,78,0,0,0,0,0,0,0,0,0,0,0,0,0,0,0,0,0,0,0,28,0,59,0,0,0,0,0,18,0,0,0,175,52,41,0,0,0,8,0,0,0,9,0,0,0,0,0,0,0,0,0,0,0,0,0,48,0,0,0,0,0,0,0,0,0,157,355,178,0,35,0,0,2,0,0,0,0,0,0,0
35,59,95,74,211,323,0,11,16,0,154,74,87,165,232,499,22,95,64,716,161,0,147,395,0,93,22,542,1,28,36,182,0,158,0,164,31,50,0,10,5,0,0,125,0,164,0,0,0,63,0,107,0,73,0,29,3,8,0,0,0,0,0,148,0,0,0,0,0,0,0,0,0,0,0,0,0,0,0,0,0,465,0,0,0,435,0,71,0,0,0,0,0,0,0,0,0,0,0,0,0,192,0,0,0,0,0,0,0,0,0,0,0,0,0,0,0,0,0,0,0,102,0,0,0,0,0,0,0,0,0,0,0,0,0,0,0,0,0,148,0,190,0,257,0,43,0,0,0,0,0,0,0,0,0,14,0,0,0,0,0,8,0,0,0,47,0,102,0,35,0,0,0,22,0,0,0,54,20,0,0,0,0,0,0,0,2,13,0,0,0,0,0,0,0,0,0,0,0,0,0,0,0,0,0,0,0,0,0,0,0,0,0,0,116,0,0,0,314,1157,325,82,0,2,0
110,135,485,95,85,357,14,0,5,0,54,274,0,0,215,374,107,0,160,22,238,147,0,234,138,0,70,5,21,0,20,30,40,71,0,0,22,14,22,5,0,0,0,0,55,0,0,0,20,0,0,0,17,0,32,0,3,0,0,0,0,0,53,0,0,0,0,0,0,0,0,0,0,0,0,0,0,0,0,0,11,0,0,0,40,0,0,0,0,0,0,0,0,0,0,0,204,0,0,0,0,0,0,0,0,0,0,0,0,0,0,0,0,0,0,0,0,0,0,0,0,0,0,0,0,0,9,0,0,0,0,0,0,0,84,0,102,0,0,0,2,0,106,0,0,0,0,0,5,0,8,0,0,0,4,0,0,0,0,0,0,0,0,0,0,0,24,0,14,0,0,0,29,0,0,0,46,81,10,0,0,0,69,0,10,0,0,0,0,0,0,0,0,0,0,0,4,0,0,0,147,0,0,0,0,0,0,0,14,0,55,236,57,17,32,0,0,0,0,0,0,0,0,0,0
318,209,212,208,11,124,128,28,86,10,0,52,0,0,2,270,156,125,0,51,0,395,234,0,220,97,0,72,0,47,0,147,0,154,0,32,0,13,0,8,1,0,0,0,0,43,0,0,0,18,0,0,0,30,0,33,0,0,0,0,0,1,4,63,0,0,0,0,0,0,0,0,0,0,0,16,0,0,0,0,0,381,0,0,0,335,0,76,0,0,0,0,0,0,0,0,2,10,0,0,0,175,0,0,0,0,0,0,0,0,0,0,0,0,0,0,0,0,0,0,0,73,0,28,0,0,0,0,0,0,0,0,0,0,0,39,0,27,0,56,0,23,0,145,0,0,0,0,0,0,0,0,0,0,0,11,0,0,0,4,0,3,0,0,0,7,0,38,0,22,0,0,0,100,0,0,2,143,0,0,0,0,23,14,0,1,0,0,0,0,0,0,0,0,0,0,0,0,0,0,0,0,0,0,0,0,0,0,0,0,0,7,0,0,93,0,0,0,136,683,166,52,1,0,0
26,220,81,106,10,11,176,67,20,51,0,23,0,0,83,120,119,49,29,0,30,0,138,220,0,155,0,0,12,20,1,5,0,0,0,0,0,0,44,16,0,0,0,0,6,0,0,0,3,0,0,0,48,0,91,0,10,0,5,0,16,2,134,2,0,0,0,0,0,0,0,0,0,0,0,0,0,0,0,0,0,0,0,0,64,0,0,0,0,0,82,0,0,0,0,0,220,0,0,0,0,0,0,0,0,0,0,0,0,0,0,0,0,0,0,0,0,0,0,0,0,0,4,0,0,0,37,0,17,0,0,0,0,0,216,0,306,4,15,0,0,0,236,0,2,0,0,0,0,0,14,0,2,0,17,0,0,0,6,0,20,0,0,0,0,0,3,0,0,0,4,0,46,7,0,0,3,22,0,0,0,0,9,0,4,0,0,0,0,0,1,0,0,0,0,0,2,0,0,0,198,0,0,0,0,0,0,0,29,0,32,66,41,0,37,0,3,0,0,6,0,0,0,0,0
49,32,0,41,0,6,138,162,457,42,0,0,0,0,0,42,45,101,0,3,0,93,0,97,155,0,0,0,0,122,0,4,0,12,0,0,0,12,0,47,0,0,1,0,0,0,0,0,0,0,0,0,15,13,58,86,6,43,39,0,0,18,58,24,0,0,17,0,0,0,0,0,0,0,0,0,0,0,0,0,0,160,0,0,0,190,0,28,0,20,0,0,0,0,0,0,0,0,0,302,0,223,0,0,0,0,0,0,0,0,0,0,0,0,0,0,0,0,0,0,0,0,0,0,0,0,0,0,0,5,0,0,0,29,0,138,0,37,0,90,0,19,0,175,0,0,0,0,0,0,0,0,0,0,0,37,0,2,0,18,0,3,0,0,0,5,0,0,0,0,0,15,0,37,0,0,1,56,0,0,0,0,29,7,0,1,0,0,0,0,0,0,0,0,0,0,0,0,0,0,0,21,0,0,0,0,0,0,0,0,0,0,0,0,80,0,0,0,53,98,52,48,0,7,0
37,0,51,0,183,0,0,0,17,0,68,0,264,204,240,0,71,0,287,54,176,22,70,0,0,0,0,447,22,0,26,0,0,0,35,0,67,0,0,0,98,267,134,46,164,106,466,489,40,33,320,0,0,0,0,0,1,0,0,0,0,0,19,0,0,0,0,0,0,0,0,0,0,0,0,0,0,0,0,0,0,0,0,0,0,0,0,0,0,0,0,0,0,0,0,0,0,0,0,0,0,0,0,0,0,0,0,0,0,0,0,0,0,0,0,0,0,0,0,0,0,0,0,0,0,0,11,0,0,0,0,0,0,0,0,0,0,0,7,0,0,0,0,0,0,0,0,0,9,0,0,0,0,0,0,0,0,0,0,0,0,0,11,0,88,0,0,0,0,0,0,0,15,0,0,0,54,74,17,0,0,0,8,0,0,0,59,31,0,0,0,0,0,0,0,0,0,0,0,0,0,0,0,0,0,0,0,0,0,0,0,173,186,15,0,0,0,0,0,15,0,0,0,0,0
0,157,0,0,0,395,0,0,0,37,0,164,512,370,108,187,0,0,485,457,275,542,5,72,0,0,447,0,0,7,24,0,0,3,123,101,0,25,0,0,175,69,0,489,43,274,168,393,28,40,163,301,0,0,0,0,0,11,0,0,0,0,0,0,0,6,0,0,0,0,0,0,0,0,0,0,0,0,0,0,0,0,0,0,0,0,0,0,0,0,0,0,0,0,0,54,0,0,0,0,0,79,0,0,0,0,0,0,0,0,0,0,0,0,0,0,0,0,0,0,0,0,0,0,0,0,0,0,0,0,0,3,0,0,0,58,0,0,0,0,0,119,0,70,0,0,0,0,0,0,0,0,0,0,0,0,0,0,0,6,0,3,0,0,0,150,0,10,0,0,0,0,0,0,0,0,6,119,0,2,0,0,0,0,0,11,17,15,0,0,0,0,0,0,0,0,0,0,0,0,0,20,0,0,0,0,0,0,0,0,0,11,0,0,20,0,0,2,0,491,286,27,0,0,1
113,5,232,0,0,0,49,0,10,0,0,5,0,0,0,0,210,0,0,0,38,1,21,0,12,0,22,0,0,0,35,0,41,0,11,0,17,0,30,0,0,0,19,0,0,0,0,0,0,0,22,0,2,0,0,0,0,0,0,0,3,0,5,0,0,0,0,0,0,0,15,0,0,0,6,0,0,0,0,0,0,0,0,0,73,0,0,0,0,0,0,0,0,0,0,0,0,0,0,0,0,0,0,0,0,0,0,0,0,0,0,0,0,0,0,0,0,0,0,0,0,0,0,0,1,0,0,0,0,0,0,0,0,0,0,0,27,0,13,0,40,0,80,0,12,0,0,0,0,0,0,0,0,0,0,0,0,0,0,0,0,0,0,0,0,0,1,0,0,0,0,0,0,0,0,0,0,0,0,0,0,0,45,0,0,0,0,0,0,0,0,0,0,0,0,0,0,0,0,0,0,0,0,0,0,0,0,0,0,0,10,23,0,0,0,0,0,0,0,0,0,0,0,0,0
8,264,0,91,0,0,17,260,26,75,0,0,0,0,0,0,0,173,0,0,0,28,0,47,20,122,0,7,0,0,0,20,0,27,0,45,0,52,0,129,0,0,0,21,0,0,0,0,0,0,0,21,1,38,0,49,0,13,0,0,0,4,2,78,0,0,0,0,0,0,0,0,0,0,0,0,0,0,0,0,0,0,0,0,0,34,0,4,0,0,0,0,0,0,0,0,0,0,0,0,0,0,0,0,0,0,0,0,0,0,0,0,0,0,0,0,0,0,0,0,0,0,0,0,0,0,0,0,0,0,0,0,0,0,0,0,0,12,0,111,0,52,0,39,0,61,0,0,0,0,0,0,0,0,0,10,0,4,0,28,0,4,0,0,0,0,0,0,0,0,0,2,0,12,0,0,1,26,0,1,0,0,0,14,0,0,0,0,0,0,0,0,0,0,0,0,0,0,0,0,0,0,0,0,0,0,0,0,0,0,0,0,0,0,46,0,0,0,86,118,26,18,0,0,0
12,0,34,0,100,54,0,0,0,0,59,24,10,36,52,4,46,0,19,55,23,36,20,0,1,0,26,24,35,0,0,0,20,0,19,0,30,0,5,0,0,0,36,0,0,0,0,0,0,0,39,0,0,0,0,0,0,0,0,0,2,0,10,0,0,0,1,0,0,0,1,0,0,0,0,0,0,0,0,0,0,0,0,0,12,0,0,0,0,0,0,0,0,0,0,0,27,0,5,0,0,0,0,0,0,0,0,0,0,0,0,0,0,0,0,0,0,0,0,0,0,0,0,0,1,0,0,0,0,0,0,0,0,0,0,0,4,0,0,0,16,0,16,0,5,0,0,0,0,0,0,0,0,0,1,0,1,0,0,0,0,0,0,0,0,0,20,0,2,0,0,0,10,0,0,0,57,9,16,0,0,0,12,0,2,0,0,0,0,0,0,0,0,0,0,0,0,0,0,0,0,0,0,0,0,0,0,0,0,0,42,123,44,8,14,0,0,0,0,0,0,0,0,0,0
0,126,24,99,0,254,0,8,0,0,0,111,0,3,0,184,7,18,0,54,0,182,30,147,5,4,0,0,0,20,0,0,0,18,0,197,0,43,0,0,0,0,0,19,0,10,0,0,0,3,0,43,0,9,0,0,0,0,0,0,0,0,0,14,0,1,0,0,0,0,0,0,0,0,0,0,0,0,0,0,0,0,0,0,0,0,0,0,0,0,0,0,0,0,0,0,0,0,0,0,0,0,0,0,0,0,0,6,0,0,0,0,0,0,0,0,0,0,0,0,0,0,0,0,0,0,0,0,0,0,0,0,0,0,0,0,0,0,0,43,0,39,0,48,0,0,0,0,0,0,0,0,0,0,0,0,0,0,0,0,0,0,0,0,0,0,0,25,0,3,0,0,0,7,0,0,1,39,0,4,0,0,0,6,0,0,0,0,0,0,0,0,0,0,0,0,0,0,0,0,0,0,0,0,0,0,0,0,0,0,0,0,0,0,32,0,0,0,90,270,38,0,0,0,0
138,0,225,5,149,0,19,0,13,0,175,14,0,9,47,45,236,0,0,45,120,0,40,0,0,0,0,0,41,0,20,0,0,0,30,0,173,0,7,0,0,0,27,0,4,0,0,0,0,0,13,0,2,0,0,0,0,0,0,0,18,0,22,0,0,0,0,0,0,0,10,0,0,0,0,0,0,0,0,0,0,0,0,0,21,0,10,0,0,0,0,0,0,0,0,0,0,0,0,0,0,0,0,0,0,0,0,0,0,0,0,0,0,0,0,0,0,0,0,0,0,0,0,0,0,0,0,0,0,0,0,0,0,0,0,0,0,0,25,0,41,0,0,0,15,0,0,0,0,0,0,0,0,0,2,0,5,0,1,0,1,0,0,0,4,0,40,0,0,0,0,0,19,0,0,0,63,0,67,0,0,0,78,0,0,0,0,0,0,0,0,0,0,0,0,0,0,0,0,0,0,0,0,0,0,0,0,0,0,0,54,220,59,0,17,0,0,0,0,0,0,0,0,0,0
0,532,0,253,0,372,0,94,0,21,0,317,0,0,0,192,22,36,0,10,0,158,71,154,0,12,0,3,0,27,0,18,0,0,0,56,0,162,0,3,0,0,0,12,0,0,0,0,0,0,0,13,0,14,0,5,0,0,0,0,0,41,0,34,0,0,0,0,0,0,0,0,0,0,0,0,0,0,0,0,0,0,0,0,0,0,0,0,0,0,0,0,0,0,0,0,0,0,0,7,0,0,0,0,0,0,0,0,0,0,0,0,0,0,0,0,0,0,0,0,0,0,0,0,0,0,0,0,0,0,0,0,0,0,0,0,0,0,0,41,0,36,0,0,0,56,0,0,0,3,0,0,0,0,0,6,0,23,0,9,0,0,0,0,0,0,0,19,0,0,0,0,0,16,0,1,0,193,0,29,0,0,0,28,0,0,0,0,0,0,0,0,0,0,0,0,0,0,0,0,0,0,0,0,0,0,0,0,0,0,4,0,0,0,44,0,0,0,127,468,61,0,0,0,0
0,0,0,0,175,0,0,0,0,0,51,12,214,126,111,0,8,0,176,120,41,0,0,0,0,0,35,123,11,0,19,0,30,0,0,0,125,0,2,0,0,13,9,0,5,0,0,35,0,0,65,0,0,0,0,0,0,0,0,0,0,0,2,0,0,0,0,0,0,0,0,0,0,0,0,0,0,0,0,0,0,0,0,0,0,0,0,0,0,0,2,0,0,0,0,0,0,0,0,0,0,0,0,0,0,0,0,0,0,0,0,0,0,0,0,0,0,0,0,0,0,0,0,0,0,0,0,0,0,0,0,0,0,0,0,0,0,0,0,0,4,0,0,0,11,0,0,0,0,0,0,0,0,0,0,0,0,0,0,0,0,0,0,0,0,0,36,0,0,0,0,0,0,0,0,0,95,39,43,0,0,0,0,0,4,0,2,7,0,0,0,0,0,0,0,0,1,0,0,0,0,0,0,0,0,0,0,0,0,0,97,168,86,22,14,0,0,0,0,0,0,0,0,0,0
0,35,0,0,0,331,0,0,0,13,0,190,15,331,44,80,0,14,0,471,0,164,0,32,0,0,0,101,0,45,0,197,0,56,0,0,4,272,0,0,0,0,0,61,0,57,0,0,0,0,0,82,0,0,0,10,0,0,0,0,0,0,0,0,0,0,0,0,0,0,0,0,0,0,0,7,0,0,0,2,0,0,0,0,0,0,0,0,0,0,0,0,0,0,0,0,0,0,0,0,0,0,0,0,0,0,0,0,0,0,0,0,0,0,0,0,0,0,0,0,0,0,0,11,0,0,0,0,0,0,0,0,0,0,0,0,0,22,0,91,0,137,0,89,0,74,0,0,0,2,0,0,0,0,0,0,0,0,0,0,0,0,0,0,0,39,0,88,0,13,0,0,0,0,0,0,4,35,0,0,0,0,0,0,0,7,1,11,0,0,0,0,0,0,0,0,0,0,0,0,0,0,0,0,0,0,0,0,0,0,0,0,0,0,45,0,0,0,115,422,195,0,0,0,0
120,0,91,0,153,0,0,0,0,0,191,20,32,29,82,13,26,0,29,41,62,31,22,0,0,0,67,0,17,0,30,0,173,0,125,4,0,0,74,0,0,0,38,5,60,0,0,0,3,0,78,0,2,0,0,0,13,0,11,0,3,0,5,0,3,0,5,0,0,0,25,0,0,0,10,0,0,0,0,0,0,0,0,0,0,0,24,0,0,0,0,0,0,0,0,0,0,0,0,0,0,0,0,0,0,0,0,0,0,0,0,0,0,0,0,0,0,0,0,0,14,0,10,0,0,0,0,0,0,0,0,0,0,0,0,0,25,0,45,0,109,0,48,0,53,0,0,0,0,0,0,0,1,0,0,0,5,0,0,0,0,0,9,0,23,0,30,0,14,0,17,0,40,0,0,0,0,21,47,0,0,0,59,0,0,0,0,0,0,0,0,0,0,0,0,0,0,0,0,0,0,0,0,0,0,0,0,0,0,0,68,118,135,19,22,0,2,0,0,0,0,0,0,0,0
5,238,0,42,0,271,0,44,0,52,0,219,0,132,0,72,0,6,0,188,7,50,14,13,0,12,0,25,0,52,0,43,0,162,0,272,0,0,0,34,0,0,0,75,0,52,0,0,0,0,0,48,0,12,0,0,0,6,0,0,0,48,1,13,0,0,0,1,0,0,0,11,0,0,0,0,0,0,0,0,0,0,0,0,0,118,0,0,0,0,0,0,0,0,0,0,0,0,0,0,0,0,0,0,0,0,0,0,0,0,0,0,0,0,0,0,0,0,0,0,0,57,0,0,0,0,0,0,0,0,0,0,0,0,0,0,0,0,0,108,0,246,0,167,0,257,0,0,0,3,0,0,0,0,0,5,0,33,0,13,0,0,0,0,0,45,0,44,0,8,0,8,0,66,0,0,0,89,0,10,0,1,4,24,0,0,0,0,0,0,0,0,0,0,0,0,0,0,0,0,0,0,0,0,0,0,0,0,0,0,2,0,0,0,39,0,0,0,57,539,159,36,0,5,0
402,0,320,0,10,0,159,0,112,0,11,0,0,0,0,0,277,0,0,0,9,0,22,0,44,0,0,0,30,0,5,0,7,0,2,0,74,0,0,0,0,0,5,0,1,0,0,0,0,0,5,0,0,0,0,0,0,0,8,0,42,0,73,0,0,0,0,0,0,0,27,0,0,0,8,0,0,0,0,0,0,0,0,0,0,0,0,0,0,0,0,0,0,0,0,0,0,0,0,0,0,0,0,0,0,0,0,0,0,0,0,0,0,0,0,0,0,0,0,0,0,0,35,0,2,0,0,0,0,0,0,0,0,0,0,0,0,0,23,0,60,0,55,0,47,2,0,0,0,0,0,0,0,0,0,0,7,0,0,0,0,0,0,0,0,0,10,0,0,0,0,0,172,0,0,0,23,22,0,0,0,1,199,0,0,0,0,0,0,0,0,0,0,0,0,0,0,0,0,0,0,0,0,0,0,0,0,0,0,0,70,178,28,32,46,0,2,0,0,0,0,0,0,0,0
10,271,0,41,0,0,12,215,13,179,0,0,0,0,0,8,4,28,0,0,0,10,5,8,16,47,0,0,0,129,0,0,0,3,0,0,0,34,0,0,0,0,0,0,0,0,0,0,0,0,0,0,1,28,6,40,0,5,4,0,0,68,1,34,0,0,0,0,0,0,0,0,0,0,0,0,0,0,0,0,0,0,0,0,0,0,0,0,0,0,0,0,0,0,0,0,0,0,0,0,0,0,0,0,0,0,0,0,0,0,0,0,0,0,0,0,0,0,0,0,0,0,0,0,0,0,0,0,0,0,0,0,0,0,0,0,0,4,0,0,0,0,0,0,0,55,0,0,0,0,0,0,0,0,0,15,0,16,0,18,0,1,0,0,0,0,0,0,0,0,0,2,0,35,0,0,0,96,0,0,0,0,0,29,0,0,0,0,0,0,0,0,0,0,0,0,0,0,0,0,0,0,0,0,0,0,0,0,0,0,0,0,0,0,62,0,0,0,76,327,28,41,0,0,0
29,0,0,0,45,0,5,0,5,0,54,0,247,61,0,0,0,0,31,13,0,5,0,1,0,0,98,175,0,0,0,0,0,0,0,0,0,0,0,0,0,184,163,0,49,91,170,416,260,77,104,0,0,0,0,0,0,0,0,0,0,0,0,0,0,0,0,0,0,0,0,0,0,0,0,0,0,0,0,0,0,0,0,0,0,0,0,0,0,0,0,0,0,0,0,0,0,0,0,0,0,0,0,0,0,0,0,0,0,0,0,0,0,0,0,0,0,0,0,0,0,0,0,0,0,0,0,0,0,0,0,0,0,0,0,0,0,0,0,0,0,0,0,0,0,0,0,0,0,0,2,0,0,0,0,0,0,0,0,0,0,0,0,0,0,0,0,0,0,0,0,0,0,0,1,0,30,77,16,0,0,0,0,0,0,0,175,13,0,0,0,0,0,0,0,0,0,0,0,0,0,0,0,0,0,0,0,0,0,0,0,60,33,0,0,0,0,6,0,36,0,0,0,0,0
0,43,0,0,0,39,0,0,0,0,0,116,77,303,0,0,0,0,81,8,35,0,0,0,0,0,267,69,0,0,0,0,0,0,13,0,0,0,0,0,184,0,11,95,56,82,263,286,26,145,37,43,0,0,0,0,0,0,0,0,0,0,0,0,0,0,0,0,0,0,0,0,0,0,0,0,0,0,0,0,0,0,0,0,0,0,0,0,0,0,0,0,0,0,0,7,0,0,0,0,0,2,0,0,0,0,0,0,0,0,0,0,0,0,0,0,0,0,0,0,0,0,0,0,0,0,0,0,0,0,0,0,0,0,0,0,0,0,0,0,0,0,0,0,0,0,0,0,0,0,0,1,0,0,0,0,0,0,0,0,0,0,0,0,0,63,0,0,0,0,0,0,0,0,0,0,0,182,0,0,0,0,0,1,0,0,26,30,0,0,0,0,0,0,0,0,0,0,0,0,0,0,0,0,0,0,0,0,0,0,0,4,0,0,0,0,0,0,0,147,39,0,0,0,23
10,0,0,0,0,0,4,0,0,0,22,0,143,0,0,0,0,0,16,1,7,0,0,0,0,1,134,0,19,0,36,0,27,0,9,0,38,0,5,0,163,11,0,0,253,0,165,43,54,0,133,0,0,0,2,0,6,0,0,0,0,0,0,0,0,0,0,0,0,0,0,0,0,0,0,0,0,0,0,0,0,0,0,0,0,0,0,0,0,0,0,0,0,0,0,0,0,0,0,0,0,0,0,0,0,0,0,0,0,0,0,0,0,0,0,0,0,0,0,0,0,0,0,0,1,0,0,0,0,0,0,0,0,0,0,0,0,0,0,0,0,0,0,0,0,0,0,0,0,0,0,0,0,0,0,0,0,0,0,0,0,0,0,0,42,0,13,0,0,0,1,0,7,0,0,0,0,4,0,0,3,0,0,0,2,0,161,0,0,0,0,0,0,0,0,0,0,0,0,0,0,0,0,0,0,0,0,0,0,0,32,69,98,11,9,1,0,0,0,0,0,0,0,0,0
0,10,0,0,0,36,0,0,0,0,0,0,22,528,0,0,0,0,46,101,0,125,0,0,0,0,46,489,0,21,0,19,0,12,0,61,5,75,0,0,0,95,0,0,0,268,0,155,0,24,0,144,0,0,0,7,0,0,0,0,0,1,0,0,0,0,0,0,0,1,0,8,0,0,0,0,0,0,0,0,0,0,0,0,0,0,0,0,0,0,0,0,0,0,0,0,0,0,0,0,0,0,0,0,0,0,0,0,0,0,0,0,0,0,0,0,0,0,0,0,0,0,0,13,0,0,0,0,0,0,0,0,0,0,0,0,0,0,0,0,0,134,0,0,0,61,0,0,0,0,0,0,0,0,0,0,0,0,0,0,0,0,0,3,0,102,0,8,0,19,0,0,0,0,0,0,0,26,0,0,0,0,0,0,0,0,0,54,0,0,0,0,0,0,0,0,0,0,0,0,0,0,0,0,0,0,0,0,0,0,0,2,2,0,12,0,0,1,23,235,188,0,0,0,1
0,0,0,0,0,0,10,0,0,0,12,0,20,15,29,0,90,0,50,7,119,0,55,0,6,0,164,43,0,0,0,0,4,0,5,0,60,0,1,0,49,56,253,0,0,36,346,127,292,56,104,0,14,0,0,0,23,0,25,0,0,0,36,0,0,0,0,0,0,0,49,0,0,0,27,0,0,0,0,0,0,0,10,0,182,0,0,0,0,0,0,0,0,0,0,0,374,0,0,0,41,0,0,0,0,0,0,0,0,0,0,0,0,0,0,0,0,0,0,0,0,0,42,0,0,0,0,0,0,0,0,0,0,0,0,0,0,0,0,0,0,0,0,0,46,0,0,0,0,0,0,0,0,0,0,0,0,0,0,0,0,1,19,0,271,0,23,0,25,0,18,0,38,0,0,0,14,27,13,0,0,0,9,0,0,0,95,0,0,0,0,0,0,0,1,0,0,0,0,0,0,0,0,0,0,0,0,0,0,0,42,156,378,20,9,0,1,38,0,27,0,0,0,0,3
0,0,0,0,0,41,0,0,0,0,0,20,44,95,0,14,0,0,31,60,0,164,0,43,0,0,106,274,0,0,0,10,0,0,0,57,0,52,0,0,91,82,0,268,36,0,117,383,24,260,27,92,0,14,0,7,0,0,0,0,0,0,0,6,0,0,0,0,0,0,0,13,0,0,0,0,0,0,0,0,0,254,0,0,0,159,0,57,0,5,0,0,0,6,0,61,0,0,0,0,0,43,0,10,0,0,0,0,0,0,0,0,0,0,0,0,0,0,0,0,0,92,0,27,0,0,0,4,0,0,0,0,0,0,0,12,0,0,0,0,0,89,0,167,0,63,0,0,0,0,0,0,0,0,0,0,0,0,0,0,0,0,0,5,0,348,0,23,0,68,0,6,0,0,0,0,0,25,0,1,0,0,0,1,0,0,20,77,0,0,0,0,0,0,0,0,0,0,0,0,0,0,0,0,0,0,0,0,0,0,0,0,2,0,18,0,0,4,81,350,337,22,2,2,101
0,0,22,0,61,4,0,0,7,0,28,0,137,65,27,0,17,0,35,0,0,0,0,0,0,0,466,168,0,0,0,0,0,0,0,0,0,0,0,0,170,263,165,0,346,117,0,459,277,146,70,0,0,0,0,0,0,0,0,0,0,0,0,0,0,0,0,0,0,0,2,0,0,0,0,0,0,0,0,0,4,0,0,0,0,0,0,0,0,0,0,0,0,0,0,0,0,0,0,0,0,0,0,0,0,0,0,0,0,0,0,0,0,0,0,0,0,0,0,0,0,0,0,0,0,0,0,0,0,0,0,0,0,0,0,0,0,0,0,0,0,0,0,0,0,0,0,0,2,0,0,0,0,0,0,0,0,0,0,0,2,0,0,0,84,0,0,0,0,0,0,0,0,0,0,0,27,67,8,0,0,0,6,0,3,0,225,0,0,0,0,0,0,0,0,0,0,0,0,0,0,0,0,0,0,0,0,0,0,0,0,264,225,0,0,0,2,55,0,63,0,0,0,0,5
0,48,0,0,0,56,0,0,0,0,0,93,172,270,0,9,0,0,152,50,0,0,0,0,0,0,489,393,0,0,0,0,0,0,35,0,0,0,0,0,416,286,43,155,127,383,459,0,49,120,89,45,0,0,0,0,0,0,0,0,0,0,0,0,0,0,0,0,0,0,0,0,0,0,0,0,0,0,0,0,0,0,0,0,0,0,0,0,0,1,0,0,0,0,0,9,0,0,0,0,0,18,0,0,0,0,0,0,0,0,0,0,0,0,0,0,0,0,0,0,0,0,0,0,0,0,0,4,0,0,0,2,0,0,0,0,0,0,0,0,0,0,0,0,0,0,0,0,0,5,0,0,0,0,0,0,0,0,0,0,0,3,0,0,0,112,0,0,0,0,0,0,0,0,0,0,0,141,0,0,0,0,0,0,0,0,43,39,0,0,0,0,0,0,0,0,0,0,0,0,0,0,0,0,0,0,0,0,0,0,0,15,0,0,0,0,0,2,8,414,110,0,1,0,38
9,0,0,0,3,0,2,0,0,0,34,0,49,0,0,0,15,0,0,3,10,0,20,0,3,0,40,28,0,0,0,0,0,0,0,0,3,0,0,0,260,26,54,0,292,24,277,49,0,71,26,0,6,0,8,0,29,0,8,0,0,0,4,0,3,0,0,0,7,0,0,0,0,0,0,0,2,0,5,0,6,0,9,0,11,0,11,0,0,0,0,0,0,0,3,0,29,0,1,0,5,0,0,0,13,0,0,0,0,0,0,0,0,0,0,0,0,0,0,0,0,0,4,0,0,0,0,0,0,0,0,1,4,1,24,0,5,0,0,0,0,0,15,0,2,0,5,0,0,0,6,0,0,0,5,0,2,0,7,0,7,0,8,0,10,1,14,0,4,0,11,0,14,0,0,0,74,29,25,0,0,0,6,0,0,0,270,0,18,0,4,0,28,0,4,0,0,0,33,0,41,0,54,0,50,0,10,0,0,0,27,77,119,4,16,3,1,28,0,41,8,0,0,0,14
0,13,0,0,0,0,0,1,0,6,0,39,0,65,0,19,0,0,0,27,9,63,0,18,0,0,33,40,0,0,0,3,0,0,0,0,0,0,0,0,77,145,0,24,56,260,146,120,71,0,5,6,0,0,0,0,0,0,0,0,0,0,0,10,0,0,0,0,0,0,0,4,0,0,0,0,0,0,0,0,0,58,0,0,0,0,0,0,0,0,0,0,0,1,0,0,0,0,0,0,0,0,0,0,0,2,0,0,0,0,0,0,0,0,0,0,0,0,0,0,0,0,0,0,0,0,0,0,0,1,0,0,0,0,0,0,0,0,0,0,0,0,0,0,0,0,0,0,0,0,0,0,0,0,0,0,0,0,0,2,0,0,0,2,0,12,0,7,0,0,0,0,0,5,0,0,0,74,0,0,0,0,0,1,0,0,49,60,0,1,0,0,0,0,0,0,0,0,0,0,0,2,0,2,0,2,0,0,0,0,0,7,0,0,6,0,0,7,73,130,36,4,0,1,47
0,0,0,0,37,0,0,0,5,0,0,0,434,73,27,0,15,0,136,31,98,0,0,0,0,0,320,163,22,0,39,0,13,0,65,0,78,0,5,0,104,37,133,0,104,27,70,89,26,5,0,0,0,0,0,0,5,0,11,0,0,0,11,0,0,0,0,0,0,0,11,0,0,0,0,0,0,0,0,0,0,0,0,0,0,0,0,0,0,0,0,0,0,0,0,0,0,0,0,0,0,0,0,0,0,0,0,0,0,0,0,0,0,0,0,0,0,0,0,0,8,0,0,0,0,0,0,0,0,0,0,0,1,0,0,0,0,0,0,0,0,0,0,0,0,0,2,0,0,0,0,0,0,0,0,0,4,0,0,0,0,0,0,0,77,1,36,0,39,0,15,0,33,0,0,0,62,25,21,0,0,0,0,0,0,0,80,0,0,0,0,0,0,0,0,0,0,0,0,0,0,0,0,0,0,0,0,0,0,0,55,143,132,32,15,0,0,0,0,0,0,0,0,0,0
0,0,0,0,0,44,0,0,0,0,0,28,23,458,0,0,0,9,11,179,18,107,0,0,0,0,0,301,0,21,0,43,0,13,0,82,0,48,0,0,0,43,0,144,0,92,0,45,0,6,0,0,0,3,0,8,0,0,0,1,0,0,0,8,0,0,0,0,0,0,0,18,0,0,0,0,0,5,0,0,0,190,0,0,0,93,0,54,0,0,0,0,0,0,0,0,0,0,0,23,0,0,0,0,0,0,0,0,0,0,0,0,0,0,0,0,0,0,0,0,0,63,0,7,0,0,0,2,0,0,0,1,0,0,0,0,0,0,0,54,0,95,0,102,0,88,0,0,0,0,0,0,0,0,0,5,0,0,0,0,0,0,0,11,0,44,0,31,0,62,0,29,0,32,0,0,0,12,1,0,0,0,0,0,0,0,0,89,0,0,0,0,0,0,0,0,0,0,0,0,0,0,0,0,0,0,0,0,0,0,0,0,0,0,22,0,0,0,50,97,105,35,3,0,0
0,0,0,0,0,0,12,5,30,48,0,0,0,0,7,0,108,6,7,0,19,0,17,0,48,15,0,0,2,1,0,0,2,0,0,0,2,0,0,1,0,0,0,0,14,0,0,0,6,0,0,0,0,19,130,46,184,13,138,67,38,0,51,14,0,0,18,43,0,0,0,0,0,0,0,0,0,0,0,0,0,0,0,0,0,0,0,0,0,0,0,0,0,0,0,0,22,0,2,0,0,0,0,0,0,0,0,0,0,0,0,0,0,0,0,0,0,0,0,0,0,0,0,0,0,0,0,0,44,0,1,0,12,0,40,0,203,0,202,0,36,0,112,0,66,0,0,0,0,0,0,0,0,0,229,3,118,0,34,0,7,0,5,0,2,0,1,0,5,0,111,0,9,0,0,0,3,1,0,0,0,0,0,0,0,0,0,0,0,0,0,0,0,0,0,0,0,0,0,0,9,0,0,0,0,0,0,0,3,0,315,234,95,119,214,0,28,2,0,0,0,0,0,0,0
0,0,0,0,0,0,0,7,39,37,0,0,0,0,0,3,0,111,0,3,0,73,0,30,0,13,0,0,0,38,0,9,0,14,0,0,0,12,0,28,0,0,0,0,0,14,0,0,0,0,0,3,19,0,0,49,32,101,113,86,0,60,1,97,0,1,107,59,0,1,0,0,0,1,0,0,0,0,0,0,0,0,0,0,0,23,0,0,0,0,0,0,0,0,0,0,0,0,0,15,0,0,0,0,0,0,0,0,0,0,0,0,0,0,0,0,0,0,0,0,0,0,0,0,0,0,0,0,0,6,0,3,0,0,0,10,0,10,0,44,0,4,0,28,0,7,0,0,0,0,0,0,0,0,7,110,0,22,0,47,0,10,0,0,0,0,0,0,0,4,0,59,0,8,0,0,0,26,0,0,0,0,0,0,7,15,0,0,0,0,0,0,0,0,0,0,0,0,0,0,0,0,0,0,0,0,0,0,0,0,0,0,0,0,96,0,0,0,148,130,87,100,1,19,0
1,0,32,0,0,0,74,18,58,195,0,0,0,0,21,1,20,16,19,0,0,0,32,0,91,58,0,0,0,0,0,0,0,0,0,0,0,0,0,6,0,0,2,0,0,0,0,0,8,0,0,0,130,0,0,56,53,0,49,21,38,0,138,63,6,0,22,31,0,0,0,0,0,0,0,0,0,0,0,0,0,0,0,0,0,0,0,0,0,0,0,0,0,0,0,0,0,0,0,0,0,0,0,0,0,0,0,0,0,0,0,0,0,0,0,0,0,0,0,0,0,0,0,0,24,0,35,0,35,0,46,0,83,0,51,0,135,0,5,0,0,0,38,0,0,0,19,0,0,0,0,0,0,0,27,0,0,0,15,0,58,0,0,0,0,0,0,0,10,0,186,0,23,0,0,0,0,0,0,0,0,0,0,0,0,3,0,0,0,0,0,0,0,0,0,0,0,0,0,0,16,0,0,0,0,0,0,0,0,0,255,151,207,285,377,0,49,0,0,0,0,0,0,0,0
0,13,0,41,0,8,0,104,164,91,0,6,0,0,0,55,0,12,0,15,0,29,0,33,0,86,0,0,0,49,0,0,0,5,0,10,0,0,0,40,0,0,0,7,0,7,0,0,0,0,0,8,46,49,56,0,38,115,176,54,0,61,6,58,0,0,227,4,0,0,0,0,0,0,0,0,0,0,0,0,0,0,0,0,0,32,0,0,0,0,0,0,0,0,0,0,0,0,0,0,0,0,0,0,0,0,0,0,0,0,0,0,0,0,0,0,0,0,0,0,0,0,0,0,0,0,0,0,0,10,0,4,0,13,0,59,0,66,0,39,0,7,0,0,0,1,0,0,0,0,0,0,0,0,4,55,0,16,0,15,0,14,0,6,0,0,0,5,0,23,0,134,0,84,0,0,0,8,0,0,0,0,0,0,29,3,0,0,0,0,0,0,0,0,0,0,0,0,0,0,0,0,0,0,0,0,0,0,0,0,0,0,0,0,410,0,0,0,325,186,188,290,3,115,3
0,0,10,0,0,0,17,0,2,26,0,0,0,0,2,0,11,0,0,0,0,3,3,0,10,6,1,0,0,0,0,0,0,0,0,0,13,0,0,0,0,0,6,0,23,0,0,0,29,0,5,0,184,32,53,38,0,9,120,127,35,0,10,7,24,24,12,139,0,0,0,0,0,0,0,0,0,0,0,0,0,0,0,0,0,0,0,0,0,0,0,0,0,0,0,0,0,0,0,0,0,0,0,0,0,0,1,0,0,0,0,0,0,0,0,0,0,0,0,0,0,0,0,0,34,0,43,0,30,0,80,0,49,0,34,0,14,0,20,0,0,0,5,0,9,0,16,0,5,0,14,0,0,0,205,28,85,0,92,20,272,0,43,0,3,0,20,0,36,0,228,0,43,0,0,0,2,0,0,0,0,0,0,0,8,0,0,0,0,0,0,0,0,0,0,0,0,0,0,0,0,0,0,0,0,0,0,0,27,0,536,333,477,424,892,0,146,11,0,0,0,0,0,0,0
0,2,0,5,0,0,0,3,0,6,0,0,0,0,0,7,0,13,0,6,0,8,0,0,0,43,0,11,0,13,0,0,0,0,0,0,0,6,0,5,0,0,0,0,0,0,0,0,0,0,0,0,13,101,0,115,9,0,36,104,0,0,0,0,0,4,53,11,0,1,0,0,0,0,0,0,0,0,0,0,0,0,0,0,0,0,0,0,0,0,0,0,0,0,0,0,0,0,0,0,0,0,0,0,0,0,0,0,0,0,0,0,0,0,0,0,0,0,0,0,0,0,0,0,0,31,0,9,0,36,0,24,0,38,0,20,0,40,0,51,0,4,0,22,0,0,0,0,0,3,0,0,0,0,0,132,2,43,0,73,0,45,0,0,0,5,0,0,0,33,0,353,0,0,0,0,0,0,0,0,0,0,0,0,5,2,0,0,0,0,0,0,0,0,0,0,0,0,0,0,0,2,0,0,0,0,0,1,0,10,0,0,0,0,485,0,0,0,328,96,456,449,11,0,6
0,0,0,0,0,0,16,12,31,174,0,0,0,0,0,0,0,0,2,0,0,0,0,0,5,39,0,0,0,0,0,0,0,0,0,0,11,0,8,4,0,0,0,0,25,0,0,0,8,0,11,0,138,113,49,176,120,36,0,268,106,0,38,49,119,33,173,296,0,0,0,0,0,0,0,0,0,0,0,0,0,0,0,0,0,0,0,0,0,0,0,0,0,0,0,0,0,0,0,0,0,0,0,0,0,0,0,0,0,0,0,0,0,0,0,0,0,0,0,0,0,0,0,0,11,0,0,0,10,0,21,0,0,0,10,0,0,0,0,0,0,0,0,0,0,0,0,0,5,0,0,0,0,0,62,50,131,15,6,28,79,5,17,0,2,0,22,0,12,0,248,0,44,0,0,0,79,0,0,0,0,0,0,0,47,15,0,0,0,0,0,0,0,0,0,0,0,0,0,0,0,0,0,0,0,0,0,0,0,0,652,427,292,403,778,0,98,15,0,0,0,2,0,0,0
0,5,0,7,0,0,1,2,17,47,0,0,0,0,0,0,0,0,0,0,0,0,0,0,0,0,0,0,0,0,0,0,0,0,0,0,0,0,0,0,0,0,0,0,0,0,0,0,0,0,0,1,67,86,21,54,127,104,268,0,2,87,3,41,84,87,326,125,0,1,0,0,0,0,0,0,0,0,0,0,0,0,0,0,0,0,0,0,0,0,0,0,0,0,0,0,0,0,0,0,0,0,0,0,0,0,0,0,0,0,0,0,0,0,0,0,0,0,0,0,0,0,0,0,0,20,0,10,0,12,0,35,0,17,0,0,0,20,32,3,0,0,0,1,18,12,0,1,0,5,0,0,0,0,49,35,7,150,23,12,102,52,0,8,0,0,0,1,0,21,0,87,0,0,0,2,12,0,0,0,0,0,0,0,109,49,0,0,0,0,0,0,0,0,0,0,0,0,0,0,0,0,0,0,0,0,0,0,0,0,0,0,0,0,709,0,0,0,733,508,325,491,12,92,3
22,0,0,0,0,0,131,0,231,0,0,0,0,0,0,0,9,0,0,0,5,0,0,0,16,0,0,0,3,0,2,0,18,0,0,0,3,0,42,0,0,0,0,0,0,0,0,0,0,0,0,0,38,0,38,0,35,0,106,2,0,0,77,2,0,0,0,0,0,0,3,0,0,0,0,0,0,0,0,0,0,0,0,0,0,0,0,0,0,0,0,0,0,0,0,0,0,0,0,0,0,0,0,0,0,0,0,0,0,0,0,0,0,0,0,0,0,0,0,0,4,0,10,0,0,0,0,0,0,0,0,0,0,0,0,0,22,0,219,0,145,0,57,0,234,0,0,0,0,0,0,0,0,0,28,0,69,0,0,0,0,0,0,0,0,0,0,0,0,0,127,0,116,0,0,0,1,0,0,0,0,0,0,0,0,0,0,0,0,0,0,0,0,0,0,0,0,0,0,0,0,0,0,0,0,0,0,0,0,0,110,144,66,77,102,0,9,0,1,0,0,0,0,0,0
0,29,0,1,0,0,0,58,5,161,0,0,0,0,0,0,0,6,0,0,0,0,0,1,2,18,0,0,0,4,0,0,0,41,0,0,0,48,0,68,0,0,0,1,0,0,0,0,0,0,0,0,0,60,0,61,0,0,0,87,0,0,0,34,0,0,0,33,0,0,0,0,0,0,0,0,0,0,0,0,0,0,0,0,0,0,0,0,0,0,0,0,0,0,0,0,0,0,0,0,0,0,0,0,0,0,0,0,0,0,0,0,0,0,0,0,0,0,0,0,0,0,0,0,0,0,0,0,0,0,0,0,0,0,0,0,0,0,0,45,0,44,0,15,0,295,0,0,0,0,0,0,0,0,0,69,0,103,0,37,0,0,0,2,0,0,0,0,0,4,0,84,0,32,0,0,0,58,0,0,0,0,0,10,3,16,0,0,0,0,0,0,0,0,0,0,0,0,0,0,0,0,0,0,0,0,0,0,0,0,0,0,0,0,40,0,0,0,30,154,51,81,0,13,0
14,0,32,0,0,0,336,23,269,42,0,0,0,0,19,0,431,6,21,0,73,0,53,4,134,58,19,0,5,2,10,0,22,0,2,0,5,1,73,1,0,0,0,0,36,0,0,0,4,0,11,0,51,1,138,6,10,0,38,3,77,0,0,11,0,0,6,2,0,0,14,0,0,0,6,0,0,0,0,0,0,0,0,0,96,0,0,0,0,0,0,0,0,0,0,0,0,0,0,0,0,0,0,0,0,0,0,0,0,0,0,0,0,0,0,0,0,0,0,0,0,0,44,0,0,0,0,0,17,0,0,0,0,0,0,0,129,0,215,0,163,0,201,0,37,0,0,0,0,0,1,0,0,0,58,0,37,0,11,0,1,0,0,0,0,0,0,0,0,0,15,0,10,0,0,0,0,2,0,0,0,0,30,0,5,0,0,0,0,0,0,0,0,0,0,0,0,0,0,0,15,0,0,0,0,0,0,0,0,0,92,214,26,18,39,0,5,1,0,0,0,0,0,0,0
0,5,0,0,0,0,0,33,104,130,0,0,0,0,0,0,0,131,0,0,0,148,0,63,2,24,0,0,0,78,0,14,0,34,0,0,0,13,0,34,0,0,0,0,0,6,0,0,0,10,0,8,14,97,63,58,7,0,49,41,2,34,11,0,0,0,28,27,0,0,0,0,0,0,0,0,0,0,0,0,0,0,0,0,0,0,0,0,0,0,0,0,0,0,0,0,0,0,0,0,0,0,0,0,0,0,0,0,0,0,0,0,0,0,0,0,0,0,0,0,0,0,0,0,0,0,0,0,0,0,0,0,0,0,0,5,0,0,0,14,0,0,0,7,0,15,0,0,0,0,0,0,0,0,0,16,0,59,0,10,0,0,0,0,0,0,0,0,0,4,0,27,0,22,0,0,0,69,0,0,0,0,0,5,0,15,0,0,0,0,0,0,0,0,0,0,0,0,0,0,0,0,0,0,0,0,0,0,0,0,0,0,0,0,52,0,0,0,51,115,35,67,2,23,0
19,0,9,0,10,0,4,0,132,0,0,0,0,0,5,0,0,0,0,0,0,0,0,0,0,0,0,0,0,0,0,0,0,0,0,0,3,0,0,0,0,0,0,0,0,0,0,0,3,0,0,0,0,0,6,0,24,0,119,84,0,0,0,0,0,40,64,28,0,0,0,0,0,0,0,0,0,0,0,0,0,0,0,0,0,0,0,0,0,0,0,0,0,0,0,0,0,0,0,0,0,0,0,0,0,0,0,0,0,0,0,0,0,0,0,0,0,0,0,0,0,0,0,0,10,0,10,0,0,0,67,0,0,0,0,0,0,0,0,19,0,4,0,0,27,47,22,0,17,0,0,0,3,0,9,33,42,12,0,39,402,78,4,0,0,0,3,0,0,0,2,0,8,0,31,0,3,0,3,0,0,3,12,0,178,0,0,0,0,0,0,0,0,0,0,0,0,0,2,0,1,0,0,0,0,0,0,0,0,0,39,0,0,0,69,0,0,0,0,0,0,0,0,0,0
0,15,0,0,0,0,0,0,0,110,0,0,0,0,0,0,0,0,0,0,0,0,0,0,0,0,0,6,0,0,0,1,0,0,0,0,0,0,0,0,0,0,0,0,0,0,0,0,0,0,0,0,0,1,0,0,24,4,33,87,0,0,0,0,40,0,28,216,0,0,0,0,0,6,0,6,0,0,0,0,0,0,0,0,0,0,3,0,0,0,0,0,0,0,0,0,0,0,0,0,0,0,0,0,0,0,0,0,0,0,0,0,0,0,0,0,0,0,0,0,0,0,0,0,30,32,0,0,36,0,159,135,0,2,0,67,0,16,70,2,0,0,0,0,43,45,0,38,53,185,0,61,0,22,3,0,0,10,22,1,124,457,0,8,0,0,0,0,0,0,0,0,0,0,3,50,1,0,0,1,0,72,0,5,45,107,0,3,0,0,0,0,0,0,0,0,0,4,0,28,0,43,0,0,0,0,0,0,0,18,0,0,0,0,0,0,0,0,40,0,21,0,0,0,0
10,0,21,0,0,0,41,12,189,184,0,0,0,0,0,0,0,0,0,0,0,0,0,0,0,17,0,0,0,0,1,0,0,0,0,0,5,0,0,0,0,0,0,0,0,0,0,0,0,0,0,0,18,107,22,227,12,53,173,326,0,0,6,28,64,28,0,277,0,0,0,0,0,0,0,0,0,0,0,0,0,0,0,0,0,0,0,0,0,0,0,0,0,0,0,0,0,0,0,0,0,0,0,0,0,0,0,0,0,0,0,0,0,0,0,0,0,0,0,0,0,0,0,0,12,0,2,0,0,0,32,0,1,0,0,0,0,0,0,0,0,0,0,0,2,0,6,0,26,0,0,0,0,0,4,36,52,0,0,0,91,0,0,0,0,0,0,0,2,0,39,0,12,0,0,0,251,0,0,0,0,0,3,0,364,10,0,0,0,0,0,0,0,0,0,0,0,0,0,0,0,0,0,0,0,0,0,0,0,0,107,153,44,0,75,0,0,0,0,0,0,0,0,0,0
0,20,0,0,0,0,0,1,34,103,0,0,0,0,0,0,0,0,0,0,0,0,0,0,0,0,0,0,0,0,0,0,0,0,0,0,0,1,0,0,0,0,0,0,0,0,0,0,0,0,0,0,43,59,31,4,139,11,296,125,0,33,2,27,28,216,277,0,0,0,0,0,0,0,0,0,0,0,0,0,0,0,0,0,0,0,0,0,0,0,0,0,0,0,0,0,0,1,0,0,0,0,0,0,0,0,0,0,0,0,0,0,0,0,0,0,0,0,0,0,0,0,0,0,0,0,0,0,0,0,0,51,0,0,0,0,0,0,11,0,0,0,0,0,8,7,0,3,0,52,0,0,0,0,26,20,6,27,16,3,63,92,0,0,0,1,0,0,0,3,0,16,0,0,0,4,15,5,0,0,0,0,0,0,51,241,0,0,0,0,0,0,0,0,0,0,0,0,0,3,0,1,0,0,0,0,0,0,0,0,0,0,0,0,91,0,0,0,126,116,46,0,0,0,0
0,0,0,0,0,0,0,0,0,0,0,0,0,0,0,0,0,0,0,0,0,0,0,0,0,0,0,0,0,0,0,0,0,0,0,0,0,0,0,0,0,0,0,0,0,0,0,0,7,0,0,0,0,0,0,0,0,0,0,0,0,0,0,0,0,0,0,0,0,0,0,0,6,0,0,0,168,0,37,0,0,0,33,0,0,0,22,0,19,0,0,0,10,0,0,0,7,0,0,0,10,0,104,0,44,0,20,0,94,0,7,0,11,0,2,0,25,0,0,0,0,0,0,0,0,0,0,0,0,0,0,0,0,0,0,0,9,0,0,0,0,0,0,3,0,0,0,1,0,0,0,0,0,0,0,0,0,0,0,0,0,0,0,0,6,0,0,0,120,0,2,0,0,0,0,0,0,0,0,0,0,0,0,0,0,0,0,0,41,0,0,0,0,0,13,0,0,0,0,0,0,0,0,0,0,0,0,0,0,0,54,0,69,0,0,196,206,0,0,0,0,0,0,0,1
0,0,0,0,0,0,0,0,0,0,0,0,0,0,0,0,0,0,0,0,0,0,0,0,0,0,0,0,0,0,0,0,0,0,0,0,0,0,0,0,0,0,0,1,0,0,0,0,0,0,0,0,0,1,0,0,0,1,0,1,0,0,0,0,0,0,0,0,0,0,0,0,0,0,0,0,0,60,0,0,0,2,0,58,0,0,0,3,0,11,0,0,0,56,0,17,0,0,0,0,0,2,0,151,0,0,0,0,0,5,0,12,0,14,0,2,0,4,0,0,0,0,0,0,0,0,0,0,0,0,0,0,0,0,0,2,0,0,0,0,0,0,0,0,0,0,0,0,0,0,0,0,0,0,0,1,0,0,0,0,0,0,0,0,0,5,0,0,0,37,0,2,0,1,0,0,0,0,0,0,0,0,0,0,0,0,0,0,0,0,0,0,0,0,0,0,0,0,0,0,0,0,0,0,0,0,0,0,0,0,0,0,0,0,3,0,0,0,10,0,40,0,21,9,0
0,0,0,0,0,0,0,0,0,0,0,0,0,0,0,0,67,0,0,0,77,0,0,0,0,0,0,0,15,0,1,0,10,0,0,0,25,0,27,0,0,0,0,0,49,0,2,0,0,0,11,0,0,0,0,0,0,0,0,0,3,0,14,0,0,0,0,0,0,0,0,0,147,0,162,0,3,0,71,0,0,0,0,1,3,0,30,0,0,0,0,0,0,0,0,0,0,0,0,0,0,0,0,0,0,0,0,0,0,0,0,0,0,0,0,0,0,0,0,0,39,0,17,0,20,0,0,0,15,0,31,12,29,0,28,0,77,0,7,0,79,11,85,0,81,0,0,0,7,0,0,0,24,0,0,0,0,0,0,0,0,3,50,0,0,0,0,0,39,0,21,0,31,0,5,0,0,0,0,0,9,0,0,0,0,0,0,0,0,0,0,0,0,0,0,0,0,0,0,0,0,0,0,0,0,0,0,0,0,0,15,0,28,0,0,0,4,0,0,0,0,0,0,0,0
0,0,0,0,0,0,0,0,0,0,0,0,0,0,0,0,0,0,0,0,0,0,0,0,0,0,0,0,0,0,0,0,0,0,0,0,0,11,0,0,0,0,0,8,0,13,0,0,0,4,0,18,0,0,0,0,0,0,0,0,0,0,0,0,0,0,0,0,0,0,0,0,0,49,0,288,0,5,0,7,0,0,0,0,0,0,0,52,0,0,0,0,0,0,0,0,0,0,0,0,1,0,0,0,0,0,0,0,0,0,0,0,0,0,0,0,0,0,0,0,1,7,0,32,13,143,0,0,10,34,19,68,17,133,0,0,0,39,0,50,0,98,0,8,0,96,0,11,0,47,0,0,0,30,0,0,0,0,0,0,1,9,0,41,0,0,0,0,0,16,0,21,0,16,0,0,0,1,0,0,0,46,0,0,0,0,0,0,0,0,0,0,0,0,0,0,0,0,0,0,0,0,0,0,0,0,0,0,0,0,0,0,0,0,2,0,0,0,22,0,29,4,0,0,0
0,0,0,0,0,0,0,0,0,0,0,0,0,0,0,0,21,0,0,0,0,0,0,0,0,0,0,0,0,0,0,0,0,0,0,0,0,0,0,0,0,0,0,0,0,0,0,0,0,0,0,0,0,0,0,0,0,0,0,0,0,0,0,0,0,0,0,0,6,0,147,0,0,0,71,0,35,0,121,0,5,0,7,0,32,0,46,0,1,0,0,0,0,0,0,0,0,0,0,0,0,0,1,0,0,0,0,0,2,0,0,0,0,0,0,0,0,0,0,0,49,0,32,0,10,0,0,0,5,0,2,0,37,3,94,0,91,0,0,0,57,0,149,0,40,0,0,0,0,0,0,0,19,0,0,0,3,0,0,0,0,0,77,0,7,0,2,0,19,0,0,0,0,0,0,0,0,0,0,0,0,0,0,0,3,0,0,0,0,0,0,0,0,0,0,0,0,0,74,0,59,0,0,0,11,0,0,0,53,0,180,2,13,0,20,1,1,0,0,0,0,0,0,0,0
0,0,0,0,0,0,0,0,0,0,0,0,0,0,0,0,0,0,0,0,0,0,0,0,0,0,0,0,0,0,0,0,0,0,0,0,0,0,0,0,0,0,0,0,0,0,0,0,0,0,0,0,0,1,0,0,0,0,0,0,0,0,0,0,0,6,0,0,0,0,0,49,0,0,0,608,0,55,0,56,0,13,0,22,0,42,0,151,0,0,1,0,0,1,0,6,0,0,0,0,0,0,0,0,0,0,0,0,0,0,0,0,0,0,0,0,0,0,0,0,0,25,0,24,0,83,0,0,0,16,0,46,0,60,0,64,4,57,0,22,0,42,0,13,0,23,0,11,0,22,0,0,0,19,0,0,0,0,0,0,0,2,0,48,0,4,0,0,0,29,0,3,0,2,0,5,0,0,0,0,0,25,0,0,0,0,0,0,0,17,0,0,0,0,0,0,0,0,0,0,0,0,0,0,0,0,0,146,4,59,0,0,0,0,10,0,0,0,69,2,20,1,0,0,0
0,0,0,0,0,0,0,0,0,0,0,0,0,0,0,0,30,0,0,0,38,0,0,0,0,0,0,0,6,0,0,0,0,0,0,0,10,0,8,0,0,0,0,0,27,0,0,0,0,0,0,0,0,0,0,0,0,0,0,0,0,0,6,0,0,0,0,0,0,0,162,0,71,0,0,0,10,0,79,0,0,0,7,0,32,0,17,0,0,0,0,0,1,0,0,0,1,0,0,0,0,0,0,0,0,0,0,0,0,0,0,0,0,0,0,0,0,0,0,0,24,0,51,0,9,0,0,0,6,0,0,0,20,0,58,0,36,0,0,0,36,17,82,0,35,0,0,0,0,0,0,0,0,0,0,0,2,0,0,0,0,0,22,0,0,0,0,0,14,0,11,0,0,0,4,0,0,0,0,0,0,3,0,0,0,0,0,0,0,0,0,0,0,0,0,0,0,0,0,0,31,0,0,0,0,0,0,0,28,0,61,0,8,0,0,0,0,0,0,0,0,0,0,0,0
0,0,0,0,0,0,0,0,0,0,0,0,0,0,0,0,0,0,0,0,0,0,0,16,0,0,0,0,0,0,0,0,0,0,0,7,0,0,0,0,0,0,0,0,0,0,0,0,0,0,0,0,0,0,0,0,0,0,0,0,0,0,0,0,0,6,0,0,0,0,0,288,0,608,0,0,0,15,0,69,0,15,0,0,0,28,0,167,0,0,0,0,0,1,0,0,0,0,0,0,0,0,0,0,0,0,0,0,0,0,0,0,0,0,0,0,0,0,0,0,0,64,0,50,0,107,0,0,10,0,0,11,17,62,0,30,0,77,0,19,10,101,0,37,0,173,0,0,0,34,0,0,0,26,0,0,0,1,0,0,0,2,0,40,0,0,0,0,0,16,0,9,0,0,0,0,0,0,0,0,13,48,0,0,0,0,0,0,0,0,0,0,0,0,0,0,0,0,0,0,0,0,0,0,0,0,0,16,0,0,0,0,0,0,8,0,0,0,44,0,26,0,0,1,0
0,0,0,0,0,0,1,0,0,0,0,0,0,0,0,0,0,0,0,0,0,0,0,0,0,0,0,0,0,0,0,0,0,0,0,0,0,0,0,0,0,0,0,0,0,0,0,0,2,0,0,0,0,0,0,0,0,0,0,0,0,0,0,0,0,0,0,0,168,0,3,0,35,0,10,0,0,0,65,0,17,0,32,0,42,0,58,0,7,0,0,0,27,0,0,0,0,0,12,0,0,0,60,0,0,0,0,0,40,0,0,0,2,0,2,0,16,0,0,0,0,0,12,0,4,0,0,0,0,0,0,0,0,0,0,0,9,0,0,0,0,0,30,0,0,0,0,0,0,0,0,0,0,0,0,0,0,0,0,0,0,0,1,0,6,0,0,0,46,0,2,0,0,0,0,0,0,0,0,0,0,0,0,0,0,0,0,0,0,0,14,0,0,0,0,0,1,0,0,0,0,0,0,0,73,0,0,0,0,0,36,0,49,1,8,44,23,1,0,0,0,0,0,0,0
0,0,0,0,0,0,0,0,0,0,0,0,0,0,0,0,0,0,0,0,0,0,0,0,0,0,0,0,0,0,0,0,0,0,0,0,0,0,0,0,0,0,0,0,0,0,0,0,0,0,0,5,0,0,0,0,0,0,0,0,0,0,0,0,0,0,0,0,0,60,0,5,0,55,0,15,0,0,0,7,0,92,0,169,0,26,0,155,0,15,0,0,0,89,0,29,0,0,0,0,0,0,0,74,0,0,0,0,0,15,0,0,0,3,0,0,0,7,0,1,0,9,0,6,0,0,0,0,0,0,0,0,0,0,0,0,1,0,0,0,0,0,0,0,0,3,0,0,0,0,0,0,0,0,0,0,0,0,0,0,0,0,0,6,0,30,0,0,0,126,0,0,0,0,0,0,0,0,0,0,0,17,0,0,0,0,0,0,0,78,0,0,0,0,0,28,0,0,0,10,0,0,0,70,0,0,0,0,0,0,0,0,1,0,23,1,0,0,114,0,68,1,11,0,0
0,0,0,0,0,0,0,0,0,0,0,0,0,0,0,0,0,0,0,0,0,0,0,0,0,0,0,0,0,0,0,0,0,0,0,0,0,0,0,0,0,0,0,0,0,0,0,0,5,0,0,0,0,0,0,0,0,0,0,0,0,0,0,0,0,0,0,0,37,0,71,0,121,0,79,0,65,0,0,0,53,0,41,0,68,0,115,0,2,0,0,0,0,0,0,0,20,0,5,0,0,0,17,0,30,0,0,0,2,0,0,0,0,0,0,0,4,0,0,0,46,0,53,0,5,0,0,0,0,0,0,0,0,0,0,0,35,0,0,0,11,0,58,0,0,0,0,0,0,0,0,0,0,0,0,0,0,0,0,0,0,0,5,0,5,0,0,0,24,0,0,0,0,0,0,0,0,0,0,0,0,0,0,0,0,0,0,0,31,0,0,0,0,0,9,0,0,0,0,0,56,0,0,0,70,0,0,0,0,0,128,2,29,0,34,20,8,0,0,0,0,0,0,0,0
