0,384,33,130,131,0,3,194,60,130,166,0,118,0,26,45,60,74,0,0,0,0,109,107,12,249,23,0,86,8,0,0,0,0,0,0,83,0,349,0,9,0,0,0,19,0,12,0,7,0,11,0,6,0,0,12,0,0,0,0,167,10,178,27,9,0,1,0,0,0,0,0,0,0,0,0,0,0,0,0,0,0,0,0,0,0,0,0,0,0,0,0,0,0,0,0,0,0,0,0,0,0,0,0,0,0,0,0,0,0,0,0,0,0,0,0,0,0,0,0,0,0,0,0,0,0,15,0,0,0,9,0,0,0,0,0,0,0,0,0,0,0,0,0,0,0,15,0,13,0,0,0,1,0,0,0,0,1,0,0,0,0,0,0,0,0,0,0,16,0,11,0,256,0,0,0,666,36,42,13,0,0,70,0,10,0,0,0,0,0,0,0,0,0,0,0,0,0,0,0,0,0,0,0,0,0,0,0,5,0,738,171,400,251,403,4,0,0,4,0,0,0,0,0,0
384,0,199,52,28,279,0,64,0,65,44,211,0,77,0,62,90,59,0,67,7,0,311,57,147,9,0,178,0,95,0,9,0,119,0,0,0,95,0,176,0,0,0,0,0,30,0,18,0,27,0,0,0,13,0,8,0,0,0,4,0,348,5,200,0,43,0,3,0,0,0,0,0,0,0,0,0,0,0,0,0,0,0,0,0,0,0,0,0,0,0,0,0,0,0,0,0,0,0,0,0,0,0,0,0,0,0,7,0,0,0,0,0,0,0,0,0,0,0,1,0,0,0,0,0,0,0,15,0,2,0,0,0,9,0,38,0,60,0,12,0,0,0,0,0,0,0,15,0,10,0,9,0,11,0,0,0,13,0,0,0,0,0,0,0,0,0,0,0,26,0,40,0,73,0,0,156,443,0,35,0,0,21,33,0,14,0,0,0,0,0,0,0,0,0,0,0,0,0,0,0,0,0,0,0,0,0,0,0,0,7,0,0,0,594,0,0,0,835,180,412,203,0,0,0
33,199,0,0,220,0,41,45,22,16,16,0,62,0,200,25,93,23,80,0,70,0,424,70,79,70,49,0,277,5,115,0,169,0,0,0,83,0,436,0,9,0,0,0,70,0,24,0,0,0,20,0,0,0,149,3,9,0,7,0,102,5,287,0,11,0,6,0,0,0,13,0,0,0,0,0,0,0,0,0,0,0,0,0,35,0,0,0,0,0,120,0,0,0,0,0,0,0,0,0,0,0,0,0,0,0,181,0,0,0,0,0,0,0,0,0,0,0,0,0,0,0,0,0,35,0,77,0,8,0,48,0,34,0,207,0,186,0,0,0,20,0,147,0,4,0,50,0,40,0,0,0,20,0,0,0,1,0,2,0,6,0,0,0,0,0,23,0,49,0,25,0,283,0,0,0,93,0,0,12,0,0,5,0,14,0,2,0,0,0,0,0,0,0,0,0,0,0,0,0,226,0,0,0,0,0,0,0,31,0,424,91,439,223,295,4,0,0,0,0,0,0,0,0,0
130,52,0,0,0,97,0,60,0,0,50,6,0,4,0,162,40,85,0,143,7,95,142,69,17,9,0,77,0,56,0,33,0,173,0,0,0,60,0,147,0,0,0,0,0,31,0,0,0,13,0,0,0,0,0,113,0,12,0,0,0,89,0,29,0,0,0,0,0,0,0,0,0,0,0,0,0,0,0,0,0,0,0,0,0,58,0,0,0,0,0,0,0,0,0,0,0,0,0,0,0,0,0,0,0,0,0,0,0,0,0,0,0,0,0,0,0,0,0,0,0,0,0,0,0,0,0,14,0,9,0,4,0,16,0,101,0,94,0,49,0,42,0,70,0,0,0,4,0,0,0,0,0,0,0,0,0,0,0,0,0,0,0,0,0,0,0,27,0,26,0,0,0,102,0,0,32,66,0,8,0,0,0,2,0,0,0,0,0,0,0,0,0,0,0,0,0,0,0,0,0,51,0,0,0,0,0,0,0,0,0,0,0,0,205,0,0,0,239,58,287,82,0,0,0
131,28,220,0,0,204,22,3,25,0,90,79,405,51,279,234,0,0,181,175,253,0,54,55,0,0,170,0,138,3,595,0,415,0,375,0,488,35,204,0,138,0,0,0,61,0,91,0,14,0,74,0,7,0,6,0,0,1,0,0,0,0,11,0,22,0,5,0,0,0,0,0,0,0,0,0,0,0,0,0,0,0,0,0,0,0,0,0,0,0,0,0,0,0,0,0,0,0,0,0,0,0,0,0,0,0,0,0,0,0,0,0,0,0,0,0,0,0,0,0,0,0,0,0,15,0,37,0,0,0,25,0,0,0,82,0,27,0,0,0,0,0,31,0,0,0,57,0,23,0,0,0,21,0,0,0,0,0,0,0,8,0,0,0,44,0,96,0,87,0,0,0,118,0,14,0,417,22,57,24,0,0,17,0,34,0,0,0,0,0,0,0,0,0,0,0,1,0,0,0,0,0,0,0,0,0,0,0,10,0,310,270,334,0,147,0,0,0,0,0,0,0,0,0,0
0,279,0,97,204,0,0,60,0,43,99,219,63,165,249,298,23,4,128,295,77,279,156,92,0,0,0,395,0,25,0,165,0,401,0,276,0,254,0,0,0,17,0,0,0,89,0,83,0,27,0,0,0,17,0,38,0,0,0,0,0,16,0,0,0,16,0,1,0,0,0,0,0,0,0,0,0,0,0,0,0,0,0,0,0,24,0,0,0,0,0,0,0,0,0,3,0,16,0,9,0,0,0,1,0,0,0,37,0,0,0,0,0,0,0,0,0,0,0,0,0,0,0,0,0,0,0,0,0,7,0,0,0,13,0,78,0,126,0,32,0,0,0,0,0,27,0,0,0,6,0,0,0,0,0,27,0,40,0,0,0,0,0,0,0,0,0,87,0,63,0,0,0,69,0,0,86,317,9,95,0,18,0,82,0,50,1,5,0,0,0,0,0,0,0,0,0,0,0,0,0,17,0,0,0,0,0,0,0,0,0,0,0,0,233,0,0,0,410,222,352,0,4,0,0
3,0,41,0,22,0,0,59,67,292,0,0,0,0,7,4,28,0,0,0,0,0,7,0,186,87,0,0,0,0,0,0,0,0,0,0,0,0,0,0,0,0,0,0,0,0,0,0,33,0,0,0,130,11,385,85,20,0,16,0,293,7,355,28,15,0,23,0,0,0,0,0,0,0,0,0,0,0,0,0,0,0,0,0,0,0,0,0,0,0,0,0,0,0,0,0,0,0,0,0,0,0,0,0,0,0,0,0,0,0,0,0,0,0,0,0,0,0,0,0,0,0,0,0,20,0,39,0,0,0,83,0,20,0,75,0,68,0,0,0,6,0,50,0,0,0,13,0,22,0,4,0,0,0,0,0,0,0,0,1,18,0,12,0,3,0,0,0,32,0,190,0,349,0,0,0,143,24,0,0,0,0,0,0,0,0,0,0,0,0,0,0,0,0,0,0,0,0,0,0,58,0,0,0,0,0,0,0,12,0,752,92,565,624,720,5,111,0,0,0,0,0,0,0,0
194,64,45,60,3,60,59,0,0,6,0,27,0,7,0,29,55,43,0,10,0,8,45,5,102,222,0,18,0,71,0,0,0,0,0,0,0,23,0,84,0,0,0,0,0,6,0,0,0,0,0,0,2,35,14,357,0,16,0,5,0,347,23,286,0,0,2,0,0,0,0,0,0,0,0,1,0,0,0,0,0,0,0,0,0,0,0,0,0,0,0,0,0,0,0,0,0,0,0,3,0,0,0,0,0,0,0,0,0,0,0,0,0,0,0,0,0,0,0,0,0,0,0,0,0,10,0,13,0,29,0,24,0,47,0,57,0,130,0,66,0,20,0,0,0,0,0,0,0,0,0,0,0,0,0,12,0,56,0,19,0,0,0,0,0,12,0,0,0,39,0,106,0,158,0,0,88,78,0,0,0,0,0,4,0,0,0,0,0,0,0,0,0,0,0,0,0,0,0,0,0,25,0,0,0,0,0,0,0,0,7,0,0,0,580,0,0,0,535,103,699,0,5,32,0
60,0,22,0,25,0,67,0,0,418,33,0,44,0,4,0,41,2,0,0,0,0,0,0,21,70,11,0,0,0,0,0,0,0,0,0,0,0,10,0,4,0,0,0,7,0,0,0,8,0,0,0,247,44,86,210,25,25,79,81,324,0,293,26,64,0,145,100,0,0,0,0,0,0,1,0,0,0,0,0,0,0,0,0,0,0,0,0,0,0,0,0,0,0,0,0,0,0,0,0,0,0,0,0,0,0,0,0,0,0,0,0,0,0,0,0,0,0,0,0,0,0,0,0,25,0,57,0,0,0,60,0,5,0,33,0,16,0,0,0,0,0,0,0,0,0,53,0,51,0,9,0,15,0,0,0,14,0,0,0,57,0,0,0,5,0,0,0,19,0,165,0,220,0,0,0,549,41,17,0,4,0,19,0,132,0,0,0,0,0,0,0,0,0,0,0,0,0,11,0,0,0,1,0,0,0,0,0,14,0,542,124,258,292,381,0,50,0,0,0,0,0,0,0,0
130,65,16,0,0,43,292,6,418,0,0,87,0,0,1,0,32,0,0,27,0,0,37,0,210,27,0,25,0,0,0,0,0,0,0,0,0,0,0,0,0,0,0,0,0,25,0,0,0,0,0,0,37,55,180,102,0,18,0,25,0,137,50,117,0,166,0,39,0,2,0,0,0,0,0,0,0,0,0,0,0,0,0,0,0,0,0,0,0,0,0,0,0,0,0,0,0,0,0,0,0,0,0,0,0,0,0,0,0,0,0,0,0,0,0,0,0,0,0,0,0,0,0,0,0,64,0,87,0,30,0,91,0,40,0,102,0,212,0,34,0,4,0,0,0,0,0,56,0,67,0,58,0,51,0,58,0,161,0,0,0,16,0,0,0,3,0,3,0,32,0,161,0,0,0,2,214,667,0,19,0,8,0,12,0,45,0,0,0,0,0,0,0,0,0,0,0,0,0,3,0,22,0,0,0,0,0,7,0,44,8,0,0,0,614,0,0,0,723,122,370,295,5,60,0
166,44,16,50,90,99,0,0,33,0,0,46,279,0,21,194,0,4,24,0,29,0,14,121,0,3,0,0,63,0,153,0,278,0,35,0,291,0,223,0,22,0,0,0,34,0,24,0,9,1,17,0,0,0,0,0,0,0,0,0,1,0,0,0,14,0,0,0,0,0,0,0,0,0,0,0,0,0,0,0,0,0,0,0,0,0,0,0,0,0,0,0,0,0,0,0,0,0,0,0,0,0,0,0,0,0,0,0,0,0,0,0,0,0,0,0,0,0,0,0,0,0,0,0,0,0,0,0,0,0,11,0,0,0,16,0,7,0,0,0,0,0,0,0,0,0,0,0,17,0,14,0,4,0,0,0,0,0,0,0,0,0,0,0,3,0,56,0,29,0,0,0,63,0,0,0,457,19,101,13,26,0,21,0,19,0,14,0,0,0,0,0,0,0,0,0,0,0,0,0,0,0,0,0,0,0,0,0,5,0,234,175,162,0,97,0,0,0,0,0,0,0,0,0,0
0,211,0,6,79,219,0,27,0,87,46,0,21,219,138,57,16,12,49,54,50,100,88,109,0,0,0,253,0,22,0,67,0,453,0,74,0,250,0,70,0,48,0,0,0,108,0,95,0,48,0,28,0,6,0,9,0,0,0,0,0,12,0,6,0,13,0,0,0,0,1,0,0,0,0,0,0,0,0,0,0,0,0,0,0,0,0,0,0,0,0,0,0,0,0,0,0,0,0,0,0,0,0,0,0,0,0,0,0,0,0,0,0,0,0,0,0,0,0,0,0,0,0,0,0,1,0,0,0,0,0,1,0,0,0,0,0,31,0,11,0,0,0,0,0,0,0,0,0,0,0,0,0,13,0,0,0,0,0,0,0,0,0,0,0,0,0,0,0,20,0,0,0,0,0,0,43,196,0,68,0,0,0,66,0,32,0,10,0,0,0,0,0,0,0,0,0,0,0,0,0,0,0,0,0,0,0,0,0,4,0,0,2,0,135,0,0,0,247,108,149,0,0,1,0
118,0,62,0,405,63,0,0,44,0,279,21,0,157,35,62,0,0,62,260,146,95,6,0,0,0,116,306,0,0,71,0,19,0,699,0,97,0,0,0,293,45,222,0,156,53,206,0,39,0,340,0,0,0,0,0,0,0,0,0,0,0,0,0,16,0,0,0,3,0,0,0,0,0,0,0,0,0,0,0,0,0,0,0,0,0,0,0,0,0,0,0,0,0,0,0,0,0,0,0,0,0,0,0,0,0,0,0,0,0,0,0,0,0,0,0,0,0,0,0,0,0,0,0,0,0,0,0,0,0,0,0,0,0,36,0,0,0,0,0,0,0,0,0,0,0,0,0,22,0,0,0,0,0,0,0,0,0,0,0,0,0,0,0,102,0,10,0,38,0,0,0,0,0,0,0,518,38,126,5,0,0,21,0,24,0,125,0,0,0,0,0,0,0,0,0,0,0,0,0,0,0,0,0,0,0,0,0,0,0,0,271,178,23,13,0,0,0,0,0,0,0,0,0,0
0,77,0,4,51,165,0,7,0,0,0,219,157,0,0,0,1,0,436,50,77,60,0,0,0,0,131,200,0,0,0,19,0,0,0,248,0,23,0,0,0,303,0,208,38,146,0,227,0,33,46,259,0,0,0,0,0,0,0,0,0,0,0,0,0,0,0,0,0,0,0,0,0,0,0,0,0,1,0,0,0,0,0,0,0,0,0,0,0,0,0,0,0,0,0,0,0,0,0,0,0,1,0,0,0,0,0,0,0,0,0,0,0,0,0,0,0,0,0,0,0,0,0,0,0,0,0,0,0,0,0,0,0,0,0,0,0,0,0,0,0,0,0,0,0,0,0,0,0,0,0,0,0,0,0,0,0,0,0,0,0,0,0,0,0,30,0,13,0,43,0,0,0,0,0,0,31,617,0,106,0,0,0,56,0,0,14,37,0,0,0,0,0,0,0,0,0,0,0,0,0,2,0,0,0,0,0,0,0,0,0,0,0,0,31,0,0,0,94,215,300,0,0,0,2
26,0,200,0,279,249,7,0,4,1,21,138,35,0,0,332,44,0,158,133,227,46,237,52,14,0,97,11,17,0,188,0,46,20,75,6,49,37,4,0,4,0,0,0,30,0,16,0,5,0,26,0,6,0,19,0,0,0,0,0,0,0,15,0,0,0,0,0,0,0,14,0,0,0,0,0,0,0,0,0,0,0,0,0,0,0,0,0,0,0,0,0,0,0,0,0,0,0,0,0,0,0,0,0,0,0,0,0,0,0,0,0,0,0,0,0,0,0,0,0,0,0,0,0,0,0,11,0,0,0,0,0,0,0,55,0,48,0,0,0,0,0,31,0,0,0,33,0,13,0,8,0,17,0,0,0,0,0,0,0,0,0,0,0,10,0,58,0,50,0,0,0,27,0,0,0,207,0,5,30,11,0,22,0,24,0,1,0,0,0,0,0,0,0,0,0,1,0,0,0,83,0,0,0,0,0,0,0,0,0,117,205,100,28,60,0,0,0,3,0,0,0,0,0,0
45,62,25,162,234,298,4,29,0,0,194,57,62,0,332,0,33,21,43,469,115,152,194,110,0,64,0,143,4,9,24,35,23,97,0,46,0,44,7,0,0,0,0,0,0,48,0,0,0,25,0,47,1,15,0,42,0,0,0,0,0,4,0,41,0,0,3,0,0,0,0,0,0,0,0,0,0,0,0,0,0,0,0,0,0,262,0,0,0,0,0,0,0,0,0,0,0,200,0,81,0,0,0,0,0,0,0,0,0,0,0,0,0,0,0,0,0,0,0,0,0,0,0,0,0,0,0,0,0,0,0,0,0,0,0,97,0,93,0,57,0,62,0,214,0,0,0,0,0,0,0,0,0,0,0,0,0,0,0,0,0,0,0,0,0,0,0,47,0,35,0,3,0,27,0,0,57,38,21,23,0,0,0,0,0,0,0,0,0,0,0,0,0,0,0,0,0,0,0,0,0,0,0,0,0,0,0,0,0,0,0,0,0,0,113,0,0,0,230,150,83,33,0,2,0
60,90,93,40,0,23,28,55,41,32,0,16,0,1,44,33,0,10,22,0,235,0,67,52,58,57,17,0,173,0,95,0,61,0,32,0,30,0,185,4,0,0,20,0,113,0,0,0,7,0,30,0,31,0,2,1,5,0,2,0,35,2,255,7,0,0,0,0,0,0,145,0,22,0,119,0,0,0,0,0,117,0,0,0,536,0,225,0,0,0,331,0,0,0,0,0,434,0,458,0,233,0,0,0,0,0,0,0,0,0,0,0,0,0,0,0,0,0,0,0,95,0,289,0,0,0,0,0,0,0,0,0,20,0,0,0,0,0,66,0,122,0,220,0,74,0,0,0,0,0,0,0,0,0,10,0,0,0,3,0,0,0,0,0,7,0,0,0,32,0,8,0,111,0,0,0,24,0,0,13,0,0,84,0,0,0,0,0,0,0,0,0,0,0,0,0,0,0,0,0,0,0,0,0,0,0,0,0,0,0,144,67,173,70,75,0,0,0,0,1,0,0,0,0,0
74,59,23,85,0,4,0,43,2,0,4,12,0,0,0,21,10,0,0,0,0,159,35,147,24,90,0,0,0,169,0,26,0,30,0,0,0,19,0,177,0,0,0,0,0,10,0,0,0,0,0,0,0,87,0,21,0,21,0,0,0,148,0,349,0,0,0,0,0,0,0,0,0,0,0,0,0,0,0,0,0,0,0,0,0,311,0,0,0,0,0,0,0,0,0,0,0,128,0,69,0,0,0,0,0,0,0,0,0,0,0,0,0,0,0,0,0,0,0,0,0,47,0,14,0,0,0,0,0,35,0,0,0,0,0,0,0,163,0,165,0,270,0,640,0,10,0,0,0,0,0,0,0,0,0,13,0,0,0,32,0,0,0,0,0,0,0,5,0,28,0,8,0,75,0,0,8,0,0,13,0,0,0,5,0,0,0,0,0,0,0,0,0,0,0,0,0,0,0,0,0,0,0,0,0,0,0,0,0,0,0,0,0,0,90,0,0,0,132,85,206,0,0,0,0
0,0,80,0,181,128,0,0,0,0,24,49,62,436,158,43,22,0,0,353,155,179,152,0,0,0,100,504,0,0,30,13,0,0,265,79,49,13,0,0,21,58,30,0,30,25,34,0,4,7,225,0,0,0,0,0,0,0,0,0,0,0,0,0,0,0,0,0,0,0,0,0,0,0,0,0,0,0,0,0,0,0,0,0,0,0,0,0,0,0,0,0,0,0,0,0,0,0,0,0,0,0,0,0,0,0,0,0,0,0,0,0,0,0,0,0,0,0,0,0,0,0,0,0,0,0,0,0,0,0,0,0,0,0,0,0,0,0,0,0,0,0,0,0,0,0,0,0,0,0,0,0,0,0,0,0,0,0,0,0,0,0,0,0,172,0,38,0,92,0,6,0,0,0,0,0,176,40,23,18,0,0,18,0,22,0,22,8,0,0,0,0,0,0,0,0,1,0,0,0,0,0,0,0,0,0,0,0,0,0,82,269,243,0,25,0,0,0,0,0,0,0,0,0,0
0,67,0,143,175,295,0,10,0,27,0,54,260,50,133,469,0,0,353,0,87,358,0,187,0,0,42,350,0,0,0,132,0,60,0,215,3,135,0,0,0,0,0,58,0,54,0,35,0,0,0,130,0,0,0,40,0,0,0,0,0,0,0,29,0,0,0,0,0,0,0,0,0,0,0,0,0,0,0,0,0,0,0,0,0,0,0,0,0,0,0,0,0,0,0,0,0,0,0,0,0,0,0,0,0,0,0,0,0,0,0,0,0,0,0,0,0,0,0,0,0,0,0,0,0,0,0,0,0,0,0,0,0,0,0,55,0,102,0,34,0,0,0,0,0,0,0,7,0,0,0,0,0,0,0,18,0,0,0,0,0,0,0,4,0,52,0,58,0,108,0,6,0,23,0,0,44,127,9,42,0,0,0,23,0,0,0,51,0,0,0,0,0,0,0,0,0,0,0,0,0,25,0,0,0,0,0,0,0,0,0,0,0,0,76,0,0,0,181,191,288,0,0,0,0
0,7,70,7,253,77,0,0,0,0,29,50,146,77,227,115,235,0,155,87,0,31,294,28,0,0,63,68,51,0,56,0,18,0,68,12,53,14,4,0,0,0,47,0,79,0,0,0,8,0,201,0,3,0,0,0,0,0,6,0,0,0,49,0,0,0,0,0,0,0,78,0,0,0,51,0,0,0,0,0,0,0,0,0,0,0,60,0,0,0,0,0,0,0,0,0,0,0,0,0,0,0,0,0,0,0,0,0,0,0,0,0,0,0,0,0,0,0,0,0,28,0,0,0,0,0,0,0,0,0,0,0,0,0,0,0,0,0,10,0,0,0,0,0,0,0,0,0,2,0,0,0,0,0,5,0,0,0,0,0,0,0,0,0,116,0,167,0,117,0,7,0,103,0,0,0,29,0,4,10,0,0,4,0,0,0,0,0,0,0,0,0,0,0,0,0,0,0,0,0,0,0,0,0,0,0,0,0,0,0,271,378,292,143,127,0,3,0,0,0,0,0,0,0,0
0,0,0,95,0,279,0,8,0,0,0,100,95,60,46,152,0,159,179,358,31,0,0,250,0,61,0,180,0,60,9,39,2,27,0,74,0,36,0,22,0,0,0,148,0,106,0,0,0,0,0,178,0,0,0,14,0,0,0,0,0,5,0,73,0,0,0,0,0,1,0,0,0,0,0,0,0,0,0,0,0,0,0,0,0,236,0,0,0,0,0,0,0,0,0,0,0,0,0,0,0,0,0,0,0,0,0,0,0,0,0,0,0,0,0,0,0,0,0,0,0,0,0,0,0,0,0,0,0,0,0,0,0,0,0,0,0,0,0,30,0,143,0,419,0,116,0,0,0,0,0,0,0,0,0,0,0,6,0,0,0,0,0,0,0,19,0,164,0,114,0,7,0,35,0,0,5,45,0,29,0,0,0,0,0,0,3,17,0,0,0,0,0,0,0,0,0,0,0,0,0,0,0,0,0,0,0,0,0,0,0,0,0,0,148,0,0,0,255,252,286,67,0,0,0
109,311,424,142,54,156,7,45,0,37,14,88,6,0,237,194,67,35,152,0,294,0,0,286,37,68,75,0,94,15,24,0,10,0,65,0,19,0,60,11,0,0,0,0,222,0,18,0,10,0,38,0,16,0,67,0,0,0,2,2,25,9,63,9,0,0,0,0,0,0,15,0,0,0,0,0,0,0,0,0,0,0,0,0,226,0,38,0,0,0,368,0,0,0,0,0,421,0,0,0,0,0,0,0,0,0,235,0,0,0,0,0,0,0,0,0,0,0,0,0,0,0,0,0,0,0,0,0,8,0,0,0,11,0,15,0,72,0,0,0,18,0,98,0,0,0,0,0,0,0,0,0,0,0,3,0,0,0,0,0,0,0,0,0,0,0,9,0,26,0,0,0,64,0,0,0,168,26,1,53,0,0,29,0,0,0,1,0,0,0,0,0,0,0,0,0,0,0,0,0,51,0,0,0,0,0,0,0,0,0,148,79,147,66,67,0,0,0,0,0,0,0,0,0,0
107,57,70,69,55,92,0,5,0,0,121,109,0,0,52,110,52,147,0,187,28,250,286,0,0,60,0,108,0,61,0,48,0,93,0,87,0,70,0,66,0,0,0,31,0,62,1,0,0,8,0,93,0,30,0,33,0,6,0,0,0,40,0,97,0,0,0,0,0,0,0,0,0,0,0,0,0,0,0,0,0,0,0,0,0,246,0,26,0,0,0,0,0,0,0,0,0,138,0,87,0,0,0,0,0,0,0,0,0,0,0,0,0,0,0,0,0,0,0,0,0,45,0,12,0,0,0,0,0,0,0,0,0,0,0,0,0,0,0,63,0,75,0,353,0,19,0,0,0,0,0,0,0,0,0,0,0,0,0,0,0,0,0,0,0,0,0,59,0,41,0,8,0,79,0,0,28,60,0,90,1,0,7,0,0,0,0,0,0,0,0,0,0,0,0,0,0,0,0,0,0,0,0,0,0,0,0,0,0,0,0,0,0,0,246,0,0,0,564,269,276,83,0,5,0
12,147,79,17,0,0,186,102,21,210,0,0,0,0,14,0,58,24,0,0,0,0,37,0,0,134,0,0,50,0,0,0,0,0,0,0,3,0,39,0,0,0,0,0,15,0,0,0,4,0,0,0,68,7,109,33,15,0,0,0,51,8,74,25,0,0,0,0,0,0,10,0,10,0,19,0,0,0,0,0,30,2,0,0,464,0,58,0,0,0,559,0,0,0,0,0,703,1,170,0,89,0,0,0,56,0,330,0,0,0,0,0,0,0,0,0,0,0,0,0,26,0,228,1,2,0,3,0,29,0,0,0,22,0,15,0,128,0,47,0,40,0,232,0,7,0,1,0,0,0,0,0,0,0,4,0,0,0,16,0,3,0,0,0,0,0,0,0,43,0,0,0,99,0,0,0,51,11,0,0,0,0,8,2,0,0,0,0,0,0,0,0,0,0,0,0,0,0,0,0,62,0,0,0,0,0,0,0,0,0,134,44,123,73,74,0,11,0,0,0,0,0,0,0,0
249,9,70,9,0,0,87,222,70,27,3,0,0,0,0,64,57,90,0,0,0,61,68,60,134,0,0,0,1,101,0,13,0,27,0,0,0,0,0,112,0,0,0,0,0,0,0,0,1,0,0,0,0,34,0,118,0,33,0,0,0,170,12,138,0,0,0,0,0,0,0,0,0,0,0,0,0,0,0,0,0,25,0,0,0,242,0,0,0,0,0,0,0,0,0,0,0,157,0,0,0,0,0,0,0,0,0,195,0,0,0,0,0,0,0,0,0,0,0,0,0,6,0,1,0,0,0,0,0,34,0,4,0,0,0,193,0,130,1,128,0,78,0,302,1,2,0,0,0,0,0,0,0,0,0,9,0,10,2,9,0,1,0,0,0,5,0,0,0,30,0,46,0,82,0,0,41,16,0,0,0,0,11,0,0,0,0,0,0,0,0,0,0,0,0,0,0,0,0,0,0,0,0,0,0,0,0,0,0,0,5,0,0,0,280,0,0,0,388,148,325,113,3,12,0
23,0,49,0,170,0,0,0,11,0,0,0,116,131,97,0,17,0,100,42,63,0,75,0,0,0,0,324,10,0,21,2,0,0,24,0,27,0,3,0,64,127,300,0,173,136,135,141,21,11,243,0,7,0,5,0,0,0,0,0,0,0,7,0,0,0,0,0,5,0,0,0,0,0,0,0,0,0,0,0,0,0,0,0,0,0,0,0,0,0,0,0,0,0,0,0,0,0,0,0,0,0,0,0,0,0,0,0,1,0,0,0,0,0,0,0,0,0,0,0,0,0,0,0,0,0,0,0,0,0,0,0,0,0,30,0,0,0,0,0,0,0,0,0,20,0,0,0,0,0,0,0,17,0,0,0,0,0,0,0,0,0,0,0,107,0,0,0,0,0,1,0,0,0,0,0,52,39,39,0,0,0,7,0,13,0,149,3,0,0,0,0,0,0,0,0,0,0,0,0,0,0,0,0,0,0,0,0,0,0,0,244,188,5,3,0,0,0,0,1,0,0,0,0,0
0,178,0,77,0,395,0,18,0,25,0,253,306,200,11,143,0,0,504,350,68,180,0,108,0,0,324,0,0,0,0,12,0,0,0,121,1,45,0,0,129,37,147,308,86,164,41,121,0,16,150,399,0,0,0,31,0,0,0,0,0,0,0,17,0,14,0,0,0,8,0,0,0,0,0,0,0,0,0,0,0,0,0,0,0,0,0,0,0,0,0,0,0,0,0,0,0,0,0,0,0,10,0,0,0,0,0,0,0,0,0,0,0,0,0,0,0,1,0,0,0,0,0,0,0,0,0,0,0,0,0,0,0,0,0,0,0,0,0,0,0,0,0,0,0,33,0,12,0,0,0,0,0,0,0,9,0,0,0,0,0,0,0,0,0,94,0,0,0,79,0,5,0,7,0,0,26,303,0,53,0,0,0,39,0,27,50,31,0,0,0,0,0,0,0,0,0,0,0,2,0,0,0,0,0,0,0,0,0,0,0,0,0,0,43,0,0,0,91,439,440,54,7,0,12
86,0,277,0,138,0,0,0,0,0,63,0,0,0,17,4,173,0,0,0,51,0,94,0,50,1,10,0,0,0,70,0,11,0,66,0,88,0,8,0,0,0,85,0,36,0,0,0,7,0,56,0,10,0,4,0,0,0,0,0,10,0,38,0,0,0,0,0,0,0,81,0,0,0,63,0,0,0,0,0,22,0,0,0,83,0,93,0,0,0,0,0,0,0,0,0,0,0,148,0,62,0,0,0,0,0,0,0,0,0,0,0,0,0,0,0,0,0,0,0,28,0,0,0,0,0,0,0,0,0,0,0,7,0,0,0,0,0,36,0,56,0,0,0,93,0,0,0,0,0,0,0,0,0,0,0,0,0,0,0,0,0,10,0,4,0,0,0,0,0,2,0,0,0,0,0,0,0,0,2,0,0,19,0,0,0,0,0,0,0,0,0,0,0,0,0,0,0,0,0,0,0,0,0,0,0,0,0,0,0,37,36,25,0,20,0,0,0,0,0,0,0,0,0,0
8,95,5,56,3,25,0,71,0,0,0,22,0,0,0,9,0,169,0,0,0,60,15,61,0,101,0,0,0,0,0,35,0,66,0,21,0,7,0,28,0,0,0,0,0,0,0,0,0,0,0,18,0,6,0,0,0,0,0,0,0,19,0,95,0,0,0,0,0,0,0,0,0,0,0,0,0,0,0,0,0,0,0,0,0,97,0,0,0,0,0,0,0,0,0,0,0,0,0,0,0,0,0,0,0,0,0,0,0,0,0,0,0,0,0,0,0,0,0,0,0,0,0,21,0,0,0,0,0,0,0,0,0,0,0,0,0,73,0,223,0,574,0,628,0,220,0,0,0,0,0,0,0,0,0,3,0,0,0,8,0,0,0,0,0,0,0,0,0,0,0,0,0,16,0,0,0,0,0,26,0,0,1,9,0,0,0,0,0,0,0,0,0,0,0,0,0,0,0,0,0,0,0,0,0,0,0,0,0,0,0,0,0,0,0,0,0,0,46,17,15,0,0,3,0
0,0,115,0,595,0,0,0,0,0,153,0,71,0,188,24,95,0,30,0,56,9,24,0,0,0,21,0,70,0,0,0,11,0,113,0,48,2,5,0,0,0,112,0,27,0,0,0,4,0,73,0,0,0,0,0,0,0,2,0,0,0,28,0,0,0,0,0,0,0,31,0,0,0,28,0,0,0,0,0,0,0,0,0,0,0,0,0,0,0,0,0,0,0,0,0,0,0,0,0,0,0,0,0,0,0,0,0,0,0,0,0,0,0,0,0,0,0,0,0,9,0,0,0,0,0,0,0,0,0,0,0,0,0,0,0,0,0,7,0,0,0,0,0,0,0,0,0,0,0,0,0,0,0,0,0,0,0,0,0,0,0,0,0,0,0,102,0,35,0,0,0,0,0,0,0,0,0,12,0,0,0,9,0,5,0,0,0,0,0,0,0,0,0,0,0,0,0,0,0,0,0,0,0,0,0,0,0,4,0,97,152,112,0,32,0,1,0,0,0,0,0,0,0,0
0,9,0,33,0,165,0,0,0,0,0,67,0,19,0,35,0,26,13,132,0,39,0,48,0,13,2,12,0,35,0,0,0,2,0,7,0,0,0,3,0,0,0,5,0,0,0,0,0,0,0,9,0,11,0,0,0,0,0,0,0,0,0,0,0,0,0,0,0,0,0,0,0,2,0,0,0,0,0,0,0,0,0,0,0,0,0,0,0,0,0,0,0,0,0,0,0,0,0,0,0,0,0,0,0,0,0,0,0,0,0,0,0,0,0,0,0,0,0,0,0,0,0,0,0,0,0,0,0,0,0,0,0,0,0,0,0,0,0,11,0,63,0,131,0,41,0,0,0,0,0,0,0,0,0,0,0,0,0,0,0,0,0,0,0,2,0,34,0,10,0,3,0,7,0,0,0,0,0,31,0,0,0,0,0,0,0,0,0,0,0,0,0,0,0,0,0,0,0,0,0,0,0,0,0,0,0,0,0,0,0,0,0,0,18,0,0,0,0,33,0,0,0,0,0
0,0,169,0,415,0,0,0,0,0,278,0,19,0,46,23,61,0,0,0,18,2,10,0,0,0,0,0,11,0,11,0,0,0,55,0,86,0,1,0,0,0,28,0,0,0,0,0,0,0,8,0,0,0,0,0,0,0,5,0,4,0,8,0,1,0,0,0,0,0,31,0,0,0,28,0,0,0,0,0,0,0,0,0,0,0,0,0,0,0,0,0,0,0,0,0,0,0,0,0,0,0,0,0,0,0,0,0,0,0,0,0,0,0,0,0,0,0,0,0,20,0,0,0,0,0,0,0,0,0,0,0,0,0,0,0,0,0,9,0,0,0,0,0,23,0,0,0,0,0,0,0,0,0,0,0,1,0,0,0,0,0,11,0,0,0,76,0,13,0,3,0,32,0,0,0,0,0,10,0,0,0,0,0,0,0,0,0,0,0,0,0,0,0,0,0,0,0,0,0,0,0,0,0,0,0,0,0,0,0,49,99,68,34,32,0,0,0,0,0,0,0,0,0,0
0,119,0,173,0,401,0,0,0,0,0,453,0,0,20,97,0,30,0,60,0,27,0,93,0,27,0,0,0,66,0,2,0,0,0,10,0,24,0,1,0,0,0,5,0,0,0,0,0,0,0,16,0,0,0,0,0,0,0,0,0,6,0,11,0,0,0,0,0,0,0,9,0,0,0,3,0,0,0,0,0,0,0,0,0,88,0,0,0,0,0,0,0,0,0,0,0,0,0,0,0,0,0,0,0,0,0,0,0,0,0,0,0,0,0,0,0,0,0,0,0,47,0,13,0,0,0,0,0,0,0,0,0,0,0,0,0,0,0,11,0,84,0,174,0,73,0,0,0,0,0,0,0,0,0,0,0,6,0,0,0,0,0,0,0,0,0,37,0,7,0,0,0,10,0,0,6,31,0,181,0,0,0,0,0,0,0,0,0,0,0,0,0,0,0,0,0,0,0,0,0,0,0,0,0,0,0,0,0,0,0,0,0,0,19,0,0,0,42,29,40,0,0,0,0
0,0,0,0,375,0,0,0,0,0,35,0,699,0,75,0,32,0,265,0,68,0,65,0,0,0,24,0,66,0,113,0,55,0,0,5,166,1,6,0,0,0,41,0,18,7,0,0,1,0,72,8,0,0,0,0,0,0,0,0,0,0,0,0,0,0,0,0,0,0,15,0,0,0,16,0,0,0,0,0,0,0,0,0,0,0,0,0,4,0,0,0,0,0,0,0,0,0,0,0,0,0,0,0,0,0,0,0,0,0,0,0,0,0,0,0,0,0,0,0,0,0,0,0,0,0,0,0,0,0,0,0,0,0,0,0,0,0,0,0,0,0,0,0,0,0,1,0,0,0,0,0,0,0,0,0,0,0,0,0,0,0,0,0,49,0,31,0,19,0,0,0,0,0,0,0,37,0,44,0,0,0,16,0,0,0,0,0,0,0,0,0,0,0,2,0,0,0,0,0,0,0,0,0,0,0,0,0,0,0,52,103,91,22,12,0,0,0,0,0,0,0,0,0,0
0,0,0,0,0,276,0,0,0,0,0,74,0,248,6,46,0,0,79,215,12,74,0,87,0,0,0,121,0,21,0,7,0,10,5,0,0,278,0,9,2,0,0,6,3,8,0,0,0,0,9,41,0,0,0,0,0,0,0,0,0,9,0,12,0,0,0,0,0,0,0,0,0,0,0,0,0,0,0,0,0,77,0,0,0,0,0,0,0,0,0,0,0,0,0,0,0,0,0,0,0,0,0,2,0,0,0,0,0,0,0,0,0,0,0,0,0,0,0,0,0,0,0,0,0,0,0,0,0,0,0,0,0,0,0,0,0,0,0,0,0,0,0,201,0,127,0,0,0,0,0,0,0,0,0,0,0,15,0,0,0,0,0,0,0,8,0,84,0,79,0,0,0,19,0,0,2,30,0,41,0,0,0,0,0,0,0,7,0,0,0,0,0,0,0,0,0,0,0,0,0,0,0,0,0,0,0,0,0,0,0,0,0,0,47,0,0,0,54,148,215,0,0,0,0
83,0,83,0,488,0,0,0,0,0,291,0,97,0,49,0,30,0,49,3,53,0,19,0,3,0,27,1,88,0,48,0,86,0,166,0,0,0,40,0,0,0,104,0,78,0,0,0,5,0,92,0,2,0,0,0,0,0,0,0,32,0,5,0,0,0,0,0,0,0,88,0,0,0,46,0,0,0,11,0,0,0,0,0,0,0,65,0,0,0,0,0,0,0,0,0,0,0,52,0,0,0,0,0,0,0,0,0,0,0,0,0,0,0,0,0,0,0,0,0,23,0,33,0,0,0,0,0,0,0,0,0,0,0,20,0,0,0,92,0,100,0,0,0,159,0,0,0,0,0,0,0,0,0,7,0,24,0,0,0,5,0,44,0,47,0,104,0,82,0,21,0,76,0,0,0,54,0,15,0,0,0,26,0,0,0,0,0,0,0,0,0,0,0,0,0,0,0,0,0,0,0,0,0,0,0,0,0,0,0,71,88,158,34,23,0,2,0,0,0,0,0,0,0,0
0,95,0,60,35,254,0,23,0,0,0,250,0,23,37,44,0,19,13,135,14,36,0,70,0,0,0,45,0,7,2,0,0,24,1,278,0,0,0,6,0,0,0,24,0,13,0,0,0,0,0,117,0,0,0,6,0,0,0,0,0,21,0,11,0,0,0,0,0,0,0,0,0,0,0,0,0,0,0,0,0,86,0,0,0,102,0,0,0,0,0,0,0,0,0,0,0,32,0,49,0,0,0,0,0,0,0,0,0,0,0,0,0,0,0,0,0,0,0,0,0,101,0,41,0,0,0,3,0,0,0,0,0,0,0,0,0,0,0,0,0,141,0,198,0,262,0,0,0,0,0,0,0,0,0,4,0,36,0,0,0,0,0,0,0,0,0,46,0,71,0,7,0,63,0,0,0,28,0,155,0,0,0,0,0,0,0,2,0,0,0,0,0,0,0,0,0,0,0,0,0,0,0,0,0,0,0,0,0,0,0,0,0,0,21,0,0,0,37,60,114,9,0,1,0
349,0,436,0,204,0,0,0,10,0,223,0,0,0,4,7,185,0,0,0,4,0,60,0,39,0,3,0,8,0,5,0,1,0,6,0,40,0,0,0,0,0,10,0,0,0,0,0,0,0,0,0,2,0,5,0,0,0,0,0,10,0,11,0,0,0,0,0,0,0,46,0,0,0,24,0,0,0,0,0,0,0,0,0,31,0,27,0,0,0,0,0,0,0,0,0,0,0,52,0,0,0,0,0,0,0,0,0,0,0,0,0,0,0,0,0,0,0,0,0,0,0,14,0,0,0,0,0,0,0,0,0,0,0,0,0,0,0,77,0,67,0,22,0,96,0,0,0,0,0,0,0,0,0,34,0,21,0,3,0,0,0,18,0,0,0,23,0,1,0,6,0,27,0,0,0,58,0,6,0,1,0,145,0,0,0,0,0,0,0,0,0,0,0,0,0,0,0,0,0,0,0,0,0,0,0,0,0,0,0,0,42,34,13,8,0,0,1,0,0,0,0,0,0,0
0,176,0,147,0,0,0,84,0,0,0,70,0,0,0,0,4,177,0,0,0,22,11,66,0,112,0,0,0,28,0,3,0,1,0,9,0,6,0,0,0,0,0,3,0,0,0,0,0,0,0,16,0,0,0,0,0,0,0,0,0,4,0,2,0,0,0,0,0,0,0,0,0,0,0,0,0,0,0,0,0,0,0,0,0,0,0,0,0,0,0,0,0,0,0,0,0,0,0,0,0,0,0,0,0,0,0,0,0,0,0,0,0,0,0,0,0,0,0,0,0,0,0,0,0,0,0,0,0,0,0,0,0,0,0,0,0,0,0,51,0,78,0,0,0,149,0,0,0,0,0,0,0,0,0,9,0,54,0,0,0,0,0,0,0,0,0,1,0,0,0,3,0,2,0,0,0,4,0,95,0,0,0,0,0,0,0,0,0,0,0,0,0,0,0,0,0,0,0,0,0,0,0,0,0,0,0,0,0,0,0,0,0,0,4,0,0,0,0,4,0,0,0,0,0
9,0,9,0,138,0,0,0,4,0,22,0,293,0,4,0,0,0,21,0,0,0,0,0,0,0,64,129,0,0,0,0,0,0,0,2,0,0,0,0,0,52,315,0,111,104,119,78,231,13,57,0,0,0,0,0,0,0,0,0,0,0,0,0,0,0,0,0,0,0,0,0,0,0,0,0,0,0,0,0,0,0,0,0,0,0,0,0,0,0,0,0,0,0,0,0,0,0,0,0,0,0,10,0,0,0,0,0,0,0,0,0,0,0,0,0,0,0,0,0,0,0,0,0,0,0,0,0,0,0,0,0,0,0,0,0,0,0,0,0,0,0,0,0,0,0,0,0,0,0,0,0,0,0,0,0,0,0,0,0,0,0,0,0,104,0,0,0,0,0,0,0,0,0,0,0,80,27,30,0,8,1,7,0,8,0,211,0,0,0,0,0,0,0,0,0,0,0,0,0,0,0,0,0,0,0,0,0,0,0,0,134,59,0,0,0,0,43,0,0,0,0,0,0,2
0,0,0,0,0,17,0,0,0,0,0,48,45,303,0,0,0,0,58,0,0,0,0,0,0,0,127,37,0,0,0,0,0,0,0,0,0,0,0,0,52,0,45,341,81,91,66,174,0,125,25,119,0,0,0,0,0,0,0,0,0,0,0,0,0,0,0,1,0,0,0,0,0,0,0,0,0,0,0,0,0,0,0,0,0,0,0,0,0,0,0,0,0,0,0,0,0,0,0,0,0,0,0,0,0,0,0,0,0,0,0,0,0,0,0,0,0,1,0,0,0,0,0,0,0,0,0,0,0,0,0,0,0,0,0,0,0,0,0,0,0,0,0,0,0,0,0,0,0,0,0,0,0,0,0,0,0,0,0,0,0,0,0,0,0,28,0,0,0,0,0,0,0,0,0,0,0,185,0,27,0,14,0,10,0,2,31,19,0,0,0,0,0,0,0,0,0,0,0,0,0,0,0,0,0,0,0,0,0,0,0,0,0,0,0,0,0,0,0,52,40,0,0,0,43
0,0,0,0,0,0,0,0,0,0,0,0,222,0,0,0,20,0,30,0,47,0,0,0,0,0,300,147,85,0,112,0,28,0,41,0,104,0,10,0,315,45,0,0,131,100,142,74,53,0,104,0,0,0,0,0,0,0,6,0,2,0,7,0,0,0,0,0,0,0,20,0,0,0,12,0,0,0,0,0,0,0,0,0,0,0,0,0,0,0,0,0,0,0,0,0,0,0,0,0,0,0,0,0,0,0,0,0,0,0,0,0,0,0,0,0,0,0,0,0,0,0,0,0,0,0,0,0,0,0,0,0,0,0,0,0,0,0,15,0,0,0,0,0,0,0,0,0,0,0,0,0,0,0,0,0,0,0,0,0,0,0,0,0,40,0,16,0,0,0,0,0,14,0,0,0,0,9,52,0,0,0,17,0,0,0,133,0,0,0,0,0,0,0,0,0,0,0,0,0,0,0,0,0,0,0,0,0,0,0,31,126,76,0,0,0,0,26,0,0,0,0,0,0,0
0,0,0,0,0,0,0,0,0,0,0,0,0,208,0,0,0,0,0,58,0,148,0,31,0,0,0,308,0,0,0,5,0,5,0,6,0,24,0,3,0,341,0,0,0,181,0,114,0,11,9,92,0,0,0,0,0,0,0,0,0,0,0,0,0,0,0,0,0,0,0,10,0,0,0,0,0,0,0,0,0,0,0,0,0,0,0,0,0,0,0,13,0,0,0,0,0,0,0,0,0,0,0,0,0,0,0,0,0,0,0,0,0,0,0,0,0,0,0,0,0,0,0,0,0,0,0,0,0,0,0,0,0,0,0,0,0,0,0,0,0,0,0,0,0,0,0,0,0,0,0,0,0,0,0,0,0,0,0,0,0,0,0,2,0,41,0,8,0,20,0,4,0,7,0,0,0,5,0,0,0,0,0,0,0,0,0,98,0,0,0,0,0,0,0,0,0,0,0,0,0,0,0,0,0,0,0,0,0,0,0,0,0,0,0,0,0,0,0,139,155,0,0,0,4
19,0,70,0,61,0,0,0,7,0,34,0,156,38,30,0,113,0,30,0,79,0,222,0,15,0,173,86,36,0,27,0,0,0,18,3,78,0,0,0,111,81,131,0,0,160,215,94,330,55,48,0,12,0,0,0,0,0,0,0,0,0,37,0,0,0,4,0,14,0,93,0,0,0,67,0,0,0,0,0,31,0,0,0,0,0,110,0,0,0,0,0,0,0,95,0,0,0,0,0,0,0,0,0,0,0,0,0,0,0,0,0,0,0,0,0,0,0,0,0,0,0,0,0,0,0,0,0,0,0,0,0,0,0,0,0,0,0,0,0,0,0,0,0,83,0,0,0,0,0,0,0,10,0,0,0,0,0,2,0,4,0,0,0,226,0,38,0,32,0,15,0,47,0,0,0,27,33,24,0,10,0,10,0,13,0,127,1,0,0,0,0,0,0,0,0,0,0,0,0,0,0,0,0,0,0,0,0,0,0,43,183,272,16,14,0,0,161,0,0,0,0,0,0,1
0,30,0,31,0,89,0,6,0,25,0,108,53,146,0,48,0,10,25,54,0,106,0,62,0,0,136,164,0,0,0,0,0,0,7,8,0,13,0,0,104,91,100,181,160,0,97,290,7,192,30,126,0,14,0,0,0,0,0,0,0,0,0,0,0,8,0,1,0,23,0,9,0,0,0,0,0,0,0,0,0,0,0,55,0,0,0,0,0,12,0,0,0,0,0,21,0,0,0,0,0,23,0,18,0,0,0,41,0,0,0,0,0,0,0,0,0,5,0,0,0,57,0,0,0,0,0,0,0,0,0,3,0,2,0,0,0,0,0,0,0,0,0,0,0,64,0,0,0,0,0,0,0,0,0,0,0,16,0,0,0,0,0,2,0,313,0,21,0,138,0,6,0,12,0,0,1,159,0,18,0,0,0,45,0,20,56,55,0,0,0,0,0,0,0,27,0,0,0,0,0,0,0,0,0,0,0,0,0,0,0,1,0,0,20,0,0,0,77,254,377,18,17,0,204
12,0,24,0,91,0,0,0,0,0,24,0,206,0,16,0,0,0,34,0,0,0,18,1,0,0,135,41,0,0,0,0,0,0,0,0,0,0,0,0,119,66,142,0,215,97,0,0,178,41,0,0,0,0,0,0,0,0,0,0,0,0,0,0,0,0,0,0,0,0,0,0,0,0,0,0,0,0,0,0,0,0,0,0,0,0,0,0,0,0,0,0,0,0,0,0,0,0,0,0,0,0,0,0,0,0,0,0,0,0,0,0,0,0,0,0,0,0,0,0,0,0,0,0,0,0,0,0,0,0,0,0,0,0,0,0,0,0,0,0,0,0,0,0,0,0,0,0,0,0,0,0,0,0,0,0,0,0,0,0,0,0,0,0,94,3,0,0,6,0,0,0,0,0,0,0,23,24,30,0,0,0,0,0,5,0,167,0,0,0,0,0,0,0,0,0,0,0,0,0,0,0,0,0,0,0,0,0,0,0,3,199,58,1,0,0,0,82,0,7,0,0,0,0,1
0,18,0,0,0,83,0,0,0,0,0,95,0,227,0,0,0,0,0,35,0,0,0,0,0,0,141,121,0,0,0,0,0,0,0,0,0,0,0,0,78,174,74,114,94,290,0,0,2,139,54,41,0,0,0,0,0,0,0,0,0,0,0,0,0,0,0,0,0,4,0,0,0,0,0,0,0,0,0,0,0,0,0,0,0,0,0,0,0,0,0,0,0,0,0,0,0,0,0,0,0,0,0,0,0,0,0,0,0,0,0,0,0,0,0,0,0,1,0,0,0,0,0,0,0,0,0,0,0,0,0,0,0,0,0,0,0,0,0,0,0,0,0,0,0,0,0,0,0,0,0,0,0,0,0,0,0,0,0,0,0,0,0,0,0,16,0,0,0,0,0,0,0,0,0,0,0,130,0,22,0,0,0,0,0,0,33,14,0,0,0,0,0,0,0,0,0,0,0,0,0,0,0,0,0,0,0,0,0,0,0,0,0,0,0,0,0,0,0,110,59,2,0,0,50
7,0,0,0,14,0,33,0,8,0,9,0,39,0,5,0,7,0,4,0,8,0,10,0,4,1,21,0,7,0,4,0,0,0,1,0,5,0,0,0,231,0,53,0,330,7,178,2,0,12,8,0,0,0,14,0,29,0,23,0,1,0,2,0,0,0,1,0,12,0,0,0,0,0,0,0,3,0,3,0,4,0,10,0,0,0,0,0,2,0,0,0,15,0,14,0,0,0,0,0,8,0,14,0,13,0,2,0,0,0,0,0,0,0,0,0,0,0,0,0,0,0,0,0,0,0,0,0,0,0,2,0,0,0,0,0,0,0,0,0,0,0,3,0,0,0,2,0,0,0,0,0,0,0,3,0,4,0,5,0,18,0,0,0,23,0,6,0,2,0,3,0,8,0,0,0,24,0,20,0,0,0,4,0,0,0,234,0,7,0,0,0,11,0,7,0,0,0,0,0,9,0,7,0,20,0,0,0,1,0,19,74,96,7,39,19,1,14,0,0,0,0,0,0,1
0,27,0,13,0,27,0,0,0,0,1,48,0,33,0,25,0,0,7,0,0,0,0,8,0,0,11,16,0,0,0,0,0,0,0,0,0,0,0,0,13,125,0,11,55,192,41,139,12,0,5,5,0,0,0,5,0,0,0,0,0,0,0,6,0,0,0,0,0,13,0,0,0,0,0,0,0,2,0,0,0,0,0,8,0,0,0,0,0,0,0,0,0,0,0,5,0,0,0,0,0,4,0,3,0,0,0,0,0,1,0,0,0,0,0,0,0,0,0,0,0,0,0,0,0,0,0,0,0,0,0,0,0,0,0,0,0,0,0,0,0,0,0,0,0,5,0,0,0,3,0,0,0,0,0,0,0,0,0,5,0,0,0,0,0,45,0,30,0,13,0,0,0,2,0,0,0,100,0,56,0,25,0,56,0,12,51,27,0,0,0,0,0,1,0,0,0,0,0,0,0,0,0,1,0,0,0,0,0,0,0,4,0,0,5,0,0,1,8,10,17,5,0,0,23
11,0,20,0,74,0,0,0,0,0,17,0,340,46,26,0,30,0,225,0,201,0,38,0,0,0,243,150,56,0,73,0,8,0,72,9,92,0,0,0,57,25,104,9,48,30,0,54,8,5,0,0,0,0,0,0,12,0,7,0,0,0,0,0,0,0,0,0,0,0,12,0,0,0,7,0,0,0,0,0,0,0,0,0,0,0,13,0,0,0,0,0,0,0,27,0,11,0,0,0,11,0,5,0,0,0,0,0,0,0,0,0,0,0,0,0,0,0,0,0,0,0,0,0,0,0,0,0,0,0,0,0,0,0,0,0,0,0,0,0,0,0,0,0,18,0,0,0,0,0,0,0,0,0,2,0,0,0,0,0,0,0,7,0,49,0,22,0,57,0,6,0,39,0,0,0,0,12,64,0,1,0,11,0,0,0,67,0,0,0,0,0,0,0,12,0,0,0,0,0,0,0,0,0,14,0,0,0,0,0,36,82,94,19,20,0,0,4,0,0,0,0,0,0,0
0,0,0,0,0,0,0,0,0,0,0,28,0,259,0,47,0,0,0,130,0,178,0,93,0,0,0,399,0,18,0,9,0,16,8,41,0,117,0,16,0,119,0,92,0,126,0,41,0,5,0,0,0,0,0,0,0,5,0,0,0,11,0,0,0,0,0,0,0,0,0,51,0,0,0,0,0,10,0,0,0,0,0,0,0,206,0,0,0,0,0,0,0,0,0,0,0,63,0,111,0,0,0,0,0,0,0,0,0,0,0,0,0,0,0,0,0,0,0,0,0,255,0,0,0,0,0,0,0,0,0,0,0,0,0,0,0,0,0,0,0,87,0,174,0,164,0,0,0,0,0,0,0,0,0,0,0,0,0,0,0,0,0,21,0,39,0,43,0,83,0,19,0,59,0,0,0,10,0,13,0,0,0,0,0,0,0,92,0,0,0,0,0,0,0,0,0,0,0,0,0,0,0,0,0,6,0,0,0,0,0,0,0,0,45,0,0,0,96,140,112,20,0,0,2
6,0,0,0,7,0,130,2,247,37,0,0,0,0,6,1,31,0,0,0,3,0,16,0,68,0,7,0,10,0,0,0,0,0,0,0,2,0,2,0,0,0,0,0,12,0,0,0,0,0,0,0,0,10,251,23,240,12,33,57,48,0,94,0,3,4,8,53,0,0,5,0,0,0,5,0,0,0,0,0,0,0,0,0,117,0,19,0,0,0,90,0,0,0,0,0,166,0,0,0,0,0,0,0,0,0,45,0,0,0,0,0,0,0,0,0,0,0,0,0,12,0,87,0,0,0,0,0,47,0,0,0,24,0,0,0,111,0,288,0,138,0,222,0,19,0,3,0,1,0,0,0,0,0,248,0,66,0,113,0,20,0,0,0,1,0,0,0,26,0,138,0,19,0,0,0,20,1,1,0,0,0,106,0,36,2,0,0,0,0,0,0,0,0,0,0,0,0,0,0,0,0,0,0,0,0,0,0,0,0,197,80,129,199,177,3,80,0,0,0,0,0,0,0,0
0,13,0,0,0,17,11,35,44,55,0,6,0,0,0,15,0,87,0,0,0,0,0,30,7,34,0,0,0,6,0,11,0,0,0,0,0,0,0,0,0,0,0,0,0,14,0,0,0,0,0,0,10,0,22,96,4,135,19,0,0,57,1,86,0,0,13,0,0,0,0,0,0,0,0,0,0,0,0,0,0,3,0,0,0,36,0,0,0,0,0,0,0,0,0,0,0,22,0,0,0,0,0,0,0,0,0,0,0,0,0,0,0,0,0,0,0,0,0,0,0,0,0,0,0,0,0,0,0,44,0,0,0,31,0,0,0,93,0,380,0,186,0,100,0,94,0,0,0,0,0,0,0,0,0,165,0,125,0,94,0,15,0,1,0,0,0,0,0,9,1,24,0,5,0,0,5,1,0,0,0,0,0,0,2,1,0,0,0,0,0,0,0,0,0,0,0,0,0,0,0,0,0,0,0,0,0,0,0,0,1,0,0,0,116,0,0,0,157,332,66,95,0,24,0
0,0,149,0,6,0,385,14,86,180,0,0,0,0,19,0,2,0,0,0,0,0,67,0,109,0,5,0,4,0,0,0,0,0,0,0,0,0,5,0,0,0,0,0,0,0,0,0,14,0,0,0,251,22,0,92,113,20,90,83,62,0,16,1,11,0,4,137,0,0,0,0,0,0,0,0,0,0,0,0,0,0,0,0,99,0,0,0,0,0,0,0,0,0,0,0,259,0,0,0,0,0,0,0,0,0,0,0,0,0,0,0,0,0,0,0,0,0,0,0,0,0,42,0,12,0,0,0,137,0,59,0,34,0,0,0,211,0,31,0,28,0,115,0,0,0,0,1,0,0,0,0,0,0,53,0,35,0,87,0,81,0,0,0,5,0,3,0,63,0,307,0,92,0,0,0,38,9,0,0,0,0,0,0,4,0,0,0,0,0,0,0,0,0,0,0,0,0,0,0,0,0,0,0,0,0,0,0,0,0,407,84,429,420,482,0,186,1,0,0,0,0,0,0,0
12,8,3,113,0,38,85,357,210,102,0,9,0,0,0,42,1,21,0,40,0,14,0,33,33,118,0,31,0,0,0,0,0,0,0,0,0,6,0,0,0,0,0,0,0,0,0,0,0,5,0,0,23,96,92,0,6,216,19,35,0,49,9,66,0,0,24,4,0,0,0,0,0,0,0,0,0,0,0,0,0,0,0,0,0,39,0,0,0,0,0,2,0,0,0,0,0,0,0,0,0,0,0,0,0,0,0,24,0,0,0,0,0,0,0,0,0,0,0,0,0,0,0,0,0,7,0,0,0,67,0,47,0,40,0,191,0,192,0,175,0,57,0,138,0,0,0,1,0,0,0,0,0,0,0,37,0,58,0,110,0,14,0,7,0,10,0,0,0,65,1,139,0,40,0,0,24,12,0,0,0,3,0,1,4,0,0,0,0,0,0,0,0,0,0,0,0,0,0,0,0,0,0,0,0,0,0,0,0,0,0,0,4,0,407,0,0,0,315,146,465,268,10,82,0
0,0,9,0,0,0,20,0,25,0,0,0,0,0,0,0,5,0,0,0,0,0,0,0,15,0,0,0,0,0,0,0,0,0,0,0,0,0,0,0,0,0,0,0,0,0,0,0,29,0,12,0,240,4,113,6,0,7,218,44,18,0,0,0,34,62,30,72,0,0,0,0,0,0,0,0,0,0,0,1,0,0,0,0,0,0,0,0,0,0,0,0,0,0,0,0,0,0,0,0,0,0,0,0,0,0,0,0,0,0,0,0,0,0,0,0,0,0,0,0,0,0,0,0,15,0,20,0,203,0,116,0,23,0,25,0,22,0,24,0,0,0,21,0,35,0,3,0,1,0,0,0,0,0,157,8,170,0,92,5,143,45,53,0,4,0,22,0,88,0,183,0,70,0,0,0,6,0,0,0,0,0,0,0,15,5,0,0,0,0,0,0,0,0,0,0,0,0,0,0,0,0,0,0,0,0,0,0,8,0,649,154,816,670,748,100,433,0,0,0,0,0,0,0,0
0,0,0,12,1,0,0,16,25,18,0,0,0,0,0,0,0,21,0,0,0,0,0,6,0,33,0,0,0,0,0,0,0,0,0,0,0,0,0,0,0,0,0,0,0,0,0,0,0,0,0,5,12,135,20,216,7,0,45,99,0,10,0,22,4,9,41,14,0,3,0,0,0,0,0,0,0,1,0,0,0,0,0,0,0,9,0,0,0,1,0,0,0,0,0,0,0,0,0,0,0,0,0,0,0,0,0,0,0,0,0,0,0,0,0,0,0,0,0,0,0,0,0,0,0,18,0,0,0,57,0,54,0,32,0,0,0,47,0,99,0,17,0,35,0,22,0,0,0,0,0,0,0,0,1,149,0,49,0,320,0,35,0,26,0,8,0,2,0,136,0,418,0,16,0,0,4,0,0,0,0,0,0,0,6,0,0,0,0,0,0,0,0,1,0,0,0,0,0,0,0,0,0,0,0,0,0,0,0,0,1,0,2,0,909,0,0,0,747,150,954,869,42,219,0
0,0,7,0,0,0,16,0,79,0,0,0,0,0,0,0,2,0,0,0,6,0,2,0,0,0,0,0,0,0,2,0,5,0,0,0,0,0,0,0,0,0,6,0,0,0,0,0,23,0,7,0,33,19,90,19,218,45,0,246,130,0,0,0,244,81,227,250,0,0,0,0,0,0,0,0,0,0,0,0,0,0,0,0,0,0,0,0,0,0,0,0,0,0,0,0,0,0,0,0,0,0,0,0,0,0,0,0,0,0,0,0,0,0,0,0,0,0,0,0,0,0,0,0,11,0,22,0,8,0,81,0,7,0,0,0,9,0,6,0,0,0,0,0,9,2,0,0,7,0,6,0,0,0,104,14,222,0,0,8,50,10,0,0,0,0,8,0,60,0,222,0,88,0,0,0,55,0,0,0,3,2,0,0,113,13,0,0,0,0,0,0,0,0,0,0,0,0,0,0,0,0,0,0,0,0,0,0,6,0,709,331,572,591,635,68,358,0,1,0,0,0,0,0,0
0,4,0,0,0,0,0,5,81,25,0,0,0,0,0,0,0,0,0,0,0,0,2,0,0,0,0,0,0,0,0,0,0,0,0,0,0,0,0,0,0,0,0,0,0,0,0,0,0,0,0,0,57,0,83,35,44,99,246,0,2,0,0,3,0,221,207,281,0,1,0,0,0,0,0,0,0,0,0,0,0,0,0,0,0,0,0,0,0,0,0,0,0,0,0,0,0,0,0,1,0,0,0,0,0,0,0,0,0,0,0,0,0,0,0,0,0,0,0,0,0,0,0,0,0,23,0,25,0,35,0,114,0,47,0,0,0,18,0,27,0,0,0,0,0,94,0,0,0,15,0,0,0,0,18,63,4,106,8,105,11,82,0,0,0,0,0,0,1,25,0,0,0,3,0,0,12,6,0,0,0,0,0,0,24,125,0,0,0,0,0,0,0,0,0,0,0,0,0,0,0,0,0,0,0,0,0,0,0,0,6,0,0,0,832,0,0,0,938,434,502,639,37,144,0
167,0,102,0,0,0,293,0,324,0,1,0,0,0,0,0,35,0,0,0,0,0,25,0,51,0,0,0,10,0,0,0,4,0,0,0,32,0,10,0,0,0,2,0,0,0,0,0,1,0,0,0,48,0,62,0,18,0,130,2,0,0,23,0,0,0,19,0,0,0,10,0,0,0,0,0,0,0,0,0,0,0,0,0,0,0,0,0,0,0,0,0,0,0,0,0,0,0,0,0,0,0,0,0,0,0,0,0,0,0,0,0,0,0,0,0,0,0,0,0,4,0,0,0,0,0,0,0,0,0,0,0,0,0,0,0,0,0,153,0,98,0,0,0,164,0,0,0,0,0,0,0,0,0,71,0,83,0,6,0,0,0,15,0,0,0,0,0,11,0,111,0,173,0,0,0,68,0,0,0,0,0,99,0,15,0,0,0,0,0,0,0,0,0,0,0,0,0,0,0,0,0,0,0,0,0,0,0,0,0,64,69,85,54,33,0,6,0,0,0,0,0,0,0,0
10,348,5,89,0,16,7,347,0,137,0,12,0,0,0,4,2,148,0,0,0,5,9,40,8,170,0,0,0,19,0,0,0,6,0,9,0,21,0,4,0,0,0,0,0,0,0,0,0,0,0,11,0,57,0,49,0,10,0,0,0,0,0,97,0,0,0,0,0,0,0,0,0,0,0,2,0,0,0,0,0,0,0,0,0,0,0,1,0,0,0,0,0,0,0,0,0,0,0,0,0,0,0,0,0,0,0,0,0,0,0,0,0,0,0,0,0,0,0,0,0,0,0,0,0,0,0,0,0,0,0,0,0,0,0,0,0,0,0,62,0,82,0,0,0,172,0,0,0,0,0,0,0,0,0,15,0,73,0,14,0,0,0,0,0,0,0,0,0,12,0,48,0,114,0,0,0,13,0,30,0,0,0,27,0,0,0,0,0,0,0,0,0,0,0,0,0,0,0,0,0,0,0,0,0,0,0,0,0,0,0,0,0,0,67,0,0,0,102,376,65,0,0,0,0
178,5,287,0,11,0,355,23,293,50,0,0,0,0,15,0,255,0,0,0,49,0,63,0,74,12,7,0,38,0,28,0,8,0,0,0,5,0,11,0,0,0,7,0,37,0,0,0,2,0,0,0,94,1,16,9,0,0,0,0,23,0,0,0,1,0,0,1,0,0,46,0,0,0,37,0,0,0,0,0,0,0,0,0,0,0,0,0,0,0,18,0,0,0,0,0,0,0,0,0,0,0,0,0,0,0,0,0,0,0,0,0,0,0,0,0,0,0,0,0,0,0,91,0,0,0,0,0,0,0,0,0,0,0,0,0,0,0,223,0,239,0,137,0,101,0,0,0,0,0,0,0,0,0,170,0,39,0,23,0,0,0,0,0,0,0,0,0,0,0,5,1,21,0,0,0,50,2,0,0,0,0,105,0,0,0,0,0,0,0,0,0,0,0,0,0,0,0,0,0,0,0,0,0,0,0,0,0,0,0,55,45,26,34,27,0,0,0,0,0,0,0,0,0,0
27,200,0,29,0,0,28,286,26,117,0,6,0,0,0,41,7,349,0,29,0,73,9,97,25,138,0,17,0,95,0,0,0,11,0,12,0,11,0,2,0,0,0,0,0,0,0,0,0,6,0,0,0,86,1,66,0,22,0,3,0,97,0,0,0,0,0,0,0,0,0,0,0,0,0,0,0,0,0,0,0,0,0,0,0,9,0,0,0,0,0,0,0,0,0,0,0,0,0,2,0,0,0,0,0,0,0,0,0,0,0,0,0,0,0,0,0,0,0,0,0,1,0,0,0,0,0,0,0,10,0,0,0,0,0,0,0,0,0,251,0,176,0,101,0,86,0,0,0,0,0,0,0,0,0,54,0,120,0,30,0,7,0,0,0,0,0,0,0,10,0,13,0,34,0,0,11,16,0,8,0,0,0,17,0,0,0,0,0,0,0,0,0,0,0,0,0,0,0,0,0,0,0,0,0,0,0,0,0,0,0,0,0,0,64,0,0,0,72,190,98,33,0,4,0
9,0,11,0,22,0,15,0,64,0,14,0,16,0,0,0,0,0,0,0,0,0,0,0,0,0,0,0,0,0,0,0,1,0,0,0,0,0,0,0,0,0,0,0,0,0,0,0,0,0,0,0,3,0,11,0,34,4,244,0,0,0,1,0,0,104,107,0,0,0,0,0,0,0,0,0,0,0,0,0,0,0,0,0,0,0,0,0,0,0,0,0,0,0,0,0,0,0,0,0,0,0,0,0,0,0,0,0,0,0,0,0,0,0,0,0,0,0,0,0,0,0,0,4,3,0,14,0,1,0,13,0,0,0,23,0,7,0,0,12,0,0,0,0,19,0,12,0,22,0,0,0,0,0,0,12,9,0,0,55,468,182,7,0,0,0,0,0,0,0,0,0,0,0,20,0,10,0,7,0,197,34,0,0,184,5,1,0,0,0,0,0,0,0,0,0,0,0,0,0,9,0,0,0,0,0,0,0,0,0,80,29,0,0,0,0,0,0,0,0,0,0,0,0,0
0,43,0,0,0,16,0,0,0,166,0,13,0,0,0,0,0,0,0,0,0,0,0,0,0,0,0,14,0,0,0,0,0,0,0,0,0,0,0,0,0,0,0,0,0,8,0,0,0,0,0,0,4,0,0,0,62,9,81,221,0,0,0,0,104,0,50,326,0,0,1,7,0,0,0,14,0,0,0,0,0,0,0,0,0,2,0,0,0,0,0,0,0,0,0,0,0,0,0,0,0,0,0,0,0,0,0,0,0,0,0,0,0,0,0,0,0,0,0,0,0,0,0,2,0,46,0,48,6,1,21,34,0,0,0,0,0,43,36,33,7,0,0,0,48,116,0,65,41,78,0,36,0,54,22,0,6,0,44,0,227,399,1,0,0,0,0,0,0,0,0,0,0,0,7,1,0,6,0,13,32,153,0,34,48,78,0,0,0,0,0,0,0,0,0,0,0,0,0,0,0,0,0,0,0,0,0,0,0,14,0,0,0,0,114,0,0,0,159,64,0,0,0,0,0
1,0,6,0,5,0,23,2,145,0,0,0,0,0,0,3,0,0,0,0,0,0,0,0,0,0,0,0,0,0,0,0,0,0,0,0,0,0,0,0,0,0,0,0,4,0,0,0,1,0,0,0,8,13,4,24,30,41,227,207,19,0,0,0,107,50,0,110,0,0,0,0,0,0,0,0,0,0,0,0,0,0,0,0,0,0,0,0,0,0,0,0,0,0,0,0,0,0,0,0,0,0,0,0,0,0,0,0,0,0,0,0,0,0,0,0,0,0,0,0,0,0,0,0,5,0,10,0,0,0,16,0,1,0,2,0,0,0,10,0,0,0,0,0,8,3,5,0,8,0,0,0,0,0,45,13,59,0,5,6,127,21,0,0,0,0,0,0,9,0,48,0,20,0,7,0,161,0,0,0,17,0,0,0,628,16,0,0,0,0,0,0,0,0,0,0,0,0,0,0,0,0,0,0,0,0,0,0,1,0,140,112,87,0,95,0,42,1,0,0,0,0,0,0,0
0,3,0,0,0,1,0,0,100,39,0,0,0,0,0,0,0,0,0,0,0,0,0,0,0,0,0,0,0,0,0,0,0,0,0,0,0,0,0,0,0,1,0,0,0,1,0,0,0,0,0,0,53,0,137,4,72,14,250,281,0,0,1,0,0,326,110,0,0,0,0,0,0,0,0,0,0,0,0,0,0,0,0,0,0,0,0,0,0,0,0,0,0,0,0,0,0,0,0,0,0,0,0,0,0,0,0,0,0,0,0,0,0,0,0,0,0,0,0,0,0,0,0,0,0,26,0,3,0,4,0,40,0,0,0,0,0,4,4,6,0,0,0,0,1,56,0,0,0,28,0,0,0,0,21,14,4,30,9,22,0,107,0,3,0,0,0,0,0,0,0,0,0,0,0,0,32,37,0,0,0,6,0,1,25,415,0,0,0,0,0,0,0,0,0,0,0,0,0,0,0,0,0,0,0,0,0,0,0,0,0,0,0,0,149,0,0,0,222,188,63,117,8,0,0
0,0,0,0,0,0,0,0,0,0,0,0,3,0,0,0,0,0,0,0,0,0,0,0,0,0,5,0,0,0,0,0,0,0,0,0,0,0,0,0,0,0,0,0,14,0,0,0,12,0,0,0,0,0,0,0,0,0,0,0,0,0,0,0,0,0,0,0,0,0,0,0,1,0,0,0,86,0,26,0,4,0,12,0,0,0,0,0,0,0,0,0,39,0,0,0,0,0,0,0,0,0,232,0,0,0,12,0,65,0,9,0,13,0,1,0,2,0,0,0,0,0,0,0,0,0,0,0,0,0,0,0,0,0,0,0,0,0,0,0,0,0,0,0,0,0,0,0,0,0,0,0,0,0,0,0,0,0,0,0,0,0,0,0,68,0,0,0,108,0,0,0,0,0,0,0,0,0,0,0,0,0,0,0,0,0,0,0,0,0,0,0,0,0,0,0,0,0,0,0,0,0,0,0,0,0,2,0,0,0,58,18,79,2,9,47,57,0,0,0,0,0,0,0,0
0,0,0,0,0,0,0,0,0,2,0,0,0,0,0,0,0,0,0,0,0,1,0,0,0,0,0,8,0,0,0,0,0,0,0,0,0,0,0,0,0,0,0,0,0,23,0,4,0,13,0,0,0,0,0,0,0,3,0,1,0,0,0,0,0,0,0,0,0,0,0,0,0,0,0,0,0,25,0,0,0,0,0,58,0,0,0,8,0,15,0,0,0,31,0,13,0,0,0,0,0,17,0,115,0,0,0,38,0,6,0,4,0,36,0,0,0,3,0,0,0,0,0,0,0,0,0,0,0,0,0,0,0,0,0,0,0,0,0,0,0,0,0,0,0,0,0,0,0,0,0,0,0,0,0,0,0,0,0,0,0,0,0,0,0,75,0,0,0,23,0,0,0,0,0,0,0,0,0,0,0,0,0,0,0,0,0,0,0,0,0,8,0,0,0,16,0,0,0,0,0,8,0,0,0,10,0,0,0,0,0,0,0,0,0,0,0,0,50,12,120,0,47,147,1
0,0,13,0,0,0,0,0,0,0,0,1,0,0,14,0,145,0,0,0,78,0,15,0,10,0,0,0,81,0,31,0,31,0,15,0,88,0,46,0,0,0,20,0,93,0,0,0,0,0,12,0,5,0,0,0,0,0,0,0,10,0,46,0,0,1,0,0,0,0,0,0,277,0,239,0,25,0,232,0,3,0,4,0,0,0,24,0,0,0,0,0,0,0,0,0,0,0,0,0,0,0,0,0,0,0,0,0,0,0,0,0,0,0,0,0,0,0,0,0,42,0,18,0,0,0,6,0,0,0,8,0,26,0,75,0,41,0,3,0,41,0,115,0,113,0,0,0,13,0,28,0,0,0,0,0,0,0,0,0,0,0,60,0,0,0,0,0,28,0,61,0,54,0,0,0,0,0,0,0,18,0,0,0,0,0,0,0,0,0,0,0,0,0,1,0,0,0,16,0,0,0,0,0,0,0,0,0,43,0,81,0,20,0,7,0,0,0,0,0,0,0,0,0,0
0,0,0,0,0,0,0,0,0,0,0,0,0,0,0,0,0,0,0,0,0,0,0,0,0,0,0,0,0,0,0,0,0,9,0,0,0,0,0,0,0,0,0,10,0,9,0,0,0,0,0,51,0,0,0,0,0,0,0,0,0,0,0,0,0,7,0,0,0,0,0,0,0,194,0,310,0,11,0,30,0,0,0,0,0,0,0,52,0,0,0,0,0,0,0,0,0,0,0,0,0,1,0,0,0,0,0,0,0,0,0,0,0,0,0,0,0,0,0,0,0,0,0,15,0,0,0,76,0,11,0,7,0,39,0,0,0,0,0,4,0,45,0,15,0,92,0,0,0,27,0,0,0,24,0,0,0,0,0,1,10,9,0,46,0,0,0,0,0,6,0,21,0,29,0,0,0,0,0,0,0,37,0,2,0,0,0,0,0,0,0,0,0,0,0,0,0,0,0,0,0,0,0,0,0,0,0,0,0,0,0,0,0,0,0,0,0,0,79,0,16,0,0,0,0
0,0,0,0,0,0,0,0,0,0,0,0,0,0,0,0,22,0,0,0,0,0,0,0,10,0,0,0,0,0,0,0,0,0,0,0,0,0,0,0,0,0,0,0,0,0,0,0,0,0,0,0,0,0,0,0,0,0,0,0,0,0,0,0,0,0,0,0,1,0,277,0,0,0,135,0,33,0,270,0,0,0,18,0,68,0,15,0,0,0,0,0,0,0,0,0,0,0,0,0,0,0,4,0,0,0,0,0,0,0,0,0,0,0,0,0,0,0,0,0,61,0,27,0,26,0,23,0,27,0,20,0,41,0,118,0,85,2,0,0,45,0,165,0,76,0,27,0,0,0,31,1,17,0,0,0,0,0,0,0,0,0,63,0,0,0,0,0,14,0,10,0,9,0,0,0,0,0,0,0,0,0,0,0,0,0,0,0,0,0,0,0,0,0,0,0,0,0,0,0,70,0,133,0,0,0,193,0,100,0,277,3,15,0,24,1,0,0,0,0,0,0,0,0,0
0,0,0,0,0,0,0,0,0,0,0,0,0,0,0,0,0,0,0,0,0,0,0,0,0,0,0,0,0,0,0,2,0,0,0,0,0,0,0,0,0,0,0,0,0,0,0,0,0,0,0,0,0,0,0,0,0,0,0,0,0,0,0,0,0,0,0,0,0,0,0,194,0,0,0,219,0,74,0,176,0,0,0,9,0,0,0,137,0,2,0,0,0,0,0,0,0,0,0,0,0,0,0,0,0,0,0,0,0,0,0,0,0,0,0,0,0,0,0,0,0,103,0,34,0,0,0,0,0,10,0,6,0,42,0,114,0,0,0,4,0,34,0,36,0,119,0,18,0,0,0,36,0,0,0,0,0,0,0,0,0,9,0,31,0,0,0,0,0,11,0,11,0,13,0,0,0,0,0,0,0,20,0,0,1,0,0,0,0,0,0,0,0,0,0,0,0,1,0,0,0,30,0,0,0,0,0,0,0,0,0,0,0,0,11,0,0,0,285,0,15,4,3,1,0
0,0,0,0,0,0,0,0,1,0,0,0,0,0,0,0,119,0,0,0,51,0,0,0,19,0,0,0,63,0,28,0,28,0,16,0,46,0,24,0,0,0,12,0,67,0,0,0,0,0,7,0,5,0,0,0,0,0,0,0,0,0,37,0,0,0,0,0,0,0,239,0,135,0,0,0,20,0,219,0,13,0,20,0,19,0,42,0,1,0,0,0,0,0,4,0,1,0,7,0,0,1,0,0,0,0,0,0,0,0,0,0,0,0,0,0,0,0,0,0,127,0,55,0,15,0,10,0,1,0,11,0,8,0,77,0,33,0,3,0,27,7,111,0,97,0,11,0,25,0,23,0,21,0,0,0,4,0,0,0,0,0,29,0,0,0,0,0,16,0,20,0,0,0,0,0,0,0,0,0,32,0,0,0,0,0,0,0,0,0,0,0,8,0,0,0,4,0,43,0,17,0,32,0,0,0,57,0,56,0,75,0,8,3,9,0,0,0,0,0,0,0,0,0,0
0,0,0,0,0,0,0,1,0,0,0,0,0,0,0,0,0,0,0,0,0,0,0,0,0,0,0,0,0,0,0,0,0,3,0,0,0,0,0,0,0,0,0,0,0,0,0,0,0,0,0,0,0,0,0,0,0,0,0,0,0,2,0,0,0,14,0,0,0,0,0,310,0,219,0,0,0,5,0,164,0,0,0,0,0,0,0,75,0,0,0,0,0,0,1,0,0,0,0,0,0,0,0,0,0,0,0,0,0,0,0,0,0,0,0,0,0,0,0,0,0,108,0,24,0,21,7,119,0,0,0,0,0,0,0,122,7,89,1,3,0,19,0,39,2,172,0,10,0,40,0,0,0,27,0,0,0,0,0,4,0,13,0,47,0,0,0,5,0,0,0,18,0,0,0,1,0,0,0,0,9,32,0,0,0,0,0,0,0,0,0,0,0,0,0,0,0,3,0,0,0,0,0,0,0,0,0,0,0,0,0,0,0,0,6,0,0,0,104,2,0,0,2,0,0
0,0,0,0,0,0,0,0,0,0,0,0,0,0,0,0,0,0,0,0,0,0,0,0,0,0,0,0,0,0,0,0,0,0,0,0,0,0,0,0,0,0,0,0,0,0,0,0,3,0,0,0,0,0,0,0,0,0,0,0,0,0,0,0,0,0,0,0,86,0,25,0,33,0,20,0,0,0,53,0,27,0,89,0,0,0,70,0,0,0,0,0,30,0,22,0,0,0,11,0,11,0,92,0,0,0,0,0,35,0,1,0,0,0,2,0,15,0,0,0,0,0,0,0,0,0,0,0,0,0,0,0,0,0,0,0,0,0,0,0,0,0,0,0,0,0,0,0,0,0,0,0,0,0,0,0,0,0,0,0,0,0,0,0,33,0,0,0,51,0,0,0,0,0,0,0,0,0,0,0,12,0,0,0,0,0,0,0,0,0,0,0,105,0,50,0,5,0,0,0,95,0,0,0,0,0,0,0,0,0,63,0,35,0,0,24,6,0,0,0,0,0,0,0,0
0,0,0,0,0,0,0,0,0,0,0,0,0,1,0,0,0,0,0,0,0,0,0,0,0,0,0,0,0,0,0,0,0,0,0,0,0,0,0,0,0,0,0,0,0,0,0,0,0,2,0,10,0,0,0,0,0,1,0,0,0,0,0,0,0,0,0,0,0,25,0,11,0,74,0,5,0,0,0,28,0,53,0,193,0,33,0,203,0,56,0,16,0,58,0,72,0,9,0,47,0,61,0,46,0,37,0,94,0,1,0,0,0,22,0,0,0,4,0,0,0,23,0,0,0,0,2,0,0,0,0,0,0,0,0,0,0,0,0,0,0,4,0,0,0,0,0,0,0,0,0,0,0,0,0,0,0,0,0,0,1,0,0,3,0,16,0,0,0,46,0,0,0,0,0,0,0,0,0,0,0,0,0,0,0,0,0,0,0,0,0,0,0,0,0,80,0,0,0,0,0,63,0,0,0,0,0,0,0,0,0,0,0,0,0,0,0,0,89,5,67,0,28,5,0
0,0,0,0,0,0,0,0,0,0,0,0,0,0,0,0,0,0,0,0,0,0,0,0,0,0,0,0,0,0,0,0,0,0,0,0,11,0,0,0,0,0,0,0,0,0,0,0,3,0,0,0,0,0,0,0,0,0,0,0,0,0,0,0,0,0,0,0,26,0,232,0,270,0,219,0,53,0,0,0,45,0,136,0,109,0,113,0,5,0,0,0,31,0,31,0,68,0,20,0,13,0,84,0,68,0,0,0,30,0,0,0,0,0,3,0,15,0,1,0,167,0,95,0,0,0,0,0,0,0,0,0,0,0,0,0,0,0,0,0,13,0,34,0,32,0,0,0,0,0,0,0,0,0,0,0,0,0,0,0,4,0,29,0,3,0,0,0,33,0,4,0,0,0,0,0,0,0,0,0,0,0,0,0,2,0,0,0,43,0,0,0,0,0,60,0,20,0,0,0,178,0,0,0,0,0,0,0,34,0,252,7,78,5,36,28,0,0,0,0,0,0,0,0,0
