0,94,42,0,93,0,16,149,9,0,61,3,89,0,36,25,62,96,18,0,0,0,64,85,13,241,0,0,118,10,56,0,73,0,0,0,19,0,355,31,0,0,0,0,0,0,4,0,12,0,0,0,0,0,1,0,0,0,2,0,58,0,0,0,1,0,3,0,0,0,0,0,0,0,0,0,0,0,0,0,0,0,0,0,0,0,0,0,0,0,0,0,0,0,0,0,0,0,0,0,0,0,0,0,0,0,0,0,0,0,0,0,0,0,0,0,0,0,0,0,0,0,0,0,0,0,0,0,0,0,0,0,0,0,17,0,0,0,0,0,0,0,0,0,0,0,10,0,15,0,0,0,8,0,0,0,0,0,0,0,0,0,0,0,19,0,0,0,0,0,0,0,167,0,0,0,248,91,7,0,3,0,28,0,7,0,3,0,0,0,0,0,0,0,0,0,0,0,4,0,0,0,0,0,0,0,0,0,1,0,431,151,202,0,199,0,0,0,0,0,0,0,0,0,0
94,0,78,56,0,175,51,24,0,29,0,133,0,60,0,103,73,40,0,122,21,0,146,116,77,52,0,36,0,67,0,28,18,195,0,0,3,116,0,228,0,9,0,0,0,9,0,30,0,0,0,0,0,3,0,0,0,0,0,0,0,17,0,7,0,18,0,4,0,0,0,0,0,0,0,0,0,0,0,0,0,0,0,0,0,0,0,10,0,0,0,0,0,0,0,0,0,0,0,0,0,0,0,0,0,0,0,0,0,0,0,0,0,0,0,0,0,0,0,0,0,7,0,3,0,0,0,3,0,0,0,9,0,0,0,0,0,52,0,0,0,0,0,0,0,4,0,0,0,21,0,36,0,18,0,0,0,5,0,0,0,39,0,3,0,0,0,44,0,0,0,0,0,217,0,0,43,387,0,6,0,55,6,25,0,59,0,0,0,0,0,0,0,0,0,0,0,0,0,0,0,0,0,0,0,0,0,0,0,41,0,0,0,0,189,0,1,0,879,193,393,136,6,5,0
42,78,0,68,214,0,54,43,15,0,27,0,59,0,181,0,114,69,95,0,67,0,258,94,46,150,0,0,237,0,115,0,208,0,0,0,50,6,286,0,15,0,0,0,0,0,0,0,13,0,0,0,0,0,42,0,24,0,0,0,0,0,7,0,13,0,6,0,0,0,0,0,0,0,0,0,0,0,0,0,0,0,0,0,0,0,0,0,0,0,0,0,0,0,0,0,40,0,0,0,0,0,0,0,0,0,0,0,0,0,0,0,0,0,0,0,0,0,0,0,0,0,0,0,16,0,0,0,0,0,36,0,32,0,250,0,276,0,0,0,0,0,201,0,0,0,20,0,72,0,32,0,22,0,6,0,0,0,0,0,49,0,0,0,0,0,50,0,0,0,0,0,206,0,0,0,103,53,8,0,10,0,6,0,16,0,0,0,0,0,0,0,0,0,0,0,0,0,71,0,175,0,0,0,31,0,0,0,44,0,459,87,347,209,385,0,0,0,0,0,0,0,0,0,0
0,56,68,0,69,147,0,55,0,7,47,5,0,0,98,299,33,12,0,139,67,89,193,254,10,252,0,0,0,0,36,42,52,121,0,0,20,44,0,0,0,0,0,0,0,9,0,0,0,0,0,13,0,0,0,30,0,15,0,7,0,0,0,0,0,0,0,0,0,0,0,0,0,0,4,0,0,0,0,0,0,0,0,0,0,0,0,0,0,0,0,0,0,0,0,0,0,8,0,0,0,0,0,0,0,0,0,0,0,0,0,0,0,0,0,0,0,0,0,0,0,0,0,0,0,0,0,15,0,0,4,0,0,51,0,155,0,324,0,0,0,0,0,44,0,0,0,10,0,15,0,47,0,0,0,0,0,0,0,0,0,0,0,0,0,0,0,73,0,0,0,0,0,125,0,0,37,175,0,11,0,0,0,3,0,4,0,0,0,0,0,0,0,0,0,0,0,3,0,0,0,135,0,0,0,0,0,0,0,136,0,0,35,0,0,0,0,0,205,28,310,78,0,0,0
93,0,214,69,0,0,14,0,25,0,174,53,171,0,193,118,20,0,86,155,129,73,98,60,0,0,94,31,0,9,194,0,194,18,176,0,170,6,27,0,42,0,0,0,32,0,53,0,0,0,58,0,0,0,0,0,6,0,0,0,0,0,0,0,4,0,0,0,0,0,0,0,0,0,0,0,0,0,0,0,0,0,0,0,0,0,0,0,0,0,0,0,0,0,0,0,0,0,0,0,0,0,0,0,0,0,0,0,0,0,0,0,0,0,0,0,0,0,0,0,0,0,0,0,0,0,0,0,0,0,0,0,0,0,52,0,0,0,0,0,0,0,0,0,0,0,9,0,28,0,0,0,0,0,0,0,0,0,0,0,0,0,0,0,24,0,198,0,0,0,15,0,185,0,0,0,252,106,145,0,33,0,46,0,26,0,20,0,0,0,0,0,0,0,0,0,2,0,0,0,0,0,0,0,0,0,0,0,13,0,429,234,397,126,197,0,0,0,0,0,0,0,0,0,0
0,175,0,147,0,0,0,23,0,41,0,194,0,135,294,204,0,0,0,257,84,363,39,123,0,23,0,109,0,0,0,129,0,192,0,0,0,160,0,0,0,23,0,0,0,13,0,104,0,3,0,0,0,0,0,0,0,0,0,1,0,0,0,0,0,11,0,5,0,0,0,0,0,0,0,0,0,0,0,0,0,0,0,0,0,0,0,0,0,0,0,0,0,0,0,0,0,0,0,0,0,0,0,0,0,0,0,0,0,0,0,0,0,3,0,0,0,0,0,0,0,0,0,0,0,0,0,0,0,0,0,0,0,0,0,0,0,37,0,0,0,0,0,0,0,0,0,0,0,7,0,0,0,0,0,0,0,6,0,0,0,0,0,0,0,0,0,272,0,0,0,0,0,202,0,0,26,343,6,33,0,38,0,0,0,0,0,19,0,0,0,0,0,0,0,0,0,0,0,0,0,0,0,0,0,0,0,0,0,0,0,0,0,0,132,0,0,0,682,324,538,115,0,0,0
16,51,54,0,14,0,0,0,6,0,8,1,0,0,11,0,11,40,0,0,0,0,13,0,137,113,0,0,162,3,0,0,6,0,0,0,0,0,137,0,0,0,0,0,0,0,0,0,0,0,2,0,52,25,92,0,7,0,0,0,135,0,221,0,7,0,7,0,4,0,0,0,0,0,0,0,0,0,0,0,0,0,0,0,0,0,0,0,0,0,0,0,0,0,0,0,0,0,0,0,0,0,0,0,0,0,0,0,0,0,0,0,0,0,0,0,0,0,0,0,0,0,0,0,7,0,1,0,7,0,13,0,9,0,37,0,13,0,0,0,0,0,0,0,0,0,1,0,13,0,0,0,0,0,0,0,0,0,2,0,20,0,0,0,0,0,0,0,105,0,88,0,247,0,0,0,64,48,0,0,0,0,2,0,0,0,0,0,0,0,0,0,0,0,0,0,0,0,0,0,16,0,0,0,0,0,0,0,0,0,552,93,364,366,463,0,0,0,0,0,0,0,0,0,0
149,24,43,55,0,23,0,0,97,10,0,1,0,0,0,46,120,21,0,44,0,0,31,30,246,431,0,0,0,108,0,0,0,0,0,0,0,0,0,308,0,0,0,0,0,3,0,0,0,0,0,0,0,6,0,23,0,6,0,5,0,0,67,33,0,0,0,0,0,0,0,0,0,0,0,0,0,0,0,0,0,0,0,0,0,0,0,0,0,0,0,0,0,0,0,0,0,0,0,0,0,0,0,0,0,0,0,0,0,0,0,0,0,0,0,0,0,0,0,0,0,0,0,0,0,4,0,0,0,0,0,0,0,0,0,0,0,43,0,0,0,0,0,0,0,0,0,0,0,0,0,0,0,0,0,2,0,0,0,0,0,0,0,6,0,31,0,0,0,41,0,0,0,200,0,1,35,169,0,0,0,0,0,0,0,0,0,0,0,3,0,0,0,2,0,0,0,0,0,0,0,0,0,0,0,0,0,0,0,0,0,0,0,0,255,0,0,0,506,28,543,191,0,0,0
9,0,15,0,25,0,6,97,0,175,11,0,17,0,17,0,11,0,6,0,0,0,5,0,10,172,0,0,0,4,0,0,0,0,0,0,0,0,53,0,0,0,0,0,8,0,0,0,21,0,0,0,77,112,45,195,2,0,27,0,224,0,123,111,23,0,19,58,7,0,0,0,0,0,0,0,0,0,0,0,0,0,0,0,0,0,0,0,0,0,0,0,0,0,0,0,0,0,0,0,0,0,0,0,0,0,0,0,0,0,0,0,0,0,0,0,0,0,0,0,0,0,0,0,16,0,1,0,0,0,35,0,7,0,91,0,38,0,0,0,0,0,14,0,0,0,9,0,61,0,16,0,6,0,0,0,0,0,0,0,6,0,0,0,30,1,0,0,75,0,119,0,159,0,0,0,228,115,7,0,0,0,28,0,16,0,0,0,0,0,0,0,0,0,0,0,0,0,0,0,31,0,0,0,0,0,0,0,20,0,541,145,234,0,281,0,0,1,0,0,0,0,0,0,0
0,29,0,7,0,41,0,10,175,0,0,21,0,8,0,10,0,0,0,44,0,0,0,0,167,80,0,0,0,0,0,0,0,0,0,0,0,0,0,128,0,0,0,0,0,4,0,8,0,0,0,0,125,91,104,52,0,6,0,4,0,120,137,121,0,31,0,67,0,2,0,0,0,0,0,0,0,0,0,0,0,0,0,0,0,0,0,0,0,0,0,0,0,0,0,0,0,0,0,0,0,0,0,0,0,0,0,0,0,0,0,0,0,1,0,0,0,0,0,0,0,1,0,0,0,0,0,7,0,0,0,11,1,0,0,0,0,32,0,0,0,0,0,1,0,0,0,13,0,25,0,50,0,29,0,12,0,22,0,0,0,0,0,0,0,20,0,0,0,0,0,56,0,83,0,0,63,379,0,0,0,0,0,5,0,22,0,0,0,0,0,0,0,0,0,0,0,1,0,0,0,11,0,0,0,0,0,14,0,21,0,0,0,0,206,0,0,0,662,75,307,0,0,0,0
61,0,27,47,174,0,8,0,11,0,0,0,133,0,59,79,10,0,17,26,43,23,50,27,0,0,0,0,0,0,60,0,62,0,31,0,96,0,11,0,7,0,0,0,5,0,0,0,6,0,0,0,1,0,0,0,0,0,0,0,1,0,0,0,0,0,0,0,0,0,0,0,0,0,0,0,2,0,0,0,0,0,0,0,0,0,0,0,0,0,0,0,0,0,0,0,0,0,0,0,0,0,0,0,0,0,0,0,0,0,0,0,0,0,0,0,0,0,0,0,0,0,0,0,0,0,0,0,0,0,0,0,0,0,0,0,0,0,1,0,0,0,0,0,0,0,0,0,5,0,0,0,0,0,0,0,0,0,0,0,0,0,0,0,0,0,90,0,81,0,0,0,78,0,15,0,160,50,85,0,38,0,40,0,14,0,8,0,0,0,0,0,0,0,0,0,0,0,0,0,0,0,0,0,0,0,0,0,0,0,200,101,186,0,87,0,2,0,6,0,5,0,0,0,0
3,133,0,5,53,194,1,1,0,21,0,0,11,201,190,46,0,0,0,71,38,139,19,93,0,0,0,58,0,0,6,73,7,194,0,78,0,99,0,0,0,38,0,0,0,10,0,58,0,10,0,24,0,0,0,0,0,0,0,0,0,0,0,0,0,0,0,0,0,0,0,0,0,0,0,8,0,0,0,0,0,0,0,0,0,0,0,0,0,0,0,0,0,0,1,0,0,0,0,0,0,0,0,0,0,0,0,0,0,0,0,0,0,3,0,0,0,0,0,0,0,11,0,0,0,5,0,0,0,0,0,4,0,0,0,0,0,0,0,0,0,0,0,0,0,0,0,6,0,7,0,4,0,23,0,0,0,0,0,0,0,4,0,0,1,30,0,78,0,0,0,0,0,85,0,43,20,264,3,25,0,98,0,46,0,47,0,2,0,0,0,0,0,0,0,0,0,5,0,0,0,0,0,0,0,0,0,0,0,0,0,0,0,0,46,0,0,0,309,205,202,0,6,0,0
89,0,59,0,171,0,0,0,17,0,133,11,0,161,29,34,0,0,124,315,115,83,40,0,0,0,222,536,0,0,0,0,0,0,233,35,34,0,0,0,79,46,68,116,68,25,175,72,18,0,324,58,0,0,0,0,0,0,0,0,0,0,0,0,2,0,0,0,0,0,0,0,0,0,0,0,0,0,0,0,0,0,0,0,0,0,0,0,0,0,0,0,0,0,0,0,0,0,0,0,0,0,0,0,0,0,0,0,0,0,0,0,0,0,0,0,0,0,0,0,0,0,0,0,0,0,0,0,0,0,0,0,0,0,0,0,17,0,0,0,0,0,0,0,0,0,0,0,0,0,0,0,0,0,0,0,0,0,0,0,0,0,0,0,63,0,32,0,0,0,0,0,0,0,24,0,155,116,146,0,23,0,51,0,14,0,313,8,0,0,0,0,0,0,0,0,0,0,0,0,0,0,0,0,0,0,0,0,0,0,120,194,196,0,30,0,2,0,0,0,18,0,0,0,0
0,60,0,0,0,135,0,0,0,8,0,201,161,0,85,11,0,0,392,71,153,144,0,0,0,0,133,57,0,0,0,51,0,0,137,277,0,20,0,0,18,96,0,77,0,49,0,150,0,39,86,193,0,0,0,0,0,0,0,3,0,0,0,0,0,0,0,0,0,1,0,0,0,0,0,0,0,0,0,0,0,0,0,0,0,0,0,0,0,0,0,0,0,0,0,0,0,0,0,0,0,0,0,0,0,0,0,0,0,0,0,0,0,0,0,0,0,0,0,0,0,0,0,0,0,0,0,0,0,0,0,0,0,0,0,0,0,0,0,0,0,0,0,0,0,0,0,0,0,0,0,0,0,0,0,0,0,0,0,0,0,0,0,0,0,77,0,0,0,0,0,0,0,0,0,0,10,435,6,29,0,31,0,23,0,0,30,55,0,0,0,0,0,0,0,0,0,0,0,0,0,0,0,0,0,0,0,0,0,0,0,0,0,0,0,0,0,0,198,507,392,0,0,0,0
36,0,181,98,193,294,11,0,17,0,59,190,29,85,0,394,43,6,149,317,191,193,278,133,112,0,50,0,3,0,257,38,42,57,138,55,48,20,0,0,9,0,2,0,8,0,16,0,12,0,27,0,17,0,46,0,0,0,0,0,0,0,12,0,0,0,0,0,0,0,0,0,0,0,0,0,0,0,0,0,0,0,0,0,0,0,0,0,0,0,0,0,0,0,0,0,0,0,0,0,0,0,0,0,0,0,0,0,0,0,0,0,0,0,0,0,0,0,0,0,0,0,0,0,0,0,0,0,0,0,0,0,0,0,41,0,50,0,0,0,0,0,0,0,0,0,0,0,29,0,0,0,0,0,25,0,0,0,0,0,0,0,7,0,0,0,173,0,140,0,7,0,65,0,0,0,289,166,43,0,0,0,24,0,17,0,3,0,0,0,0,0,0,0,0,0,2,0,0,0,0,0,0,0,0,0,0,0,0,0,177,176,144,0,64,0,0,0,0,0,30,0,0,0,0
25,103,0,299,118,204,0,46,0,10,79,46,34,11,394,0,24,34,0,469,62,495,95,240,3,54,0,84,0,10,22,53,28,13,0,89,17,73,0,2,0,0,0,22,0,0,0,0,0,0,0,19,0,6,0,74,0,53,0,0,0,0,0,11,0,5,0,0,0,0,0,6,0,0,0,0,0,0,0,0,0,159,0,0,0,169,0,0,0,0,0,0,0,0,0,0,0,0,0,0,0,0,0,0,0,0,0,0,0,0,0,0,0,0,0,0,0,0,0,2,0,46,0,13,0,0,0,0,0,0,0,0,0,0,0,228,0,271,0,0,0,0,0,258,0,11,0,0,0,0,0,15,0,0,0,19,0,8,0,0,0,0,0,0,0,0,0,74,0,62,0,0,0,44,0,0,34,233,17,17,0,0,4,4,0,16,0,0,0,0,0,0,0,0,0,0,0,0,0,0,0,0,0,0,0,0,0,0,0,42,0,7,0,0,0,0,0,0,125,135,116,0,0,0,0
62,73,114,33,20,0,11,120,11,0,10,0,0,0,43,24,0,55,105,0,142,0,19,52,82,235,62,0,217,0,35,0,12,0,0,0,3,0,58,16,0,0,2,0,31,0,14,0,0,0,0,0,119,8,20,0,10,0,0,0,0,1,100,28,0,0,0,3,0,0,0,0,0,0,7,0,0,0,0,0,28,0,0,0,432,0,0,0,0,0,115,0,0,0,0,0,422,0,67,0,0,0,0,0,0,0,163,0,0,0,0,0,0,0,0,0,0,0,0,0,19,0,114,0,0,0,7,0,54,0,0,0,37,0,0,0,107,0,54,0,102,0,289,0,0,0,0,0,0,0,0,0,0,0,56,0,0,0,54,0,0,0,0,0,0,0,3,0,0,0,0,0,35,4,0,0,111,41,0,0,0,0,40,0,3,0,2,0,0,0,0,0,0,0,0,0,0,0,0,0,20,0,0,0,0,0,0,0,22,0,45,69,84,54,51,0,0,0,0,0,0,1,0,0,0
96,40,69,12,0,0,40,21,0,0,0,0,0,0,6,34,55,0,0,23,13,105,89,179,91,111,0,0,0,143,0,5,0,70,0,0,0,8,24,134,0,0,0,0,0,0,0,0,0,0,0,0,0,53,0,24,0,55,0,6,0,2,0,88,0,0,0,0,0,0,0,0,0,0,0,0,0,0,0,0,0,37,0,0,0,72,0,0,0,2,0,0,0,0,0,0,0,3,0,0,0,0,0,0,0,0,0,0,0,0,0,0,0,0,0,0,0,0,0,0,0,0,0,0,0,0,0,0,0,0,0,0,0,36,0,0,0,140,0,126,0,181,0,292,0,0,0,0,0,0,0,0,0,0,0,51,0,1,0,53,0,0,0,0,0,7,0,0,0,0,0,11,0,34,0,0,0,83,0,0,0,0,0,1,0,2,0,0,0,0,0,0,0,0,0,0,0,0,0,0,0,0,0,0,0,0,0,0,0,0,0,0,0,0,23,0,0,0,21,47,67,0,0,0,0
18,0,95,0,86,0,0,0,6,0,17,0,124,392,149,0,105,0,0,524,194,170,248,0,0,0,165,586,0,0,58,0,0,0,154,84,29,0,0,0,24,20,18,109,32,0,57,0,16,0,129,73,0,0,0,0,0,0,0,0,0,0,26,1,0,0,0,0,0,0,0,0,0,0,0,0,0,0,0,0,0,0,0,0,0,0,0,0,0,0,0,0,0,0,0,0,499,0,0,0,0,0,0,0,0,0,0,0,0,0,0,0,0,0,0,0,0,0,0,0,0,0,0,0,0,0,0,0,0,0,0,0,0,0,0,0,0,0,0,0,0,0,0,0,0,0,0,0,0,0,0,0,0,0,0,0,0,0,0,0,0,0,7,0,40,0,69,0,0,0,6,0,0,0,0,0,109,88,26,0,0,0,11,0,0,0,64,0,0,0,0,0,0,0,0,0,0,0,0,0,0,0,0,0,0,0,0,0,0,0,106,135,165,0,33,0,0,0,0,0,0,0,0,0,0
0,122,0,139,155,257,0,44,0,44,26,71,315,71,317,469,0,23,524,0,291,562,0,92,0,26,34,148,0,0,43,66,0,0,243,202,0,59,0,0,0,1,0,61,0,13,2,27,0,0,61,145,0,0,0,0,0,0,0,4,0,0,0,36,0,0,0,0,0,0,0,37,0,0,1,49,0,0,0,0,0,345,0,0,0,323,0,0,0,0,0,0,0,0,0,0,0,36,0,0,0,0,0,0,0,0,0,0,0,0,0,0,0,0,0,0,0,0,0,0,0,0,0,0,0,0,0,0,0,0,0,0,0,0,0,0,0,0,0,0,0,105,0,543,0,22,0,0,0,28,0,80,0,0,0,20,0,0,0,0,0,0,0,0,0,118,0,50,0,0,0,0,0,38,0,0,16,278,0,15,0,0,0,10,0,61,11,20,0,0,0,0,0,0,0,0,0,0,0,0,0,0,0,0,0,0,0,38,0,0,21,0,0,0,57,0,0,0,187,233,255,0,0,0,0
0,21,67,67,129,84,0,0,0,0,43,38,115,153,191,62,142,13,194,291,0,110,105,36,34,0,199,216,17,7,133,0,216,18,129,41,48,0,0,0,23,9,15,51,78,0,32,0,0,0,36,0,18,0,17,0,0,0,0,0,0,0,44,0,0,0,0,0,0,0,47,0,0,0,56,0,0,0,0,0,128,0,0,0,608,1,87,0,0,0,0,0,0,0,0,0,415,0,290,0,0,0,0,0,0,0,135,0,0,0,0,0,0,0,0,0,0,0,0,0,172,0,301,0,0,0,0,0,0,0,0,0,24,0,0,0,0,0,79,0,138,0,300,0,0,0,0,0,0,0,0,0,0,0,14,0,2,0,13,0,0,0,0,0,0,0,92,0,133,0,0,0,58,0,0,0,92,39,55,0,0,0,10,0,0,0,40,0,0,0,0,0,0,0,0,0,0,0,0,0,0,0,0,0,0,0,0,0,0,0,205,251,131,0,63,0,0,0,0,0,0,0,0,0,0
0,0,0,89,73,363,0,0,0,0,23,139,83,144,193,495,0,105,170,562,110,0,0,182,0,51,0,274,0,184,0,52,3,155,88,172,0,51,0,0,0,0,0,43,0,23,0,17,0,1,31,54,0,47,0,28,0,0,0,0,0,12,0,108,0,3,0,0,0,0,0,11,0,0,0,36,0,0,0,4,0,0,0,0,0,327,0,0,0,0,0,7,0,0,0,0,0,18,0,0,0,0,0,0,0,0,0,0,0,0,0,0,0,0,0,0,0,0,0,0,0,94,0,0,0,0,0,0,0,0,0,0,0,0,0,0,0,0,0,213,0,686,0,1046,0,74,0,0,0,4,0,0,0,0,0,0,0,0,0,22,0,0,0,0,0,0,0,50,0,0,0,0,0,16,0,0,8,189,0,12,0,0,0,0,0,0,0,11,0,0,0,0,0,0,0,0,0,0,0,0,0,0,0,0,0,0,0,0,0,0,0,0,0,0,17,0,0,0,123,256,94,0,0,0,0
64,146,258,193,98,39,13,31,5,0,50,19,40,0,278,95,19,89,248,0,105,0,0,231,73,162,79,0,0,37,32,0,25,42,0,0,18,6,27,34,71,0,0,0,49,0,73,0,0,0,0,0,36,0,61,0,0,0,0,0,0,0,12,0,0,0,0,0,0,0,0,0,0,0,2,0,0,0,0,0,0,0,0,0,198,0,0,0,0,0,127,0,0,0,0,0,405,0,0,0,0,0,0,0,0,0,0,0,0,0,0,0,0,0,0,0,0,0,0,0,2,0,0,0,0,0,0,0,0,0,0,0,10,0,0,0,128,0,0,0,31,0,185,0,0,0,0,0,0,0,0,0,0,0,59,0,1,0,24,0,0,0,0,0,0,0,10,0,0,0,0,0,41,0,0,0,233,87,84,0,9,0,53,0,9,0,3,0,0,0,0,0,0,0,0,0,0,0,0,0,142,0,0,0,0,0,0,0,0,0,58,116,71,0,50,0,0,0,0,0,19,0,0,0,0
85,116,94,254,60,123,0,30,0,0,27,93,0,0,133,240,52,179,0,92,36,182,231,0,0,33,0,0,18,149,28,13,35,45,0,17,10,43,0,20,0,0,0,2,0,0,0,0,0,0,0,13,0,12,0,12,0,0,0,0,0,0,0,25,0,0,0,0,0,0,0,5,0,0,0,0,0,0,0,0,0,127,0,0,0,139,0,0,0,0,0,0,0,0,0,0,0,0,0,0,0,0,0,0,0,0,0,0,0,0,0,0,0,0,0,0,0,0,0,0,0,21,0,0,0,0,0,0,0,0,0,0,0,0,0,0,0,0,0,0,0,39,0,191,0,0,0,0,0,0,0,0,0,0,0,0,0,0,0,0,0,0,0,0,0,0,0,34,0,30,0,10,0,36,0,0,26,246,0,35,0,0,0,0,0,0,0,0,0,0,0,0,0,0,0,0,0,0,0,0,0,0,0,0,0,0,0,0,0,0,0,0,0,0,41,0,0,0,108,190,100,32,0,0,0
13,77,46,10,0,0,137,246,10,167,0,0,0,0,112,3,82,91,0,0,34,0,73,0,0,365,0,0,170,0,38,0,19,0,0,0,0,0,88,24,0,0,0,0,0,0,0,0,10,0,0,0,57,42,52,57,21,0,7,0,15,0,54,110,0,1,0,9,0,0,0,0,0,0,0,0,0,0,0,0,0,0,0,0,68,0,0,0,0,0,39,0,0,0,0,0,115,0,0,0,0,0,0,0,0,0,81,0,0,0,0,0,0,0,0,0,0,0,0,0,0,0,0,0,1,0,0,0,24,0,0,0,0,0,0,0,54,0,0,0,10,0,84,0,0,0,0,0,0,0,0,0,0,0,29,0,0,0,23,0,3,0,0,0,16,0,4,0,36,0,16,1,66,0,0,0,126,86,0,0,0,0,20,0,0,0,0,0,0,0,0,0,0,0,0,0,0,0,0,0,98,0,0,0,0,0,0,0,0,0,135,90,122,141,145,0,0,0,0,0,12,0,0,0,0
241,52,150,252,0,23,113,431,172,80,0,0,0,0,0,54,235,111,0,26,0,51,162,33,365,0,0,0,49,116,18,0,27,16,0,0,0,0,46,59,0,0,0,0,0,2,0,0,0,0,0,0,23,25,34,110,0,117,0,12,0,0,120,20,0,0,0,0,0,0,0,0,0,0,0,0,0,0,0,0,0,0,0,0,0,62,0,0,0,0,0,0,0,0,0,0,0,16,0,0,0,0,0,0,0,0,0,0,0,0,0,0,0,0,0,0,0,0,0,0,0,0,0,0,0,0,0,0,0,0,0,0,0,97,1,268,0,209,0,0,0,0,0,189,0,0,0,0,0,0,0,0,0,0,0,15,0,0,0,0,0,8,0,0,0,0,0,0,0,0,0,20,18,56,1,0,59,207,0,0,0,2,12,0,0,0,0,0,0,0,0,0,0,1,0,0,0,0,0,20,0,0,0,0,0,0,0,0,0,0,20,0,0,0,66,0,0,0,65,96,104,0,0,6,0
0,0,0,0,94,0,0,0,0,0,0,0,222,133,50,0,62,0,165,34,199,0,79,0,0,0,0,948,8,0,46,2,0,0,45,25,90,0,4,0,20,236,120,207,143,260,65,311,54,0,212,103,0,0,0,0,0,0,0,0,0,0,12,0,0,0,0,0,0,0,59,0,0,0,95,0,0,0,0,0,0,0,0,0,0,0,0,0,0,0,0,0,0,0,0,0,0,0,0,0,0,0,0,0,0,0,0,0,0,0,0,0,0,0,0,0,0,0,0,0,170,0,0,0,0,0,0,0,0,0,0,0,0,0,0,0,0,0,0,0,67,0,0,0,0,0,0,0,0,0,0,0,0,0,0,0,0,0,0,0,0,0,0,0,68,0,0,0,0,0,0,0,0,0,0,0,0,111,13,0,0,0,0,0,0,0,220,0,0,0,0,0,0,0,0,0,0,0,0,0,0,0,0,0,0,0,0,0,0,0,34,245,246,0,16,0,0,0,0,31,0,0,0,0,0
0,36,0,0,31,109,0,0,0,0,0,58,536,57,0,84,0,0,586,148,216,274,0,0,0,0,948,0,0,0,0,20,0,0,219,108,0,46,0,0,240,36,152,312,76,326,0,102,0,31,393,340,0,0,0,0,0,0,0,0,0,0,0,0,0,0,0,0,0,0,0,0,0,0,0,0,0,0,0,0,0,0,0,0,0,248,0,0,0,0,0,0,0,0,0,0,0,0,0,0,0,0,0,0,0,0,0,0,0,0,0,0,0,0,0,0,0,0,0,0,0,0,0,0,0,0,0,0,0,0,0,0,0,0,0,0,0,0,0,0,0,0,0,640,0,32,0,0,0,0,0,0,0,0,0,0,0,0,0,0,0,0,0,0,0,62,0,14,0,0,0,0,0,0,0,0,0,249,0,0,0,0,0,4,0,9,52,14,0,0,0,0,0,0,0,0,0,0,0,0,0,0,0,0,0,0,0,0,0,0,0,0,0,0,9,0,0,0,77,307,336,0,0,0,11
118,0,237,0,0,0,162,0,0,0,0,0,0,0,3,0,217,0,0,0,17,0,0,18,170,49,8,0,0,0,0,0,14,0,3,0,0,0,0,0,0,0,7,0,0,0,0,0,1,0,0,0,8,0,0,3,0,0,0,0,19,0,25,0,0,0,0,0,0,0,3,0,0,0,0,0,0,0,0,0,0,0,0,0,42,0,0,0,0,0,0,0,0,0,0,0,29,0,0,0,0,0,0,0,0,0,0,0,0,0,0,0,0,0,0,0,0,0,0,0,6,0,21,0,0,0,0,0,4,0,0,0,0,0,0,0,0,0,69,0,35,0,56,0,6,0,0,0,0,0,0,0,0,0,6,0,0,0,22,0,0,0,0,0,0,0,0,0,0,0,0,0,0,0,0,0,65,9,0,0,0,0,82,0,0,0,0,0,0,0,0,0,0,0,0,0,0,0,0,0,0,0,0,0,0,0,0,0,0,0,5,32,0,0,0,0,0,0,0,1,0,0,0,0,0
10,67,0,0,9,0,3,108,4,0,0,0,0,0,0,10,0,143,0,0,7,184,37,149,0,116,0,0,0,0,7,20,0,99,0,21,0,7,0,41,0,0,0,13,0,0,0,0,0,0,0,0,0,33,0,20,0,17,1,0,0,25,0,44,0,0,0,0,0,0,0,0,0,0,0,0,0,0,0,0,0,31,0,0,0,25,0,0,0,0,0,0,0,0,0,0,0,4,0,11,0,0,0,0,0,0,0,0,0,0,0,0,0,0,0,0,0,0,0,0,0,0,0,0,0,0,0,0,0,0,0,0,0,31,0,56,0,76,0,128,0,163,0,207,0,24,0,0,0,0,0,0,0,0,0,14,0,1,0,34,0,0,0,0,0,0,0,1,0,0,0,0,0,0,0,0,3,55,0,8,0,0,0,20,0,0,0,0,0,0,0,0,0,0,0,0,0,0,0,0,0,0,0,0,0,0,0,0,0,0,0,0,9,0,0,0,0,0,0,10,0,0,0,0,0
56,0,115,36,194,0,0,0,0,0,60,6,0,0,257,22,35,0,58,43,133,0,32,28,38,18,46,0,0,7,0,0,9,6,109,0,26,0,0,5,0,0,50,0,8,0,0,0,0,0,29,0,6,0,6,0,0,0,0,0,1,0,11,0,0,0,0,0,0,0,14,0,0,0,12,0,0,0,0,0,0,0,0,0,100,0,0,0,0,0,0,0,0,0,0,0,65,0,0,0,0,0,0,0,0,0,0,0,0,0,0,0,0,0,0,0,0,0,0,0,37,0,68,0,0,0,0,0,0,0,0,0,7,0,0,0,0,0,52,0,61,0,108,0,19,0,1,0,0,0,0,0,0,0,0,0,2,0,0,0,0,0,0,0,0,0,19,0,37,0,0,0,24,0,0,0,84,24,65,0,0,0,0,0,0,0,0,0,0,0,0,0,0,0,0,0,0,0,0,0,0,0,0,0,0,0,0,0,0,0,69,133,34,15,24,0,0,0,0,0,0,0,0,0,0
0,28,0,42,0,129,0,0,0,0,0,73,0,51,38,53,0,5,0,66,0,52,0,13,0,0,2,20,0,20,0,0,2,4,0,4,0,44,0,0,0,0,0,6,0,4,0,0,0,0,0,5,0,0,0,6,0,0,0,0,0,3,0,9,0,0,0,0,0,0,0,0,0,0,0,0,0,0,0,0,0,0,0,0,0,0,0,0,0,0,0,0,0,0,0,0,0,0,0,0,0,0,0,0,0,0,0,0,0,0,0,0,0,0,0,0,0,0,0,0,0,0,0,0,0,0,0,0,0,0,0,0,0,0,0,0,0,0,0,0,0,161,0,168,0,0,0,0,0,0,0,0,0,0,0,0,0,0,0,0,0,0,0,0,0,0,0,18,0,0,0,0,0,0,0,0,0,74,0,7,0,0,0,0,0,0,0,0,0,0,0,0,0,0,0,1,0,0,0,0,0,0,0,0,0,0,0,0,0,0,0,0,1,0,0,0,0,0,0,76,24,0,0,0,0
73,18,208,52,194,0,6,0,0,0,62,7,0,0,42,28,12,0,0,0,216,3,25,35,19,27,0,0,14,0,9,2,0,0,33,0,231,0,0,0,0,0,15,0,8,0,0,0,5,0,9,0,10,0,0,0,0,0,1,0,5,0,11,0,1,0,0,0,0,0,18,0,0,0,0,0,0,0,0,0,0,0,0,0,0,0,0,0,0,0,0,0,0,0,0,0,0,0,0,0,0,0,0,0,0,0,0,0,0,0,0,0,0,0,0,0,0,0,0,0,54,0,69,0,0,0,0,0,0,0,0,0,0,0,0,0,0,0,71,0,59,0,87,0,31,0,0,0,0,0,0,0,0,0,10,0,4,0,11,0,0,0,5,0,0,0,31,0,0,0,2,0,27,0,0,0,110,18,83,0,0,0,49,0,0,0,0,0,0,0,0,0,0,0,0,0,0,0,0,0,0,0,0,0,0,0,0,0,0,0,41,150,34,0,0,0,0,0,0,1,0,0,0,0,0
0,195,0,121,18,192,0,0,0,0,0,194,0,0,57,13,0,70,0,0,18,155,42,45,0,16,0,0,0,99,6,4,0,0,0,4,0,182,0,2,0,0,0,5,0,0,0,0,0,0,0,0,0,0,0,0,0,3,0,0,0,6,0,15,0,0,0,0,0,0,0,0,0,0,0,1,0,0,0,0,0,0,0,0,0,31,0,0,0,0,0,0,0,0,0,0,0,0,0,0,0,0,0,0,0,0,0,0,0,0,0,0,0,0,0,0,0,0,0,0,0,0,0,3,0,0,0,0,0,0,0,0,0,0,0,0,0,0,0,0,0,79,0,135,0,17,0,0,0,0,0,0,0,0,0,0,0,7,0,0,0,0,0,0,0,0,0,24,0,0,0,0,0,12,0,0,0,197,0,30,0,0,0,13,0,0,0,0,0,0,0,0,0,0,0,0,0,0,0,0,0,0,0,0,0,0,0,0,0,0,0,0,0,0,0,0,0,0,0,307,0,0,0,0,0
0,0,0,0,176,0,0,0,0,0,31,0,233,137,138,0,0,0,154,243,129,88,0,0,0,0,45,219,3,0,109,0,33,0,0,0,174,0,0,0,6,15,56,51,11,0,0,0,6,0,143,31,0,0,0,0,0,0,0,0,0,0,0,0,0,0,0,0,0,0,11,0,0,0,0,0,0,0,0,0,0,0,0,0,0,0,0,0,0,0,0,0,0,0,0,0,0,0,0,0,0,0,0,0,0,0,0,0,0,0,0,0,0,0,0,0,0,0,0,0,0,0,0,0,0,0,0,0,0,0,0,0,0,0,0,0,0,0,0,0,8,0,0,0,0,0,0,0,0,0,0,0,0,0,4,0,0,0,0,0,0,0,3,0,31,0,63,0,45,0,0,0,12,0,0,0,69,17,99,0,0,0,0,0,0,0,87,0,0,0,0,0,0,0,0,0,0,0,0,0,0,0,0,0,0,0,0,0,0,0,67,207,152,27,28,0,0,0,0,0,0,0,0,0,0
0,0,0,0,0,0,0,0,0,0,0,78,35,277,55,89,0,0,84,202,41,172,0,17,0,0,25,108,0,21,0,4,0,4,0,0,0,390,0,1,0,0,0,50,0,17,0,7,0,0,0,102,0,0,0,0,0,0,0,0,0,2,0,0,0,0,0,0,0,0,0,0,0,0,0,0,0,0,0,0,0,0,0,0,0,54,0,0,0,0,0,0,0,0,0,0,0,0,0,0,0,0,0,0,0,0,0,0,0,0,0,0,0,0,0,0,0,0,0,0,0,0,0,0,0,0,0,0,0,0,0,0,0,0,0,0,0,0,0,50,0,260,0,334,0,29,0,0,0,0,0,0,0,0,0,0,0,0,0,0,0,0,0,0,0,47,0,66,0,0,0,0,0,17,0,0,2,102,0,0,0,0,0,0,0,0,0,52,0,0,0,0,0,0,0,0,0,0,0,0,0,0,0,0,0,0,0,0,0,0,0,0,0,0,0,0,0,0,57,221,127,17,0,0,0
19,3,50,20,170,0,0,0,0,0,96,0,34,0,48,17,3,0,29,0,48,0,18,10,0,0,90,0,0,0,26,0,231,0,174,0,0,0,37,0,0,0,77,0,66,0,0,0,6,0,50,0,2,0,3,0,0,0,0,0,0,0,0,0,0,0,0,0,0,0,93,0,32,0,106,0,0,0,46,0,152,0,0,0,120,0,98,0,0,0,0,0,0,0,0,0,0,0,206,0,0,0,0,0,0,0,0,0,0,0,0,0,0,0,0,0,0,0,0,0,188,0,114,0,0,0,0,0,0,0,0,0,0,0,0,0,0,0,87,0,94,0,0,0,98,0,0,0,0,0,0,0,0,0,21,0,15,0,6,0,0,0,53,0,19,0,24,0,67,0,0,0,50,0,0,0,52,15,82,0,0,0,0,0,0,0,12,0,0,0,0,0,0,0,0,0,0,0,0,0,0,0,0,0,0,0,0,0,0,0,44,71,83,19,22,0,0,0,0,0,0,0,0,0,0
0,116,6,44,6,160,0,0,0,0,0,99,0,20,20,73,0,8,0,59,0,51,6,43,0,0,0,46,0,7,0,44,0,182,0,390,0,0,0,60,0,4,0,101,0,16,0,0,0,0,0,40,0,1,0,0,0,0,0,0,0,31,0,11,0,0,0,0,0,0,0,0,0,0,0,0,0,0,0,0,0,0,0,0,0,0,0,0,0,0,0,0,0,0,0,0,0,0,0,0,0,0,0,0,0,0,0,0,0,0,0,0,0,3,0,0,0,0,0,0,0,0,0,0,0,0,0,0,0,0,0,0,0,0,0,0,0,0,0,68,0,247,0,177,0,105,0,0,0,0,0,0,0,0,0,0,0,19,0,5,0,0,0,0,0,20,0,29,0,34,0,8,0,40,0,0,0,83,0,16,0,0,0,0,0,0,0,7,0,0,0,0,0,0,0,0,0,0,0,0,0,0,0,0,0,0,0,0,0,0,0,0,0,0,0,0,0,0,30,381,59,0,0,0,0
355,0,286,0,27,0,137,0,53,0,11,0,0,0,0,0,58,24,0,0,0,0,27,0,88,46,4,0,0,0,0,0,0,0,0,0,37,0,0,0,0,0,0,0,11,0,0,0,1,0,2,0,5,0,0,0,0,0,0,0,12,0,5,0,0,0,0,0,0,0,0,0,0,0,0,0,0,0,0,0,0,0,0,0,13,0,0,0,0,0,0,0,0,0,0,0,0,0,0,0,0,0,0,0,0,0,0,0,0,0,0,0,0,0,0,0,0,0,0,0,0,0,12,0,0,0,0,0,0,0,0,0,0,0,0,0,0,0,65,0,20,0,0,0,14,0,0,0,0,0,0,0,0,0,49,0,47,0,9,0,0,0,0,0,0,0,39,0,0,0,3,0,16,0,0,0,146,28,0,0,6,0,166,0,0,0,0,0,0,0,0,0,0,0,0,0,0,0,0,0,0,0,0,0,0,0,0,0,0,0,2,158,6,9,8,0,0,0,0,0,4,0,0,0,0
31,228,0,0,0,0,0,308,0,128,0,0,0,0,0,2,16,134,0,0,0,0,34,20,24,59,0,0,0,41,5,0,0,2,0,1,0,60,0,0,0,0,0,0,0,0,0,0,0,1,0,0,0,3,2,51,0,2,0,0,0,19,0,14,0,0,0,0,0,0,0,0,0,0,0,1,0,0,0,0,0,0,0,0,0,0,0,0,0,0,0,0,0,0,0,0,0,0,0,0,0,0,0,0,0,0,0,0,0,0,0,0,0,0,0,0,0,0,0,0,0,0,0,0,0,0,0,0,0,0,0,0,0,0,0,0,0,0,0,41,0,17,0,30,0,33,0,0,0,0,0,0,0,0,0,0,0,7,0,0,0,0,0,0,0,0,0,3,0,0,0,0,0,14,0,0,12,214,0,0,0,0,0,99,0,0,0,0,0,0,0,0,0,0,0,0,0,0,0,0,0,0,0,0,0,0,0,0,0,0,0,0,0,0,0,0,0,0,4,232,0,0,0,0,0
0,0,15,0,42,0,0,0,0,0,7,0,79,18,9,0,0,0,24,0,23,0,71,0,0,0,20,240,0,0,0,0,0,0,6,0,0,0,0,0,0,83,143,55,89,177,51,112,66,21,114,0,3,0,0,0,0,0,0,0,0,0,2,0,0,0,0,0,0,0,0,0,0,0,0,0,0,0,0,0,0,0,0,0,0,0,24,0,0,0,0,0,0,0,0,0,0,0,0,0,0,0,0,0,0,0,0,0,0,0,0,0,0,0,0,0,0,0,0,0,0,0,0,0,0,0,0,0,0,0,0,0,0,0,0,0,0,0,0,0,15,0,0,0,2,0,0,0,0,0,0,0,2,0,0,0,0,0,0,0,0,0,0,0,0,0,0,0,0,0,0,0,0,0,0,0,21,44,19,0,0,0,4,0,0,0,239,4,0,0,0,0,0,0,0,0,0,0,0,0,0,0,0,0,0,0,0,0,0,0,34,146,51,0,15,0,0,15,0,23,0,0,0,0,0
0,9,0,0,0,23,0,0,0,0,0,38,46,96,0,0,0,0,20,1,9,0,0,0,0,0,236,36,0,0,0,0,0,0,15,0,0,4,0,0,83,0,30,95,74,157,46,111,0,42,42,72,0,0,0,0,0,0,0,0,0,0,0,0,0,0,0,0,0,0,0,0,0,0,0,0,0,0,0,0,0,0,0,0,0,0,0,0,0,0,0,0,0,0,0,0,0,0,0,0,0,0,0,0,0,0,0,0,0,0,0,0,0,0,0,0,0,0,0,0,0,0,0,0,0,0,0,0,0,0,0,0,0,0,0,0,0,0,0,0,0,0,0,0,0,0,0,0,0,0,0,0,0,0,0,0,0,0,0,0,0,0,0,0,0,14,0,0,0,0,0,0,0,0,0,0,0,157,1,10,0,28,0,0,0,0,16,3,0,0,0,0,0,0,0,0,0,0,0,0,0,0,0,0,0,0,0,0,0,0,0,2,3,0,0,0,0,0,0,73,44,0,0,0,14
0,0,0,0,0,0,0,0,0,0,0,0,68,0,2,0,2,0,18,0,15,0,0,0,0,0,120,152,7,0,50,0,15,0,56,0,77,0,0,0,143,30,0,28,124,85,44,53,35,2,39,0,0,0,0,0,2,0,0,0,0,0,0,0,0,0,0,0,0,0,0,0,0,0,0,0,0,0,0,0,0,0,0,0,0,0,24,0,0,0,0,0,0,0,0,0,0,0,0,0,9,0,0,0,0,0,0,0,0,0,0,0,0,0,0,0,0,0,0,0,0,0,0,0,0,0,0,0,0,0,0,0,0,0,0,0,0,0,0,0,0,0,0,0,0,0,0,0,0,0,0,0,0,0,0,0,0,0,0,0,0,0,13,0,17,0,26,0,13,0,13,0,11,0,0,0,0,12,0,0,0,0,0,0,0,0,117,0,0,0,0,0,0,0,0,0,0,0,0,0,3,0,0,0,0,0,0,0,0,0,24,159,52,6,12,0,0,0,0,8,0,0,0,0,0
0,0,0,0,0,0,0,0,0,0,0,0,116,77,0,22,0,0,109,61,51,43,0,2,0,0,207,312,0,13,0,6,0,5,51,50,0,101,0,0,55,95,28,0,20,187,13,149,0,7,92,104,0,0,0,0,0,0,0,0,0,0,0,0,0,0,0,0,0,0,0,0,0,4,0,29,0,0,0,0,0,0,0,0,0,0,0,0,0,0,0,0,0,0,0,0,0,0,0,0,0,0,0,0,0,0,0,0,0,0,0,0,0,0,0,0,0,0,0,0,0,0,0,0,0,0,0,0,0,0,0,0,0,0,0,0,0,0,0,0,0,0,0,154,0,40,0,0,0,0,0,3,0,0,0,0,0,0,0,0,0,0,0,21,0,41,0,10,0,23,0,0,0,11,0,0,0,23,0,2,0,0,0,0,0,0,11,11,0,0,0,0,0,0,0,0,0,0,0,0,0,0,0,0,0,0,0,0,0,0,0,0,0,0,0,0,0,0,59,222,173,0,0,0,4
0,0,0,0,32,0,0,0,8,0,5,0,68,0,8,0,31,0,32,0,78,0,49,0,0,0,143,76,0,0,8,0,8,0,11,0,66,0,11,0,89,74,124,20,0,135,205,108,196,51,118,0,0,0,0,0,0,0,0,0,0,0,0,0,0,0,0,0,18,0,97,0,32,0,150,0,0,0,0,0,242,0,0,0,473,0,165,0,0,0,159,1,0,0,0,0,365,0,521,0,0,0,0,0,0,0,0,0,0,0,0,0,0,0,0,0,0,0,0,0,214,0,0,0,0,0,0,0,0,0,0,0,0,0,0,0,0,0,0,0,0,0,0,0,28,0,1,0,0,0,0,0,0,0,0,0,0,0,0,0,0,0,28,0,90,0,88,0,109,0,29,0,24,0,0,0,12,21,16,0,0,0,0,0,7,0,127,0,0,0,0,0,0,0,0,0,0,0,0,0,0,0,0,0,0,0,0,0,0,0,46,169,147,28,32,0,0,16,0,24,12,0,0,0,7
0,9,0,9,0,13,0,3,0,4,0,10,25,49,0,0,0,0,0,13,0,23,0,0,0,2,260,326,0,0,0,4,0,0,0,17,0,16,0,0,177,157,85,187,135,0,103,322,23,112,55,120,0,0,0,0,0,21,0,4,0,0,0,3,0,0,0,0,0,27,0,0,0,3,0,0,0,22,0,0,0,0,0,35,0,40,0,0,0,0,0,0,0,0,0,0,0,0,0,10,0,0,0,0,0,0,0,0,0,0,0,0,0,0,0,0,0,0,0,0,0,0,0,13,0,0,0,0,0,0,0,0,0,0,0,0,0,0,0,0,0,61,0,184,0,0,0,0,0,0,0,0,0,0,0,11,0,0,0,0,0,0,0,0,0,61,0,0,0,132,0,0,0,0,0,0,0,64,0,3,0,0,0,0,0,0,24,6,0,0,0,0,0,0,0,0,0,0,0,0,0,0,0,0,0,0,0,0,0,0,0,8,0,0,0,0,0,0,26,220,150,10,0,0,75
4,0,0,0,53,0,0,0,0,0,0,0,175,0,16,0,14,0,57,2,32,0,73,0,0,0,65,0,0,0,0,0,0,0,0,0,0,0,0,0,51,46,44,13,205,103,0,63,140,33,20,0,0,0,0,0,0,0,0,0,0,0,0,0,0,0,0,0,0,0,14,0,0,0,0,0,0,0,0,0,0,0,0,0,0,0,0,0,0,0,0,0,0,0,0,0,0,0,0,0,0,0,0,0,0,0,0,0,0,0,0,0,0,0,0,0,0,0,0,0,0,0,0,0,0,0,0,0,0,0,0,0,0,0,0,0,0,0,2,0,0,0,0,0,0,0,0,0,0,0,0,0,0,0,7,0,0,0,0,0,0,0,0,0,0,1,0,0,0,0,0,0,0,0,0,0,9,16,17,0,0,0,5,0,0,0,140,0,0,0,0,0,0,0,0,0,0,0,0,0,0,0,0,0,0,0,0,0,0,0,24,221,98,0,0,0,0,18,0,13,0,0,0,0,2
0,30,0,0,0,104,0,0,0,8,0,58,72,150,0,0,0,0,0,27,0,17,0,0,0,0,311,102,0,0,0,0,0,0,0,7,0,0,0,0,112,111,53,149,108,322,63,0,6,52,77,108,0,0,0,0,0,0,0,0,0,1,0,0,0,0,0,0,0,0,0,0,0,0,0,0,0,0,0,0,0,0,0,0,0,0,0,0,0,0,0,0,0,0,0,0,0,0,0,0,0,0,0,0,0,0,0,0,0,0,0,0,0,0,0,0,0,0,0,0,0,0,0,0,0,0,0,0,0,0,0,0,0,0,0,0,0,0,0,0,0,0,0,0,0,0,0,0,0,0,0,0,0,0,0,0,0,0,0,0,0,0,0,0,0,20,0,0,0,0,0,0,0,0,0,0,0,148,0,5,0,0,0,0,0,0,39,19,0,0,0,0,0,0,0,0,0,0,0,0,0,0,0,0,0,0,0,0,0,2,0,0,0,0,0,0,0,0,15,234,151,0,0,0,43
12,0,13,0,0,0,0,0,21,0,6,0,18,0,12,0,0,0,16,0,0,0,0,0,10,0,54,0,1,0,0,0,5,0,6,0,6,0,1,0,66,0,35,0,196,23,140,6,0,10,22,0,0,0,0,0,56,0,27,0,13,0,2,0,0,0,0,0,14,0,0,0,0,0,0,0,9,0,15,0,0,0,32,0,0,0,0,0,5,0,0,0,8,0,34,0,12,0,0,1,30,0,28,0,0,1,8,0,0,0,0,0,0,0,0,0,1,0,0,0,0,0,0,0,10,0,0,0,5,1,26,0,11,0,0,0,0,0,0,0,0,0,0,0,4,0,0,0,0,0,0,0,0,0,0,0,4,0,0,0,0,0,15,0,56,0,16,0,61,0,19,0,6,0,2,0,9,4,8,0,0,0,0,0,0,0,56,0,49,0,13,0,25,0,15,0,0,0,39,0,21,0,0,0,0,0,0,0,0,0,78,64,114,3,28,21,6,0,0,0,0,0,0,0,0
0,0,0,0,0,3,0,0,0,0,0,10,0,39,0,0,0,0,0,0,0,1,0,0,0,0,0,31,0,0,0,0,0,0,0,0,0,0,0,1,21,42,2,7,51,112,33,52,10,0,0,5,0,0,0,0,0,0,0,0,0,0,0,0,0,0,0,0,0,14,0,0,0,0,0,0,0,6,0,0,0,4,0,0,0,0,0,0,0,0,0,0,0,0,0,0,0,1,0,0,0,0,0,0,0,0,0,1,0,0,0,0,0,0,0,0,0,0,0,0,0,0,0,0,0,0,0,0,0,0,0,0,0,0,0,0,0,0,0,0,0,0,0,0,0,0,0,0,0,0,0,0,0,0,0,0,0,0,0,0,0,0,0,0,0,43,0,0,0,31,0,0,0,0,0,0,0,10,0,0,0,6,0,0,0,0,23,2,0,0,0,0,0,0,0,0,0,0,0,0,0,0,0,0,0,0,0,0,0,0,0,1,0,0,0,0,0,0,0,1,5,0,0,0,0
0,0,0,0,58,0,2,0,0,0,0,0,324,86,27,0,0,0,129,61,36,31,0,0,0,0,212,393,0,0,29,0,9,0,143,0,50,0,2,0,114,42,39,92,118,55,20,77,22,0,0,47,0,0,0,0,7,0,0,0,3,0,1,0,0,0,0,0,4,0,2,0,0,0,25,0,0,0,9,0,30,0,16,0,0,0,0,0,0,0,0,0,0,0,0,0,26,0,65,0,20,0,0,0,0,0,0,0,0,0,0,0,0,0,0,0,0,0,0,0,26,0,0,0,0,0,0,0,0,0,0,0,0,0,0,0,0,0,0,0,0,0,0,0,0,0,0,0,0,0,0,0,0,0,0,0,0,0,0,0,0,0,16,0,75,0,27,0,72,0,19,0,22,0,0,0,0,24,30,0,0,0,0,0,0,0,196,0,0,0,0,0,0,0,0,0,0,0,0,0,0,0,0,0,0,0,0,0,0,0,0,77,143,11,25,0,0,0,0,0,0,0,0,0,0
0,0,0,13,0,0,0,0,0,0,0,24,58,193,0,19,0,0,73,145,0,54,0,13,0,0,103,340,0,0,0,5,0,0,31,102,0,40,0,0,0,72,0,104,0,120,0,108,0,5,47,0,0,0,0,8,0,0,0,0,0,0,0,0,0,0,0,0,0,6,0,42,0,6,0,43,0,0,0,0,0,0,0,0,0,0,0,0,0,0,0,0,0,0,0,0,0,0,0,0,0,0,0,0,0,0,0,0,0,0,0,0,0,0,0,0,0,0,0,0,0,49,0,38,0,0,0,0,0,0,0,0,0,0,0,0,0,0,0,0,0,115,0,302,0,59,0,0,0,0,0,0,0,0,0,0,0,0,0,0,0,36,0,49,0,39,0,19,0,64,0,71,0,45,0,0,0,24,0,0,0,0,0,0,0,0,0,33,0,0,0,0,0,0,0,0,0,0,0,0,0,0,0,0,0,0,0,0,0,0,0,2,0,0,23,0,0,0,103,169,141,16,0,3,2
0,0,0,0,0,0,52,0,77,125,1,0,0,0,17,0,119,0,0,0,18,0,36,0,57,23,0,0,8,0,6,0,10,0,0,0,2,0,5,0,3,0,0,0,0,0,0,0,0,0,0,0,0,299,96,319,138,82,50,126,20,0,70,73,0,18,26,232,0,0,0,0,0,0,0,0,0,0,0,0,0,0,0,0,139,0,0,0,0,0,0,0,0,0,0,0,135,0,0,0,0,0,0,0,0,0,0,0,0,0,0,0,0,0,0,0,0,0,0,0,0,0,18,0,0,0,6,0,44,0,0,0,34,0,10,0,87,0,83,0,68,0,169,0,2,0,0,0,0,6,0,0,0,0,212,7,43,0,94,0,11,0,0,0,8,0,0,0,13,0,76,0,11,0,0,0,114,34,0,0,0,0,13,0,67,19,0,0,0,0,0,0,0,0,0,0,0,0,0,0,21,0,0,0,0,0,0,0,8,0,13,59,92,0,40,0,0,0,21,0,29,0,0,0,0
0,3,0,0,0,0,25,6,112,91,0,0,0,0,0,6,8,53,0,0,0,47,0,12,42,25,0,0,0,33,0,0,0,0,0,0,0,1,0,3,0,0,0,0,0,0,0,0,0,0,0,0,299,0,157,133,43,168,85,66,0,27,80,92,0,0,82,102,0,0,0,0,0,0,0,0,0,0,0,0,0,0,0,0,0,7,0,0,0,0,0,0,0,0,0,0,0,0,0,0,0,0,0,0,0,0,0,0,0,0,0,0,0,0,0,0,0,0,0,0,0,0,0,0,0,0,0,0,0,20,0,0,0,23,0,14,0,59,0,77,0,51,0,62,0,0,0,0,0,0,0,0,0,0,16,111,0,50,2,58,0,0,0,1,0,0,0,0,0,0,0,10,3,0,0,0,0,139,0,0,0,0,0,17,10,84,0,0,0,0,0,0,0,0,0,0,0,0,0,0,0,0,0,0,0,0,0,0,0,0,0,0,0,0,12,0,0,0,0,35,14,12,1,0,0
1,0,42,0,0,0,92,0,45,104,0,0,0,0,46,0,20,0,0,0,17,0,61,0,52,34,0,0,0,0,6,0,0,0,0,0,3,0,0,2,0,0,0,0,0,0,0,0,0,0,0,0,96,157,0,137,73,32,302,0,9,0,18,56,1,0,0,68,0,0,0,0,0,0,0,0,0,0,0,0,0,0,0,3,22,0,0,1,0,0,0,0,0,0,0,0,0,0,0,2,0,0,0,0,0,0,0,0,0,0,0,0,0,0,0,0,0,0,0,0,0,0,2,0,0,0,0,0,64,0,0,0,16,0,68,0,181,0,0,0,14,0,162,0,0,0,0,0,0,0,0,0,0,0,36,0,0,0,41,0,68,0,0,3,0,0,0,0,30,0,125,0,27,0,0,0,65,33,0,0,0,0,0,0,11,0,0,0,0,0,0,0,0,0,0,0,0,0,0,0,135,0,0,0,0,0,0,0,0,0,85,37,129,0,137,0,0,0,25,0,0,0,0,0,0
0,0,0,30,0,0,0,23,195,52,0,0,0,0,0,74,0,24,0,0,0,28,0,12,57,110,0,0,3,20,0,6,0,0,0,0,0,0,0,51,0,0,0,0,0,0,0,0,0,0,0,8,319,133,137,0,0,116,0,78,14,40,144,95,0,0,71,6,0,0,0,0,0,0,0,0,0,0,0,0,0,0,0,0,0,0,0,0,0,0,0,0,0,0,0,0,0,0,6,0,2,0,0,0,0,0,0,0,0,0,0,0,0,0,0,0,0,0,0,0,0,0,1,0,0,0,0,0,0,12,0,3,0,83,0,36,0,107,0,15,0,15,0,18,0,0,4,0,0,0,0,5,0,0,0,27,5,12,0,18,0,104,0,0,0,40,0,0,0,61,0,172,0,136,0,0,19,59,0,0,0,0,0,0,14,8,0,0,0,0,0,0,0,0,0,0,0,0,0,0,0,0,0,0,0,0,0,0,0,33,11,0,0,0,213,0,0,0,307,16,396,272,0,25,0
0,0,24,0,6,0,7,0,2,0,0,0,0,0,0,0,10,0,0,0,0,0,0,0,21,0,0,0,0,0,0,0,0,0,0,0,0,0,0,0,0,0,2,0,0,0,0,0,56,0,7,0,138,43,73,0,0,102,473,75,0,0,13,0,94,60,219,145,6,0,0,0,0,0,0,0,0,0,0,0,0,0,0,0,0,0,0,0,0,0,0,0,0,0,0,0,0,0,0,0,0,0,0,0,0,0,0,0,0,0,0,0,0,0,0,0,0,0,0,0,0,0,0,0,11,0,0,0,20,0,22,0,15,0,17,0,16,0,2,17,0,0,9,0,17,0,0,0,8,0,0,0,0,0,53,26,10,0,62,30,263,33,55,0,32,0,0,0,65,0,276,0,20,0,0,10,0,0,0,0,0,0,0,0,32,9,0,0,0,0,0,0,0,0,0,0,0,0,0,0,0,0,0,0,0,0,0,0,2,0,465,75,597,841,771,0,132,0,12,0,0,0,0,0,0
0,0,0,15,0,0,0,6,0,6,0,0,0,0,0,53,0,55,0,0,0,0,0,0,0,117,0,0,0,17,0,0,0,3,0,0,0,0,0,2,0,0,0,0,0,21,0,0,0,0,0,0,82,168,32,116,102,0,96,135,0,10,0,14,23,91,121,59,0,0,0,0,0,0,0,0,0,0,0,0,0,0,0,6,0,0,0,0,0,0,0,0,0,0,0,0,0,4,0,0,0,0,0,0,0,0,0,0,0,0,0,0,0,0,0,0,0,0,0,0,0,0,1,0,0,38,0,0,0,8,0,10,0,76,0,24,0,132,0,36,0,0,0,67,0,0,0,2,0,0,0,0,0,0,57,208,0,81,21,65,26,167,0,0,0,33,0,0,3,91,0,348,0,26,0,0,0,0,0,0,0,0,0,0,15,0,0,0,0,0,0,0,0,0,0,0,0,2,0,0,0,5,0,0,0,0,0,2,0,23,0,0,0,0,488,0,0,0,603,58,665,685,80,58,0
2,0,0,0,0,0,0,0,27,0,0,0,0,0,0,0,0,0,0,0,0,0,0,0,7,0,0,0,0,1,0,0,1,0,0,0,0,0,0,0,0,0,0,0,0,0,0,0,27,0,0,0,50,85,302,0,473,96,0,66,43,0,5,0,52,30,24,153,5,0,0,0,0,0,0,0,0,0,0,0,0,0,0,0,0,0,0,0,0,0,0,0,0,0,0,0,0,0,0,0,0,0,0,0,0,0,0,0,0,0,0,0,0,0,0,0,0,0,0,0,0,0,0,0,0,0,0,0,0,0,16,0,4,0,16,0,9,0,0,0,0,0,0,0,3,0,0,0,0,0,0,0,0,0,26,19,28,0,12,8,40,0,0,0,11,0,0,0,57,0,202,0,0,0,12,0,15,0,0,0,0,0,0,0,124,18,0,0,0,0,0,0,0,0,0,0,0,0,0,0,0,0,0,0,0,0,0,0,0,0,484,113,363,605,546,0,87,0,0,0,0,0,0,0,0
0,0,0,7,0,1,0,5,0,4,0,0,0,3,0,0,0,6,0,4,0,0,0,0,0,12,0,0,0,0,0,0,0,0,0,0,0,0,0,0,0,0,0,0,0,4,0,0,0,0,0,0,126,66,0,78,75,135,66,0,0,56,0,50,27,48,94,197,0,0,0,0,0,0,0,0,0,0,0,0,0,0,0,0,0,0,0,0,0,0,0,0,0,0,0,0,0,0,0,0,0,0,0,0,0,0,0,0,0,0,0,0,0,0,0,0,0,0,0,0,0,0,0,0,0,27,0,9,0,0,0,42,0,30,0,13,0,37,12,0,0,0,0,0,0,6,0,3,0,17,0,26,1,2,56,30,13,84,25,14,0,147,0,0,0,22,0,0,0,0,0,153,0,0,0,5,0,0,0,0,0,0,0,0,19,30,0,0,0,0,0,0,0,0,0,0,0,0,0,0,0,0,0,0,0,0,0,14,0,56,0,1,0,0,358,0,0,0,584,60,365,441,45,34,0
58,0,0,0,0,0,135,0,224,0,1,0,0,0,0,0,0,0,0,0,0,0,0,0,15,0,0,0,19,0,1,0,5,0,0,0,0,0,12,0,0,0,0,0,0,0,0,0,13,0,3,0,20,0,9,14,0,0,43,0,0,0,79,0,0,0,19,0,0,0,6,0,0,0,0,0,0,0,0,0,0,0,0,0,0,0,0,0,0,0,0,0,0,0,0,0,0,0,0,0,0,0,0,0,0,0,0,0,0,0,0,0,0,0,0,0,0,0,0,0,0,0,0,0,0,0,0,0,0,0,0,0,0,0,0,0,8,0,150,0,55,0,0,0,126,0,0,0,0,0,0,0,0,0,84,0,157,0,6,0,0,0,23,0,2,0,0,0,12,0,111,0,95,0,0,0,36,0,0,0,0,0,40,0,49,0,0,0,0,0,0,0,0,0,0,0,0,0,0,0,0,0,0,0,0,0,0,0,0,0,35,161,104,140,34,1,23,0,0,0,0,0,0,0,0
0,17,0,0,0,0,0,0,0,120,0,0,0,0,0,0,1,2,0,0,0,12,0,0,0,0,0,0,0,25,0,3,0,6,0,2,0,31,0,19,0,0,0,0,0,0,0,1,0,0,0,0,0,27,0,40,0,10,0,56,0,0,0,22,0,0,0,57,0,0,0,0,0,0,0,0,0,0,0,0,0,0,0,0,0,0,0,0,0,0,0,0,0,0,0,0,0,0,0,0,0,0,0,0,0,0,0,0,0,0,0,0,0,0,0,0,0,0,0,0,0,0,0,7,0,0,0,0,0,0,0,0,0,0,0,0,0,0,0,60,0,65,0,0,0,237,0,0,0,0,0,0,0,0,0,9,0,99,0,21,0,0,0,0,0,2,0,0,0,0,0,76,0,26,0,0,0,98,0,0,0,0,0,0,0,0,0,0,0,0,0,0,0,0,0,0,0,0,0,0,0,0,0,0,0,0,0,0,0,0,0,0,0,0,0,0,0,0,27,356,28,23,0,0,0
0,0,7,0,0,0,221,67,123,137,0,0,0,0,12,0,100,0,26,0,44,0,12,0,54,120,12,0,25,0,11,0,11,0,0,0,0,0,5,0,2,0,0,0,0,0,0,0,2,0,1,0,70,80,18,144,13,0,5,0,79,0,0,72,0,0,0,0,0,0,4,0,0,0,0,0,0,0,0,0,0,0,0,0,33,0,0,0,0,0,0,0,0,0,0,0,0,0,0,0,0,0,0,0,0,0,0,0,0,0,0,0,0,0,0,0,0,0,0,0,0,0,0,0,0,0,0,0,6,0,1,0,16,0,0,0,50,0,72,0,53,0,0,0,0,0,0,0,0,0,0,0,0,0,55,0,34,0,46,0,4,0,0,0,0,0,0,0,10,0,8,0,27,0,0,0,136,26,0,0,0,0,21,0,13,0,0,0,0,0,0,0,0,0,0,0,0,0,0,0,0,0,0,0,0,0,0,0,0,0,11,46,23,47,28,0,0,0,0,0,0,0,0,0,0
0,7,0,0,0,0,0,33,111,121,0,0,0,0,0,11,28,88,1,36,0,108,0,25,110,20,0,0,0,44,0,9,0,15,0,0,0,11,0,14,0,0,0,0,0,3,0,0,0,0,0,0,73,92,56,95,0,14,0,50,0,22,72,0,0,0,3,29,0,0,0,0,0,0,0,0,0,0,0,0,0,0,0,0,0,0,0,0,0,0,0,0,0,0,0,0,0,0,0,0,0,0,0,0,0,0,0,0,0,0,0,0,0,0,0,0,0,0,0,0,0,0,0,0,0,0,0,0,0,17,0,0,0,0,0,0,0,11,0,124,0,42,0,19,0,48,0,0,0,0,0,0,0,0,0,13,0,13,0,38,0,0,0,0,2,0,0,2,0,0,0,10,0,15,0,0,11,120,0,0,0,0,0,32,0,11,0,0,0,0,0,0,0,0,0,0,0,0,0,0,0,0,0,0,0,0,0,0,0,0,0,0,0,0,0,0,0,0,5,33,25,11,0,1,0
1,0,13,0,4,0,7,0,23,0,0,0,2,0,0,0,0,0,0,0,0,0,0,0,0,0,0,0,0,0,0,0,1,0,0,0,0,0,0,0,0,0,0,0,0,0,0,0,0,0,0,0,0,0,1,0,94,23,52,27,0,0,0,0,0,89,28,0,1,0,0,0,0,0,0,0,0,0,0,0,0,0,0,0,0,0,0,0,0,0,0,0,0,0,0,0,0,0,0,0,0,0,0,0,0,0,0,0,0,0,0,0,0,0,0,0,0,0,0,0,0,0,0,0,0,0,0,0,0,0,8,0,0,0,0,0,0,0,35,70,0,0,0,0,82,0,0,0,10,31,1,0,0,0,5,0,0,0,5,52,135,93,0,3,0,0,0,0,2,0,0,0,0,0,46,20,0,0,0,0,130,12,3,0,59,0,1,0,0,0,0,0,0,0,0,0,0,0,0,0,0,0,0,0,0,0,0,0,0,0,94,0,0,0,0,1,0,0,21,0,0,0,0,0,0
0,18,0,0,0,11,0,0,0,31,0,0,0,0,0,5,0,0,0,0,0,3,0,0,1,0,0,0,0,0,0,0,0,0,0,0,0,0,0,0,0,0,0,0,0,0,0,0,0,0,0,0,18,0,0,0,60,91,30,48,0,0,0,0,89,0,50,101,0,0,0,9,0,0,0,13,0,0,0,0,0,21,0,0,0,16,0,0,0,0,0,0,0,0,0,0,0,0,0,12,0,0,0,0,0,0,0,0,0,0,0,0,0,0,0,0,0,0,0,0,0,9,0,6,0,27,0,9,0,0,75,32,0,0,0,0,0,2,0,80,0,7,0,0,16,118,2,36,29,87,0,48,0,21,57,31,0,19,104,24,151,128,0,0,0,0,0,0,0,0,0,0,0,0,8,79,1,0,0,0,43,24,0,2,0,37,0,0,0,0,0,0,0,3,0,0,0,0,0,0,0,4,0,0,0,0,0,12,0,0,0,0,0,0,170,0,0,0,159,12,0,134,24,0,0
3,0,6,0,0,0,7,0,19,0,0,0,0,0,0,0,0,0,0,0,0,0,0,0,0,0,0,0,0,0,0,0,0,0,0,0,0,0,0,0,0,0,0,0,0,0,0,0,0,0,0,0,26,82,0,71,219,121,24,94,19,0,0,3,28,50,0,208,2,0,0,0,0,0,0,0,0,0,0,0,0,0,0,0,0,0,0,0,0,0,0,0,0,0,0,0,0,0,0,0,0,0,0,0,0,0,0,0,0,0,0,0,0,0,0,0,0,0,0,0,0,0,0,0,0,0,0,0,0,0,3,0,0,0,0,0,2,0,0,7,0,0,1,0,0,0,0,0,5,0,0,0,0,0,16,24,11,0,0,14,42,0,0,0,0,0,0,0,6,0,0,0,0,0,18,7,21,8,0,0,0,0,3,0,679,26,0,0,0,0,0,0,0,0,0,0,0,0,0,0,0,0,0,0,0,0,0,0,0,0,176,89,104,232,240,0,0,0,12,0,0,0,0,0,0
0,4,0,0,0,5,0,0,58,67,0,0,0,0,0,0,3,0,0,0,0,0,0,0,9,0,0,0,0,0,0,0,0,0,0,0,0,0,0,0,0,0,0,0,0,0,0,0,0,0,0,0,232,102,68,6,145,59,153,197,0,57,0,29,0,101,208,0,0,1,0,0,0,0,0,0,0,0,0,0,0,0,0,0,0,0,0,0,0,0,0,0,0,0,0,0,0,0,0,0,0,0,0,0,0,0,0,0,0,0,0,0,0,0,0,0,0,0,0,0,0,0,0,0,0,36,0,6,0,0,0,71,0,0,0,3,0,5,0,0,0,0,0,0,0,0,0,12,0,27,0,23,0,9,92,28,0,63,0,2,0,38,0,0,0,4,0,0,0,12,0,65,0,0,0,18,11,92,0,0,0,0,0,0,31,300,0,0,0,0,0,1,0,0,0,0,0,0,0,3,0,0,0,0,0,0,0,2,0,18,0,0,0,0,191,0,0,0,260,50,184,230,0,0,0
0,0,0,0,0,0,4,0,7,0,0,0,0,0,0,0,0,0,0,0,0,0,0,0,0,0,0,0,0,0,0,0,0,0,0,0,0,0,0,0,0,0,0,0,18,0,0,0,14,0,4,0,0,0,0,0,6,0,5,0,0,0,0,0,1,0,2,0,0,0,0,0,8,0,0,0,80,0,17,0,4,0,42,0,0,0,5,0,3,0,0,0,24,0,18,0,0,0,0,0,9,0,113,0,0,0,0,0,63,0,34,0,19,0,41,0,16,0,0,0,0,0,0,0,0,0,0,0,0,0,0,0,0,0,0,0,0,0,0,0,0,0,0,0,0,0,0,2,0,0,0,0,0,0,0,0,2,0,0,0,0,0,3,0,17,0,0,0,257,0,4,0,0,0,0,0,0,0,0,0,0,0,0,0,0,0,0,0,0,0,0,0,0,0,0,0,0,0,0,0,0,0,0,0,0,0,0,0,0,0,42,14,82,3,0,31,87,0,0,0,0,0,0,0,0
0,0,0,0,0,0,0,0,0,2,0,0,0,1,0,0,0,0,0,0,0,0,0,0,0,0,0,0,0,0,0,0,0,0,0,0,0,0,0,0,0,0,0,0,0,27,0,0,0,14,0,6,0,0,0,0,0,0,0,0,0,0,0,0,0,0,0,1,0,0,0,0,0,0,0,0,0,83,0,0,0,0,0,152,0,0,0,11,0,8,0,0,0,145,0,57,0,0,0,0,0,9,0,324,0,0,0,0,0,15,0,10,0,0,0,0,0,23,0,0,0,0,0,0,0,0,0,0,0,0,0,0,0,0,0,16,0,0,0,0,0,0,3,0,0,0,0,0,0,0,0,0,0,0,0,1,0,0,0,0,0,0,0,0,0,16,0,0,0,47,0,0,0,0,0,0,0,0,0,0,0,0,0,0,0,0,0,0,0,0,0,0,0,0,0,52,0,0,0,0,0,0,0,0,0,0,0,0,0,0,0,0,0,0,0,0,0,0,50,13,101,0,18,67,10
0,0,0,0,0,0,0,0,0,0,0,0,0,0,0,0,0,0,0,0,47,0,0,0,0,0,59,0,3,0,14,0,18,0,11,0,93,0,0,0,0,0,0,0,97,0,14,0,0,0,2,0,0,0,0,0,0,0,0,0,6,0,4,0,0,0,0,0,0,0,0,0,214,0,119,0,12,0,187,0,8,0,0,0,1,0,52,0,0,0,0,0,0,0,0,0,0,0,0,0,0,0,0,0,0,0,0,0,0,0,0,0,0,0,0,0,0,0,0,0,11,0,10,0,0,13,8,0,0,0,0,0,0,0,0,0,10,0,1,0,60,0,45,0,23,0,0,0,0,0,0,0,0,0,0,0,0,0,0,0,6,7,78,0,0,0,69,0,23,0,23,0,23,0,23,0,0,0,0,0,35,5,0,0,0,0,0,0,0,0,0,0,0,0,0,0,0,0,0,0,0,0,0,0,1,0,0,0,0,0,18,5,19,0,0,0,0,0,7,0,6,0,0,0,0
0,0,0,0,0,0,0,0,0,0,0,0,0,0,0,6,0,0,0,37,0,11,0,5,0,0,0,0,0,0,0,0,0,0,0,0,0,0,0,0,0,0,0,0,0,0,0,0,0,0,0,42,0,0,0,0,0,0,0,0,0,0,0,0,0,9,0,0,0,0,0,0,0,124,0,227,0,12,0,6,0,5,0,0,0,0,0,72,0,0,0,0,0,0,0,0,0,0,0,0,0,0,0,0,0,0,0,0,0,0,0,0,0,0,0,0,0,0,0,0,0,4,0,12,0,0,0,0,0,0,0,59,0,0,0,0,0,0,0,0,0,39,0,2,0,108,0,0,0,0,0,26,0,0,0,0,0,0,0,0,0,0,0,65,0,0,0,4,0,6,0,15,0,13,0,0,0,0,0,0,6,21,0,0,0,0,0,0,0,0,0,0,0,0,0,0,0,0,0,0,0,0,0,0,0,0,0,0,0,0,3,0,0,0,0,0,0,0,36,4,15,0,1,0,0
0,0,0,0,0,0,0,0,0,0,0,0,0,0,0,0,0,0,0,0,0,0,0,0,0,0,0,0,0,0,0,0,0,0,0,0,32,0,0,0,0,0,0,0,32,0,0,0,0,0,0,0,0,0,0,0,0,0,0,0,0,0,0,0,0,0,0,0,8,0,214,0,0,0,254,0,47,0,216,0,13,0,46,0,0,0,22,1,0,0,0,0,56,0,0,0,0,0,0,1,0,0,24,0,0,0,0,2,0,0,0,0,0,0,0,0,0,0,0,0,21,0,18,0,7,0,0,0,0,0,0,0,0,0,0,0,68,0,1,0,58,0,66,0,28,0,0,0,0,1,0,0,2,0,0,0,0,0,0,0,6,0,109,0,2,0,32,0,21,0,14,0,9,0,13,0,0,0,0,0,26,0,0,0,0,0,0,0,0,0,0,0,0,0,0,0,0,0,0,0,38,0,0,0,0,0,0,0,131,0,99,9,52,0,17,5,8,0,0,0,0,0,0,0,0
0,0,0,0,0,0,0,0,0,0,0,0,0,0,0,0,0,0,0,0,0,0,0,0,0,0,0,0,0,0,0,0,0,0,0,0,0,0,0,0,0,0,0,4,0,3,0,0,0,0,0,6,0,0,0,0,0,0,0,0,0,0,0,0,0,0,0,0,0,0,0,124,0,0,0,436,0,111,0,42,0,32,0,31,0,0,0,103,0,0,0,0,0,0,0,0,0,4,0,5,0,0,0,0,0,0,0,0,0,0,0,0,0,0,0,0,0,0,0,0,0,24,0,41,0,80,0,0,0,0,0,0,0,0,0,79,0,0,0,1,0,37,0,0,0,45,0,0,0,0,2,0,0,0,0,0,0,0,0,0,0,0,0,81,0,0,0,0,0,11,0,7,0,0,0,13,0,0,0,0,0,0,0,0,0,2,0,0,0,101,0,13,0,0,0,0,0,0,0,0,0,57,0,126,0,0,1,357,0,191,0,0,4,0,23,0,0,0,162,6,21,0,0,0,0
0,0,0,4,0,0,0,0,0,0,0,0,0,0,0,0,7,0,0,1,56,0,2,0,0,0,95,0,0,0,12,0,0,0,0,0,106,0,0,0,0,0,0,0,150,0,0,0,0,0,25,0,0,0,0,0,0,0,0,0,0,0,0,0,0,0,0,0,0,0,119,0,254,0,0,0,11,0,179,0,8,1,12,0,9,0,35,0,0,0,0,0,0,0,0,0,0,0,4,0,0,0,0,0,0,0,0,0,0,0,0,0,0,0,0,0,0,0,0,0,66,2,60,0,0,0,0,0,0,28,48,76,0,0,51,1,41,0,0,6,60,0,79,0,51,0,0,2,23,11,5,0,0,0,0,0,0,0,0,0,8,0,93,0,0,0,89,0,10,2,18,0,27,0,48,1,0,0,0,0,61,0,0,0,0,0,0,0,0,0,0,0,0,0,0,0,0,0,80,0,53,0,0,0,0,0,0,0,89,0,41,0,25,0,0,0,8,0,5,0,0,0,0,0,0
0,0,0,0,0,0,0,0,0,0,0,8,0,0,0,0,0,0,0,49,0,36,0,0,0,0,0,0,0,0,0,0,0,1,0,0,0,0,0,1,0,0,0,29,0,0,0,0,0,0,0,43,0,0,0,0,0,0,0,0,0,0,0,0,0,13,0,0,0,0,0,227,0,436,0,0,0,22,0,42,0,9,0,0,0,0,0,109,0,0,0,0,0,2,0,0,0,0,0,0,0,0,0,0,0,0,0,0,0,0,0,0,0,0,0,0,0,0,0,0,0,135,0,61,0,145,0,0,0,0,0,0,0,0,0,23,0,32,0,0,0,116,0,51,0,144,0,0,0,50,0,118,1,67,0,0,0,0,0,0,0,0,0,157,0,0,0,0,0,19,0,37,0,17,0,34,0,0,0,1,16,58,0,0,0,13,0,0,0,0,0,0,0,0,0,0,0,0,0,0,0,0,0,51,0,0,0,106,0,132,0,0,0,0,7,0,0,0,122,10,34,0,0,2,0
0,0,0,0,0,0,0,0,0,0,2,0,0,0,0,0,0,0,0,0,0,0,0,0,0,0,0,0,0,0,0,0,0,0,0,0,0,0,0,0,0,0,0,0,0,0,0,0,9,0,0,0,0,0,0,0,0,0,0,0,0,0,0,0,0,0,0,0,80,0,12,0,47,0,11,0,0,0,21,0,18,0,10,0,0,0,14,0,0,0,0,0,34,0,16,0,16,0,9,0,0,0,56,0,0,0,0,0,21,0,0,0,1,0,15,0,33,0,0,0,0,0,0,0,0,0,0,0,0,0,0,0,0,0,0,0,0,0,0,1,0,0,0,0,0,0,0,0,0,0,0,0,0,1,0,0,0,0,0,0,0,0,11,0,0,0,0,0,56,0,2,0,0,0,0,0,0,0,0,0,0,0,0,0,0,0,0,0,0,0,0,0,0,0,0,0,0,0,0,0,37,0,64,0,28,0,0,0,0,0,29,15,26,0,0,10,42,1,0,0,0,0,0,0,0
0,0,0,0,0,0,0,0,0,0,0,0,0,0,0,0,0,0,0,0,0,0,0,0,0,0,0,0,0,0,0,0,0,0,0,0,0,0,0,0,0,0,0,0,0,22,0,0,0,6,0,0,0,0,0,0,0,0,0,0,0,0,0,0,0,0,0,0,0,83,0,12,0,111,0,22,0,0,0,8,0,136,0,160,0,0,0,226,0,0,9,2,0,86,0,33,0,19,0,32,0,0,0,97,0,0,0,0,0,14,0,0,0,0,0,0,0,34,0,0,0,24,0,0,9,0,0,0,0,0,0,0,0,0,0,0,0,0,0,0,8,0,0,15,0,2,0,0,0,17,0,0,0,0,0,0,0,0,0,0,0,0,3,16,0,18,0,0,0,63,0,5,0,0,0,10,0,0,0,0,5,0,0,0,0,1,0,0,0,161,0,0,0,0,0,100,0,0,0,0,0,92,0,0,0,0,0,0,0,0,0,0,0,0,26,0,0,0,127,19,99,0,7,17,0
0,0,0,0,0,0,0,0,0,0,0,0,0,0,0,0,0,0,0,0,0,0,0,0,0,0,0,0,0,0,0,0,0,0,0,0,46,0,0,0,0,0,0,0,0,0,0,0,15,0,9,0,0,0,0,0,0,0,0,0,0,0,0,0,0,0,0,0,17,0,187,0,216,0,179,0,21,0,0,0,11,0,39,0,26,0,36,0,0,0,0,0,121,0,7,0,38,1,21,0,3,0,33,0,0,0,0,0,0,0,0,0,0,0,2,0,6,0,0,0,113,0,40,0,0,5,0,0,0,0,29,0,0,0,0,0,0,0,1,8,36,0,75,0,17,1,0,0,0,0,0,0,0,0,0,0,0,0,0,0,0,0,75,0,0,0,0,0,72,0,0,0,0,0,0,0,0,0,0,0,0,8,0,0,0,0,0,0,0,0,0,0,0,0,0,0,0,0,165,0,99,0,215,0,37,0,0,0,66,0,124,6,52,0,26,18,33,0,0,0,0,0,0,0,0
0,0,0,0,0,0,0,0,0,0,0,0,0,0,0,0,0,0,0,0,0,4,0,0,0,0,0,0,0,0,0,0,0,0,0,0,0,0,0,0,0,0,0,0,0,0,0,0,0,0,0,0,0,0,0,0,0,0,0,0,0,0,0,0,0,0,0,0,0,0,0,6,0,42,0,42,0,8,0,0,0,7,0,6,0,0,0,36,0,0,0,0,0,0,0,0,0,0,0,0,0,0,0,0,0,0,0,0,0,0,0,0,0,0,0,0,0,0,0,0,0,13,1,27,0,0,0,0,0,0,0,0,0,0,0,25,0,0,0,1,0,28,0,20,0,34,0,0,0,0,0,0,0,0,0,0,0,6,0,0,0,0,0,15,0,0,0,0,0,7,0,0,0,0,0,0,0,0,0,0,0,9,0,0,0,0,0,0,0,0,0,0,0,0,0,0,0,0,0,55,0,16,0,55,0,0,0,0,0,53,0,0,0,0,0,0,0,0,19,2,0,0,0,0,0
