0,469,110,104,115,0,21,339,49,259,186,0,133,0,25,0,139,78,19,0,7,0,37,130,44,465,70,0,44,0,6,0,0,0,0,0,33,0,412,23,39,0,0,0,52,0,50,0,11,0,0,0,25,18,9,32,0,0,0,0,111,0,180,129,38,0,4,0,0,0,0,0,0,0,0,0,0,0,0,0,0,0,0,0,0,0,0,0,0,0,0,0,0,0,0,0,0,0,0,0,0,0,0,0,0,0,0,0,0,0,0,0,0,0,0,0,0,0,0,0,0,0,0,0,9,0,4,0,0,0,2,0,0,0,0,0,0,0,0,0,0,0,2,0,0,0,49,0,57,0,23,0,0,0,0,0,0,0,0,0,0,0,0,0,5,0,10,0,8,1,19,0,283,0,0,0,356,102,36,0,0,0,54,28,128,0,3,0,0,0,0,0,0,0,0,0,0,0,0,0,0,0,0,0,0,0,0,0,0,0,639,294,160,0,263,0,9,0,9,34,0,0,0,0,0
469,0,676,35,125,258,73,97,0,68,59,279,0,195,0,76,99,30,0,212,0,0,224,58,357,94,0,368,8,82,0,0,0,196,0,5,0,246,0,411,0,82,0,0,0,130,0,263,0,13,0,0,0,24,15,14,0,4,0,10,0,128,20,138,0,19,0,20,0,0,0,0,0,0,0,0,0,0,0,0,0,0,0,0,0,19,0,0,0,0,0,0,0,0,0,0,0,0,0,0,0,0,0,0,0,0,0,0,0,0,0,0,0,0,0,0,0,0,0,0,0,0,0,0,0,0,0,10,0,0,0,0,0,0,0,16,0,0,0,0,0,0,0,0,0,0,0,0,0,98,0,112,0,117,0,0,0,9,0,0,0,0,0,1,0,0,0,10,0,15,0,0,0,180,0,45,169,439,0,4,0,24,18,9,0,97,0,0,0,0,0,0,0,0,0,0,0,0,0,0,0,4,0,3,0,0,0,15,0,11,4,0,0,0,495,0,0,0,1061,303,393,0,8,0,0
110,676,0,212,359,117,59,118,19,58,47,180,213,0,229,122,125,0,121,0,57,0,404,172,241,285,154,0,161,0,19,0,86,57,0,0,68,0,688,53,61,0,0,0,89,0,82,0,23,0,0,0,2,0,118,0,0,0,11,0,20,0,107,67,25,1,2,0,0,0,0,0,0,0,0,0,0,0,0,0,0,0,0,0,0,0,0,0,0,0,0,0,0,0,0,0,0,0,0,0,0,0,0,0,64,0,54,0,0,0,0,0,0,0,0,0,0,0,0,0,0,0,0,0,56,0,76,0,12,0,20,0,10,0,84,0,41,0,0,0,0,0,0,0,0,0,61,0,116,0,95,0,5,0,2,0,0,0,0,0,2,0,3,0,19,0,94,0,30,2,9,1,264,17,1,1,71,129,0,0,0,0,2,17,38,0,0,0,0,0,7,0,0,0,1,0,18,0,0,0,61,0,0,0,3,0,14,0,92,0,863,162,539,214,539,4,6,0,12,25,24,0,0,0,0
104,35,212,0,70,129,0,186,2,18,70,3,0,10,15,239,48,28,0,127,0,11,119,151,48,154,0,95,0,142,0,5,17,244,0,0,0,64,16,288,0,7,0,0,0,14,0,0,0,0,0,0,0,0,5,79,0,33,0,0,0,0,3,8,0,0,0,2,0,0,0,0,0,0,0,0,0,0,0,0,0,0,0,0,0,0,0,0,0,0,0,0,0,0,0,0,0,0,0,0,0,0,0,0,0,0,0,0,0,0,0,0,0,0,0,0,0,0,0,0,0,0,0,0,0,0,0,0,0,4,0,7,0,7,0,20,0,30,0,7,0,0,0,0,0,0,0,3,1,0,0,0,0,0,0,2,0,0,0,0,0,3,0,0,0,0,0,0,0,7,0,0,5,63,0,0,11,34,0,0,0,0,1,1,0,0,0,0,0,0,0,0,0,0,0,0,0,0,0,0,0,9,0,0,0,0,0,0,0,9,0,0,0,0,118,0,0,0,195,91,217,0,0,8,0
115,125,359,70,0,505,7,0,17,0,83,261,346,159,482,362,46,0,100,189,199,115,125,86,0,23,56,0,0,0,168,0,193,92,48,0,180,80,57,0,136,0,0,0,38,0,143,0,0,1,0,0,0,0,0,0,0,0,7,0,3,0,3,0,0,0,0,0,1,0,0,0,0,0,0,0,0,0,0,0,0,0,0,0,0,0,0,0,0,0,0,0,0,0,0,0,17,0,0,0,0,0,0,0,0,0,0,0,0,0,0,0,0,0,0,0,0,0,0,0,0,0,5,0,0,0,13,0,0,0,0,0,0,0,0,0,0,0,0,0,0,0,0,0,0,0,27,0,29,0,33,0,32,0,0,0,0,1,0,0,0,0,8,0,22,0,208,0,35,0,7,0,89,0,23,0,147,200,31,0,45,0,17,0,44,0,0,5,0,0,0,0,0,0,0,0,1,0,0,0,2,0,0,0,0,0,0,0,0,0,629,300,412,0,198,0,0,0,0,33,0,0,0,0,0
0,258,117,129,505,0,0,101,0,28,223,72,390,258,437,239,32,0,156,188,236,176,125,29,0,0,0,240,0,63,111,126,98,626,51,97,91,302,0,0,0,31,0,0,0,16,12,122,1,0,0,81,0,14,0,16,0,0,0,3,0,0,0,0,0,14,0,2,0,0,0,0,0,0,0,0,0,0,0,0,0,0,0,0,0,0,0,0,0,0,0,0,0,1,0,0,0,0,0,0,0,0,0,0,0,0,0,0,0,0,0,0,0,0,0,0,0,0,0,0,0,0,0,0,0,0,0,12,0,0,0,0,0,0,0,30,0,0,0,0,0,0,0,0,0,0,0,0,0,0,0,0,0,39,0,3,0,0,0,0,0,0,0,3,0,50,0,200,0,46,0,14,0,50,0,0,34,373,46,16,0,0,1,4,0,0,17,13,0,0,0,0,0,0,0,0,0,0,0,0,0,0,0,0,0,0,0,0,2,0,12,14,0,0,238,0,0,0,523,321,437,0,0,10,0
21,73,59,0,7,0,0,88,103,298,6,0,0,0,2,0,13,21,0,1,0,0,9,0,69,114,0,0,11,0,0,0,0,0,0,0,0,2,89,0,0,0,0,0,4,0,3,0,12,0,0,0,156,102,369,91,17,0,30,0,199,0,273,139,19,0,11,44,0,0,0,0,0,0,0,0,0,0,0,0,0,0,0,0,0,0,0,0,0,0,0,0,0,0,0,0,0,0,0,0,0,0,0,0,0,0,0,0,0,0,0,0,0,0,0,0,0,0,0,0,0,0,0,0,20,0,45,0,0,0,27,0,3,0,8,0,0,0,0,0,0,0,10,0,0,0,8,0,26,0,24,0,0,0,0,1,0,0,0,0,4,0,9,0,12,0,0,0,13,0,61,0,173,0,0,0,39,23,0,0,0,0,1,22,0,0,0,0,0,0,0,0,0,0,0,0,6,0,0,0,0,0,0,0,0,0,0,0,31,0,799,123,408,384,776,22,161,0,7,5,0,0,0,0,0
339,97,118,186,0,101,88,0,138,53,0,11,0,23,0,91,27,21,0,112,0,0,0,19,166,512,0,151,0,59,0,0,0,19,0,0,0,0,0,184,0,0,0,0,0,29,0,0,0,1,0,0,14,35,40,371,1,65,0,26,0,39,21,178,0,0,0,5,0,0,0,0,0,0,0,0,0,0,0,0,0,0,0,2,0,0,0,0,0,0,0,0,0,0,0,0,0,0,0,0,0,0,0,0,0,0,0,0,0,0,0,0,0,0,0,0,0,0,0,0,0,0,0,0,0,37,0,27,0,12,0,38,0,12,0,80,0,38,0,8,0,0,0,0,0,0,0,0,0,6,0,12,0,0,0,2,0,2,0,0,0,9,0,7,0,22,0,8,0,29,0,37,0,175,0,0,47,18,0,0,0,0,0,0,0,0,0,0,0,0,0,0,0,0,0,0,0,0,0,4,0,20,0,0,0,0,0,12,0,49,0,0,0,0,453,0,0,0,541,125,556,275,0,228,0
49,0,19,2,17,0,103,138,0,632,17,0,18,0,12,0,0,0,3,0,0,0,0,0,11,90,0,0,0,0,0,0,0,0,0,0,0,0,0,0,10,0,0,0,11,0,8,0,0,0,0,0,202,135,203,254,18,51,122,137,215,0,194,82,143,4,249,222,0,0,0,0,0,0,0,0,0,0,0,0,0,0,0,0,0,0,0,0,0,0,0,0,0,0,0,0,0,0,0,0,0,0,0,0,0,0,0,0,0,0,0,0,0,0,0,0,0,0,0,0,0,0,0,0,0,0,62,0,1,0,37,0,4,0,2,1,0,0,0,0,0,0,0,0,0,0,20,0,76,0,36,0,14,0,0,2,14,0,1,0,52,0,2,0,0,0,0,0,5,0,35,2,76,0,4,0,449,26,7,0,0,0,57,23,131,14,0,0,0,0,0,0,1,0,0,0,2,0,0,0,0,0,0,0,0,0,4,0,12,1,500,135,122,0,323,7,0,0,0,2,0,0,0,0,0
259,68,58,18,0,28,298,53,632,0,0,13,0,10,0,18,0,7,0,32,0,0,0,0,285,57,0,61,0,0,0,0,0,0,0,0,0,0,0,6,0,0,0,0,0,15,0,32,0,0,1,0,80,183,257,146,4,43,0,47,19,55,33,195,0,66,17,107,0,0,0,0,0,0,0,0,0,0,0,0,0,0,0,0,0,1,0,0,0,0,0,0,0,0,0,0,0,0,0,1,0,0,0,0,0,0,0,0,0,0,0,0,0,0,0,0,0,0,0,0,0,0,0,0,0,79,0,77,0,0,0,26,0,0,0,25,1,22,0,0,0,0,0,0,0,0,0,34,0,99,0,24,0,14,0,0,0,31,0,0,0,8,0,3,0,8,0,6,0,10,0,26,0,27,0,2,168,204,0,7,0,0,19,15,0,53,0,1,0,0,0,2,0,7,0,0,0,0,0,0,0,8,0,0,0,0,0,9,0,69,0,0,0,0,489,0,0,0,887,209,197,278,12,196,0
186,59,47,70,83,223,6,0,17,0,0,98,300,0,28,235,38,0,16,24,28,0,71,61,0,0,22,0,18,0,57,0,76,43,9,0,95,0,38,0,42,0,4,0,22,0,39,0,7,0,0,0,7,0,5,0,0,0,3,0,2,0,0,0,0,0,0,0,1,0,0,0,0,0,0,0,0,0,0,0,0,0,0,0,0,0,0,0,0,0,0,0,0,0,0,0,0,0,10,0,0,0,0,0,0,0,0,0,0,0,0,0,0,0,0,0,0,0,0,0,0,0,0,0,2,0,0,0,0,0,0,0,0,0,0,0,0,0,0,0,0,0,0,0,0,0,8,0,12,0,0,0,38,0,0,0,0,0,0,0,0,0,0,0,5,0,52,2,9,0,4,0,28,0,25,0,267,120,93,0,50,0,34,0,38,0,19,0,0,0,0,0,0,0,0,0,0,0,0,0,0,0,0,0,0,0,0,0,0,0,218,319,159,0,59,0,0,0,0,13,0,0,0,0,0
0,279,180,3,261,72,0,11,0,13,98,0,50,360,288,5,0,3,34,27,115,17,129,10,7,0,0,87,5,24,35,18,52,268,0,10,37,116,6,38,0,117,0,0,0,27,2,177,0,22,0,31,0,4,0,2,0,0,0,2,0,4,0,2,0,10,0,10,0,0,0,0,0,0,0,0,0,0,0,0,0,0,0,0,0,0,0,0,0,0,0,0,0,0,0,0,0,0,0,0,0,0,0,0,0,0,0,0,0,0,0,0,0,0,0,0,0,0,0,0,0,0,0,0,0,5,0,0,0,0,0,0,0,0,0,0,0,0,0,0,0,0,0,0,0,0,0,0,1,0,0,69,0,80,0,0,0,0,0,0,0,0,0,0,0,0,0,41,0,7,0,0,0,15,0,44,24,487,8,34,0,74,0,12,0,35,0,8,0,0,0,0,0,0,0,0,0,0,0,0,0,3,0,0,0,0,0,2,0,0,0,6,23,2,99,0,0,0,381,156,189,11,0,0,0
133,0,213,0,346,390,0,0,18,0,300,50,0,516,55,84,0,0,85,514,87,167,0,0,0,0,152,368,0,0,23,12,0,0,231,60,38,27,0,0,164,31,99,89,78,31,198,68,30,0,238,95,0,0,0,0,0,0,1,0,0,0,0,0,7,0,0,0,0,0,0,0,0,0,0,0,0,0,0,0,0,0,0,0,0,0,0,0,0,0,0,0,0,0,0,0,0,0,0,0,0,0,0,0,0,0,0,0,0,0,0,0,0,0,0,0,0,0,0,0,0,0,0,0,0,0,0,0,0,0,0,0,0,0,0,0,0,0,0,0,0,0,0,0,0,0,16,0,21,0,0,0,36,0,0,0,0,0,0,0,0,0,0,0,40,0,10,0,22,0,0,0,0,3,0,0,195,164,149,0,60,0,42,0,54,0,179,16,0,0,0,0,0,0,0,0,0,0,0,0,0,0,0,0,0,0,0,0,0,0,57,219,168,0,13,0,0,0,9,54,41,0,0,0,0
0,195,0,10,159,258,0,23,0,10,0,360,516,0,33,0,0,0,350,60,119,31,0,0,0,0,330,107,0,0,0,3,9,0,62,102,42,42,0,0,96,198,67,65,45,27,65,233,0,56,104,311,0,0,0,0,0,0,0,0,0,0,0,0,0,6,0,0,0,0,0,0,0,0,0,0,0,0,0,0,0,0,0,0,0,0,0,3,0,0,0,0,0,0,0,0,0,0,0,0,0,0,0,0,0,0,0,0,0,0,0,0,0,0,0,0,0,0,0,0,0,0,0,0,0,0,0,0,0,0,0,0,0,0,0,0,0,0,0,0,0,0,0,0,0,0,0,0,0,0,0,29,0,19,0,0,0,0,0,0,0,0,0,0,0,62,0,41,0,32,0,6,0,0,0,0,7,534,11,16,0,49,0,7,0,0,35,203,0,0,0,0,0,0,0,0,0,0,0,0,0,0,0,0,0,0,0,0,0,5,0,10,59,1,55,0,0,0,83,225,237,0,0,0,0
25,0,229,15,482,437,2,0,12,0,28,288,55,33,0,389,26,0,176,72,126,54,179,46,75,0,143,0,0,0,111,16,80,124,20,0,56,94,0,0,0,0,0,0,21,0,0,0,0,0,15,0,14,0,26,0,0,0,0,0,0,0,0,0,0,0,0,0,0,0,0,0,0,0,0,0,0,0,0,0,0,0,0,0,0,0,0,0,0,0,0,0,0,0,0,0,69,0,0,0,0,0,0,0,0,0,50,0,0,0,0,0,0,0,0,0,0,0,0,0,0,0,0,0,0,0,15,0,0,0,0,0,0,0,0,0,0,0,0,0,0,0,0,0,0,0,22,0,28,0,16,0,10,0,0,0,1,0,0,0,1,0,1,0,0,0,41,0,0,1,0,0,11,0,2,0,35,80,18,0,0,0,8,0,35,0,0,0,0,0,0,0,0,0,0,0,0,0,0,0,0,0,0,0,0,0,0,0,0,0,78,198,52,0,23,0,0,0,0,18,12,0,0,0,0
0,76,122,239,362,239,0,91,0,18,235,5,84,0,389,0,53,11,0,440,200,116,147,84,25,8,0,115,0,35,100,34,123,121,18,6,28,51,0,0,5,0,0,0,0,7,0,0,0,0,0,4,3,13,0,190,0,82,0,21,0,10,0,16,0,13,0,5,0,0,0,0,0,0,0,0,0,0,0,0,0,0,0,0,0,19,0,0,0,0,0,0,0,0,0,0,0,0,0,6,0,0,0,0,0,8,0,0,0,0,0,0,0,0,0,0,0,0,0,0,0,0,0,0,0,0,0,32,0,0,6,0,0,0,0,109,0,141,0,0,0,0,0,19,0,0,1,0,0,30,0,17,0,0,0,8,0,0,0,0,3,0,0,0,0,6,17,38,0,4,0,4,6,14,0,0,0,46,37,0,0,0,1,1,0,0,0,0,0,0,0,0,0,3,0,0,0,0,0,0,0,0,0,0,0,0,0,14,0,40,25,7,0,3,80,0,0,0,130,545,70,0,0,7,0
139,99,125,48,46,32,13,27,0,0,38,0,0,0,26,53,0,10,163,0,359,0,86,54,134,52,74,0,58,0,36,0,119,18,0,0,17,15,128,0,0,0,0,0,78,0,0,0,5,0,6,0,92,0,64,0,16,0,0,0,0,0,61,4,0,0,0,0,0,0,5,0,0,0,12,0,0,0,0,0,173,0,0,0,303,0,53,0,0,0,178,0,0,0,0,0,433,0,291,0,8,0,6,0,0,0,228,0,0,0,0,0,0,0,0,0,0,0,0,0,65,0,52,0,0,0,0,0,190,0,11,0,0,0,0,0,195,0,75,0,33,0,587,0,0,0,0,0,0,0,0,0,0,0,74,0,0,0,41,0,20,0,0,0,0,0,14,0,0,0,0,0,12,0,0,0,34,13,0,0,0,0,44,0,0,0,0,0,0,0,0,0,0,0,0,0,0,0,0,0,85,0,0,0,0,0,0,0,19,0,13,259,17,5,0,0,0,0,5,4,4,0,0,0,0
78,30,0,28,0,0,21,21,0,7,0,3,0,0,0,11,10,0,0,45,0,93,0,46,67,106,0,45,0,109,0,9,0,83,0,8,0,16,0,130,0,0,0,0,0,6,0,0,0,0,0,16,0,17,5,48,0,103,0,2,0,1,0,168,0,0,0,0,0,0,0,0,0,0,0,0,0,0,0,0,0,13,0,0,0,103,0,0,0,0,0,0,0,0,0,0,0,0,0,15,0,0,0,0,0,0,0,0,0,0,0,0,0,0,0,0,0,0,0,0,0,0,0,0,0,0,0,4,0,58,3,21,0,42,0,238,0,357,0,110,2,36,0,121,0,0,0,0,0,0,0,0,0,0,0,34,0,0,3,20,0,27,0,0,0,0,0,1,0,0,0,0,0,17,0,0,0,11,0,8,0,0,3,7,0,0,0,0,0,0,0,0,0,0,0,0,0,0,0,0,0,29,0,0,0,0,0,0,0,0,0,0,0,0,0,0,0,0,8,233,17,6,0,3,0
19,0,121,0,100,156,0,0,3,0,16,34,85,350,176,0,163,0,0,230,135,84,159,0,115,0,94,193,3,0,14,9,0,0,171,38,83,23,2,0,4,14,28,46,9,0,2,30,0,2,181,71,0,0,14,0,0,0,0,0,0,0,28,0,0,0,0,0,0,0,0,0,0,0,8,0,0,0,0,0,84,0,0,0,89,0,38,0,0,0,0,0,0,0,0,0,107,0,0,0,0,0,0,0,0,0,0,0,0,0,0,0,0,0,0,0,0,0,0,0,0,0,0,0,0,0,0,0,0,0,0,0,0,0,0,0,0,0,0,0,0,0,0,0,0,0,0,0,11,0,0,0,0,0,4,0,0,0,0,0,0,0,0,0,19,8,0,1,12,0,1,0,8,0,0,0,29,31,8,0,0,0,0,0,0,0,9,7,0,0,0,0,0,0,0,0,0,0,0,0,0,0,0,0,0,0,0,0,0,0,73,251,108,0,0,0,0,0,5,26,17,0,0,0,0
0,212,0,127,189,188,1,112,0,32,24,27,514,60,72,440,0,45,230,0,123,125,0,84,0,24,133,188,0,11,45,23,16,11,63,206,32,121,0,0,34,1,26,27,13,52,0,14,0,3,54,265,0,0,0,219,0,128,0,0,0,0,0,103,0,48,0,0,0,0,0,0,0,0,0,0,0,0,0,0,0,0,0,0,0,172,0,0,0,0,0,0,0,0,0,0,0,0,0,41,0,0,0,0,0,0,0,0,0,0,0,0,0,0,0,0,0,0,0,0,0,0,0,0,0,0,0,0,0,0,0,0,0,0,0,184,0,194,0,0,0,21,0,0,0,0,0,0,0,79,0,55,0,0,0,10,0,0,0,0,0,0,0,4,0,31,2,41,0,12,0,0,0,9,0,0,0,68,23,0,0,0,0,0,0,0,27,14,0,0,0,0,0,0,0,0,0,0,0,0,0,34,0,0,0,0,0,27,0,42,0,0,30,0,92,0,0,0,142,293,84,0,0,0,0
7,0,57,0,199,236,0,0,0,0,28,115,87,119,126,200,359,0,135,123,0,68,171,19,76,0,64,77,55,0,76,0,60,35,31,34,38,24,0,0,1,0,6,22,0,0,0,0,0,0,73,24,0,0,5,0,4,0,0,0,0,0,67,0,0,0,0,0,1,0,34,0,0,0,37,0,0,0,0,0,199,0,0,0,182,0,78,0,0,0,108,0,0,0,0,0,256,0,334,0,0,0,0,0,0,0,138,0,0,0,0,0,0,0,0,0,0,0,0,0,98,0,35,0,0,0,0,0,33,0,0,0,0,0,0,0,59,0,0,0,0,0,189,0,0,0,0,0,0,0,0,0,0,0,0,0,0,1,12,0,0,0,0,0,21,2,46,0,31,0,0,0,17,0,0,0,51,18,42,0,0,0,0,0,0,0,6,4,0,0,0,0,0,0,0,0,0,0,0,0,0,0,0,0,0,0,0,0,0,0,223,370,137,0,57,0,1,0,0,17,0,0,0,0,0
0,0,0,11,115,176,0,0,0,0,0,17,167,31,54,116,0,93,84,125,68,0,4,78,0,35,37,128,0,104,0,9,0,37,24,24,14,43,0,3,0,0,0,15,0,19,0,0,0,0,0,56,0,0,0,92,0,90,1,20,0,7,0,221,0,0,0,0,0,0,0,0,0,0,0,0,0,0,0,0,0,34,0,0,0,190,0,0,0,0,0,0,0,0,0,0,0,0,0,47,0,0,0,0,0,0,0,0,0,0,0,0,0,0,0,0,0,0,0,0,0,0,0,0,0,0,0,0,0,0,0,0,0,0,0,200,0,374,0,120,0,96,0,322,0,23,0,0,0,0,0,0,0,0,0,0,0,0,0,0,0,0,0,0,0,47,0,82,0,28,0,11,0,25,0,0,3,23,7,0,0,1,0,0,0,0,8,3,0,0,0,0,0,0,0,0,0,0,0,0,0,0,0,0,0,0,0,0,0,0,4,0,0,0,113,0,0,0,303,462,239,0,0,1,0
37,224,404,119,125,125,9,0,0,0,71,129,0,0,179,147,86,0,159,0,171,4,0,115,105,59,0,0,23,9,14,0,21,51,0,0,15,33,31,26,0,0,0,0,0,0,0,0,3,0,0,0,6,0,93,0,21,0,0,0,0,0,8,13,0,0,0,0,0,0,0,0,0,0,0,0,0,0,0,0,0,0,0,0,0,0,0,0,0,0,0,0,0,0,0,0,89,0,35,0,0,0,3,0,0,0,83,0,0,0,0,0,0,0,0,0,0,0,0,0,0,0,0,0,0,0,0,0,0,0,0,0,0,0,56,0,83,2,0,0,0,0,107,0,0,0,8,0,0,0,13,0,0,0,2,0,0,0,0,0,0,0,0,0,0,0,17,0,4,0,0,0,10,0,0,0,63,31,2,0,2,0,17,0,0,0,0,0,0,0,1,0,0,0,0,0,0,0,0,0,64,0,0,0,0,0,0,0,69,0,25,259,43,0,18,0,0,0,0,10,0,0,0,0,0
130,58,172,151,86,29,0,19,0,0,61,10,0,0,46,84,54,46,0,84,19,78,115,0,68,72,0,26,4,73,0,2,24,59,0,0,0,4,24,22,0,0,0,0,0,4,0,0,0,0,0,0,0,0,0,47,0,43,0,16,0,0,6,31,0,0,0,0,0,0,0,0,0,0,0,0,0,0,0,0,0,10,0,0,0,29,0,0,0,0,0,2,0,0,0,0,0,0,0,6,0,0,0,0,0,0,0,0,0,0,0,0,0,0,0,0,0,0,0,0,0,0,0,0,0,0,0,0,0,0,0,0,0,0,0,39,0,48,0,12,0,6,0,0,0,1,0,0,3,0,0,0,0,0,0,3,0,0,1,0,0,9,0,0,0,0,0,27,0,1,0,0,0,6,0,0,0,18,0,0,0,0,0,0,0,0,0,0,0,0,0,0,0,0,0,0,0,0,0,0,0,0,0,0,0,0,0,0,0,0,0,2,0,0,14,0,0,0,73,810,42,4,0,0,0
44,357,241,48,0,0,69,166,11,285,0,7,0,0,75,25,134,67,115,0,76,0,105,68,0,333,0,0,0,0,11,0,0,0,0,0,0,0,122,18,0,0,0,0,0,0,0,0,5,0,0,0,99,44,351,46,61,0,18,0,77,0,323,175,0,0,0,0,0,0,0,0,0,0,0,0,0,0,0,0,0,0,0,0,0,0,0,0,0,0,68,0,0,0,0,0,104,0,0,0,0,0,0,0,0,0,107,0,0,0,0,0,0,0,0,0,0,0,0,0,0,0,0,0,0,0,19,0,90,0,0,0,44,0,143,0,254,0,10,0,0,0,313,0,0,0,0,0,5,0,14,0,0,0,17,0,0,0,21,0,17,0,0,0,5,0,3,0,9,0,12,0,91,0,0,0,0,13,0,0,0,0,0,41,0,0,0,0,0,0,0,0,0,0,0,0,0,0,0,0,137,0,0,0,0,0,26,0,139,0,114,279,293,167,205,1,21,0,0,10,9,0,1,0,0
465,94,285,154,23,0,114,512,90,57,0,0,0,0,0,8,52,106,0,24,0,35,59,72,333,0,0,0,0,24,0,0,0,5,0,0,0,11,26,22,0,0,0,5,0,0,0,0,0,0,0,0,8,6,24,86,0,50,0,0,0,8,47,149,0,0,0,0,0,0,0,0,0,0,0,0,0,0,0,0,0,0,0,0,0,0,0,0,0,0,0,0,0,0,0,0,0,0,0,0,0,0,0,0,0,0,0,0,0,0,0,0,0,0,0,0,0,0,0,0,0,0,0,0,0,0,0,0,0,7,0,0,0,6,0,15,0,37,0,7,0,0,0,5,0,0,0,0,0,0,0,0,0,0,0,7,0,1,0,0,1,5,0,0,0,0,1,0,0,0,0,0,0,27,0,0,31,20,0,0,0,0,0,23,0,0,0,0,0,0,0,0,0,0,0,0,0,0,0,1,0,0,0,0,0,0,0,0,0,0,8,4,9,0,20,0,0,0,5,655,33,0,0,4,0
70,0,154,0,56,0,0,0,0,0,22,0,152,330,143,0,74,0,94,133,64,37,0,0,0,0,0,417,13,0,8,0,7,0,37,13,29,0,0,0,35,117,203,195,76,53,43,207,23,8,176,118,10,0,7,0,2,0,3,0,0,0,24,0,0,0,0,0,0,0,0,0,0,0,0,0,0,0,0,0,0,0,0,0,0,0,0,0,0,0,0,0,0,0,0,0,0,0,0,0,0,0,0,0,0,0,0,0,0,0,0,0,0,0,0,0,0,0,0,0,54,0,0,0,0,0,0,0,0,0,0,0,0,0,0,0,0,0,0,0,0,0,0,0,0,0,23,0,35,0,0,0,15,0,0,0,0,0,9,0,0,0,0,0,32,0,0,0,0,0,0,1,0,0,0,0,19,65,5,0,0,0,0,0,36,0,71,0,0,0,0,0,0,0,0,0,0,0,0,0,0,0,0,0,0,0,1,0,0,0,33,247,216,12,7,0,1,2,0,47,8,0,0,0,0
0,368,0,95,0,240,0,151,0,61,0,87,368,107,0,115,0,45,193,188,77,128,0,26,0,0,417,0,0,0,0,5,0,21,40,40,0,33,0,0,219,15,157,208,0,190,109,125,12,29,104,227,0,23,0,83,0,0,0,0,0,0,0,144,0,56,0,0,0,4,0,0,0,0,0,0,0,0,0,0,0,0,0,0,0,0,0,0,0,0,0,0,0,0,0,0,0,0,0,53,0,0,0,0,0,0,0,0,0,0,0,0,0,0,0,0,0,0,0,0,0,0,0,0,0,0,0,0,0,0,0,0,0,0,0,162,0,178,0,0,0,49,0,200,0,0,0,0,0,0,0,62,0,0,0,0,0,0,0,0,0,0,0,0,0,61,0,28,0,52,0,7,0,16,0,0,1,139,7,0,0,0,0,0,0,0,43,77,0,0,0,0,0,0,0,0,0,0,0,0,0,0,0,0,0,0,0,0,0,0,2,10,0,0,0,0,0,0,102,602,261,19,0,0,0
44,8,161,0,0,0,11,0,0,0,18,5,0,0,0,0,58,0,3,0,55,0,23,4,0,0,13,0,0,0,109,0,9,0,35,0,48,0,7,0,0,0,19,1,0,0,0,0,0,0,11,0,4,0,2,0,0,0,0,0,3,0,15,0,0,0,0,0,0,0,5,0,0,0,4,0,0,0,0,0,0,0,0,0,29,0,5,0,0,0,0,0,0,0,0,0,0,0,14,0,0,0,0,0,0,0,0,0,0,0,0,0,0,0,0,0,0,0,0,0,9,0,12,0,0,0,0,0,9,0,0,0,0,0,0,0,21,0,22,0,23,0,52,0,7,0,0,0,3,0,0,0,1,0,10,0,0,0,5,0,1,0,0,0,0,0,0,0,0,0,0,0,2,0,0,0,12,0,0,0,0,0,23,0,0,0,0,0,0,0,0,0,0,0,0,0,0,0,0,0,0,0,0,0,0,0,0,0,0,0,0,46,3,0,0,0,0,0,0,0,1,0,0,0,0
0,82,0,142,0,63,0,59,0,0,0,24,0,0,0,35,0,109,0,11,0,104,9,73,0,24,0,0,0,0,0,36,0,55,0,83,0,27,1,25,0,0,0,9,0,0,0,0,0,0,0,0,0,0,0,25,0,17,0,0,0,0,0,108,0,0,0,0,0,0,0,0,0,0,0,0,0,0,0,0,0,0,0,0,0,52,0,0,0,0,0,0,0,0,0,0,0,3,0,0,0,0,0,0,0,0,0,0,0,0,0,0,0,0,0,0,0,0,0,0,0,0,0,0,0,0,0,0,0,12,0,0,0,0,0,122,0,220,0,85,0,43,0,109,0,0,0,0,0,0,0,0,0,0,0,0,0,0,0,0,0,0,0,0,0,0,0,0,0,0,0,0,0,0,0,0,0,0,0,0,0,0,0,3,0,2,0,0,0,0,0,0,0,0,0,0,0,0,0,0,0,5,0,0,0,0,0,0,0,0,0,0,0,0,0,0,0,0,0,33,0,0,0,0,0
6,0,19,0,168,111,0,0,0,0,57,35,23,0,111,100,36,0,14,45,76,0,14,0,11,0,8,0,109,0,0,0,35,24,41,0,10,13,1,0,0,0,23,0,0,0,0,0,0,0,31,0,0,0,0,0,0,0,0,0,0,0,15,0,0,0,0,0,0,0,3,0,0,0,0,0,0,0,0,0,15,0,0,0,0,0,0,0,0,0,10,0,0,0,0,0,0,0,0,0,0,0,0,0,0,0,16,0,0,0,0,0,0,0,0,0,0,0,0,0,0,0,0,0,0,0,0,0,0,0,0,0,0,0,0,0,9,0,6,0,0,0,28,0,1,0,0,0,0,0,0,0,0,0,4,0,0,0,0,0,0,0,2,0,18,0,136,0,0,0,1,0,12,0,0,0,45,14,73,0,0,0,0,0,0,0,6,0,0,0,0,0,0,0,0,0,0,0,0,0,1,0,0,0,0,0,0,0,0,0,125,209,102,0,38,0,0,0,4,0,0,0,0,0,0
0,0,0,5,0,126,0,0,0,0,0,18,12,3,16,34,0,9,9,23,0,9,0,2,0,0,0,5,0,36,0,0,0,6,0,14,5,16,0,2,0,0,0,7,0,0,0,0,0,0,0,4,0,0,0,5,0,0,0,3,0,0,0,62,0,0,0,0,0,0,0,0,0,0,0,0,0,0,0,0,0,0,0,0,0,6,0,0,0,0,0,0,0,0,0,0,0,0,0,0,0,0,0,0,0,0,0,0,0,0,0,0,0,0,0,0,0,0,0,0,0,0,0,0,0,0,0,0,0,0,0,0,0,0,0,12,0,52,0,58,0,41,0,10,0,10,0,0,0,0,0,0,0,0,0,0,0,0,0,0,0,2,0,0,0,2,0,11,0,5,0,1,0,5,0,0,0,0,1,0,0,0,0,1,0,0,1,0,0,0,0,0,0,0,0,0,0,0,0,0,0,0,0,0,0,0,0,0,0,0,0,0,0,0,16,0,0,0,46,87,35,6,0,0,0
0,0,86,17,193,98,0,0,0,0,76,52,0,9,80,123,119,0,0,16,60,0,21,24,0,0,7,0,9,0,35,0,0,31,40,2,218,11,0,0,0,0,13,0,0,0,0,0,3,0,10,0,2,0,2,0,0,0,0,0,3,0,13,0,0,0,0,0,0,0,0,0,0,0,0,0,0,0,0,0,2,0,0,0,0,0,0,0,0,0,0,0,0,0,0,0,2,0,15,0,0,0,0,0,0,0,0,0,0,0,0,0,0,0,0,0,0,0,0,0,0,0,0,0,0,0,0,0,0,0,0,0,0,0,0,0,0,0,7,0,0,0,0,0,0,0,0,0,0,0,0,0,0,0,0,0,1,0,0,0,0,0,3,0,2,0,118,0,0,0,1,0,12,1,0,0,47,13,24,0,0,0,21,0,0,0,2,0,0,0,0,0,0,0,0,0,0,0,0,0,0,0,0,0,0,0,0,0,0,0,57,317,131,0,20,0,0,0,0,5,0,0,0,0,0
0,196,57,244,92,626,0,19,0,0,43,268,0,0,124,121,18,83,0,11,35,37,51,59,0,5,0,21,0,55,24,6,31,0,0,90,8,126,0,0,0,0,0,7,0,0,0,0,0,0,0,6,0,0,0,8,0,0,0,0,0,4,0,28,0,0,0,0,0,0,0,0,0,0,0,0,0,0,0,0,0,0,0,0,0,0,0,0,0,0,0,0,0,0,0,0,0,0,0,0,0,0,0,0,0,0,0,0,0,0,0,0,0,0,0,0,0,0,0,0,0,0,0,0,0,0,0,0,0,2,0,0,0,0,0,0,0,14,0,11,0,0,0,0,0,14,0,0,0,0,0,0,0,0,0,0,0,13,0,0,0,0,0,0,0,0,0,39,0,0,0,0,0,8,0,0,0,133,0,29,0,0,0,4,0,0,0,0,0,0,0,1,0,0,0,0,0,0,0,0,0,0,0,0,0,0,0,0,0,0,4,0,0,0,32,0,0,0,42,267,43,0,0,0,0
0,0,0,0,48,51,0,0,0,0,9,0,231,62,20,18,0,0,171,63,31,24,0,0,0,0,37,40,35,0,41,0,40,0,0,0,84,0,7,0,5,0,11,0,4,2,0,0,0,0,62,0,0,0,0,0,0,0,0,0,0,0,3,0,0,0,0,0,1,0,0,0,0,0,0,0,0,0,0,0,9,0,2,0,0,0,0,0,0,0,11,0,0,0,4,0,0,0,23,0,0,0,0,0,0,0,0,0,0,0,0,0,0,0,0,0,0,0,0,0,6,0,0,0,0,0,0,0,0,0,0,0,0,0,0,0,0,0,0,0,0,0,0,0,3,0,0,0,0,0,0,0,0,0,0,0,0,0,0,0,0,0,0,0,42,0,43,0,0,0,1,0,0,0,0,0,31,16,33,0,0,0,2,0,0,0,109,0,0,0,0,0,0,0,0,0,0,0,0,0,0,0,0,0,0,0,0,0,0,0,109,254,128,16,32,0,0,0,0,7,6,0,0,0,0
0,5,0,0,0,97,0,0,0,0,0,10,60,102,0,6,0,8,38,206,34,24,0,0,0,0,13,40,0,83,0,14,2,90,0,0,0,74,0,15,0,1,1,29,1,0,0,0,0,0,7,29,0,0,0,0,0,0,0,0,0,0,0,30,0,0,0,0,0,0,0,0,0,0,0,0,0,0,0,0,0,0,0,0,0,24,0,0,0,0,0,0,0,0,0,0,0,0,0,0,0,0,0,0,0,0,0,0,0,0,0,0,0,0,0,0,0,0,0,0,0,0,0,0,0,0,0,0,0,0,0,0,0,1,0,0,0,55,0,27,0,22,0,55,0,0,0,0,0,0,0,0,0,0,0,2,0,2,0,4,0,1,0,0,0,15,0,19,0,10,0,0,0,9,0,0,0,26,0,0,0,0,0,0,0,0,2,5,0,0,0,0,0,0,0,0,0,0,0,0,0,0,0,0,0,0,0,0,0,0,0,0,0,0,0,0,0,0,69,121,94,11,0,0,0
33,0,68,0,180,91,0,0,0,0,95,37,38,42,56,28,17,0,83,32,38,14,15,0,0,0,29,0,48,0,10,5,218,8,84,0,0,0,53,0,0,0,39,4,9,0,0,0,0,0,18,0,21,0,3,0,5,0,0,0,12,0,48,0,0,0,0,0,0,0,55,0,6,0,42,0,0,0,0,0,174,0,0,0,96,0,57,0,0,0,22,0,2,0,12,0,47,0,209,0,0,0,0,0,0,0,47,0,0,0,0,0,0,0,0,0,0,0,0,0,85,0,28,0,0,0,0,0,32,0,0,0,0,0,0,0,26,0,62,0,73,0,109,0,105,0,0,0,0,0,0,0,0,0,32,0,20,0,29,0,0,0,0,0,34,0,72,0,35,0,6,0,30,0,0,0,46,24,42,0,0,0,44,0,0,0,12,0,0,0,0,0,0,0,0,0,0,0,0,0,0,0,0,0,0,0,0,0,0,0,53,123,148,9,11,1,0,0,0,0,2,0,0,0,0
0,246,0,64,80,302,2,0,0,0,0,116,27,42,94,51,15,16,23,121,24,43,33,4,0,11,0,33,0,27,13,16,11,126,0,74,0,0,2,35,0,1,0,47,0,6,0,0,1,2,0,45,0,0,0,0,0,0,0,0,0,10,0,79,0,0,0,0,0,0,0,0,0,0,0,0,0,0,0,0,0,0,0,0,0,54,0,0,0,0,0,0,0,0,0,0,0,0,0,0,0,0,0,0,0,0,0,0,0,0,0,0,0,0,0,0,0,0,0,0,0,0,0,0,0,0,0,0,0,0,0,0,0,0,0,33,0,156,0,129,0,154,0,178,0,82,0,0,0,0,0,9,0,0,0,0,0,42,0,18,0,0,0,2,0,8,0,41,0,7,0,12,0,40,0,0,0,101,0,52,0,6,0,14,0,3,0,0,0,0,0,0,0,0,0,0,0,0,0,0,0,0,0,0,0,0,0,0,0,0,1,0,16,0,0,0,0,0,15,305,87,7,0,0,0
412,0,688,16,57,0,89,0,0,0,38,6,0,0,0,0,128,0,2,0,0,0,31,24,122,26,0,0,7,1,1,0,0,0,7,0,53,2,0,0,0,0,5,0,0,0,0,0,0,0,2,0,18,0,0,0,0,0,0,0,15,3,37,0,0,0,0,0,0,0,0,0,0,0,5,0,0,0,0,0,0,0,0,0,35,0,0,0,0,0,0,0,0,0,0,0,11,0,0,0,0,0,0,0,0,0,0,0,0,0,0,0,0,0,0,0,0,0,0,0,18,0,16,0,0,0,0,0,22,0,0,0,0,0,0,0,21,0,26,0,31,0,85,0,16,0,0,0,3,0,0,0,0,0,0,0,3,0,19,0,0,0,0,0,2,0,21,0,2,0,3,0,109,0,0,0,56,8,0,0,2,0,182,0,0,0,0,0,0,0,2,0,0,0,0,0,0,0,0,0,4,0,0,0,0,0,0,0,0,0,0,188,33,9,0,0,0,0,0,3,0,0,0,0,0
23,411,53,288,0,0,0,184,0,6,0,38,0,0,0,0,0,130,0,0,0,3,26,22,18,22,0,0,0,25,0,2,0,0,0,15,0,35,0,0,0,0,0,2,0,0,0,0,0,0,0,1,0,0,0,11,0,4,0,0,0,8,0,50,0,0,0,0,0,0,0,0,0,0,0,0,0,0,0,0,0,0,0,0,0,0,0,0,0,0,0,0,0,0,0,0,0,0,0,0,0,0,0,0,0,0,0,0,0,0,0,0,0,0,0,0,0,0,0,0,0,0,0,0,0,0,0,0,0,0,0,0,0,0,0,0,0,0,0,56,0,49,0,0,0,12,0,0,0,0,0,0,0,0,0,14,0,6,0,19,0,0,0,0,0,0,0,0,0,0,0,0,0,24,0,0,12,82,0,62,0,0,0,21,0,0,0,0,0,0,0,0,0,0,0,0,0,0,0,0,0,0,0,0,0,0,0,0,0,0,0,0,0,0,0,0,0,0,0,146,0,0,0,0,0
39,0,61,0,136,0,0,0,10,0,42,0,164,96,0,5,0,0,4,34,1,0,0,0,0,0,35,219,0,0,0,0,0,0,5,0,0,0,0,0,0,117,58,86,32,68,153,192,96,25,41,44,0,0,3,0,0,0,0,0,0,0,0,0,0,0,0,0,0,0,0,0,0,0,0,0,0,0,0,0,0,0,0,0,0,0,0,0,0,0,0,0,0,0,0,0,0,0,0,0,0,0,0,0,0,0,0,0,0,0,0,0,0,0,0,0,0,0,0,0,0,0,0,0,0,0,0,0,0,0,0,0,0,0,0,0,0,0,0,0,0,0,0,0,0,0,7,0,0,0,0,0,0,0,0,0,0,0,0,0,0,0,0,0,7,0,0,0,0,0,0,0,0,0,11,0,29,81,25,0,0,0,10,0,28,0,97,0,0,0,0,0,0,0,0,0,0,0,0,0,0,0,0,0,0,0,0,0,0,0,0,138,31,0,0,1,0,3,1,54,0,0,0,0,0
0,82,0,7,0,31,0,0,0,0,0,117,31,198,0,0,0,0,14,1,0,0,0,0,0,0,117,15,0,0,0,0,0,0,0,1,0,1,0,0,117,0,0,56,110,48,132,97,58,113,0,35,0,0,0,0,0,0,0,0,0,0,0,0,0,0,0,0,0,0,0,0,0,0,0,0,0,0,0,0,0,0,0,0,0,0,0,0,0,0,0,0,0,0,0,0,0,0,0,0,0,0,0,0,0,0,0,0,0,0,0,0,0,0,0,0,0,0,0,0,0,0,0,0,0,0,0,0,0,0,0,0,0,0,0,0,0,0,0,0,0,0,0,0,0,0,0,0,0,0,0,0,0,0,0,0,0,0,0,0,0,0,0,0,0,31,0,0,0,0,0,0,0,0,0,0,0,153,0,12,0,8,0,0,0,0,33,3,0,0,0,0,0,0,0,0,0,0,0,0,0,0,0,0,0,0,0,0,0,0,0,13,2,0,0,0,0,0,19,106,25,4,0,0,4
0,0,0,0,0,0,0,0,0,0,4,0,99,67,0,0,0,0,28,26,6,0,0,0,0,0,203,157,19,0,23,0,13,0,11,1,39,0,5,0,58,0,0,33,211,25,66,77,74,0,42,17,0,0,0,0,0,0,5,0,2,0,0,0,0,0,0,0,0,0,0,0,0,0,15,0,0,0,0,0,0,0,10,0,0,0,23,0,0,0,0,0,9,0,0,0,0,0,0,0,0,0,3,0,0,0,0,0,0,0,0,0,0,0,0,0,0,0,0,0,0,0,0,0,0,0,0,0,0,0,0,0,0,0,0,0,0,0,0,0,0,0,0,0,0,0,0,0,0,0,0,0,0,0,0,0,0,0,0,0,0,0,6,0,31,0,20,0,34,0,3,0,15,0,0,0,0,7,5,0,0,0,0,0,0,0,166,0,0,0,0,0,0,0,0,0,0,0,0,0,0,0,0,0,0,0,0,0,0,0,26,219,157,15,10,0,0,37,0,35,0,0,0,0,0
0,0,0,0,0,0,0,0,0,0,0,0,89,65,0,0,0,0,46,27,22,15,0,0,0,5,195,208,1,9,0,7,0,7,0,29,4,47,0,2,86,56,33,0,44,113,62,24,0,39,27,102,0,0,0,0,0,0,0,0,0,2,0,0,0,0,0,0,0,0,0,0,0,0,0,0,0,0,0,0,0,0,0,0,0,107,0,0,0,0,0,0,0,0,0,0,0,0,0,0,0,5,0,0,0,0,0,0,0,0,0,0,0,0,0,0,0,0,0,0,0,16,0,0,0,0,0,0,0,0,0,0,0,0,0,0,0,0,0,0,0,31,0,143,0,28,0,0,0,0,0,0,0,0,0,0,0,0,0,0,0,0,0,4,0,61,0,20,0,39,0,6,0,0,0,0,0,128,0,0,0,0,0,0,0,0,13,92,0,0,0,0,0,0,0,0,0,0,0,0,0,0,0,0,0,0,0,0,0,0,1,1,4,0,13,0,0,0,30,139,108,6,0,1,0
52,0,89,0,38,0,4,0,11,0,22,0,78,45,21,0,78,0,9,13,0,0,0,0,0,0,76,0,0,0,0,0,0,0,4,1,9,0,0,0,32,110,211,44,0,40,159,115,114,53,40,9,0,0,0,0,0,0,3,0,0,0,21,0,0,0,1,0,14,0,0,0,4,0,18,0,15,0,21,0,121,0,57,0,0,0,119,0,0,0,0,0,49,0,56,0,0,0,0,0,10,0,20,0,0,0,0,0,0,0,0,0,0,0,0,0,0,0,0,0,0,0,12,0,0,0,0,0,0,0,0,0,0,0,0,0,0,0,0,0,0,0,0,0,0,0,11,0,18,0,0,0,12,0,4,0,0,0,0,0,0,0,9,0,149,0,19,0,142,0,6,0,20,0,0,0,0,40,12,0,0,0,9,0,33,0,58,2,0,0,0,0,0,0,13,0,0,0,0,0,0,0,0,0,0,0,0,0,0,0,44,143,237,16,11,0,1,31,0,25,0,0,0,0,0
0,130,0,14,0,16,0,29,0,15,0,27,31,27,0,7,0,6,0,52,0,19,0,4,0,0,53,190,0,0,0,0,0,0,2,0,0,6,0,0,68,48,25,113,40,0,59,179,12,220,12,34,0,0,0,25,0,0,0,0,0,3,0,57,0,0,0,0,0,20,0,0,0,0,0,0,0,26,0,0,0,0,0,45,0,109,0,16,0,29,0,0,0,42,0,95,0,0,0,0,0,11,0,31,0,0,1,0,0,0,0,0,0,0,0,0,0,2,0,0,0,34,0,0,0,0,0,7,0,0,0,0,0,0,0,0,0,0,0,2,0,0,0,61,0,15,0,0,0,41,0,0,0,0,0,0,0,0,0,0,0,0,0,0,0,186,0,16,0,226,0,8,0,11,0,8,0,40,0,0,0,15,0,0,0,0,0,21,0,0,0,0,0,0,0,37,0,3,0,0,0,0,0,0,0,0,0,0,0,0,0,0,0,0,26,0,0,0,84,182,179,7,0,0,15
50,0,82,0,143,12,3,0,8,0,39,2,198,65,0,0,0,0,2,0,0,0,0,0,0,0,43,109,0,0,0,0,0,0,0,0,0,0,0,0,153,132,66,62,159,59,0,206,123,54,6,26,1,0,0,0,0,0,0,0,0,0,0,0,0,0,0,0,3,0,0,0,0,0,0,0,0,0,0,0,8,0,0,0,0,0,11,0,0,0,0,0,21,0,0,0,0,0,0,0,0,0,10,0,0,0,0,0,0,0,0,0,0,0,0,0,0,0,0,0,0,0,0,0,0,0,0,0,0,0,0,0,0,0,0,0,0,0,0,0,0,0,0,0,0,0,0,0,7,0,0,0,0,0,0,0,0,0,0,0,0,0,0,0,50,0,0,0,0,0,0,0,0,0,0,0,0,79,8,0,0,0,0,0,0,0,99,0,0,0,0,0,0,0,0,0,0,0,0,0,0,0,0,0,0,0,0,0,0,0,0,373,77,0,0,0,0,29,0,58,6,0,0,0,0
0,263,0,0,0,122,0,0,0,32,0,177,68,233,0,0,0,0,30,14,0,0,0,0,0,0,207,125,0,0,0,0,0,0,0,0,0,0,0,0,192,97,77,24,115,179,206,0,93,142,29,15,0,0,0,0,0,0,0,0,0,0,0,0,0,14,0,0,0,5,0,0,0,0,0,0,0,0,0,0,0,0,0,0,0,0,0,0,0,0,0,0,0,0,0,0,0,0,0,0,0,0,0,0,0,0,0,0,0,1,0,0,0,0,0,0,0,0,0,0,0,0,0,0,0,0,0,0,0,0,0,0,0,0,0,0,0,6,0,0,0,0,0,0,0,0,0,0,0,0,0,0,0,4,0,0,0,0,0,0,0,0,0,0,0,48,0,0,0,0,0,0,0,0,0,0,0,89,1,1,0,0,0,0,0,0,51,10,0,0,0,0,0,0,0,0,0,0,0,0,0,0,0,0,0,0,0,0,0,12,0,30,0,0,0,0,0,0,0,394,122,3,0,0,34
11,0,23,0,0,1,12,0,0,0,7,0,30,0,0,0,5,0,0,0,0,0,3,0,5,0,23,12,0,0,0,0,3,0,0,0,0,1,0,0,96,58,74,0,114,12,123,93,0,43,10,0,8,0,6,0,10,0,7,0,0,0,0,0,0,0,0,0,4,0,2,0,0,0,0,0,4,0,3,0,5,0,25,0,0,0,21,0,4,0,3,0,30,0,44,0,0,0,0,1,7,0,20,0,3,0,0,0,0,0,0,0,0,0,0,0,0,0,0,0,0,0,0,0,1,0,0,0,0,0,0,0,0,0,8,0,6,0,0,0,2,0,6,0,0,0,0,0,0,0,0,0,0,0,1,0,4,0,0,0,17,0,5,0,52,0,6,0,14,0,7,0,4,0,0,0,11,51,3,0,2,0,0,0,0,0,141,0,0,0,0,0,0,0,8,0,0,0,3,0,16,0,12,0,9,0,1,0,3,0,44,59,150,5,70,13,0,3,0,7,0,0,0,0,0
0,13,0,0,1,0,0,1,0,0,0,22,0,56,0,0,0,0,2,3,0,0,0,0,0,0,8,29,0,0,0,0,0,0,0,0,0,2,0,0,25,113,0,39,53,220,54,142,43,0,3,8,0,0,0,2,0,0,0,0,0,0,0,0,0,0,0,0,0,0,0,0,0,0,0,0,0,2,0,0,0,0,0,6,0,0,0,0,0,2,0,0,0,16,0,0,0,1,0,0,0,0,0,0,0,0,0,0,0,1,0,0,0,0,0,0,0,3,0,0,0,0,0,0,0,0,0,0,0,0,0,0,0,0,0,0,0,0,0,0,0,0,0,1,0,0,0,0,0,0,0,13,0,0,0,0,0,0,0,0,0,0,0,0,0,43,0,0,0,0,0,0,0,1,0,0,0,112,0,12,0,1,0,0,0,0,29,48,0,0,0,0,0,0,0,3,0,0,0,0,0,1,0,0,0,0,0,0,0,0,0,28,0,0,5,0,0,0,8,28,11,0,0,0,13
0,0,0,0,0,0,0,0,0,1,0,0,238,104,15,0,6,0,181,54,73,0,0,0,0,0,176,104,11,0,31,0,10,0,62,7,18,0,2,0,41,0,42,27,40,12,6,29,10,3,0,18,0,0,4,0,0,0,0,0,0,0,5,0,0,0,0,0,0,0,17,0,0,0,9,0,4,0,6,0,39,0,4,0,12,0,0,0,5,0,0,0,8,0,0,0,32,0,71,0,0,0,0,0,0,0,16,0,0,0,0,0,0,0,0,0,0,0,0,0,22,0,4,0,0,0,0,0,0,0,0,0,0,0,0,0,0,0,0,0,0,0,0,0,0,0,0,0,0,0,0,0,0,0,1,0,0,0,0,0,0,0,2,0,56,0,38,0,90,0,5,0,20,0,0,0,26,18,20,0,0,0,0,0,0,0,137,3,0,0,0,0,0,0,0,0,0,0,0,0,0,0,0,0,0,0,0,0,0,0,38,137,144,20,13,0,2,5,0,17,0,0,0,0,0
0,0,0,0,0,81,0,0,0,0,0,31,95,311,0,4,0,16,71,265,24,56,0,0,0,0,118,227,0,0,0,4,0,6,0,29,0,45,0,1,44,35,17,102,9,34,26,15,0,8,18,0,0,0,0,0,0,0,0,0,0,0,0,30,0,0,0,0,0,0,0,0,0,0,0,0,0,4,0,0,0,44,0,0,0,143,0,0,0,0,0,0,0,0,0,0,0,0,0,0,0,5,0,0,0,0,0,0,0,0,0,0,0,0,0,0,0,0,0,0,0,35,0,0,0,0,0,0,0,0,0,0,0,0,0,0,0,0,0,0,0,35,0,199,0,29,0,0,0,0,0,0,0,0,0,0,0,3,0,0,0,0,0,5,0,71,0,29,0,64,0,7,0,23,0,0,0,128,1,0,0,0,0,0,0,0,0,53,0,0,0,0,0,0,0,0,0,0,0,0,0,0,0,0,0,0,0,0,0,0,0,0,7,0,11,0,0,0,71,62,164,8,0,1,0
25,0,2,0,0,0,156,14,202,80,7,0,0,0,14,3,92,0,0,0,0,0,6,0,99,8,10,0,4,0,0,0,2,0,0,0,21,0,18,0,0,0,0,0,0,0,1,0,8,0,0,0,0,16,145,28,82,9,64,13,89,0,117,0,1,0,0,21,0,0,0,0,0,0,0,0,0,0,0,0,0,0,0,0,0,0,0,0,0,0,2,0,0,0,0,0,15,0,0,0,0,0,0,0,0,0,0,0,0,0,0,0,0,0,0,0,0,0,0,0,0,0,0,0,1,0,9,0,94,0,15,0,8,0,10,0,76,0,52,0,18,0,66,0,10,0,0,0,0,0,0,0,0,0,194,0,57,0,118,0,33,0,0,0,0,0,2,0,3,0,67,1,19,0,0,0,21,1,0,0,0,0,24,0,0,1,0,0,0,0,0,0,0,0,0,0,0,0,0,0,5,0,0,0,0,0,0,0,12,0,29,280,164,81,44,0,43,3,0,0,1,0,0,0,0
18,24,0,0,0,14,102,35,135,183,0,4,0,0,0,13,0,17,0,0,0,0,0,0,44,6,0,23,0,0,0,0,0,0,0,0,0,0,0,0,0,0,0,0,0,0,0,0,0,0,0,0,16,0,104,40,3,123,29,36,0,22,0,39,0,0,9,13,0,0,0,0,0,0,0,0,0,0,0,0,0,0,0,0,0,0,0,0,0,0,0,0,0,0,0,0,0,1,0,0,0,0,0,0,0,0,0,0,0,0,0,0,0,0,0,0,0,0,0,0,0,0,0,0,0,0,1,0,0,42,0,25,0,14,0,41,0,110,1,152,0,33,0,17,0,6,0,0,0,0,0,0,0,0,0,102,0,114,0,90,0,39,0,0,0,0,0,0,0,0,0,5,0,13,0,0,10,11,0,0,0,0,0,8,1,3,0,0,0,0,0,0,0,0,0,0,0,0,0,0,0,3,0,0,0,0,0,1,1,0,0,0,0,0,75,0,0,0,43,234,35,78,0,22,0
9,15,118,5,0,0,369,40,203,257,5,0,0,0,26,0,64,5,14,0,5,0,93,0,351,24,7,0,2,0,0,0,2,0,0,0,3,0,0,0,3,0,0,0,0,0,0,0,6,0,4,0,145,104,0,131,78,16,64,42,25,0,78,47,7,5,8,119,1,0,0,0,0,0,0,0,0,0,0,0,0,0,0,0,3,0,0,0,0,0,0,0,0,0,0,0,5,0,0,0,0,0,0,0,0,0,16,0,0,0,0,0,0,0,0,0,0,0,0,0,0,0,0,0,0,0,18,0,0,0,49,0,29,0,54,0,153,0,6,0,1,0,67,0,0,0,2,0,3,0,10,0,0,0,74,2,12,5,22,2,29,1,0,0,9,0,6,0,11,0,88,0,34,0,0,0,0,0,0,0,0,0,11,3,0,0,0,0,0,0,0,0,0,0,0,0,0,0,0,0,31,0,0,0,0,0,0,0,59,0,210,251,306,286,247,15,151,0,3,0,0,0,0,0,0
32,14,0,79,0,16,91,371,254,146,0,2,0,0,0,190,0,48,0,219,0,92,0,47,46,86,0,83,0,25,0,5,0,8,0,0,0,0,0,11,0,0,0,0,0,25,0,0,0,2,0,0,28,40,131,0,0,111,33,52,11,6,11,64,0,1,17,10,0,0,0,0,0,0,0,0,0,0,0,0,0,0,0,0,0,0,0,0,0,0,0,0,0,0,0,0,0,0,0,0,0,0,0,0,0,3,0,0,0,0,0,0,0,0,0,0,0,0,0,0,0,0,0,0,0,33,0,27,0,19,0,65,0,0,0,62,0,60,0,19,0,4,0,9,0,0,0,0,0,0,0,0,0,0,0,22,0,6,0,8,1,20,0,0,0,9,0,0,0,5,0,35,0,56,0,0,17,6,0,0,0,0,0,8,0,0,0,0,0,0,0,0,0,0,0,0,0,0,0,0,0,0,0,0,0,0,0,0,0,54,0,0,0,0,158,0,0,0,163,79,202,271,0,109,0
0,0,0,0,0,0,17,1,18,4,0,0,0,0,0,0,16,0,0,0,4,0,21,0,61,0,2,0,0,0,0,0,0,0,0,0,5,0,0,0,0,0,0,0,0,0,0,0,10,0,0,0,82,3,78,0,0,2,103,35,0,0,8,0,14,50,13,62,0,0,0,0,0,0,0,0,0,0,0,0,0,1,0,0,0,2,0,0,0,0,0,0,1,0,0,0,0,0,0,0,0,1,0,0,0,0,0,0,0,0,0,0,0,0,0,0,0,0,0,0,0,0,0,0,0,0,3,0,32,0,60,0,7,0,3,0,9,0,2,0,0,0,5,0,5,6,0,0,1,0,0,0,0,0,90,9,15,0,47,16,31,26,15,0,0,0,0,0,6,0,35,0,7,0,4,0,0,0,0,0,12,2,0,0,14,6,0,0,0,0,2,0,0,0,0,0,1,0,0,0,0,0,0,0,0,0,0,0,3,0,666,201,363,435,885,44,174,0,2,0,0,0,0,0,0
0,4,0,33,0,0,0,65,51,43,0,0,0,0,0,82,0,103,0,128,0,90,0,43,0,50,0,0,0,17,0,0,0,0,0,0,0,0,0,4,0,0,0,0,0,0,0,0,0,0,0,0,9,123,16,111,2,0,26,95,1,4,0,38,0,12,14,90,0,8,0,0,0,0,0,0,0,1,0,0,0,0,0,0,0,0,0,1,0,0,0,0,0,0,0,0,0,0,0,0,0,0,0,0,0,0,0,0,0,0,0,0,0,0,0,0,0,0,0,0,0,0,0,0,0,19,0,8,0,11,0,40,0,7,0,11,0,0,0,15,0,4,0,0,0,4,0,0,0,0,0,0,1,0,3,70,0,6,0,92,0,28,0,36,0,22,0,7,0,40,0,310,0,44,0,0,0,0,0,0,0,0,0,0,2,3,0,0,0,0,0,0,0,0,0,0,0,0,0,0,0,0,0,0,0,0,0,0,0,2,0,0,1,0,623,0,0,0,287,136,703,489,11,85,0
0,0,11,0,7,0,30,0,122,0,3,0,1,0,0,0,0,0,0,0,0,1,0,0,18,0,3,0,0,0,0,0,0,0,0,0,0,0,0,0,0,0,5,0,3,0,0,0,7,0,0,0,64,29,64,33,103,26,0,192,0,0,0,0,249,86,52,335,0,0,0,0,0,0,0,0,0,0,0,0,0,0,0,0,0,0,0,0,0,0,0,1,0,0,0,0,0,0,0,0,0,0,0,0,0,0,0,0,0,0,0,0,0,0,0,0,0,0,0,0,0,0,0,0,0,0,13,0,0,0,37,0,0,0,0,0,0,0,0,5,0,0,0,0,2,5,0,0,4,0,0,0,0,0,50,24,58,0,0,27,29,24,0,0,4,0,16,0,4,0,0,0,19,0,0,0,13,0,0,0,12,13,0,0,96,30,0,0,0,0,0,0,0,0,0,0,0,0,0,0,0,0,0,0,0,0,0,0,2,0,921,336,201,296,968,40,173,1,0,0,1,0,0,0,0
0,10,0,0,0,3,0,26,137,47,0,2,0,0,0,21,0,2,0,0,0,20,0,16,0,0,0,0,0,0,0,3,0,0,0,0,0,0,0,0,0,0,0,0,0,0,0,0,0,0,0,0,13,36,42,52,35,95,192,0,0,4,0,4,8,182,149,248,0,0,0,0,0,0,0,0,0,0,0,0,0,0,0,3,0,0,0,0,0,0,0,0,0,0,0,0,0,0,0,0,0,0,0,0,0,0,0,0,0,0,0,0,0,0,0,0,0,0,0,0,0,0,0,0,0,1,0,4,0,0,0,16,0,4,0,4,0,0,0,0,0,0,0,0,8,16,0,0,0,0,0,0,0,0,8,8,0,24,3,11,0,17,0,13,0,3,0,10,0,19,0,77,0,0,0,0,6,0,0,0,1,17,0,0,23,14,0,0,0,0,0,0,0,0,0,0,0,0,0,0,0,0,0,0,0,0,0,0,0,4,0,0,0,0,1746,0,0,0,970,287,574,722,17,134,0
111,0,20,0,3,0,199,0,215,19,2,0,0,0,0,0,0,0,0,0,0,0,0,0,77,0,0,0,3,0,0,0,3,0,0,0,12,0,15,0,0,0,2,0,0,0,0,0,0,0,0,0,89,0,25,11,0,1,0,0,0,0,45,0,0,0,0,0,0,0,0,0,0,0,0,0,0,0,0,0,0,0,0,0,0,0,0,0,0,0,0,0,0,0,0,0,0,0,0,0,0,0,0,0,0,0,0,0,0,0,0,0,0,0,0,0,0,0,0,0,0,0,2,0,0,0,0,0,0,0,0,0,0,0,0,0,14,0,124,0,52,0,16,0,101,0,0,0,0,0,0,0,0,0,106,0,117,0,95,0,3,0,0,0,2,0,0,0,0,0,125,0,82,0,0,0,82,0,0,0,0,0,10,0,0,0,0,0,0,0,0,0,0,0,0,0,0,0,0,0,0,0,0,0,0,0,0,0,0,0,5,84,45,34,6,0,12,0,0,0,0,0,0,0,0
0,128,0,0,0,0,0,39,0,55,0,4,0,0,0,10,0,1,0,0,0,7,0,0,0,8,0,0,0,0,0,0,0,4,0,0,0,10,3,8,0,0,0,2,0,3,0,0,0,0,0,0,0,22,0,6,0,4,0,4,0,0,0,9,0,0,0,0,0,0,0,0,0,0,0,0,0,0,0,0,0,0,0,0,0,0,0,0,0,0,0,0,0,0,0,0,0,0,0,0,0,0,0,0,0,0,0,0,0,0,0,0,0,0,0,0,0,0,0,0,0,0,0,0,0,0,0,0,0,0,0,0,0,0,0,0,0,13,0,79,0,68,0,13,0,113,0,0,0,0,0,0,0,0,0,0,0,62,0,41,0,0,0,5,0,2,0,0,0,1,0,56,0,56,0,0,16,75,0,0,0,0,1,36,0,0,0,0,0,0,0,0,0,0,0,0,0,0,0,0,0,0,0,0,0,0,0,0,0,0,0,0,0,0,14,0,0,0,17,475,53,51,0,0,0
180,20,107,3,3,0,273,21,194,33,0,0,0,0,0,0,61,0,28,0,67,0,8,6,323,47,24,0,15,0,15,0,13,0,3,0,48,0,37,0,0,0,0,0,21,0,0,0,0,0,5,0,117,0,78,11,8,0,0,0,45,0,0,0,1,0,0,0,0,0,8,0,0,0,12,0,0,0,0,0,18,0,0,0,51,0,0,0,0,0,0,0,0,0,0,0,0,0,0,0,0,0,0,0,0,0,0,0,0,0,0,0,0,0,0,0,0,0,0,0,0,0,14,0,0,0,0,0,55,0,0,0,0,0,2,0,83,0,89,0,45,0,129,0,6,0,0,0,0,0,0,0,0,0,58,0,25,0,44,0,12,0,0,0,0,0,0,0,0,0,5,0,10,0,0,0,64,0,0,0,0,0,31,1,0,0,0,0,0,0,0,0,0,0,0,0,0,0,0,0,0,0,0,0,0,0,0,0,0,0,1,221,10,0,0,0,0,0,0,0,0,0,0,0,0
129,138,67,8,0,0,139,178,82,195,0,2,0,0,0,16,4,168,0,103,0,221,13,31,175,149,0,144,0,108,0,62,0,28,0,30,0,79,0,50,0,0,0,0,0,57,0,0,0,0,0,30,0,39,47,64,0,38,0,4,0,9,0,0,0,0,0,5,0,0,0,0,0,0,0,0,0,0,0,0,0,0,0,0,0,0,0,0,0,0,0,0,0,0,0,0,0,0,0,0,0,0,0,0,0,0,0,0,0,0,0,0,0,0,0,0,0,0,0,0,0,0,0,0,0,0,0,0,0,13,0,9,0,0,0,12,0,94,0,147,0,65,0,12,0,28,0,0,0,1,0,2,0,0,0,60,0,19,0,59,0,8,0,0,0,0,0,0,0,0,0,1,0,4,0,0,32,105,0,0,0,0,0,96,0,0,0,0,0,0,0,0,0,0,0,0,0,0,0,0,0,0,0,0,0,0,0,0,0,0,0,0,0,0,18,0,0,0,19,623,14,21,0,14,0
38,0,25,0,0,0,19,0,143,0,0,0,7,0,0,0,0,0,0,0,0,0,0,0,0,0,0,0,0,0,0,0,0,0,0,0,0,0,0,0,0,0,0,0,0,0,0,0,0,0,0,0,1,0,7,0,14,0,249,8,0,0,1,0,0,118,120,12,0,0,0,0,0,0,0,0,0,0,0,0,1,0,0,0,0,0,0,0,0,0,0,0,0,0,0,0,0,0,0,0,0,0,0,0,0,0,0,0,0,0,0,0,0,0,0,0,0,0,0,0,0,0,0,0,11,0,14,0,0,0,52,51,0,0,0,0,0,0,5,29,3,17,0,0,23,32,16,0,42,56,24,0,0,0,0,0,0,0,0,11,185,77,0,0,0,0,0,0,0,0,0,0,0,0,28,0,3,0,0,0,108,37,5,0,291,13,0,0,0,0,0,0,0,0,0,0,0,0,0,0,0,0,0,0,0,0,0,0,2,0,88,0,0,0,80,0,0,0,0,0,0,3,0,0,0
0,19,1,0,0,14,0,0,4,66,0,10,0,6,0,13,0,0,0,48,0,0,0,0,0,0,0,56,0,0,0,0,0,0,0,0,0,0,0,0,0,0,0,0,0,0,0,14,0,0,0,0,0,0,5,1,50,12,86,182,0,0,0,0,118,0,58,424,0,0,0,0,0,3,0,0,0,0,0,2,0,0,0,0,0,9,0,0,0,0,0,0,0,0,0,0,0,0,0,4,0,0,0,0,0,0,0,0,0,0,0,0,0,0,0,0,0,0,0,0,4,5,0,0,0,26,0,61,0,0,0,42,0,0,0,40,1,38,49,18,28,3,0,1,40,47,0,101,0,99,0,44,0,3,14,4,0,0,30,13,139,261,0,7,0,0,0,0,0,0,0,0,0,0,10,3,0,0,0,0,35,184,0,11,58,69,0,0,0,0,0,0,0,7,0,0,0,0,0,5,0,15,0,1,0,0,0,20,0,36,0,0,0,0,113,0,0,0,101,0,0,0,0,0,0
4,0,2,0,0,0,11,0,249,17,0,0,0,0,0,0,0,0,0,0,0,0,0,0,0,0,0,0,0,0,0,0,0,0,0,0,0,0,0,0,0,0,0,0,1,0,0,0,0,0,0,0,0,9,8,17,13,14,52,149,0,0,0,0,120,58,0,176,0,0,0,0,0,0,0,0,0,0,0,0,0,0,0,0,0,0,0,0,0,0,0,0,0,0,0,0,0,0,0,0,0,0,0,0,0,0,0,0,0,0,0,0,0,0,0,0,0,0,0,0,0,0,0,0,0,0,4,0,0,0,21,0,0,0,0,0,0,0,1,7,0,0,0,0,1,7,0,0,14,0,3,0,0,0,2,14,0,1,0,15,102,30,0,0,0,0,0,0,0,0,1,0,0,0,0,0,50,0,0,0,28,6,0,0,335,30,0,0,0,0,0,0,0,0,0,0,0,0,0,0,0,0,0,0,0,0,0,0,0,0,81,38,6,0,55,0,0,0,0,0,0,0,0,0,0
0,20,0,2,0,2,44,5,222,107,0,10,0,0,0,5,0,0,0,0,0,0,0,0,0,0,0,0,0,0,0,0,0,0,0,0,0,0,0,0,0,0,0,0,0,0,0,0,0,0,0,0,21,13,119,10,62,90,335,248,0,0,0,5,12,424,176,0,0,0,0,0,0,0,0,0,0,0,0,0,0,0,0,0,0,0,0,0,0,0,0,0,0,0,0,0,0,0,0,0,0,0,0,0,0,1,0,0,0,0,0,0,0,0,0,0,0,0,0,0,0,0,0,0,0,12,0,0,0,0,0,14,0,0,0,2,0,0,5,0,0,0,0,0,7,7,0,0,0,45,0,14,0,0,6,2,2,13,3,3,5,58,0,0,0,2,0,0,0,0,0,8,0,3,0,0,28,16,0,0,0,61,0,1,31,191,0,0,0,0,0,0,0,0,0,0,0,1,0,0,0,0,0,0,0,0,0,2,0,7,0,0,0,0,396,0,0,0,314,126,67,122,1,0,0
0,0,0,0,1,0,0,0,0,0,1,0,0,0,0,0,0,0,0,0,1,0,0,0,0,0,0,0,0,0,0,0,0,0,1,0,0,0,0,0,0,0,0,0,14,0,3,0,4,0,0,0,0,0,1,0,0,0,0,0,0,0,0,0,0,0,0,0,0,0,0,0,11,0,0,0,22,0,18,0,2,0,17,0,0,0,14,0,3,0,3,0,6,0,6,0,0,0,0,0,0,0,34,0,0,0,0,0,15,0,0,0,4,0,0,0,0,0,0,0,2,0,0,0,0,1,0,0,1,0,0,0,0,0,8,0,3,0,0,0,0,0,0,0,0,0,0,0,0,0,0,0,0,0,1,0,0,0,0,0,0,0,3,0,3,0,0,0,47,0,1,0,0,0,0,0,0,0,0,0,0,0,0,0,0,0,4,0,14,0,3,0,16,0,13,0,0,0,0,0,0,0,10,0,0,0,6,0,7,0,40,5,58,0,2,26,6,0,0,0,0,0,0,0,0
0,0,0,0,0,0,0,0,0,0,0,0,0,0,0,0,0,0,0,0,0,0,0,0,0,0,0,4,0,0,0,0,0,0,0,0,0,0,0,0,0,0,0,0,0,20,0,5,0,0,0,0,0,0,0,0,0,8,0,0,0,0,0,0,0,0,0,0,0,0,0,0,0,0,0,0,0,54,0,0,0,8,0,29,0,0,0,0,0,38,0,0,0,73,0,51,0,0,0,0,0,10,0,74,0,0,0,0,0,30,0,2,0,3,0,0,0,6,0,0,0,0,0,0,0,0,0,0,0,0,0,0,0,0,0,0,0,0,0,0,0,0,0,0,0,0,0,0,0,0,0,0,0,0,0,0,0,0,0,0,0,2,0,0,0,47,0,0,0,70,0,0,0,0,0,0,0,0,0,0,0,1,0,0,0,0,0,0,0,31,0,0,0,0,0,26,0,0,0,0,0,0,0,20,0,0,0,0,0,0,0,0,0,0,2,0,0,0,30,8,86,0,18,82,0
0,0,0,0,0,0,0,0,0,0,0,0,0,0,0,0,5,0,0,0,34,0,0,0,0,0,0,0,5,0,3,0,0,0,0,0,55,0,0,0,0,0,0,0,0,0,0,0,2,0,17,0,0,0,0,0,0,0,0,0,0,0,8,0,0,0,0,0,0,0,0,0,142,0,261,0,7,0,131,0,0,0,0,0,5,0,13,0,0,0,0,0,0,0,0,0,0,0,0,0,0,0,0,0,0,0,0,0,0,0,0,0,0,0,0,0,0,0,0,0,20,0,12,0,0,0,0,0,4,0,17,0,9,0,0,0,15,0,4,0,58,0,17,1,25,1,12,0,0,0,0,0,6,0,0,0,6,0,0,0,0,0,50,0,0,0,16,0,12,0,11,0,67,0,0,0,0,0,0,0,30,0,0,0,0,0,0,0,0,0,0,0,0,0,0,0,0,0,0,0,0,0,0,0,0,0,0,0,0,0,8,0,36,8,0,0,0,0,0,0,0,0,0,0,0
0,0,0,0,0,0,0,0,0,0,0,0,0,0,0,0,0,0,0,0,0,0,0,0,0,0,0,0,0,0,0,0,0,0,0,0,0,0,0,0,0,0,0,0,0,0,0,0,0,0,0,0,0,0,0,0,0,0,0,0,0,0,0,0,0,0,0,0,0,0,0,0,0,134,0,377,0,18,0,20,0,0,0,0,0,0,0,63,0,0,0,0,0,0,0,0,0,0,0,0,0,0,0,0,0,0,0,0,0,0,0,0,0,0,0,0,0,0,0,0,0,6,0,5,0,23,0,25,0,0,5,0,0,31,0,0,3,39,1,0,0,47,0,11,1,65,0,8,0,12,0,0,0,5,0,0,0,0,0,1,0,1,0,6,0,0,0,1,0,0,0,1,0,0,0,4,0,0,0,0,7,16,0,0,0,0,0,0,0,0,0,1,0,0,0,0,0,0,0,0,0,3,0,0,0,0,0,0,0,0,0,0,0,0,0,0,0,0,20,0,0,0,0,0,0
0,0,0,0,0,0,0,0,0,0,0,0,0,0,0,0,0,0,0,0,0,0,0,0,0,0,0,0,0,0,0,0,0,0,0,0,6,0,0,0,0,0,0,0,4,0,0,0,0,0,0,0,0,0,0,0,0,0,0,0,0,0,0,0,0,0,0,0,11,0,142,0,0,0,221,0,55,0,295,0,0,0,34,0,24,0,13,0,2,0,0,0,12,0,3,0,0,0,0,0,0,0,8,0,0,0,0,0,0,0,0,0,0,0,0,0,0,0,0,0,139,0,61,0,22,0,20,0,5,0,15,0,33,0,70,1,87,0,3,2,44,0,105,0,35,0,7,0,7,0,16,0,6,0,0,0,0,0,1,0,0,0,87,0,0,0,0,0,10,0,6,0,11,0,7,0,0,0,0,0,14,0,0,0,0,0,0,0,15,0,0,0,0,0,0,0,0,0,0,0,63,0,0,0,43,0,0,0,90,0,92,0,12,0,8,0,0,0,0,0,0,0,0,0,0
0,0,0,0,0,0,0,0,0,0,0,0,0,0,0,0,0,0,0,0,0,0,0,0,0,0,0,0,0,0,0,0,0,0,0,0,0,0,0,0,0,0,0,0,0,0,0,0,0,0,0,0,0,0,0,0,0,0,0,0,0,0,0,0,0,3,0,0,0,0,0,134,0,0,0,345,0,77,0,94,0,8,0,29,0,2,1,159,0,0,0,0,0,0,1,2,0,4,0,0,0,0,0,0,0,0,0,0,0,0,0,0,0,0,0,0,0,0,0,0,0,85,0,34,0,61,0,45,0,0,0,2,0,29,0,130,6,100,0,0,0,40,0,33,0,75,14,0,0,14,0,12,0,0,0,0,0,0,0,0,0,1,0,28,0,0,0,0,0,4,0,0,0,0,0,0,0,0,0,0,9,0,0,0,0,0,0,0,0,144,0,0,0,0,0,14,0,0,0,0,0,95,0,0,0,89,0,0,0,44,0,0,0,0,8,0,0,0,69,0,0,2,1,0,0
0,0,0,0,0,0,0,0,0,0,0,0,0,0,0,0,12,0,8,0,37,0,0,0,0,0,0,0,4,0,0,0,0,0,0,0,42,0,5,0,0,0,15,0,18,0,0,0,0,0,9,0,0,0,0,0,0,0,0,0,0,0,12,0,0,0,0,0,0,0,261,0,221,0,0,0,14,0,194,0,0,0,19,0,48,0,24,0,0,0,0,0,0,0,0,0,10,0,0,0,1,0,0,0,0,0,0,0,0,0,0,0,0,0,0,0,0,0,0,0,88,0,64,0,0,8,9,0,8,0,34,18,11,0,27,0,20,0,0,0,43,6,85,3,63,0,15,0,11,25,0,7,0,2,0,0,3,0,0,2,0,0,22,0,0,0,9,0,15,0,4,0,25,0,17,2,0,0,1,0,81,12,0,0,0,0,0,0,0,0,0,0,0,0,0,0,0,0,31,0,61,0,0,0,19,0,0,0,65,0,15,0,10,0,0,0,2,0,0,0,0,0,0,1,0
0,0,0,0,0,0,0,0,0,0,0,0,0,0,0,0,0,0,0,0,0,0,0,0,0,0,0,0,0,0,0,0,0,0,0,0,0,0,0,0,0,0,0,0,0,0,0,0,0,0,0,0,0,0,0,0,0,0,0,0,0,0,0,0,0,0,0,0,0,0,0,377,0,345,0,0,0,7,0,79,0,5,0,2,0,6,0,98,0,0,0,0,0,0,0,0,0,0,0,0,0,0,0,0,0,0,0,0,0,0,0,0,0,0,0,0,0,0,0,0,0,146,0,56,0,30,0,0,0,0,0,0,0,0,0,0,0,74,0,0,0,38,0,21,0,285,0,20,0,33,0,27,0,0,0,0,0,0,0,0,0,0,0,44,0,0,0,0,0,0,0,5,0,4,0,0,0,0,0,0,0,37,0,0,0,3,0,0,0,0,0,0,0,0,0,0,0,0,0,0,0,18,0,0,0,0,0,0,0,0,0,0,0,0,0,0,0,0,63,0,10,0,0,0,0
0,0,0,0,0,0,0,0,0,0,0,0,0,0,0,0,0,0,0,0,0,0,0,0,0,0,0,0,0,0,0,0,0,0,0,0,0,0,0,0,0,0,0,0,15,0,0,0,4,0,4,0,0,0,0,0,0,0,0,0,0,0,0,0,0,0,0,0,22,0,7,0,55,0,14,0,0,0,32,0,0,0,17,0,3,0,40,0,9,0,4,0,14,0,5,0,0,0,0,0,4,0,15,0,13,0,0,0,19,0,0,0,0,0,0,0,0,0,0,0,7,0,7,0,0,0,0,0,0,0,0,0,0,0,0,0,0,0,0,0,0,0,0,0,0,0,1,0,0,0,0,0,1,0,0,0,0,0,0,0,0,0,0,0,17,0,0,0,40,0,1,0,0,0,0,0,0,0,0,0,0,0,0,0,0,0,0,0,18,0,0,0,0,0,0,0,0,0,0,0,0,0,0,0,0,0,0,0,0,0,17,8,36,1,0,16,0,0,0,0,0,0,0,0,0
0,0,0,0,0,0,0,0,0,0,0,0,0,0,0,0,0,0,0,0,0,0,0,0,0,0,0,0,0,0,0,0,0,0,0,0,0,0,0,0,0,0,0,0,0,26,0,0,0,2,0,4,0,0,0,0,0,1,0,0,0,0,0,0,0,0,0,0,0,54,0,18,0,77,0,7,0,0,0,0,1,26,0,125,0,0,0,155,0,10,0,0,0,71,0,22,0,15,0,0,0,19,0,106,0,0,0,0,0,12,0,0,0,0,0,0,0,0,0,0,0,28,0,0,0,0,0,0,0,0,0,0,0,0,0,30,0,0,0,0,0,0,1,0,0,0,0,0,0,0,0,0,0,0,0,0,0,0,0,0,0,1,0,4,0,16,0,0,0,65,0,2,0,0,0,0,0,0,0,0,0,0,0,0,0,0,0,0,0,93,0,8,0,0,0,60,0,0,0,0,0,0,0,0,0,0,0,5,0,0,0,0,0,0,0,0,0,0,25,9,38,2,16,2,2
0,0,0,0,0,0,0,0,0,0,0,0,0,0,0,0,0,0,0,0,0,0,0,0,0,0,0,0,0,0,0,0,0,0,0,0,0,0,0,0,0,0,0,0,21,0,0,0,3,0,6,0,0,0,0,0,0,0,0,0,0,0,0,0,0,0,0,0,18,0,131,0,295,0,194,0,32,0,0,0,0,0,92,0,0,0,67,0,9,0,0,0,37,0,13,0,0,0,0,0,8,0,33,0,0,0,0,0,2,0,0,0,0,0,0,0,0,0,0,0,126,0,33,0,0,0,0,0,0,0,0,0,4,0,31,0,0,0,0,0,9,0,25,1,3,0,0,0,0,0,0,0,0,0,0,0,0,0,0,0,0,0,8,0,21,0,0,0,37,0,0,0,3,0,0,0,0,0,0,0,0,0,0,0,0,0,0,0,0,0,9,0,25,0,0,0,0,0,0,0,55,0,0,0,0,0,0,0,0,0,51,0,23,0,9,6,0,0,0,0,0,0,0,0,0
0,0,0,0,0,0,0,0,0,0,0,0,0,0,0,0,0,0,0,0,0,0,0,0,0,0,0,0,0,0,0,0,0,0,0,0,0,0,0,0,0,0,0,0,0,0,0,0,0,0,0,0,0,0,0,0,0,0,0,0,0,0,0,0,0,2,0,0,0,0,0,20,0,94,0,79,0,0,0,0,0,2,0,0,0,16,0,37,0,0,0,0,0,0,0,0,0,0,0,0,0,0,0,0,0,0,0,0,0,0,0,0,0,0,0,0,0,0,0,0,0,22,0,20,0,0,0,0,0,0,0,0,0,0,0,87,0,64,0,0,0,48,0,36,0,74,0,0,0,14,0,10,0,0,0,0,0,0,0,0,0,0,0,16,0,0,0,0,0,0,0,0,0,0,0,0,0,0,0,0,0,0,0,0,0,0,0,0,0,1,0,0,0,0,0,0,0,0,0,27,0,20,0,0,0,0,0,0,0,0,0,0,0,0,4,0,0,0,51,0,3,0,0,0,0
