0,229,164,140,101,111,34,21,59,0,197,66,118,0,13,263,147,0,29,0,13,33,62,234,19,37,26,0,68,0,0,0,170,0,11,0,71,0,195,0,34,0,0,0,9,0,37,0,12,0,0,0,0,0,1,0,1,0,0,0,0,0,42,0,0,0,32,0,0,0,0,0,0,0,0,0,0,0,0,0,0,0,0,0,0,0,0,0,0,0,0,0,0,0,0,0,0,0,0,0,0,0,0,0,0,0,3,0,0,0,0,0,0,0,0,0,0,0,0,0,0,0,0,0,21,0,12,0,0,0,13,0,5,0,23,0,3,0,0,0,0,0,0,0,0,0,22,0,13,0,16,0,0,0,0,0,0,0,0,0,0,0,0,0,0,0,0,0,42,0,8,1,192,0,0,0,59,116,24,0,0,0,50,0,45,0,10,0,0,0,0,0,0,0,0,0,0,0,7,0,13,0,0,0,0,0,0,0,12,0,283,170,248,0,159,0,0,3,0,0,0,0,0,0,0
229,0,224,195,0,180,230,12,164,100,0,147,0,83,0,57,88,22,0,135,0,73,126,145,270,28,0,207,0,161,0,92,0,474,0,21,0,212,0,128,0,22,0,0,0,9,0,51,0,15,0,0,2,5,13,17,0,9,0,7,0,0,21,9,0,19,0,10,0,0,0,0,0,0,0,0,0,0,0,0,0,0,0,0,0,0,0,0,0,0,0,0,0,0,0,0,0,0,0,0,0,5,0,0,0,0,0,7,0,0,0,0,0,0,0,0,0,0,0,0,0,0,0,0,0,54,0,0,0,6,0,16,0,0,0,28,0,42,0,0,0,0,0,0,0,0,0,12,0,39,0,19,0,20,0,6,0,0,0,8,0,0,0,0,0,11,0,60,0,30,0,54,33,317,0,10,21,325,0,26,0,10,38,26,0,49,0,7,0,0,0,0,0,0,0,0,0,0,0,0,0,28,0,0,0,4,0,0,0,21,5,0,0,0,608,0,0,0,805,357,452,191,0,46,0
164,224,0,133,213,273,152,6,9,0,61,185,123,0,160,301,116,0,88,0,54,76,515,190,77,0,68,0,136,0,58,16,316,59,0,0,78,0,297,0,21,0,7,0,37,0,55,0,12,1,0,2,0,0,17,0,0,0,0,0,0,0,27,0,3,0,11,0,0,0,0,0,0,0,0,0,0,0,0,0,0,0,0,0,0,0,0,0,0,0,0,0,0,0,0,0,0,0,0,0,0,0,0,0,0,0,0,0,0,0,0,0,0,0,0,0,0,0,0,0,0,0,0,0,57,0,58,0,6,0,21,0,53,0,187,0,94,0,0,0,0,0,82,0,0,0,41,0,0,0,24,0,18,0,0,0,0,0,0,0,22,0,0,0,0,0,158,0,56,0,27,0,296,0,2,0,44,141,7,0,0,0,18,0,0,0,0,0,0,0,0,0,0,0,0,0,6,0,0,0,153,0,0,0,0,0,15,0,62,0,404,145,462,60,269,0,0,3,0,0,0,0,0,0,0
140,195,133,0,0,83,47,72,0,30,0,9,0,14,0,183,64,5,0,43,0,95,97,223,78,32,0,28,0,47,0,112,0,352,0,11,0,50,0,26,0,0,0,0,0,0,0,0,0,1,0,0,0,0,0,32,0,2,0,6,0,0,0,0,0,0,0,0,0,0,0,0,0,0,0,0,0,0,0,0,0,0,0,0,0,0,0,0,0,0,0,23,0,0,0,0,0,18,0,44,0,0,0,0,0,0,0,0,0,0,0,0,0,0,0,0,0,0,0,0,0,0,0,0,0,0,0,0,0,0,0,1,0,0,0,44,0,25,0,2,0,0,0,30,0,0,0,0,0,0,0,0,0,0,0,0,0,0,0,0,0,0,0,0,0,0,0,78,0,0,0,0,0,45,0,0,3,38,0,9,0,0,24,0,0,0,0,0,0,0,0,0,0,0,0,0,0,0,0,0,0,0,0,0,0,0,0,0,0,0,0,0,0,0,101,0,0,0,113,38,156,0,0,0,1
101,0,213,0,0,387,41,0,18,0,94,221,235,172,271,167,16,0,150,430,229,138,52,0,10,0,96,133,13,0,93,0,164,15,109,0,192,0,0,0,62,0,0,0,24,0,91,17,16,0,70,0,0,0,0,0,0,0,0,0,0,0,0,0,3,0,0,0,0,0,1,0,0,0,0,0,0,0,0,0,0,0,0,0,0,0,0,0,0,0,0,0,0,0,0,0,0,0,0,0,0,0,0,0,0,0,0,0,0,0,0,0,0,0,0,0,0,0,0,0,0,0,0,0,23,0,0,0,0,0,0,0,0,0,45,0,0,0,0,0,0,0,0,0,0,0,0,0,5,0,0,0,0,0,0,0,0,0,0,0,0,0,2,0,0,0,175,0,0,0,0,0,47,0,0,0,150,118,167,0,0,0,44,0,33,0,7,14,0,0,0,0,0,0,0,0,0,0,0,0,0,0,0,0,0,0,0,0,14,0,184,298,295,0,95,0,0,0,0,0,0,0,0,0,0
111,180,273,83,387,0,0,11,0,11,251,111,64,112,362,215,67,0,0,428,187,280,318,42,0,0,0,329,0,0,34,279,0,243,0,309,31,312,0,0,0,0,0,21,0,18,0,58,2,6,0,0,0,0,0,0,0,5,0,0,0,0,0,0,0,2,0,0,0,0,0,0,0,0,0,0,0,0,0,0,0,0,0,0,0,0,0,0,0,0,0,5,0,0,0,0,0,0,0,0,0,0,0,0,0,0,0,0,0,0,0,0,0,0,0,0,0,0,0,1,0,0,0,0,0,0,0,0,0,0,0,0,0,0,0,16,0,0,0,0,0,0,0,0,0,0,0,0,0,3,0,0,0,0,0,3,0,0,0,0,0,0,0,0,0,10,0,258,0,0,0,10,0,41,0,0,50,409,35,82,0,0,17,0,0,0,3,10,0,0,0,0,0,0,0,0,0,0,0,0,0,6,0,0,0,0,0,0,0,0,9,8,0,0,231,0,0,0,342,470,457,0,0,0,0
34,230,152,47,41,0,0,0,45,147,38,9,60,0,24,94,31,56,15,0,0,0,25,174,143,234,0,0,37,41,3,0,33,0,0,0,8,20,160,0,18,0,9,0,0,0,0,0,16,1,0,0,15,0,25,0,16,0,2,0,173,0,441,9,3,0,5,0,0,0,0,0,0,0,0,0,0,0,0,0,0,0,0,0,0,0,0,0,0,0,0,0,0,0,0,0,0,0,0,0,0,0,0,0,0,0,0,0,0,0,0,0,0,0,0,0,0,0,0,0,0,0,0,0,53,0,42,0,16,0,28,0,58,0,96,0,56,0,0,0,0,0,0,0,0,0,38,0,5,0,18,0,0,0,9,0,0,1,9,0,99,0,5,1,0,0,13,0,37,0,93,0,419,26,0,0,11,54,0,0,0,0,10,6,0,0,0,0,0,0,0,0,2,0,0,0,0,0,0,0,0,0,1,0,0,0,0,0,40,0,674,114,441,264,640,0,25,12,14,8,0,0,0,0,0
21,12,6,72,0,11,0,0,149,85,0,3,0,4,0,48,0,20,0,21,0,0,0,31,41,153,0,0,0,236,0,0,0,155,0,0,0,79,0,233,0,0,0,0,0,0,0,0,0,0,0,0,16,4,16,132,0,7,0,6,0,71,14,42,0,0,10,0,0,1,0,0,0,0,0,0,0,0,0,0,0,0,0,0,0,0,0,0,0,0,0,10,0,0,0,0,0,0,0,0,0,0,0,0,0,0,0,0,0,0,0,0,0,0,0,0,0,0,0,0,0,0,0,0,0,1,0,0,0,0,0,0,0,3,0,29,0,24,0,7,0,0,0,0,0,0,0,0,0,2,0,0,0,0,0,5,0,0,0,0,0,0,0,3,0,9,0,0,0,38,0,78,0,297,0,0,0,0,0,1,0,0,0,0,0,0,0,0,0,0,0,0,0,0,0,0,0,0,0,0,0,0,0,0,0,0,0,0,0,4,4,0,0,0,524,0,0,0,442,59,303,217,0,115,0
59,164,9,0,18,0,45,149,0,570,23,0,15,0,7,28,92,93,9,0,4,0,0,83,66,419,17,0,17,31,0,0,19,0,0,0,0,0,146,0,9,0,0,0,0,0,7,0,7,1,4,0,17,17,28,204,3,3,64,28,248,18,264,79,75,0,277,62,0,0,0,0,0,0,0,0,0,0,0,0,0,0,0,0,0,0,0,0,0,0,0,0,0,0,0,0,0,0,0,0,0,0,0,0,0,0,0,0,0,0,0,0,0,0,0,0,0,0,0,0,0,0,0,0,55,0,24,0,0,0,37,0,7,0,35,0,4,0,0,0,0,0,0,0,0,0,46,0,31,0,26,0,12,0,1,0,0,0,1,0,19,0,0,0,0,0,0,0,29,0,172,0,210,45,1,0,104,115,11,0,0,0,49,8,94,3,0,0,0,0,0,0,0,0,0,0,1,0,0,0,12,0,0,0,0,0,0,0,26,0,496,182,194,89,287,0,30,0,0,8,0,0,0,0,0
0,100,0,30,0,11,147,85,570,0,0,26,0,8,0,8,0,0,0,24,0,8,0,0,32,31,0,37,0,56,0,7,0,28,0,0,0,45,0,290,0,5,0,0,0,0,0,12,0,7,0,4,27,31,136,76,0,13,123,15,0,194,41,168,1,105,69,77,0,0,0,0,0,0,0,0,0,0,0,0,0,0,0,0,0,0,0,0,0,0,0,0,0,0,0,0,0,0,0,0,0,0,0,0,0,0,0,15,0,0,0,0,0,0,0,0,0,0,0,1,0,0,0,0,0,143,0,60,0,5,0,51,0,0,0,62,0,128,0,0,0,0,0,8,0,0,0,18,0,122,0,21,0,12,0,0,0,0,0,3,0,12,0,0,0,16,0,0,0,50,0,181,7,239,0,0,16,267,0,1,0,0,10,2,0,28,0,0,0,1,0,0,0,0,0,0,0,6,0,6,0,65,0,0,0,0,0,14,0,54,4,0,0,0,478,0,0,0,575,115,249,193,0,121,5
197,0,61,0,94,251,38,0,23,0,0,106,140,26,60,214,21,0,27,159,121,98,44,15,0,0,0,0,0,0,51,6,152,0,0,0,127,0,6,0,48,0,0,0,16,0,34,0,32,1,0,0,0,0,0,0,0,0,0,0,0,0,0,0,0,0,0,0,0,0,0,0,0,0,0,0,0,0,0,0,0,0,0,0,0,0,0,0,0,0,0,0,0,0,0,0,0,0,0,0,0,0,0,0,0,0,0,0,0,0,0,0,0,0,0,0,0,0,0,0,0,0,0,0,0,0,4,0,0,0,3,0,0,0,15,0,0,0,0,0,0,0,0,0,0,0,0,0,0,0,9,0,0,0,0,0,0,0,0,0,0,0,0,0,15,0,106,0,0,0,7,0,57,1,9,0,121,88,163,0,8,0,58,0,57,0,35,0,0,0,0,0,0,0,0,0,0,0,0,0,0,0,0,0,0,0,0,0,0,0,124,229,178,0,49,0,0,0,0,0,4,0,0,0,0
66,147,185,9,221,111,9,3,0,26,106,0,23,243,233,7,68,0,0,85,101,71,238,75,22,0,0,249,0,7,10,97,30,297,0,89,19,204,0,0,0,92,0,27,0,44,0,158,0,59,0,8,0,0,0,0,0,1,0,0,0,0,0,0,0,4,0,0,0,0,0,0,0,0,0,0,0,0,0,0,0,0,0,0,0,0,0,0,0,0,0,0,0,0,0,0,0,0,0,1,0,0,0,0,0,0,0,0,0,0,0,0,0,0,0,0,0,0,0,0,0,0,0,0,0,0,0,0,0,0,0,0,0,0,0,18,0,25,0,0,0,0,0,0,0,0,0,0,0,9,0,24,0,25,0,0,0,0,0,0,0,0,0,0,0,4,0,64,0,7,0,0,0,30,0,0,35,451,0,103,0,30,0,16,0,48,0,0,0,0,0,0,0,0,0,0,0,4,0,0,0,0,0,0,0,0,0,0,0,0,0,5,20,0,100,0,0,0,174,328,156,0,0,0,0
118,0,123,0,235,64,60,0,15,0,140,23,0,300,60,0,0,0,219,259,40,43,0,0,2,0,122,548,0,0,8,0,0,0,79,0,10,0,0,0,262,73,96,44,66,42,189,213,49,0,363,0,0,0,0,0,0,0,1,0,0,0,0,0,0,0,0,0,0,0,0,0,0,0,0,0,0,0,0,0,0,0,0,0,0,0,0,0,0,0,0,0,0,0,0,0,0,0,0,0,0,0,0,0,0,0,0,0,0,0,0,0,1,0,0,0,0,0,0,0,0,0,0,0,0,0,8,0,0,0,0,0,0,0,0,0,0,0,0,0,0,0,0,0,0,0,0,0,0,0,0,0,0,0,0,0,0,0,0,0,0,0,0,0,142,0,18,0,0,0,0,0,9,0,0,0,171,136,67,0,8,0,25,0,12,0,50,51,0,0,0,0,0,0,0,0,0,0,0,0,0,0,0,0,0,0,0,0,0,0,0,70,120,2,0,0,0,1,0,0,0,0,0,0,0
0,83,0,14,172,112,0,4,0,8,26,243,300,0,162,0,0,0,270,357,280,157,0,0,0,0,107,322,0,0,8,0,0,0,43,197,0,256,0,0,36,214,0,437,0,84,0,302,0,102,28,559,0,0,0,2,0,0,0,3,0,0,0,0,0,0,0,0,0,0,0,0,0,0,0,0,0,0,0,0,0,0,0,0,0,0,0,0,0,0,0,0,0,0,0,0,0,0,0,0,0,0,0,0,0,0,0,0,0,0,0,0,0,0,0,0,0,0,0,0,0,0,0,0,0,0,0,0,0,0,0,0,0,0,0,0,0,13,0,0,0,0,0,0,0,0,0,0,0,0,0,0,0,11,0,0,0,0,0,0,0,0,0,0,0,55,6,21,0,0,0,0,0,0,0,8,9,352,19,18,0,22,0,2,0,22,13,78,0,0,0,0,0,0,0,0,0,0,0,0,0,0,0,0,0,0,0,0,0,0,0,0,0,0,0,0,0,0,39,160,164,13,1,0,0
13,0,160,0,271,362,24,0,7,0,60,233,60,162,0,96,70,0,343,360,263,123,220,0,56,0,312,95,0,0,67,14,73,0,79,0,108,0,0,0,0,0,0,0,32,0,61,0,0,3,46,0,0,0,13,0,2,0,2,0,0,0,27,0,0,0,0,0,0,0,3,0,0,0,0,0,0,0,0,0,0,0,0,0,0,0,0,0,0,0,0,0,0,0,0,0,0,0,0,0,0,0,0,0,0,0,0,0,0,0,0,0,0,0,0,0,0,0,0,0,0,0,0,0,25,0,0,0,8,0,0,0,0,0,136,0,82,0,0,0,0,0,139,0,0,0,0,0,0,0,32,0,13,0,3,0,0,0,0,0,3,0,3,0,0,0,47,0,0,0,0,0,7,0,2,0,128,62,33,0,2,0,12,0,8,0,0,0,0,0,0,0,0,0,1,0,0,0,0,0,198,0,0,0,7,0,0,0,0,0,68,167,67,0,23,0,0,0,3,0,0,0,0,0,0
263,57,301,183,167,215,94,48,28,8,214,7,0,0,96,0,133,0,0,404,46,439,346,196,166,40,0,143,0,5,11,213,65,175,0,109,8,60,17,0,0,0,0,0,0,17,4,7,0,0,0,0,0,3,0,45,0,0,0,8,0,2,9,9,0,0,0,0,0,0,0,8,0,0,0,15,0,0,0,0,0,204,0,0,0,136,0,0,0,0,0,0,0,0,0,0,0,36,0,197,0,0,0,0,0,2,0,37,0,0,0,0,0,0,0,0,0,0,0,0,0,16,0,12,0,0,0,0,0,3,0,0,0,0,0,70,0,0,0,0,0,0,0,40,0,0,0,0,0,0,0,0,0,0,0,0,0,0,0,0,0,0,0,5,0,7,0,118,0,27,0,5,0,23,0,0,16,73,9,6,0,0,27,0,0,7,0,0,0,0,0,0,0,0,0,0,0,0,0,0,0,38,0,0,0,0,0,0,0,0,0,0,35,0,39,0,0,0,88,293,107,13,0,0,0
147,88,116,64,16,67,31,0,92,0,21,68,0,0,70,133,0,0,50,0,364,18,90,145,86,14,106,0,148,8,52,2,173,21,36,0,4,0,247,0,3,0,0,0,166,0,17,0,9,0,33,0,80,0,16,0,5,0,2,0,13,0,334,0,0,0,0,0,0,0,34,0,0,0,27,0,0,0,0,0,0,0,0,0,573,0,141,0,0,0,162,0,0,0,0,0,556,0,133,0,0,0,0,0,0,0,64,0,0,0,0,0,0,0,0,0,0,0,0,0,67,0,112,0,0,1,0,0,0,0,0,0,35,0,79,0,210,0,73,0,65,0,478,0,38,0,0,0,0,0,4,0,0,0,18,0,0,0,12,0,5,0,0,0,0,0,45,0,58,0,9,0,90,0,0,0,20,16,0,0,0,0,31,1,4,0,0,0,0,0,0,0,0,0,0,0,0,0,0,0,168,0,0,0,0,0,1,0,0,0,89,255,134,0,34,0,7,0,0,0,0,0,0,0,0
0,22,0,5,0,0,56,20,93,0,0,0,0,0,0,0,0,0,0,0,0,73,0,152,30,152,0,0,0,150,0,19,0,62,0,8,0,0,0,52,0,0,0,0,0,0,0,0,0,0,0,2,1,118,17,14,0,0,0,0,0,0,15,217,0,0,0,0,0,0,0,0,0,0,0,0,0,0,0,0,0,285,0,0,0,312,0,48,0,0,0,27,0,0,0,0,0,19,0,198,0,58,0,0,0,0,0,0,0,0,0,0,0,0,0,0,0,0,0,0,0,49,0,30,0,0,0,0,0,14,0,0,0,53,0,0,0,44,0,150,0,74,0,239,0,0,0,0,0,0,0,0,0,0,0,32,0,0,0,29,0,0,0,0,0,0,0,0,0,17,0,0,0,20,0,0,0,24,0,0,0,0,0,4,0,0,0,0,0,0,0,0,0,0,0,0,0,0,0,0,0,0,0,0,0,0,0,0,0,0,0,2,4,0,22,0,0,0,33,45,0,15,0,0,0
29,0,88,0,150,0,15,0,9,0,27,0,219,270,343,0,50,0,0,214,129,28,159,0,18,0,293,503,0,0,16,0,3,0,161,0,30,0,0,0,35,88,29,36,12,33,57,219,7,14,242,16,4,0,0,0,0,0,0,0,0,0,0,0,0,0,5,0,0,0,4,0,0,0,0,0,0,0,0,0,0,0,0,0,0,0,0,0,0,0,0,0,0,0,0,0,0,0,0,0,0,0,0,0,0,0,0,0,0,0,0,0,0,0,0,0,0,0,0,0,0,0,0,0,0,0,0,0,0,0,0,0,0,0,0,0,0,0,0,0,0,0,0,0,0,0,9,0,0,0,0,0,0,0,0,0,0,0,0,0,0,0,4,0,35,0,14,0,0,0,0,0,0,0,0,0,122,57,25,0,0,0,22,0,11,0,2,27,0,0,0,0,0,0,0,0,3,0,0,0,0,0,0,0,0,0,0,0,0,0,66,114,102,0,16,0,0,0,0,9,0,0,0,0,0
0,135,0,43,430,428,0,21,0,24,159,85,259,357,360,404,0,0,214,0,341,455,16,112,0,0,43,594,0,0,47,55,0,0,37,620,15,265,0,1,0,11,0,169,7,49,16,39,9,1,9,222,0,0,0,9,0,4,0,0,0,7,0,11,0,0,0,2,0,0,0,0,0,0,0,0,0,0,0,0,0,0,0,0,0,0,0,0,0,0,0,0,0,0,0,0,0,0,0,0,0,0,0,0,0,0,0,0,0,0,0,0,0,0,0,0,0,0,0,0,0,0,0,0,0,0,0,0,0,0,0,0,0,0,0,77,0,49,0,0,0,0,0,0,0,0,0,0,0,0,0,0,0,0,0,7,0,5,0,0,0,0,0,8,0,12,0,60,0,20,0,0,0,10,0,0,21,87,36,2,0,2,0,8,0,32,7,10,0,0,0,0,0,0,0,0,0,0,0,0,0,42,0,0,0,0,0,0,0,0,0,8,0,0,84,0,0,1,125,515,184,30,0,0,0
13,0,54,0,229,187,0,0,4,0,121,101,40,280,263,46,364,0,129,341,0,88,164,0,11,0,318,422,44,0,108,0,83,0,132,34,43,6,4,0,10,33,24,28,56,30,0,110,4,0,152,0,9,0,0,0,8,0,7,0,3,0,50,0,0,0,0,0,0,0,52,0,0,0,28,0,0,0,0,0,0,0,0,0,302,0,0,0,0,0,0,0,0,0,0,0,324,0,0,0,0,0,0,0,0,0,0,0,0,0,0,0,0,0,0,0,0,0,0,0,0,0,54,0,2,0,0,0,0,0,0,0,0,0,0,0,42,0,27,0,89,0,194,0,93,0,0,0,0,0,0,0,0,0,0,0,0,0,0,0,7,0,0,0,0,0,98,0,0,0,0,0,27,0,0,0,97,35,56,0,0,0,13,0,0,0,2,12,0,0,0,0,0,0,0,0,0,0,0,0,0,0,0,0,0,0,0,0,0,0,175,347,122,0,54,0,0,0,0,3,0,0,0,0,0
33,73,76,95,138,280,0,0,0,8,98,71,43,157,123,439,18,73,28,455,88,0,77,418,0,107,0,543,0,58,0,153,0,203,0,128,7,36,0,0,0,0,0,116,0,95,3,0,0,0,2,86,0,41,0,20,0,12,0,0,0,9,2,90,0,0,0,0,0,0,0,15,0,0,0,0,0,0,0,0,0,537,0,0,0,379,0,158,0,0,0,0,0,0,0,0,0,0,0,0,0,0,0,0,0,0,0,0,0,0,0,0,0,0,0,0,0,0,0,0,0,172,0,71,0,0,0,0,0,0,0,0,0,55,0,34,0,94,0,253,0,219,0,434,0,80,0,0,0,0,0,0,0,0,0,0,0,4,0,22,0,0,0,0,0,33,0,96,0,30,0,13,0,31,0,0,0,0,6,2,0,0,2,0,0,0,0,9,0,0,0,0,0,0,0,0,0,0,0,0,0,0,0,0,0,0,0,0,0,0,0,0,0,0,246,0,0,0,368,949,243,100,0,5,0
62,126,515,97,52,318,25,0,0,0,44,238,0,0,220,346,90,0,159,16,164,77,0,167,144,0,186,0,6,0,12,15,36,43,13,0,18,13,14,0,0,0,0,0,184,0,0,0,9,0,0,0,19,0,29,0,4,0,0,0,0,0,25,0,0,0,0,0,0,0,0,0,0,0,5,0,0,0,0,0,0,0,0,0,0,0,0,0,0,0,0,0,0,0,0,0,0,0,0,0,0,0,0,0,0,0,0,0,0,0,0,0,0,0,0,0,0,0,0,0,0,0,0,0,13,0,0,0,0,0,2,0,0,0,107,0,114,0,17,0,7,0,118,0,6,0,0,0,1,0,9,0,0,0,0,0,0,0,0,0,0,0,0,0,0,0,28,0,21,0,0,2,29,0,0,0,43,68,6,0,0,0,45,0,2,0,0,0,0,0,0,0,0,0,0,0,4,0,0,0,153,0,0,0,0,0,0,0,18,0,115,359,90,0,0,0,0,0,8,0,0,1,0,0,0
234,145,190,223,0,42,174,31,83,0,15,75,0,0,0,196,145,152,0,112,0,418,167,0,277,106,0,92,0,55,0,69,23,135,0,0,0,24,29,11,0,0,0,0,0,54,0,0,0,8,0,0,1,48,0,33,0,10,0,0,0,0,12,95,0,0,0,0,0,0,0,11,0,7,0,14,0,5,0,0,0,481,0,0,0,379,0,113,0,0,0,0,0,0,0,0,0,0,0,279,0,154,0,0,0,0,0,0,0,0,0,0,0,0,0,0,0,0,0,0,0,83,0,38,0,0,0,0,0,0,0,0,0,32,0,0,0,33,0,66,0,34,0,198,0,0,0,0,0,0,0,0,0,0,0,8,0,0,0,0,0,0,0,0,0,0,0,15,0,0,0,9,0,41,0,0,1,82,0,6,0,0,31,14,0,0,0,0,0,0,0,0,0,0,0,0,0,0,0,0,0,12,0,0,0,1,0,0,0,0,0,0,0,0,63,0,0,0,133,575,107,0,0,0,0
19,270,77,78,10,0,143,41,66,32,0,22,2,0,56,166,86,30,18,0,11,0,144,277,0,144,13,0,7,32,1,5,0,29,0,0,1,0,30,16,0,0,2,0,11,0,0,0,8,0,0,1,90,0,82,0,17,0,6,0,13,0,97,1,0,0,0,0,0,0,0,0,0,0,0,0,0,0,0,0,14,0,0,0,86,0,0,0,0,0,91,0,0,0,0,0,209,0,41,0,0,0,0,0,0,0,0,0,0,0,0,0,0,0,0,0,0,0,0,0,0,0,0,0,0,0,47,0,40,0,0,0,99,0,197,0,284,0,49,0,16,0,306,0,8,0,0,0,0,0,0,0,0,0,17,0,0,0,13,0,11,0,0,0,0,0,0,0,21,0,14,0,64,0,0,0,7,15,0,0,0,0,12,4,4,0,0,0,0,0,0,0,0,0,0,0,0,0,0,0,211,0,0,0,0,0,0,0,27,0,61,188,62,0,40,0,0,0,14,5,0,0,0,0,0
37,28,0,32,0,0,234,153,419,31,0,0,0,0,0,40,14,152,0,0,0,107,0,106,144,0,0,0,0,127,0,13,0,21,0,0,0,0,0,49,0,0,0,0,0,0,0,0,0,1,0,0,6,15,67,180,0,55,33,5,0,12,30,19,0,0,9,0,0,0,0,0,0,12,0,0,0,0,0,0,0,159,0,0,0,216,0,0,0,0,0,79,0,0,0,0,0,0,0,277,0,133,0,0,0,0,0,0,0,0,0,0,0,0,0,0,0,0,0,0,0,0,0,0,0,0,0,0,0,9,0,0,0,47,0,145,0,46,0,99,0,32,0,192,0,0,0,0,0,0,0,0,0,1,0,45,0,0,0,15,0,4,0,0,0,0,0,0,0,34,0,18,19,70,0,0,5,36,0,0,0,0,20,3,0,0,0,0,0,0,0,0,0,0,0,0,0,0,0,0,0,33,0,0,0,0,0,0,0,0,0,0,0,0,94,0,0,1,97,46,105,39,0,15,2
26,0,68,0,96,0,0,0,17,0,0,0,122,107,312,0,106,0,293,43,318,0,186,0,13,0,0,338,0,0,28,0,17,0,49,0,53,0,3,0,107,222,193,0,226,45,519,327,24,14,286,0,0,0,0,0,0,0,0,0,0,0,17,0,0,0,0,0,0,0,0,0,0,0,0,0,0,0,0,0,0,0,0,0,0,0,0,0,0,0,0,0,0,0,0,0,0,0,0,0,0,0,0,0,0,0,0,0,0,0,0,0,0,0,0,0,0,0,0,0,0,0,0,0,0,0,0,0,0,0,0,0,0,0,0,0,0,0,0,0,0,0,0,0,16,0,0,0,0,0,0,0,0,0,0,0,0,0,0,0,0,0,0,0,84,0,16,0,0,0,4,0,0,0,0,0,34,72,5,0,0,0,15,0,11,0,15,23,0,0,0,0,0,0,0,0,0,0,0,0,0,0,0,0,0,0,0,0,0,0,0,231,167,0,0,0,0,9,0,0,0,0,0,0,0
0,207,0,28,133,329,0,0,0,37,0,249,548,322,95,143,0,0,503,594,422,543,0,92,0,0,338,0,0,0,13,19,0,0,38,70,0,55,0,0,195,70,0,445,43,255,139,256,19,47,70,335,0,0,0,0,0,0,0,0,0,0,0,0,0,0,0,0,0,0,0,0,0,0,0,0,0,0,0,0,0,0,0,0,0,0,0,0,0,0,0,0,0,0,0,0,0,0,0,0,0,0,0,0,0,0,0,0,0,0,0,0,0,0,0,0,0,0,0,0,0,0,0,0,0,0,0,0,0,0,0,0,0,0,0,33,0,0,0,0,0,0,0,83,0,41,0,0,0,17,0,20,0,0,0,0,0,0,0,0,0,0,0,0,0,140,0,4,0,52,0,0,0,5,0,0,7,178,0,3,0,0,0,13,0,0,15,41,0,0,0,0,0,0,0,0,0,0,0,0,0,0,0,0,0,0,0,0,0,0,0,7,0,0,42,0,0,0,65,449,382,0,0,5,6
68,0,136,0,13,0,37,0,17,0,0,0,0,0,0,0,148,0,0,0,44,0,6,0,7,0,0,0,0,0,28,0,28,3,11,0,26,0,79,0,0,0,21,0,0,0,0,0,0,0,19,0,1,0,0,0,0,0,0,0,0,0,8,0,0,0,0,0,0,0,16,0,0,0,6,0,0,0,0,0,0,0,0,0,93,0,0,0,0,0,0,0,0,0,0,0,0,0,0,0,0,0,0,0,0,0,0,0,0,0,0,0,0,0,0,0,0,0,0,0,0,0,46,0,0,0,0,0,0,0,0,0,0,0,0,0,33,0,20,0,35,0,90,0,0,0,0,0,0,0,0,0,0,0,0,0,0,0,0,0,0,0,0,0,0,0,0,0,5,0,1,0,0,0,0,0,0,6,0,0,0,0,25,0,2,0,0,0,0,0,0,0,0,0,0,0,0,0,0,0,0,0,0,0,0,0,0,0,0,0,0,13,0,0,0,0,0,0,0,0,0,0,0,0,0
0,161,0,47,0,0,41,236,31,56,0,7,0,0,0,5,8,150,0,0,0,58,0,55,32,127,0,0,0,0,0,22,0,43,0,25,0,43,0,193,0,0,0,29,0,16,0,0,0,0,0,30,1,27,0,22,0,6,0,0,0,5,0,77,0,0,0,0,0,0,0,0,0,0,0,0,0,0,0,0,0,0,0,0,0,14,0,0,0,0,0,0,0,0,0,0,0,0,0,0,0,0,0,0,0,0,0,0,0,0,0,0,0,0,0,0,0,0,0,0,0,2,0,0,0,0,0,0,0,0,0,0,0,12,0,0,0,11,0,115,0,35,0,25,0,29,0,0,0,0,0,1,0,0,0,11,0,9,0,31,0,2,0,0,0,0,0,0,0,0,0,0,0,0,0,0,0,92,0,0,0,0,0,28,0,0,0,0,0,0,0,0,0,0,0,0,0,0,0,0,0,0,0,0,0,0,0,0,0,0,0,0,0,0,58,0,0,0,118,146,23,20,0,5,0
0,0,58,0,93,34,3,0,0,0,51,10,8,8,67,11,52,0,16,47,108,0,12,0,1,0,28,13,28,0,0,0,45,0,17,0,58,0,2,0,0,0,52,0,5,0,0,0,0,0,48,0,0,0,0,0,0,0,0,0,0,0,10,0,0,0,0,0,0,0,10,0,0,0,5,0,0,0,0,0,0,0,0,0,45,0,0,0,0,0,0,0,0,0,0,0,0,0,0,0,0,0,0,0,0,0,0,0,0,0,0,0,0,0,0,0,0,0,0,0,0,0,11,0,0,0,0,0,0,0,0,0,1,0,0,0,0,0,20,0,34,0,13,0,15,0,0,0,0,0,0,0,0,0,0,0,0,0,0,0,0,0,0,0,0,0,40,0,0,0,0,0,0,0,0,0,0,3,10,0,0,0,0,0,1,0,0,0,0,0,0,0,0,0,0,0,0,0,0,0,0,0,0,0,0,0,0,0,0,0,49,105,58,5,0,0,0,0,0,0,0,0,0,0,0
0,92,16,112,0,279,0,0,0,7,6,97,0,0,14,213,2,19,0,55,0,153,15,69,5,13,0,19,0,22,0,0,0,8,0,90,0,40,0,2,0,0,0,44,0,8,0,0,0,0,0,61,0,0,0,2,0,0,0,1,0,0,0,12,0,0,0,0,0,0,0,0,0,0,0,0,0,0,0,0,0,63,0,0,0,0,0,0,0,0,0,0,0,0,0,0,0,0,0,0,0,0,0,0,0,0,0,0,0,0,0,0,0,0,0,0,0,0,0,0,0,13,0,0,0,0,0,0,0,0,0,0,0,0,0,0,0,33,0,55,0,42,0,73,0,9,0,0,0,0,0,0,0,0,0,6,0,5,0,0,0,1,0,0,0,0,0,17,0,0,0,4,0,0,0,0,0,11,0,0,0,0,0,0,0,0,0,0,0,0,0,0,0,0,0,0,0,0,0,1,0,0,0,0,0,0,0,0,0,0,0,0,0,0,38,0,0,0,94,131,43,19,0,0,0
170,0,316,0,164,0,33,0,19,0,152,30,0,0,73,65,173,0,3,0,83,0,36,23,0,0,17,0,28,0,45,0,0,0,23,0,216,0,10,0,0,0,31,0,5,0,0,0,0,0,21,0,5,0,0,0,0,0,0,0,8,0,18,0,0,0,0,0,0,0,0,0,0,0,5,0,0,0,0,0,0,0,0,0,0,0,0,0,0,0,0,0,0,0,0,0,0,0,0,0,0,0,0,0,0,0,0,0,0,0,0,0,0,0,0,0,0,0,0,0,0,0,0,0,0,0,4,0,0,0,5,0,0,0,0,0,0,0,20,0,50,0,0,0,23,0,0,0,0,0,0,0,0,0,0,0,8,0,0,0,0,0,0,0,0,0,32,0,0,0,5,0,14,0,0,0,62,19,16,0,0,0,84,0,0,0,0,0,0,0,0,0,0,0,0,0,0,0,0,0,4,0,0,0,0,0,0,0,0,0,0,118,33,0,14,0,0,0,0,0,0,0,0,0,0
0,474,59,352,15,243,0,155,0,28,0,297,0,0,0,175,21,62,0,0,0,203,43,135,29,21,0,0,3,43,0,8,0,0,0,44,0,99,0,10,0,0,0,21,0,9,0,0,0,1,0,15,0,7,0,0,0,3,0,0,0,52,0,16,0,0,0,0,0,0,0,0,0,0,0,0,0,0,0,0,0,0,0,0,0,0,0,0,0,0,0,0,0,0,0,0,0,0,0,0,0,0,0,0,0,0,0,0,0,0,0,0,0,0,0,0,0,0,0,0,0,0,0,0,0,0,0,0,0,0,0,0,0,0,0,0,0,0,0,43,0,0,0,36,0,0,0,0,0,0,0,0,0,0,0,3,0,27,0,9,0,0,0,0,0,0,0,35,0,4,0,4,0,34,0,0,5,99,0,29,0,0,0,0,0,0,0,0,0,0,0,0,0,0,0,0,0,0,0,0,0,0,0,0,0,0,0,0,0,0,0,0,0,0,90,0,0,0,105,392,68,0,0,5,0
11,0,0,0,109,0,0,0,0,0,0,0,79,43,79,0,36,0,161,37,132,0,13,0,0,0,49,38,11,0,17,0,23,0,0,0,158,1,0,0,5,0,18,6,8,0,7,13,0,0,100,0,0,0,0,0,0,0,0,0,0,0,0,0,0,0,0,0,0,0,5,0,0,0,0,0,0,0,0,0,0,0,0,0,0,0,0,0,0,0,0,0,0,0,0,0,0,0,0,0,0,0,0,0,0,0,0,0,0,0,0,0,0,0,0,0,0,0,0,0,13,0,0,0,0,0,0,0,0,0,0,0,0,0,0,0,0,0,0,0,0,0,0,0,29,0,0,0,0,0,0,0,0,0,0,0,0,0,0,0,0,0,0,0,32,0,42,0,16,0,0,0,14,0,0,0,25,0,10,0,0,0,0,0,0,0,1,1,0,0,0,0,0,0,0,0,0,0,0,0,0,0,0,0,2,0,0,0,0,0,63,157,118,28,28,0,0,0,0,0,0,0,0,0,0
0,21,0,11,0,309,0,0,0,0,0,89,0,197,0,109,0,8,0,620,34,128,0,0,0,0,0,70,0,25,0,90,0,44,0,0,0,369,0,0,0,0,0,49,0,48,0,0,0,2,0,59,0,0,0,0,0,0,0,0,0,0,0,0,0,0,0,0,0,0,0,0,0,0,0,0,0,0,0,0,0,0,0,0,0,0,0,0,0,0,0,0,0,0,0,0,0,0,0,0,0,0,0,0,0,0,0,0,0,0,0,0,0,0,0,0,0,0,0,0,0,0,0,0,0,0,0,0,0,0,0,0,0,0,0,0,0,0,0,58,0,50,0,68,0,52,0,0,0,0,0,0,0,0,0,0,0,0,0,6,0,0,0,0,1,28,0,112,0,0,0,0,0,10,0,0,0,22,0,2,0,0,0,0,0,0,0,0,0,0,0,0,0,0,0,0,0,0,0,0,0,0,0,0,0,0,0,0,0,0,0,0,0,0,67,0,0,0,99,376,209,45,0,0,0
71,0,78,0,192,31,8,0,0,0,127,19,10,0,108,8,4,0,30,15,43,7,18,0,1,0,53,0,26,0,58,0,216,0,158,0,0,0,81,0,0,0,37,0,71,0,0,0,6,1,82,0,0,0,0,0,7,0,11,0,9,0,9,0,0,0,0,0,0,0,11,0,0,0,11,0,0,0,0,0,0,0,0,0,0,0,41,0,0,0,7,0,0,0,0,0,0,0,0,0,0,0,0,0,0,0,0,0,0,0,0,0,0,0,0,0,0,0,0,0,0,0,12,0,0,0,0,0,0,0,0,0,0,0,0,0,0,0,0,0,34,0,56,0,71,0,0,0,1,0,0,0,0,0,0,0,4,0,0,0,0,0,17,0,39,0,60,0,23,0,22,0,37,0,0,0,25,15,20,1,0,0,32,0,0,0,3,0,0,0,0,0,0,0,0,0,0,0,0,0,0,0,0,0,0,0,0,0,0,0,90,227,142,0,29,0,0,0,0,0,0,0,0,0,0
0,212,0,50,0,312,20,79,0,45,0,204,0,256,0,60,0,0,0,265,6,36,13,24,0,0,0,55,0,43,0,40,0,99,1,369,0,0,0,32,0,0,0,58,0,74,0,0,0,0,0,53,0,6,0,0,0,0,0,0,0,53,0,16,0,0,0,0,0,0,0,4,0,0,0,0,0,0,0,0,0,0,0,0,0,0,0,0,0,0,0,0,0,0,0,0,0,0,0,0,0,0,0,0,0,0,0,0,0,0,0,0,0,0,0,0,0,0,0,0,0,63,0,0,0,0,0,4,0,0,0,0,0,0,0,0,0,41,0,68,0,115,0,117,0,172,0,0,0,0,0,0,0,0,0,3,0,52,0,0,0,0,0,2,0,12,0,80,0,25,0,17,0,80,0,0,0,68,0,14,0,0,0,36,0,0,0,0,0,0,0,0,0,0,0,0,0,0,0,0,0,0,0,0,0,0,0,0,0,0,0,0,0,0,56,0,0,0,68,392,141,26,1,6,0
195,0,297,0,0,0,160,0,146,0,6,0,0,0,0,17,247,0,0,0,4,0,14,29,30,0,3,0,79,0,2,0,10,0,0,0,81,0,0,0,0,0,5,0,0,0,0,0,0,0,0,0,0,0,0,0,0,0,6,0,30,0,55,0,0,0,0,0,0,0,10,0,5,0,0,0,0,0,4,0,0,0,0,0,68,0,0,0,0,0,0,0,0,0,0,0,59,0,0,0,0,0,0,0,0,0,0,0,0,0,0,0,0,0,0,0,0,0,0,0,0,0,18,0,0,0,0,0,0,0,0,0,0,0,0,0,0,0,36,0,0,0,63,0,45,0,0,0,0,0,0,0,0,0,2,0,16,0,0,0,0,0,4,0,0,0,15,0,0,0,0,0,195,0,0,0,26,8,2,0,0,0,108,0,9,0,0,0,0,0,0,0,0,0,0,0,0,0,0,0,0,0,0,0,0,0,0,0,0,0,64,322,21,0,26,0,0,0,0,0,0,0,0,0,0
0,128,0,26,0,0,0,233,0,290,0,0,0,0,0,0,0,52,0,1,0,0,0,11,16,49,0,0,0,193,0,2,0,10,0,0,0,32,0,0,0,0,0,0,0,0,0,0,0,1,0,0,1,23,0,32,0,0,4,22,0,60,2,65,0,0,0,0,0,0,0,0,0,0,0,0,0,0,0,0,0,0,0,0,0,0,0,0,0,0,0,0,0,0,0,0,0,0,0,0,0,0,0,0,0,0,0,0,0,0,0,0,0,0,0,0,0,0,0,0,0,0,0,0,0,0,0,0,0,0,0,0,0,0,0,0,0,0,0,37,0,21,0,0,0,55,0,0,0,0,0,0,0,0,0,10,0,23,0,22,0,0,0,0,0,0,0,0,0,0,0,5,0,0,0,0,0,70,0,0,0,0,3,28,0,0,0,0,0,0,0,0,0,0,0,0,0,0,0,0,0,0,0,0,0,0,0,0,0,0,0,0,0,0,55,0,0,0,105,174,34,26,0,0,1
34,0,21,0,62,0,18,0,9,0,48,0,262,36,0,0,3,0,35,0,10,0,0,0,0,0,107,195,0,0,0,0,0,0,5,0,0,0,0,0,0,205,215,0,40,109,215,358,197,59,75,0,2,0,0,0,0,0,0,0,0,0,0,0,0,0,5,0,0,0,0,0,0,0,0,0,0,0,0,0,0,0,0,0,0,0,0,0,0,0,0,0,0,0,0,0,0,0,0,0,0,0,0,0,0,0,0,0,0,0,0,0,0,0,0,0,0,0,0,0,0,0,0,0,0,0,4,0,0,0,0,0,2,0,0,0,0,0,0,0,0,0,0,0,0,0,0,0,3,0,0,0,0,0,0,0,0,0,0,0,0,0,0,0,15,0,0,0,0,0,0,0,0,0,0,0,35,138,19,0,0,0,15,0,0,0,189,30,0,0,0,0,0,0,0,0,0,0,0,0,0,0,0,0,0,0,0,0,0,0,0,79,44,0,0,0,0,10,0,31,0,0,0,0,3
0,22,0,0,0,0,0,0,0,5,0,92,73,214,0,0,0,0,88,11,33,0,0,0,0,0,222,70,0,0,0,0,0,0,0,0,0,0,0,0,205,0,0,78,60,128,290,266,28,197,13,50,0,0,0,0,0,0,0,0,0,0,0,0,0,0,0,0,0,0,0,0,0,0,0,0,0,0,0,0,0,0,0,0,0,0,0,0,0,0,0,0,0,0,0,0,0,0,0,0,0,0,0,0,0,0,0,0,0,0,0,0,0,0,0,0,0,0,0,0,0,0,0,0,0,0,0,0,0,0,0,0,0,0,0,0,0,0,0,0,0,0,0,0,0,0,0,1,0,0,0,0,0,0,0,0,0,0,0,0,0,0,0,0,0,35,0,0,0,0,0,0,0,0,0,0,0,183,0,0,0,5,0,0,0,0,16,24,0,0,0,0,0,0,0,0,0,0,0,0,0,0,0,0,0,0,0,0,0,0,0,4,0,0,0,0,0,1,0,71,24,0,0,0,6
0,0,7,0,0,0,9,0,0,0,0,0,96,0,0,0,0,0,29,0,24,0,0,0,2,0,193,0,21,0,52,0,31,0,18,0,37,0,5,0,215,0,0,0,343,0,246,9,53,0,89,0,0,0,0,0,0,0,0,0,2,0,9,0,1,0,0,0,0,0,0,0,0,0,7,0,0,0,0,0,0,0,0,0,0,0,0,0,0,0,0,0,0,0,0,0,0,0,0,0,0,0,1,0,0,0,0,0,0,0,0,0,0,0,0,0,0,0,0,0,0,0,0,0,0,0,0,0,0,0,0,0,0,0,0,0,0,0,10,0,0,0,0,0,20,0,0,0,0,0,0,0,1,0,0,0,0,0,0,0,0,0,0,0,33,0,46,0,0,0,5,0,28,0,0,0,0,0,11,0,0,0,0,0,0,0,202,0,0,0,0,0,0,0,0,0,0,0,0,0,0,0,0,0,0,0,0,0,0,0,38,100,95,4,10,0,3,12,0,0,0,0,0,0,0
0,0,0,0,0,21,0,0,0,0,0,27,44,437,0,0,0,0,36,169,28,116,0,0,0,0,0,445,0,29,0,44,0,21,6,49,0,58,0,0,0,78,0,0,0,219,16,147,0,9,0,123,0,0,0,3,0,0,0,0,0,6,0,0,0,0,0,0,0,0,0,0,0,0,0,4,0,0,0,0,0,0,0,0,0,0,0,0,0,0,0,0,0,0,0,0,0,0,0,0,0,0,0,0,0,0,0,0,0,0,0,0,0,0,0,0,0,1,0,0,0,0,0,0,0,0,0,0,0,0,0,0,0,0,0,0,0,0,0,102,0,71,0,65,0,73,0,0,0,0,0,0,0,0,0,0,0,9,0,0,0,0,0,0,0,100,0,0,0,27,0,0,0,0,0,0,0,12,4,0,0,0,0,0,0,0,3,37,0,0,0,0,0,0,0,0,0,0,0,0,0,0,0,0,0,0,0,0,0,0,0,1,0,0,20,0,0,0,0,227,196,0,0,0,3
9,0,37,0,24,0,0,0,0,0,16,0,66,0,32,0,166,0,12,7,56,0,184,0,11,0,226,43,0,0,5,0,5,0,8,0,71,0,0,0,40,60,343,0,0,23,331,67,405,39,163,1,10,0,0,0,12,0,0,0,0,0,37,0,0,0,0,0,0,0,50,0,0,0,24,0,0,0,0,0,54,0,0,0,280,0,132,0,0,0,0,0,0,0,0,0,359,0,83,0,0,0,0,0,0,0,0,0,0,0,0,0,0,0,0,0,0,0,0,0,0,0,40,0,0,0,0,0,0,0,0,0,0,0,0,0,28,0,0,0,36,0,0,0,73,0,0,0,4,0,0,0,5,0,0,0,3,0,1,0,11,0,28,0,251,0,74,0,35,0,21,0,49,0,0,0,29,11,5,0,0,0,9,0,0,0,123,0,0,0,0,0,0,0,0,0,0,0,0,0,91,0,0,0,0,0,0,0,0,0,72,215,321,26,23,0,0,104,0,6,0,0,0,0,3
0,9,0,0,0,18,0,0,0,0,0,44,42,84,0,17,0,0,33,49,30,95,0,54,0,0,45,255,0,16,0,8,0,9,0,48,0,74,0,0,109,128,0,219,23,0,120,445,20,282,0,75,0,0,0,0,0,0,0,0,0,3,0,11,0,0,0,0,0,6,0,17,0,0,0,0,0,5,0,0,0,0,0,16,0,117,0,81,0,0,0,0,0,0,0,0,0,0,0,39,0,39,0,0,0,0,0,0,0,0,0,0,0,0,0,0,0,0,0,0,0,106,0,30,0,0,0,0,0,0,0,0,0,0,0,0,0,0,0,97,0,117,0,240,0,101,1,0,0,0,0,0,0,0,0,0,0,2,0,0,0,0,0,2,0,378,0,20,0,94,0,27,0,26,0,0,0,31,0,0,0,0,0,0,0,1,11,32,0,0,0,0,0,0,0,0,0,0,0,0,0,0,0,0,0,0,0,0,0,0,0,5,2,0,40,0,0,0,82,383,367,26,0,0,79
37,0,55,0,91,0,0,0,7,0,34,0,189,0,61,4,17,0,57,16,0,3,0,0,0,0,519,139,0,0,0,0,0,0,7,0,0,0,0,0,215,290,246,16,331,120,0,317,296,108,80,0,0,0,0,0,0,0,0,0,0,0,0,0,0,0,0,0,0,0,0,0,0,0,0,0,0,0,0,0,0,0,0,0,0,0,0,0,0,0,0,0,0,0,0,0,0,0,0,0,0,0,0,0,0,0,0,0,0,0,0,0,0,0,0,0,0,0,0,0,0,0,0,0,0,0,0,0,0,0,0,0,0,0,0,0,0,0,0,0,10,0,0,0,0,0,0,0,2,0,0,0,0,0,0,0,0,0,0,0,0,0,0,0,71,0,3,0,0,0,0,0,0,0,4,0,42,99,14,0,0,0,0,0,18,0,195,16,0,0,0,0,0,0,0,0,0,0,0,0,0,0,0,0,0,0,0,0,15,0,0,270,163,4,0,0,1,74,0,48,0,0,0,0,0
0,51,0,0,17,58,0,0,0,12,0,158,213,302,0,7,0,0,219,39,110,0,0,0,0,0,327,256,0,0,0,0,0,0,13,0,0,0,0,0,358,266,9,147,67,445,317,0,60,187,59,53,0,0,0,0,0,0,0,0,0,0,0,0,0,0,0,0,0,0,0,0,0,0,0,0,0,0,0,0,0,0,0,0,0,0,0,0,0,0,0,0,0,0,0,0,0,0,0,0,0,6,0,0,0,0,0,0,0,0,0,0,0,0,0,0,0,0,0,0,0,0,0,0,0,0,0,0,0,0,0,0,0,0,0,15,0,0,0,0,0,0,0,0,0,0,0,0,0,0,0,0,0,0,0,0,0,0,0,0,0,0,0,0,0,87,0,0,0,0,0,0,0,0,0,0,0,152,0,0,0,0,0,0,0,10,29,45,0,0,0,0,0,0,0,0,0,0,0,0,0,0,0,0,0,0,0,0,0,0,0,8,0,0,0,0,0,0,0,290,125,0,0,0,15
12,0,12,0,16,2,16,0,7,0,32,0,49,0,0,0,9,0,7,9,4,0,9,0,8,0,24,19,0,0,0,0,0,0,0,0,6,0,0,0,197,28,53,0,405,20,296,60,0,55,18,0,13,0,17,0,21,0,20,0,8,0,7,0,0,0,0,0,7,0,4,0,0,0,3,0,6,0,0,0,14,0,5,0,16,0,17,0,0,0,9,0,3,0,10,0,16,0,9,0,3,0,5,0,16,0,0,0,0,0,0,0,0,0,0,0,0,0,0,0,0,0,0,0,9,0,0,0,4,0,0,0,7,0,43,0,21,0,6,0,6,0,33,0,5,0,0,0,4,0,0,0,0,0,10,0,0,0,0,0,8,0,13,0,66,0,44,0,33,0,14,0,35,0,0,0,56,20,21,0,0,0,14,0,10,0,332,0,25,0,0,0,29,0,3,0,13,0,32,0,28,0,69,0,40,0,27,0,11,0,87,113,249,7,57,16,12,20,0,28,1,0,0,0,6
0,15,1,1,0,6,1,0,1,7,1,59,0,102,3,0,0,0,14,1,0,0,0,8,0,1,14,47,0,0,0,0,0,1,0,2,1,0,0,1,59,197,0,9,39,282,108,187,55,0,3,3,0,0,0,0,0,16,0,5,0,1,0,0,0,0,0,0,0,1,0,0,0,0,0,0,0,0,0,0,0,3,0,4,0,0,0,0,0,0,0,0,0,0,0,2,0,0,0,0,0,1,0,2,0,0,0,0,0,0,0,0,0,0,0,0,0,0,0,0,0,0,0,1,0,0,0,2,0,0,0,1,0,0,0,2,0,3,0,0,0,0,0,0,0,0,0,0,0,1,0,4,0,3,0,0,0,0,0,0,0,3,0,2,0,23,0,9,0,3,0,9,0,15,0,0,1,94,0,1,0,0,0,2,0,4,44,110,0,0,0,0,0,1,0,2,0,0,0,0,0,0,0,0,0,0,0,1,0,0,0,0,0,0,3,0,0,0,9,67,44,3,0,0,20
0,0,0,0,70,0,0,0,4,0,0,0,363,28,46,0,33,0,242,9,152,2,0,0,0,0,286,70,19,0,48,0,21,0,100,0,82,0,0,0,75,13,89,0,163,0,80,59,18,3,0,0,2,0,0,0,8,0,16,0,0,0,3,0,2,0,0,0,0,0,11,0,0,0,0,0,0,0,0,0,0,0,0,0,0,0,0,0,0,0,0,0,0,0,0,0,0,0,0,0,0,0,0,0,0,0,0,0,0,0,0,0,0,0,0,0,0,0,0,0,0,0,0,0,8,0,0,0,0,0,0,0,0,0,0,0,0,0,2,0,0,0,0,0,0,0,0,0,0,0,0,0,0,0,0,0,0,0,0,0,7,0,0,0,118,0,54,0,48,0,18,0,43,0,0,0,24,13,0,0,0,0,13,0,0,0,46,5,0,0,0,0,0,0,0,0,0,0,0,0,0,0,0,0,0,0,0,0,0,0,41,129,167,21,19,0,0,3,0,2,0,0,0,0,0
0,0,2,0,0,0,0,0,0,4,0,8,0,559,0,0,0,2,16,222,0,86,0,0,1,0,0,335,0,30,0,61,0,15,0,59,0,53,0,0,0,50,0,123,1,75,0,53,0,3,0,0,0,2,0,8,0,16,0,4,0,2,0,4,0,0,0,0,0,0,0,0,0,0,0,6,0,0,0,1,0,0,0,0,0,0,0,30,0,0,0,0,0,0,0,0,0,0,0,0,0,7,0,0,0,0,0,0,0,0,0,0,0,0,0,0,0,0,0,0,0,26,0,0,0,0,0,0,0,0,0,0,0,0,0,0,0,0,0,0,0,0,0,42,0,68,0,0,0,0,0,0,0,0,0,4,0,0,0,0,0,0,0,4,0,46,0,19,0,91,0,31,0,55,0,0,0,11,0,0,0,0,0,0,0,0,0,61,0,0,0,0,0,0,0,3,0,0,0,0,0,0,0,0,0,0,0,0,0,0,0,0,1,0,19,0,0,0,31,104,149,7,0,0,0
0,2,0,0,0,0,15,16,17,27,0,0,0,0,0,0,80,1,4,0,9,0,19,1,90,6,0,0,1,1,0,0,5,0,0,0,0,0,0,1,2,0,0,0,10,0,0,0,13,0,2,0,0,8,56,49,105,7,90,42,60,0,26,10,0,0,16,52,0,0,0,0,0,0,0,0,0,0,0,0,0,0,0,0,38,0,0,0,0,0,0,0,0,0,0,0,0,0,0,0,0,0,0,0,0,0,0,0,0,0,0,0,0,0,0,0,0,0,0,0,0,0,5,0,0,0,0,0,55,0,1,0,35,0,34,0,183,0,161,0,50,0,103,0,32,0,0,0,0,0,1,0,0,0,144,0,114,0,61,0,10,0,21,0,0,0,5,0,8,0,92,1,17,0,0,0,0,2,0,0,0,0,0,0,0,0,0,0,0,0,0,0,0,0,0,0,0,0,0,0,0,0,0,0,0,0,0,0,0,0,195,260,130,166,293,0,84,8,0,1,0,0,0,0,0
0,5,0,0,0,0,0,4,17,31,0,0,0,0,0,3,0,118,0,0,0,41,0,48,0,15,0,0,0,27,0,0,0,7,0,0,0,6,0,23,0,0,0,0,0,0,0,0,0,0,0,2,8,0,9,74,20,102,65,69,0,57,0,109,0,0,61,0,0,0,0,0,0,0,0,0,0,0,0,0,0,0,0,0,0,25,0,0,0,0,0,0,0,0,0,0,0,0,0,17,0,0,0,0,0,0,0,0,0,0,0,0,0,0,0,0,0,0,0,0,0,0,0,0,0,0,0,0,0,13,0,2,0,17,0,5,0,11,0,71,0,18,0,29,0,11,0,0,0,0,0,0,0,0,0,192,0,54,2,51,3,4,0,0,0,0,0,0,0,0,0,27,0,0,0,0,0,5,0,0,0,0,0,0,4,9,0,0,0,0,0,0,0,0,0,0,0,0,0,0,0,0,0,0,0,0,0,0,0,0,0,0,0,0,92,0,0,0,108,115,45,83,0,13,0
1,13,17,0,0,0,25,16,28,136,0,0,0,0,13,0,16,17,0,0,0,0,29,0,82,67,0,0,0,0,0,0,0,0,0,0,0,0,0,0,0,0,0,0,0,0,0,0,17,0,0,0,56,9,0,61,55,3,11,29,35,0,136,22,2,0,21,54,0,0,0,0,0,0,1,0,0,0,0,0,0,0,0,0,0,0,0,0,0,0,0,0,0,0,0,0,0,0,0,0,0,0,0,0,0,0,0,0,0,0,0,0,0,0,0,0,0,0,0,0,0,0,0,0,17,0,0,0,0,0,14,0,42,0,48,0,65,0,4,0,0,0,0,0,0,0,7,0,0,1,3,0,0,0,15,0,6,0,0,0,63,0,0,0,0,0,3,0,7,0,233,0,32,0,0,0,0,0,0,0,0,0,0,3,0,0,1,0,0,0,0,0,0,0,0,0,0,0,0,0,0,0,0,0,0,0,0,0,15,0,248,95,193,269,435,0,115,16,4,2,0,0,0,0,0
0,17,0,32,0,0,0,132,204,76,0,0,0,2,0,45,0,14,0,9,0,20,0,33,0,180,0,0,0,22,0,2,0,0,0,0,0,0,0,32,0,0,0,3,0,0,0,0,0,0,0,8,49,74,61,0,35,95,180,58,0,35,11,97,6,0,145,4,0,0,0,0,0,0,0,0,0,0,0,0,0,0,0,0,0,19,0,0,0,5,0,0,0,0,0,0,0,0,0,0,0,0,0,0,0,0,0,0,0,0,0,0,0,0,0,0,0,0,0,0,0,0,0,0,0,4,0,8,0,14,0,0,0,12,0,92,0,77,0,43,0,12,0,54,0,0,0,0,0,0,0,0,0,0,3,78,0,13,0,20,0,7,0,0,0,0,0,9,0,27,0,173,0,122,0,0,10,14,0,0,0,0,0,0,10,2,0,0,0,0,0,0,0,0,0,0,0,0,0,0,0,19,0,0,0,0,0,0,0,0,0,0,0,0,276,0,0,1,215,112,206,243,0,91,4
1,0,0,0,0,0,16,0,3,0,0,0,0,0,2,0,5,0,0,0,8,0,4,0,17,0,0,0,0,0,0,0,0,0,0,0,7,0,0,0,0,0,0,0,12,0,0,0,21,0,8,0,105,20,55,35,0,19,143,121,22,2,7,0,35,45,21,164,0,0,0,0,0,0,2,0,0,0,0,0,0,0,0,0,0,0,0,0,0,0,0,0,0,0,0,0,0,0,0,0,0,0,0,0,0,0,0,0,0,0,0,0,0,0,0,0,0,0,0,0,0,0,0,0,27,0,35,0,32,0,57,0,30,0,41,0,23,0,12,0,0,0,0,0,16,7,16,0,4,0,0,0,0,0,168,17,126,0,52,34,264,0,47,0,0,0,0,0,24,0,315,0,27,0,0,0,0,0,0,0,0,0,0,0,31,9,0,0,0,0,0,0,0,0,0,0,0,0,0,0,0,0,0,0,0,0,0,0,29,0,395,250,334,513,1074,9,356,0,0,0,2,0,0,0,0
0,9,0,2,0,5,0,7,3,13,0,1,0,0,0,0,0,0,0,4,0,12,0,10,0,55,0,0,0,6,0,0,0,3,0,0,0,0,0,0,0,0,0,0,0,0,0,0,0,16,0,16,7,102,3,95,19,0,40,114,0,22,1,21,31,1,41,35,0,0,0,0,0,0,0,0,0,0,0,0,0,0,0,0,0,0,0,0,0,0,0,0,0,0,0,0,0,0,0,0,0,0,0,0,0,0,0,0,0,0,0,0,0,0,0,0,0,0,0,0,0,0,0,0,0,30,0,17,0,31,0,15,0,34,0,30,0,51,0,78,0,0,0,19,0,4,0,0,0,2,0,0,0,0,0,169,0,48,0,162,0,50,0,22,0,5,0,0,0,58,0,414,0,44,0,0,0,0,0,0,0,0,0,0,7,0,0,0,0,0,0,0,0,0,0,0,0,0,0,0,0,0,0,0,0,0,0,0,0,18,0,0,0,0,529,0,0,0,288,88,421,392,12,126,13
0,0,0,0,0,0,2,0,64,123,0,0,1,0,2,0,2,0,0,0,7,0,0,0,6,33,0,0,0,0,0,0,0,0,0,0,11,0,6,4,0,0,0,0,0,0,0,0,20,0,16,0,90,65,11,180,143,40,0,388,82,6,59,47,63,58,145,481,0,0,0,0,0,0,0,0,2,0,0,0,0,0,0,0,0,0,0,0,0,0,0,0,0,0,0,0,0,0,0,0,0,0,0,0,0,0,0,0,0,0,0,0,0,0,0,0,0,0,0,0,0,0,0,0,0,0,7,0,0,0,12,0,0,0,0,0,6,0,2,0,0,0,0,0,3,3,3,0,0,0,0,0,0,0,56,25,101,0,0,13,52,0,0,0,3,0,0,0,38,0,272,0,43,0,0,0,95,7,0,0,0,0,0,0,119,17,0,0,0,0,0,0,0,0,0,0,0,0,0,0,0,0,0,0,0,0,0,0,0,0,604,432,227,286,795,0,163,9,0,3,0,0,0,0,0
0,7,0,6,0,0,0,6,28,15,0,0,0,3,0,8,0,0,0,0,0,0,0,0,0,5,0,0,0,0,0,1,0,0,0,0,0,0,0,22,0,0,0,0,0,0,0,0,0,5,0,4,42,69,29,58,121,114,388,0,0,107,0,49,99,59,256,132,0,1,0,0,0,0,0,0,0,0,0,0,0,0,0,0,0,0,0,0,0,0,0,0,0,0,0,0,0,0,0,0,0,0,0,0,0,0,1,0,0,0,0,0,0,0,0,0,0,0,0,0,0,0,0,0,0,21,0,11,0,0,0,14,0,9,0,0,0,51,21,8,0,0,0,1,21,59,0,0,0,2,1,0,0,0,45,58,0,201,9,23,56,83,0,0,0,5,0,0,0,39,0,143,0,22,0,14,44,0,0,0,0,0,0,0,86,56,0,0,0,0,0,0,0,0,0,0,0,0,0,0,0,0,0,0,0,0,0,0,0,16,0,0,0,0,1025,0,0,0,651,293,357,666,23,164,0
0,0,0,0,0,0,173,0,248,0,0,0,0,0,0,0,13,0,0,0,3,0,0,0,13,0,0,0,0,0,0,0,8,0,0,0,9,0,30,0,0,0,2,0,0,0,0,0,8,0,0,0,60,0,35,0,22,0,82,0,0,0,62,0,0,0,14,0,0,0,4,0,0,0,1,0,0,0,0,0,0,0,0,0,0,0,0,0,0,0,0,0,0,0,0,0,0,0,0,0,0,0,0,0,0,0,0,0,0,0,0,0,0,0,0,0,0,0,0,0,2,0,5,0,0,0,0,0,0,0,0,0,0,0,0,0,26,0,220,0,127,0,77,0,258,0,0,0,1,0,0,0,0,0,35,1,98,0,0,0,0,0,0,0,0,0,0,0,3,0,125,1,76,0,0,0,0,0,0,0,0,0,0,0,0,0,0,0,0,0,0,0,0,0,0,0,0,0,0,0,0,0,0,0,0,0,0,0,0,0,110,183,53,110,125,0,46,0,0,0,0,0,0,0,1
0,0,0,0,0,0,0,71,18,194,0,0,0,0,0,2,0,0,0,7,0,9,0,0,0,12,0,0,0,5,0,0,0,52,0,0,0,53,0,60,0,0,0,6,0,3,0,0,0,1,0,2,0,57,0,35,2,22,6,107,0,0,0,32,0,0,0,27,0,0,0,0,0,0,0,0,0,0,0,0,0,0,0,0,0,0,0,0,0,1,0,0,0,0,0,1,0,0,0,0,0,0,0,0,0,0,0,0,0,0,0,0,0,0,0,0,0,0,0,0,0,1,0,0,0,0,0,0,0,0,0,0,0,0,0,0,0,0,0,60,0,56,0,10,0,251,0,0,0,0,0,0,0,0,0,44,0,125,0,45,0,0,0,4,0,0,0,0,0,8,0,86,0,40,0,0,0,72,0,0,0,0,1,21,0,8,0,0,0,0,0,0,0,0,0,0,0,0,0,0,0,0,0,0,0,0,0,0,0,0,0,0,0,0,59,0,0,1,86,102,69,81,0,27,0
42,21,27,0,0,0,441,14,264,41,0,0,0,0,27,9,334,15,0,0,50,2,25,12,97,30,17,0,8,0,10,0,18,0,0,0,9,0,55,2,0,0,9,0,37,0,0,0,7,0,3,0,26,0,136,11,7,1,59,0,62,0,0,10,0,0,4,5,0,0,0,0,0,0,0,0,0,0,0,0,0,0,0,0,0,1,0,0,0,0,0,0,0,0,0,0,0,0,0,0,0,0,0,0,0,0,0,0,0,0,0,0,0,0,0,0,0,0,0,0,0,0,50,0,0,0,0,0,11,0,1,0,0,0,0,0,167,0,173,0,152,0,255,0,42,0,0,0,0,0,0,0,0,0,77,0,33,0,34,0,0,0,0,0,0,0,1,0,0,0,41,2,41,5,0,0,4,3,0,0,0,0,38,0,3,0,0,0,0,0,0,0,0,0,0,0,0,0,0,0,0,0,0,0,0,0,0,0,0,0,92,191,59,70,115,0,12,2,0,0,0,0,0,0,0
0,9,0,0,0,0,9,42,79,168,0,0,0,0,0,9,0,217,0,11,0,90,0,95,1,19,0,0,0,77,0,12,0,16,0,0,0,16,0,65,0,0,0,0,0,11,0,0,0,0,0,4,10,109,22,97,0,21,47,49,0,32,10,0,0,0,14,19,0,1,0,0,0,0,0,0,0,0,0,0,0,0,0,0,0,22,0,0,0,0,0,0,0,0,0,0,0,0,0,0,0,0,0,0,0,0,0,0,0,0,0,0,0,0,0,0,0,0,0,0,0,0,0,0,0,0,0,0,0,0,0,2,0,0,0,0,0,0,0,37,0,15,0,28,0,31,0,0,0,0,0,0,0,0,0,26,0,32,0,23,0,0,0,0,0,1,0,0,0,4,0,27,0,18,0,0,0,28,0,0,0,0,0,0,0,6,0,0,0,0,0,0,0,0,0,0,0,0,0,0,0,0,0,0,0,0,0,0,0,0,0,0,0,0,79,0,0,0,95,130,29,45,0,11,0
0,0,3,0,3,0,3,0,75,1,0,0,0,0,0,0,0,0,0,0,0,0,0,0,0,0,0,0,0,0,0,0,0,0,0,0,0,0,0,0,0,0,1,0,0,0,0,0,0,0,2,0,0,0,2,6,35,31,63,99,0,0,0,0,0,87,65,28,0,0,0,0,0,0,0,0,0,0,0,0,0,0,0,0,0,0,0,0,0,0,0,0,0,0,0,0,0,0,0,0,0,0,0,0,0,0,0,0,0,0,0,0,0,0,0,0,0,0,0,0,0,0,0,0,17,0,0,0,0,0,35,24,0,0,13,0,0,0,9,27,0,5,0,0,26,17,21,0,6,4,0,0,0,0,1,17,14,3,1,56,348,95,1,0,0,0,0,0,0,0,0,0,0,0,1,7,1,0,0,0,15,3,0,0,349,15,0,0,0,0,0,0,0,0,0,0,0,0,0,0,0,0,0,0,0,0,0,0,0,0,22,26,0,0,34,0,0,0,0,0,0,0,0,0,0
0,19,0,0,0,2,0,0,0,105,0,4,0,0,0,0,0,0,0,0,0,0,0,0,0,0,0,0,0,0,0,0,0,0,0,0,0,0,0,0,0,0,0,0,0,0,0,0,0,0,0,0,0,0,0,0,45,1,58,59,0,0,0,0,87,0,20,333,0,0,0,2,1,0,0,0,0,0,0,0,0,0,0,0,0,0,0,0,0,0,0,0,0,0,0,0,0,0,0,0,0,0,0,0,0,0,0,0,0,0,0,0,0,0,0,0,0,0,0,0,0,0,0,0,0,39,0,0,72,0,145,126,0,0,0,21,0,18,34,9,2,9,1,0,17,36,0,23,34,168,0,50,0,23,8,0,0,12,15,0,159,340,0,0,0,0,0,0,0,0,0,3,0,0,1,69,7,2,0,0,9,27,0,3,90,131,0,0,0,0,0,0,0,0,0,0,0,5,0,0,0,38,0,0,0,0,0,0,0,19,0,0,0,0,78,0,0,0,43,10,19,0,0,0,0
32,0,11,0,0,0,5,10,277,69,0,0,0,0,0,0,0,0,5,0,0,0,0,0,0,9,0,0,0,0,0,0,0,0,0,0,0,0,0,0,5,0,0,0,0,0,0,0,0,0,0,0,16,61,21,145,21,41,145,256,14,0,4,14,65,20,0,236,0,0,0,0,0,0,0,0,0,0,0,0,0,0,0,0,0,0,0,0,0,0,0,0,0,0,0,0,0,0,0,0,0,0,0,0,0,0,0,0,0,0,0,0,0,0,0,0,0,0,0,0,0,0,0,0,7,0,0,0,0,0,22,0,1,0,0,0,0,0,0,0,0,0,0,0,0,0,10,0,14,0,0,0,0,0,0,14,12,0,0,12,44,0,0,0,1,0,4,0,2,0,38,0,4,0,0,0,245,6,0,0,0,0,6,0,517,6,0,0,0,0,0,0,0,0,0,0,0,0,0,0,0,0,0,0,0,0,0,0,0,0,65,83,20,17,45,0,0,0,0,0,0,0,0,0,0
0,10,0,0,0,0,0,0,62,77,0,0,0,0,0,0,0,0,0,2,0,0,0,0,0,0,0,0,0,0,0,0,0,0,0,0,0,0,0,0,0,0,0,0,0,0,0,0,0,0,0,0,52,0,54,4,164,35,481,132,0,27,5,19,28,333,236,0,0,0,0,0,0,0,0,0,0,0,0,0,0,0,0,0,0,0,0,0,0,0,0,0,0,0,0,0,0,0,0,0,0,0,0,0,0,0,0,0,0,0,0,0,0,0,0,0,0,0,0,0,0,0,0,0,0,16,0,0,0,0,0,35,0,0,0,0,0,5,14,0,0,0,0,0,0,26,0,4,0,59,0,4,0,0,28,12,8,44,10,3,46,41,0,3,0,0,0,2,0,8,0,56,0,13,0,39,77,46,0,0,0,0,2,0,72,302,0,0,0,0,0,0,0,0,0,0,0,0,0,0,0,4,0,0,0,0,0,0,0,10,0,1,0,0,178,0,0,0,103,140,50,93,1,34,1
0,0,0,0,0,0,0,0,0,0,0,0,0,0,0,0,0,0,0,0,0,0,0,0,0,0,0,0,0,0,0,0,0,0,0,0,0,0,0,0,0,0,0,0,0,0,0,0,7,0,0,0,0,0,0,0,0,0,0,0,0,0,0,0,0,0,0,0,0,0,0,0,3,0,0,0,217,0,57,0,18,0,110,0,0,0,56,0,47,0,0,0,20,0,27,0,0,0,27,0,19,0,112,0,66,0,50,0,133,0,5,0,0,0,4,0,17,0,0,0,0,0,0,0,0,0,0,0,0,0,0,0,0,0,0,0,0,0,0,0,5,0,0,0,0,0,0,0,0,0,0,0,0,0,0,0,0,0,0,0,0,0,0,0,12,0,0,0,78,0,8,0,0,0,0,0,0,0,0,0,0,2,0,0,0,0,0,0,0,0,0,0,0,0,14,0,0,0,0,0,0,0,0,0,0,0,0,0,0,0,87,4,111,0,30,215,196,3,0,0,0,0,0,0,0
0,0,0,0,0,0,0,1,0,0,0,0,0,0,0,0,0,0,0,0,0,0,0,0,0,0,0,0,0,0,0,0,0,0,0,0,0,0,0,0,0,0,0,0,0,6,0,0,0,1,0,0,0,0,0,0,0,0,0,1,0,0,0,1,0,0,0,0,0,0,0,0,0,1,0,0,0,107,0,0,0,2,0,22,0,0,0,0,0,16,0,0,0,30,0,25,0,0,0,0,0,0,0,112,0,4,0,0,0,12,0,4,0,9,0,0,0,16,0,0,0,0,0,0,0,0,0,0,0,0,0,0,0,0,0,0,0,0,0,0,0,0,0,0,0,0,0,0,0,0,0,0,0,0,0,0,0,0,0,0,0,2,0,0,0,18,0,0,0,63,0,8,0,1,0,0,0,0,0,0,0,0,0,0,0,0,0,2,0,0,0,0,0,0,0,0,0,0,0,0,0,0,0,0,0,0,0,0,0,0,0,0,0,0,6,0,0,0,7,1,38,3,24,143,1
0,0,0,0,1,0,0,0,0,0,0,0,0,0,3,0,34,0,4,0,52,0,0,0,0,0,0,0,16,0,10,0,0,0,5,0,11,0,10,0,0,0,0,0,50,0,0,0,4,0,11,0,0,0,0,0,0,0,0,0,4,0,0,0,0,0,0,0,0,0,0,0,200,0,146,0,0,0,51,0,3,0,0,0,3,0,48,0,0,0,0,0,0,0,0,0,0,0,0,0,0,0,0,0,0,0,0,0,0,0,0,0,0,0,0,0,0,0,0,0,61,0,10,0,22,0,0,0,9,0,8,0,38,0,20,0,44,0,5,0,45,0,60,0,52,0,7,0,2,0,8,0,26,0,0,0,4,0,0,0,0,4,77,0,0,0,3,0,37,0,11,0,28,0,2,0,0,0,0,0,0,0,0,0,1,0,0,0,0,0,0,0,0,0,0,0,0,0,0,0,0,0,0,0,0,0,5,0,0,0,9,0,40,0,0,0,0,0,0,0,0,0,0,0,0
0,0,0,0,0,0,0,0,0,0,0,0,0,0,0,8,0,0,0,0,0,15,0,11,0,0,0,0,0,0,0,0,0,0,0,0,0,4,0,0,0,0,0,0,0,17,0,0,0,0,0,0,0,0,0,0,0,0,0,0,0,0,0,0,0,2,0,0,0,0,0,0,0,98,0,305,0,0,0,10,0,0,0,0,0,6,0,40,0,0,0,0,0,0,0,0,0,0,0,0,0,0,0,0,0,0,0,0,0,0,0,0,0,0,0,0,0,0,0,0,0,9,0,14,0,74,0,0,6,13,4,43,0,56,1,0,0,31,0,22,1,94,0,0,0,109,0,16,0,47,0,0,0,19,0,0,0,0,0,0,0,0,0,51,0,0,0,0,0,22,0,11,0,9,0,0,0,0,0,0,0,29,0,0,0,0,0,0,0,0,0,0,0,0,0,0,0,0,0,0,0,0,0,0,0,0,0,0,0,0,0,0,0,0,5,0,0,0,8,2,36,4,0,0,0
0,0,0,0,0,0,0,0,0,0,0,0,0,0,0,0,0,0,0,0,0,0,0,0,0,0,0,0,0,0,0,0,0,0,0,0,0,0,5,0,0,0,0,0,0,0,0,0,0,0,0,0,0,0,0,0,0,0,0,0,0,0,0,0,0,1,0,0,3,0,200,0,0,0,109,0,22,0,71,0,8,0,2,0,40,0,17,0,0,0,0,0,1,0,1,0,4,0,5,0,0,0,0,0,0,0,0,0,1,0,0,0,0,0,0,0,0,0,0,0,28,0,63,0,20,0,0,0,2,0,2,0,29,0,64,0,73,0,3,0,48,0,111,0,38,0,0,0,0,0,0,0,0,0,0,0,0,0,0,0,0,0,89,0,5,0,0,0,0,0,5,0,0,0,2,0,0,0,0,0,0,0,0,0,0,0,0,0,0,0,0,0,0,0,0,0,0,0,65,0,35,0,0,0,0,0,0,0,17,0,115,0,20,0,16,1,5,0,0,0,0,0,0,0,0
0,0,0,0,0,0,0,0,0,0,0,0,0,0,0,0,0,0,0,0,0,0,0,7,0,12,0,0,0,0,0,0,0,0,0,0,0,0,0,0,0,0,0,0,0,0,0,0,0,0,0,0,0,0,0,0,0,0,0,0,0,0,0,0,0,0,0,0,0,1,0,98,0,0,0,522,0,39,0,54,0,8,0,19,0,26,0,87,0,2,0,0,0,2,0,0,0,2,0,0,0,1,0,0,0,4,0,0,0,0,0,0,0,0,0,0,0,0,0,0,0,26,0,44,0,105,0,59,5,16,0,36,0,67,0,79,0,51,0,28,8,64,1,12,0,49,0,0,0,50,0,14,0,29,0,0,0,0,0,0,0,0,0,94,0,0,0,0,0,23,0,9,0,1,0,7,0,0,0,0,0,18,0,0,0,12,0,0,0,0,0,0,0,30,0,2,0,0,0,0,0,20,0,54,0,8,0,64,0,0,0,0,0,0,9,0,0,0,85,0,34,4,2,2,0
0,0,0,0,0,0,0,0,0,0,0,0,0,0,0,0,27,0,0,0,28,0,5,0,0,0,0,0,6,0,5,0,5,0,0,0,11,0,0,0,0,0,7,0,24,0,0,0,3,0,0,0,0,0,1,0,2,0,0,0,1,0,0,0,0,0,0,0,0,0,146,0,109,0,0,0,19,0,72,0,2,0,0,0,27,0,28,0,0,0,0,0,0,0,0,0,1,0,1,0,0,0,0,0,0,0,0,0,0,0,0,0,0,0,0,0,0,0,0,0,26,0,35,0,0,3,0,0,2,0,0,2,19,0,40,0,32,0,0,0,22,0,49,0,28,0,0,0,3,0,0,0,15,0,0,0,5,0,0,0,0,0,28,0,6,0,0,0,32,0,2,0,11,0,0,0,0,0,0,0,6,0,0,0,0,0,0,0,0,0,0,0,0,0,0,0,0,0,0,0,11,0,0,0,0,0,28,0,0,0,70,0,26,0,22,0,7,0,2,0,0,0,0,0,0
0,0,0,0,0,0,0,0,0,0,0,0,0,0,0,15,0,0,0,0,0,0,0,14,0,0,0,0,0,0,0,0,0,0,0,0,0,0,0,0,0,0,0,4,0,0,0,0,0,0,0,6,0,0,0,0,0,0,0,0,0,0,0,0,0,0,0,0,0,0,0,305,0,522,0,0,0,10,0,98,0,7,0,0,0,43,0,189,0,0,0,0,0,0,0,0,0,0,0,0,0,0,0,0,0,0,0,0,0,0,0,0,0,0,0,0,0,0,0,0,0,94,0,67,6,112,0,85,12,9,0,26,0,92,0,53,0,89,1,19,0,90,3,50,0,219,0,38,0,53,0,0,0,51,0,0,0,0,0,0,0,0,0,86,0,0,0,0,0,66,0,9,0,0,0,5,0,0,0,0,0,0,0,0,0,17,0,0,0,0,0,0,0,0,0,0,0,0,0,0,0,7,0,0,0,0,0,0,0,0,0,0,0,0,13,0,0,0,55,5,39,0,4,3,0
0,0,0,0,0,0,0,0,0,0,0,0,0,0,0,0,0,0,0,0,0,0,0,0,0,0,0,0,0,0,0,0,0,0,0,0,0,0,0,0,0,0,0,0,0,0,0,0,6,0,0,0,0,0,0,0,0,0,2,0,0,0,0,0,0,0,0,0,217,0,0,0,22,0,19,0,0,0,100,0,27,0,71,0,46,0,101,0,19,0,14,0,18,0,11,0,18,0,15,0,0,0,72,0,70,0,22,0,38,0,3,0,0,0,8,0,11,0,0,0,0,0,0,0,0,0,0,0,0,0,2,0,0,5,0,1,0,0,0,0,0,0,55,0,0,0,3,0,0,0,0,0,6,0,0,0,0,0,0,0,0,0,7,0,14,0,0,0,57,0,0,0,0,0,0,0,0,0,0,0,0,0,0,0,0,0,0,0,71,0,0,0,0,0,19,0,0,0,0,0,74,0,115,0,0,0,0,0,0,0,59,0,46,0,23,43,39,0,0,0,0,0,0,0,0
0,0,0,0,0,0,0,0,0,0,0,0,0,0,0,0,0,0,0,0,0,0,0,5,0,0,0,0,0,0,0,0,0,0,0,0,0,0,0,0,0,0,0,0,0,5,0,0,0,0,0,0,0,0,0,0,0,0,0,0,0,0,0,0,0,0,0,0,0,107,0,0,0,39,0,10,0,0,0,1,0,44,0,211,0,13,0,112,0,60,0,0,0,120,0,92,0,0,0,0,0,21,0,37,0,0,0,0,0,4,0,0,0,0,0,0,0,5,0,0,0,7,0,0,0,0,0,0,0,0,0,0,0,0,0,0,0,0,0,0,0,0,0,0,0,0,0,0,0,0,0,0,0,0,0,0,0,0,0,0,0,4,0,12,0,21,0,0,0,107,0,0,0,0,0,0,0,0,0,0,0,0,0,0,0,0,0,0,0,0,0,0,0,0,0,0,0,0,0,0,0,0,0,0,0,0,0,0,0,0,0,0,0,0,0,0,0,0,54,0,46,0,8,6,1
0,0,0,0,0,0,0,0,0,0,0,0,0,0,0,0,0,0,0,0,0,0,0,0,0,0,0,0,0,0,0,0,0,0,0,0,0,0,4,0,0,0,0,0,0,0,0,0,0,0,0,0,0,0,0,0,0,0,0,0,0,0,0,0,0,0,0,0,57,0,51,0,71,0,72,0,100,0,0,0,50,0,38,0,102,0,142,0,0,0,0,0,14,0,0,0,9,0,17,0,0,0,19,0,0,0,0,0,14,0,1,0,0,0,3,0,5,0,0,0,33,0,86,0,0,0,0,0,0,0,0,0,0,0,0,0,0,0,0,1,0,0,80,0,0,0,0,0,0,0,0,0,0,0,0,0,0,0,0,0,0,0,9,0,2,0,0,0,26,0,0,0,0,0,0,0,0,0,0,0,0,0,0,0,0,0,0,0,0,0,0,0,33,0,0,0,18,0,73,0,53,0,59,0,62,0,0,0,9,0,89,2,40,0,23,9,5,0,0,0,0,0,0,0,0
