0,1014,46,296,82,72,41,207,94,62,195,84,124,0,15,147,0,75,0,0,0,0,15,394,7,384,0,0,52,0,7,0,87,0,0,0,77,3,377,0,16,0,0,0,0,0,21,0,1,0,0,0,0,5,0,3,0,0,23,0,144,19,44,37,102,0,34,0,0,0,0,0,0,0,0,0,0,0,0,0,0,0,0,0,0,0,0,0,0,0,0,0,0,0,0,0,0,0,0,0,0,0,0,0,0,0,0,0,0,0,0,0,0,0,0,0,0,0,0,0,0,0,0,0,22,0,25,0,0,0,26,0,0,0,0,0,0,0,0,0,0,0,0,0,0,0,48,0,91,0,87,0,17,0,0,0,0,0,0,0,4,0,0,0,14,0,10,0,36,0,45,0,189,0,11,0,330,204,8,10,9,0,68,0,69,0,0,0,0,0,0,0,0,0,0,0,0,0,0,0,0,0,0,0,0,0,0,0,13,0,671,86,266,89,308,0,0,0,0,0,5,0,0,0,0
1014,0,360,59,53,211,330,81,187,55,0,177,0,67,0,40,93,2,0,60,10,0,283,5,608,35,0,117,0,57,0,0,0,74,0,0,0,160,7,335,0,40,0,0,0,6,0,47,0,0,0,0,13,27,25,7,0,0,0,3,0,352,34,158,0,115,0,21,0,0,0,0,0,0,0,0,0,0,0,0,0,0,0,0,0,0,0,0,0,0,0,0,0,0,0,9,0,0,0,22,0,0,0,0,0,0,0,0,0,0,0,0,0,0,0,0,0,0,0,0,0,11,0,0,0,58,0,14,0,0,0,67,0,0,0,0,0,0,0,0,0,0,0,0,0,0,0,25,0,71,6,40,0,74,0,0,0,0,0,4,0,18,0,2,0,0,0,0,0,17,0,32,1,171,0,6,60,566,1,21,0,36,24,38,0,117,0,0,0,0,0,0,0,0,0,0,0,0,0,0,0,0,0,0,0,0,0,11,0,16,0,2,0,0,370,0,0,0,1004,138,376,183,3,24,0
46,360,0,138,281,118,144,0,11,0,43,156,115,0,199,148,37,15,84,0,18,0,469,208,116,75,39,0,239,0,62,0,262,0,0,0,70,0,616,0,15,0,0,0,0,0,33,0,3,0,0,0,5,0,173,0,9,0,17,0,93,6,53,5,17,2,0,1,0,0,0,0,0,0,0,0,0,0,0,0,0,0,0,0,0,0,12,0,0,0,0,0,0,0,0,0,0,0,0,0,0,0,0,0,64,0,0,0,0,0,0,0,0,0,0,0,0,0,0,0,0,1,0,0,55,0,91,0,0,0,62,0,11,0,168,0,21,0,0,0,0,0,0,0,0,0,67,0,76,0,223,0,12,0,0,0,0,0,0,0,0,0,7,0,0,0,0,0,91,0,59,0,350,0,0,0,55,72,0,16,15,0,5,0,18,0,0,0,0,0,0,0,3,0,0,0,0,0,0,0,29,0,0,0,0,0,0,1,169,0,742,66,460,184,440,2,13,0,11,0,0,0,0,0,0
296,59,138,0,0,127,0,82,9,0,43,11,0,0,0,314,63,34,0,239,6,42,177,158,55,204,0,84,0,205,0,9,0,296,1,0,0,156,12,644,0,0,0,0,0,0,0,0,0,0,0,0,0,0,0,110,0,18,0,0,0,120,0,53,0,27,0,7,0,0,0,1,0,0,0,0,0,0,0,0,0,0,0,0,0,0,0,0,0,0,0,0,0,0,0,0,0,0,0,0,0,0,0,0,0,0,0,43,0,0,0,0,0,0,0,0,0,0,0,0,0,0,0,0,0,100,0,0,0,0,0,134,0,0,0,180,0,80,0,0,0,0,0,42,0,0,0,29,0,57,0,59,0,3,0,0,0,0,0,0,0,0,0,3,0,5,1,19,1,10,0,15,3,143,0,0,22,39,0,0,0,0,0,0,0,1,0,0,0,0,0,0,0,0,0,1,0,0,0,0,0,32,0,0,0,1,0,64,0,155,0,0,3,0,216,0,0,0,460,31,305,57,0,0,0
82,53,281,0,0,520,21,0,30,0,73,369,370,174,183,386,11,0,73,156,108,38,110,93,6,0,129,44,78,0,190,6,420,0,218,0,425,0,98,0,128,0,0,0,28,0,142,0,1,0,114,0,0,0,0,0,0,0,0,0,0,0,0,0,69,0,0,0,2,0,0,0,7,0,0,0,0,0,0,0,0,0,0,0,0,0,0,0,0,0,0,0,0,0,0,0,0,0,0,0,0,0,0,0,0,0,0,0,0,0,0,0,0,0,0,0,0,0,0,0,0,0,0,0,26,0,36,0,0,0,29,0,0,0,50,0,0,0,0,0,0,0,0,0,0,0,43,0,94,0,167,0,37,0,0,0,0,0,1,0,0,0,6,0,28,0,192,0,219,0,20,0,252,0,39,0,197,146,75,17,40,0,56,0,93,0,0,2,0,0,0,0,0,0,0,0,0,0,0,0,0,0,0,0,0,0,0,0,47,0,1159,345,807,157,391,0,0,0,38,0,19,1,0,1,0
72,211,118,127,520,0,0,53,0,25,361,214,280,59,462,329,34,6,150,244,259,110,263,250,0,31,0,245,0,43,10,91,12,342,0,149,0,292,1,81,0,75,0,0,0,13,0,114,0,4,11,62,0,0,0,0,0,0,0,0,0,0,0,7,0,52,0,1,0,0,0,0,0,0,0,0,0,0,0,0,0,0,0,0,0,0,0,0,0,0,0,0,0,0,0,0,0,0,0,0,0,0,0,0,0,8,0,0,0,0,0,0,0,0,0,0,0,0,0,0,0,0,0,0,0,48,0,0,0,0,0,0,0,0,0,55,0,0,0,0,0,0,0,0,0,0,0,26,0,74,0,45,0,0,0,0,0,0,0,0,0,0,0,0,0,25,0,214,0,145,0,29,0,205,0,14,91,285,66,19,0,27,0,0,0,51,0,0,0,7,0,0,0,0,0,0,0,0,0,0,0,0,0,6,0,0,0,20,0,34,0,0,28,0,278,0,0,0,1142,231,673,85,0,0,0
41,330,144,0,21,0,0,0,80,378,14,0,11,0,0,0,4,18,0,0,0,0,20,0,184,143,0,0,4,0,0,0,0,0,0,0,0,0,73,0,0,0,0,0,4,0,0,0,35,0,0,0,127,50,214,89,45,2,91,0,340,0,303,73,39,0,26,0,0,0,0,0,0,0,0,0,1,0,0,0,0,0,0,0,0,0,0,0,0,0,0,0,0,0,0,0,0,0,0,0,0,0,0,0,0,0,0,0,0,0,0,0,0,0,0,0,0,0,0,0,0,0,0,0,131,0,131,0,0,0,171,0,13,0,22,0,0,0,0,0,0,0,7,0,0,0,86,0,71,0,131,0,0,0,5,0,18,0,0,0,23,0,18,0,23,0,0,0,65,0,189,0,53,0,0,0,0,31,0,0,0,0,2,0,0,0,0,0,0,0,0,0,0,0,0,0,0,0,0,0,0,0,0,0,0,0,0,0,59,0,1064,251,934,358,724,0,200,6,0,0,0,0,0,0,0
207,81,0,82,0,53,0,0,338,27,0,0,0,0,0,17,0,15,0,0,0,18,0,8,151,345,0,0,0,21,0,0,0,0,0,0,0,0,0,109,0,0,0,0,0,0,0,2,0,0,0,0,42,86,54,492,0,84,0,46,0,176,37,366,0,43,0,84,0,0,0,0,0,0,0,0,0,0,0,0,0,0,0,0,0,0,0,0,0,0,0,0,0,0,0,0,0,0,0,0,0,0,0,0,0,0,0,0,0,0,0,0,0,0,0,0,0,0,0,0,0,0,0,0,0,195,0,10,0,0,0,275,0,0,0,0,0,0,0,0,0,0,0,0,0,0,0,21,0,37,0,22,0,0,0,21,0,37,0,0,0,62,0,11,0,13,0,8,0,65,0,111,0,181,0,0,0,22,0,0,0,0,4,0,0,1,0,0,0,0,0,0,0,0,0,0,0,0,0,0,0,0,0,0,0,0,0,20,0,37,0,0,0,0,901,0,0,0,1042,156,1049,630,0,115,0
94,187,11,9,30,0,80,338,0,1316,23,0,20,0,19,0,0,45,15,0,0,0,0,4,0,226,5,0,2,0,0,0,0,0,1,0,2,0,0,0,3,0,0,0,0,0,5,0,5,0,3,0,42,67,69,301,0,49,429,166,107,0,36,111,433,4,400,161,0,0,0,0,0,0,0,0,0,0,0,0,0,0,0,0,0,0,0,0,0,0,0,0,0,0,0,0,0,0,0,0,0,0,0,0,0,0,0,0,0,0,0,0,0,0,0,0,0,0,0,0,0,0,0,0,35,0,18,0,0,0,25,0,0,0,0,0,0,0,0,0,0,0,0,0,0,0,57,0,134,0,84,0,5,0,5,0,13,0,0,0,5,0,0,0,0,0,0,0,8,0,24,0,8,0,0,0,18,93,2,0,0,0,23,0,251,30,0,0,0,0,0,0,0,0,0,0,0,0,0,0,0,0,0,0,0,0,0,0,0,0,252,190,199,100,164,0,37,0,0,0,0,0,0,0,0
62,55,0,0,0,25,378,27,1316,0,0,94,0,4,0,4,0,0,0,0,0,0,0,0,125,0,0,28,0,0,0,0,0,0,0,0,0,0,0,0,0,0,0,0,0,0,0,0,0,0,0,0,146,59,338,31,22,11,123,330,0,42,11,35,0,376,48,236,0,1,0,0,0,0,0,0,0,0,0,0,0,0,0,0,0,0,0,0,0,0,0,0,0,0,0,0,0,0,0,0,0,0,0,0,0,0,0,0,0,0,0,0,0,0,0,0,0,0,0,0,0,0,0,0,0,47,0,3,0,0,0,128,0,0,0,0,0,0,0,0,0,0,0,0,0,0,0,15,0,106,3,13,0,14,2,15,0,50,0,2,0,59,0,0,0,0,0,0,0,14,0,0,0,12,0,0,1,359,0,4,0,0,0,18,28,168,0,0,0,0,0,0,0,0,0,0,0,0,0,0,1,1,0,0,0,0,0,0,0,6,0,0,0,0,350,0,0,0,596,174,224,265,0,34,0
195,0,43,43,73,361,14,0,23,0,0,202,241,0,11,393,13,0,22,59,15,11,9,90,0,0,15,0,34,0,77,0,298,0,36,0,271,0,37,0,31,0,0,0,8,0,44,0,2,0,6,0,0,0,2,0,0,0,2,0,0,0,0,0,38,0,0,0,0,0,0,0,0,0,0,0,0,0,0,0,0,0,0,0,0,0,0,0,0,0,0,0,0,0,0,0,0,0,0,0,0,0,0,0,0,0,0,0,0,0,0,0,0,0,0,0,0,0,0,0,0,0,0,0,0,0,0,0,0,0,11,0,0,0,0,0,1,0,0,0,0,0,0,0,0,0,20,0,52,0,54,0,41,0,0,0,0,0,0,0,0,0,2,0,3,0,68,0,101,0,8,0,114,0,81,0,326,114,132,0,78,0,79,0,57,0,8,0,0,0,0,0,0,0,0,0,0,0,0,0,0,0,0,0,0,0,0,0,4,0,621,221,334,0,153,0,3,0,11,0,0,0,0,0,0
84,177,156,11,369,214,0,0,0,94,202,0,84,373,409,28,36,20,32,68,170,68,336,104,0,0,9,220,0,50,0,37,5,461,0,24,0,314,0,152,0,241,0,0,0,4,0,177,0,24,0,0,0,0,0,0,0,0,0,0,0,39,0,0,0,51,0,2,0,0,0,0,0,1,0,0,0,0,0,0,0,0,0,0,0,0,0,10,0,0,0,0,0,3,0,0,0,0,0,0,0,0,0,0,0,1,0,0,0,0,0,0,0,0,0,0,0,0,0,0,0,11,0,0,0,7,0,0,0,0,0,14,0,0,0,0,0,0,0,0,0,0,0,0,0,0,0,14,0,40,0,18,0,136,0,2,0,5,0,0,0,10,0,0,0,4,0,45,0,25,0,18,0,150,0,109,67,553,27,108,0,173,5,63,0,142,1,0,0,0,0,0,0,0,0,0,0,0,0,0,0,0,0,0,0,0,0,5,0,0,0,0,6,1,159,0,0,0,905,158,269,62,2,0,0
124,0,115,0,370,280,11,0,20,0,241,84,0,694,25,72,0,0,41,542,27,83,0,0,0,0,100,476,0,0,0,4,0,0,183,0,74,0,0,0,370,48,61,28,21,0,288,142,5,0,456,41,0,0,0,0,0,1,0,0,0,0,0,0,0,0,0,0,0,0,0,0,0,0,6,0,0,0,0,0,0,0,0,0,0,0,0,0,0,0,0,0,0,0,0,0,0,0,0,0,14,0,0,0,0,0,0,0,0,0,0,0,0,0,0,0,0,0,0,0,0,0,0,0,0,0,0,0,0,0,0,0,0,0,0,0,0,0,0,0,0,0,0,0,0,0,0,0,27,0,0,0,28,0,0,0,0,0,0,0,0,0,0,0,143,0,86,0,107,17,0,0,10,0,127,0,415,110,256,0,82,0,24,0,43,0,128,12,0,0,0,0,0,0,0,0,0,0,0,0,0,0,0,0,0,0,0,0,0,0,195,500,483,56,61,2,0,1,44,0,83,0,0,0,0
0,67,0,0,174,59,0,0,0,4,0,373,694,0,103,4,0,0,370,82,130,106,0,5,0,0,440,95,0,0,0,38,0,33,48,159,4,147,0,0,167,354,39,130,33,25,106,146,4,46,96,406,0,0,0,0,0,0,0,2,0,0,0,0,0,0,0,0,0,0,0,0,0,0,0,0,0,0,0,0,0,0,0,0,0,0,0,0,0,0,0,0,0,0,0,0,0,0,0,0,1,0,0,0,0,0,0,0,0,0,0,0,0,0,0,0,0,0,0,0,0,0,0,0,0,0,0,0,0,0,0,0,0,0,0,0,0,0,0,0,0,0,0,0,0,0,0,0,0,10,0,0,0,93,0,0,0,0,0,0,0,0,0,0,0,104,0,32,0,132,0,5,0,0,0,101,72,439,0,94,0,147,0,16,0,39,49,65,0,21,0,0,0,0,0,0,0,0,0,0,0,0,0,6,0,15,0,0,0,6,4,0,38,0,85,0,0,0,411,441,426,0,0,0,0
15,0,199,0,183,462,0,0,19,0,11,409,25,103,0,332,28,0,488,149,248,36,464,50,70,0,208,12,13,0,305,8,239,17,168,0,176,4,0,0,0,0,0,0,16,0,21,0,0,0,19,0,0,0,80,0,0,0,0,0,0,0,4,0,12,0,0,0,0,0,0,0,0,0,0,0,0,0,0,0,18,0,0,0,0,0,0,0,0,0,0,0,0,0,0,0,37,0,0,0,0,0,0,0,0,0,139,0,0,0,0,0,0,0,0,0,0,0,0,0,0,0,0,0,0,0,0,0,0,0,0,0,0,0,223,0,143,0,0,0,0,0,169,0,0,0,12,0,39,0,83,0,7,0,0,0,0,0,0,0,2,0,0,0,0,0,173,0,96,0,0,0,85,0,6,0,33,48,9,6,10,1,16,0,31,0,0,0,0,0,0,0,0,0,0,0,0,0,0,0,0,0,0,0,0,0,0,0,102,0,276,109,322,27,97,0,0,0,24,13,12,0,0,0,0
147,40,148,314,386,329,0,17,0,4,393,28,72,4,332,0,52,33,21,713,161,211,336,310,0,135,0,137,0,0,7,18,11,63,8,28,16,87,8,29,0,0,0,0,0,0,0,5,0,0,0,0,1,0,0,49,0,11,0,0,0,16,0,17,0,18,0,0,0,0,0,0,0,0,0,0,0,0,0,0,0,0,0,0,0,0,0,0,0,0,0,0,0,0,0,0,0,0,0,0,0,0,0,0,0,0,0,55,0,0,0,0,0,0,0,0,0,0,0,0,0,0,0,0,0,54,0,0,0,0,0,0,0,0,0,280,0,179,0,12,0,0,0,0,0,0,0,0,0,44,0,17,0,0,0,0,0,0,0,2,0,0,0,0,0,2,0,75,0,15,0,7,4,36,0,0,28,34,33,4,0,0,0,0,0,15,0,0,0,0,0,0,0,0,0,0,0,0,0,0,0,61,0,0,0,4,0,0,0,150,0,0,14,0,37,0,0,0,188,242,80,14,0,0,0
0,93,37,63,11,34,4,0,0,0,13,36,0,0,28,52,0,10,44,0,294,0,94,94,122,25,35,0,225,0,20,0,156,0,4,0,20,3,396,0,0,0,0,0,0,0,0,0,9,0,0,0,74,0,62,0,8,0,0,0,26,1,516,2,0,0,0,0,0,0,4,0,0,0,0,0,0,0,0,0,34,0,0,0,114,0,35,0,0,0,258,0,0,0,0,0,389,0,108,0,150,0,70,0,163,0,466,0,0,0,0,0,0,0,0,0,0,0,0,0,0,0,6,0,0,0,0,0,185,0,0,0,0,0,161,0,706,0,48,0,16,0,485,0,0,0,0,0,0,0,0,0,0,0,30,0,0,0,19,0,8,0,0,0,0,0,13,0,40,0,9,0,63,0,0,0,0,1,0,5,0,0,4,0,0,0,0,0,0,0,0,0,0,0,0,0,0,0,0,0,325,0,0,0,0,0,0,0,22,0,38,125,115,0,32,0,1,0,0,0,1,0,0,0,0
75,2,15,34,0,6,18,15,45,0,0,20,0,0,0,33,10,0,0,124,0,301,31,187,45,88,0,185,0,113,0,32,0,93,0,18,0,13,1,98,0,0,0,24,0,0,0,1,0,0,0,11,5,16,5,17,0,101,0,11,0,18,10,392,0,0,0,0,0,0,0,0,0,0,0,0,0,0,0,0,0,42,0,0,0,29,0,13,0,0,0,23,0,0,0,0,0,25,0,63,0,24,0,25,0,0,0,64,0,0,0,0,0,0,0,0,0,0,0,0,0,0,0,0,0,0,0,0,0,98,0,0,0,193,0,443,0,413,0,110,0,2,0,101,0,0,0,0,0,0,0,0,0,0,0,24,0,0,0,19,0,23,0,0,0,0,0,0,0,0,0,0,0,13,0,0,0,0,0,16,0,0,0,0,0,0,0,0,0,0,0,0,0,0,0,0,0,0,0,0,0,76,0,0,0,0,0,0,0,0,0,0,0,0,5,0,0,0,25,283,14,0,0,0,0
0,0,84,0,73,150,0,0,15,0,22,32,41,370,488,21,44,0,0,215,251,62,380,4,45,0,235,177,8,0,36,0,0,0,298,23,97,13,0,0,7,0,16,16,67,9,48,37,0,1,279,34,0,0,0,0,0,0,0,0,0,0,14,0,0,0,0,0,0,0,0,0,0,0,0,0,0,0,0,0,0,0,0,0,0,0,0,0,0,0,0,0,0,0,0,0,0,0,0,0,0,0,0,0,0,0,0,0,0,0,0,0,0,0,0,0,0,0,0,0,0,0,0,0,0,0,0,0,0,0,0,0,0,0,270,0,0,0,0,0,0,0,0,0,0,0,0,0,17,0,25,0,0,0,1,0,0,0,0,0,0,0,0,0,45,0,32,0,64,9,0,0,0,0,0,0,38,16,0,0,0,0,39,0,34,0,0,2,0,0,0,0,0,0,0,0,0,0,0,0,158,0,0,0,0,0,0,0,0,0,91,275,151,10,0,0,0,0,0,16,32,2,0,0,0
0,60,0,239,156,244,0,0,0,0,59,68,542,82,149,713,0,124,215,0,121,488,0,327,0,93,132,577,0,0,8,123,0,38,50,529,23,303,0,0,0,11,9,95,0,18,0,83,0,4,51,362,0,0,0,0,0,0,0,0,0,0,0,0,0,27,0,0,0,0,0,0,0,0,0,0,0,0,0,0,0,0,0,0,1,0,0,0,0,0,0,0,1,0,0,0,0,0,0,0,0,0,0,0,0,0,0,0,0,0,0,0,0,0,0,0,0,0,0,0,0,0,0,0,0,0,0,0,0,0,0,0,0,0,0,0,0,0,0,0,0,0,0,0,0,0,0,0,0,42,0,26,0,0,0,6,0,0,0,0,0,0,0,0,0,45,0,95,0,104,0,0,0,0,0,10,25,31,24,11,0,0,0,0,0,43,16,2,0,0,0,0,0,0,0,0,0,0,0,0,0,73,0,0,0,0,0,0,0,0,0,0,25,0,51,0,0,0,234,276,250,0,2,3,0
0,10,18,6,108,259,0,0,0,0,15,170,27,130,248,161,294,0,251,121,0,26,259,17,150,0,328,54,56,0,204,7,116,7,111,13,58,6,10,0,0,5,18,15,50,0,0,12,9,0,102,15,6,0,30,0,0,0,0,0,0,0,108,0,0,0,0,0,0,0,56,0,12,0,47,0,39,0,62,0,178,0,0,0,280,0,119,0,65,0,357,0,140,0,81,0,519,0,447,0,271,0,93,0,179,0,560,0,0,0,0,0,0,0,0,0,0,0,0,0,151,0,33,0,0,0,0,0,0,0,0,0,0,0,172,0,337,0,52,0,67,0,390,0,22,0,4,1,2,0,0,0,0,0,0,0,0,0,0,0,0,0,0,0,28,0,59,0,82,0,0,0,22,0,0,0,5,8,3,0,0,0,0,0,0,0,0,0,0,0,0,0,0,0,0,0,0,0,0,0,243,0,0,0,0,0,0,0,48,0,113,217,124,18,24,0,0,0,17,7,7,0,0,0,0
0,0,0,42,38,110,0,18,0,0,11,68,83,106,36,211,0,301,62,488,26,0,0,271,0,37,26,371,0,59,0,51,0,56,13,93,0,32,0,10,0,1,0,65,0,24,0,9,0,1,12,67,0,0,0,0,0,22,0,0,0,0,0,89,0,0,0,0,0,0,0,0,0,0,0,0,0,0,0,0,0,148,0,0,0,73,0,35,0,0,0,0,0,0,0,57,0,0,0,133,0,51,0,0,0,0,0,0,0,0,0,0,0,0,0,0,0,0,0,0,0,28,0,0,0,0,0,0,0,0,0,0,0,212,0,283,0,416,0,236,0,91,0,294,0,0,0,0,0,0,0,0,0,0,0,0,0,0,0,10,0,0,0,0,0,20,0,29,0,59,0,0,0,19,0,0,0,20,0,19,0,0,0,0,0,0,2,6,0,0,0,0,0,0,0,0,0,0,0,0,0,49,0,6,0,0,0,0,0,20,0,0,0,0,41,0,0,0,235,293,100,0,0,0,0
15,283,469,177,110,263,20,0,0,0,9,336,0,0,464,336,94,31,380,0,259,0,0,389,249,20,179,0,126,0,24,0,64,0,7,0,34,5,254,0,0,0,0,0,46,0,0,0,0,0,10,0,12,0,376,0,9,0,0,0,12,0,39,0,0,0,0,1,0,0,0,0,0,0,0,0,0,0,0,0,0,0,0,0,0,0,0,0,0,0,0,0,0,0,0,0,64,0,0,0,9,0,0,0,188,0,235,0,0,0,0,0,0,0,0,0,0,0,0,0,0,0,0,0,0,1,0,0,0,0,0,0,0,0,376,0,387,0,0,0,0,0,323,0,0,0,0,0,0,0,44,0,0,0,3,0,0,0,0,0,0,0,0,1,0,0,5,0,35,0,16,0,152,0,0,0,15,47,0,37,0,0,3,0,0,0,0,0,1,0,0,0,0,0,0,0,0,0,0,0,200,0,0,0,0,0,0,0,168,0,275,151,196,40,173,0,7,0,0,0,0,1,0,0,0
394,5,208,158,93,250,0,8,4,0,90,104,0,5,50,310,94,187,4,327,17,271,389,0,73,108,0,197,0,60,0,14,3,68,0,6,8,38,9,54,0,0,0,11,0,9,0,0,0,0,0,7,0,0,0,51,0,46,0,0,0,22,0,114,0,0,0,0,0,0,0,0,0,0,0,0,0,0,0,0,0,92,0,0,0,50,0,24,0,0,0,32,0,11,0,44,0,0,0,100,0,56,0,40,0,0,0,107,0,0,0,0,0,0,0,0,0,0,0,0,0,0,0,0,0,89,0,0,0,60,0,41,0,111,0,563,0,411,0,85,0,12,0,132,0,0,0,0,0,0,0,0,0,0,0,14,0,0,0,13,0,17,0,0,0,0,0,9,0,0,0,0,3,38,0,0,6,11,0,43,0,3,0,0,0,0,0,0,0,0,0,0,0,0,0,0,0,0,0,0,0,72,0,0,0,0,0,21,0,204,0,0,0,0,25,0,0,0,164,610,40,15,0,0,0
7,608,116,55,6,0,184,151,0,125,0,0,0,0,70,0,122,45,45,0,150,0,249,73,0,257,0,1,40,0,0,0,18,0,0,0,0,0,247,0,0,0,0,0,0,0,0,0,3,0,0,0,47,19,470,11,14,0,0,0,213,19,400,97,0,0,0,0,0,0,0,0,0,0,0,0,0,0,0,0,0,0,0,0,0,0,0,0,0,0,0,0,0,0,0,0,0,0,0,0,0,0,0,0,0,0,0,0,0,0,0,0,0,0,0,0,0,0,0,0,0,0,0,0,0,0,22,0,62,0,59,0,16,0,140,0,256,0,0,0,0,0,149,0,0,0,0,0,4,0,26,0,0,0,15,0,0,0,3,0,7,0,0,0,14,0,0,0,39,0,113,0,146,0,0,0,0,19,0,5,0,0,0,0,0,0,0,0,0,0,0,0,0,0,0,0,0,0,5,0,81,0,0,0,0,0,2,0,79,0,437,112,432,119,336,0,41,0,5,3,0,0,0,0,0
384,35,75,204,0,31,143,345,226,0,0,0,0,0,0,135,25,88,0,93,0,37,20,108,257,0,0,49,0,77,0,7,0,43,0,0,0,23,0,162,0,0,0,0,0,0,0,0,0,0,0,7,10,34,15,510,0,131,0,57,0,199,34,451,0,2,0,0,0,0,0,0,0,8,0,0,0,0,0,0,0,0,0,0,0,0,0,0,0,0,0,0,0,0,0,0,0,0,0,0,0,0,0,0,0,47,0,75,0,0,0,0,0,0,0,0,0,0,0,0,0,0,0,0,0,282,0,114,0,87,0,99,0,127,0,394,0,348,0,33,0,2,0,0,0,0,0,5,0,14,0,47,0,0,0,35,0,18,0,0,0,51,0,4,0,6,0,0,0,30,0,24,0,58,0,0,3,3,0,0,0,0,0,0,0,0,0,0,0,0,0,0,0,0,0,0,0,0,0,0,0,80,0,0,0,0,0,88,0,470,0,0,0,0,174,0,0,0,321,318,334,112,0,21,0
0,0,39,0,129,0,0,0,5,0,15,9,100,440,208,0,35,0,235,132,328,26,179,0,0,0,0,491,49,0,36,0,14,0,171,14,109,4,0,0,6,167,240,40,172,38,108,276,2,0,546,52,0,0,0,0,0,0,0,0,0,0,0,0,11,0,0,0,0,0,76,0,0,0,48,0,0,0,0,0,0,0,0,0,0,0,0,0,0,0,0,0,0,0,0,0,0,0,0,0,0,1,0,0,0,0,0,0,0,0,0,0,0,0,0,0,0,0,0,0,132,0,0,0,0,0,0,0,0,0,0,0,0,0,0,0,0,0,0,0,0,0,0,0,0,0,0,0,20,0,0,0,0,0,5,0,0,0,0,0,0,0,0,0,184,0,29,0,88,0,0,0,18,0,0,0,29,40,14,0,0,0,0,0,0,0,51,19,0,0,0,0,0,0,0,0,0,0,0,0,0,0,0,0,0,0,0,0,0,0,69,524,452,40,23,0,0,0,0,31,54,0,0,0,0
0,117,0,84,44,245,0,0,0,28,0,220,476,95,12,137,0,185,177,577,54,371,0,197,1,49,491,0,0,0,0,21,0,33,27,101,7,0,0,0,291,38,78,456,39,312,154,219,9,102,130,593,0,0,0,0,0,0,0,0,0,0,0,0,0,41,0,0,0,0,0,0,0,0,0,0,0,0,0,0,0,0,0,0,0,80,0,0,0,0,0,0,2,2,0,65,0,0,0,144,0,51,0,0,0,0,0,0,0,0,0,0,0,0,0,0,0,0,0,0,0,0,0,0,0,0,0,19,0,0,0,24,0,0,0,304,0,0,0,0,0,72,0,0,0,0,0,0,0,42,0,25,0,0,0,3,0,4,0,4,0,0,0,0,0,205,0,0,0,145,0,8,0,32,0,0,0,44,0,9,0,0,0,0,0,45,64,0,0,0,0,0,0,0,0,0,0,6,0,0,0,56,0,0,0,0,0,0,0,0,0,0,28,0,58,0,0,0,231,763,645,73,0,0,0
52,0,239,0,78,0,4,0,2,0,34,0,0,0,13,0,225,0,8,0,56,0,126,0,40,0,49,0,0,0,61,0,9,0,46,0,45,0,14,0,0,0,40,0,0,0,0,0,0,0,16,0,6,0,0,0,2,0,0,0,1,0,22,0,0,0,0,0,0,0,6,0,2,0,6,0,0,0,0,0,25,0,0,0,67,0,0,0,0,0,58,0,0,0,0,0,107,0,72,0,43,0,0,0,0,0,72,0,0,0,0,0,0,0,0,0,0,0,0,0,0,0,10,0,0,0,0,0,47,0,0,0,0,0,0,0,219,0,140,0,41,0,110,0,0,0,0,0,0,0,0,0,0,0,6,0,0,0,13,0,0,0,0,0,0,0,0,0,0,0,0,0,0,0,0,0,0,0,0,0,0,0,7,0,0,0,0,0,0,0,0,0,0,0,0,0,0,0,0,0,57,0,0,0,0,0,0,0,0,0,0,8,0,0,0,0,0,0,0,0,0,0,0,0,0
0,57,0,205,0,43,0,21,0,0,0,50,0,0,0,0,0,113,0,0,0,59,0,60,0,77,0,0,0,0,0,28,0,48,0,43,0,16,0,39,0,0,0,12,0,0,0,0,0,0,0,3,0,10,0,13,0,43,0,11,0,5,0,44,0,0,0,0,0,0,0,0,0,1,0,1,0,0,0,0,0,42,0,0,0,31,0,5,0,5,0,0,0,0,0,0,0,0,0,38,0,0,0,0,0,0,0,33,0,0,0,0,0,0,0,0,0,0,0,0,0,0,0,0,0,0,0,0,0,0,0,0,0,170,0,278,0,344,0,164,0,14,0,131,0,0,0,0,0,0,0,2,0,0,0,10,0,0,0,16,0,0,0,0,0,0,0,0,0,0,0,0,0,3,0,0,0,0,0,16,0,0,0,0,0,0,0,0,0,0,0,0,0,0,0,0,0,0,0,0,0,32,0,0,0,0,0,0,0,28,0,0,0,0,1,0,0,0,3,32,7,0,0,0,0
7,0,62,0,190,10,0,0,0,0,77,0,0,0,305,7,20,0,36,8,204,0,24,0,0,0,36,0,61,0,0,0,15,0,52,0,16,0,17,0,0,0,45,0,11,0,0,0,0,0,49,0,0,0,0,0,0,0,0,0,0,0,62,0,0,0,0,0,0,0,28,0,0,0,0,0,0,0,20,0,0,0,0,0,102,0,37,0,0,0,0,0,59,0,0,0,142,0,130,0,89,0,0,0,0,0,0,0,0,0,0,0,0,0,0,0,0,0,0,0,39,0,23,0,0,0,0,0,0,0,0,0,0,0,0,0,139,0,75,0,66,0,92,0,0,0,0,0,0,0,0,0,0,0,0,0,0,0,0,0,0,0,2,0,0,0,6,0,0,0,0,0,7,0,0,0,8,0,14,0,0,0,2,0,0,0,0,0,0,0,0,0,0,0,0,0,0,0,0,0,38,0,0,0,0,0,0,0,5,0,20,29,11,0,0,0,0,0,0,0,0,0,0,0,0
0,0,0,9,6,91,0,0,0,0,0,37,4,38,8,18,0,32,0,123,7,51,0,14,0,7,0,21,0,28,0,0,0,9,0,25,0,8,0,33,0,0,0,37,0,0,0,0,0,0,0,12,0,0,0,0,0,0,0,0,0,0,0,22,0,0,0,0,0,0,0,0,0,0,0,0,0,0,0,0,0,0,0,0,0,0,0,0,0,0,0,0,0,0,0,0,0,2,0,0,0,0,0,0,0,0,0,0,0,0,0,0,0,0,0,0,0,0,0,0,0,0,0,0,0,0,0,0,0,0,0,0,0,0,0,0,0,54,0,44,0,19,0,54,0,0,0,0,0,0,0,0,0,0,0,0,0,0,0,0,0,0,0,0,0,0,0,10,0,3,0,0,0,0,0,0,0,12,1,12,0,0,0,0,0,0,0,3,0,0,0,0,0,0,0,0,0,0,0,0,0,0,0,0,0,0,0,0,0,0,0,0,1,0,3,0,0,0,19,40,24,0,0,0,0
87,0,262,0,420,12,0,0,0,0,298,5,0,0,239,11,156,0,0,0,116,0,64,3,18,0,14,0,9,0,15,0,0,0,58,0,71,0,15,0,0,0,87,0,12,0,0,0,0,0,90,0,6,0,0,0,0,0,0,0,7,0,27,0,0,0,0,0,0,0,0,0,0,0,0,0,0,0,0,0,0,0,0,0,0,0,0,0,0,0,0,0,0,0,7,0,0,0,0,0,0,0,0,0,0,0,0,0,0,0,0,0,0,0,0,0,0,0,0,0,0,0,0,0,0,0,0,0,0,0,0,0,0,0,0,0,0,0,115,0,26,0,38,0,13,0,0,0,0,0,0,0,0,0,20,0,19,0,9,0,0,0,0,0,0,0,16,0,0,0,0,0,8,0,0,0,37,1,25,0,12,0,26,0,0,0,0,0,0,0,0,0,0,0,0,0,0,0,0,0,0,0,0,0,0,0,0,0,0,0,9,68,11,0,0,0,0,0,0,0,0,0,0,0,0
0,74,0,296,0,342,0,0,0,0,0,461,0,33,17,63,0,93,0,38,7,56,0,68,0,43,0,33,0,48,0,9,0,0,0,207,0,97,0,5,0,0,0,58,0,0,0,0,0,0,0,19,0,13,0,0,0,12,0,0,0,23,0,53,0,20,0,0,0,0,0,0,0,0,0,0,0,0,0,0,0,68,0,11,0,26,0,0,0,0,0,0,0,0,0,0,0,0,0,63,0,0,0,0,0,0,0,0,0,0,0,0,0,0,0,0,0,0,0,0,0,0,0,0,0,0,0,0,0,0,0,0,0,0,0,0,0,128,0,92,0,0,0,75,0,0,0,0,0,29,0,0,0,0,0,0,0,31,0,15,0,0,0,0,0,0,0,3,0,0,0,0,0,5,0,0,0,38,0,175,0,0,0,0,0,12,0,1,0,0,0,0,0,0,0,0,0,0,0,0,0,21,0,0,0,0,0,0,0,0,0,0,0,0,11,0,0,0,38,180,13,0,1,0,0
0,0,0,1,218,0,0,0,1,0,36,0,183,48,168,8,4,0,298,50,111,13,7,0,0,0,171,27,46,0,52,0,58,0,0,0,117,0,0,0,0,0,18,0,5,0,7,0,0,0,55,0,0,0,0,0,0,0,0,0,1,0,0,0,0,0,0,0,0,0,28,0,0,0,23,0,0,0,0,0,55,0,0,0,0,0,24,0,14,0,61,0,0,0,33,0,87,0,97,0,0,0,0,0,0,0,55,0,0,0,0,0,0,0,0,0,0,0,0,0,45,0,0,0,0,0,0,0,0,0,0,0,0,0,0,0,0,0,0,0,0,0,0,0,15,0,0,0,0,0,0,0,5,0,0,0,0,0,0,0,0,0,0,0,26,0,39,0,35,0,0,0,14,0,3,0,0,0,21,0,0,0,0,0,0,0,8,0,0,0,0,0,0,0,0,0,0,0,0,0,0,0,0,0,0,0,0,0,0,0,53,143,97,0,0,0,0,0,4,1,5,0,0,0,0
0,0,0,0,0,149,0,0,0,0,0,24,0,159,0,28,0,18,23,529,13,93,0,6,0,0,14,101,0,43,0,25,0,207,0,0,0,197,0,27,0,0,0,20,5,0,0,0,0,0,0,6,0,0,0,0,0,0,0,0,0,5,0,31,0,0,0,0,0,0,0,0,0,0,0,0,0,0,0,0,0,0,0,0,0,0,0,0,0,0,0,0,0,0,0,0,0,0,0,0,0,0,0,0,0,0,0,0,0,0,0,0,0,0,0,0,0,0,0,0,0,0,0,0,0,0,0,0,0,0,0,0,0,120,0,0,0,151,0,117,0,49,0,90,0,0,0,0,0,0,0,0,0,0,0,0,0,3,0,0,0,0,0,0,0,0,0,18,0,10,0,0,0,0,0,0,0,14,0,0,0,0,0,0,0,0,0,14,0,0,0,0,0,0,0,0,0,0,0,0,0,0,0,0,0,0,0,0,0,0,0,0,0,0,0,0,0,0,46,40,48,0,0,0,0
77,0,70,0,425,0,0,0,2,0,271,0,74,4,176,16,20,0,97,23,58,0,34,8,0,0,109,7,45,0,16,0,71,0,117,0,0,0,87,0,0,0,70,0,39,0,10,0,2,0,49,0,6,0,0,0,0,0,0,0,47,0,18,0,0,0,0,0,0,0,68,0,9,0,47,0,0,0,24,0,62,0,25,0,97,0,44,0,0,0,0,0,0,0,0,0,88,0,173,0,65,0,0,0,0,0,0,0,0,0,0,0,0,0,0,0,0,0,0,0,81,0,0,0,0,0,0,0,33,0,2,0,0,0,0,0,136,0,195,0,131,0,98,0,62,0,0,0,0,0,0,0,3,0,0,0,39,0,13,0,0,0,8,0,17,0,27,0,60,0,30,0,54,0,9,0,30,3,56,0,0,0,18,0,0,0,11,0,0,0,0,0,0,0,0,0,0,0,0,0,0,0,0,0,0,0,0,0,0,0,44,96,62,10,8,0,0,0,3,0,0,0,0,0,0
3,160,0,156,0,292,0,0,0,0,0,314,0,147,4,87,3,13,13,303,6,32,5,38,0,23,4,0,0,16,0,8,0,97,0,197,0,0,0,21,0,0,0,36,0,0,0,0,0,0,0,80,0,4,0,2,0,0,0,0,0,37,0,20,0,5,0,0,0,0,0,0,0,0,0,0,0,0,0,0,0,0,0,0,0,0,0,14,0,0,0,0,0,0,0,0,0,0,0,27,0,0,0,0,0,0,0,0,0,0,0,0,0,0,0,0,0,0,0,0,0,0,0,0,0,0,0,0,0,0,0,0,0,124,0,0,0,160,0,181,0,153,0,155,0,53,0,0,0,0,0,0,0,0,0,0,0,26,0,0,0,0,0,0,0,6,0,37,0,35,0,5,0,49,0,0,0,67,0,169,0,0,0,0,0,0,0,8,0,0,0,0,0,0,0,0,0,0,0,0,0,0,0,0,0,0,0,0,0,0,0,0,0,0,5,1,0,0,21,160,23,4,0,0,0
377,7,616,12,98,1,73,0,0,0,37,0,0,0,0,8,396,1,0,0,10,0,254,9,247,0,0,0,14,0,17,0,15,0,0,0,87,0,0,0,0,0,12,0,3,0,0,0,0,0,3,0,9,0,5,0,0,0,0,0,31,0,47,0,0,0,0,0,0,0,0,0,0,0,0,0,0,0,0,0,24,0,0,0,0,0,14,0,17,0,0,0,0,0,0,0,42,0,34,0,24,0,0,0,0,0,0,0,0,0,0,0,0,0,0,0,0,0,0,0,25,0,0,0,0,0,0,0,0,0,0,0,0,0,0,0,82,0,128,0,36,0,71,0,0,0,0,0,0,0,0,0,0,0,14,0,41,0,0,0,0,0,0,0,0,0,3,0,0,0,4,0,37,0,0,0,14,0,0,0,0,0,25,0,0,0,0,0,0,0,0,0,0,0,0,0,0,0,0,0,0,0,0,0,0,0,0,0,0,0,8,45,4,0,0,0,0,0,0,0,0,0,0,0,0
0,335,0,644,0,81,0,109,0,0,0,152,0,0,0,29,0,98,0,0,0,10,0,54,0,162,0,0,0,39,0,33,0,5,0,27,0,21,0,0,0,0,0,4,0,0,0,0,0,0,0,3,0,11,0,14,0,19,0,0,0,27,0,71,0,0,0,0,0,0,0,0,0,0,0,0,0,0,0,0,0,0,0,0,0,0,0,0,0,0,0,0,0,0,0,0,0,0,0,0,0,0,0,0,0,0,0,0,0,0,0,0,0,0,0,0,0,0,0,0,0,0,0,0,0,0,0,0,0,0,0,0,0,89,0,0,0,80,0,173,0,81,0,36,0,36,0,0,0,17,0,0,0,0,0,9,0,24,0,13,0,0,0,0,0,0,0,4,0,0,0,0,0,6,0,0,0,58,0,51,0,0,0,0,0,0,0,0,0,0,0,0,0,0,0,0,0,0,0,0,0,0,0,0,0,0,0,0,0,0,0,0,0,0,11,0,0,0,29,76,0,0,0,0,0
16,0,15,0,128,0,0,0,3,0,31,0,370,167,0,0,0,0,7,0,0,0,0,0,0,0,6,291,0,0,0,0,0,0,0,0,0,0,0,0,0,337,30,16,25,115,157,542,102,39,37,10,0,0,0,0,0,0,0,0,0,0,0,0,0,0,0,0,0,0,0,0,0,0,0,0,0,0,0,0,0,0,0,0,0,0,0,0,0,0,0,0,0,0,0,0,1,0,0,0,0,0,0,0,0,0,0,0,0,0,0,0,0,0,0,0,0,0,0,0,0,0,0,0,0,0,0,0,0,0,0,0,0,0,0,0,0,0,0,0,0,0,0,0,0,0,0,0,0,0,10,0,0,0,0,0,0,0,0,0,0,0,0,0,35,0,1,0,0,0,0,0,0,0,22,0,43,21,23,0,12,0,3,0,0,0,162,14,0,0,0,0,0,0,0,0,0,0,0,0,0,0,0,0,0,0,0,0,1,0,0,142,44,4,0,0,0,12,0,39,0,0,0,0,0
0,40,0,0,0,75,0,0,0,0,0,241,48,354,0,0,0,0,0,11,5,1,0,0,0,0,167,38,0,0,0,0,0,0,0,0,0,0,0,0,337,0,24,15,66,16,371,94,86,126,29,18,0,0,0,0,0,0,0,0,0,0,0,0,0,6,0,0,0,0,0,0,0,0,0,0,0,0,0,0,0,0,0,0,0,0,0,0,0,0,0,0,0,0,0,0,0,0,0,0,0,0,0,0,0,0,0,0,0,0,0,0,0,0,0,0,0,0,0,0,0,0,0,0,0,0,0,0,0,0,0,0,0,0,0,0,0,0,0,0,0,0,0,0,0,0,0,0,0,0,0,7,0,0,0,0,0,0,0,0,0,0,0,0,0,16,0,0,0,0,0,0,0,0,0,11,0,150,0,14,0,29,0,0,0,0,105,36,0,0,0,0,0,0,0,0,0,0,0,0,0,0,0,0,0,0,0,0,0,0,0,5,0,0,0,0,0,0,0,114,32,3,0,0,23
0,0,0,0,0,0,0,0,0,0,0,0,61,39,0,0,0,0,16,9,18,0,0,0,0,0,240,78,40,0,45,0,87,0,18,0,70,0,12,0,30,24,0,6,118,18,68,76,8,0,24,0,0,0,0,0,0,0,0,0,2,0,0,0,0,0,0,0,0,0,14,0,0,0,0,0,0,0,0,0,0,0,6,0,0,0,0,0,6,0,0,0,0,0,0,0,0,0,42,0,0,0,0,0,0,0,0,0,0,0,0,0,0,0,0,0,0,0,0,0,0,0,0,0,0,0,0,0,0,0,0,0,0,0,0,0,0,0,0,0,0,0,0,0,15,0,0,0,0,0,0,0,0,0,0,0,0,0,0,0,0,0,0,0,29,0,15,0,0,0,0,0,11,0,0,0,3,0,2,0,0,0,0,0,0,0,58,2,0,0,0,0,0,0,0,0,0,0,0,0,0,0,0,0,0,0,0,0,0,0,8,61,68,0,0,0,0,0,0,5,0,0,1,0,0
0,0,0,0,0,0,0,0,0,0,0,0,28,130,0,0,0,24,16,95,15,65,0,11,0,0,40,456,0,12,0,37,0,58,0,20,0,36,0,4,16,15,6,0,0,143,22,88,0,43,6,97,0,6,0,0,0,0,0,0,0,12,0,16,0,0,0,0,0,0,0,0,0,0,0,0,0,0,0,0,0,181,0,0,0,64,0,30,0,0,0,0,0,0,0,54,0,0,0,110,0,0,0,0,0,0,0,0,0,0,0,0,0,0,0,0,0,0,0,0,0,52,0,0,0,0,0,0,0,0,0,0,0,156,0,0,0,190,0,160,0,116,0,251,0,29,0,0,0,0,0,0,0,0,0,0,0,3,0,0,0,0,0,0,0,87,0,22,0,36,0,0,0,21,0,0,0,9,0,0,0,0,0,0,0,0,0,16,0,10,0,0,0,0,0,0,0,0,0,0,0,0,0,0,0,0,0,0,0,0,0,0,0,0,18,0,0,0,47,143,151,13,0,1,0
0,0,0,0,28,0,4,0,0,0,8,0,21,33,16,0,0,0,67,0,50,0,46,0,0,0,172,39,0,0,11,0,12,0,5,5,39,0,3,0,25,66,118,0,0,0,152,90,153,15,127,0,0,0,0,0,7,0,5,0,3,0,0,0,0,0,0,0,7,0,56,0,0,0,0,0,5,0,0,0,0,0,26,0,89,0,54,0,0,0,0,0,0,0,46,0,119,0,0,0,95,0,29,0,0,0,0,0,0,0,0,0,0,0,0,0,0,0,0,0,74,0,0,0,0,0,0,0,13,0,0,0,0,0,0,0,0,0,31,0,57,0,109,0,0,0,0,0,0,0,0,0,0,0,0,0,4,0,0,0,0,0,0,0,156,0,9,0,36,0,5,0,8,0,0,0,17,3,10,0,0,0,2,0,0,0,43,0,0,0,0,0,0,0,0,0,0,0,0,0,0,0,3,0,0,0,0,0,0,0,46,148,275,12,24,3,0,65,0,11,0,0,0,0,0
0,6,0,0,0,13,0,0,0,0,0,4,0,25,0,0,0,0,9,18,0,24,0,9,0,0,38,312,0,0,0,0,0,0,0,0,0,0,0,0,115,16,18,143,0,0,103,181,67,182,11,61,0,0,0,0,0,0,0,0,0,0,0,0,0,0,0,0,0,16,0,5,0,0,0,0,0,6,0,0,0,67,0,35,0,0,0,0,0,20,0,0,0,9,0,89,0,0,0,0,0,29,0,19,0,0,0,0,0,2,0,0,0,0,0,0,0,0,0,0,0,0,0,0,0,0,0,0,0,0,0,0,0,0,0,0,0,0,0,55,0,0,0,118,0,0,0,0,0,2,0,0,0,2,0,0,0,0,0,0,0,0,0,0,0,332,0,14,0,49,0,14,0,19,0,0,0,19,0,0,0,0,0,0,0,0,21,8,0,40,0,0,0,0,0,39,0,0,0,0,0,7,0,0,0,29,0,0,0,0,0,6,2,0,12,0,0,3,24,357,424,8,2,0,64
21,0,33,0,142,0,0,0,5,0,44,0,288,106,21,0,0,0,48,0,0,0,0,0,0,0,108,154,0,0,0,0,0,0,7,0,10,0,0,0,157,371,68,22,152,103,0,497,144,73,45,6,0,0,0,0,0,0,0,0,0,0,0,0,0,0,0,0,0,0,0,0,0,0,0,0,0,0,0,0,0,0,0,0,0,0,0,0,0,0,0,0,0,0,0,0,0,0,0,0,0,0,0,0,0,0,0,0,0,0,0,0,0,0,0,0,0,0,1,0,0,0,0,0,0,0,0,0,0,0,0,0,0,0,0,0,0,0,0,0,0,0,0,0,0,0,6,0,0,0,16,0,0,0,0,0,0,0,0,0,0,0,0,0,49,0,0,0,6,0,0,0,0,0,23,0,39,21,49,0,0,0,17,0,23,0,95,0,0,0,0,0,0,0,0,0,0,0,0,0,0,0,0,0,0,0,0,0,0,0,0,502,151,9,0,0,0,96,0,45,0,0,0,0,0
0,47,0,0,0,114,0,2,0,0,0,177,142,146,0,5,0,1,37,83,12,9,0,0,0,0,276,219,0,0,0,0,0,0,0,0,0,0,0,0,542,94,76,88,90,181,497,0,86,127,70,69,0,0,0,0,0,0,0,0,0,0,0,0,0,33,0,0,0,0,0,0,0,0,0,0,0,0,0,0,0,0,0,0,0,0,0,0,0,0,0,0,0,6,0,0,0,0,0,0,0,5,0,9,0,1,0,0,0,0,0,0,0,0,0,0,0,0,0,0,0,0,0,0,0,0,0,0,0,0,0,0,0,0,0,0,0,0,0,0,0,0,0,0,0,0,0,0,0,21,0,0,0,0,0,0,0,0,0,0,0,0,0,0,0,59,0,0,0,0,0,0,0,0,0,0,0,51,2,0,0,0,0,0,0,6,91,23,0,0,0,0,0,0,0,0,0,0,0,0,0,0,0,0,0,0,0,0,0,0,0,0,0,0,0,0,0,0,23,548,164,0,0,0,43
1,0,3,0,1,0,35,0,5,0,2,0,5,4,0,0,9,0,0,0,9,0,0,0,3,0,2,9,0,0,0,0,0,0,0,0,2,0,0,0,102,86,8,0,153,67,144,86,0,151,2,0,0,0,31,0,23,0,0,0,0,0,1,0,0,0,0,0,9,0,0,0,0,0,3,0,0,0,1,0,9,0,10,0,5,0,6,0,5,0,0,0,14,0,26,0,7,0,11,0,33,0,18,0,14,0,23,0,0,0,0,0,0,0,0,0,0,0,0,0,5,0,0,0,12,0,3,3,3,0,11,0,2,0,6,0,6,0,0,1,0,0,11,0,0,0,4,2,4,2,0,1,12,0,2,0,3,0,0,0,5,0,0,0,8,0,3,0,3,0,1,0,2,0,10,0,81,44,6,0,12,0,0,0,5,0,197,0,49,0,0,0,0,0,11,0,4,0,4,0,10,0,0,0,18,0,6,0,7,0,70,67,124,14,79,7,2,28,0,28,5,2,0,0,3
0,0,0,0,0,4,0,0,0,0,0,24,0,46,0,0,0,0,1,4,0,1,0,0,0,0,0,102,0,0,0,0,0,0,0,0,0,0,0,0,39,126,0,43,15,182,73,127,151,0,0,6,0,0,0,0,0,0,0,0,0,0,0,0,0,0,0,0,0,4,0,0,0,0,0,0,0,0,0,0,0,0,0,0,0,0,0,0,0,0,0,0,0,6,0,0,0,0,0,0,0,0,0,5,0,0,0,0,0,0,0,0,0,0,0,0,0,0,0,0,0,0,0,0,0,0,0,0,0,0,0,0,0,0,0,0,0,0,0,0,0,0,0,0,0,0,0,0,0,1,0,0,0,0,0,0,0,0,0,0,0,0,0,0,0,39,0,4,0,0,0,0,0,0,0,11,0,155,0,13,0,17,0,0,0,0,31,40,0,0,0,0,0,0,0,0,0,0,0,0,0,0,0,1,0,0,0,0,0,0,0,9,0,0,1,0,0,6,7,25,45,0,0,0,25
0,0,0,0,114,11,0,0,3,0,6,0,456,96,19,0,0,0,279,51,102,12,10,0,0,0,546,130,16,0,49,0,90,0,55,0,49,0,3,0,37,29,24,6,127,11,45,70,2,0,0,10,1,0,0,0,0,0,0,0,0,0,0,0,0,0,3,0,11,0,56,0,14,0,17,0,0,0,0,0,37,0,31,0,46,0,41,0,0,0,0,0,20,0,49,0,60,0,90,0,56,0,0,0,0,0,38,0,0,0,0,0,0,0,0,0,0,0,0,0,35,0,0,0,0,0,0,0,0,0,1,0,0,1,0,0,0,0,14,0,19,0,23,0,18,0,0,0,0,0,0,0,0,0,0,0,2,0,0,0,0,0,17,0,113,1,24,0,78,0,15,0,27,0,3,0,21,0,13,0,0,0,0,0,0,0,77,0,26,0,0,0,0,0,15,0,0,0,0,0,0,0,0,0,0,0,0,0,0,0,72,101,133,19,31,0,6,0,0,0,0,0,0,0,0
0,0,0,0,0,62,0,0,0,0,0,0,41,406,0,0,0,11,34,362,15,67,0,7,0,7,52,593,0,3,0,12,0,19,0,6,0,80,0,3,10,18,0,97,0,61,6,69,0,6,10,0,0,0,0,0,0,4,0,0,0,4,0,14,0,0,0,0,0,0,0,13,0,6,0,12,0,0,0,0,0,140,0,29,0,62,0,28,0,9,0,0,0,3,0,46,0,0,0,78,0,33,0,9,0,0,0,0,0,0,0,0,0,0,0,0,0,0,0,0,0,52,0,0,0,0,0,0,0,0,0,0,0,57,0,57,0,84,0,55,0,58,0,173,0,34,0,0,0,0,0,0,0,4,0,5,0,0,0,0,0,0,0,0,0,29,0,52,0,69,0,20,0,44,0,0,3,0,0,0,0,0,0,0,0,0,0,52,0,0,0,0,0,0,0,11,0,0,0,0,0,0,0,0,0,15,0,0,0,0,0,2,0,0,0,0,0,0,47,65,65,11,0,0,0
0,13,5,0,0,0,127,42,42,146,0,0,0,0,0,1,74,5,0,0,6,0,12,0,47,10,0,0,6,0,0,0,6,0,0,0,6,0,9,0,0,0,0,0,0,0,0,0,0,0,1,0,0,5,191,25,147,2,16,10,66,0,133,9,0,0,0,10,0,0,0,0,0,0,0,0,0,0,0,0,0,0,0,0,0,0,0,0,0,0,0,0,0,0,0,0,0,0,0,0,0,0,0,0,0,0,8,0,0,0,0,0,0,0,0,0,0,0,0,0,0,0,0,0,0,0,0,0,149,0,39,0,13,0,0,0,166,0,246,0,0,0,52,0,14,0,0,0,1,0,1,0,0,0,334,0,84,0,123,0,15,0,5,0,9,0,7,0,7,0,31,0,3,0,0,0,0,0,0,0,0,0,27,0,0,0,0,0,0,0,0,0,0,0,0,0,0,0,1,0,17,0,0,0,0,0,0,0,9,0,17,118,164,60,39,0,18,0,0,0,1,0,0,0,0
5,27,0,0,0,0,50,86,67,59,0,0,0,0,0,0,0,16,0,0,0,0,0,0,19,34,0,0,0,10,0,0,0,13,0,0,0,4,0,11,0,0,0,6,0,0,0,0,0,0,0,0,5,0,36,107,1,155,12,16,0,89,1,68,0,0,2,0,0,0,0,0,0,0,0,0,0,0,0,0,0,0,0,0,0,6,0,0,0,0,0,0,0,0,0,0,0,0,0,0,0,0,0,0,0,0,0,0,0,0,0,0,0,0,0,0,0,0,0,0,0,0,0,0,0,55,0,0,0,103,0,21,0,202,0,19,0,165,0,407,0,58,0,25,0,52,0,0,0,0,0,0,0,0,0,240,0,68,0,161,0,18,0,2,0,0,0,0,0,0,0,0,0,0,0,0,0,8,0,0,0,0,0,0,0,0,0,0,0,0,0,0,0,0,0,0,0,0,0,0,0,0,0,0,0,0,0,0,0,5,0,0,0,0,0,0,0,0,9,102,20,18,0,0,0
0,25,173,0,0,0,214,54,69,338,2,0,0,0,80,0,62,5,0,0,30,0,376,0,470,15,0,0,0,0,0,0,0,0,0,0,0,0,5,0,0,0,0,0,0,0,0,0,31,0,0,0,191,36,0,67,115,3,4,9,47,0,83,32,13,0,7,15,0,0,0,0,0,0,0,0,1,0,0,0,0,0,0,0,0,0,0,0,0,0,0,0,0,0,0,0,0,0,0,0,0,0,0,0,0,0,18,0,0,0,0,0,0,0,0,0,0,0,0,0,0,0,0,0,36,0,115,0,64,0,192,0,17,0,68,0,109,0,14,0,0,0,54,0,0,0,23,0,18,0,51,0,0,0,49,0,36,0,17,0,34,0,7,0,16,0,12,0,21,0,112,0,13,0,0,0,0,0,0,0,0,0,0,0,0,0,0,0,0,0,0,0,0,0,0,0,0,0,0,0,0,0,0,0,0,0,0,0,133,0,368,224,582,288,404,0,118,2,0,0,0,0,0,0,0
3,7,0,110,0,0,89,492,301,31,0,0,0,0,0,49,0,17,0,0,0,0,0,51,11,510,0,0,0,13,0,0,0,0,0,0,0,2,0,14,0,0,0,0,0,0,0,0,0,0,0,0,25,107,67,0,0,162,48,127,0,54,4,61,0,1,11,1,0,1,0,0,0,0,0,0,0,1,0,0,0,0,0,0,0,0,0,0,0,0,0,0,0,0,0,0,0,0,0,0,0,0,0,0,0,0,0,0,0,0,0,0,0,0,0,0,0,0,0,0,0,0,0,0,0,136,0,0,0,21,0,116,0,15,2,0,0,24,0,10,0,0,0,1,0,6,0,0,0,7,0,0,0,0,0,23,0,19,0,16,0,22,0,0,0,0,0,0,0,15,0,63,0,0,0,0,0,10,0,0,0,0,0,0,2,0,0,0,0,0,0,0,0,0,0,1,0,0,0,0,0,0,0,0,0,0,0,26,0,95,0,0,0,0,229,0,0,0,189,108,297,250,0,24,0
0,0,9,0,0,0,45,0,0,22,0,0,0,0,0,0,8,0,0,0,0,0,9,0,14,0,0,0,2,0,0,0,0,0,0,0,0,0,0,0,0,0,0,0,7,0,0,0,23,0,0,0,147,1,115,0,0,4,98,63,5,0,21,0,12,77,1,105,1,0,0,0,2,0,0,0,0,0,1,0,0,0,0,0,0,0,1,0,0,0,0,0,0,0,0,0,0,0,0,2,1,0,0,0,0,0,0,0,0,0,0,0,0,0,0,0,0,0,0,0,0,0,0,0,13,0,25,0,51,0,68,0,9,0,11,0,15,0,29,17,0,0,0,0,5,0,4,0,2,3,4,0,0,0,192,23,38,0,41,29,44,24,26,0,0,0,7,0,14,0,58,0,25,0,0,0,0,0,0,0,0,0,0,0,0,0,0,0,0,0,0,0,0,0,0,0,0,0,0,0,0,0,0,0,0,0,0,0,13,0,620,217,732,594,1212,29,174,5,0,0,0,0,0,0,0
0,0,0,18,0,0,2,84,49,11,0,0,1,0,0,11,0,101,0,0,0,22,0,46,0,131,0,0,0,43,0,0,0,12,0,0,0,0,0,19,0,0,0,0,0,0,0,0,0,0,0,4,2,155,3,162,4,0,56,214,0,11,0,104,7,7,16,4,0,3,0,0,0,0,0,0,0,3,0,0,0,0,0,0,0,0,0,0,0,0,0,0,0,0,0,0,0,0,0,0,0,0,0,0,0,0,0,0,0,0,0,0,0,0,0,0,0,0,0,0,0,0,0,0,0,110,0,0,0,39,0,71,0,16,0,0,0,4,0,8,0,0,0,0,1,3,0,0,0,0,0,0,0,0,2,197,0,11,0,55,0,42,0,28,0,2,0,9,0,33,0,122,0,13,0,0,0,0,0,1,0,0,0,0,0,0,0,0,0,0,0,0,0,0,0,0,0,0,0,0,0,0,0,0,0,0,0,3,0,17,2,0,1,0,589,0,0,0,299,64,676,514,28,15,1
23,0,17,0,0,0,91,0,429,123,2,0,0,0,0,0,0,0,0,0,0,0,0,0,0,0,0,0,0,0,0,0,0,0,0,0,0,0,0,0,0,0,0,0,5,0,0,0,0,0,0,0,16,12,4,48,98,56,0,378,15,0,0,0,52,66,336,583,2,0,0,0,0,0,0,0,0,0,0,0,0,0,0,0,0,0,0,0,0,0,0,0,0,0,0,0,0,0,0,0,0,0,0,0,0,0,0,0,0,0,0,0,0,0,0,0,0,0,0,0,0,0,0,0,6,0,1,0,0,0,27,0,0,0,0,0,0,0,0,10,0,0,0,0,0,7,0,0,12,0,0,0,0,0,61,63,62,0,4,32,8,18,0,0,0,0,0,0,2,0,0,0,6,0,0,0,97,0,0,0,5,0,0,0,48,20,0,0,0,0,0,0,0,0,0,0,0,0,0,0,0,0,0,0,0,0,0,0,2,0,1010,1005,325,453,1414,35,148,0,1,0,0,0,0,0,0
0,3,0,0,0,0,0,46,166,330,0,0,0,2,0,0,0,11,0,0,0,0,0,0,0,57,0,0,0,11,0,0,0,0,0,0,0,0,0,0,0,0,0,0,0,0,0,0,0,0,0,0,10,16,9,127,63,214,378,0,0,4,0,7,51,44,222,299,0,0,0,4,0,0,0,0,0,2,0,0,0,0,0,0,0,0,0,0,0,0,0,0,0,0,0,0,0,0,0,0,0,0,0,0,0,0,0,0,0,0,0,0,0,0,0,0,0,0,0,0,0,0,0,0,0,13,0,0,1,0,0,35,0,0,0,1,0,0,10,2,0,0,0,0,0,15,0,0,0,0,0,0,0,0,37,21,1,12,15,8,22,39,0,17,0,0,0,0,0,27,0,55,0,0,0,0,10,0,0,0,5,0,0,0,41,5,0,0,0,0,0,0,0,0,0,0,0,0,0,0,0,0,0,0,0,0,0,1,0,4,0,0,0,0,1677,0,0,0,1486,655,734,857,77,46,0
144,0,93,0,0,0,340,0,107,0,0,0,0,0,0,0,26,0,0,0,0,0,12,0,213,0,0,0,1,0,0,0,7,0,1,0,47,0,31,0,0,0,2,0,3,0,0,0,0,0,0,0,66,0,47,0,5,0,15,0,0,0,83,1,0,0,0,0,0,0,2,0,0,0,4,0,0,0,0,0,0,0,0,0,0,0,0,0,0,0,0,0,0,0,0,0,0,0,0,0,0,0,0,0,0,0,0,0,0,0,0,0,0,0,0,0,0,0,0,0,7,0,0,0,0,0,0,0,0,0,0,0,0,0,0,0,65,0,324,0,70,0,30,0,102,0,0,0,0,0,3,0,0,0,97,0,251,0,16,0,0,0,10,0,6,0,5,0,7,0,136,0,34,0,0,0,0,0,0,0,0,0,81,0,0,0,0,0,0,0,0,0,0,0,0,0,0,0,0,0,0,0,0,0,0,0,0,0,0,0,43,350,35,0,26,0,0,0,0,0,0,0,0,0,0
19,352,6,120,0,0,0,176,0,42,0,39,0,0,0,16,1,18,0,0,0,0,0,22,19,199,0,0,0,5,0,0,0,23,0,5,0,37,0,27,0,0,0,12,0,0,0,0,0,0,0,4,0,89,0,54,0,11,0,4,0,0,0,108,0,0,0,1,0,0,0,0,0,0,0,0,0,0,0,0,0,0,0,0,0,0,0,0,0,0,0,0,0,0,0,0,0,0,0,0,0,0,0,0,0,0,0,0,0,0,0,0,0,0,0,0,0,0,0,0,0,0,0,0,0,0,0,0,0,0,0,5,0,68,0,0,0,47,0,152,0,123,0,22,0,177,0,0,0,0,0,0,0,0,0,15,0,85,0,11,0,0,0,3,0,0,0,0,0,19,0,71,0,115,0,0,0,21,0,8,0,0,0,0,0,1,0,0,0,0,0,0,0,0,0,0,0,0,0,0,0,0,0,0,0,0,0,0,0,0,0,0,0,0,0,0,0,0,6,502,72,17,0,4,0
44,34,53,0,0,0,303,37,36,11,0,0,0,0,4,0,516,10,14,0,108,0,39,0,400,34,0,0,22,0,62,0,27,0,0,0,18,0,47,0,0,0,0,0,0,0,0,0,1,0,0,0,133,1,83,4,21,0,0,0,83,0,0,16,0,0,0,0,0,0,0,0,0,0,0,0,0,0,0,0,0,0,0,0,0,0,0,0,0,0,0,0,0,0,0,0,0,0,0,0,0,0,0,0,0,0,0,0,0,0,0,0,0,0,0,0,0,0,0,0,0,0,19,0,0,0,0,0,134,0,0,0,0,0,7,0,346,2,275,0,0,0,104,0,19,0,0,0,0,0,0,0,0,0,138,0,62,0,54,0,6,0,0,0,0,0,0,0,0,0,0,0,1,0,0,0,0,0,0,0,0,0,38,0,0,0,0,0,0,0,0,0,0,0,0,0,0,0,0,0,0,0,0,0,0,0,0,0,0,0,7,86,0,7,0,0,0,0,0,0,0,0,0,0,0
37,158,5,53,0,7,73,366,111,35,0,0,0,0,0,17,2,392,0,0,0,89,0,114,97,451,0,0,0,44,0,22,0,53,0,31,0,20,0,71,0,0,0,16,0,0,0,0,0,0,0,14,9,68,32,61,0,104,0,7,1,108,16,0,0,0,0,0,0,0,0,0,0,0,0,0,0,0,0,0,0,0,0,0,0,0,0,0,0,0,0,0,0,0,0,0,0,0,0,0,0,0,0,0,0,0,0,0,0,0,0,0,0,0,0,0,0,0,0,0,0,0,0,0,0,0,0,0,0,87,0,0,0,210,2,66,0,205,0,310,0,47,0,48,0,29,0,0,0,0,0,0,0,0,0,69,0,22,0,62,0,16,0,0,0,0,0,0,0,3,0,0,0,0,0,0,0,12,0,1,0,0,0,0,0,0,0,0,0,0,0,0,0,0,0,0,0,0,0,0,0,0,0,0,0,0,0,0,0,0,0,0,0,0,0,0,0,0,5,295,0,7,0,0,0
102,0,17,0,69,0,39,0,433,0,38,0,0,0,12,0,0,0,0,0,0,0,0,0,0,0,11,0,0,0,0,0,0,0,0,0,0,0,0,0,0,0,0,0,0,0,0,0,0,0,0,0,0,0,13,0,12,7,52,51,0,0,0,0,0,155,108,58,0,0,45,0,20,0,37,0,0,0,0,0,0,0,0,0,0,0,0,0,0,2,0,0,0,0,0,0,0,1,0,0,0,2,0,0,0,0,0,0,0,0,0,0,0,0,0,0,0,0,0,0,0,0,0,0,8,0,9,0,0,0,76,0,0,0,0,0,0,0,65,67,32,34,0,0,93,12,28,0,80,52,32,0,0,0,4,32,3,0,1,81,218,265,0,0,0,0,0,0,0,4,2,0,2,0,13,0,32,0,0,0,177,24,0,0,169,7,0,0,0,0,0,0,0,0,0,0,0,0,0,0,0,0,0,0,0,0,0,0,1,0,74,0,0,0,45,0,0,0,0,0,0,0,0,0,0
0,115,2,27,0,52,0,43,4,376,0,51,0,0,0,18,0,0,0,27,0,0,0,0,0,2,0,41,0,0,0,0,0,20,0,0,0,5,0,0,0,6,0,0,0,0,0,33,0,0,0,0,0,0,0,1,77,7,66,44,0,0,0,0,155,0,49,107,0,0,0,35,0,6,0,33,0,0,0,0,0,30,0,0,0,6,0,22,0,0,0,0,0,0,0,0,0,1,0,8,0,4,0,0,0,0,0,3,0,0,0,0,0,0,0,0,0,0,0,0,0,30,0,6,0,47,0,0,12,0,72,58,0,0,0,0,0,1,56,58,0,57,0,0,16,97,3,66,16,221,0,23,2,19,9,0,2,0,21,2,205,232,0,13,0,0,0,0,0,12,0,0,0,0,3,25,4,1,0,2,45,128,0,0,50,105,0,0,0,0,0,0,0,0,0,1,0,0,0,0,0,0,0,0,0,0,0,3,1,0,0,0,0,0,113,0,0,0,101,68,64,0,0,0,0
34,0,0,0,0,0,26,0,400,48,0,0,0,0,0,0,0,0,0,0,0,0,0,0,0,0,0,0,0,0,0,0,0,0,0,0,0,0,0,0,0,0,0,0,0,0,0,0,0,0,3,0,0,2,7,11,1,16,336,222,0,0,0,0,108,49,0,227,0,0,0,0,0,0,0,0,0,0,0,0,0,0,0,0,0,0,0,0,0,0,0,0,0,0,0,0,0,0,0,0,0,0,0,0,0,0,0,0,0,0,0,0,0,0,0,0,0,0,0,0,0,1,0,0,0,0,0,0,0,0,5,0,0,0,0,0,0,0,0,9,0,1,0,0,4,0,0,0,4,0,0,0,0,0,2,20,3,0,2,17,27,0,0,0,0,0,0,0,0,0,0,0,0,0,0,0,132,0,0,0,13,0,2,0,242,8,0,0,0,0,0,0,0,0,0,0,0,0,0,0,0,0,0,0,0,0,0,0,0,0,17,34,3,0,22,0,0,0,0,0,0,0,0,0,0
0,21,1,7,0,1,0,84,161,236,0,2,0,0,0,0,0,0,0,0,0,0,1,0,0,0,0,0,0,0,0,0,0,0,0,0,0,0,0,0,0,0,0,0,0,0,0,0,0,0,0,0,10,0,15,1,105,4,583,299,0,1,0,0,58,107,227,0,0,0,0,1,0,0,0,0,0,0,0,0,0,0,0,0,0,0,0,0,0,0,0,0,0,0,0,0,0,0,0,0,0,0,0,0,0,0,0,0,0,0,0,0,0,0,0,0,0,0,0,0,0,0,0,0,0,11,0,0,0,0,0,21,0,0,0,0,0,0,0,0,0,0,0,0,4,7,0,4,0,22,0,1,0,0,36,2,2,0,21,3,49,40,0,3,0,0,0,0,0,1,0,0,0,0,0,10,12,4,0,0,4,2,0,0,50,242,0,0,0,0,0,0,0,0,0,0,0,0,0,0,0,0,0,0,0,0,0,0,0,0,0,0,1,0,44,0,0,0,108,159,19,38,0,0,0
0,0,0,0,2,0,0,0,0,0,0,0,0,0,0,0,0,0,0,0,0,0,0,0,0,0,0,0,0,0,0,0,0,0,0,0,0,0,0,0,0,0,0,0,7,0,0,0,9,0,11,0,0,0,0,0,1,0,2,0,0,0,0,0,0,0,0,0,0,0,0,0,9,0,0,0,55,0,18,0,0,0,30,0,0,0,19,0,50,0,7,0,76,0,58,0,0,0,24,0,33,0,208,0,0,0,53,0,65,0,0,0,19,0,12,0,4,0,0,0,0,0,0,0,0,3,3,0,0,0,0,0,0,0,0,0,0,0,0,0,0,3,0,0,0,0,0,0,0,0,0,0,0,0,0,0,0,0,0,0,0,0,0,0,43,0,0,0,116,0,0,0,0,0,0,0,0,0,0,0,0,0,0,0,0,0,0,0,21,0,2,0,0,0,15,0,0,0,0,0,0,0,0,0,0,0,0,0,0,0,87,6,63,1,1,113,33,4,0,0,0,0,0,0,0
0,0,0,0,0,0,0,0,0,1,0,0,0,0,0,0,0,0,0,0,0,0,0,0,0,0,0,0,0,0,0,0,0,0,0,0,0,0,0,0,0,0,0,0,0,16,0,0,0,4,0,0,0,0,0,1,0,3,0,0,0,0,0,0,0,0,0,0,0,0,0,0,0,3,0,0,0,44,0,0,0,0,0,26,0,0,0,3,0,42,0,0,0,21,0,39,0,0,0,0,0,4,0,168,1,0,0,0,0,37,0,8,0,16,0,0,0,0,0,0,0,0,0,0,0,0,0,0,0,0,0,0,0,0,0,0,0,0,0,0,0,1,0,0,0,0,0,0,0,2,0,0,0,0,0,0,0,3,0,0,0,0,0,0,0,57,0,0,0,20,0,0,0,2,0,0,0,0,0,0,0,6,0,0,0,0,0,0,0,15,0,0,0,0,0,14,1,0,0,4,0,0,0,5,0,5,0,0,0,0,0,0,0,0,3,0,0,0,35,11,40,0,14,6,1
0,0,0,0,0,0,0,0,0,0,0,0,0,0,0,0,4,0,0,0,56,0,0,0,0,0,76,0,6,0,28,0,0,0,28,0,68,0,0,0,0,0,14,0,56,0,0,0,0,0,56,0,0,0,0,0,0,0,0,0,2,0,0,0,45,0,0,0,0,0,0,0,305,0,244,0,11,0,217,0,21,0,6,0,0,0,38,0,0,0,0,0,0,0,0,1,0,0,0,0,0,0,0,0,0,0,0,0,0,0,0,0,0,0,0,0,0,0,0,0,21,0,10,0,45,0,0,0,13,0,47,0,27,1,0,0,118,0,36,21,104,11,50,0,59,0,0,0,77,0,27,0,0,8,0,0,9,0,0,7,37,0,54,0,0,0,47,0,28,0,56,0,67,0,0,0,0,0,0,0,54,20,0,0,42,0,1,0,0,0,0,0,0,0,0,0,0,0,0,0,0,0,0,0,0,0,0,0,41,0,15,0,23,0,2,0,0,0,0,0,0,0,0,0,0
0,0,0,1,0,0,0,0,0,0,0,0,0,0,0,0,0,0,0,0,0,0,0,0,0,0,0,0,0,0,0,0,0,0,0,0,0,0,0,0,0,0,0,0,0,5,0,0,0,0,0,13,0,0,0,0,0,0,0,4,0,0,0,0,0,35,0,1,0,0,0,0,0,110,0,120,0,9,0,2,0,9,0,0,0,0,0,20,0,0,0,0,0,0,0,0,0,0,0,0,0,0,0,0,0,0,0,0,0,0,0,0,0,0,0,0,0,0,0,0,0,0,0,0,0,49,0,59,0,28,0,31,0,102,0,13,0,64,0,106,0,152,0,48,0,102,0,0,0,37,0,0,0,0,0,0,0,0,0,0,0,23,0,28,0,0,0,10,0,13,0,21,0,12,0,0,0,0,0,0,0,0,0,0,0,5,0,0,0,0,0,0,0,0,0,0,0,0,0,0,0,0,0,0,0,0,0,0,0,0,0,0,0,0,0,0,0,0,106,0,13,0,0,0,0
0,0,0,0,7,0,0,0,0,0,0,0,0,0,0,0,0,0,0,0,12,0,0,0,0,0,0,0,2,0,0,0,0,0,0,0,9,0,0,0,0,0,0,0,0,0,0,0,0,0,14,0,0,0,0,0,2,0,0,0,0,0,0,0,20,0,0,0,9,0,305,0,0,0,147,0,55,0,346,0,8,0,13,0,10,0,25,0,0,0,0,1,8,0,0,0,0,0,0,0,0,0,0,0,0,0,0,0,0,0,0,0,0,0,0,0,0,0,0,0,56,0,6,0,95,0,40,0,39,0,78,3,93,0,111,0,233,0,17,0,32,0,105,0,114,0,15,0,23,0,103,8,0,0,1,0,0,0,4,1,15,9,63,0,0,0,0,0,29,0,17,0,14,0,4,0,0,0,0,0,37,21,0,0,11,0,0,0,0,0,0,0,0,0,0,0,0,0,0,0,45,0,0,0,0,0,0,0,112,0,96,7,28,0,5,1,0,0,0,0,0,0,0,0,0
0,0,0,0,0,0,0,0,0,0,0,1,0,0,0,0,0,0,0,0,0,0,0,0,0,8,0,0,0,1,0,0,0,0,0,0,0,0,0,0,0,0,0,0,0,0,0,0,0,0,0,6,0,0,0,0,0,0,0,0,0,0,0,0,0,6,0,0,0,3,0,110,0,0,0,338,0,137,0,86,0,3,0,19,0,29,0,156,0,0,0,0,0,3,0,0,0,0,0,0,0,4,0,5,0,0,0,0,0,1,0,0,0,0,0,0,0,0,0,0,0,129,0,48,0,47,0,49,2,28,0,26,0,0,0,131,0,132,0,78,0,89,0,103,0,47,0,0,0,32,0,0,0,0,0,0,0,0,0,4,0,14,0,38,0,0,0,0,0,7,0,15,0,0,0,0,0,0,0,0,0,39,0,0,0,0,0,0,0,0,0,0,0,0,0,0,0,0,0,0,0,35,0,0,0,0,0,0,0,60,0,0,0,0,2,0,0,0,97,1,10,2,0,0,0
0,0,0,0,0,0,0,0,0,0,0,0,6,0,0,0,0,0,0,0,47,0,0,0,0,0,48,0,6,0,0,0,0,0,23,0,47,0,0,0,0,0,0,0,0,0,0,0,3,0,17,0,0,0,0,0,0,0,0,0,4,0,0,0,37,0,0,0,0,0,244,0,147,0,0,0,16,0,206,0,45,0,33,0,51,0,67,0,0,0,0,0,0,0,17,0,3,0,15,0,5,0,0,0,0,0,0,0,0,0,0,0,0,0,0,0,0,0,0,0,104,0,48,1,0,19,0,0,0,0,54,0,27,0,178,0,201,0,12,16,154,0,268,0,72,0,40,16,88,0,54,0,12,6,1,0,6,0,0,0,17,0,27,0,0,0,21,0,13,2,34,0,24,0,0,0,0,0,0,0,75,13,0,0,27,0,0,0,0,0,0,0,0,0,0,0,0,0,40,0,102,0,53,0,0,0,37,0,116,0,45,0,16,0,0,0,0,0,0,0,8,0,0,0,0
0,0,0,0,0,0,0,0,0,0,0,0,0,0,0,0,0,0,0,0,0,0,0,0,0,0,0,0,0,1,0,0,0,0,0,0,0,0,0,0,0,0,0,0,0,0,0,0,0,0,0,12,0,0,0,0,0,0,0,0,0,0,0,0,0,33,0,0,0,0,0,120,0,338,0,0,0,23,0,146,0,7,0,0,0,33,0,126,0,0,0,0,0,0,0,0,0,0,0,0,0,0,0,0,0,0,0,0,0,0,0,0,0,0,0,0,0,0,0,0,0,178,0,65,0,50,0,89,0,0,18,34,0,104,0,186,0,323,0,115,0,211,0,243,0,138,0,0,8,53,0,37,0,31,0,0,0,4,0,0,0,20,0,53,0,0,0,6,0,9,0,13,0,13,0,9,0,0,0,0,20,72,0,0,0,0,0,0,0,0,0,0,0,0,0,0,0,0,0,26,0,17,0,55,0,0,0,0,0,151,0,0,0,0,5,0,0,0,136,0,0,0,0,1,0
0,0,0,0,0,0,1,0,0,0,0,0,0,0,0,0,0,0,0,0,39,0,0,0,0,0,0,0,0,0,0,0,0,0,0,0,0,0,0,0,0,0,0,0,5,0,0,0,0,0,0,0,0,0,1,0,0,0,0,0,0,0,0,0,0,0,0,0,55,0,11,0,55,0,16,0,0,0,52,0,21,0,25,0,0,0,30,0,9,0,0,0,28,0,27,0,0,0,0,0,10,0,16,0,0,0,44,0,7,0,0,0,0,0,11,0,0,0,0,0,23,0,0,0,0,0,0,0,0,0,0,0,0,2,0,0,0,0,0,0,0,0,0,0,0,0,0,0,0,0,0,0,0,0,0,0,0,0,0,0,0,0,0,0,5,0,4,0,22,0,0,0,0,0,0,0,0,0,0,0,0,0,0,0,0,0,0,0,52,0,0,0,0,0,12,0,0,0,0,0,42,0,0,0,0,0,0,0,6,0,68,2,71,1,0,47,23,2,0,0,0,0,0,0,0
0,0,0,0,0,0,0,0,0,0,0,0,0,0,0,0,0,0,0,0,0,0,0,0,0,0,0,0,0,0,0,0,0,0,0,0,0,0,0,0,0,0,0,0,0,6,0,0,0,0,0,0,0,0,0,1,0,3,0,2,0,0,0,0,0,0,0,0,0,44,0,9,0,137,0,23,0,0,0,21,0,54,0,102,0,44,0,238,0,28,0,0,0,80,0,96,0,0,0,23,0,19,0,108,0,0,0,8,0,18,0,3,0,0,0,0,0,3,0,0,0,26,0,3,5,0,0,0,0,0,0,0,0,0,0,56,0,0,0,0,0,8,0,26,0,0,0,0,0,0,0,13,0,6,0,1,0,2,0,0,0,0,0,4,0,28,0,0,0,67,0,0,0,0,0,0,0,0,0,0,3,0,0,0,0,0,0,0,0,64,0,0,0,0,0,49,0,0,0,0,0,24,0,0,0,0,0,0,0,0,0,0,0,0,0,0,0,0,47,8,142,2,7,1,0
0,0,0,0,0,0,0,0,0,0,0,0,0,0,0,0,0,0,0,0,62,0,0,0,0,0,0,0,0,0,20,0,0,0,0,0,24,0,0,0,0,0,0,0,0,0,0,0,1,0,0,0,0,0,0,0,1,0,0,0,0,0,0,0,0,0,0,0,18,0,217,0,346,0,206,0,52,0,0,0,39,0,49,0,53,0,137,0,0,0,0,0,54,0,10,0,13,0,22,0,10,0,5,0,0,0,28,0,0,0,0,0,0,0,0,0,0,0,0,0,127,0,16,0,0,0,0,0,0,0,0,2,0,0,90,0,0,0,7,0,36,0,168,0,21,0,6,0,0,0,0,0,0,0,0,0,0,0,0,0,5,0,42,0,2,0,0,0,19,0,0,0,0,0,0,0,0,0,0,0,0,0,0,0,0,0,0,0,0,0,0,0,0,0,11,0,0,0,0,0,156,0,0,0,51,0,0,0,81,0,152,0,27,0,7,22,9,0,0,0,0,0,0,0,0
