0,125,121,62,54,6,24,52,25,11,34,0,65,0,17,34,112,61,4,0,12,1,84,72,27,152,12,0,26,0,59,0,212,0,0,0,91,0,317,3,13,0,0,0,10,0,0,0,0,0,0,0,0,0,4,0,4,0,0,0,67,10,30,37,17,0,15,0,0,0,1,0,0,0,0,0,0,0,0,0,0,0,0,0,0,0,0,0,0,0,0,0,0,0,0,0,0,0,0,0,0,0,0,0,0,0,0,0,0,0,0,0,0,0,0,0,0,0,0,0,0,0,0,0,17,0,4,0,0,0,27,0,0,0,3,0,0,0,0,0,0,0,0,0,0,0,20,0,42,0,9,0,27,0,1,0,0,0,0,0,12,0,0,0,0,0,36,0,27,0,29,0,387,11,2,0,121,31,20,0,10,0,3,11,23,0,1,0,0,0,0,0,0,0,0,0,0,0,0,0,0,0,0,0,0,0,0,0,0,0,0,0,0,0,57,0,0,0,0,0,141,7,7,0,16,0,145,10,192,0,171,0,180,1,15,0,57,3,52,0,67,0,126,0,363,0,0,0,0
125,0,141,80,21,128,65,30,34,67,10,75,0,55,13,115,84,27,0,41,9,10,215,39,94,33,0,79,0,73,0,0,6,13,0,0,0,95,11,94,0,45,0,0,0,0,0,7,0,2,0,0,1,19,0,27,0,18,0,8,0,431,6,348,0,61,0,12,0,0,0,0,0,0,0,0,0,0,0,0,0,0,0,0,0,0,0,0,0,0,0,0,0,0,0,0,0,0,0,0,0,1,0,0,0,0,0,0,0,0,0,0,0,0,0,0,0,0,0,0,0,17,0,5,0,17,1,7,0,0,0,32,0,3,0,0,0,35,0,4,0,3,0,17,0,4,0,6,0,39,0,12,0,17,0,5,0,4,0,4,0,9,0,0,0,3,2,10,0,23,0,38,22,221,1,0,17,187,0,4,0,18,1,24,0,38,0,0,0,0,0,0,0,0,0,0,0,0,0,0,0,3,0,0,0,0,0,0,0,18,0,0,0,0,0,65,0,0,0,8,7,279,0,8,1,10,12,138,0,202,0,179,0,510,1,49,0,41,0,77,0,50,0,56,1,168,0,0,0
121,141,0,71,262,50,37,11,6,0,30,35,134,0,315,122,84,25,27,0,51,0,491,90,51,69,49,0,88,0,81,0,292,0,0,0,65,11,266,12,13,0,2,0,0,0,4,0,0,0,0,0,0,0,14,0,1,0,0,1,23,0,0,13,5,0,0,0,0,0,1,0,1,0,0,0,0,0,0,0,0,0,0,0,2,0,0,0,0,0,0,0,0,0,0,0,0,0,0,0,0,0,0,0,0,0,0,0,0,0,0,0,0,0,0,0,0,0,0,0,0,0,0,0,11,0,2,0,1,0,13,0,1,0,13,0,34,0,0,0,0,0,0,1,0,0,11,0,43,0,5,0,3,0,0,0,0,0,1,0,3,0,0,0,0,0,51,0,12,0,0,0,188,0,0,0,40,35,0,1,0,0,1,0,4,0,0,0,0,0,0,0,0,0,1,0,0,0,1,0,0,0,0,0,1,0,0,0,5,0,0,0,0,0,59,0,0,0,0,0,155,9,10,0,12,0,86,14,78,0,129,2,200,4,0,0,29,5,48,1,39,0,90,0,304,0,0,0,0
62,80,71,0,20,126,0,29,0,3,0,50,0,11,27,260,67,15,0,45,9,6,115,164,11,20,0,45,0,63,0,0,9,23,0,0,0,43,10,171,0,13,0,0,0,0,0,0,0,0,0,0,0,0,0,67,0,6,0,8,1,123,0,97,0,2,0,0,0,0,0,0,0,0,0,0,0,0,0,0,0,0,0,0,0,0,0,0,0,0,0,0,0,0,0,4,0,0,0,0,0,0,0,0,0,0,0,3,0,0,0,0,0,0,0,0,0,0,0,0,0,0,0,0,0,3,0,0,0,1,0,2,0,13,0,69,0,135,0,13,0,12,0,10,0,0,0,0,0,0,0,0,1,0,0,8,0,2,0,0,0,10,0,0,0,0,0,0,0,7,0,5,8,61,0,0,5,22,0,6,0,1,0,0,0,0,0,0,0,0,0,0,0,0,0,0,0,0,0,4,0,4,0,0,0,0,0,0,0,37,0,0,0,0,0,0,0,0,0,0,0,66,0,0,0,4,0,47,7,34,0,26,0,106,0,8,0,5,0,11,0,8,0,5,2,22,0,0,0
54,21,262,20,0,158,12,0,12,0,47,74,261,77,226,175,21,0,78,154,91,81,75,30,0,1,106,90,0,0,134,0,211,18,51,13,142,15,0,0,49,11,5,10,0,0,12,0,0,0,30,0,0,0,2,0,7,0,0,1,0,3,1,0,13,0,0,0,0,0,0,0,0,0,0,0,0,0,0,0,0,0,0,0,0,0,0,0,0,0,0,0,0,0,0,0,0,0,0,0,0,0,0,0,0,0,0,0,0,0,0,0,0,0,0,0,0,0,0,0,0,0,0,0,27,0,0,0,0,0,20,0,3,0,9,0,0,0,0,0,0,0,0,0,0,0,32,0,63,0,11,0,26,0,0,0,0,0,0,0,5,0,0,0,33,0,125,1,33,0,0,0,57,0,0,0,117,46,28,0,0,0,7,0,12,0,3,0,0,0,0,0,0,0,0,0,0,0,0,0,0,0,0,0,0,0,0,0,0,0,0,0,0,0,0,0,0,0,0,16,117,7,0,2,60,0,92,11,85,16,70,0,0,0,4,0,33,5,16,0,0,0,26,0,155,0,0,0,0
6,128,50,126,158,0,1,11,0,4,71,115,24,73,237,215,3,2,55,103,90,59,51,59,0,2,0,132,0,28,10,34,14,182,13,25,0,103,0,118,0,32,0,7,0,5,0,18,0,0,0,17,0,0,0,0,0,0,0,0,0,6,0,2,0,11,0,0,0,0,0,5,0,0,0,0,0,0,0,0,0,0,0,0,0,0,0,0,0,0,0,0,0,0,0,0,0,0,0,0,0,0,0,0,0,0,0,0,0,0,0,0,0,0,0,0,0,0,0,0,0,13,0,9,0,0,0,0,0,1,0,0,0,4,0,0,0,45,0,1,0,0,0,14,0,8,0,4,0,12,0,0,0,0,0,0,0,0,0,0,1,0,0,0,0,6,15,78,0,34,0,0,0,63,0,0,5,146,5,9,0,14,0,3,0,7,0,5,0,0,0,0,0,0,0,0,0,0,0,3,0,0,0,0,0,0,0,0,0,5,0,0,0,0,0,13,0,0,1,0,10,178,0,0,0,27,6,170,0,185,0,52,0,201,0,24,0,37,0,19,0,12,0,18,0,30,0,0,0
24,65,37,0,12,1,0,37,20,83,3,0,7,0,15,0,10,25,0,0,2,0,34,5,211,108,3,0,46,0,0,0,0,1,0,0,2,0,121,0,2,0,0,0,0,0,0,0,2,0,0,0,9,8,103,0,10,1,2,0,115,10,105,42,3,0,10,0,0,0,0,0,0,0,0,0,0,0,2,0,0,0,0,0,0,0,0,0,0,0,0,0,0,0,0,0,0,0,0,0,0,0,0,0,0,0,0,0,0,0,0,0,0,0,0,0,0,0,0,0,0,0,0,0,5,0,6,0,0,0,32,0,6,0,4,0,21,0,0,0,0,0,0,0,0,0,7,0,12,0,0,0,2,0,2,0,0,0,0,0,11,0,1,0,0,0,0,0,0,0,71,0,120,4,3,0,25,24,0,0,0,0,1,9,0,0,0,0,0,0,0,0,0,0,0,0,0,0,0,0,0,0,0,0,0,0,0,0,4,0,0,0,0,0,104,0,0,0,0,0,105,0,19,0,28,0,50,0,136,0,61,0,157,0,0,0,0,0,71,0,53,0,56,0,324,0,0,0,0
52,30,11,29,0,11,37,0,69,26,0,2,0,0,0,19,16,5,0,0,0,0,16,10,49,96,0,0,0,17,0,0,0,0,0,0,0,0,0,0,0,0,0,0,0,0,0,0,0,0,0,0,8,25,33,104,4,15,0,3,2,101,0,164,0,0,0,26,0,0,0,0,0,0,0,0,0,0,0,0,0,0,0,0,0,0,0,0,0,0,0,0,0,0,0,0,0,0,0,0,0,0,0,0,0,0,0,0,0,0,0,0,0,0,0,0,0,0,0,0,0,0,0,0,0,0,0,0,0,0,0,1,0,7,0,16,0,24,0,0,0,0,0,0,0,0,0,0,0,0,0,0,0,0,0,7,0,10,0,5,0,4,0,0,0,0,0,0,0,6,1,38,0,38,1,0,0,21,0,0,0,0,1,3,0,0,0,0,1,0,0,0,0,0,0,0,0,0,0,0,0,0,0,0,0,0,0,0,0,10,0,20,0,3,0,79,0,0,0,3,0,163,1,8,0,9,0,19,5,150,0,36,1,202,1,15,0,8,0,27,0,5,0,0,0,63,0,0,0
25,34,6,0,12,0,20,69,0,207,22,0,26,0,3,0,3,16,0,0,0,0,0,0,33,190,3,0,0,0,0,0,1,0,0,0,2,0,5,0,3,0,0,0,2,0,3,0,0,0,0,0,40,22,87,181,3,18,5,27,188,0,155,58,74,0,62,27,1,0,0,0,0,0,0,0,0,0,0,0,0,0,0,0,0,0,0,0,0,0,0,0,0,0,0,0,0,0,0,0,0,0,0,0,0,0,0,0,0,0,0,0,0,0,0,0,0,0,0,0,0,0,0,0,31,0,10,0,2,0,57,0,4,0,0,0,0,0,0,0,0,0,0,0,0,0,16,0,66,0,3,0,7,0,5,5,7,0,3,0,22,0,5,0,0,0,1,0,28,0,165,0,102,0,0,0,202,54,3,0,0,0,12,8,21,19,0,0,0,0,0,0,0,0,0,0,0,0,0,0,0,0,0,0,0,0,0,0,5,0,0,0,0,0,130,0,0,0,13,0,127,0,35,0,30,0,92,0,238,0,14,0,134,1,0,0,9,0,84,0,43,0,31,0,299,0,0,0,0
11,67,0,3,0,4,83,26,207,0,0,5,0,5,0,0,9,8,0,3,0,4,0,0,103,78,0,8,0,0,0,0,0,0,0,0,0,6,0,0,0,0,0,0,0,0,0,0,0,0,0,2,28,127,281,110,17,54,31,22,0,114,20,180,0,145,32,117,0,0,0,0,0,1,0,0,0,0,0,0,0,0,0,0,0,0,0,0,0,0,0,0,0,0,0,0,0,0,0,0,0,0,0,0,0,3,0,0,0,0,0,0,0,0,0,0,0,0,0,0,0,0,0,0,0,54,0,0,0,0,0,31,0,0,0,0,0,6,0,0,0,0,0,1,0,0,0,9,0,97,0,8,0,0,0,30,0,78,0,1,0,5,0,1,0,0,0,0,0,14,0,92,5,40,7,1,24,260,0,1,0,0,0,38,0,52,0,0,0,0,0,0,0,0,0,0,0,3,0,7,0,0,0,0,0,0,0,0,0,9,0,0,0,4,0,221,0,0,0,8,0,197,0,0,0,8,0,46,0,326,0,42,0,283,0,36,0,7,0,64,0,10,0,5,0,150,0,0,0
34,10,30,0,47,71,3,0,22,0,0,33,181,0,107,133,21,0,13,30,116,31,11,32,0,0,27,0,0,0,88,0,239,12,36,0,198,5,9,0,16,0,0,0,10,0,4,0,0,0,0,0,0,0,0,0,0,0,0,0,1,0,0,0,5,0,0,0,0,0,0,0,0,0,0,0,0,0,0,0,0,0,0,0,0,0,0,0,0,0,0,0,0,0,0,0,0,0,0,0,0,0,0,0,0,0,0,0,0,0,0,0,0,0,0,0,0,0,0,0,0,0,0,0,3,0,0,0,1,0,5,0,0,0,0,0,2,0,0,0,0,0,0,0,1,0,14,0,16,0,9,0,16,0,0,0,0,0,0,0,5,0,0,0,15,0,128,0,26,0,0,0,69,3,0,0,50,11,12,0,16,0,8,0,10,0,1,0,0,0,0,0,0,0,0,0,0,0,0,0,0,0,0,0,0,0,0,0,0,0,2,0,0,0,6,0,0,0,0,1,104,0,0,0,11,0,98,10,103,0,81,0,60,0,9,0,35,0,17,0,7,0,26,0,144,0,0,0,0
0,75,35,50,74,115,0,2,0,5,33,0,17,229,140,63,3,5,34,51,54,27,48,44,0,0,0,89,0,22,9,9,14,155,13,18,12,116,0,122,0,95,0,8,0,2,0,20,0,8,0,0,0,2,0,2,0,4,0,0,0,19,0,11,0,5,0,5,0,0,0,4,0,8,0,0,0,0,0,0,0,0,1,0,0,0,0,0,0,0,0,0,0,0,0,0,0,0,0,0,0,0,0,0,0,0,0,0,0,0,0,0,0,0,0,0,0,0,0,0,0,0,0,0,0,0,0,0,0,0,0,0,0,0,0,0,0,0,0,0,0,0,0,0,0,0,0,0,0,19,0,27,0,31,0,0,0,0,0,0,0,3,0,0,4,0,12,33,0,19,0,12,0,68,0,16,3,144,4,23,0,88,0,8,0,29,0,6,0,0,0,0,0,0,0,0,0,3,0,1,0,2,0,0,0,0,0,0,0,0,0,1,0,0,0,0,0,0,0,6,4,148,0,5,5,14,3,126,0,122,0,74,0,182,0,22,0,31,0,15,0,9,0,16,0,41,0,0,0
65,0,134,0,261,24,7,0,26,0,181,17,0,150,71,17,4,0,61,167,93,61,4,0,1,0,135,342,0,0,45,5,30,0,57,15,72,0,0,0,143,81,35,25,20,20,28,31,8,1,78,11,3,0,1,0,0,0,0,0,0,0,0,0,3,0,0,0,0,0,0,0,0,0,0,0,0,0,0,0,0,0,0,0,0,0,0,0,0,0,0,0,0,0,0,0,0,0,0,0,0,0,0,0,0,0,0,0,0,0,0,0,0,0,0,0,0,0,0,0,0,0,0,0,3,0,0,0,0,0,8,0,0,0,3,0,0,0,1,0,0,0,0,0,0,0,15,0,17,0,15,0,46,0,0,0,0,0,0,0,8,0,0,0,50,0,22,1,22,0,0,0,8,0,6,0,266,22,95,0,50,0,11,0,18,0,83,6,0,0,0,0,0,0,0,0,0,0,0,0,0,0,0,0,0,0,0,0,0,0,0,0,0,0,0,0,0,0,37,51,26,0,5,5,113,9,48,0,30,6,14,0,0,0,0,0,9,2,3,0,0,0,7,0,45,0,0,0,0
0,55,0,11,77,73,0,0,0,5,0,229,150,0,67,10,0,0,184,80,34,34,0,0,0,0,197,111,0,0,0,7,0,6,0,89,0,85,0,0,45,195,25,82,0,20,0,27,0,39,17,108,0,0,0,0,0,0,0,0,0,0,0,0,0,0,0,0,0,0,0,0,0,0,0,0,0,0,0,0,0,0,0,0,0,0,0,7,0,0,0,0,0,0,0,0,0,0,0,0,0,0,0,0,0,0,0,0,0,0,0,0,0,0,0,0,0,0,0,0,0,0,0,0,0,1,0,0,0,0,0,0,0,0,0,0,0,0,0,0,0,0,0,0,0,0,0,0,0,0,0,0,0,0,0,0,0,0,0,0,0,0,0,0,0,9,0,7,0,19,0,0,0,7,0,0,1,305,8,24,0,47,0,7,0,12,7,127,0,0,0,0,0,0,0,0,0,0,0,0,0,0,0,0,0,0,0,0,0,0,0,0,0,0,0,0,0,0,6,161,0,0,0,19,0,111,0,68,0,56,0,0,0,0,0,0,0,0,0,0,0,0,0,0,0,0,0,0,0
17,13,315,27,226,237,15,0,3,0,107,140,71,67,0,390,41,5,130,186,176,108,254,59,10,0,80,44,0,0,125,9,66,53,75,16,73,26,0,16,18,0,3,0,18,0,7,0,2,0,15,4,10,0,10,0,0,0,0,0,3,0,10,0,4,0,0,0,0,0,0,0,0,0,0,0,0,0,0,0,0,0,0,0,0,0,6,0,0,0,19,0,0,0,0,0,31,0,26,0,0,0,0,0,5,0,44,0,0,0,0,0,0,0,0,0,0,0,0,0,0,0,0,0,11,0,7,0,0,0,7,0,0,0,54,0,142,0,0,0,7,0,65,0,0,0,26,0,19,0,6,0,17,0,0,0,0,0,0,0,9,0,0,0,12,0,71,0,28,0,0,0,24,0,2,0,65,20,34,0,0,0,4,0,8,0,0,0,0,0,0,0,0,0,0,0,0,0,0,0,0,0,0,0,0,0,0,0,11,0,0,0,0,0,0,0,0,0,0,7,38,0,0,0,18,0,53,18,51,0,15,0,0,7,2,0,16,0,0,0,4,0,5,0,34,0,0,0,0
34,115,122,260,175,215,0,19,0,0,133,63,17,10,390,0,31,60,23,225,152,147,189,98,0,67,0,76,0,14,26,24,25,49,0,7,28,33,3,22,0,3,0,0,0,5,0,0,0,0,0,6,0,4,0,24,0,10,0,9,0,11,0,26,0,7,0,0,0,0,0,2,0,0,0,6,0,0,0,7,0,31,0,0,0,134,0,0,0,24,0,0,0,0,0,0,0,25,0,23,0,0,0,0,0,0,0,14,0,0,0,0,0,0,0,0,0,0,0,0,0,22,0,8,0,9,0,0,0,0,0,1,0,21,0,124,0,192,0,16,0,13,0,53,0,9,0,0,0,14,0,0,0,0,0,13,0,0,0,8,0,0,0,0,0,2,27,35,0,0,0,10,0,45,0,0,6,87,0,31,0,0,0,0,1,12,0,3,0,0,0,0,0,0,0,0,0,0,0,4,0,17,0,0,0,0,0,0,0,33,0,0,0,0,0,0,0,0,0,0,12,67,0,12,0,14,8,229,21,107,0,31,0,70,0,10,0,7,0,6,1,0,0,4,11,23,0,0,0
112,84,84,67,21,3,10,16,3,9,21,3,4,0,41,31,0,55,65,0,350,0,108,66,53,98,36,0,222,1,91,0,187,0,4,0,20,0,260,0,0,0,5,0,22,0,0,0,0,0,2,0,88,0,4,0,0,0,0,0,33,7,194,21,0,0,0,0,0,0,20,0,0,0,12,0,0,0,0,0,108,0,0,0,150,0,57,0,0,0,65,0,0,0,0,0,183,0,155,0,42,0,0,0,0,0,99,0,0,0,0,0,0,0,0,0,0,0,0,0,68,0,100,0,0,0,0,0,0,0,0,0,19,0,42,0,172,0,74,0,27,0,280,0,3,0,0,0,1,0,0,0,0,0,7,0,1,0,4,0,0,0,0,0,0,0,4,0,18,0,1,0,80,6,0,0,15,15,0,0,0,0,4,0,0,0,1,0,0,0,0,0,0,0,0,0,0,0,0,0,14,0,0,0,0,0,0,0,0,0,1,0,0,0,39,2,0,0,5,0,74,0,15,0,10,0,146,4,49,3,25,0,84,0,0,0,5,2,14,0,7,0,6,0,97,0,0,0,0
61,27,25,15,0,2,25,5,16,8,0,5,0,0,5,60,55,0,0,15,3,118,57,77,34,61,0,27,0,73,0,8,0,22,0,6,0,10,9,41,0,0,0,0,0,0,0,0,0,0,0,6,0,24,16,4,0,10,2,0,0,58,0,295,0,0,0,0,0,0,0,0,0,7,0,0,0,0,0,0,0,22,0,10,0,187,0,0,0,16,0,0,0,0,0,8,0,32,0,17,0,6,0,0,0,0,0,0,0,0,0,0,0,0,0,0,0,0,0,0,0,17,0,0,0,0,0,8,0,0,1,0,0,37,0,158,0,181,2,71,0,59,0,157,0,0,0,0,0,0,0,0,0,0,0,31,0,0,0,33,0,6,0,0,0,0,0,0,0,0,0,2,0,28,0,0,1,14,0,28,0,0,0,0,0,0,0,0,0,0,0,0,0,0,0,0,0,0,0,0,0,6,0,0,0,0,0,0,0,0,0,0,0,0,0,6,0,0,0,0,0,40,0,0,0,0,2,61,4,21,0,0,0,31,0,0,0,2,0,4,0,0,0,2,0,4,0,0,0
4,0,27,0,78,55,0,0,0,0,13,34,61,184,130,23,65,0,0,274,251,89,129,0,0,0,136,309,4,0,23,0,0,0,153,24,34,17,0,0,10,42,11,31,11,17,8,14,2,0,148,19,11,0,0,0,2,0,0,0,0,0,10,0,2,0,0,0,0,0,5,0,0,0,0,0,0,0,0,0,0,0,0,0,0,0,10,0,0,0,24,0,0,0,1,0,0,0,52,0,0,0,0,0,0,0,0,0,0,0,0,0,0,0,0,0,0,0,0,0,0,0,0,0,0,0,0,0,0,0,2,0,0,0,33,0,52,0,0,0,0,0,47,0,0,0,0,0,4,0,0,0,0,0,0,0,0,0,0,0,3,0,0,0,92,0,28,3,24,0,0,0,0,0,0,0,56,18,20,0,7,0,2,0,3,0,0,0,0,0,3,0,0,0,0,0,0,0,0,0,0,0,0,0,0,0,0,0,9,0,0,0,0,0,0,0,0,0,32,35,28,0,0,0,140,0,77,1,30,6,24,0,0,0,0,0,13,3,0,0,0,0,0,0,41,0,0,0,0
0,41,0,45,154,103,0,0,0,3,30,51,167,80,186,225,0,15,274,0,70,118,4,45,0,12,46,120,0,3,0,50,0,32,54,92,27,113,0,8,0,32,0,22,6,9,0,3,0,2,20,65,0,0,0,0,0,6,0,0,0,5,0,14,0,3,0,2,0,0,0,0,0,0,0,0,0,0,0,0,0,19,0,15,0,81,0,14,0,11,0,0,0,0,0,0,0,15,0,0,0,0,0,0,0,0,0,0,0,0,0,0,0,0,0,0,0,0,0,0,0,0,0,7,0,4,0,4,0,0,0,0,0,0,0,84,0,65,0,0,0,0,0,0,0,0,0,3,0,10,0,0,0,5,0,6,0,6,0,0,0,0,0,0,12,9,0,40,0,28,0,7,5,33,0,0,3,138,11,12,0,13,0,2,0,6,2,56,0,0,0,0,0,0,0,0,0,3,0,0,0,0,0,0,0,0,0,0,0,0,0,0,0,0,0,0,0,5,0,48,0,70,0,0,0,103,4,101,0,116,0,21,0,29,0,3,0,4,0,0,0,3,0,4,0,10,0,0,0
12,9,51,9,91,90,2,0,0,0,116,54,93,34,176,152,350,3,251,70,0,53,85,25,0,0,92,61,26,0,74,0,73,20,61,0,47,0,0,0,0,0,29,4,27,0,2,0,0,0,24,0,34,0,0,0,12,0,17,0,0,0,102,0,0,0,0,0,0,0,99,0,0,0,19,0,0,0,0,0,170,0,0,0,97,0,136,0,16,0,64,0,0,0,0,0,156,0,325,0,68,0,0,0,0,0,93,0,0,0,0,0,0,0,0,0,0,0,0,0,123,0,70,0,0,0,0,0,0,0,0,0,3,0,35,0,56,0,24,0,28,0,123,0,38,0,0,0,0,0,0,1,0,0,6,0,0,0,3,0,0,0,10,0,35,0,68,0,34,0,7,0,14,0,0,0,43,5,58,0,0,0,0,0,0,0,2,0,0,0,0,0,0,0,0,0,0,0,0,0,0,0,0,0,0,0,0,0,0,0,0,0,0,0,13,0,0,0,19,0,73,0,8,4,62,0,226,6,62,0,64,0,37,0,0,0,24,3,16,0,6,0,34,0,122,0,0,0,0
1,10,0,6,81,59,0,0,0,4,31,27,61,34,108,147,0,118,89,118,53,0,0,233,0,27,15,127,0,46,0,34,0,32,0,30,0,24,0,23,0,6,1,25,0,52,0,2,0,8,7,33,0,4,0,0,0,7,0,0,0,8,0,55,0,0,0,18,0,0,0,17,0,0,0,15,0,0,0,13,0,70,0,0,0,208,0,34,0,0,0,0,0,0,0,0,0,21,0,0,0,0,0,0,0,0,0,0,0,0,0,0,0,0,0,0,0,0,0,0,0,68,0,62,0,0,0,0,0,0,0,0,0,0,0,75,0,134,0,69,0,169,0,215,0,69,0,0,0,0,0,0,0,0,0,7,0,13,0,21,0,0,0,0,0,6,0,35,0,24,0,0,0,23,0,0,0,42,5,28,0,0,0,0,0,0,0,34,0,0,0,0,0,0,0,0,0,0,0,0,0,0,0,0,0,0,0,0,0,0,0,0,0,0,0,0,0,0,0,34,0,108,0,5,0,70,3,173,0,127,0,33,0,78,0,17,0,12,0,11,0,2,0,11,0,20,0,0,0
84,215,491,115,75,51,34,16,0,0,11,48,4,0,254,189,108,57,129,4,85,0,0,175,49,84,22,0,20,5,24,0,32,0,0,0,10,15,51,8,0,0,2,0,12,0,0,0,0,0,0,0,15,0,89,0,25,0,0,0,5,29,12,0,4,0,1,0,0,0,0,0,0,0,0,0,0,0,0,0,25,0,0,0,55,0,0,0,0,0,37,0,4,0,0,0,70,0,33,0,24,0,0,0,0,0,74,0,0,0,0,0,0,0,0,0,0,0,0,0,0,0,0,0,19,0,14,0,17,0,25,0,18,0,148,0,363,0,22,0,0,0,216,0,0,0,19,0,25,0,7,0,11,0,12,0,0,0,12,0,10,0,0,0,0,0,7,1,0,0,2,0,36,16,0,0,19,37,2,2,2,0,7,0,0,0,0,0,0,0,0,0,0,0,0,0,0,0,0,0,20,0,0,0,0,0,0,0,19,0,0,0,0,0,10,0,0,0,0,0,19,13,0,0,0,0,85,24,38,7,29,0,35,13,0,0,7,2,7,0,2,0,22,2,51,3,0,0,0
72,39,90,164,30,59,5,10,0,0,32,44,0,0,59,98,66,77,0,45,25,233,175,0,0,58,0,53,0,83,0,10,0,24,0,0,5,23,0,55,0,0,0,5,0,3,0,0,0,0,0,18,0,0,0,7,0,5,0,7,0,34,0,201,0,1,0,0,0,0,0,6,0,0,0,0,0,0,0,5,0,76,0,0,0,303,0,28,0,0,0,0,0,0,0,0,0,51,0,76,0,0,0,0,0,0,0,6,0,0,0,0,0,0,0,0,0,0,0,0,0,52,0,31,0,0,0,0,0,3,0,0,0,24,0,131,0,125,0,15,0,29,0,145,0,19,0,2,0,2,0,0,0,0,0,8,0,0,0,0,0,4,0,0,0,0,0,3,0,16,0,6,8,31,0,0,5,17,0,57,0,0,2,1,0,0,0,0,0,0,0,0,0,0,0,0,0,0,0,0,0,11,0,0,0,0,0,0,0,13,0,0,0,0,0,0,0,1,0,0,0,63,0,0,0,0,9,237,0,45,0,32,3,83,0,14,0,10,0,3,0,1,0,5,0,14,0,0,0
27,94,51,11,0,0,211,49,33,103,0,0,1,0,10,0,53,34,0,0,0,0,49,0,0,184,0,0,26,0,1,0,6,0,0,0,0,0,47,0,0,0,0,0,0,0,0,0,0,0,0,0,23,14,49,29,14,0,2,0,16,5,21,81,0,0,0,0,0,0,0,0,0,1,0,0,0,0,0,0,0,0,0,0,19,0,2,0,0,0,5,0,0,0,0,0,16,0,10,0,0,0,0,0,0,0,21,0,0,0,0,0,0,0,0,0,0,0,0,0,0,0,15,0,11,0,8,0,12,0,24,0,11,0,45,0,106,1,29,1,11,0,76,0,0,0,8,0,10,0,1,0,1,0,9,0,3,0,18,0,18,0,0,0,0,0,2,0,3,0,4,0,27,5,3,0,5,8,0,0,0,0,0,6,0,1,0,0,0,0,0,0,0,0,0,0,0,0,4,0,0,0,0,0,0,0,0,0,9,0,0,0,0,0,23,0,0,0,0,0,19,0,0,0,8,0,145,1,60,0,8,0,36,0,2,0,0,0,8,0,8,0,8,0,51,2,0,0,0
152,33,69,20,1,2,108,96,190,78,0,0,0,0,0,67,98,61,0,12,0,27,84,58,184,0,2,0,1,26,0,0,2,0,0,0,0,3,13,0,0,1,0,0,0,1,0,0,0,0,0,0,18,27,106,66,6,28,8,6,2,80,22,225,0,0,25,0,0,0,0,0,0,0,0,0,0,0,0,0,0,8,0,0,0,42,0,0,0,0,0,0,0,0,0,0,0,0,0,8,0,2,0,0,0,0,0,5,0,0,0,0,0,0,0,0,0,0,0,0,0,2,0,0,0,2,0,6,0,7,0,0,0,21,0,64,0,123,0,28,0,16,0,34,0,2,0,0,0,0,0,0,0,0,0,54,0,5,0,11,0,21,0,0,0,2,0,0,0,0,6,13,22,24,0,0,10,28,0,0,0,0,1,2,0,0,0,0,0,0,0,0,0,0,0,0,0,0,0,0,0,6,0,0,0,0,0,1,0,7,0,0,0,0,0,41,0,0,0,0,2,119,0,7,0,2,0,99,15,97,0,29,0,138,0,8,0,3,3,21,3,6,0,6,4,40,0,0,0
12,0,49,0,106,0,3,0,3,0,27,0,135,197,80,0,36,0,136,46,92,15,22,0,0,2,0,305,9,0,29,0,6,0,26,0,47,0,0,0,35,239,80,23,140,25,10,73,18,5,112,11,0,0,7,0,0,0,0,0,0,0,0,0,2,0,2,0,0,0,37,0,0,0,9,0,0,0,0,0,0,0,0,0,0,0,52,0,0,0,0,0,0,0,0,0,25,0,0,0,13,0,0,0,0,0,0,0,0,0,0,0,0,0,0,0,0,0,0,0,0,0,0,0,0,0,0,0,0,0,0,0,0,0,0,0,26,0,16,0,0,0,0,0,21,0,0,0,9,0,5,0,7,0,0,0,0,0,0,0,0,0,0,0,77,0,15,0,0,0,0,0,4,0,2,0,39,36,14,0,0,0,2,0,4,0,30,3,0,0,0,0,0,0,0,0,0,0,0,0,0,0,0,0,0,0,0,0,0,0,0,0,0,0,0,0,0,0,272,61,14,0,47,25,163,5,37,0,24,0,0,0,0,0,0,0,7,1,0,0,0,0,0,0,0,0,0,0,0
0,79,0,45,90,132,0,0,0,8,0,89,342,111,44,76,0,27,309,120,61,127,0,53,0,0,305,0,0,9,0,23,0,12,32,78,0,70,0,2,92,73,63,168,0,177,0,29,0,15,40,187,0,6,0,0,0,0,0,0,0,14,0,29,0,0,0,4,0,4,0,0,0,1,0,0,0,0,0,0,0,26,0,0,0,0,0,19,0,0,0,0,0,0,0,0,0,0,0,0,0,0,0,0,0,0,0,0,0,0,0,0,0,0,0,0,0,0,0,0,0,0,0,18,0,6,0,0,0,0,0,4,0,6,0,0,0,0,0,8,0,18,0,0,0,11,0,0,0,19,0,18,0,16,0,0,0,0,0,0,0,0,0,0,0,19,0,14,0,36,0,0,0,0,0,0,0,138,7,0,0,29,0,0,0,15,23,69,0,0,0,0,0,0,0,0,0,0,0,0,0,0,0,0,0,0,0,0,0,0,0,0,0,0,0,8,0,0,5,299,0,29,0,65,0,162,0,86,0,102,0,0,0,27,0,7,0,5,0,0,0,0,0,0,0,13,0,0,0
26,0,88,0,0,0,46,0,0,0,0,0,0,0,0,0,222,0,4,0,26,0,20,0,26,1,9,0,0,0,33,0,12,0,0,0,18,0,9,0,0,0,15,0,11,0,0,0,0,0,1,0,5,0,2,0,0,0,0,0,1,0,18,0,0,0,0,0,0,0,36,0,1,0,11,0,0,0,0,0,29,0,0,0,22,0,42,0,0,0,7,0,0,0,0,0,19,0,59,0,0,0,0,0,0,0,0,0,0,0,0,0,0,0,0,0,0,0,0,0,57,0,37,0,0,0,0,0,2,0,0,0,0,0,0,0,16,0,39,0,26,0,39,0,34,0,0,0,0,0,0,0,0,0,0,0,0,0,3,0,0,0,0,0,0,0,0,0,0,0,0,0,0,0,0,0,0,0,0,0,0,0,0,0,0,0,0,0,0,0,0,0,0,0,0,0,0,0,0,0,0,0,0,0,0,0,0,0,0,0,0,0,0,0,0,0,0,0,0,0,0,0,0,0,0,0,2,0,0,0,0,0,0,0,0,0,0,0,0,0,0,0,0,0,0,0,0,0,0
0,73,0,63,0,28,0,17,0,0,0,22,0,0,0,14,1,73,0,3,0,46,5,83,0,26,0,9,0,0,0,32,0,13,0,38,0,29,0,21,0,0,0,4,0,0,0,0,0,0,0,16,0,1,0,0,0,0,1,0,0,25,0,57,0,0,0,1,0,0,0,0,0,1,0,0,0,0,0,0,0,12,0,0,0,69,0,0,0,6,0,1,0,0,0,3,0,4,0,3,0,0,0,0,0,0,0,0,0,0,0,0,0,0,0,0,0,0,0,0,0,4,0,10,0,3,0,0,0,0,0,0,0,12,0,42,0,125,0,104,0,100,0,79,0,17,0,0,0,0,0,0,0,0,0,8,0,2,0,39,0,0,0,0,0,0,0,1,0,0,0,1,0,6,0,0,0,8,0,18,0,0,0,1,0,0,0,0,0,0,0,0,0,0,0,0,0,0,0,0,0,0,0,0,0,0,0,0,0,0,0,0,0,0,0,0,0,0,0,0,0,7,0,0,0,0,0,5,0,8,0,0,0,7,0,0,0,0,0,0,0,0,0,1,0,2,0,0,0
59,0,81,0,134,10,0,0,0,0,88,9,45,0,125,26,91,0,23,0,74,0,24,0,1,0,29,0,33,0,0,0,29,0,11,0,21,0,0,0,0,0,25,1,7,0,0,0,0,0,17,0,7,0,0,0,0,0,0,0,1,0,23,0,0,0,0,0,0,0,35,0,0,0,13,0,0,0,0,0,47,0,0,0,0,0,46,0,9,0,0,0,2,0,0,0,0,0,93,0,24,0,0,0,0,0,17,0,0,0,0,0,0,0,0,0,0,0,0,0,47,0,16,0,0,0,4,0,0,0,0,0,3,0,0,0,0,0,32,0,13,0,30,0,35,0,0,0,0,0,4,0,0,0,8,0,0,0,6,0,0,0,0,0,0,0,40,0,0,0,0,0,11,0,0,0,33,9,23,0,0,0,0,0,5,0,0,0,0,0,0,0,0,0,0,0,0,0,0,0,0,0,0,0,0,0,0,0,0,0,0,0,0,0,0,0,0,0,0,0,21,0,0,0,7,0,36,0,5,0,10,0,0,0,0,0,0,0,0,0,0,0,8,0,38,0,0,0,0
0,0,0,0,0,34,0,0,0,0,0,9,5,7,9,24,0,8,0,50,0,34,0,10,0,0,0,23,0,32,0,0,0,3,0,8,0,10,0,10,0,0,0,7,0,10,0,0,0,0,0,6,0,0,0,0,0,0,0,0,0,5,0,13,0,0,0,0,0,0,0,0,0,0,0,0,0,0,0,0,0,0,0,0,0,30,0,0,0,0,0,0,0,0,0,0,0,0,0,0,0,0,0,0,0,0,0,0,0,0,0,0,0,0,0,0,0,0,0,0,0,0,0,5,0,0,0,0,0,0,0,0,0,0,0,6,0,14,0,12,0,26,0,20,0,7,0,0,0,1,0,0,0,0,0,0,0,3,0,0,0,0,0,2,0,0,0,11,0,0,0,4,0,6,0,0,0,15,0,8,0,0,0,0,0,0,0,0,0,0,0,0,0,0,0,0,0,0,0,0,0,0,0,0,0,0,0,0,0,0,0,0,0,0,0,0,0,0,0,8,0,17,0,0,0,0,0,8,0,18,0,6,0,5,0,0,0,0,0,1,0,0,0,0,0,3,0,0,0
212,6,292,9,211,14,0,0,1,0,239,14,30,0,66,25,187,0,0,0,73,0,32,0,6,2,6,0,12,0,29,0,0,0,7,0,170,0,0,0,0,0,12,0,1,0,0,0,0,0,3,0,0,0,0,0,1,0,0,0,2,1,7,0,0,0,0,0,0,0,9,0,0,0,3,0,0,0,0,0,16,0,0,0,0,0,8,0,0,0,0,0,0,0,0,0,0,0,14,0,0,0,0,0,0,0,0,0,0,0,0,0,0,0,0,0,0,0,0,0,0,0,4,0,0,0,0,0,0,0,1,0,0,0,0,0,0,0,3,0,0,0,7,0,17,0,0,0,2,0,0,0,0,0,6,0,3,0,3,0,0,0,0,0,0,0,4,0,0,0,0,0,9,0,0,0,58,5,29,0,0,0,28,0,3,0,0,0,0,0,0,0,0,0,0,0,0,0,0,0,0,0,0,0,0,0,0,0,0,0,0,0,0,0,0,0,0,0,0,0,16,0,0,0,0,0,14,0,7,0,12,0,9,1,0,0,3,1,1,0,2,0,7,0,18,0,0,0,0
0,13,0,23,18,182,1,0,0,0,12,155,0,6,53,49,0,22,0,32,20,32,0,24,0,0,0,12,0,13,0,3,0,0,0,12,0,34,0,1,0,0,0,7,0,1,0,0,0,1,0,0,0,0,0,1,0,0,0,0,0,5,0,10,0,0,0,2,0,0,0,0,0,0,0,2,0,0,0,0,0,13,0,0,0,0,0,0,0,0,0,0,0,0,0,0,0,0,0,0,0,0,0,0,0,0,0,0,0,0,0,0,0,0,0,0,0,0,0,0,0,0,0,0,0,3,0,0,0,1,0,0,0,0,0,0,0,0,0,6,0,0,0,16,0,0,0,0,0,0,0,0,0,0,0,0,0,2,0,0,0,0,0,0,0,0,0,13,0,0,0,0,0,11,0,0,1,42,0,61,0,0,0,0,0,0,0,4,0,0,0,0,0,0,0,0,0,0,0,0,0,0,0,0,0,0,0,0,0,0,0,0,0,0,0,1,0,0,0,0,5,18,0,0,0,0,0,27,5,13,0,0,0,13,0,0,0,0,0,0,0,0,0,0,0,0,0,0,0
0,0,0,0,51,13,0,0,0,0,36,13,57,0,75,0,4,0,153,54,61,0,0,0,0,0,26,32,0,0,11,0,7,0,0,0,167,0,0,0,3,0,18,0,8,0,0,0,2,0,78,0,0,0,0,0,0,0,0,0,1,0,0,0,0,0,0,0,0,0,15,0,0,0,0,0,0,0,0,0,0,0,0,0,0,0,15,0,0,0,0,0,0,0,0,0,0,0,0,0,0,0,0,0,0,0,0,0,0,0,0,0,0,0,0,0,0,0,0,0,0,0,0,0,0,1,0,0,0,0,0,0,0,0,2,0,0,0,0,0,0,0,0,0,0,0,0,2,0,0,1,0,0,0,0,0,0,0,0,0,0,0,0,0,66,0,56,0,14,0,0,0,0,0,0,0,33,0,38,0,5,0,0,0,5,0,0,1,0,0,0,0,0,0,0,0,0,0,0,0,0,0,0,0,0,0,0,0,0,0,0,0,0,0,0,0,0,0,28,0,39,0,0,0,97,0,73,0,12,0,0,0,0,0,4,0,15,0,0,0,0,0,2,0,0,0,0,0,0
0,0,0,0,13,25,0,0,0,0,0,18,15,89,16,7,0,6,24,92,0,30,0,0,0,0,0,78,0,38,0,8,0,12,0,0,0,31,0,18,1,0,0,7,0,5,0,0,0,0,0,13,0,0,0,0,0,0,0,0,0,2,0,7,0,0,0,0,0,0,0,8,0,2,0,0,0,0,0,0,0,0,0,0,0,18,0,8,0,0,0,0,0,0,0,7,0,0,0,0,0,0,0,0,0,0,0,0,0,0,0,0,0,0,0,0,0,0,0,0,0,20,0,12,0,0,0,0,0,0,0,0,0,0,0,10,0,16,0,19,0,34,0,41,0,29,0,0,0,0,0,0,0,0,0,0,0,0,0,5,0,0,0,0,0,3,0,23,0,9,0,0,0,13,0,0,0,18,0,3,0,5,0,0,0,0,0,17,0,0,0,0,0,0,0,0,0,0,0,0,0,0,0,0,0,0,0,0,0,0,0,0,0,0,0,0,0,0,0,12,0,19,0,0,0,48,0,29,0,38,0,0,0,11,0,5,0,1,0,0,0,0,0,0,0,0,0,0,0
91,0,65,0,142,0,2,0,2,0,198,12,72,0,73,28,20,0,34,27,47,0,10,5,0,0,47,0,18,0,21,0,170,0,167,0,0,6,28,0,0,0,49,0,51,0,0,0,0,0,34,0,0,0,0,0,0,0,14,0,4,0,22,0,0,0,3,0,0,0,46,0,5,0,14,0,0,0,0,0,28,0,0,0,0,0,0,0,0,0,0,0,0,0,0,0,0,0,56,0,8,0,2,0,0,0,0,0,0,0,0,0,0,0,0,0,0,0,0,0,44,0,0,0,0,0,0,0,0,0,0,0,0,0,0,0,0,0,43,0,15,0,15,0,71,0,0,0,0,0,0,0,0,0,8,0,6,0,6,0,0,0,20,0,29,0,19,0,27,0,22,0,21,0,0,0,48,8,57,0,16,0,7,0,0,0,0,0,0,0,0,0,0,0,0,0,0,0,0,0,0,0,0,0,0,0,0,0,0,0,0,0,0,0,0,0,0,0,5,0,18,0,0,0,37,0,46,0,14,0,13,0,20,0,0,0,6,0,0,0,0,0,0,0,30,0,0,0,0
0,95,11,43,15,103,0,0,0,6,5,116,0,85,26,33,0,10,17,113,0,24,15,23,0,3,0,70,0,29,0,10,0,34,0,31,6,0,0,29,0,0,0,28,0,6,0,0,0,0,0,24,0,2,0,0,0,3,0,5,0,16,0,49,0,0,0,3,0,0,0,7,0,3,0,3,0,0,0,0,0,22,0,0,0,0,0,7,0,0,0,0,0,0,0,0,0,6,0,8,0,0,0,0,0,0,0,0,0,0,0,0,0,0,0,0,0,0,0,0,0,16,0,14,0,0,0,0,0,0,0,0,0,0,0,10,0,0,0,25,0,45,0,30,0,37,0,0,0,0,0,0,0,0,0,5,0,20,0,0,0,3,0,0,0,6,0,23,0,17,0,0,0,25,0,2,0,83,0,75,1,0,0,3,0,0,0,22,0,0,0,0,0,0,0,0,0,0,0,0,0,0,0,0,0,0,0,0,0,0,0,0,0,0,0,3,0,8,0,8,0,38,0,5,0,44,0,12,0,82,0,0,0,0,0,0,0,1,0,0,0,2,0,0,0,0,0,0,0
317,11,266,10,0,0,121,0,5,0,9,0,0,0,0,3,260,9,0,0,0,0,51,0,47,13,0,0,9,0,0,0,0,0,0,0,28,0,0,0,0,0,0,0,0,0,0,0,0,0,0,0,2,0,0,0,1,0,0,0,0,0,13,0,0,0,0,0,0,0,25,0,3,0,3,0,0,0,0,0,17,0,3,0,0,0,15,1,0,0,0,0,0,0,0,0,4,0,25,0,0,0,0,0,0,0,3,0,0,0,0,0,0,0,0,0,0,0,0,0,35,0,0,0,0,0,0,0,0,0,0,0,0,0,0,0,8,0,23,0,13,0,14,0,52,0,0,0,0,0,0,0,0,0,2,0,4,0,0,0,0,0,4,0,0,0,0,0,0,0,6,0,62,0,0,0,21,0,0,0,0,0,4,0,2,0,0,0,0,0,0,0,0,0,0,0,0,0,0,0,0,0,0,0,0,0,0,0,0,0,0,0,0,0,3,0,0,0,0,0,8,0,0,0,0,0,13,0,4,1,0,0,11,0,0,0,0,1,0,0,0,0,0,0,16,0,0,0,0
3,94,12,171,0,118,0,0,0,0,0,122,0,0,16,22,0,41,0,8,0,23,8,55,0,0,0,2,0,21,0,10,0,1,0,18,0,29,0,0,0,2,0,8,0,0,0,0,0,0,0,5,0,0,0,0,0,0,0,1,0,4,0,11,0,4,0,0,0,0,0,0,0,0,0,0,0,0,0,0,0,0,0,0,0,18,0,0,0,0,0,0,0,0,0,0,0,0,0,0,0,0,0,0,0,0,0,0,0,0,0,0,0,0,0,0,0,0,0,0,0,0,0,4,0,0,0,0,0,0,0,0,0,0,0,0,0,20,0,9,0,0,0,5,0,0,0,0,0,0,0,0,0,3,0,7,0,5,0,10,0,0,0,0,0,0,2,1,0,1,0,0,0,3,0,0,2,43,0,45,0,0,0,2,0,0,0,0,0,0,0,0,0,0,0,0,0,0,0,0,0,1,0,0,0,0,0,0,0,0,0,0,0,0,0,0,0,0,0,0,0,10,0,0,0,1,0,0,0,9,0,0,0,13,0,0,0,0,0,0,0,0,0,0,0,0,0,0,0
13,0,13,0,49,0,2,0,3,0,16,0,143,45,18,0,0,0,10,0,0,0,0,0,0,0,35,92,0,0,0,0,0,0,3,1,0,0,0,0,0,199,57,5,52,29,10,47,34,9,10,5,0,0,0,0,0,0,0,0,0,0,0,0,0,0,0,0,2,0,0,0,0,0,0,0,1,0,0,0,0,0,0,0,0,0,0,0,0,0,0,0,0,0,0,0,0,0,0,0,0,0,0,0,0,0,0,0,1,0,0,0,0,0,0,0,0,0,0,0,0,0,0,0,2,0,1,0,0,0,0,0,0,0,0,0,0,0,0,0,0,0,0,0,0,0,6,0,3,0,1,0,8,0,0,0,0,0,0,0,1,0,0,0,19,0,0,0,0,0,0,0,0,0,0,0,45,34,4,0,0,0,5,0,4,0,138,0,0,0,0,0,0,0,0,0,0,0,0,0,0,0,0,0,0,0,0,0,0,0,0,0,0,0,0,0,0,0,286,34,0,0,68,73,27,0,0,0,0,0,0,0,0,0,0,0,2,0,1,0,0,0,1,0,0,0,0,0,0
0,45,0,13,11,32,0,0,0,0,0,95,81,195,0,3,0,0,42,32,0,6,0,0,0,1,239,73,0,0,0,0,0,0,0,0,0,0,0,2,199,0,44,21,38,85,55,44,2,87,15,15,0,0,0,0,0,0,0,0,0,1,0,0,0,5,0,0,0,3,0,0,0,0,0,0,0,0,0,0,0,0,0,7,0,11,0,0,0,3,0,0,0,0,0,0,0,0,0,0,0,0,0,0,0,0,0,0,0,0,0,0,0,0,0,0,0,0,0,0,0,0,0,0,0,0,0,0,0,0,0,0,0,0,0,10,0,8,0,0,0,0,0,2,0,0,0,0,0,5,0,0,0,0,0,0,0,0,0,0,0,0,0,0,0,15,0,0,0,1,0,0,0,0,0,2,0,116,0,2,0,8,0,0,0,0,37,11,0,0,0,0,0,0,0,0,0,0,0,0,0,0,0,0,0,0,0,0,0,0,0,0,0,0,0,0,0,0,91,161,0,4,6,280,0,0,0,1,0,9,0,2,0,6,0,0,0,0,0,0,0,2,0,0,0,0,0,0,0
0,0,2,0,5,0,0,0,0,0,0,0,35,25,3,0,5,0,11,0,29,1,2,0,0,0,80,63,15,0,25,0,12,0,18,0,49,0,0,0,57,44,0,3,56,0,17,12,14,0,32,3,0,0,0,0,0,0,0,0,0,0,7,0,0,0,0,0,1,0,13,0,0,0,0,0,0,0,0,0,0,0,0,0,0,0,0,0,0,0,0,0,0,0,0,0,0,0,0,0,0,0,0,0,0,0,4,0,0,0,0,0,0,0,0,0,0,0,0,0,0,0,0,0,0,0,0,0,0,0,0,0,2,0,0,0,0,0,21,0,0,0,6,0,0,0,0,0,0,0,0,0,1,0,4,0,0,0,2,0,2,0,9,0,53,0,4,0,8,0,7,0,8,0,0,0,5,1,3,0,0,0,0,0,0,0,18,0,0,0,0,0,0,0,0,0,0,0,0,0,0,0,0,0,0,0,0,0,0,0,0,0,0,0,0,0,0,0,162,7,8,0,21,6,66,1,9,0,42,0,0,0,11,0,5,0,1,0,4,0,0,0,2,0,19,0,0,0,0
0,0,0,0,10,7,0,0,0,0,0,8,25,82,0,0,0,0,31,22,4,25,0,5,0,0,23,168,0,4,1,7,0,7,0,7,0,28,0,8,5,21,3,0,0,73,0,9,0,3,3,39,0,0,0,0,0,0,0,5,0,3,0,8,0,0,0,0,0,0,0,8,0,0,0,0,0,0,0,0,0,22,0,4,0,0,0,7,0,0,0,0,0,0,0,7,0,0,0,0,0,0,0,0,0,0,0,0,0,0,0,0,0,0,0,0,0,0,0,0,0,17,0,18,0,0,0,0,0,0,0,0,0,0,0,0,0,0,0,5,0,23,0,30,0,21,0,0,0,0,0,0,0,0,0,0,0,0,0,0,0,0,0,0,0,12,0,15,0,19,0,9,0,10,0,0,0,14,0,3,0,0,0,0,0,0,0,14,0,0,0,0,0,0,0,0,0,0,0,0,0,0,0,0,0,0,0,0,0,0,0,0,0,0,0,0,0,0,0,107,0,25,0,44,0,115,0,23,0,46,0,0,0,17,0,0,0,0,0,0,0,0,0,0,0,5,0,0,0
10,0,0,0,0,0,0,0,2,0,10,0,20,0,18,0,22,0,11,6,27,0,12,0,0,0,140,0,11,0,7,0,1,0,8,0,51,0,0,0,52,38,56,0,0,6,61,0,29,5,52,1,2,0,0,0,7,0,9,0,4,0,5,0,2,0,0,0,0,0,39,0,0,0,14,0,5,0,0,0,0,0,0,0,0,0,0,0,0,0,8,0,0,0,0,0,19,0,0,0,0,0,0,0,2,0,0,0,0,0,0,0,0,0,0,0,0,0,0,0,0,0,0,0,2,1,0,0,0,0,0,0,0,0,0,0,0,0,33,0,12,0,16,0,45,0,0,0,3,0,5,0,6,0,0,0,0,0,3,0,0,0,7,0,34,0,30,0,9,0,0,0,6,0,2,0,10,14,7,0,0,1,0,0,0,0,9,0,0,0,0,0,0,0,0,0,0,0,0,0,0,0,0,0,0,0,0,0,0,0,0,0,0,0,6,0,0,0,129,3,19,0,60,32,26,0,7,0,17,0,0,0,0,0,12,0,0,0,7,0,0,0,4,0,25,0,0,0,0
0,0,0,0,0,5,0,0,0,0,0,2,20,20,0,5,0,0,17,9,0,52,0,3,0,1,25,177,0,0,0,10,0,1,0,5,0,6,0,0,29,85,0,73,6,0,0,16,0,32,3,49,0,0,0,0,0,0,0,0,0,0,0,1,0,0,0,0,0,2,0,0,0,0,0,0,0,2,0,0,0,0,0,10,0,0,0,6,0,4,0,0,0,0,0,0,0,0,0,0,0,0,0,0,0,0,0,0,0,0,0,0,0,0,0,0,0,0,0,0,0,6,0,5,0,0,0,0,0,0,0,0,0,0,0,0,0,0,0,0,0,0,0,0,0,3,0,0,0,0,0,0,0,0,0,0,0,0,0,1,0,1,0,2,0,17,0,0,0,0,0,2,0,0,0,0,0,9,1,3,0,0,0,0,0,0,2,1,0,0,0,4,0,0,0,0,0,0,0,0,0,0,0,0,0,0,0,0,0,0,0,0,0,2,0,4,0,9,10,239,0,22,0,177,0,35,0,9,0,35,0,2,0,4,0,4,0,0,0,1,0,0,0,1,0,2,0,0,0
0,0,4,0,12,0,0,0,3,0,4,0,28,0,7,0,0,0,8,0,2,0,0,0,0,0,10,0,0,0,0,0,0,0,0,0,0,0,0,0,10,55,17,0,61,0,0,12,5,0,6,0,0,0,0,0,0,0,0,0,0,0,0,0,0,0,0,0,0,0,1,0,0,0,0,0,0,0,0,0,0,0,0,1,0,0,0,0,0,0,0,0,0,0,0,0,0,0,4,0,0,0,0,0,0,0,1,0,0,0,0,0,0,0,0,0,0,0,0,0,0,0,0,0,0,0,0,0,0,0,0,0,0,0,0,0,0,0,0,0,0,0,0,0,0,0,0,0,0,0,0,0,0,0,0,0,0,0,0,0,0,0,0,0,9,0,0,0,0,0,0,0,0,0,0,0,4,3,0,0,0,0,0,0,1,0,12,0,0,0,0,0,0,0,0,0,0,0,0,0,0,0,0,0,0,0,0,0,0,0,0,0,0,0,0,0,0,0,97,3,0,0,22,7,18,0,0,0,0,0,0,0,0,0,0,0,0,0,0,0,0,0,0,0,0,0,0,0,0
0,7,0,0,0,18,0,0,0,0,0,20,31,27,0,0,0,0,14,3,0,2,0,0,0,0,73,29,0,0,0,0,0,0,0,0,0,0,0,0,47,44,12,9,0,16,12,0,0,9,2,6,0,0,0,0,0,0,0,0,0,0,0,0,0,0,0,0,0,0,0,0,0,0,0,0,0,1,0,0,0,0,0,0,0,0,0,0,0,0,0,0,0,0,0,0,0,0,0,0,0,0,0,0,0,0,0,0,0,0,0,0,0,0,0,0,0,0,0,0,0,0,0,0,0,0,0,0,0,0,0,0,0,0,0,0,0,0,0,0,0,0,0,0,0,0,0,0,0,4,0,0,0,0,0,0,0,0,0,0,0,0,0,0,0,1,0,0,0,0,0,0,0,0,0,0,0,17,0,0,0,0,0,0,0,0,6,4,0,0,0,0,0,0,0,0,0,0,0,0,0,0,0,0,0,0,0,0,0,0,0,0,0,0,0,0,0,0,0,101,0,1,1,57,0,2,0,0,0,3,0,0,0,0,0,0,0,0,0,0,0,0,0,0,0,0,0,0,0
0,0,0,0,0,0,2,0,0,0,0,0,8,0,2,0,0,0,2,0,0,0,0,0,0,0,18,0,0,0,0,0,0,0,2,0,0,0,0,0,34,2,14,0,29,0,5,0,0,0,2,0,2,0,0,0,0,0,0,0,0,0,0,0,0,0,0,0,4,0,0,0,0,0,0,0,0,0,0,0,0,0,8,0,0,0,2,1,0,0,0,0,2,0,0,0,1,0,0,0,0,0,0,0,0,0,1,0,0,0,0,0,0,0,0,0,0,0,0,0,0,0,0,0,0,0,0,0,0,0,0,0,0,0,2,0,0,0,2,0,0,0,7,0,2,0,0,0,0,0,0,1,0,0,0,0,0,0,0,0,6,0,0,0,1,0,1,0,2,0,0,0,0,0,0,0,11,0,11,0,2,0,1,0,0,0,16,1,8,0,0,0,0,0,1,0,0,0,0,0,2,0,0,0,4,0,3,0,0,0,0,0,0,0,0,0,1,0,23,3,10,0,22,12,11,0,14,0,14,0,0,0,0,0,3,0,1,0,3,0,0,0,0,0,3,0,0,0,0
0,2,0,0,0,0,0,0,0,0,0,8,1,39,0,0,0,0,0,2,0,8,0,0,0,0,5,15,0,0,0,0,0,1,0,0,0,0,0,0,9,87,0,3,5,32,0,9,0,0,0,5,0,0,0,1,0,0,0,0,0,0,0,1,0,0,0,0,0,2,0,0,0,0,0,0,0,0,0,0,0,2,0,4,0,4,0,1,0,1,0,0,0,0,0,1,0,0,0,0,0,0,0,1,0,0,0,0,0,0,0,0,0,0,0,0,0,0,0,0,0,0,0,0,0,0,0,0,0,0,0,0,0,0,0,3,0,0,0,1,0,0,0,0,0,0,0,0,0,0,0,0,0,0,0,0,0,0,0,0,0,0,0,0,1,0,0,0,0,0,0,0,0,1,0,0,0,33,0,5,0,2,0,0,0,0,0,13,0,0,0,0,0,0,0,0,0,0,0,0,0,0,0,0,0,0,0,0,0,0,0,0,0,0,0,0,0,1,21,5,0,5,6,44,0,2,0,5,0,4,0,0,0,4,0,0,0,0,0,1,0,1,0,0,0,2,0,0,0
0,0,0,0,30,0,0,0,0,0,0,0,78,17,15,0,2,0,148,20,24,7,0,0,0,0,112,40,1,0,17,0,3,0,78,0,34,0,0,0,10,15,32,3,52,3,6,2,2,0,0,0,4,0,5,0,0,0,11,0,1,0,0,0,0,0,2,0,2,0,3,0,0,0,0,0,0,0,0,0,0,0,19,0,0,0,16,0,0,0,0,0,0,0,0,0,8,0,5,0,2,0,3,0,3,0,0,0,0,0,0,0,0,0,0,0,0,0,0,0,0,0,0,0,0,0,0,0,0,0,0,0,0,0,0,0,0,0,0,0,0,0,0,0,4,0,0,0,0,0,0,0,0,0,0,0,0,0,0,0,0,0,6,0,83,0,27,0,37,0,8,0,16,0,0,0,16,4,8,0,0,0,0,0,0,0,13,0,0,0,0,0,0,0,2,0,0,0,0,0,0,0,0,0,0,0,0,0,0,0,1,0,0,0,12,0,0,0,45,7,50,0,13,3,105,1,51,0,23,0,8,0,22,0,17,0,5,0,14,0,2,0,3,0,41,0,0,0,0
0,0,0,0,0,17,0,0,0,2,0,0,11,108,4,6,0,6,19,65,0,33,0,18,0,0,11,187,0,16,0,6,0,0,0,13,0,24,0,5,5,15,3,39,1,49,0,6,0,5,0,0,0,0,0,0,0,7,0,12,0,7,0,8,0,5,0,16,0,0,0,14,0,0,0,0,0,1,0,7,0,23,0,14,0,52,0,15,0,0,0,0,0,0,0,3,0,0,0,20,0,0,0,0,0,0,0,1,0,0,0,0,0,0,0,0,0,0,0,0,0,26,0,19,0,0,0,0,0,0,0,0,0,0,0,13,0,0,1,15,0,41,0,43,0,25,0,0,1,0,0,0,0,0,0,0,0,0,0,0,0,9,0,9,0,4,0,8,0,10,0,10,0,20,0,0,0,17,0,0,0,4,0,0,0,0,0,10,0,0,0,3,0,0,0,0,0,0,0,0,0,0,0,0,0,0,0,0,0,0,0,0,0,0,0,4,0,7,0,35,0,41,1,17,0,60,0,14,0,47,0,8,0,21,0,22,0,0,0,2,0,0,0,0,0,7,0,0,0
0,1,0,0,0,0,9,8,40,28,0,0,3,0,10,0,88,0,11,0,34,0,15,0,23,18,0,0,5,0,7,0,0,0,0,0,0,0,2,0,0,0,0,0,2,0,0,0,2,0,4,0,0,11,155,49,61,20,28,18,40,0,53,3,4,0,0,42,0,0,0,0,0,0,1,0,0,0,0,0,0,0,0,0,16,0,0,0,0,0,0,0,0,0,0,0,13,0,0,0,0,0,0,0,3,0,0,0,0,0,0,0,0,0,0,0,0,0,0,0,3,0,0,0,1,0,3,0,12,0,1,0,6,0,6,0,63,0,151,0,33,0,73,0,22,0,0,0,0,0,0,0,0,0,149,6,85,0,60,4,22,0,6,0,0,0,0,0,9,0,56,0,0,0,1,0,0,3,0,0,0,0,0,0,0,4,0,0,0,0,0,0,0,0,0,0,0,0,2,0,0,0,0,0,0,0,0,0,0,0,0,0,0,0,114,0,0,0,7,1,145,0,26,0,17,0,428,1,152,0,6,0,116,0,36,0,3,0,90,0,15,0,28,0,212,0,0,0,0
0,19,0,0,0,0,8,25,22,127,0,2,0,0,0,4,0,24,0,0,0,4,0,0,14,27,0,6,0,1,0,0,0,0,0,0,0,2,0,0,0,0,0,0,0,0,0,0,0,0,0,0,11,0,62,80,6,86,11,36,0,6,0,41,0,0,12,24,0,0,0,0,0,0,0,0,0,0,0,0,0,0,0,0,0,10,0,0,0,0,0,0,0,0,0,0,0,0,0,0,0,0,0,0,0,0,0,0,0,0,0,0,0,0,0,0,0,0,0,0,0,0,0,1,0,0,0,0,0,18,0,1,0,4,0,6,0,23,0,98,0,30,0,7,0,50,0,0,0,0,0,0,0,0,0,137,0,66,0,137,0,12,0,2,0,0,0,0,0,1,0,26,0,3,0,2,1,63,0,0,0,0,0,0,0,36,0,0,0,0,0,0,0,0,0,0,0,0,0,0,0,0,0,0,0,0,0,0,0,0,0,4,0,2,0,69,0,1,0,1,0,88,0,0,0,0,0,89,0,75,0,8,0,182,1,39,0,0,0,25,0,1,0,1,0,76,0,0,0
4,0,14,0,2,0,103,33,87,281,0,0,1,0,10,0,4,16,0,0,0,0,89,0,49,106,7,0,2,0,0,0,0,0,0,0,0,0,0,0,0,0,0,0,0,0,0,0,0,0,5,0,155,62,0,261,126,46,33,53,40,0,40,64,41,0,52,114,0,0,0,1,0,0,0,0,0,0,0,0,0,0,0,0,0,0,1,0,0,0,0,0,0,0,0,0,8,0,0,0,0,0,0,0,0,0,0,0,0,0,0,0,0,0,0,0,0,0,0,0,0,0,3,0,0,0,0,0,23,0,35,0,24,0,16,0,93,0,35,0,12,0,44,0,0,0,2,0,2,0,0,0,0,0,65,21,23,0,34,0,79,0,7,0,2,0,0,0,23,0,111,0,20,0,3,0,19,22,0,0,0,0,0,3,3,30,0,0,0,0,0,0,0,0,0,0,0,0,0,0,3,0,0,0,0,0,0,0,8,0,0,0,0,0,234,0,0,0,41,0,230,0,68,0,44,0,235,2,288,3,6,0,173,3,0,0,0,0,73,0,8,1,28,0,254,0,0,0,0
0,27,0,67,0,0,0,104,181,110,0,2,0,0,0,24,0,4,0,0,0,0,0,7,29,66,0,0,0,0,0,0,0,1,0,0,0,0,0,0,0,0,0,0,0,0,0,0,0,1,0,0,49,80,261,0,48,140,85,60,0,9,8,32,0,36,114,70,0,0,0,0,0,0,0,0,0,0,0,0,0,2,0,0,0,20,0,0,0,3,0,0,0,0,0,0,0,9,0,3,0,2,0,2,0,0,0,0,0,0,0,0,0,0,0,0,0,0,0,0,0,1,0,0,0,3,0,9,0,6,0,9,0,19,0,84,0,152,0,33,0,0,0,28,0,5,0,4,0,1,0,0,0,0,0,128,0,36,0,57,1,44,0,0,0,0,0,0,1,8,0,48,0,2,0,1,19,37,0,0,0,0,0,0,0,16,0,0,0,0,0,0,0,0,0,0,0,0,0,1,0,5,0,0,0,0,0,0,0,10,0,0,0,4,0,118,0,0,0,8,3,184,0,39,0,7,5,84,0,189,0,5,0,148,1,57,0,0,0,11,0,0,0,3,1,56,0,0,0
4,0,1,0,7,0,10,4,3,17,0,0,0,0,0,0,0,0,2,0,12,0,25,0,14,6,0,0,0,0,0,0,1,0,0,0,0,0,1,0,0,0,0,0,7,0,0,0,0,0,0,0,61,6,126,48,0,12,150,32,0,2,2,0,83,15,48,95,1,0,0,0,0,0,0,0,0,0,0,0,0,0,0,0,0,0,4,0,0,0,0,0,0,0,0,0,0,0,0,0,0,0,0,0,0,0,0,0,0,0,0,0,0,0,0,0,0,0,0,0,0,0,0,0,0,0,11,0,61,0,34,0,19,0,6,0,16,0,20,0,2,0,0,0,17,15,0,0,5,0,0,0,0,0,109,31,46,0,73,28,127,15,82,0,7,0,11,0,62,0,45,0,36,0,0,6,7,0,0,0,5,3,0,0,10,14,0,0,0,0,0,0,0,0,0,0,0,0,0,0,0,0,0,0,0,0,0,0,8,0,0,0,13,0,260,0,0,0,53,0,291,0,138,0,72,0,170,0,495,0,0,0,244,1,335,0,15,0,158,0,11,0,12,0,289,0,0,0,0
0,18,0,6,0,0,1,15,18,54,0,4,0,0,0,10,0,10,0,6,0,7,0,5,0,28,0,0,0,0,0,0,0,0,0,0,0,3,0,0,0,0,0,0,0,0,0,0,0,0,0,7,20,86,46,140,12,0,53,159,0,0,0,9,10,25,54,58,0,0,0,0,0,0,0,0,0,0,0,0,0,0,0,0,0,12,0,0,0,0,0,0,0,0,0,0,0,0,0,0,0,0,0,0,0,0,0,0,0,1,0,0,0,0,0,0,0,0,0,0,1,0,0,0,0,10,0,5,0,19,0,53,0,21,0,19,0,81,0,13,0,0,0,9,0,2,0,3,0,3,0,0,0,0,12,263,0,39,10,125,8,114,0,17,0,0,0,0,0,27,0,89,0,0,0,0,6,5,0,0,0,0,0,0,0,31,0,0,0,0,0,0,0,0,0,0,0,0,0,0,0,4,0,0,0,0,0,0,0,0,0,5,0,0,0,243,0,0,1,16,0,311,0,112,0,28,0,67,0,496,0,3,0,197,0,349,0,7,0,33,0,6,0,4,0,87,0,0,0
0,0,0,0,0,0,2,0,5,31,0,0,0,0,0,0,0,2,0,0,17,0,0,0,2,8,0,0,0,1,0,0,0,0,0,0,14,0,0,0,0,0,0,0,9,0,0,0,0,0,11,0,28,11,33,85,150,53,0,79,27,0,16,6,180,0,99,222,0,0,0,0,0,0,0,0,0,0,0,0,0,0,0,0,0,0,0,0,0,0,0,0,0,0,0,0,0,0,0,0,0,0,0,0,0,0,0,0,0,0,0,0,0,0,0,0,0,0,0,0,0,0,0,0,1,0,4,0,0,0,9,0,2,0,0,0,1,0,0,0,0,0,1,0,11,0,0,0,9,0,0,0,0,0,96,32,79,6,11,24,12,0,9,0,0,0,0,0,33,0,44,0,15,0,1,0,65,3,0,0,15,2,0,0,51,69,0,0,2,0,0,0,0,0,0,0,0,0,0,0,0,0,0,0,0,0,0,0,0,0,0,0,0,0,288,0,1,0,48,0,261,0,112,0,62,0,168,1,286,0,10,0,245,0,196,0,0,0,143,0,6,0,23,0,346,1,0,0,0
0,8,1,8,1,0,0,3,27,22,0,0,0,0,0,9,0,0,0,0,0,0,0,7,0,6,0,0,0,0,0,0,0,0,0,0,0,5,0,1,0,0,0,5,0,0,0,0,0,0,0,12,18,36,53,60,32,159,79,0,0,0,0,6,10,100,69,90,0,3,0,0,0,2,0,0,0,0,0,0,0,0,0,0,0,0,0,0,0,0,0,0,0,0,0,0,0,0,0,0,0,0,0,0,0,0,0,0,0,0,0,0,0,0,0,0,0,0,0,0,0,0,0,0,1,3,0,0,0,5,0,14,0,0,0,0,0,4,5,4,0,0,0,0,0,13,0,0,1,4,0,1,0,0,12,68,4,76,0,26,0,33,0,11,0,0,0,0,0,22,0,38,0,0,0,3,7,14,0,0,0,0,0,0,0,35,0,0,0,0,0,0,0,0,0,0,0,0,0,0,0,0,0,0,0,0,0,0,0,1,0,0,0,0,0,248,0,1,0,13,1,243,0,75,0,25,1,87,0,308,0,14,0,205,0,295,0,4,1,30,0,3,0,5,0,110,0,0,0
67,0,23,1,0,0,115,2,188,0,1,0,0,0,3,0,33,0,0,0,0,0,5,0,16,2,0,0,1,0,1,0,2,0,1,0,4,0,0,0,0,0,0,0,4,0,0,0,0,0,1,0,40,0,40,0,0,0,27,0,0,0,38,0,0,0,0,0,0,0,10,0,0,0,5,0,0,0,0,0,0,0,0,0,0,0,5,0,0,0,0,0,0,0,0,0,0,0,0,0,0,0,0,0,0,0,0,0,0,0,0,0,0,0,0,0,0,0,0,0,0,0,8,0,0,0,0,0,0,0,0,0,0,0,0,0,0,0,83,0,36,0,0,0,194,0,0,0,0,0,0,0,0,0,43,0,60,0,18,0,0,0,6,0,1,0,2,0,6,0,76,0,42,0,0,0,23,3,0,0,0,0,5,0,0,0,0,0,0,0,0,0,0,0,0,0,0,0,0,0,0,0,0,0,0,0,0,0,0,0,0,0,0,0,37,0,0,0,6,0,41,0,17,0,0,0,56,0,27,0,0,0,23,0,15,0,0,0,25,0,6,0,3,0,70,0,0,0,0
10,431,0,123,3,6,10,101,0,114,0,19,0,0,0,11,7,58,0,5,0,8,29,34,5,80,0,14,0,25,0,5,1,5,0,2,0,16,0,4,0,1,0,3,0,0,0,0,0,0,0,7,0,6,0,9,2,0,0,0,0,0,0,83,0,0,0,0,0,0,0,0,0,10,0,0,0,0,0,0,0,0,0,0,0,0,0,0,0,0,0,0,0,0,0,0,0,0,0,0,0,0,0,0,0,0,0,0,0,0,0,0,0,0,0,0,0,0,0,0,0,0,0,1,0,0,0,2,0,0,0,0,0,0,0,0,0,6,0,42,0,55,0,7,0,49,0,0,0,0,0,0,0,0,0,26,0,82,0,30,0,0,0,0,0,0,0,0,0,3,0,25,0,26,0,0,2,99,0,55,0,0,0,42,0,13,0,0,0,0,0,0,0,0,0,0,0,0,0,0,0,0,0,0,0,0,0,0,0,0,0,0,0,0,0,17,0,0,0,2,0,42,0,0,0,2,0,30,0,48,0,2,0,38,0,0,0,0,0,3,0,0,0,2,0,16,0,0,0
30,6,0,0,1,0,105,0,155,20,0,0,0,0,10,0,194,0,10,0,102,0,12,0,21,22,0,0,18,0,23,0,7,0,0,0,22,0,13,0,0,0,7,0,5,0,0,0,0,0,0,0,53,0,40,8,2,0,16,0,38,0,0,10,0,0,0,0,0,0,7,0,0,0,6,0,0,0,0,0,0,0,0,0,16,0,11,0,0,0,3,0,0,0,0,0,0,0,13,0,0,0,0,0,0,0,0,0,0,0,0,0,0,0,0,0,0,0,0,0,11,0,24,0,0,0,0,0,0,0,0,0,5,0,1,0,26,0,82,0,33,0,36,0,41,0,0,0,0,0,0,0,0,0,42,1,38,0,10,1,3,0,0,0,0,0,0,0,0,0,27,0,11,0,0,0,20,3,0,0,0,0,5,0,0,0,0,0,0,0,0,0,0,0,0,0,0,0,0,0,0,0,0,0,0,0,0,0,0,0,1,0,0,0,46,0,0,0,0,0,55,0,12,0,6,0,287,0,44,0,6,1,51,0,4,0,5,0,39,0,20,0,24,0,128,0,0,0,0
37,348,13,97,0,2,42,164,58,180,0,11,0,0,0,26,21,295,0,14,0,55,0,201,81,225,0,29,0,57,0,13,0,10,0,7,0,49,0,11,0,0,0,8,0,1,0,0,0,1,0,8,3,41,64,32,0,9,6,6,0,83,10,0,0,0,8,0,0,0,0,2,0,0,0,0,0,0,0,0,0,0,0,1,0,0,0,0,0,0,0,0,0,0,0,0,0,0,0,0,0,0,0,0,0,0,0,0,0,0,0,0,0,0,0,0,0,0,0,0,0,1,0,0,1,0,0,0,0,7,0,0,0,0,0,27,0,56,0,89,0,60,0,29,0,32,0,0,0,5,0,0,0,0,0,79,0,61,0,57,0,2,0,0,0,0,0,0,0,2,0,11,2,11,0,0,2,116,0,15,0,0,0,46,0,14,0,0,0,0,0,0,0,0,0,0,0,0,0,0,0,0,0,0,0,0,0,0,0,0,0,0,0,3,0,49,0,0,0,1,1,50,0,4,1,0,0,79,1,35,0,22,0,120,0,12,0,3,0,19,0,0,0,1,1,46,0,0,0
17,0,5,0,13,0,3,0,74,0,5,0,3,0,4,0,0,0,2,0,0,0,4,0,0,0,2,0,0,0,0,0,0,0,0,0,0,0,0,0,0,0,0,0,2,0,0,0,0,0,0,0,4,0,41,0,83,10,180,10,0,0,0,0,0,0,89,17,0,0,4,0,0,0,0,0,0,0,0,0,0,0,0,0,0,0,0,0,0,0,0,0,0,0,0,0,0,0,0,0,0,0,0,0,0,0,0,0,0,0,0,0,0,0,0,0,0,0,0,0,0,0,0,0,9,0,0,0,0,0,27,0,3,0,0,0,0,0,0,29,0,3,0,0,18,25,7,0,59,0,0,0,4,1,11,24,11,1,13,50,446,38,9,0,2,0,0,0,0,0,5,0,0,0,21,21,4,0,1,0,81,10,4,0,39,3,0,0,0,0,0,0,0,0,0,0,0,0,0,0,0,0,0,0,0,0,0,0,0,0,0,0,0,0,13,0,0,0,0,0,0,0,27,0,5,0,25,0,37,0,0,0,0,0,63,1,0,0,25,0,0,0,0,0,0,0,0,0,0
0,61,0,2,0,11,0,0,0,145,0,5,0,0,0,7,0,0,0,3,0,0,0,1,0,0,0,0,0,0,0,0,0,0,0,0,0,0,0,4,0,5,0,0,0,0,0,0,0,0,0,5,0,0,0,36,15,25,0,100,0,0,0,0,0,0,4,188,0,0,8,7,0,0,0,0,0,0,0,4,0,0,0,0,0,2,0,0,0,0,0,0,0,0,0,0,0,0,0,0,0,0,0,0,0,0,0,0,0,0,0,0,0,0,0,0,0,0,0,0,0,0,0,5,0,21,0,1,0,8,45,106,0,3,0,0,1,0,60,13,19,0,2,0,44,68,0,8,0,95,0,8,0,0,0,0,0,9,21,9,57,185,0,0,0,0,0,0,0,8,0,0,0,0,28,90,0,4,0,0,0,90,0,11,1,82,0,1,0,0,0,0,0,0,0,0,0,0,0,0,0,0,0,0,0,0,0,1,0,2,0,1,0,0,0,20,0,0,0,7,0,0,0,11,0,6,0,33,0,0,0,2,0,13,0,87,0,0,0,12,0,0,0,0,0,23,0,0,0
15,0,0,0,0,0,10,0,62,32,0,0,0,0,0,0,0,0,0,0,0,0,1,0,0,25,2,0,0,0,0,0,0,0,0,0,3,0,0,0,0,0,0,0,0,0,0,0,0,0,2,0,0,12,52,114,48,54,99,69,0,0,0,8,89,4,0,107,0,0,0,0,0,0,0,0,0,0,0,0,0,0,0,0,0,0,0,0,0,0,0,0,0,0,0,0,0,0,0,0,0,0,0,0,0,0,0,0,0,0,0,0,0,0,0,0,0,0,0,0,0,0,0,0,0,0,1,0,2,0,14,0,0,0,0,0,0,0,0,0,0,0,0,0,11,6,0,0,10,0,0,0,0,0,36,43,18,0,8,24,81,1,0,0,0,0,0,0,6,0,0,0,6,0,1,2,186,11,0,0,47,4,0,0,120,78,0,0,0,0,0,0,0,0,0,0,1,0,0,0,0,0,0,0,0,0,0,0,0,0,0,0,0,0,59,0,0,0,9,0,0,0,27,0,15,0,76,0,57,0,4,0,54,0,64,0,0,0,49,0,0,0,4,0,95,0,0,0,0
0,12,0,0,0,0,0,26,27,117,0,5,0,0,0,0,0,0,0,2,0,18,0,0,0,0,0,4,0,1,0,0,0,2,0,0,0,3,0,0,0,0,0,0,0,0,0,0,0,0,0,16,42,24,114,70,95,58,222,90,0,0,0,0,17,188,107,0,0,0,0,0,0,0,0,1,0,0,0,0,0,0,0,0,0,0,0,0,0,0,0,0,0,0,0,0,0,0,0,0,0,0,0,0,0,0,0,0,0,0,0,0,0,0,0,0,0,0,0,0,0,0,0,0,0,10,0,0,0,4,0,54,0,0,0,0,0,0,6,15,0,0,0,0,26,34,0,7,0,30,0,2,0,0,43,55,13,69,19,31,19,72,0,10,0,0,0,5,0,20,0,20,0,6,0,23,16,134,0,0,0,96,0,2,4,471,0,0,0,0,0,0,0,0,0,0,0,0,0,0,0,0,0,0,0,0,0,0,0,4,0,0,0,0,0,167,0,0,0,0,1,158,0,0,0,29,0,177,0,242,0,0,0,141,1,321,0,0,0,21,0,5,0,0,0,111,0,0,0
0,0,0,0,0,0,0,0,1,0,0,0,0,0,0,0,0,0,0,0,0,0,0,0,0,0,0,0,0,0,0,0,0,0,0,0,0,0,0,0,2,0,1,0,0,0,0,0,4,0,2,0,0,0,0,0,1,0,0,0,0,0,0,0,0,0,0,0,0,0,0,0,1,0,0,0,94,0,16,0,0,0,51,0,8,0,7,0,11,0,3,0,70,0,6,0,0,0,0,0,0,0,81,0,0,0,0,0,22,0,3,0,0,0,0,0,3,0,0,0,0,0,0,0,0,0,0,0,0,0,0,0,0,0,0,0,0,0,0,0,0,0,0,0,0,0,0,0,0,0,0,0,0,0,0,0,0,0,0,0,0,0,0,0,66,0,0,0,33,0,0,0,0,0,0,0,0,0,0,0,0,0,0,0,0,0,0,0,0,0,0,0,0,0,8,0,0,0,0,0,7,0,0,0,0,0,0,0,0,0,0,0,96,0,74,0,52,0,0,0,0,0,63,0,36,0,0,0,30,0,0,0,0,0,0,0,3,0,0,0,0,0,2,0,0,0,0,0,0
0,0,0,0,0,0,0,0,0,0,0,0,0,0,0,0,0,0,0,0,0,0,0,0,0,0,0,4,0,0,0,0,0,0,0,0,0,0,0,0,0,3,0,0,0,2,0,0,0,2,0,0,0,0,0,0,0,0,0,3,0,0,0,0,0,0,0,0,0,0,0,0,0,2,0,0,0,27,0,0,0,4,0,17,0,0,0,20,0,21,0,0,0,2,0,16,0,0,0,7,0,6,0,90,0,0,0,5,0,12,0,0,0,1,0,0,0,10,0,0,0,0,0,0,0,0,0,0,0,0,0,0,0,0,0,0,0,0,0,0,0,0,0,0,0,0,0,0,0,0,0,0,0,0,0,0,0,0,0,0,0,0,0,0,0,36,0,0,0,37,0,0,0,0,0,0,0,0,0,0,0,0,0,0,0,0,0,0,0,19,0,0,0,0,0,10,0,0,0,0,0,0,0,0,0,0,0,0,0,0,0,6,0,157,0,16,0,38,0,12,0,0,0,74,0,9,0,0,0,107,0,0,0,0,0,0,0,0,0,0,0,0,0,0,0,0,0,0,0
1,0,1,0,0,0,0,0,0,0,0,0,0,0,0,0,20,0,5,0,99,0,0,0,0,0,37,0,36,0,35,0,9,0,15,0,46,0,25,0,0,0,13,0,39,0,1,0,0,0,3,0,0,0,0,0,0,0,0,0,10,0,7,0,4,8,0,0,0,0,0,0,154,0,178,0,24,0,165,0,10,0,0,0,4,0,41,0,0,0,0,0,0,0,1,0,0,0,3,0,0,0,0,0,0,0,0,0,0,0,0,0,0,0,0,0,0,0,0,0,42,0,31,0,11,0,55,0,10,9,6,0,25,0,0,0,15,0,18,7,44,10,36,0,66,6,31,11,0,4,21,0,15,8,2,0,22,0,1,0,24,21,51,0,0,0,7,0,10,0,50,0,50,0,22,9,0,0,0,0,47,0,0,0,1,1,0,0,0,0,0,0,0,0,0,0,0,0,0,0,0,0,0,0,0,0,5,1,0,0,0,0,0,0,0,0,0,0,0,0,4,3,0,0,0,0,2,0,11,0,0,0,0,0,0,0,0,0,0,0,2,0,0,0,0,0,0,0,0
0,0,0,0,0,5,0,0,0,0,0,4,0,0,0,2,0,0,0,0,0,17,0,6,0,0,0,0,0,0,0,0,0,0,0,8,0,7,0,0,0,0,0,8,0,0,0,0,0,0,0,14,0,0,1,0,0,0,0,0,0,0,0,2,0,7,0,0,0,0,0,0,0,124,0,165,1,25,0,56,0,3,0,0,0,2,0,39,0,0,0,0,0,0,0,0,0,0,0,0,0,0,0,0,0,0,0,0,0,0,0,0,0,0,0,0,0,0,0,0,0,6,0,44,0,23,0,40,0,3,13,4,0,15,2,24,0,26,0,10,0,30,0,9,0,115,0,35,0,36,0,16,0,27,0,0,0,0,0,0,0,8,0,39,0,0,0,4,0,5,0,5,0,6,9,31,0,0,0,0,0,39,0,0,0,1,0,0,0,0,1,0,0,0,0,0,0,0,0,0,0,0,1,0,0,0,0,0,0,34,0,0,0,0,0,0,0,0,0,0,0,0,0,2,0,0,0,16,0,3,0,0,0,0,0,1,0,0,0,14,0,2,0,0,0,2,0,0,0
0,0,1,0,0,0,0,0,0,0,0,0,0,0,0,0,0,0,0,0,0,0,0,0,0,0,0,0,1,0,0,0,0,0,0,0,5,0,3,0,0,0,0,0,0,0,0,0,0,0,0,0,0,0,0,0,0,0,0,0,0,0,0,0,0,0,0,0,1,0,154,0,0,0,109,0,37,0,257,0,0,0,9,0,0,0,9,0,0,0,0,0,0,0,0,0,5,0,0,0,0,0,0,0,6,0,0,0,0,0,0,0,0,0,0,0,0,0,0,0,86,0,18,0,40,0,63,0,5,4,27,0,25,5,91,0,32,0,9,0,40,0,134,0,33,0,45,0,7,0,42,0,14,0,0,0,6,0,0,0,8,0,43,0,0,0,2,0,6,0,13,0,8,0,11,0,0,0,0,0,46,11,0,0,0,0,0,0,0,0,0,0,0,0,0,0,0,0,65,0,28,0,47,0,18,0,0,3,49,0,0,0,0,0,2,0,1,1,0,0,7,0,5,0,6,0,6,0,14,0,0,0,0,0,8,0,0,0,65,0,80,0,29,0,0,0,0,0,0
