0,139,77,48,23,2,23,153,99,88,147,0,120,0,8,24,37,37,0,0,18,0,32,56,3,262,24,0,0,0,8,0,0,0,0,0,0,0,338,0,14,0,0,0,0,0,0,1,25,0,0,0,0,6,3,17,0,0,2,0,88,0,54,0,0,0,0,0,0,0,0,0,0,0,0,0,0,0,0,0,0,0,0,0,0,0,0,0,0,0,0,0,0,0,0,0,0,0,0,0,0,0,0,0,0,0,0,0,0,0,0,0,0,0,0,0,0,0,0,0,0,0,0,0,0,0,0,0,0,0,0,0,0,0,0,0,0,0,0,0,0,0,0,0,0,0,1,0,3,0,0,0,0,0,0,0,0,0,0,0,0,0,4,0,0,0,0,0,0,0,100,0,206,0,0,0,230,117,44,0,5,0,87,0,0,0,5,0,0,0,0,0,0,0,0,0,0,0,0,0,0,0,0,0,0,0,0,0,0,0,733,138,271,319,416,0,24,4,0,0,0,0,0,0,0
139,0,168,70,0,106,0,45,5,84,15,217,0,151,0,48,35,48,0,84,25,0,289,35,40,78,0,108,0,30,0,2,0,173,0,0,0,188,0,325,0,29,0,6,0,28,0,118,0,4,0,0,0,4,0,7,0,0,0,0,0,118,0,41,0,17,0,12,0,0,0,0,0,0,0,0,0,0,0,0,0,0,0,0,0,0,0,0,0,0,0,0,0,0,0,0,0,0,0,0,0,0,0,0,0,0,0,0,0,0,0,0,0,0,0,1,0,0,0,0,0,0,0,0,0,0,0,0,0,0,0,0,0,0,0,7,0,0,0,0,0,0,0,0,0,5,0,11,0,23,0,0,0,42,0,0,0,0,0,0,0,0,0,0,0,0,0,0,0,78,0,113,0,187,0,13,79,259,0,6,0,0,0,7,0,142,0,2,0,0,0,0,0,0,0,0,0,0,0,11,0,7,0,0,0,0,0,10,0,14,0,0,0,0,633,0,0,0,1021,127,425,260,4,78,0
77,168,0,0,187,0,91,41,45,45,40,28,108,0,110,68,149,40,44,0,50,0,149,56,32,163,58,0,64,0,0,0,180,0,6,0,45,0,357,0,0,0,0,0,31,0,72,0,23,0,0,0,0,0,26,0,9,0,6,0,56,0,92,0,0,0,0,0,0,0,0,0,0,0,0,0,0,0,0,0,0,0,0,0,0,0,0,0,0,0,0,0,0,0,0,0,0,0,0,0,0,0,0,0,0,0,0,0,0,0,0,0,0,0,0,0,0,0,0,0,0,0,0,0,12,0,29,0,0,0,29,0,8,0,292,0,64,0,0,0,0,0,77,0,0,0,23,0,20,0,23,0,18,0,0,0,0,0,0,0,0,0,0,0,0,0,49,0,0,0,0,0,305,0,0,0,166,131,19,0,24,0,26,6,31,0,1,0,0,0,0,0,0,0,0,0,0,0,0,0,43,0,0,0,0,0,0,0,97,0,506,63,341,333,445,0,27,0,7,0,0,0,0,0,0
48,70,0,0,0,104,0,86,0,15,0,13,0,25,0,169,0,28,0,215,21,36,156,292,6,42,0,67,0,40,0,15,0,219,0,0,0,84,0,148,0,4,0,0,0,13,0,0,0,3,0,0,0,4,0,41,0,0,0,0,0,0,0,4,0,0,0,0,0,0,0,1,0,0,0,0,0,0,0,0,0,0,0,0,0,0,0,0,0,0,0,0,0,0,0,0,0,0,0,0,0,0,0,0,0,0,0,0,0,0,0,0,0,0,0,0,0,0,0,0,0,0,0,0,0,15,0,10,0,0,0,26,0,0,0,95,0,37,0,0,0,0,0,0,0,0,0,0,0,5,0,26,3,19,0,2,0,0,0,0,0,0,0,0,0,5,0,64,0,0,0,0,0,130,0,0,26,97,0,3,0,0,0,0,0,14,0,0,0,0,0,0,0,0,0,0,0,0,0,0,0,0,0,0,0,0,0,20,0,36,2,0,4,0,246,0,0,0,313,28,292,153,2,39,0
23,0,187,0,0,0,9,0,23,0,171,56,235,39,142,132,5,0,54,64,350,61,68,16,16,0,77,0,0,0,268,0,203,0,306,0,178,0,21,0,83,0,5,0,23,0,54,0,44,0,0,3,0,0,5,0,0,0,0,0,0,0,0,0,2,0,0,0,0,0,0,0,1,0,0,0,0,0,0,0,0,0,0,0,0,0,0,0,0,0,0,0,0,0,0,0,0,0,0,0,0,0,0,0,0,0,0,0,0,0,0,0,0,0,0,0,0,0,0,0,0,0,0,0,0,0,0,0,0,0,0,0,0,1,80,0,0,0,0,0,0,0,0,0,0,0,0,0,8,0,43,0,47,0,0,0,0,0,0,0,0,1,6,0,0,0,162,0,315,0,0,0,268,0,33,0,202,110,105,0,0,2,56,0,82,0,0,4,0,0,0,0,0,0,0,0,3,0,0,0,0,0,0,0,0,0,0,0,37,0,365,192,492,0,264,0,2,0,0,0,0,0,0,0,0
2,106,0,104,0,0,0,35,0,17,0,235,65,240,93,137,0,0,0,173,90,90,25,74,0,0,0,274,0,0,0,237,0,287,0,325,0,233,0,19,9,34,0,0,0,33,0,145,0,0,0,66,0,0,0,0,0,0,0,0,0,0,0,1,0,0,0,6,0,0,0,0,0,0,0,0,0,0,0,0,0,0,0,0,0,0,0,0,0,0,0,0,0,0,0,0,0,0,0,0,0,0,0,0,0,0,0,0,0,0,0,0,0,0,0,0,0,0,0,0,0,0,0,0,0,0,0,0,0,0,0,0,0,0,0,0,0,0,0,0,0,0,0,0,0,19,0,0,0,0,0,0,0,19,0,0,0,0,0,0,0,0,0,12,0,29,0,214,0,226,0,0,0,134,0,10,79,266,0,23,0,27,0,12,0,44,0,0,0,0,0,0,0,0,0,0,0,0,0,0,0,0,0,0,0,0,0,0,0,0,0,0,0,0,215,0,0,0,614,231,588,124,0,0,0
23,0,91,0,9,0,0,0,95,184,5,0,9,0,7,0,48,0,0,0,0,0,5,0,135,213,12,0,0,0,0,0,0,0,0,0,0,0,0,1,0,0,0,0,0,0,0,0,39,0,0,0,159,26,83,146,78,17,14,0,323,0,253,12,17,0,13,53,0,0,0,0,0,0,0,0,0,0,0,0,0,0,0,0,0,0,0,0,0,0,0,0,0,0,0,0,0,0,0,0,0,0,0,0,0,0,0,0,0,0,0,0,0,0,0,0,0,0,0,0,0,0,0,0,42,0,118,0,2,0,154,0,0,0,50,0,0,0,0,0,0,0,0,0,0,0,0,0,15,0,14,0,2,0,8,0,9,0,4,0,36,0,0,0,0,0,0,0,122,0,317,0,75,0,0,1,144,45,2,0,0,0,5,0,0,0,0,0,0,0,0,0,0,0,0,0,0,0,10,0,0,0,0,0,0,0,0,0,75,0,675,90,568,639,737,0,154,0,0,0,0,0,0,0,0
153,45,41,86,0,35,0,0,49,118,0,29,0,23,0,39,0,77,0,53,0,21,104,25,70,117,0,50,0,38,0,0,0,0,0,0,0,0,0,279,0,4,0,0,0,6,0,9,0,2,0,0,0,55,0,228,0,39,0,2,0,228,0,238,0,0,0,8,0,0,0,0,0,0,0,0,0,0,0,0,0,0,0,0,0,0,0,0,0,0,0,0,0,0,0,0,0,0,0,0,0,0,0,0,0,0,0,0,0,0,0,0,0,0,0,0,0,0,0,0,0,0,0,0,0,35,0,6,0,9,0,21,0,0,0,39,0,0,0,0,0,2,0,0,0,0,0,5,0,0,0,22,0,0,0,0,0,0,0,0,0,0,0,0,0,21,0,19,0,121,0,248,0,310,0,0,38,49,0,0,0,0,4,1,0,0,0,0,0,0,0,0,0,0,0,0,0,0,0,0,0,0,0,0,0,0,0,14,0,34,0,0,0,0,763,0,0,0,593,32,407,474,0,215,2
99,5,45,0,23,0,95,49,0,108,20,0,46,0,17,0,44,18,11,0,7,0,8,0,32,159,13,0,0,0,0,0,0,0,0,0,0,0,0,0,4,0,0,0,0,1,0,0,16,0,0,0,111,53,20,209,19,0,28,0,139,0,105,14,145,0,65,0,0,0,0,0,0,0,0,0,0,0,0,0,0,0,0,0,0,0,0,0,0,0,0,0,0,0,0,0,0,0,0,0,0,0,0,0,0,0,0,0,0,0,0,0,0,0,0,0,0,0,0,0,0,0,0,0,37,0,82,0,0,0,88,0,0,0,46,0,2,0,0,0,0,0,10,0,0,0,57,0,78,0,58,0,20,0,16,0,22,0,0,0,31,0,0,0,0,0,0,0,28,0,64,0,0,0,0,0,526,48,14,0,0,0,8,1,93,13,0,0,0,0,0,0,0,0,0,0,0,0,14,0,0,0,0,0,0,0,11,0,97,0,356,71,159,290,416,0,75,0,0,0,0,0,0,0,0
88,84,45,15,0,17,184,118,108,0,0,43,0,25,0,0,30,24,0,43,0,0,52,0,198,43,0,41,0,0,0,0,0,0,0,0,0,0,0,0,0,10,0,0,0,0,0,42,0,3,0,0,0,197,33,175,0,56,0,29,0,361,22,280,3,167,0,112,0,0,0,0,0,0,0,3,0,0,0,0,0,0,0,0,0,0,0,0,0,0,0,0,0,0,0,0,0,0,0,0,0,0,0,0,0,0,0,0,0,0,0,0,0,0,0,0,0,0,0,0,0,0,0,0,0,82,0,25,0,2,0,66,0,0,0,55,0,8,0,0,0,0,0,0,0,0,0,41,0,132,0,123,0,21,0,5,0,24,0,0,0,28,0,0,0,23,0,0,0,92,0,164,0,127,0,9,158,356,0,0,0,0,4,20,0,130,0,0,0,0,0,0,0,0,0,0,0,0,0,15,0,0,0,0,0,0,0,22,0,69,0,0,0,0,993,0,0,0,1062,72,390,551,15,199,3
147,15,40,0,171,0,5,0,20,0,0,30,229,0,32,105,0,0,17,0,123,3,7,27,0,0,0,0,0,0,119,0,148,0,97,0,85,0,0,0,26,0,7,0,28,0,37,0,23,0,0,0,0,0,0,0,0,0,0,0,0,0,0,0,0,0,0,0,0,0,0,0,0,0,0,0,0,0,0,0,0,0,0,0,0,0,0,0,0,0,0,0,0,0,0,0,0,0,0,0,0,0,0,0,0,0,0,0,0,0,0,0,0,0,0,0,1,0,0,0,0,0,0,0,0,0,0,0,0,0,0,0,0,0,10,0,0,0,0,0,0,0,0,0,0,0,0,0,0,0,29,0,24,0,0,0,0,0,0,0,0,0,0,0,0,0,40,0,0,0,0,0,145,0,22,0,222,91,125,1,30,0,55,0,64,0,16,0,0,0,0,0,0,0,0,0,0,0,0,0,0,0,0,0,0,0,0,0,0,0,257,110,203,0,156,6,0,0,0,0,0,0,0,0,0
0,217,28,13,56,235,0,29,0,43,30,0,26,403,104,23,0,0,35,52,110,14,27,10,0,0,0,108,0,0,0,78,0,303,0,99,0,102,0,24,0,86,0,0,0,76,0,216,0,21,0,0,0,0,0,0,0,0,0,0,0,0,0,0,0,4,0,0,0,0,0,0,0,0,0,0,0,0,0,0,0,0,0,0,0,0,0,0,0,0,0,0,0,0,0,0,0,0,0,0,0,0,0,0,0,0,0,0,0,0,0,0,0,0,0,0,0,0,0,0,0,0,0,0,0,0,0,0,0,0,0,0,0,0,0,0,0,0,0,0,0,0,0,0,0,0,0,0,0,8,0,53,0,64,0,0,0,0,0,0,0,0,0,3,0,0,0,27,0,0,0,0,0,0,0,27,88,363,5,25,0,56,0,44,0,97,0,10,0,0,0,0,0,0,0,0,0,0,0,0,0,0,0,0,0,0,0,0,0,0,0,2,0,0,104,0,0,0,372,127,181,0,0,0,0
120,0,108,0,235,65,9,0,46,0,229,26,0,343,90,40,0,0,102,325,189,113,0,0,0,0,240,418,0,0,46,0,0,0,450,0,115,0,0,0,199,36,87,0,65,22,197,81,31,0,387,16,0,0,0,0,0,0,0,0,0,0,3,0,2,0,0,0,0,0,0,0,0,0,0,0,0,0,0,0,0,0,0,0,0,0,0,0,0,0,0,0,0,0,0,0,0,0,0,0,0,0,0,0,0,0,0,0,0,0,0,0,0,0,0,0,0,0,0,0,0,0,0,0,0,0,0,0,0,0,0,0,0,0,74,0,0,0,0,0,0,0,0,0,0,0,0,0,0,0,45,0,46,0,0,0,0,0,0,0,0,0,0,0,114,0,35,0,0,0,0,0,0,0,0,0,240,181,191,0,95,0,87,0,68,0,176,20,0,0,0,0,0,0,0,0,0,0,0,0,0,0,0,0,0,0,0,0,0,0,76,70,453,0,29,0,0,3,0,0,0,0,0,0,0
0,151,0,25,39,240,0,23,0,25,0,403,343,0,64,6,0,0,343,81,130,98,0,0,0,0,466,68,0,0,0,32,0,0,0,439,5,64,0,0,113,162,42,117,93,52,72,263,5,44,0,401,0,0,0,5,0,0,0,0,0,0,0,1,0,1,0,0,0,0,0,0,0,0,0,0,0,0,0,0,0,0,0,0,0,0,0,0,0,0,0,0,0,0,0,0,0,0,0,0,0,0,0,0,0,0,0,0,0,0,0,0,0,0,0,0,0,0,0,0,0,0,0,0,0,0,0,0,0,0,0,0,0,0,0,24,0,0,0,0,0,0,0,0,0,0,0,0,0,12,0,0,0,0,0,0,0,0,0,0,0,0,0,0,0,39,0,0,0,0,0,0,0,0,0,8,45,215,13,6,0,0,0,14,0,60,38,35,0,0,0,0,0,0,0,0,0,0,0,0,0,0,0,0,0,0,0,6,0,0,0,0,0,0,27,0,0,0,69,101,206,33,0,0,0
8,0,110,0,142,93,7,0,17,0,32,104,90,64,0,189,19,0,235,77,262,67,373,22,72,0,183,0,2,0,177,0,156,0,49,0,68,7,0,0,28,0,0,0,33,0,34,0,15,0,0,0,0,0,21,0,0,0,0,0,0,0,7,0,0,0,0,0,0,0,0,0,0,0,0,0,0,0,0,0,0,0,0,0,0,0,0,0,0,0,0,0,0,0,0,0,0,0,0,0,0,0,0,0,0,0,0,0,0,0,0,0,0,0,0,0,0,0,0,0,0,0,0,0,0,0,9,0,0,0,0,0,0,0,156,0,0,0,0,0,0,0,109,0,0,0,0,0,10,0,0,0,22,0,0,0,0,0,0,0,0,0,0,0,0,0,78,0,70,0,0,0,84,0,0,0,141,112,40,0,28,0,42,0,60,0,0,0,0,0,0,0,0,0,0,0,4,0,0,0,0,0,0,0,0,0,0,0,71,0,50,26,75,0,38,0,0,0,0,0,0,0,0,0,0
24,48,68,169,132,137,0,39,0,0,105,23,40,6,189,0,2,3,65,270,239,252,132,63,0,164,0,100,0,5,6,153,11,71,0,71,0,49,0,8,0,0,1,4,0,0,4,0,0,0,0,0,0,0,0,76,0,0,0,0,0,0,0,2,0,0,0,0,0,0,0,5,0,0,0,0,0,0,0,0,0,0,0,0,0,49,0,0,0,0,0,0,0,0,0,0,0,0,0,0,0,0,0,0,0,0,0,0,0,0,0,0,0,0,0,0,0,0,0,0,0,0,0,0,0,0,0,0,0,0,0,8,0,0,0,215,0,26,2,0,0,0,0,0,0,0,0,5,0,0,0,17,0,0,0,8,0,0,0,0,0,0,0,0,0,0,5,39,0,0,0,0,0,0,0,6,109,406,19,7,0,0,0,7,0,43,0,0,0,0,0,0,0,0,0,0,0,0,0,0,0,78,0,0,0,0,1,0,0,22,0,0,0,0,105,0,0,0,314,181,112,53,0,3,0
37,35,149,0,5,0,48,0,44,30,0,0,0,0,19,2,0,10,113,0,302,0,83,12,91,54,113,0,242,0,80,0,239,0,7,0,15,0,309,0,0,0,0,0,0,0,23,0,0,0,0,0,198,0,22,9,7,0,0,0,86,0,325,3,0,0,0,0,0,0,10,0,0,0,13,0,0,0,0,0,34,0,0,0,444,0,36,0,0,0,217,0,0,0,0,0,558,0,166,0,28,0,0,0,0,0,203,0,0,0,0,0,0,0,0,0,0,0,0,0,35,0,42,0,0,0,0,0,40,0,0,0,0,0,29,0,169,0,82,0,67,0,320,0,0,0,0,0,0,0,0,0,8,0,19,0,7,0,37,0,9,0,0,0,0,0,0,0,0,0,56,0,76,0,0,0,13,0,0,0,0,0,73,0,0,0,0,0,0,0,0,0,0,0,0,0,0,0,0,0,94,0,0,0,0,0,0,0,0,0,17,0,68,47,39,0,0,0,0,0,0,0,0,0,0
37,48,40,28,0,0,0,77,18,24,0,0,0,0,0,3,10,0,0,0,1,114,60,6,21,37,0,0,0,128,0,9,1,126,0,4,0,26,0,334,0,0,0,0,0,3,0,0,0,0,0,0,0,94,2,21,0,39,0,1,0,36,0,167,0,0,0,0,0,0,0,0,0,0,0,0,0,0,0,0,0,0,0,0,0,137,0,0,0,0,0,0,0,0,0,0,0,97,0,28,0,42,0,0,0,0,0,0,0,0,0,0,0,0,0,0,0,0,0,0,0,0,0,0,0,0,0,0,0,0,0,0,0,0,0,110,0,31,0,47,0,9,0,39,0,0,0,0,0,0,0,0,0,0,0,29,0,1,0,23,0,0,0,0,0,0,0,9,0,0,0,0,0,49,0,0,4,17,0,1,0,0,0,27,0,0,0,0,0,0,0,0,0,0,0,0,0,0,0,0,0,0,0,0,0,0,0,0,0,0,0,0,0,0,30,0,0,0,25,6,40,0,0,8,0
0,0,44,0,54,0,0,0,11,0,17,35,102,343,235,65,113,0,0,335,259,162,329,0,56,0,94,272,0,0,21,4,0,0,184,37,28,0,0,0,19,0,0,0,10,0,52,0,9,0,65,0,0,0,0,0,0,0,0,0,0,0,59,0,0,0,0,0,0,0,0,0,0,0,0,0,0,0,0,0,0,0,23,0,200,0,0,0,0,0,0,0,0,0,0,0,314,0,0,0,37,0,0,0,0,0,0,0,0,0,0,0,0,0,0,0,0,0,0,0,0,0,0,0,0,0,0,0,0,0,0,0,0,0,0,0,0,0,0,0,20,0,0,0,0,0,15,0,0,0,0,0,0,0,0,0,0,0,0,0,0,0,6,0,69,0,54,0,103,0,0,0,28,0,0,0,69,87,41,0,0,2,29,0,40,0,0,26,0,0,0,0,0,0,0,0,0,0,0,0,0,0,0,0,0,0,0,0,0,0,102,56,178,62,38,0,0,0,0,0,0,0,0,0,0
0,84,0,215,64,173,0,53,0,43,0,52,325,81,77,270,0,0,335,0,128,210,0,71,0,170,196,134,0,0,0,132,0,0,0,275,0,76,0,0,0,11,0,22,0,33,12,83,0,2,0,154,0,0,0,0,0,0,0,0,0,0,0,0,0,9,0,0,0,0,0,0,0,0,0,0,0,0,0,0,0,0,0,0,0,274,0,0,0,0,0,0,0,0,0,0,0,0,0,0,0,0,0,0,0,0,0,0,0,0,0,0,0,0,0,0,0,0,0,1,0,0,0,0,0,0,0,16,0,0,0,0,0,0,0,0,0,0,0,0,0,5,0,0,0,0,0,0,0,22,0,0,0,64,0,0,0,0,0,0,0,0,0,0,0,25,0,31,0,0,0,0,0,0,0,0,42,153,10,0,0,0,0,27,0,98,21,26,0,0,0,0,0,0,0,0,0,0,0,0,0,157,0,0,0,0,0,0,0,0,0,0,0,0,55,0,0,0,94,69,127,74,0,1,0
18,25,50,21,350,90,0,0,7,0,123,110,189,130,262,239,302,1,259,128,0,69,285,24,45,0,258,0,58,0,76,6,9,0,59,27,36,4,5,0,0,0,41,0,64,0,8,0,23,0,76,0,0,0,12,0,0,0,0,0,0,0,87,0,0,0,0,0,0,0,54,0,0,0,60,0,0,0,0,0,78,0,0,0,378,0,65,0,0,0,0,0,0,0,0,0,443,0,514,0,87,0,0,0,0,0,0,0,0,0,0,0,0,0,0,0,0,0,0,0,94,0,0,0,0,0,0,0,0,0,0,0,0,0,0,0,0,0,46,0,37,0,159,0,0,0,0,0,0,0,0,0,0,0,0,0,0,0,0,0,0,0,0,0,113,0,120,0,203,0,0,0,106,0,0,0,234,122,74,0,0,0,27,0,0,0,0,0,0,0,0,0,0,0,0,0,0,0,0,0,0,0,0,0,0,0,0,0,0,0,231,132,249,94,124,6,0,0,0,0,0,0,0,0,0
0,0,0,36,61,90,0,21,0,0,3,14,113,98,67,252,0,114,162,210,69,0,0,319,0,142,49,226,0,106,0,44,0,78,0,94,0,96,0,0,0,1,0,23,0,73,0,31,0,3,0,87,0,43,0,35,0,0,0,0,0,0,0,35,0,0,0,0,0,0,0,22,0,0,0,24,0,0,0,0,0,435,0,0,0,1028,0,0,0,0,0,0,0,0,0,0,0,229,0,380,0,0,0,0,0,0,0,0,0,0,0,0,0,0,0,0,0,0,0,0,0,0,0,20,0,0,0,0,0,0,0,0,0,0,0,659,0,0,0,213,0,151,0,510,0,81,0,0,0,0,0,0,0,0,0,65,0,0,0,0,0,0,0,0,0,0,0,53,0,149,0,0,0,62,0,0,20,59,9,1,0,0,0,0,0,12,2,10,0,0,0,0,0,0,0,0,0,0,0,0,0,0,0,0,0,0,0,0,0,0,0,0,0,0,46,0,0,0,143,159,248,60,0,0,0
32,289,149,156,68,25,5,104,8,52,7,27,0,0,373,132,83,60,329,0,285,0,0,169,94,235,334,0,80,0,59,0,271,0,0,0,45,9,205,0,0,0,0,0,119,0,152,0,17,0,8,0,31,0,88,0,0,1,0,0,0,4,38,0,0,0,0,0,0,0,0,0,0,0,0,0,0,0,0,0,0,0,0,0,75,0,0,0,0,0,0,0,0,0,0,0,158,0,0,0,0,0,0,0,0,0,147,0,0,0,0,0,0,0,0,0,0,0,0,0,0,0,0,0,0,0,0,0,0,0,0,0,0,0,149,0,131,0,0,0,5,0,188,0,0,0,5,0,3,0,0,0,11,0,7,0,0,0,0,0,0,0,0,0,0,0,36,0,83,0,0,0,339,0,0,0,192,167,14,1,5,0,87,3,16,0,0,0,0,0,0,0,0,0,0,0,0,0,47,0,0,0,0,0,0,0,18,0,29,0,339,35,262,235,287,0,6,2,12,0,0,0,0,0,0
56,35,56,292,16,74,0,25,0,0,27,10,0,0,22,63,12,6,0,71,24,319,169,0,0,43,0,44,0,72,0,46,4,212,0,11,0,38,0,66,0,0,0,0,0,0,0,0,0,0,0,0,0,5,0,32,0,28,0,0,0,5,0,8,1,0,0,0,0,0,0,0,0,0,0,0,0,0,0,0,0,14,0,0,0,73,0,0,0,0,0,21,0,0,0,0,0,55,0,27,0,0,0,0,0,0,0,0,0,0,0,0,0,0,0,0,0,0,0,0,0,0,0,0,0,1,0,0,0,0,0,0,0,0,0,91,0,0,0,0,0,0,0,0,0,0,0,0,0,0,0,0,0,0,0,15,0,0,0,0,0,0,0,0,0,0,0,58,0,49,0,19,0,64,0,0,20,63,1,2,0,0,0,1,0,0,0,0,0,0,0,0,0,0,0,0,0,0,0,0,0,0,0,0,0,0,0,0,0,0,0,0,0,0,84,0,0,0,274,123,152,47,0,4,0
3,40,32,6,16,0,135,70,32,198,0,0,0,0,72,0,91,21,56,0,45,0,94,0,0,242,0,0,50,0,6,0,0,0,0,0,0,0,95,0,0,0,0,0,0,0,24,0,23,0,0,0,95,9,92,104,13,0,0,0,121,0,290,22,0,0,0,0,0,0,0,0,0,0,0,0,0,0,0,0,0,0,0,0,44,0,0,0,0,0,52,0,0,0,0,0,104,0,0,0,0,0,0,0,90,0,102,0,0,0,0,0,0,0,0,0,0,0,0,0,0,0,0,0,0,0,0,0,0,0,4,0,7,0,101,0,123,0,3,0,9,0,163,0,0,0,0,0,0,0,0,0,0,0,11,0,4,0,2,0,0,0,5,0,0,0,0,0,34,0,135,4,77,0,0,0,68,22,0,0,0,1,41,0,0,0,0,0,0,0,0,0,0,0,0,0,0,0,44,0,98,0,0,0,0,0,0,0,14,0,215,22,191,227,237,0,31,0,0,0,0,0,0,0,0
262,78,163,42,0,0,213,117,159,43,0,0,0,0,0,164,54,37,0,170,0,142,235,43,242,0,0,0,0,50,0,0,0,40,0,0,0,0,0,87,0,0,0,0,0,6,0,0,2,0,0,0,0,15,3,84,0,29,0,2,0,33,6,181,0,0,0,0,0,0,0,0,0,0,0,0,0,0,0,0,0,0,0,0,0,38,0,0,0,0,0,12,0,0,0,0,0,41,0,0,0,12,0,0,0,8,0,48,0,0,0,0,0,0,0,0,0,0,0,0,0,0,0,0,0,0,0,0,0,0,0,0,0,0,0,109,0,33,0,0,0,1,0,9,0,1,0,0,0,0,0,0,0,0,0,8,0,0,0,10,0,0,0,0,0,1,0,2,0,0,0,32,8,65,0,0,50,114,0,0,0,0,5,45,0,0,0,0,0,0,0,0,0,0,0,0,0,0,0,0,0,40,0,0,0,0,0,0,0,0,0,0,0,0,90,0,0,0,72,11,63,53,0,17,0
24,0,58,0,77,0,12,0,13,0,0,0,240,466,183,0,113,0,94,196,258,49,334,0,0,0,0,690,64,0,15,0,0,0,147,0,102,0,0,0,36,137,160,31,154,41,106,308,62,0,517,0,0,0,0,0,0,0,0,0,0,0,0,0,0,0,0,0,0,0,132,0,0,0,0,0,0,0,0,0,152,0,0,0,573,0,0,0,0,0,0,0,0,0,0,0,0,0,0,0,0,0,0,0,0,0,0,0,0,0,0,0,0,0,0,0,0,0,0,0,0,0,0,0,0,0,0,0,0,0,0,0,0,0,0,0,0,0,0,0,0,0,0,0,0,0,0,0,18,0,0,0,23,0,0,0,0,0,0,0,0,0,24,0,267,0,52,0,0,0,11,0,0,0,0,0,0,108,23,0,0,0,39,0,71,0,106,18,0,0,0,0,0,0,0,0,0,0,0,0,0,0,0,0,0,0,0,0,0,0,0,133,477,0,0,0,0,30,0,0,0,0,0,0,0
0,108,0,67,0,274,0,50,0,41,0,108,418,68,0,100,0,0,272,134,0,226,0,44,0,0,690,0,0,0,0,28,0,0,0,152,0,54,0,0,278,15,71,275,140,273,183,101,4,62,110,491,0,0,0,0,0,0,0,0,0,0,0,0,0,13,0,0,0,0,0,0,0,0,0,0,0,0,0,0,0,0,0,0,0,412,0,0,0,0,0,0,0,0,0,0,0,0,0,0,0,0,0,0,0,0,0,0,0,0,0,0,0,0,0,0,0,0,0,0,0,55,0,0,0,0,0,0,0,0,0,0,0,0,0,0,0,0,0,0,0,31,0,0,0,0,0,19,0,26,0,0,0,0,0,0,0,0,0,0,0,0,0,0,0,146,1,0,0,123,0,8,0,0,0,0,0,107,9,4,0,0,0,23,0,119,49,18,0,0,0,0,0,0,0,0,0,0,0,0,0,0,0,0,0,0,0,0,0,0,0,0,0,0,0,0,0,0,82,326,586,67,0,0,36
0,0,64,0,0,0,0,0,0,0,0,0,0,0,2,0,242,0,0,0,58,0,80,0,50,0,64,0,0,0,36,0,2,0,20,0,2,0,8,0,0,0,7,0,3,0,0,0,0,0,22,0,9,0,0,0,0,0,0,0,3,0,12,0,0,0,0,0,0,0,5,0,0,0,11,0,0,0,0,0,19,0,0,0,118,0,11,0,0,0,0,0,0,0,0,0,93,0,88,0,0,0,1,0,0,0,0,0,0,0,0,0,0,0,0,0,0,0,0,0,0,0,0,0,0,0,0,0,0,0,0,0,0,0,0,0,0,0,19,0,8,0,67,0,9,0,0,0,0,0,0,0,0,0,6,0,0,0,6,0,0,0,0,0,0,0,0,0,0,0,0,0,0,0,0,0,0,0,0,0,0,0,0,0,0,0,0,0,0,0,0,0,0,0,0,0,0,0,0,0,0,0,0,0,0,0,0,0,0,0,0,3,0,0,0,0,0,0,0,0,0,0,0,0,0
0,30,0,40,0,0,0,38,0,0,0,0,0,0,0,5,0,128,0,0,0,106,0,72,0,50,0,0,0,0,0,29,0,52,0,157,0,21,0,86,0,0,0,10,0,0,0,0,0,0,0,71,0,30,0,7,0,35,0,0,0,38,0,11,0,0,0,0,0,0,0,0,0,0,0,0,0,0,0,0,0,0,0,0,0,159,0,0,0,0,0,0,0,0,0,0,0,34,0,43,0,0,0,0,0,0,0,0,0,0,0,0,0,0,0,0,0,0,0,0,0,18,0,3,0,0,0,0,0,28,0,0,0,0,0,117,0,0,0,127,0,55,0,128,0,0,0,0,0,0,0,0,0,0,0,63,0,0,0,64,0,0,0,0,0,2,0,0,0,0,0,0,0,0,0,0,0,3,0,0,0,0,0,0,0,0,0,0,0,0,0,0,0,0,0,0,0,0,0,0,0,0,0,0,0,0,0,0,0,0,0,0,0,0,0,0,0,0,6,0,0,0,0,0,0
8,0,0,0,268,0,0,0,0,0,119,0,46,0,177,6,80,0,21,0,76,0,59,0,6,0,15,0,36,0,0,0,4,0,18,0,31,1,8,0,0,0,18,0,0,0,0,0,6,0,26,0,2,0,0,0,0,0,0,0,0,0,44,0,0,0,4,0,0,0,18,0,0,0,27,0,0,0,0,0,0,0,0,0,122,0,0,0,0,0,0,0,0,0,0,0,114,0,150,0,0,0,0,0,0,0,0,0,0,0,0,0,0,0,0,0,0,0,0,0,37,0,16,0,0,0,0,0,0,0,0,0,0,0,0,0,19,0,0,0,0,0,0,0,11,0,0,0,0,0,0,0,0,0,0,0,0,0,0,0,0,0,0,0,12,0,81,0,85,0,0,0,52,0,0,0,20,0,27,0,0,0,0,0,0,0,0,0,0,0,0,0,0,0,0,0,0,0,0,0,0,0,0,0,0,0,0,0,0,0,0,34,57,35,39,0,0,0,0,0,0,0,0,0,0
0,2,0,15,0,237,0,0,0,0,0,78,0,32,0,153,0,9,4,132,6,44,0,46,0,0,0,28,0,29,0,0,0,2,0,64,0,16,0,2,0,0,0,16,0,0,0,0,0,0,0,48,0,0,0,4,0,0,0,0,0,0,0,3,0,0,0,0,0,0,0,0,0,0,0,0,0,0,0,0,0,16,0,0,0,64,0,0,0,0,0,0,0,0,0,0,0,0,0,0,0,0,0,0,0,0,0,0,0,0,0,0,0,0,0,0,0,0,0,0,0,13,0,0,0,0,0,0,0,1,0,0,0,0,0,41,0,0,0,23,0,15,0,52,0,0,0,0,0,0,0,0,0,0,0,1,0,3,0,0,0,0,0,0,0,0,0,7,0,0,0,0,0,0,0,0,0,6,0,0,0,1,0,0,0,0,0,0,0,0,0,0,0,0,0,0,0,0,0,0,0,0,0,0,0,0,0,0,0,0,0,0,0,0,7,0,0,0,29,21,18,0,1,0,0
0,0,180,0,203,0,0,0,0,0,148,0,0,0,156,11,239,1,0,0,9,0,271,4,0,0,0,0,2,0,4,0,0,0,0,0,80,0,1,0,0,0,0,0,0,0,0,0,8,0,6,0,7,0,0,0,0,0,0,0,6,0,30,0,0,0,0,0,0,0,13,0,0,0,21,0,0,0,0,0,19,0,0,0,81,0,0,0,0,0,48,0,0,0,0,0,93,0,118,0,0,0,0,0,0,0,0,0,0,0,0,0,0,0,0,0,0,0,0,0,17,0,7,0,0,0,0,0,0,0,0,0,0,0,0,0,0,0,17,0,10,0,0,0,6,0,0,0,0,0,0,0,0,0,0,0,3,0,4,0,0,0,0,0,0,0,43,0,27,0,0,0,37,0,0,0,54,0,25,0,0,0,23,0,0,0,0,0,0,0,0,0,0,0,0,0,0,0,0,0,0,0,0,0,0,0,0,0,0,0,50,64,42,24,25,0,0,0,0,0,0,0,0,0,0
0,173,0,219,0,287,0,0,0,0,0,303,0,0,0,71,0,126,0,0,0,78,0,212,0,40,0,0,0,52,0,2,0,0,0,58,0,117,0,1,0,0,0,10,0,0,0,0,0,4,0,12,0,0,0,0,0,0,0,0,0,9,0,4,0,0,0,0,0,0,0,0,0,0,0,0,0,0,0,0,0,29,0,0,0,97,0,0,0,0,0,0,0,0,0,0,0,0,0,0,0,0,0,0,0,0,0,0,0,0,0,0,0,0,0,0,0,0,0,0,0,7,0,0,0,0,0,0,0,0,0,0,0,0,0,0,0,0,0,31,0,16,0,52,0,29,0,0,0,0,0,0,0,0,0,14,0,21,0,0,0,0,0,0,0,0,0,77,0,0,0,7,0,42,0,0,0,40,0,11,0,0,0,2,0,0,0,0,0,0,0,0,0,0,0,0,0,0,0,0,0,0,0,0,0,0,0,0,0,0,0,0,0,0,14,0,0,0,38,43,55,0,0,0,0
0,0,6,0,306,0,0,0,0,0,97,0,450,0,49,0,7,0,184,0,59,0,0,0,0,0,147,0,20,0,18,0,0,0,0,0,169,0,2,0,0,0,16,0,6,0,0,0,4,0,62,0,1,0,0,0,0,0,7,0,0,0,6,0,0,0,0,0,0,0,23,0,0,0,18,0,0,0,0,0,0,0,0,0,39,0,0,0,0,0,0,0,0,0,0,0,33,0,98,0,0,0,0,0,0,0,0,0,0,0,0,0,0,0,0,0,0,0,0,0,0,0,4,0,0,0,0,0,0,0,0,0,0,0,0,0,0,0,0,0,0,0,0,0,15,0,5,0,0,0,0,0,0,0,0,0,0,0,0,0,0,0,9,0,47,0,75,0,60,0,0,0,37,0,0,0,0,0,93,0,0,0,0,0,0,0,6,0,0,0,0,0,0,0,0,0,0,0,0,0,0,0,0,0,0,0,0,0,0,0,49,20,92,25,15,0,0,0,0,0,0,0,0,0,0
0,0,0,0,0,325,0,0,0,0,0,99,0,439,0,71,0,4,37,275,27,94,0,11,0,0,0,152,0,157,0,64,0,58,0,0,0,93,0,8,0,0,0,33,0,10,0,0,0,0,0,65,0,0,0,0,0,0,0,0,0,0,0,0,0,0,0,0,0,0,0,9,0,0,0,9,0,0,0,0,0,96,0,0,0,191,0,0,0,0,0,0,0,0,0,16,0,0,0,67,0,0,0,0,0,10,0,0,0,0,0,0,0,0,0,0,0,0,0,0,0,0,0,0,0,0,0,0,0,0,0,0,0,0,0,0,0,0,0,45,0,52,0,143,0,49,0,0,0,0,0,0,0,0,0,0,0,3,0,0,0,0,0,0,0,22,0,62,0,81,0,11,0,20,0,0,0,29,0,0,0,0,0,0,0,0,0,40,0,0,0,0,0,0,0,0,0,0,0,0,0,0,0,0,0,0,0,0,0,0,0,0,0,0,30,0,0,0,57,52,109,0,0,0,0
0,0,45,0,178,0,0,0,0,0,85,0,115,5,68,0,15,0,28,0,36,0,45,0,0,0,102,0,2,0,31,0,80,0,169,0,0,0,87,0,0,0,80,0,33,0,0,0,7,0,143,0,13,0,0,0,0,0,0,0,20,0,31,0,0,1,0,0,0,0,86,0,20,0,58,0,0,0,0,0,56,0,0,0,165,0,38,0,0,0,30,0,0,0,0,0,76,0,310,0,36,0,0,0,0,0,0,0,0,0,0,0,0,0,0,0,0,0,0,0,105,0,36,0,0,0,0,0,0,0,0,0,0,0,0,0,28,0,66,0,0,0,120,0,144,0,0,0,0,0,0,0,0,0,21,0,49,0,0,0,0,0,0,0,21,0,38,0,68,0,20,0,63,0,0,0,14,0,9,0,0,0,6,0,3,0,4,0,0,0,0,0,0,0,0,0,0,0,0,0,0,0,0,0,0,0,0,0,0,0,48,52,48,9,11,0,0,0,0,0,0,0,0,0,0
0,188,0,84,0,233,0,0,0,0,0,102,0,64,7,49,0,26,0,76,4,96,9,38,0,0,0,54,0,21,1,16,0,117,0,93,0,0,0,69,0,0,0,85,0,21,0,0,0,3,0,140,0,0,0,0,0,0,0,0,0,25,0,4,0,0,0,0,0,0,0,14,0,0,0,5,0,0,0,3,0,0,0,0,0,87,0,0,0,0,0,0,0,0,0,0,0,0,0,0,0,21,0,0,0,0,0,0,0,0,0,0,0,0,0,0,0,0,0,0,0,77,0,0,0,0,0,0,0,0,0,0,0,0,0,0,0,0,0,109,0,166,0,194,0,191,0,0,0,0,0,0,0,0,0,18,0,65,0,39,0,0,0,9,0,16,0,68,0,83,0,21,0,112,0,0,0,39,0,0,0,0,0,15,0,0,0,5,0,0,0,0,0,0,0,0,0,0,0,0,0,0,0,0,0,0,0,0,0,0,0,0,0,0,19,0,0,0,40,107,122,23,0,0,0
338,0,357,0,21,0,0,0,0,0,0,0,0,0,0,0,309,0,0,0,5,0,205,0,95,0,0,0,8,0,8,0,1,0,2,0,87,0,0,0,0,0,6,0,0,0,0,0,0,0,5,0,13,0,5,0,0,0,0,0,4,0,19,0,0,0,0,0,0,0,0,0,0,0,0,0,0,0,0,0,10,0,0,0,35,0,0,0,0,0,0,0,0,0,0,0,0,0,50,0,0,0,0,0,0,0,0,0,0,0,0,0,0,0,0,0,0,0,0,0,13,0,5,0,0,0,0,0,0,0,0,0,0,0,0,0,0,0,0,0,22,0,0,0,7,0,0,0,0,0,0,0,0,0,0,0,11,0,5,0,0,0,0,0,2,0,26,0,1,0,0,0,29,0,0,0,36,0,4,0,0,0,82,0,0,0,0,0,0,0,0,0,0,0,0,0,0,0,0,0,0,0,0,0,0,0,0,0,0,0,0,142,0,0,0,0,0,0,0,0,0,0,0,0,0
0,325,0,148,0,19,1,279,0,0,0,24,0,0,0,8,0,334,0,0,0,0,0,66,0,87,0,0,0,86,0,2,0,1,0,8,0,69,0,0,0,0,0,0,0,2,0,0,0,0,0,0,0,4,0,0,0,0,0,0,0,14,0,11,0,0,0,0,0,0,0,0,0,0,0,0,0,0,0,0,0,0,0,0,0,0,0,0,0,0,0,0,0,0,0,0,0,6,0,0,0,0,0,0,0,0,0,0,0,0,0,0,0,0,0,0,0,0,0,0,0,0,0,0,0,0,0,0,0,0,0,0,0,0,0,0,0,0,0,25,0,15,0,19,0,16,0,0,0,0,0,0,0,0,0,9,0,26,0,16,0,0,0,0,0,0,0,1,0,0,0,4,0,24,0,0,0,48,0,15,0,0,0,34,0,0,0,0,0,0,0,0,0,0,0,0,0,0,0,0,0,0,0,0,0,0,0,0,0,0,0,0,0,0,0,0,0,0,6,75,0,0,0,0,0
14,0,0,0,83,9,0,0,4,0,26,0,199,113,28,0,0,0,19,0,0,0,0,0,0,0,36,278,0,0,0,0,0,0,0,0,0,0,0,0,0,99,41,0,45,89,186,256,111,12,42,0,0,0,0,0,0,0,0,0,0,0,0,0,0,0,0,0,0,0,0,0,0,0,0,0,0,0,0,0,0,0,0,0,0,0,0,0,0,0,0,0,0,0,0,0,0,0,0,0,0,0,0,0,0,0,0,0,0,0,0,0,0,0,0,0,0,0,0,0,0,0,0,0,0,0,0,0,0,0,0,0,0,0,0,0,0,0,0,0,0,0,0,0,0,0,0,0,0,0,22,0,14,0,0,0,0,0,0,0,0,0,0,0,31,0,0,0,0,0,0,0,0,0,37,0,48,35,39,0,46,0,27,0,0,0,100,0,0,0,0,0,0,0,0,0,0,0,8,0,0,0,0,0,0,0,0,0,0,0,0,49,71,0,0,0,0,21,0,0,0,0,0,0,0
0,29,0,4,0,34,0,4,0,10,0,86,36,162,0,0,0,0,0,11,0,1,0,0,0,0,137,15,0,0,0,0,0,0,0,0,0,0,0,0,99,0,7,8,74,46,89,197,8,149,11,5,0,0,0,0,0,0,0,0,0,0,0,0,0,0,0,0,0,1,0,0,0,0,0,0,0,0,0,0,0,0,0,0,0,0,0,0,0,0,0,0,0,0,0,0,0,0,0,0,0,0,0,0,0,0,0,0,0,0,0,0,0,0,0,0,0,0,0,0,0,0,0,0,0,0,0,0,0,0,0,0,0,0,0,0,0,0,0,0,0,0,0,0,0,0,0,0,0,0,0,0,0,0,0,0,0,0,0,0,0,0,0,0,0,17,0,0,0,0,0,0,0,0,0,0,0,145,0,19,0,36,0,9,0,18,28,3,0,0,0,0,0,0,0,0,0,0,0,0,0,0,0,0,0,0,0,0,0,0,0,0,0,0,2,0,0,0,0,9,0,0,0,0,0
0,0,0,0,5,0,0,0,0,0,7,0,87,42,0,1,0,0,0,0,41,0,0,0,0,0,160,71,7,0,18,0,0,0,16,0,80,0,6,0,41,7,0,0,183,0,41,0,38,0,57,0,0,0,0,0,0,0,0,0,0,0,8,0,0,0,0,0,0,0,18,0,0,0,0,0,0,0,0,0,0,0,0,0,0,0,0,0,0,0,0,0,0,0,0,0,0,0,0,0,0,0,0,0,0,0,0,0,0,0,0,0,0,0,0,0,0,0,0,0,28,0,0,0,0,0,0,0,0,0,0,0,0,0,0,0,0,0,0,0,0,0,0,0,0,0,0,0,0,0,0,0,0,0,0,0,0,0,0,0,0,0,0,0,70,0,13,0,0,0,0,0,11,0,0,0,0,0,10,0,0,0,0,0,0,0,79,0,0,0,0,0,0,0,0,0,0,0,0,0,0,0,0,0,0,0,0,0,0,0,13,40,74,6,7,0,0,9,0,0,0,0,0,0,0
0,6,0,0,0,0,0,0,0,0,0,0,0,117,0,4,0,0,0,22,0,23,0,0,0,0,31,275,0,10,0,16,0,10,0,33,0,85,0,0,0,8,0,0,9,156,0,29,0,47,0,159,0,0,0,0,0,0,0,0,0,1,0,0,0,0,0,0,0,0,0,17,0,10,0,14,0,0,0,0,0,0,0,0,0,185,0,0,0,0,0,0,0,0,0,0,0,0,0,72,0,0,0,0,0,0,0,0,0,0,0,0,0,0,0,0,0,0,0,0,0,99,0,14,0,0,0,0,0,0,0,0,0,0,0,80,0,0,0,0,0,40,0,0,0,46,0,0,0,0,0,0,0,0,0,0,0,0,0,0,0,0,0,5,0,71,0,9,0,39,0,0,0,9,0,0,0,6,0,0,0,0,0,0,0,0,0,138,0,0,0,0,0,0,0,0,0,0,0,0,0,0,0,0,0,0,0,0,0,0,0,0,0,0,8,0,0,0,0,71,190,0,0,0,4
0,0,31,0,23,0,0,0,0,0,28,0,65,93,33,0,0,0,10,0,64,0,119,0,0,0,154,140,3,0,0,0,0,0,6,0,33,0,0,0,45,74,183,9,0,66,255,213,158,20,103,0,7,0,0,0,0,0,0,0,0,0,40,0,0,0,0,0,6,0,48,0,0,0,0,0,0,0,0,0,0,0,0,0,0,0,0,0,0,0,0,0,0,0,0,0,0,0,326,0,45,0,27,0,0,0,0,0,0,0,0,0,0,0,0,0,0,0,0,0,0,0,0,0,0,0,0,0,0,0,0,0,0,0,0,0,0,0,8,0,0,0,0,0,0,0,0,0,0,0,20,0,0,0,0,0,1,0,0,0,0,0,24,0,158,0,34,0,58,0,18,0,61,0,0,0,13,15,15,0,0,0,30,0,0,0,47,2,0,0,3,0,0,0,0,0,0,0,0,0,0,0,0,0,0,0,0,0,0,0,55,0,137,62,52,0,10,76,0,0,0,0,0,0,0
0,28,0,13,0,33,0,6,1,0,0,76,22,52,0,0,0,3,0,33,0,73,0,0,0,6,41,273,0,0,0,0,0,0,0,10,0,21,0,2,89,46,0,156,66,0,81,194,11,222,0,98,0,0,0,0,0,0,0,0,0,0,0,1,0,0,0,0,0,4,0,13,0,0,0,15,0,0,0,0,0,118,0,39,0,132,0,23,0,0,0,18,0,0,0,24,0,0,0,72,0,50,0,0,0,19,0,0,0,0,0,0,0,0,0,0,0,0,0,0,0,61,0,0,0,0,0,0,0,0,0,0,0,0,0,94,0,0,0,0,0,16,0,0,0,27,0,0,0,0,0,38,0,0,0,5,0,0,0,0,0,0,0,9,0,106,0,7,0,81,0,2,0,15,0,0,4,77,0,5,0,31,0,14,0,37,22,123,0,0,0,0,0,0,0,0,0,0,0,0,0,0,0,0,0,0,0,0,0,0,0,0,0,0,25,0,0,0,46,74,127,26,6,16,65
0,0,72,0,54,0,0,0,0,0,37,0,197,72,34,4,23,0,52,12,8,0,152,0,24,0,106,183,0,0,0,0,0,0,0,0,0,0,0,0,186,89,41,0,255,81,0,265,229,28,26,0,0,0,0,0,0,0,0,0,0,0,31,0,0,0,0,0,0,0,0,0,0,0,12,0,0,0,0,0,0,0,0,0,83,0,0,0,0,0,0,0,0,0,0,0,146,0,77,0,0,0,0,0,0,0,0,0,0,0,0,0,0,0,0,0,0,0,0,0,0,0,0,0,5,0,0,0,0,0,0,0,0,0,0,0,0,0,0,0,0,0,0,0,0,0,0,0,0,0,0,0,22,0,0,0,0,0,0,0,0,0,0,0,60,0,3,0,0,0,0,0,6,0,9,0,37,29,44,0,0,0,29,0,39,0,109,0,0,0,0,0,0,0,0,0,0,0,0,0,0,0,0,0,0,0,0,0,0,0,40,86,105,0,0,0,0,92,0,0,0,0,0,0,0
1,118,0,0,0,145,0,9,0,42,0,216,81,263,0,0,0,0,0,83,0,31,0,0,0,0,308,101,0,0,0,0,0,0,0,0,0,0,0,0,256,197,0,29,213,194,265,0,32,237,0,30,0,3,0,0,0,0,0,0,0,0,0,0,0,0,0,4,0,0,0,0,0,0,0,0,0,0,0,0,0,0,0,0,0,0,0,0,0,0,0,0,0,0,0,0,0,0,0,0,0,0,0,0,0,0,0,0,0,0,0,0,0,0,0,0,0,0,0,0,0,0,0,0,0,0,0,0,0,0,0,0,0,0,0,0,0,0,0,0,0,0,0,0,0,0,0,0,0,0,0,0,0,0,0,0,0,0,0,0,0,0,0,0,0,37,0,0,0,0,0,0,0,0,0,0,0,162,0,3,0,24,0,20,0,0,56,5,0,0,0,0,0,0,0,0,0,0,0,0,0,0,0,0,0,0,0,0,0,0,0,0,0,0,0,0,0,0,0,58,44,0,5,3,44
25,0,23,0,44,0,39,0,16,0,23,0,31,5,15,0,0,0,9,0,23,0,17,0,23,2,62,4,0,0,6,0,8,0,4,0,7,0,0,0,111,8,38,0,158,11,229,32,0,20,20,0,8,0,24,0,27,0,0,0,6,0,0,0,3,0,4,0,9,0,0,0,2,0,0,0,3,0,0,0,0,0,6,0,0,0,1,0,3,0,0,0,20,0,10,0,0,0,5,0,3,0,40,0,0,0,19,0,0,0,0,0,1,0,0,0,0,0,0,0,0,0,0,0,0,0,0,0,0,0,0,0,0,0,0,0,0,0,0,0,0,0,8,0,0,0,0,0,0,0,0,0,0,0,4,0,0,0,3,0,16,0,9,0,43,0,26,0,31,0,17,0,16,0,0,0,34,17,14,0,12,0,6,0,4,0,174,0,31,0,15,0,27,0,3,0,0,0,30,0,0,0,58,0,48,0,8,0,5,0,139,137,293,39,105,25,4,17,2,0,0,0,0,0,0
0,4,0,3,0,0,0,2,0,3,0,21,0,44,0,0,0,0,0,2,0,3,0,0,0,0,0,62,0,0,0,0,0,4,0,0,0,3,0,0,12,149,0,47,20,222,28,237,20,0,0,0,0,0,0,5,0,0,0,2,0,0,0,0,0,0,0,0,0,2,0,6,0,0,0,0,0,0,0,2,0,0,0,21,0,23,0,0,0,8,0,0,0,7,0,11,0,0,0,9,0,12,0,24,0,0,0,11,0,1,0,0,0,0,0,0,0,0,0,0,0,12,0,0,0,0,0,0,0,0,0,1,3,0,0,0,0,0,0,0,0,0,0,0,0,0,0,0,0,0,0,0,0,8,0,0,0,0,0,0,0,0,0,5,3,41,0,3,0,24,0,2,0,6,0,0,0,72,0,5,0,9,0,1,0,8,25,86,0,5,0,0,0,0,0,4,0,0,0,3,0,6,0,0,0,4,0,0,0,1,0,0,0,0,15,0,0,0,30,22,77,15,3,6,0
0,0,0,0,0,0,0,0,0,0,0,0,387,0,0,0,0,0,65,0,76,0,8,0,0,0,517,110,22,0,26,0,6,0,62,0,143,0,5,0,42,11,57,0,103,0,26,0,20,0,0,0,0,0,0,0,0,0,0,0,0,0,0,0,0,0,0,0,0,0,39,0,8,0,38,0,4,0,0,0,24,0,0,0,0,0,0,0,0,0,0,0,0,0,0,0,54,0,147,0,15,0,0,0,9,0,0,0,2,0,0,0,0,0,0,0,0,0,0,0,0,0,0,0,0,0,0,0,0,0,0,0,0,0,0,0,0,0,0,0,9,0,0,0,0,0,0,0,0,0,0,0,0,0,0,0,0,0,0,0,3,0,17,0,114,0,45,0,55,0,24,0,80,0,0,0,6,0,70,0,0,0,0,0,0,0,91,0,0,0,0,0,0,0,0,0,0,0,0,0,0,0,0,0,0,0,0,0,0,0,38,0,112,42,24,0,6,0,0,0,0,0,0,0,0
0,0,0,0,3,66,0,0,0,0,0,0,16,401,0,0,0,0,0,154,0,87,0,0,0,0,0,491,0,71,0,48,0,12,0,65,0,140,0,0,0,5,0,159,0,98,0,30,0,0,0,0,0,0,0,0,0,0,0,0,0,3,0,0,0,0,0,0,0,4,0,38,0,14,0,0,0,0,0,0,0,178,0,0,0,193,0,0,0,0,0,0,0,0,0,0,0,0,0,96,0,0,0,0,0,0,0,0,0,0,0,0,0,0,0,0,0,1,0,0,0,144,0,22,0,0,0,0,0,0,0,0,0,0,0,96,0,0,0,0,0,54,0,148,0,120,0,0,0,0,0,0,0,0,0,0,0,11,0,14,0,0,0,22,0,41,0,26,0,131,0,18,0,30,0,0,0,6,0,0,0,0,0,0,0,0,0,79,0,0,0,0,0,0,0,8,0,0,0,0,0,0,0,0,0,0,0,0,0,0,0,0,0,0,23,0,0,0,46,22,124,23,0,4,3
0,0,0,0,0,0,159,0,111,0,0,0,0,0,0,0,198,0,0,0,0,0,31,0,95,0,0,0,9,0,2,0,7,0,1,0,13,0,13,0,0,0,0,0,7,0,0,0,8,0,0,0,0,0,348,0,49,2,37,0,50,0,89,0,0,0,27,22,0,0,0,0,0,0,0,0,0,0,0,0,0,0,0,0,47,0,0,0,0,0,40,0,0,0,0,0,75,0,0,0,0,0,0,0,16,0,0,0,0,0,0,0,0,0,0,0,0,0,0,0,0,0,0,0,0,0,0,0,133,0,19,0,0,0,0,0,152,0,176,0,54,0,127,0,30,0,0,0,0,0,0,0,0,0,233,0,112,0,144,0,13,0,30,0,4,0,0,0,66,0,92,0,11,0,0,0,43,0,0,0,0,0,21,0,33,3,0,0,0,0,0,0,0,0,0,0,0,0,0,0,42,0,0,0,0,0,0,0,0,0,32,34,133,127,58,0,52,0,0,0,0,0,0,0,0
6,4,0,4,0,0,26,55,53,197,0,0,0,0,0,0,0,94,0,0,0,43,0,5,9,15,0,0,0,30,0,0,0,0,0,0,0,0,0,4,0,0,0,0,0,0,0,3,0,0,0,0,0,0,20,110,3,163,0,35,0,157,3,76,0,0,12,24,0,0,0,0,0,0,0,0,0,0,0,0,0,0,0,0,0,90,0,0,0,4,0,14,0,0,0,7,0,35,0,0,0,0,0,0,0,5,0,24,0,0,0,0,0,0,0,0,0,0,0,0,0,0,0,0,0,0,0,0,0,16,0,0,0,15,1,118,1,0,0,131,0,29,0,57,0,24,0,0,0,0,0,0,0,0,0,184,0,129,0,126,0,0,0,0,0,0,0,0,0,0,0,7,0,0,0,0,15,5,0,0,0,0,0,8,1,9,0,0,0,0,0,0,0,0,0,0,0,0,0,0,0,14,0,0,0,0,0,0,0,0,0,2,0,0,10,0,2,0,11,9,6,6,0,0,0
3,0,26,0,5,0,83,0,20,33,0,0,0,0,21,0,22,2,0,0,12,0,88,0,92,3,0,0,0,0,0,0,0,0,0,0,0,0,5,0,0,0,0,0,0,0,0,0,24,0,0,0,348,20,0,83,60,36,10,42,28,0,47,4,0,1,60,91,0,0,0,0,0,0,2,0,0,0,0,0,0,0,0,0,13,0,0,0,0,0,21,0,0,0,0,0,22,0,0,0,0,0,0,0,0,0,0,0,0,0,0,0,0,0,0,0,0,0,0,0,0,0,0,0,0,0,14,0,64,0,68,0,32,0,131,0,150,0,3,0,4,0,144,0,0,0,0,0,0,0,0,0,0,0,29,0,42,0,6,0,9,0,0,0,0,0,0,0,111,0,202,0,15,0,0,0,74,4,0,0,0,0,8,0,16,3,0,0,0,0,0,0,0,0,0,0,0,0,0,0,0,0,0,0,0,0,0,0,0,0,177,43,411,564,516,61,204,6,1,0,0,1,0,0,0
17,7,0,41,0,0,146,228,209,175,0,0,0,5,0,76,9,21,0,0,0,35,0,32,104,84,0,0,0,7,0,4,0,0,0,0,0,0,0,0,0,0,0,0,0,0,0,0,0,5,0,0,0,110,83,0,0,130,19,88,0,46,20,142,0,0,35,32,0,0,0,0,0,0,0,0,0,4,0,0,0,0,0,0,0,0,0,0,0,0,0,0,0,0,0,0,0,0,0,0,0,7,0,0,0,0,0,0,0,0,0,0,0,0,0,0,0,0,0,0,0,0,0,0,0,23,0,7,0,20,0,23,9,0,0,199,0,70,0,3,0,0,0,7,0,0,0,0,0,0,0,26,0,4,0,34,0,10,0,13,0,17,0,0,0,10,0,0,0,77,7,195,1,74,0,2,88,32,0,0,6,0,0,6,0,22,0,0,0,0,0,0,0,0,0,0,0,0,0,0,0,0,0,0,0,0,0,27,0,88,14,0,0,0,307,0,0,0,117,15,399,319,0,87,0
0,0,9,0,0,0,78,0,19,0,0,0,0,0,0,0,7,0,0,0,0,0,0,0,13,0,0,0,0,0,0,0,0,0,0,0,0,0,0,0,0,0,0,0,0,0,0,0,27,0,0,0,49,3,60,0,0,10,44,38,0,0,0,0,41,0,52,54,0,0,0,0,0,0,0,0,0,0,0,0,0,0,0,0,0,0,0,0,0,0,0,0,0,0,0,0,0,0,0,0,0,0,0,0,0,0,0,0,0,0,0,0,0,0,0,0,0,0,0,0,0,0,0,0,13,0,24,0,86,0,109,0,50,0,34,0,23,0,0,0,1,0,31,0,0,0,0,0,3,0,0,0,1,0,89,0,41,0,23,0,69,0,170,0,0,0,0,0,205,0,104,0,0,0,18,0,30,0,0,0,0,0,0,0,0,7,0,0,0,0,0,0,0,0,0,0,0,0,1,0,0,0,0,0,0,0,0,0,7,0,272,82,714,846,1097,235,293,7,6,0,0,0,0,0,0
0,0,0,0,0,0,17,39,0,56,0,0,0,0,0,0,0,39,0,0,0,0,1,28,0,29,0,0,0,35,0,0,0,0,0,0,0,0,0,0,0,0,0,0,0,0,0,0,0,0,0,0,2,163,36,130,10,0,0,115,0,0,0,30,0,7,43,39,0,2,0,0,0,0,0,0,0,0,0,0,0,0,0,0,0,0,0,0,0,0,0,0,0,0,0,0,0,0,0,0,0,0,0,0,0,0,0,22,0,0,0,0,0,0,0,0,0,0,0,0,0,0,0,0,0,30,0,12,0,17,0,47,0,125,0,158,0,60,0,29,0,3,0,0,0,0,0,0,0,0,0,10,0,0,1,286,0,33,0,13,0,40,0,113,0,21,0,0,0,208,0,378,0,25,0,0,14,0,0,0,0,0,0,0,0,9,0,0,0,0,0,0,0,0,0,0,0,0,0,0,0,43,0,0,0,0,0,0,0,42,2,0,0,0,767,0,5,0,143,29,788,768,86,116,0
2,0,6,0,0,0,14,0,28,0,0,0,0,0,0,0,0,0,0,0,0,0,0,0,0,0,0,0,0,0,0,0,0,0,7,0,0,0,0,0,0,0,0,0,0,0,0,0,0,0,0,0,37,0,10,19,44,0,0,134,0,0,0,0,39,23,150,117,0,0,0,0,0,0,0,0,0,0,0,0,0,0,0,0,0,0,0,0,0,0,0,0,0,0,0,0,0,0,0,0,0,0,0,0,0,0,0,0,0,0,0,0,0,0,0,0,0,0,0,0,0,0,0,0,11,0,24,0,0,0,62,0,5,0,4,0,0,0,0,0,0,0,0,0,7,0,5,0,0,0,0,0,0,0,141,0,103,0,0,0,15,0,0,0,0,0,0,0,58,0,0,0,5,0,3,4,108,0,0,0,0,9,0,0,185,3,0,0,0,0,0,0,0,0,0,0,0,0,0,0,0,0,0,0,0,0,0,0,12,0,410,190,291,0,1521,283,188,2,6,0,0,0,0,0,0
0,0,0,0,0,0,0,2,0,29,0,0,0,0,0,0,0,1,0,0,0,0,0,0,0,2,0,0,0,0,0,0,0,0,0,0,0,0,0,0,0,0,0,0,0,0,0,0,0,2,0,0,0,35,42,88,38,115,134,0,0,38,0,9,7,107,132,210,0,0,0,0,0,0,0,0,0,0,0,0,0,0,0,0,0,0,0,0,0,0,0,0,0,0,0,0,0,0,0,0,0,0,0,0,0,0,0,1,0,0,0,0,0,0,0,0,0,0,0,0,0,0,0,0,0,10,0,0,0,6,0,32,0,19,0,6,0,0,0,0,0,0,0,0,0,38,0,0,0,11,0,11,0,4,39,86,0,43,0,27,0,28,0,0,0,8,0,0,0,70,0,54,0,0,0,43,29,0,0,0,0,0,0,0,17,96,0,0,0,0,0,0,0,0,0,0,0,0,0,0,0,0,0,0,0,0,0,0,0,15,9,7,0,0,1925,0,0,0,770,139,495,1079,120,101,0
88,0,56,0,0,0,323,0,139,0,0,0,0,0,0,0,86,0,0,0,0,0,0,0,121,0,0,0,3,0,0,0,6,0,0,0,20,0,4,0,0,0,0,0,0,0,0,0,6,0,0,0,50,0,28,0,0,0,0,0,0,0,77,0,0,0,12,0,0,0,0,0,0,0,2,0,0,0,0,0,1,0,0,0,0,0,1,0,0,0,0,0,0,0,0,0,4,0,0,0,0,0,0,0,0,0,0,0,0,0,0,0,0,0,0,0,0,0,0,0,4,0,0,0,0,0,0,0,0,0,0,0,0,0,0,0,0,0,42,0,12,0,13,0,49,0,0,0,0,0,0,0,0,0,30,0,61,0,12,0,0,0,3,0,0,0,1,0,7,0,104,0,32,0,0,0,80,0,0,0,0,0,67,0,16,0,0,0,0,0,0,0,0,0,0,0,0,0,0,0,0,0,0,0,1,0,0,0,0,0,101,234,50,86,49,0,28,0,0,0,0,0,0,0,0
0,118,0,0,0,0,0,228,0,361,0,0,0,0,0,0,0,36,0,0,0,0,4,5,0,33,0,0,0,38,0,0,0,9,0,0,0,25,0,14,0,0,0,1,0,0,0,0,0,0,0,3,0,157,0,46,0,0,0,38,0,0,0,52,0,0,0,0,0,0,0,0,0,0,0,0,0,0,0,0,0,0,0,1,0,5,0,0,0,0,0,0,0,0,0,0,0,2,0,0,0,0,0,0,0,0,0,0,0,0,0,0,0,0,0,0,0,0,0,0,0,0,0,1,0,0,0,0,0,0,0,0,0,0,0,0,0,0,0,20,0,6,0,0,0,36,0,0,0,0,0,0,0,0,0,30,0,129,0,0,0,0,0,7,0,0,0,0,0,13,0,95,0,68,0,0,0,0,0,0,0,0,0,42,0,11,0,0,0,0,0,0,0,0,0,0,0,0,0,0,0,0,0,0,0,0,0,0,0,0,0,0,0,0,39,0,0,0,29,379,72,62,0,28,0
54,0,92,0,0,0,253,0,105,22,0,0,3,0,7,0,325,0,59,0,87,0,38,0,290,6,0,0,12,0,44,0,30,0,6,0,31,0,19,0,0,0,8,0,40,0,31,0,0,0,0,0,89,3,47,20,0,0,0,0,77,0,0,0,0,0,4,2,0,0,0,0,0,0,12,0,0,0,0,0,0,0,0,0,120,0,9,0,0,0,0,0,0,0,0,0,69,0,0,0,0,0,0,0,0,0,0,0,0,0,0,0,0,0,0,0,0,0,0,0,30,0,29,0,0,0,0,0,0,0,0,0,0,0,0,0,52,0,91,0,45,0,121,0,0,0,0,0,2,0,0,0,0,0,37,0,13,0,42,0,0,0,0,0,0,0,0,0,0,0,17,0,11,0,0,0,56,2,0,0,0,0,35,0,4,0,0,0,0,0,0,0,0,0,0,0,0,0,0,0,0,0,0,0,0,0,0,0,0,0,4,22,10,0,0,0,2,0,0,0,2,0,0,0,0
0,41,0,4,0,1,12,238,14,280,0,0,0,1,0,2,3,167,0,0,0,35,0,8,22,181,0,0,0,11,0,3,0,4,0,0,0,4,0,11,0,0,0,0,0,1,0,0,0,0,0,0,0,76,4,142,0,30,0,9,0,52,0,0,0,0,0,15,0,0,0,0,0,0,0,0,0,0,0,0,0,3,0,0,0,0,0,0,0,0,0,0,0,0,0,0,0,0,0,0,0,0,0,0,0,0,0,0,0,0,0,0,0,0,0,0,0,0,0,0,0,0,0,0,0,0,0,0,0,0,0,2,0,0,0,11,0,6,0,25,0,0,0,0,0,41,0,0,0,0,0,0,0,0,0,73,0,53,0,46,0,0,0,0,0,0,0,0,0,2,0,0,0,0,0,0,0,13,0,0,0,0,0,36,0,0,0,0,0,0,0,0,0,0,0,0,0,0,0,0,0,0,0,0,0,0,0,0,0,0,2,0,0,0,5,0,0,0,8,17,0,2,0,0,0
0,0,0,0,2,0,17,0,145,3,0,0,2,0,0,0,0,0,0,0,0,0,0,1,0,0,0,0,0,0,0,0,0,0,0,0,0,0,0,0,0,0,0,0,0,0,0,0,3,0,0,0,0,0,0,0,41,0,39,7,0,0,0,0,0,0,297,0,0,0,18,0,0,0,0,0,0,0,0,0,0,0,0,0,0,0,0,0,0,0,0,0,0,0,0,0,0,0,0,0,0,0,0,0,0,0,0,0,0,0,0,0,0,0,0,0,0,0,0,0,0,0,0,0,12,0,1,0,0,9,36,32,0,0,0,0,0,0,49,0,0,0,0,0,105,0,21,0,25,0,12,0,2,0,62,4,27,0,0,0,138,65,0,0,0,0,0,0,0,0,0,0,0,0,131,2,42,0,0,0,83,62,0,0,305,0,1,0,0,0,0,0,0,0,0,0,0,0,3,0,0,0,0,0,0,0,0,0,13,0,149,5,0,0,230,0,0,0,0,0,2,0,0,0,0
0,17,0,0,0,0,0,0,0,167,0,4,0,1,0,0,0,0,0,9,0,0,0,0,0,0,0,13,0,0,0,0,0,0,0,0,1,0,0,0,0,0,0,0,0,0,0,0,0,0,0,0,0,0,1,0,0,7,23,107,0,0,0,0,0,0,9,290,0,0,0,13,0,0,0,15,0,0,1,0,0,26,0,0,0,14,0,0,0,0,0,0,0,0,0,0,0,0,0,0,0,0,0,0,0,0,0,0,0,0,0,0,0,0,0,0,0,0,0,0,0,0,0,1,0,20,0,12,0,0,0,70,0,0,0,0,0,0,0,25,0,19,0,0,0,105,0,43,0,154,0,65,0,35,26,0,0,8,0,20,0,207,0,0,0,0,0,0,0,0,0,0,0,0,0,98,9,0,0,0,1,253,0,0,8,132,0,0,0,0,0,0,0,0,0,0,0,0,0,0,0,0,0,0,0,0,0,11,0,18,0,0,0,0,123,0,0,0,136,6,0,0,0,0,0
0,0,0,0,0,0,13,0,65,0,0,0,0,0,0,0,0,0,0,0,0,0,0,0,0,0,0,0,0,0,4,0,0,0,0,0,0,0,0,0,0,0,0,0,0,0,0,0,4,0,0,0,27,12,60,35,52,43,150,132,12,0,4,0,297,9,0,72,0,0,1,0,0,0,0,0,0,0,0,0,0,0,0,0,0,0,0,0,0,0,0,0,0,0,0,0,0,0,0,0,0,0,0,0,0,0,0,0,0,0,0,0,0,0,0,0,0,0,0,0,0,0,0,0,42,0,43,0,0,0,75,0,0,0,3,0,0,0,0,0,0,0,0,0,20,0,21,0,96,0,0,0,0,0,85,2,96,0,0,0,87,0,0,0,0,0,8,0,11,0,6,0,0,0,10,0,366,0,0,0,0,0,6,0,576,16,0,0,0,0,0,0,0,0,0,0,0,0,0,0,0,0,0,0,0,0,0,0,30,0,209,102,82,0,518,46,61,1,0,0,0,0,0,0,0
0,12,0,0,0,6,53,8,0,112,0,0,0,0,0,0,0,0,0,0,0,0,0,0,0,0,0,0,0,0,0,0,0,0,0,0,0,0,0,0,0,0,0,0,0,0,0,4,0,0,0,0,22,24,91,32,54,39,117,210,0,0,2,15,0,290,72,0,0,0,0,0,0,0,0,0,0,0,0,0,0,0,0,0,0,0,0,0,0,0,0,0,0,0,0,0,0,0,0,0,0,0,0,0,0,0,0,0,0,0,0,0,0,0,0,0,0,0,0,0,0,0,0,0,0,18,0,6,0,0,0,25,0,0,0,0,0,0,0,0,0,0,0,0,0,32,0,17,0,76,0,36,0,5,35,42,0,32,0,27,0,47,0,0,0,0,0,0,0,0,0,0,0,2,0,101,110,5,0,0,0,44,0,0,11,780,0,0,0,0,0,0,0,0,0,0,0,0,0,0,0,0,0,0,0,0,0,5,0,16,0,8,0,0,758,0,0,0,420,128,109,0,34,0,2
0,0,0,0,0,0,0,0,0,0,0,0,0,0,0,0,0,0,0,0,0,0,0,0,0,0,0,0,0,0,0,0,0,0,0,0,0,0,0,0,0,0,0,0,6,0,0,0,9,0,0,0,0,0,0,0,0,0,0,0,0,0,0,0,0,0,0,0,0,0,0,0,4,0,0,0,45,0,11,0,3,0,57,0,0,0,0,0,12,0,0,0,53,0,0,0,0,0,8,0,0,0,162,0,0,0,17,0,88,0,21,0,6,0,6,0,5,0,0,0,0,1,0,0,0,0,0,0,0,0,0,0,0,0,0,0,0,0,0,0,0,0,0,0,0,0,0,0,0,0,0,0,0,0,0,0,0,0,0,0,0,0,0,0,25,0,0,0,112,0,4,0,0,0,0,0,0,0,0,0,0,0,0,0,0,0,0,0,0,0,0,0,0,0,0,0,0,0,0,0,0,0,0,0,0,0,2,0,0,0,24,0,32,0,0,34,100,0,0,0,0,0,0,0,0
0,0,0,0,0,0,0,0,0,0,0,0,0,0,0,0,0,0,0,0,0,0,0,0,0,0,0,0,0,0,0,0,0,0,0,0,0,0,0,0,0,1,0,0,0,4,0,0,0,2,0,4,0,0,0,0,0,2,0,0,0,0,0,0,0,0,0,0,0,0,0,0,0,0,0,0,0,44,0,0,0,2,0,28,0,0,0,7,0,11,0,0,0,10,0,19,0,0,0,0,0,0,0,130,0,7,0,0,0,37,0,13,0,9,0,0,0,5,0,0,0,0,0,0,0,0,0,3,0,0,0,0,0,0,0,0,0,0,0,0,0,0,0,0,0,0,0,0,0,0,0,0,0,0,0,0,0,0,0,0,0,0,0,0,0,31,0,0,0,86,0,1,0,0,0,0,0,0,0,0,0,0,0,0,0,0,0,1,0,0,0,0,0,0,0,0,0,0,0,0,0,0,0,4,0,0,0,0,0,0,0,0,0,0,0,0,0,0,8,8,34,0,20,165,0
0,0,0,0,0,0,0,0,0,0,0,0,0,0,0,0,10,0,0,0,54,0,0,0,0,0,132,0,5,0,18,0,13,0,23,0,86,0,0,0,0,0,18,0,48,0,0,0,0,0,39,0,0,0,0,0,0,0,0,0,0,0,0,0,18,0,1,0,0,0,0,0,149,0,248,0,5,0,135,0,11,0,11,0,0,0,30,0,0,0,0,0,0,0,5,0,0,0,8,0,3,0,0,0,0,0,0,0,0,0,0,0,0,0,0,0,0,0,0,0,15,0,7,0,0,0,0,0,0,4,0,0,29,0,22,0,4,0,11,0,58,0,45,0,83,0,0,0,0,0,53,0,0,0,0,0,23,0,0,0,0,6,70,0,0,0,53,0,39,0,28,0,34,0,14,0,0,0,0,0,38,13,0,0,0,0,0,0,0,0,0,0,0,0,0,0,0,0,0,0,0,0,0,0,0,0,0,0,9,0,23,0,23,0,5,0,0,0,0,1,0,0,0,0,0
0,0,0,1,0,0,0,0,0,0,0,0,0,0,0,5,0,0,0,0,0,22,0,0,0,0,0,0,0,0,0,0,0,0,0,9,0,14,0,0,0,0,0,17,0,13,0,0,0,6,0,38,0,0,0,0,0,0,0,0,0,0,0,0,0,13,0,0,0,0,0,0,0,178,3,287,0,18,0,26,0,12,0,10,0,3,0,70,0,0,0,0,0,0,0,0,0,0,0,0,2,0,0,0,0,0,0,0,0,0,0,0,0,0,0,0,0,0,0,0,0,8,0,5,0,84,0,0,0,25,0,68,0,30,0,18,9,0,6,0,11,29,0,7,0,69,0,0,0,0,0,0,0,33,0,0,0,2,0,0,0,38,0,51,0,0,0,19,0,11,0,12,0,33,0,26,0,0,0,0,0,46,0,0,0,0,0,0,0,0,0,0,0,0,0,0,0,0,0,15,0,0,0,0,0,0,0,0,0,0,0,0,0,0,0,0,0,0,83,3,0,0,0,0,0
0,0,0,0,1,0,0,0,0,0,0,0,0,0,0,0,0,0,0,0,0,0,0,0,0,0,0,0,0,0,0,0,0,0,0,0,20,0,0,0,0,0,0,0,0,0,0,0,2,0,8,0,0,0,0,0,0,0,0,0,0,0,0,0,0,0,0,0,4,0,149,0,0,0,185,0,37,0,258,0,6,0,62,0,14,6,24,0,1,0,0,0,17,0,11,0,0,0,4,0,0,0,11,0,0,0,0,0,0,0,0,0,0,0,0,0,0,0,0,0,48,0,21,0,64,0,48,0,13,0,20,0,26,0,88,0,0,0,5,0,43,0,127,0,44,0,64,0,2,0,43,0,0,0,0,0,0,0,3,0,13,0,78,0,3,0,14,0,26,0,28,0,22,0,12,0,0,0,0,0,0,0,0,0,0,0,0,0,0,0,0,0,34,0,2,0,0,0,0,0,81,0,0,0,0,0,0,0,56,0,317,0,18,0,17,4,5,0,0,0,0,0,0,0,0
0,0,0,0,0,0,0,0,0,0,0,0,0,0,0,0,0,0,0,0,0,0,0,0,0,0,0,0,0,0,0,0,0,0,0,0,0,0,0,0,0,0,0,10,0,0,0,0,0,0,0,14,0,0,0,0,0,0,0,0,0,0,0,0,0,0,0,0,0,0,0,178,0,0,0,310,0,63,0,66,0,21,0,31,0,72,0,64,0,0,8,0,0,0,0,9,7,0,0,4,0,0,0,0,0,5,14,0,0,0,0,0,0,0,0,0,0,0,0,0,0,39,0,43,0,60,0,0,9,0,0,0,0,0,0,178,0,43,0,0,0,29,2,24,0,64,0,0,0,0,0,0,5,0,0,0,0,0,0,8,0,19,0,45,0,0,0,0,0,22,0,8,0,17,0,0,0,0,0,0,0,0,0,0,0,0,0,0,0,0,0,0,0,0,0,0,0,0,0,0,0,67,0,0,0,0,0,0,0,0,0,0,0,0,13,0,0,0,154,4,27,0,0,0,0
0,0,0,0,0,0,0,0,0,0,0,0,0,0,0,0,13,0,0,0,60,0,0,0,0,0,0,0,11,0,27,0,21,0,18,0,58,0,0,0,0,0,0,0,0,0,12,0,0,0,38,0,0,0,2,0,0,0,0,0,2,0,12,0,0,0,0,0,0,0,248,3,185,0,0,0,5,0,91,0,11,0,18,0,34,0,18,0,0,0,0,0,4,0,0,0,0,0,17,0,8,0,0,0,0,4,0,0,0,0,0,0,0,0,0,0,0,0,0,0,88,6,29,0,0,0,42,0,3,0,0,0,0,0,85,0,21,0,7,0,97,0,143,0,97,0,0,0,0,0,58,0,24,0,1,0,16,0,0,0,0,0,62,0,0,0,38,0,25,0,16,0,0,0,23,0,0,0,0,0,76,0,0,0,0,0,0,0,0,0,0,0,0,0,0,0,0,0,94,0,40,0,0,0,0,0,0,0,64,0,141,0,32,0,9,0,0,0,0,0,0,0,0,0,0
0,0,0,0,0,0,0,0,0,3,0,0,0,0,0,0,0,0,0,0,0,24,0,0,0,0,0,0,0,0,0,0,0,0,0,9,0,5,0,0,0,0,0,14,0,15,0,0,0,0,0,0,0,0,0,0,0,0,0,0,0,0,0,0,0,15,0,0,0,0,0,287,0,310,0,0,0,55,0,62,0,0,0,8,0,23,0,125,0,0,0,0,0,0,0,0,0,0,0,0,0,2,1,0,0,0,0,0,0,0,0,0,0,0,0,0,0,0,0,0,0,104,0,24,0,45,0,0,0,0,0,0,0,0,4,64,0,0,0,0,0,44,0,27,3,141,0,0,0,32,6,0,0,0,0,0,0,3,0,0,0,0,0,38,0,0,0,0,0,12,0,9,0,28,0,21,0,0,0,0,0,59,0,0,0,0,0,0,0,0,1,0,0,0,0,0,0,0,0,0,0,0,0,0,0,0,0,0,0,0,0,0,0,0,0,0,0,0,97,0,11,0,0,0,0
0,0,0,0,0,0,0,0,0,0,0,0,0,0,0,0,0,0,0,0,0,0,0,0,0,0,0,0,0,0,0,0,0,0,0,0,0,0,0,0,0,0,0,0,0,0,0,0,3,0,4,0,0,0,0,0,0,0,0,0,0,0,0,0,0,0,0,0,45,0,5,0,37,0,5,0,0,0,29,0,7,0,32,0,0,0,25,0,9,0,0,0,80,0,16,0,13,0,22,0,20,0,165,0,0,0,64,0,8,0,8,0,0,0,1,0,13,0,0,0,4,0,0,0,0,0,0,0,0,0,0,0,0,0,0,0,0,0,0,0,0,0,0,0,0,0,0,0,0,0,0,0,0,0,0,0,0,0,0,0,0,0,0,0,12,0,3,0,61,0,1,0,7,0,0,0,0,0,0,0,0,0,0,0,0,0,0,0,0,0,0,0,58,0,0,0,2,0,0,0,54,0,0,0,0,0,0,0,0,0,87,0,48,0,25,32,19,0,0,0,0,0,0,0,0
0,0,0,0,0,0,0,0,0,0,0,0,0,0,0,0,0,0,0,0,0,0,0,0,0,0,0,0,0,0,0,0,0,0,0,0,0,0,0,0,0,0,0,0,0,0,0,0,0,0,0,0,0,0,0,4,0,0,0,0,0,0,0,0,0,0,0,0,0,44,0,18,0,63,0,55,0,0,0,11,0,51,0,117,0,41,0,113,0,39,0,0,0,122,0,139,0,0,0,17,0,26,0,239,3,17,0,0,0,0,0,0,0,1,0,0,0,13,0,2,0,11,0,3,0,0,0,0,0,2,0,0,0,0,0,0,0,0,0,0,0,5,0,0,0,0,0,0,0,0,0,0,0,0,0,0,0,0,0,0,0,0,0,0,0,5,0,0,0,112,0,2,0,0,0,1,0,0,0,0,0,0,0,0,0,0,0,0,0,0,0,0,0,0,0,0,0,0,0,0,0,0,0,0,0,0,0,0,0,0,0,0,0,0,18,0,0,0,73,10,47,0,16,6,1
0,0,0,0,0,0,0,0,0,0,0,0,0,0,0,0,0,0,0,0,0,0,0,0,0,0,0,0,0,0,0,0,0,0,0,0,0,0,0,0,0,0,0,0,0,0,0,0,0,0,0,0,0,0,0,0,0,0,0,0,0,0,0,0,0,1,0,0,11,0,135,0,258,0,91,0,29,0,0,0,13,0,94,0,30,0,71,0,13,0,0,0,46,0,37,0,21,0,32,0,20,0,53,0,0,0,51,0,3,0,0,0,0,0,0,0,3,0,0,0,64,0,21,0,0,0,0,0,0,0,0,0,0,0,0,0,0,0,0,0,20,0,111,0,13,0,0,0,0,0,20,0,0,0,0,0,0,0,0,0,0,0,18,0,0,0,0,0,55,0,0,0,0,0,0,0,0,0,0,0,0,0,0,0,0,0,0,0,0,0,19,0,69,0,9,0,0,0,139,0,113,0,122,0,0,0,0,0,0,0,174,0,25,0,0,0,0,0,0,0,0,0,0,0,0
0,0,0,0,0,0,0,0,0,0,0,0,0,0,0,0,0,0,0,0,0,0,0,0,0,0,0,0,0,0,0,0,0,0,0,0,0,3,0,0,0,0,0,0,0,0,0,0,0,2,0,0,0,0,0,0,0,0,0,0,0,0,0,0,0,0,0,0,0,0,0,26,0,66,0,62,0,11,0,0,0,0,0,0,0,23,0,13,0,0,0,0,0,0,0,2,0,0,0,0,0,0,0,0,0,0,0,0,0,0,0,0,0,0,0,0,0,0,0,0,0,5,0,9,0,0,0,0,0,0,0,0,0,0,0,37,0,0,0,0,0,16,0,11,0,34,0,0,0,13,0,0,4,0,0,0,0,0,0,0,0,0,0,5,0,0,0,0,0,3,0,0,0,7,0,0,0,0,0,0,0,0,0,0,0,0,0,0,0,0,0,0,0,0,0,0,0,0,0,0,0,0,0,0,0,0,0,0,0,16,0,0,0,0,0,0,0,0,41,0,0,0,0,0,0
