0,76,51,15,28,19,45,13,217,1,345,12,88,0,22,46,22,0,4,2,34,0,43,6,7,27,0,0,120,0,45,0,184,1,7,0,152,5,364,5,5,0,0,0,0,0,0,0,93,0,25,0,0,0,8,0,0,0,21,0,54,0,22,0,42,0,68,0,0,0,0,0,0,0,0,0,0,0,0,0,1,0,0,0,0,1,0,0,0,0,0,1,0,0,0,0,0,0,0,1,0,0,0,0,0,0,0,0,0,0,0,0,0,0,0,0,0,0,0,0,0,0,0,0,42,0,0,0,0,0,17,0,0,0,14,3,0,0,0,0,6,0,9,1,0,0,51,0,58,0,12,0,3,0,1,0,0,0,0,0,10,0,0,0,0,0,69,0,0,0,15,0,198,4,0,0,174,81,83,0,0,0,18,0,18,0,3,0,0,0,0,0,0,0,0,0,0,0,0,0,0,0,0,0,0,0,2,0,13,0,554,39,624,436,531,0,0,0,9,0,13,0,0,0,0
76,0,41,247,5,132,82,48,18,146,1,224,0,42,1,28,0,0,0,93,0,27,9,17,33,38,0,37,0,0,0,0,0,277,0,47,0,510,8,384,0,0,0,0,0,0,0,0,4,8,0,32,1,0,0,7,0,0,0,15,3,112,0,0,0,182,0,113,0,0,0,0,0,0,0,0,0,0,0,0,0,0,0,0,0,0,0,0,0,0,0,0,0,0,0,0,0,0,0,0,0,0,0,0,0,0,0,0,0,0,0,0,0,0,0,0,0,0,0,0,0,0,0,0,0,56,0,12,0,0,0,0,0,0,0,0,0,18,0,0,0,3,0,0,0,0,0,8,1,108,0,0,1,62,0,0,0,0,0,0,0,8,0,6,0,37,0,55,0,20,0,22,22,243,0,6,74,372,0,3,0,39,1,2,0,106,0,0,0,0,0,0,0,2,0,0,0,0,0,0,0,0,0,0,0,0,0,22,0,52,11,2,25,28,592,0,0,0,959,40,796,383,6,39,5
51,41,0,8,255,9,238,0,25,0,32,13,82,0,234,70,130,1,64,0,275,0,423,6,160,9,108,1,248,0,115,0,301,0,0,0,179,0,372,0,0,0,12,0,107,0,64,0,47,0,32,0,18,0,41,0,12,0,26,0,51,0,150,0,10,1,29,0,0,0,0,0,0,0,0,0,0,0,0,0,0,0,0,0,0,0,0,0,0,0,0,0,0,0,0,0,0,0,0,0,0,0,0,0,18,0,0,0,0,0,0,0,0,0,0,0,0,0,0,0,0,0,0,0,21,0,0,0,0,0,21,0,0,0,30,0,69,0,0,0,0,0,40,0,0,0,14,0,0,0,6,0,4,0,0,0,0,0,0,0,16,1,3,0,0,0,106,1,10,0,14,0,191,0,3,0,51,49,0,0,0,0,0,0,2,0,1,0,0,0,0,0,0,0,0,0,0,0,0,0,0,0,0,0,1,0,4,0,13,0,123,0,371,176,175,0,0,0,6,0,9,3,0,0,0
15,247,8,0,3,200,0,140,0,18,0,25,0,0,0,77,0,21,0,84,0,41,0,147,3,107,0,0,0,73,0,23,4,299,0,28,4,124,0,121,0,0,0,0,0,0,0,0,3,0,1,0,0,0,0,20,0,8,0,0,0,0,0,0,0,0,0,2,0,0,0,0,0,0,0,0,0,0,0,0,0,0,0,0,0,0,0,0,0,0,0,0,0,0,0,0,0,0,0,0,0,0,0,0,0,0,0,0,0,0,0,0,0,0,0,0,0,0,0,0,0,0,0,1,0,38,0,21,0,6,0,42,0,0,0,41,0,46,0,0,0,0,0,16,1,0,0,2,1,27,1,6,0,0,0,12,0,0,0,0,0,14,0,0,0,4,2,71,0,18,0,0,0,122,0,2,19,35,0,0,0,5,0,0,0,0,0,0,0,0,0,1,0,0,0,0,0,0,0,0,0,0,0,0,0,0,0,23,0,94,0,0,18,0,40,0,0,0,70,2,211,44,0,4,1
28,5,255,3,0,22,51,0,8,0,67,20,408,13,438,52,0,0,102,72,499,11,71,0,23,0,130,25,0,0,100,0,229,0,101,0,114,0,36,0,52,0,0,0,77,2,70,0,10,0,172,0,0,0,0,0,0,0,7,0,0,0,0,0,0,0,0,0,0,0,0,0,0,0,0,0,0,0,0,0,0,0,0,0,0,0,0,0,0,0,0,0,0,0,0,0,0,0,0,0,0,0,0,0,0,0,0,0,0,0,0,0,0,0,0,0,0,0,0,0,0,0,0,0,0,0,0,0,7,0,0,0,0,0,0,0,25,0,0,0,0,0,24,0,0,0,16,0,17,0,0,0,12,0,0,0,0,0,0,0,5,0,0,0,0,0,144,0,53,0,5,0,0,0,0,0,174,80,179,0,14,1,0,0,13,0,7,0,0,0,0,0,0,0,0,0,0,0,3,0,0,0,0,0,0,0,4,0,8,0,100,23,346,85,79,0,0,1,0,0,3,0,0,0,0
19,132,9,200,22,0,2,36,0,3,21,98,0,106,9,134,0,26,15,431,10,243,9,128,2,75,0,222,0,0,0,93,9,263,3,252,7,108,3,0,0,13,0,64,0,78,1,28,0,11,3,157,0,0,0,0,0,0,0,0,0,1,0,4,0,11,0,1,0,0,0,0,0,0,0,0,0,0,0,0,0,4,0,0,0,9,0,0,0,0,0,0,0,0,0,0,0,0,0,0,0,0,0,0,0,0,0,0,0,0,0,0,0,0,0,0,0,0,0,0,0,0,0,0,0,23,0,11,0,0,0,14,0,0,0,43,0,51,0,0,0,0,0,0,0,0,0,0,0,45,0,29,0,29,0,0,0,0,0,0,0,0,0,0,0,29,0,235,0,95,0,8,0,97,0,0,86,349,0,30,0,51,0,5,0,16,0,4,0,0,0,0,0,0,0,0,0,0,0,0,0,0,0,0,0,0,0,15,0,52,5,0,23,6,140,0,0,0,271,27,546,104,2,5,0
45,82,238,0,51,2,0,38,102,16,28,1,0,0,62,7,39,0,14,0,26,0,68,0,191,36,0,0,14,0,7,0,19,0,0,0,0,3,78,0,4,0,0,0,0,0,26,0,38,0,0,0,693,0,526,0,58,0,69,0,506,0,1019,0,31,0,94,0,0,0,0,0,0,0,2,0,0,0,0,0,0,0,0,0,0,0,0,0,0,0,0,0,0,0,0,0,0,0,0,0,0,0,0,0,18,0,0,0,0,0,0,0,0,0,0,0,0,0,0,0,0,0,0,0,39,0,18,0,30,0,52,0,18,0,25,2,51,0,5,0,0,0,42,1,0,0,10,0,8,0,8,0,4,0,20,0,34,0,0,0,54,0,0,0,7,0,0,0,29,0,266,0,287,0,0,0,36,42,11,0,4,1,0,0,0,0,0,0,0,0,0,0,0,0,0,0,8,0,4,0,0,0,0,0,0,0,4,0,15,0,320,22,865,471,635,0,25,3,0,0,8,0,0,0,0
13,48,0,140,0,36,38,0,29,45,0,24,0,0,0,34,0,13,0,17,0,0,0,22,3,197,0,0,0,47,0,0,1,0,0,0,0,174,2,414,0,0,0,0,0,18,0,0,0,6,0,0,0,31,0,430,0,23,0,55,6,324,2,229,0,23,0,29,0,0,0,0,0,3,0,0,0,0,0,0,0,0,0,0,0,7,0,0,0,0,0,0,0,0,0,0,0,0,0,0,0,6,0,0,0,0,0,14,0,0,0,0,0,0,0,0,0,0,0,0,0,0,0,0,0,80,0,26,0,19,0,143,0,13,0,49,0,42,0,4,0,0,0,0,0,0,0,8,0,36,0,0,0,0,0,0,0,0,0,10,0,50,0,5,0,26,0,0,0,17,0,66,0,290,0,0,27,37,0,0,0,0,0,0,0,0,0,0,0,0,0,0,0,0,0,0,0,0,0,0,0,2,0,0,0,3,0,18,0,61,8,0,20,11,442,0,0,0,515,30,930,418,0,121,0
217,18,25,0,8,0,102,29,0,61,57,0,15,0,3,0,0,0,0,0,0,0,0,0,0,18,0,0,0,0,0,0,0,0,0,0,0,0,9,0,3,0,0,0,0,0,6,0,53,0,0,0,384,0,174,1,32,0,140,1,528,0,318,0,279,0,466,5,0,0,0,0,0,0,0,0,0,0,0,0,0,0,0,0,0,0,0,0,1,0,0,0,0,0,0,0,0,0,0,0,0,0,0,2,0,0,0,4,0,0,0,0,0,0,0,0,0,0,0,0,0,0,0,0,79,1,21,0,0,0,67,0,0,0,11,10,3,0,0,0,0,0,6,0,0,0,57,0,161,1,12,0,10,0,0,0,51,0,0,0,62,0,7,0,0,0,4,0,18,0,119,0,51,0,3,0,267,67,22,0,0,0,25,0,124,11,1,0,0,0,0,0,0,0,0,0,5,0,0,0,0,0,0,0,0,0,0,0,15,0,741,51,597,922,975,1,67,0,19,2,13,35,0,6,0
1,146,0,18,0,3,16,45,61,0,0,45,0,2,0,2,0,1,0,5,0,0,0,0,0,15,0,0,0,0,0,0,0,0,0,0,0,0,0,0,0,0,0,0,0,5,0,0,0,1,0,0,4,20,0,93,0,7,0,90,25,113,4,58,0,259,2,402,0,0,0,0,0,0,0,0,0,0,0,0,0,0,0,0,0,0,0,0,0,0,0,0,0,0,0,0,0,0,0,0,0,0,0,0,0,0,0,0,0,0,0,0,0,0,0,0,0,0,0,3,0,0,0,0,0,88,0,29,0,0,0,107,0,0,0,0,0,0,0,5,0,0,0,0,0,0,0,18,0,97,0,24,0,24,0,0,0,0,0,0,0,16,0,0,0,12,0,0,0,11,0,17,6,0,0,0,43,228,0,2,0,0,0,4,1,127,0,1,0,0,0,0,0,0,0,0,0,0,0,0,0,0,0,0,0,0,0,19,1,39,18,0,26,68,818,0,4,0,728,45,580,851,0,156,0
345,1,32,0,67,21,28,0,57,0,0,17,324,0,138,49,0,0,18,18,244,2,12,1,1,0,24,0,0,0,59,0,170,0,0,0,71,0,13,0,28,0,0,0,31,0,24,2,13,0,48,0,0,0,6,0,0,0,5,0,0,0,0,0,25,0,20,0,0,0,0,0,0,0,0,0,0,0,0,0,0,0,0,0,0,0,0,0,0,0,0,0,0,0,0,0,0,0,0,0,0,0,0,0,0,0,3,0,0,0,0,0,0,0,0,0,0,0,0,0,0,0,0,0,22,0,0,0,0,0,0,0,0,0,18,0,6,0,0,0,0,0,9,0,0,0,36,0,46,0,0,0,12,0,0,0,0,0,0,0,0,0,0,0,0,0,96,0,0,0,6,0,46,0,0,0,240,78,182,0,18,0,13,0,38,0,10,0,0,0,0,0,0,0,0,0,2,0,5,0,4,0,0,0,0,0,3,0,18,0,115,27,326,83,71,1,0,0,0,0,0,0,0,0,0
12,224,13,25,20,98,1,24,0,45,17,0,0,472,11,11,0,0,0,114,12,157,5,20,0,5,0,260,0,0,3,45,4,147,0,257,0,108,0,0,0,152,1,42,0,87,0,106,2,39,0,148,0,0,0,2,0,0,0,0,0,7,0,1,0,56,1,3,0,0,0,0,0,0,0,0,0,0,0,0,0,0,0,0,0,0,0,0,0,0,0,0,0,0,0,0,0,0,0,0,0,0,0,0,0,0,0,0,0,0,0,0,0,0,0,0,0,0,0,17,0,3,0,0,0,22,0,0,0,0,0,0,0,0,0,0,0,0,0,0,0,0,0,0,0,0,0,0,0,97,0,108,0,126,0,0,0,0,0,0,0,0,0,0,0,22,0,110,0,49,0,0,0,74,0,41,64,319,0,35,0,251,0,35,0,123,0,4,0,0,0,0,0,0,0,0,0,7,0,0,0,6,0,0,0,0,0,17,0,38,6,0,23,3,219,0,0,0,409,25,553,166,6,0,0
88,0,82,0,408,0,0,0,15,0,324,0,0,73,65,0,0,0,129,102,49,15,23,0,0,0,270,133,0,0,1,0,0,0,111,0,0,0,0,0,237,57,242,0,105,12,352,41,9,0,430,0,0,0,0,0,0,0,0,0,0,0,0,0,0,0,0,0,0,0,0,0,0,0,0,0,0,0,0,0,0,0,0,0,0,0,0,0,0,0,0,0,0,0,0,0,0,0,0,0,0,0,0,0,21,0,0,0,0,0,0,0,0,0,0,0,0,0,0,0,0,0,0,0,25,0,15,0,0,0,19,0,4,0,37,0,30,0,0,0,0,0,39,0,0,0,45,0,99,0,0,0,36,0,0,0,0,0,0,0,0,0,0,0,66,0,0,0,0,0,0,0,0,0,0,0,125,59,66,0,56,0,24,0,52,0,49,2,0,0,1,0,0,0,0,0,0,0,0,0,25,0,0,0,0,0,0,0,24,0,0,44,321,17,0,0,0,0,0,0,0,0,0,0,0
0,42,0,0,13,106,0,0,0,2,0,472,73,0,10,3,0,0,147,109,16,82,0,0,0,0,106,515,0,0,2,8,0,0,0,177,0,10,0,0,20,198,14,245,0,123,0,527,0,113,0,617,0,0,0,0,0,0,0,0,0,0,0,0,0,3,0,0,0,0,0,0,0,0,0,0,0,0,0,0,0,0,0,0,0,0,0,0,0,0,0,0,0,0,0,0,0,0,0,0,0,0,0,13,0,0,0,0,0,0,0,0,0,0,0,0,0,0,0,0,0,0,0,0,0,0,0,0,0,0,0,0,0,0,0,0,0,0,0,0,0,0,0,0,0,0,0,0,0,8,0,0,0,17,0,0,0,0,0,0,0,0,0,0,0,93,0,0,0,57,0,0,0,0,0,0,48,186,0,44,0,37,0,4,0,0,13,62,0,0,0,0,0,0,0,0,0,0,0,0,0,0,0,0,0,0,0,0,0,0,0,0,0,0,0,0,0,0,19,73,429,0,0,0,0
22,1,234,0,438,9,62,0,3,0,138,11,65,10,0,12,21,0,165,78,229,6,252,0,47,0,218,0,0,0,59,0,48,0,98,0,57,0,0,0,17,0,0,1,75,0,23,0,0,0,57,0,0,0,21,0,0,0,0,0,0,0,0,0,0,0,0,0,0,0,0,0,0,0,0,0,0,0,0,0,0,0,4,0,0,0,0,0,0,0,0,0,0,0,0,0,0,0,0,0,0,0,0,0,17,0,0,0,0,0,0,0,0,0,0,0,0,0,0,0,0,0,0,0,29,1,18,0,0,0,16,0,11,0,58,0,106,0,0,0,0,0,53,0,0,1,42,0,71,0,0,0,30,0,0,0,0,0,0,0,10,0,0,0,0,0,69,0,17,0,0,0,8,0,17,0,139,63,111,0,45,0,0,0,28,0,0,0,0,0,0,0,0,0,0,0,0,0,0,0,0,0,0,0,0,0,11,0,25,0,17,8,120,15,26,0,0,0,2,0,0,0,0,0,0
46,28,70,77,52,134,7,34,0,2,49,11,0,3,12,0,0,19,1,296,24,357,29,219,8,129,0,65,0,25,5,58,19,142,4,81,15,65,9,0,0,0,0,28,3,55,0,0,3,10,1,31,1,9,0,41,0,0,0,0,0,0,0,24,0,0,0,0,0,0,0,0,0,2,0,0,0,0,0,0,0,5,0,0,0,26,0,5,0,0,0,0,0,0,0,11,0,0,0,7,0,12,0,0,0,0,0,15,0,0,0,0,0,0,0,0,0,0,0,0,0,0,0,0,0,33,0,24,0,0,1,30,0,0,0,100,0,94,0,11,0,0,0,48,0,0,0,0,2,8,2,0,0,0,0,37,0,0,0,0,0,0,1,0,3,5,21,99,6,10,0,2,19,31,0,0,204,447,6,9,0,20,0,1,1,0,0,0,0,0,0,0,0,0,0,0,0,0,0,0,0,0,0,0,0,0,0,10,0,46,25,0,96,17,27,0,0,0,25,3,105,19,1,0,0
22,0,130,0,0,0,39,0,0,0,0,0,0,0,21,0,0,0,82,0,338,0,135,0,297,0,152,0,290,0,155,0,122,0,72,0,130,0,142,0,0,0,0,0,182,0,21,0,0,0,75,0,83,0,24,0,13,0,11,0,31,0,383,0,0,0,0,0,0,0,40,0,12,0,53,0,0,0,0,0,66,0,0,0,178,0,146,0,0,0,33,0,0,0,138,0,131,0,138,0,133,0,0,0,100,0,216,0,0,0,0,0,0,0,0,0,0,0,0,0,74,0,123,0,0,0,0,0,8,0,6,0,0,0,0,0,134,0,82,0,195,0,327,0,14,0,0,0,0,0,0,0,0,0,14,0,5,0,43,0,12,0,0,0,0,0,13,0,0,0,0,0,36,0,0,0,3,0,0,0,0,0,0,0,0,0,0,0,0,0,0,0,0,0,0,0,0,0,0,0,0,0,0,0,0,0,0,0,4,0,0,0,67,0,3,0,2,0,0,0,0,0,0,0,0
0,0,1,21,0,26,0,13,0,1,0,0,0,0,0,19,0,0,0,6,0,186,0,129,0,274,0,0,0,447,0,38,0,249,0,28,0,33,0,301,0,0,0,0,0,0,0,0,0,0,0,0,0,117,0,25,0,42,0,0,0,36,0,367,0,0,0,0,0,10,0,0,0,0,0,0,0,9,0,0,0,65,0,27,0,123,0,16,0,12,0,54,0,0,0,49,0,0,0,32,0,40,0,0,0,0,0,0,0,0,0,0,0,0,0,0,0,0,0,0,0,0,0,2,0,0,0,0,0,0,0,55,0,46,0,106,0,151,0,87,0,50,0,173,0,2,0,0,0,0,0,0,0,0,0,84,0,0,0,46,0,36,0,0,0,0,0,9,0,0,0,0,0,38,0,0,0,0,0,0,0,0,0,0,0,0,0,0,0,0,0,0,0,0,0,0,0,0,0,0,0,0,0,0,0,0,0,0,0,0,0,0,0,0,0,0,0,0,0,0,21,0,0,0,0
4,0,64,0,102,15,14,0,0,0,18,0,129,147,165,1,82,0,0,249,166,34,159,0,20,0,313,179,0,0,0,0,0,0,131,4,12,0,0,0,29,34,67,0,95,22,29,21,0,0,159,15,0,0,17,0,0,0,0,0,0,0,0,0,0,0,0,0,0,0,0,0,0,0,0,0,0,0,0,0,0,0,0,0,0,0,0,0,0,0,0,0,0,0,0,0,0,0,0,0,0,0,0,0,0,0,0,0,0,0,0,0,0,0,0,0,0,0,0,0,0,0,0,0,3,0,0,0,0,0,0,0,0,0,0,0,0,0,0,0,0,0,0,0,0,0,12,0,0,0,0,0,0,0,0,0,0,0,0,0,0,0,0,0,41,0,9,0,32,0,0,0,0,0,0,0,123,95,20,0,18,0,6,0,0,0,30,3,0,0,0,0,0,0,0,0,0,0,0,0,0,0,0,0,0,0,0,0,0,0,14,8,115,13,16,0,0,1,0,0,3,0,0,0,0
2,93,0,84,72,431,0,17,0,5,18,114,102,109,78,296,0,6,249,0,43,254,0,92,0,31,34,314,0,0,7,14,2,0,24,213,0,0,0,0,3,3,0,186,16,67,3,48,2,20,22,259,0,0,0,0,0,0,0,0,0,0,0,12,0,0,0,0,0,0,0,0,0,0,0,0,0,0,0,0,0,0,0,0,0,16,0,0,0,0,0,7,0,0,1,0,0,0,0,0,0,0,0,0,0,0,0,0,0,0,0,0,0,0,0,0,0,0,0,0,0,0,0,0,0,17,0,12,0,0,0,0,0,0,0,54,0,0,0,0,0,0,0,0,0,0,0,3,0,39,0,32,0,35,0,0,0,0,0,0,0,0,1,0,4,59,0,33,0,54,0,0,0,9,0,0,123,278,2,58,0,48,0,8,1,29,0,35,0,0,0,0,0,0,0,5,0,3,0,0,0,0,0,0,0,0,0,0,0,0,0,0,19,0,0,0,0,0,32,14,219,0,0,0,0
34,0,275,0,499,10,26,0,0,0,244,12,49,16,229,24,338,0,166,43,0,5,328,0,77,0,234,39,47,0,74,0,40,0,122,0,44,0,0,0,0,13,54,0,192,6,0,0,1,0,163,0,2,0,16,0,0,0,0,0,0,0,58,0,0,0,4,0,0,0,0,0,0,0,22,0,0,0,0,0,0,0,0,0,43,0,49,0,0,0,0,0,0,0,0,0,24,0,0,0,0,0,0,0,22,0,0,0,0,0,0,0,0,0,0,0,0,0,0,0,0,0,0,0,6,0,0,0,0,0,0,0,0,0,22,0,31,0,0,0,41,0,0,0,0,0,0,0,0,0,15,0,0,0,0,0,0,0,0,0,12,0,0,0,47,0,45,0,0,0,0,0,12,0,0,0,176,38,193,0,33,2,16,0,0,0,8,1,0,0,0,0,0,0,0,0,0,0,0,0,0,0,0,0,0,0,0,0,0,0,15,6,117,17,0,0,0,0,0,0,0,0,0,0,0
0,27,0,41,11,243,0,0,0,0,2,157,15,82,6,357,0,186,34,254,5,0,0,562,0,123,7,145,0,63,0,54,0,108,0,172,3,35,0,9,0,0,6,178,0,73,1,11,0,0,10,88,0,0,0,5,0,0,0,14,0,0,0,70,0,0,0,0,0,0,0,0,0,0,0,0,0,0,0,2,0,0,0,0,0,87,0,28,0,0,0,0,0,0,0,36,0,0,0,29,0,30,0,0,0,0,0,0,0,0,0,0,0,0,0,0,0,0,0,0,0,12,0,0,0,0,0,0,0,0,0,0,0,0,0,0,0,196,0,123,0,95,0,241,0,29,0,0,0,18,0,0,0,0,0,0,0,0,0,0,0,0,0,0,0,18,0,53,0,33,0,0,0,8,0,0,25,47,2,10,0,22,0,0,0,7,0,5,0,0,0,0,0,0,0,0,0,0,0,0,0,0,0,0,0,0,0,0,0,0,0,0,0,0,0,0,0,0,16,5,65,9,3,0,0
43,9,423,0,71,9,68,0,0,0,12,5,23,0,252,29,135,0,159,0,328,0,0,2,279,2,231,0,72,0,97,0,102,1,0,0,48,0,41,0,0,0,0,0,165,0,119,0,6,0,34,0,0,0,28,0,0,0,0,0,0,0,40,0,0,0,0,0,0,0,0,0,0,0,0,0,0,0,0,0,0,0,0,0,23,0,0,0,0,0,0,0,0,0,0,0,0,0,0,0,0,0,14,0,0,0,0,0,0,0,0,0,0,0,0,0,0,0,0,0,11,0,6,0,0,0,0,0,10,0,0,0,0,0,28,0,82,0,0,0,0,0,0,0,1,0,1,0,1,0,0,0,0,0,4,0,0,0,0,0,0,0,0,0,0,0,30,1,0,0,4,0,19,1,2,0,31,17,0,0,0,2,3,0,0,0,0,0,0,0,0,0,0,0,0,0,0,0,0,0,0,0,0,0,0,0,0,0,11,0,0,0,62,0,0,0,0,0,7,0,6,0,0,0,0
6,17,6,147,0,128,0,22,0,0,1,20,0,0,0,219,0,129,0,92,0,562,2,0,0,172,0,0,0,137,0,102,1,215,0,99,0,39,2,41,0,0,0,0,0,24,0,0,0,0,0,0,0,19,0,24,0,0,0,0,0,8,0,149,0,0,0,0,0,0,0,0,0,0,0,0,0,0,0,0,0,44,0,13,0,77,0,18,0,5,0,25,0,0,0,24,0,35,0,21,0,20,0,0,0,0,0,12,0,0,0,0,0,0,0,0,0,0,0,0,0,8,0,0,0,0,0,0,0,0,0,0,0,0,0,106,0,98,0,25,0,19,0,101,0,1,0,0,0,0,0,0,0,0,0,0,0,0,0,0,0,0,0,0,2,4,0,33,0,0,0,1,1,30,0,0,9,25,0,0,0,0,0,0,0,0,0,0,0,0,0,0,0,0,0,0,0,0,0,0,0,0,0,0,0,0,0,0,0,0,3,0,6,3,0,0,0,0,0,0,32,0,0,0,0
7,33,160,3,23,2,191,3,0,0,1,0,0,0,47,8,297,0,20,0,77,0,279,0,0,6,0,0,122,0,53,0,31,2,0,0,35,0,121,0,0,0,0,0,0,0,0,0,0,0,29,0,130,0,286,0,0,0,20,0,62,0,506,1,0,0,0,0,0,0,0,0,0,0,0,0,0,0,0,0,22,0,0,0,98,0,0,0,0,0,30,0,0,0,0,0,116,0,0,0,0,0,0,0,134,0,188,0,0,0,0,0,0,0,0,0,0,0,1,0,0,0,0,0,19,0,53,0,93,0,33,0,0,0,183,0,447,0,68,0,78,0,420,0,3,0,12,0,0,0,18,0,0,0,47,0,6,0,69,0,72,0,4,0,0,0,5,0,0,0,10,0,77,0,1,0,17,16,0,0,0,0,0,0,0,0,0,0,0,0,0,0,0,0,0,0,0,0,0,0,0,0,0,0,0,0,0,0,73,0,0,3,116,0,0,0,0,0,2,0,5,2,0,0,0
27,38,9,107,0,75,36,197,18,15,0,5,0,0,0,129,0,274,0,31,0,123,2,172,6,0,0,0,0,232,0,21,0,142,0,0,3,90,0,362,0,0,0,0,0,0,0,0,0,0,0,0,0,112,0,206,0,66,0,0,10,181,1,419,0,0,1,0,0,0,0,0,0,0,0,0,0,0,0,0,0,0,0,0,0,39,0,0,0,0,0,0,0,0,0,0,0,49,0,0,0,0,0,0,0,0,0,0,0,0,0,0,0,0,0,0,0,0,0,0,0,0,0,0,0,77,0,42,0,45,0,103,0,0,0,186,1,197,0,34,0,0,0,89,0,0,0,4,1,13,0,0,0,0,0,142,0,2,0,53,0,74,0,6,0,20,0,24,0,11,0,28,13,160,0,0,22,35,0,0,0,0,0,0,0,0,0,0,0,0,0,0,0,0,0,0,0,0,0,0,0,0,0,0,0,0,0,18,0,134,21,2,32,24,70,0,0,0,54,0,259,76,0,11,0
0,0,108,0,130,0,0,0,0,0,24,0,270,106,218,0,152,0,313,34,234,7,231,0,0,0,0,209,15,0,7,0,8,0,19,0,50,0,0,0,20,144,368,4,216,59,131,114,6,0,227,0,0,0,36,0,0,0,0,0,0,0,0,0,0,0,0,0,4,0,0,0,0,0,0,0,0,0,0,0,0,0,0,0,0,0,0,0,0,0,0,0,0,0,0,0,0,0,0,0,0,0,0,0,0,0,0,0,0,0,0,0,0,0,0,0,0,0,0,0,0,0,0,0,0,0,0,0,0,0,0,0,0,0,0,0,0,0,0,0,0,0,0,0,0,0,0,0,19,0,0,0,0,0,0,0,0,0,0,0,0,0,0,0,114,0,6,0,0,0,0,0,0,0,0,0,46,66,52,0,37,0,0,0,21,0,119,0,0,0,0,0,9,0,0,0,2,0,0,0,0,0,0,0,0,0,0,0,0,0,0,55,270,6,0,0,0,4,0,0,0,0,0,0,0
0,37,1,0,25,222,0,0,0,0,0,260,133,515,0,65,0,0,179,314,39,145,0,0,0,0,209,0,0,2,0,9,0,2,0,54,0,10,0,0,98,31,0,337,8,293,21,220,0,48,24,268,0,0,0,0,0,0,0,0,0,0,0,6,0,0,0,2,0,0,0,0,0,0,0,0,0,0,0,0,0,0,0,0,0,0,0,0,0,0,0,0,0,0,0,0,0,0,0,0,0,0,0,0,0,0,0,0,0,0,0,0,0,0,0,0,0,0,0,0,0,0,0,0,0,0,0,0,0,0,0,0,0,0,0,0,0,0,0,0,0,0,0,23,0,0,0,0,0,14,0,0,0,0,0,0,0,0,0,0,0,0,0,0,0,111,0,6,0,69,0,0,0,3,0,0,31,132,0,15,0,0,0,0,0,0,30,36,0,0,0,0,0,0,0,0,0,0,0,0,0,0,0,0,0,0,0,0,0,0,0,0,0,0,0,0,0,0,16,72,353,8,2,1,4
120,0,248,0,0,0,14,0,0,0,0,0,0,0,0,0,290,0,0,0,47,0,72,0,122,0,15,0,0,0,29,0,70,0,62,0,87,0,39,0,0,0,12,0,0,0,0,0,0,0,24,0,0,0,11,0,0,0,0,0,19,0,47,0,0,0,0,0,0,0,20,0,0,0,21,0,0,0,0,0,17,0,0,0,0,0,49,0,0,0,4,0,0,0,33,0,36,0,51,0,0,0,15,0,21,0,42,0,0,0,0,0,0,0,0,0,0,0,0,0,39,0,0,0,0,0,0,0,0,0,0,0,0,0,0,0,0,0,55,0,74,0,59,0,20,0,0,0,0,0,0,0,0,0,5,0,0,0,12,0,0,0,0,0,0,0,0,0,0,0,0,0,0,0,0,0,0,0,0,0,0,0,0,0,0,0,0,0,0,0,0,0,0,0,0,0,0,0,1,0,0,0,0,0,0,0,0,0,0,0,0,0,10,0,1,0,0,0,0,0,0,0,0,0,0
0,0,0,73,0,0,0,47,0,0,0,0,0,0,0,25,0,447,0,0,0,63,0,137,0,232,0,2,0,0,0,32,0,96,0,129,0,69,0,26,0,0,0,25,0,0,0,0,0,0,0,26,0,5,0,9,0,0,0,0,0,19,0,39,0,0,0,0,0,0,0,3,0,0,0,0,0,0,0,0,0,15,0,0,0,0,0,0,0,0,0,0,0,0,0,0,0,18,0,12,0,12,0,0,0,0,0,0,0,0,0,0,0,0,0,0,0,0,0,0,0,0,0,0,0,0,0,0,0,86,0,34,0,44,0,60,0,137,0,183,0,68,0,100,0,22,0,0,0,0,0,0,0,0,0,19,0,9,0,43,0,0,0,0,0,0,0,2,0,0,0,0,0,0,0,0,0,0,0,0,0,0,0,0,0,0,0,0,0,0,0,0,0,0,0,0,0,0,0,0,0,0,0,0,0,0,0,0,0,0,0,0,0,0,0,0,0,0,0,0,0,0,0,0,0
45,0,115,0,100,0,7,0,0,0,59,3,1,2,59,5,155,0,0,7,74,0,97,0,53,0,7,0,29,0,0,0,7,0,51,0,47,0,3,0,0,0,32,0,21,0,0,0,0,0,36,0,0,0,5,0,0,0,0,0,0,0,23,0,0,0,0,0,0,0,0,0,0,0,4,0,0,0,0,0,0,0,0,0,0,0,0,0,0,0,0,0,0,0,0,0,0,0,0,0,0,0,0,0,0,0,0,0,0,0,0,0,0,0,0,0,0,0,0,0,0,0,0,0,0,0,0,0,0,0,0,0,0,0,0,0,0,0,0,0,11,0,24,0,0,0,0,0,0,0,0,0,0,0,0,0,0,0,0,0,0,0,0,0,9,0,28,0,0,0,0,0,0,0,0,0,29,0,34,0,0,0,14,0,0,0,0,0,0,0,0,0,0,0,0,0,0,0,0,0,0,0,0,0,0,0,0,0,0,0,7,0,24,0,0,0,0,0,0,0,0,1,0,0,0
0,0,0,23,0,93,0,0,0,0,0,45,0,8,0,58,0,38,0,14,0,54,0,102,0,21,0,9,0,32,0,0,0,9,0,63,0,8,0,3,0,0,0,34,0,1,0,0,0,0,0,5,0,0,0,0,0,0,0,0,0,2,0,9,0,0,0,0,0,0,0,1,0,0,0,0,0,0,0,0,0,7,0,0,0,11,0,0,0,0,0,0,0,0,0,0,0,0,0,0,0,0,0,0,0,0,0,0,0,0,0,0,0,0,0,0,0,0,0,0,0,5,0,0,0,0,0,0,0,0,0,0,0,0,0,0,0,0,0,24,0,13,0,41,0,0,0,2,0,0,0,0,0,4,0,0,0,0,0,6,0,0,0,0,0,2,0,8,0,0,0,0,0,0,0,0,0,6,0,2,0,11,0,0,0,0,0,0,0,0,0,0,0,0,0,0,0,0,0,0,0,0,0,0,0,0,0,0,0,7,0,0,0,0,0,0,0,0,0,0,12,0,0,0,0
184,0,301,4,229,9,19,1,0,0,170,4,0,0,48,19,122,0,0,2,40,0,102,1,31,0,8,0,70,0,7,0,0,0,30,0,185,0,5,0,0,0,10,0,34,0,0,0,0,0,32,0,0,0,0,0,0,0,0,0,11,0,15,0,0,0,0,0,0,0,0,0,0,0,5,0,0,0,0,0,0,0,0,0,0,0,18,0,0,0,0,0,0,0,0,0,0,0,0,0,10,0,0,0,0,0,0,0,0,0,0,0,0,0,0,0,0,0,0,0,0,0,0,0,0,0,0,0,0,0,0,0,0,0,0,0,0,0,29,0,0,0,0,0,19,0,0,0,3,0,0,0,0,0,0,0,3,0,0,0,5,0,0,0,5,1,32,0,0,0,3,0,7,0,0,0,113,17,58,0,0,1,26,0,0,1,0,0,0,0,0,0,0,0,0,0,0,0,0,0,0,0,0,0,0,0,0,0,0,0,6,0,39,0,0,0,0,0,0,0,0,1,0,0,0
1,277,0,299,0,263,0,0,0,0,0,147,0,0,0,142,0,249,0,0,0,108,1,215,2,142,0,2,0,96,0,9,0,0,0,111,0,160,0,13,0,0,0,19,0,14,0,0,0,3,0,7,0,8,0,0,0,0,0,9,0,10,0,55,0,0,0,0,0,0,0,0,0,0,0,0,0,0,0,0,0,0,0,0,0,32,0,17,0,0,0,0,0,0,0,0,0,0,0,22,0,20,0,0,0,0,0,0,0,0,0,0,0,0,0,0,0,0,0,0,0,9,0,0,0,0,0,0,0,0,0,0,0,0,0,63,0,140,0,103,0,61,0,146,0,57,0,5,0,28,0,17,0,5,0,15,0,17,0,35,0,0,0,0,0,0,0,43,0,0,0,0,0,7,0,0,0,16,0,5,0,0,0,0,0,12,0,0,0,0,0,0,0,0,0,0,0,0,0,0,0,0,0,0,0,0,0,0,0,0,0,0,0,1,0,0,0,0,3,0,16,0,0,0,0
7,0,0,0,101,3,0,0,0,0,0,0,111,0,98,4,72,0,131,24,122,0,0,0,0,0,19,0,62,0,51,0,30,0,0,0,83,0,0,0,0,0,24,0,6,0,0,0,0,0,175,0,0,0,0,0,0,0,0,0,0,0,20,0,0,0,0,0,0,0,0,0,0,0,9,0,0,0,0,0,0,0,0,0,0,0,14,0,0,0,0,0,0,0,0,0,0,0,0,0,0,0,0,0,0,0,0,0,0,0,0,0,0,0,0,0,0,0,0,0,0,0,0,0,0,0,0,0,0,0,0,0,0,0,0,0,0,0,0,0,0,0,0,0,0,0,0,0,0,0,0,0,0,0,1,0,0,0,0,0,0,0,0,0,65,0,17,0,54,0,0,0,0,0,0,0,73,0,89,0,0,0,0,0,17,0,10,0,0,0,0,0,0,0,0,0,0,0,0,0,0,0,0,0,0,0,1,0,0,0,6,0,109,0,0,0,1,0,0,0,0,0,0,0,0
0,47,0,28,0,252,0,0,0,0,0,257,0,177,0,81,0,28,4,213,0,172,0,99,0,0,0,54,0,129,0,63,0,111,0,0,0,234,0,0,0,0,0,104,0,11,0,0,0,0,0,50,0,0,0,0,0,0,0,0,0,9,0,35,0,9,0,0,0,0,0,6,0,0,0,0,0,0,0,0,0,86,0,23,0,63,0,27,0,0,0,23,0,0,0,26,0,0,0,0,0,0,0,4,0,0,0,0,0,0,0,0,0,1,0,0,0,0,0,0,0,0,0,0,0,0,0,0,0,0,0,0,0,0,0,0,0,186,0,113,0,103,0,221,0,51,0,0,0,0,0,0,0,0,0,0,0,0,0,0,0,0,0,0,0,13,0,48,0,33,0,2,0,7,0,0,0,35,0,16,0,0,0,4,0,0,0,6,0,0,0,0,0,0,0,0,0,0,0,0,0,0,0,0,0,0,0,0,0,0,0,0,0,0,9,0,0,0,0,0,62,0,0,0,0
152,0,179,4,114,7,0,0,0,0,71,0,0,0,57,15,130,0,12,0,44,3,48,0,35,3,50,0,87,0,47,0,185,0,83,0,0,0,403,0,0,0,30,0,112,0,0,0,0,0,227,0,0,0,0,0,33,0,16,0,30,0,37,0,0,0,0,0,0,0,106,0,0,0,60,0,0,0,0,0,46,0,98,0,37,0,140,0,52,0,0,0,0,0,106,0,34,0,94,0,76,0,0,0,16,0,44,0,0,0,0,0,0,0,0,0,0,0,0,0,75,0,0,0,0,0,0,0,0,0,0,0,0,0,0,0,0,0,150,0,125,0,46,0,180,0,0,0,6,0,0,0,0,0,31,0,40,0,0,0,69,0,29,0,28,0,35,0,48,0,28,0,38,0,0,0,95,23,43,0,0,0,8,0,0,0,0,0,0,0,0,0,0,0,0,0,0,0,0,0,0,0,0,0,0,0,0,0,0,0,6,0,75,0,0,1,0,0,3,0,2,0,0,0,0
5,510,0,124,0,108,3,174,0,0,0,108,0,10,0,65,0,33,0,0,0,35,0,39,0,90,0,10,0,69,0,8,0,160,0,234,0,0,0,17,0,2,0,93,0,49,0,0,0,3,0,123,0,0,0,18,0,0,0,0,0,45,0,20,0,0,0,0,0,0,0,19,0,0,0,11,0,0,0,0,0,72,0,0,0,64,0,27,0,0,0,0,0,0,0,0,0,12,0,19,0,0,0,0,0,0,0,0,0,0,0,0,0,0,0,0,0,0,0,0,0,0,0,0,0,0,0,0,0,49,0,0,0,25,0,35,0,191,0,255,0,170,0,219,0,220,0,0,0,14,0,0,0,0,0,24,0,99,0,56,0,0,0,0,0,11,0,60,0,21,0,15,0,34,0,0,4,42,0,16,0,0,0,3,0,0,0,3,0,0,0,0,0,0,0,0,0,0,0,0,0,0,0,0,0,0,0,0,0,0,1,0,4,0,0,0,0,0,0,0,35,0,0,0,0
364,8,372,0,36,3,78,2,9,0,13,0,0,0,0,9,142,0,0,0,0,0,41,2,121,0,0,0,39,0,3,0,5,0,0,0,403,0,0,0,0,0,1,0,6,0,0,0,0,0,0,0,0,0,0,0,4,0,0,0,16,0,52,0,0,1,3,0,0,0,28,0,0,0,13,0,0,0,0,0,0,0,0,0,0,0,0,0,0,0,4,0,0,0,0,0,22,0,0,0,33,0,0,0,0,0,25,0,0,0,0,0,0,0,0,0,0,0,0,0,0,0,0,0,0,0,0,0,0,0,0,0,0,0,0,0,25,0,85,0,102,0,29,0,61,0,0,0,0,0,0,0,0,0,0,0,11,0,14,0,17,0,3,0,0,0,46,0,0,0,5,1,46,0,0,0,57,17,0,0,0,0,0,0,0,0,0,0,0,0,0,0,0,0,0,0,0,0,0,0,0,0,0,0,0,0,0,0,0,0,7,1,0,0,3,0,0,0,0,0,0,0,0,0,0
5,384,0,121,0,0,0,414,0,0,0,0,0,0,0,0,0,301,0,0,0,9,0,41,0,362,0,0,0,26,0,3,0,13,0,0,0,17,0,0,0,0,0,4,0,0,0,1,0,0,0,4,0,10,0,11,0,0,0,0,0,23,0,29,0,0,0,0,0,0,0,0,0,0,0,2,0,0,0,0,0,0,0,0,0,11,0,0,0,0,0,0,0,0,0,0,0,0,0,0,0,3,0,0,0,0,0,0,0,0,0,0,0,0,0,0,0,0,0,0,0,0,0,0,0,0,0,0,0,0,0,0,0,0,0,0,0,0,0,67,0,11,0,26,0,13,0,0,0,0,0,0,0,0,0,12,0,11,0,40,0,0,0,0,0,0,0,0,0,0,0,5,0,19,0,0,0,14,0,0,0,0,0,6,0,0,0,0,0,0,0,0,0,0,0,0,0,0,0,0,0,0,0,0,0,0,0,0,0,0,0,0,0,1,0,0,0,0,0,0,0,0,0,0,0
5,0,0,0,52,0,4,0,3,0,28,0,237,20,17,0,0,0,29,3,0,0,0,0,0,0,20,98,0,0,0,0,0,0,0,0,0,0,0,0,0,167,83,0,74,90,257,194,110,33,56,0,0,0,0,0,0,0,0,0,0,0,0,0,0,0,0,0,0,0,0,0,0,0,0,0,0,0,0,0,0,0,0,1,0,0,0,0,0,0,0,0,0,0,0,0,0,0,0,0,4,0,0,0,0,0,0,0,0,0,0,0,0,0,0,0,0,0,3,0,0,0,0,0,0,0,0,0,0,0,0,0,0,0,0,0,0,0,0,0,0,0,0,0,0,0,0,0,0,0,0,0,0,0,0,0,0,0,0,0,0,0,0,0,0,2,0,0,0,1,0,0,0,0,0,0,36,45,119,0,60,0,26,0,17,0,230,1,0,0,0,0,0,0,0,0,0,0,0,0,0,0,0,0,0,0,0,0,0,0,0,41,110,1,0,0,1,11,0,1,0,0,0,0,1
0,0,0,0,0,13,0,0,0,0,0,152,57,198,0,0,0,0,34,3,13,0,0,0,0,0,144,31,0,0,0,0,0,0,0,0,0,2,0,0,167,0,27,34,23,55,33,175,2,133,21,37,0,0,0,0,0,0,0,0,0,0,0,0,0,0,0,0,0,0,0,0,0,0,0,0,0,0,0,0,0,0,0,0,0,0,0,0,0,0,0,0,0,0,0,0,0,0,0,0,0,0,0,11,0,0,0,0,0,0,0,0,0,0,0,0,0,0,0,0,0,0,0,0,0,0,0,0,0,0,0,0,0,0,0,0,0,0,0,0,0,0,0,0,0,0,0,0,0,0,0,0,0,0,0,0,0,0,0,0,0,0,0,0,0,7,0,0,0,0,0,0,0,1,0,13,0,142,2,28,0,28,0,0,1,0,48,26,0,0,0,0,0,0,0,0,0,0,0,0,0,0,0,0,0,0,0,0,0,0,0,1,0,0,0,0,0,0,0,49,54,0,0,0,28
0,0,12,0,0,0,0,0,0,0,0,1,242,14,0,0,0,0,67,0,54,6,0,0,0,0,368,0,12,0,32,0,10,0,24,0,30,0,1,0,83,27,0,4,228,9,92,29,18,3,37,0,1,0,4,0,0,0,0,0,0,0,3,0,0,0,0,0,0,0,0,0,0,0,0,0,0,0,0,0,0,0,0,0,0,0,0,0,0,0,0,0,0,0,7,0,0,0,0,0,0,0,0,0,0,0,0,0,0,0,0,0,0,0,0,0,0,0,0,0,0,0,0,0,0,0,0,0,0,0,0,0,0,0,0,0,0,0,0,0,0,0,4,0,11,0,0,0,0,0,0,0,0,0,0,0,0,0,0,0,0,0,0,0,20,0,1,0,0,0,1,0,1,0,0,0,0,17,53,0,0,0,0,0,0,0,76,0,0,0,0,0,0,0,0,0,1,0,0,0,0,0,0,0,0,0,0,0,0,0,27,18,23,10,6,1,0,0,0,0,0,0,0,0,0
0,0,0,0,0,64,0,0,0,0,0,42,0,245,1,28,0,0,0,186,0,178,0,0,0,0,4,337,0,25,0,34,0,19,0,104,0,93,0,4,0,34,4,0,0,198,0,81,0,67,0,90,0,0,0,29,0,12,0,10,0,0,0,0,0,0,0,1,0,0,0,0,0,0,0,0,0,0,0,0,0,51,0,0,0,31,0,28,0,0,0,0,0,0,0,0,0,0,0,13,0,0,0,0,0,0,0,0,0,0,0,0,0,0,0,0,0,0,0,0,0,15,0,0,0,0,0,0,0,0,0,0,0,0,0,0,0,0,0,0,0,0,0,85,0,31,0,0,0,0,0,0,0,0,0,0,0,5,0,0,0,0,0,0,0,72,0,14,0,36,0,4,0,2,0,0,0,11,0,0,0,0,0,0,0,0,0,0,0,0,0,0,0,0,0,0,0,5,0,0,0,0,0,0,0,0,0,0,0,0,0,0,1,0,0,0,0,0,13,20,85,5,0,0,0
0,0,107,0,77,0,0,0,0,0,31,0,105,0,75,3,182,0,95,16,192,0,165,0,0,0,216,8,0,0,21,0,34,0,6,0,112,0,6,0,74,23,228,0,0,16,287,37,171,17,74,0,0,0,0,0,0,0,11,0,0,0,0,0,0,0,0,0,16,0,21,0,0,0,20,0,0,0,0,0,0,0,60,0,0,0,79,0,23,0,0,0,0,0,0,0,38,0,0,0,52,0,44,0,0,0,0,0,2,0,0,0,0,0,0,0,0,0,3,0,0,0,0,0,0,0,0,0,0,0,0,0,0,0,0,0,0,0,0,0,0,0,61,0,0,0,0,0,0,0,20,0,0,0,0,0,0,0,0,0,19,0,5,0,171,0,41,0,92,0,2,0,16,0,0,0,53,0,112,0,76,0,17,0,0,0,110,0,17,0,0,0,0,0,0,0,2,0,6,0,0,0,0,0,21,0,0,0,0,0,23,34,261,9,8,0,0,26,0,0,1,0,0,0,0
0,0,0,0,2,78,0,18,0,5,0,87,12,123,0,55,0,0,22,67,6,73,0,24,0,0,59,293,0,0,0,1,0,14,0,11,0,49,0,0,90,55,9,198,16,0,63,307,10,145,0,122,0,0,0,22,0,0,0,19,0,0,0,0,0,0,0,0,0,42,0,3,0,5,0,0,0,38,0,6,0,113,0,68,0,56,0,102,0,46,0,8,0,65,0,129,0,0,0,23,0,42,0,88,0,0,0,15,0,0,0,0,0,0,0,1,0,0,0,3,0,40,0,3,0,0,0,0,0,0,0,0,0,0,0,0,0,87,0,0,0,0,0,128,0,34,0,0,0,8,0,0,0,0,0,0,0,0,0,0,0,0,0,0,0,124,0,17,0,168,0,6,0,11,0,5,0,45,0,0,0,0,0,0,0,0,40,17,0,0,0,0,0,0,0,44,0,13,0,0,0,0,0,0,0,0,0,0,0,0,0,2,0,0,16,0,0,0,44,128,333,7,2,0,74
0,0,64,0,70,1,26,0,6,0,24,0,352,0,23,0,21,0,29,3,0,1,119,0,0,0,131,21,0,0,0,0,0,0,0,0,0,0,0,0,257,33,92,0,287,63,0,85,281,31,28,0,0,0,21,0,0,0,0,0,0,0,0,0,0,0,0,0,6,0,0,0,0,0,1,0,0,0,0,0,0,0,0,0,0,0,0,0,0,0,0,0,0,0,0,0,9,0,0,0,0,0,0,0,0,0,0,0,0,0,0,0,0,0,0,0,0,0,0,0,0,0,0,0,0,0,0,0,0,0,0,0,0,0,16,0,0,0,0,0,0,0,0,0,0,0,8,0,11,0,0,0,0,0,0,0,0,0,0,0,0,0,0,0,60,0,0,0,16,0,0,0,0,0,0,0,22,18,130,0,134,0,25,0,0,0,244,0,0,0,0,0,5,0,0,0,0,0,0,0,0,0,0,0,0,0,0,0,0,0,5,93,224,0,0,0,1,72,0,1,0,0,0,0,0
0,0,0,0,0,28,0,0,0,0,2,106,41,527,0,0,0,0,21,48,0,11,0,0,0,0,114,220,0,0,0,0,0,0,0,0,0,0,0,1,194,175,29,81,37,307,85,0,2,164,19,42,0,0,0,0,0,0,0,0,0,0,0,0,0,0,0,0,0,13,0,0,0,0,0,0,0,0,0,0,0,0,0,0,0,0,0,0,0,0,0,0,0,0,0,0,0,0,0,0,0,0,0,0,0,0,0,0,0,0,0,0,0,0,0,0,0,0,0,0,0,0,0,0,0,0,0,0,0,0,0,0,0,0,0,0,0,0,0,0,0,0,0,5,0,0,0,3,0,0,0,0,0,0,0,0,0,0,0,0,0,0,0,0,0,35,0,0,0,0,0,0,0,2,0,0,0,97,0,0,2,0,0,0,0,0,94,13,0,0,0,0,0,0,0,0,0,0,0,0,0,0,0,0,0,0,0,0,0,0,0,0,0,0,0,0,0,0,12,108,193,0,0,0,81
93,4,47,3,10,0,38,0,53,0,13,2,9,0,0,3,0,0,0,2,1,0,6,0,0,0,6,0,0,0,0,0,0,0,0,0,0,0,0,0,110,2,18,0,171,10,281,2,0,27,12,0,0,0,0,1,0,0,28,0,0,0,0,0,0,0,10,0,21,0,1,0,0,0,0,0,2,0,0,0,0,0,27,0,0,0,13,0,7,0,0,0,94,0,4,0,0,0,3,0,4,0,61,0,0,0,0,0,2,0,0,0,0,0,0,0,0,0,0,0,0,0,0,0,0,0,0,0,0,0,0,0,0,0,4,2,0,0,1,0,0,0,0,0,0,0,2,0,0,0,11,0,0,0,0,0,0,0,0,0,16,0,0,0,51,0,7,0,20,0,3,0,12,1,8,0,137,23,34,0,56,0,17,0,11,0,313,0,4,0,2,0,6,0,3,0,0,0,0,0,0,0,0,0,10,0,0,0,1,0,69,80,217,14,63,0,25,41,2,0,0,0,0,0,0
0,8,0,0,0,11,0,6,0,1,0,39,0,113,0,10,0,0,0,20,0,0,0,0,0,0,0,48,0,0,0,0,0,3,0,0,0,3,0,0,33,133,3,67,17,145,31,164,27,0,2,12,0,0,0,7,0,0,0,2,0,0,0,3,0,0,0,0,0,82,0,0,0,0,0,0,0,15,0,0,0,18,0,20,0,0,0,11,0,20,0,0,0,58,0,43,0,0,0,0,0,10,0,63,0,0,0,10,0,0,0,0,0,5,0,0,0,0,0,0,0,3,0,0,0,2,0,0,0,0,0,0,0,0,0,20,0,0,0,0,0,0,0,14,0,0,0,0,0,0,0,0,0,0,0,0,0,0,0,0,0,0,0,0,0,26,0,6,0,16,0,1,0,5,0,5,0,85,0,21,0,26,0,5,0,6,53,51,0,0,0,1,0,0,0,0,0,0,0,0,0,0,0,8,0,0,0,0,0,0,0,0,0,0,9,0,0,0,16,20,77,1,0,3,38
25,0,32,1,172,3,0,0,0,0,48,0,430,0,57,1,75,0,159,22,163,10,34,0,29,0,227,24,24,0,36,0,32,0,175,0,227,0,0,0,56,21,37,0,74,0,28,19,12,2,0,0,0,0,0,0,4,0,0,0,0,0,10,0,0,0,4,0,0,0,8,0,0,0,0,0,0,0,4,0,0,0,20,0,0,0,20,0,0,0,0,0,0,0,0,0,0,0,0,0,0,0,3,0,16,0,0,0,0,0,0,0,0,0,0,0,0,0,0,0,0,0,0,0,0,0,0,0,0,0,0,0,0,0,0,0,0,0,0,0,0,0,0,0,6,0,0,0,0,0,0,0,0,0,0,0,0,0,0,0,0,0,0,0,64,0,25,0,98,0,6,0,15,0,0,0,96,21,124,0,0,0,0,0,0,0,32,0,8,0,0,0,0,0,0,0,0,0,0,0,0,0,3,0,9,0,0,0,2,0,22,0,117,19,7,0,2,3,0,0,0,0,0,0,0
0,32,0,0,0,157,0,0,0,0,0,148,0,617,0,31,0,0,15,259,0,88,0,0,0,0,0,268,0,26,0,5,0,7,0,50,0,123,0,4,0,37,0,90,0,122,0,42,0,12,0,0,0,2,0,55,0,27,0,30,0,5,0,8,0,0,0,0,0,6,0,11,0,0,0,8,0,0,0,0,0,67,0,0,0,30,0,39,0,0,0,0,0,0,0,54,0,0,0,0,0,8,0,13,0,0,0,0,0,0,0,0,0,3,0,0,0,0,0,0,0,33,0,6,0,0,0,0,0,0,0,0,0,0,0,0,0,45,0,27,0,44,0,110,0,57,0,0,0,13,0,0,0,0,0,0,0,0,0,0,0,0,0,6,0,35,0,49,0,120,0,6,0,25,0,0,0,24,1,12,0,0,0,0,0,0,0,22,0,0,0,0,0,0,0,22,0,0,0,0,0,0,0,0,0,0,0,0,0,27,0,0,0,0,21,0,0,0,26,11,84,6,0,0,0
0,1,18,0,0,0,693,0,384,4,0,0,0,0,0,1,83,0,0,0,2,0,0,0,130,0,0,0,0,0,0,0,0,0,0,0,0,0,0,0,0,0,1,0,0,0,0,0,0,0,0,0,0,0,350,0,230,0,158,0,53,0,82,0,0,0,1,0,0,0,0,0,0,0,0,0,0,0,0,0,0,0,0,0,0,0,0,0,0,0,0,0,0,0,0,0,0,0,0,0,0,0,0,0,7,0,15,0,0,0,0,0,0,0,0,0,0,0,0,0,10,0,13,0,20,0,0,0,50,0,34,0,0,0,16,0,115,0,235,0,104,0,79,0,18,0,2,0,4,0,0,0,0,0,287,0,193,0,213,0,51,0,10,0,0,0,0,0,3,0,80,0,0,0,0,0,23,6,0,0,0,0,0,0,0,0,0,0,0,0,0,0,0,0,0,0,0,0,0,0,0,0,0,0,0,0,0,0,3,0,0,0,68,0,0,0,0,0,1,0,1,0,0,0,0
0,0,0,0,0,0,0,31,0,20,0,0,0,0,0,9,0,117,0,0,0,0,0,19,0,112,0,0,0,5,0,0,0,8,0,0,0,0,0,10,0,0,0,0,0,0,0,0,0,0,0,2,0,0,0,387,0,210,0,82,0,51,0,179,0,3,0,22,0,0,0,0,0,0,0,0,0,0,0,0,0,0,0,0,0,0,0,0,0,0,0,8,0,0,0,0,0,14,0,0,0,0,0,1,0,0,0,0,0,0,0,0,0,0,0,0,0,0,0,0,0,1,0,0,0,29,0,0,0,147,0,104,0,61,0,52,0,84,0,121,0,26,0,58,0,62,0,0,0,0,0,0,0,0,0,259,0,73,0,160,0,82,0,0,0,0,0,0,0,0,0,5,0,0,0,0,0,0,0,0,0,1,0,0,0,0,0,0,0,0,0,0,0,0,0,0,0,0,0,0,0,0,0,0,0,0,0,0,0,17,0,0,0,0,0,0,0,0,0,0,11,0,0,0,0
8,0,41,0,0,0,526,0,174,0,6,0,0,0,21,0,24,0,17,0,16,0,28,0,286,0,36,0,11,0,5,0,0,0,0,0,0,0,0,0,0,0,4,0,0,0,21,0,0,0,0,0,350,0,0,0,197,0,400,0,12,0,67,0,23,0,14,0,0,0,0,0,0,0,0,0,0,0,0,0,0,0,0,0,7,0,0,0,0,0,5,0,0,0,0,0,0,0,0,0,0,0,0,0,0,0,14,0,0,0,0,0,0,0,0,0,0,0,0,0,0,0,0,0,40,0,0,0,109,0,81,0,17,0,43,0,196,0,36,0,24,0,75,0,2,0,16,0,24,0,14,0,0,0,149,0,26,0,119,0,214,0,0,0,1,0,0,0,8,0,184,0,21,0,0,0,8,1,0,0,0,0,0,0,0,0,0,0,0,0,0,0,0,0,0,0,0,0,0,0,0,0,0,0,1,0,5,0,19,0,11,0,239,194,33,0,15,0,0,0,0,0,0,0,0
0,7,0,20,0,0,0,430,1,93,0,2,0,0,0,41,0,25,0,0,0,5,0,24,0,206,0,0,0,9,0,0,0,0,0,0,0,18,0,11,0,0,0,29,0,22,0,0,1,7,0,55,0,387,0,0,0,197,0,126,0,189,0,188,0,24,0,73,0,0,0,0,0,0,0,0,0,3,0,0,0,0,0,0,0,0,0,0,0,0,0,0,0,0,0,0,0,0,0,0,0,0,0,0,0,0,0,0,0,0,0,0,0,0,0,0,0,0,0,0,0,0,0,0,0,67,0,0,0,29,0,135,0,15,0,17,0,20,0,17,0,0,0,0,0,0,0,0,0,22,0,0,0,0,0,214,0,82,0,97,0,68,0,0,0,10,0,29,0,13,0,288,0,86,0,0,1,4,0,0,0,0,0,0,0,0,0,0,0,0,0,0,0,0,0,0,0,0,0,0,0,0,0,0,0,0,0,0,0,47,0,0,0,2,174,0,0,0,52,5,711,390,0,87,2
0,0,12,0,0,0,58,0,32,0,0,0,0,0,0,0,13,0,0,0,0,0,0,0,0,0,0,0,0,0,0,0,0,0,0,0,33,0,4,0,0,0,0,0,0,0,0,0,0,0,4,0,230,0,197,0,0,0,502,0,0,0,0,0,60,0,99,0,0,0,0,0,0,0,0,0,0,0,0,0,0,0,1,0,0,0,0,0,0,0,0,0,0,0,0,0,0,0,0,0,0,0,0,0,0,0,0,0,0,0,0,0,0,0,0,0,0,0,0,0,0,0,0,0,38,0,21,0,144,0,92,0,5,0,0,0,0,0,19,0,0,0,0,0,6,0,6,0,10,0,0,0,0,0,278,0,34,0,142,0,247,0,73,0,0,0,3,0,19,0,147,0,14,0,0,0,0,0,0,0,2,0,0,0,0,0,0,0,0,0,0,0,0,0,0,0,0,0,0,0,0,0,0,0,0,0,0,0,4,0,36,6,535,0,269,0,0,0,0,0,0,0,0,0,0
0,0,0,8,0,0,0,23,0,7,0,0,0,0,0,0,0,42,0,0,0,0,0,0,0,66,0,0,0,0,0,0,0,0,0,0,0,0,0,0,0,0,0,12,0,0,0,0,0,0,0,27,0,210,0,197,0,0,0,443,0,21,0,41,0,0,0,56,0,0,0,0,0,0,0,0,0,0,0,0,0,0,0,0,0,0,0,0,0,0,0,0,0,0,0,0,0,0,0,0,0,0,0,0,0,0,0,0,0,0,0,0,0,0,0,0,0,0,0,0,0,0,0,0,0,11,0,0,0,14,0,49,0,0,0,0,0,0,0,7,0,1,0,0,0,0,0,0,0,3,0,0,0,0,0,581,0,23,0,185,0,70,0,77,0,2,0,0,0,12,0,211,0,27,0,0,0,0,0,0,0,0,0,0,0,0,0,0,0,0,0,0,0,0,0,0,0,0,0,0,0,0,0,1,0,0,0,0,0,10,0,0,0,0,0,0,0,0,15,6,356,0,0,21,0
21,0,26,0,7,0,69,0,140,0,5,0,0,0,0,0,11,0,0,0,0,0,0,0,20,0,0,0,0,0,0,0,0,0,0,0,16,0,0,0,0,0,0,0,11,0,0,0,28,0,0,0,158,0,400,0,502,0,0,0,23,0,13,0,472,0,570,2,0,0,0,0,0,0,0,0,0,0,0,0,0,0,0,0,0,0,0,0,0,0,0,0,0,0,0,0,0,0,0,0,0,0,0,0,0,0,0,1,0,0,0,0,0,0,0,0,0,0,0,0,0,0,0,0,35,0,0,0,25,0,57,0,0,0,0,0,0,0,0,0,0,0,0,0,2,0,0,0,17,0,5,0,0,0,119,0,93,0,14,0,71,0,0,0,0,0,0,0,22,0,206,0,30,0,0,0,0,0,0,0,0,0,0,0,6,0,0,0,0,0,0,0,0,0,0,0,0,0,0,0,0,0,0,0,0,0,0,0,0,0,331,23,946,1294,1267,0,293,5,0,0,0,2,0,0,0
0,15,0,0,0,0,0,55,1,90,0,0,0,0,0,0,0,0,0,0,0,14,0,0,0,0,0,0,0,0,0,0,0,9,0,0,0,0,0,0,0,0,0,10,0,19,0,0,0,2,0,30,0,82,0,126,0,443,0,0,0,97,0,53,0,470,0,1048,0,2,0,0,0,0,0,0,0,0,0,0,0,0,0,0,0,0,0,0,0,0,0,0,0,2,0,0,0,0,0,0,0,0,0,0,0,0,0,0,0,0,0,0,0,0,0,0,0,0,0,0,0,0,0,0,0,41,0,6,0,12,0,75,0,0,0,0,0,0,0,0,0,0,0,0,0,0,0,0,0,20,0,0,0,0,0,115,0,63,0,60,0,66,0,219,0,12,0,16,0,41,0,491,0,48,0,0,1,1,0,0,2,4,0,0,0,3,0,0,0,0,0,0,0,0,0,0,0,0,0,0,0,0,0,0,0,0,0,0,0,3,5,3,2,2,1579,0,1,0,423,61,1625,1827,0,230,0
54,3,51,0,0,0,506,6,528,25,0,0,0,0,0,0,31,0,0,0,0,0,0,0,62,10,0,0,19,0,0,0,11,0,0,0,30,0,16,0,0,0,0,0,0,0,0,0,0,0,0,0,53,0,12,0,0,0,23,0,0,0,130,0,0,0,0,0,0,0,6,0,0,0,0,0,0,0,0,0,3,0,0,0,0,0,0,0,0,0,0,0,0,0,0,0,0,0,0,0,0,0,0,0,0,0,0,0,0,0,0,0,0,0,0,0,0,0,0,0,0,0,0,0,0,0,0,0,0,0,0,0,0,0,0,0,0,0,164,0,53,0,0,0,123,0,0,0,0,0,0,0,0,0,103,0,134,0,29,0,0,0,4,0,0,0,0,0,0,0,146,0,70,0,0,0,93,13,0,0,0,0,0,0,0,1,0,0,0,0,0,0,0,0,0,0,0,0,0,0,0,0,0,0,0,0,0,0,0,0,0,0,22,0,0,0,0,0,6,1,8,10,0,0,0
0,112,0,0,0,1,0,324,0,113,0,7,0,0,0,0,0,36,0,0,0,0,0,8,0,181,0,0,0,19,0,2,0,10,0,9,0,45,0,23,0,0,0,0,0,0,0,0,0,0,0,5,0,51,0,189,0,21,0,97,0,0,0,93,0,0,0,0,0,0,0,0,0,0,0,0,0,0,0,0,0,0,0,0,0,0,0,0,0,0,0,0,0,0,0,0,0,0,0,0,0,0,0,0,0,0,0,0,0,0,0,0,0,0,0,0,0,0,0,0,0,0,0,0,0,0,0,0,0,41,0,14,0,10,0,0,0,33,0,166,0,34,0,26,0,193,0,0,0,0,0,0,0,0,0,37,0,172,0,58,0,8,0,0,0,2,0,0,0,3,0,138,0,84,0,0,0,20,0,0,0,0,0,5,0,0,0,0,0,0,0,0,0,0,0,0,0,0,0,0,0,0,0,0,0,0,0,0,0,0,0,0,1,0,0,0,0,0,0,0,14,0,0,0,0
22,0,150,0,0,0,1019,2,318,4,0,0,0,0,0,0,383,0,0,0,58,0,40,0,506,1,0,0,47,0,23,0,15,0,20,0,37,0,52,0,0,0,3,0,0,0,0,0,0,0,10,0,82,0,67,0,0,0,13,0,130,0,0,0,0,0,0,0,0,0,45,0,0,0,48,0,0,0,0,0,41,0,0,0,86,0,103,0,0,0,0,0,0,0,0,0,65,0,95,0,73,0,0,0,21,0,49,0,0,0,0,0,0,0,0,0,0,0,0,0,86,0,100,0,0,0,0,0,0,0,0,0,0,0,0,0,102,0,210,0,360,0,161,0,51,0,0,0,0,0,0,0,0,0,72,0,30,0,64,0,18,0,0,0,0,0,0,0,0,0,2,0,5,0,0,0,37,4,0,0,0,0,0,0,0,0,0,0,0,0,0,0,0,0,0,0,0,0,0,0,0,0,0,0,0,0,0,0,0,0,0,0,9,0,4,0,0,0,0,0,0,6,0,0,0
0,0,0,0,0,4,0,229,0,58,0,1,0,0,0,24,0,367,0,12,0,70,0,149,1,419,0,6,0,39,0,9,0,55,0,35,0,20,0,29,0,0,0,0,0,0,0,0,0,3,0,8,0,179,0,188,0,41,0,53,0,93,0,0,0,0,0,0,0,0,0,0,0,0,0,0,0,0,0,0,0,0,0,0,0,18,0,0,0,0,0,0,0,0,0,0,0,0,0,0,0,7,0,1,0,0,0,0,0,0,0,0,0,0,0,0,0,0,0,0,0,0,0,0,0,24,0,0,0,95,0,79,0,65,0,31,0,97,0,109,0,55,0,62,0,31,0,0,0,0,0,0,0,0,0,65,0,38,0,75,0,38,0,0,0,0,0,11,0,0,0,7,0,7,0,0,1,0,0,0,0,0,0,0,0,0,0,0,0,0,0,0,0,0,0,0,0,0,0,0,0,0,0,0,0,0,0,0,0,0,0,0,0,0,0,0,0,0,0,1,0,0,0,0,0
42,0,10,0,0,0,31,0,279,0,25,0,0,0,0,0,0,0,0,0,0,0,0,0,0,0,0,0,0,0,0,0,0,0,0,0,0,0,0,0,0,0,0,0,0,0,0,0,0,0,0,0,0,0,23,0,60,0,472,0,0,0,0,0,0,0,386,0,0,0,0,0,0,0,0,0,0,0,0,0,0,0,0,0,0,0,0,0,0,0,0,0,0,0,0,0,0,0,0,0,0,0,0,0,0,0,0,0,0,0,0,0,0,0,0,0,0,0,0,0,0,0,0,0,0,0,0,0,0,0,67,0,0,0,0,0,0,0,0,0,0,0,0,0,88,0,22,0,75,0,0,0,0,0,25,0,0,0,15,0,906,0,0,0,1,0,0,0,0,0,0,0,1,0,11,0,0,0,0,0,91,11,14,0,135,1,0,0,0,0,0,0,0,0,0,0,0,0,0,0,0,0,0,0,0,0,0,0,0,0,200,10,182,236,375,0,0,1,0,1,0,0,0,0,0
0,182,1,0,0,11,0,23,0,259,0,56,0,3,0,0,0,0,0,0,0,0,0,0,0,0,0,0,0,0,0,0,0,0,0,9,0,0,1,0,0,0,0,0,0,0,0,0,0,0,0,0,0,3,0,24,0,0,0,470,0,0,0,0,0,0,0,322,0,0,0,0,0,0,0,4,0,0,0,1,0,0,0,0,0,2,0,0,0,0,0,0,0,0,0,0,0,0,0,0,0,0,0,0,0,0,0,0,0,0,0,0,0,0,0,0,0,0,0,0,0,0,0,0,0,54,0,19,0,0,0,49,0,0,1,0,0,0,0,9,0,0,0,0,0,0,0,33,1,355,0,10,0,0,0,0,0,0,0,15,2,275,0,0,0,0,0,5,0,11,0,0,0,0,0,34,0,0,0,0,15,74,0,0,0,61,0,0,0,0,0,0,0,0,0,0,0,0,0,0,0,0,0,0,0,0,0,6,0,10,4,0,3,0,448,0,0,0,282,22,277,0,0,0,0
68,0,29,0,0,0,94,0,466,2,20,1,0,0,0,0,0,0,0,0,4,0,0,0,0,1,0,0,0,0,0,0,0,0,0,0,0,0,3,0,0,0,0,0,0,0,0,0,10,0,4,0,1,0,14,0,99,0,570,0,0,0,0,0,386,0,0,2,0,0,0,0,0,0,0,0,0,0,0,0,0,1,0,0,0,0,0,0,0,0,0,0,0,0,0,0,0,0,0,0,0,0,0,1,0,0,0,0,0,0,0,0,0,0,0,0,0,0,0,0,0,0,0,0,14,0,0,0,0,0,30,0,0,0,0,0,0,3,0,0,0,0,0,0,22,0,5,0,52,0,0,0,1,0,20,0,29,0,4,0,154,0,0,0,0,0,0,0,0,0,0,0,2,0,3,0,3,0,2,0,36,1,9,0,142,3,0,0,0,0,0,0,0,0,0,0,0,0,0,0,0,0,0,0,0,0,0,1,0,0,451,12,301,785,1252,0,92,2,2,0,3,4,0,0,0
0,113,0,2,0,1,0,29,5,402,0,3,0,0,0,0,0,0,0,0,0,0,0,0,0,0,0,2,0,0,0,0,0,0,0,0,0,0,0,0,0,0,0,1,0,0,0,0,0,0,0,0,0,22,0,73,0,56,2,1048,0,0,0,0,0,322,2,0,0,0,0,0,0,0,0,0,0,0,0,0,0,0,0,0,0,0,0,0,0,0,0,0,0,0,0,0,0,0,0,0,0,0,0,0,0,0,0,0,0,0,0,0,0,0,0,0,0,0,0,0,0,0,0,0,0,42,0,0,0,0,0,60,0,2,0,0,0,0,0,0,0,0,0,0,0,0,0,0,0,53,0,2,0,0,0,0,0,0,0,0,0,205,0,0,0,2,0,4,0,5,0,22,0,3,0,0,6,3,0,0,0,5,0,1,3,156,0,0,0,0,0,0,0,0,0,0,0,0,0,0,0,0,0,0,0,0,0,0,0,2,0,0,4,8,920,0,0,0,505,108,298,834,0,47,0
0,0,0,0,0,0,0,0,0,0,0,0,0,0,0,0,0,0,0,0,0,0,0,0,0,0,4,0,0,0,0,0,0,0,0,0,0,0,0,0,0,0,0,0,16,0,6,0,21,0,0,0,0,0,0,0,0,0,0,0,0,0,0,0,0,0,0,0,0,0,1,0,2,0,0,0,29,0,4,0,0,0,23,0,0,0,7,0,16,0,0,0,45,0,10,0,0,0,0,0,12,0,199,0,11,0,5,0,53,0,43,0,5,0,25,0,27,0,0,0,0,0,0,0,0,0,0,0,0,0,0,0,0,0,5,0,0,0,0,0,0,0,6,0,0,0,0,0,0,0,0,0,0,0,0,0,0,0,0,0,0,0,0,0,68,0,2,0,58,0,3,0,0,0,0,0,0,0,0,0,0,0,0,0,0,0,0,0,0,0,7,0,14,0,5,0,1,0,0,0,6,0,4,0,13,0,1,0,0,0,46,0,97,1,0,3,80,0,0,0,0,0,0,0,0
0,0,0,0,0,0,0,0,0,0,0,0,0,0,0,0,0,10,0,0,0,0,0,0,0,0,0,0,0,0,0,0,0,0,0,0,0,0,0,0,0,0,0,0,0,42,0,13,0,82,0,6,0,0,0,0,0,0,0,2,0,0,0,0,0,0,0,0,0,0,0,0,0,0,0,0,0,23,0,0,0,0,0,47,0,0,0,11,0,80,0,0,0,22,0,93,0,0,0,0,0,21,0,113,0,0,0,0,0,92,0,3,0,4,0,6,0,54,0,0,0,0,0,0,0,0,0,0,0,0,0,0,0,0,0,0,0,0,0,0,0,0,0,0,0,0,0,0,0,0,0,0,0,0,0,0,0,0,0,0,0,0,0,0,0,73,0,4,0,67,0,6,0,3,0,0,0,4,0,0,0,0,0,0,0,0,0,0,0,0,0,0,0,0,0,0,0,0,0,0,0,0,0,0,0,0,0,0,0,0,0,0,0,0,0,0,0,0,17,21,157,0,6,58,0
0,0,0,0,0,0,0,0,0,0,0,0,0,0,0,0,40,0,0,0,0,0,0,0,0,0,0,0,20,0,0,0,0,0,0,0,106,0,28,0,0,0,0,0,21,0,0,0,1,0,8,0,0,0,0,0,0,0,0,0,6,0,45,0,0,0,0,0,1,0,0,0,277,0,332,0,12,0,308,0,2,0,0,0,0,0,60,0,0,0,0,0,0,0,0,0,0,0,0,0,3,0,0,0,0,0,0,0,0,0,0,0,0,0,0,0,0,0,0,0,65,0,10,0,0,2,0,0,0,0,0,0,18,0,17,0,21,0,25,0,158,0,23,0,113,0,0,0,0,0,43,2,15,0,0,0,3,0,0,0,0,0,68,0,0,0,14,0,50,0,36,0,25,0,0,0,0,0,0,0,0,9,0,0,0,0,0,0,0,0,0,0,0,0,0,0,0,0,0,0,0,0,1,0,1,0,0,2,18,0,22,0,0,0,0,0,0,0,0,0,0,0,0,0,1
0,0,0,0,0,0,0,0,0,0,0,0,0,0,0,0,0,0,0,0,0,0,0,0,0,0,0,0,0,3,0,1,0,0,0,6,0,19,0,0,0,0,0,0,0,3,0,0,0,0,0,11,0,0,0,0,0,0,0,0,0,0,0,0,0,0,0,0,0,0,0,0,0,201,0,275,0,65,0,16,0,2,0,18,0,0,0,104,0,0,0,0,0,0,0,0,0,0,0,0,0,0,0,0,0,0,0,0,0,0,0,0,0,0,0,0,0,0,0,0,0,5,0,20,0,53,0,68,0,5,0,0,1,9,0,5,0,7,0,26,0,67,0,24,1,107,0,26,1,0,0,23,0,0,0,0,0,0,0,0,0,0,0,22,0,0,0,13,0,13,0,20,0,19,0,0,0,0,0,1,8,0,0,0,0,0,0,0,0,0,0,0,0,0,0,0,0,0,0,0,1,0,0,0,0,0,0,0,1,0,0,0,0,0,0,0,0,0,8,0,15,0,0,0,0
0,0,0,0,0,0,0,0,0,0,0,0,0,0,0,0,12,0,0,0,0,0,0,0,0,0,0,0,0,0,0,0,0,0,0,0,0,0,0,0,0,0,0,0,0,0,0,0,0,0,0,0,0,0,0,0,0,0,0,0,0,0,0,0,0,0,0,0,2,0,277,0,0,0,61,3,98,0,190,0,0,0,35,0,0,0,8,0,1,0,0,0,13,0,2,0,6,0,0,0,0,0,0,0,0,0,0,0,0,0,0,0,0,0,0,0,0,0,0,0,8,0,8,0,35,0,0,0,0,0,0,0,0,0,0,0,0,0,0,0,27,0,36,1,84,0,0,0,0,0,36,0,0,1,0,0,2,0,0,0,0,0,55,0,0,0,0,0,19,0,6,0,3,0,0,0,0,0,0,0,0,7,0,0,0,0,0,0,1,0,2,0,7,1,0,0,0,0,0,0,0,0,0,0,6,0,8,2,16,0,128,3,19,0,9,0,0,0,0,0,0,0,0,0,0
0,0,0,0,0,0,0,3,0,0,0,0,0,0,0,2,0,0,0,0,0,0,0,0,0,0,0,0,0,0,0,0,0,0,0,0,0,0,0,0,0,0,0,0,0,5,0,0,0,0,0,0,0,0,0,0,0,0,0,0,0,0,0,0,0,0,0,0,0,0,0,201,0,0,0,248,0,91,1,30,0,13,0,40,0,19,0,140,0,0,0,0,0,41,0,13,0,0,0,0,0,0,0,0,0,0,1,0,0,0,0,0,0,0,0,0,0,0,0,0,0,28,0,46,0,157,5,183,0,15,1,0,0,0,1,44,2,0,0,0,0,11,0,8,0,86,0,0,2,18,0,70,0,0,0,0,0,0,0,0,0,0,1,31,0,0,0,0,0,17,0,11,0,4,0,15,0,0,0,0,24,39,0,0,0,0,0,0,0,0,0,0,0,0,0,10,0,0,0,33,0,0,0,46,0,0,0,0,1,85,2,0,8,0,2,0,0,0,125,0,31,0,0,0,0
0,0,0,0,0,0,2,0,0,0,0,0,0,0,0,0,53,0,0,0,22,0,0,0,0,0,0,0,21,0,4,0,5,0,9,0,60,0,13,0,0,0,0,0,20,0,1,0,0,0,0,0,0,0,0,0,0,0,0,0,0,0,48,0,0,0,0,0,0,0,332,0,61,0,0,0,10,0,176,0,0,0,45,0,3,0,27,1,0,0,0,0,0,0,0,0,0,0,0,0,0,0,0,0,0,0,0,0,0,0,0,0,0,0,0,0,0,0,0,0,30,0,15,0,0,0,0,0,0,0,0,0,0,0,15,0,11,0,15,0,137,0,63,0,74,0,0,0,0,0,11,0,3,0,0,0,2,0,0,0,0,0,31,0,4,0,4,0,18,0,12,0,13,0,3,0,0,0,0,0,4,0,0,0,0,0,0,0,0,0,0,0,0,0,0,0,0,0,0,0,6,0,0,0,0,0,12,0,11,0,31,0,11,0,0,0,0,0,0,0,0,0,0,0,0
0,0,0,0,0,0,0,0,0,0,0,0,0,0,0,0,0,0,0,0,0,0,0,0,0,0,0,0,0,0,0,0,0,0,0,0,0,11,0,2,0,0,0,0,0,0,0,0,0,0,0,8,0,0,0,0,0,0,0,0,0,0,0,0,0,4,0,0,0,0,0,275,3,248,0,0,0,33,0,49,0,12,0,15,0,6,0,211,0,1,0,1,0,0,0,9,0,0,0,2,0,0,0,0,0,0,0,0,0,0,0,0,0,0,0,0,0,0,0,0,0,47,0,78,0,0,3,0,0,0,0,0,1,0,0,0,0,22,0,10,0,101,2,42,0,191,1,0,0,0,1,0,1,0,0,0,0,2,0,0,0,0,3,20,0,0,0,5,1,19,0,11,0,0,0,3,0,0,0,0,20,0,0,0,0,0,0,0,0,0,0,0,0,0,0,2,0,0,0,20,0,0,0,0,0,0,0,23,0,66,0,0,0,0,5,0,0,0,30,0,16,0,0,0,0
0,0,0,0,0,0,0,0,0,0,0,0,0,0,0,0,0,0,0,0,0,0,0,0,0,0,0,0,0,0,0,0,0,0,0,0,0,0,0,0,0,0,0,0,0,0,0,0,2,0,0,0,0,0,0,0,0,0,0,0,0,0,0,0,0,0,0,0,29,0,12,0,98,0,10,0,0,0,50,0,2,0,45,0,0,0,32,0,3,0,0,0,124,0,5,0,0,0,6,0,3,0,45,0,13,0,0,0,12,0,0,0,0,0,3,0,15,0,0,0,2,0,9,0,0,0,0,0,0,0,0,0,0,0,0,0,0,0,0,0,0,0,0,1,0,0,1,0,0,0,0,0,0,0,0,0,0,0,0,0,0,0,2,0,25,0,3,0,30,0,2,0,0,0,0,0,0,0,0,0,0,0,0,0,0,0,0,0,20,0,0,0,26,0,11,0,5,0,12,0,25,0,0,0,29,0,4,0,0,0,95,0,40,0,10,0,36,0,0,0,0,0,0,0,0
0,0,0,0,0,0,0,0,0,0,0,0,0,0,0,0,0,9,0,0,0,0,0,0,0,0,0,0,0,0,0,0,0,0,0,0,0,0,0,0,0,0,0,0,0,38,0,0,0,15,0,0,0,0,0,3,0,0,0,0,0,0,0,0,0,0,0,0,0,23,0,65,0,91,0,33,0,0,0,7,0,38,0,102,0,27,0,216,0,7,0,0,0,80,0,87,0,0,0,0,0,15,0,24,0,17,0,0,0,16,0,2,0,4,0,0,0,21,0,0,0,0,0,11,0,0,2,0,0,0,1,0,0,0,0,56,0,0,0,5,0,0,0,0,0,11,0,0,0,0,0,0,0,0,0,0,0,0,0,0,0,0,0,6,0,26,0,0,0,94,0,0,0,0,0,7,0,0,0,0,0,0,0,0,0,0,0,0,0,0,0,0,0,0,0,44,0,18,0,45,0,19,0,85,0,0,0,0,0,0,0,0,0,0,12,0,0,0,115,0,108,0,0,21,0
0,0,0,0,0,0,0,0,0,0,0,0,0,0,0,0,0,0,0,0,0,0,0,0,0,0,0,0,0,0,0,0,0,0,0,0,0,0,0,0,0,0,0,0,0,0,0,0,0,0,4,0,0,0,0,0,0,0,0,0,0,0,0,0,0,0,0,0,4,0,308,0,190,1,176,0,50,0,0,0,2,0,82,0,16,0,28,0,0,0,7,0,9,0,0,0,26,0,6,0,0,0,40,0,14,0,6,0,10,0,0,0,0,0,0,0,0,0,0,0,89,0,0,0,0,0,0,0,0,0,0,0,0,0,0,1,0,0,0,0,56,0,74,0,86,0,0,3,0,0,0,0,0,0,0,0,0,0,0,0,2,0,29,0,20,0,0,0,29,0,16,0,0,0,0,0,0,0,0,0,0,0,0,0,0,0,0,0,23,0,9,0,45,0,0,0,1,0,0,0,0,0,44,0,20,0,0,0,22,0,310,4,41,0,26,0,26,0,0,0,0,0,0,1,0
0,0,0,0,0,0,0,0,0,0,0,0,0,0,0,0,0,0,0,0,0,2,0,0,0,0,0,0,0,0,0,0,0,0,0,0,0,0,0,0,0,0,0,0,0,6,0,0,0,0,0,0,0,0,0,0,0,0,0,0,0,0,0,0,0,1,0,0,0,0,0,16,0,30,0,49,0,7,0,0,0,0,0,3,0,2,0,43,0,0,0,0,0,0,0,0,0,0,0,0,0,0,0,0,0,0,0,0,0,0,0,0,0,0,0,0,0,0,0,0,0,7,0,11,0,0,0,0,0,0,0,0,0,0,0,0,0,10,0,11,0,46,0,31,0,70,0,0,0,0,0,0,0,1,0,0,0,0,0,0,0,0,0,2,0,0,0,0,0,2,0,0,0,11,0,0,0,0,0,0,0,2,0,0,0,2,0,0,0,0,0,0,0,0,0,0,0,1,0,0,0,4,0,0,0,0,0,0,0,0,0,0,0,0,0,0,0,0,2,0,0,0,0,0,0
