0,61,302,34,240,0,117,60,64,0,230,0,95,0,27,16,63,29,18,0,5,2,73,0,24,130,13,0,79,0,0,0,0,0,0,0,20,0,397,0,17,0,0,0,0,0,18,0,28,0,2,0,0,0,0,0,0,0,0,0,277,0,299,0,0,0,0,0,0,0,0,0,0,0,0,0,0,0,0,0,0,0,0,0,0,0,0,0,0,0,0,0,0,0,0,0,0,0,0,0,0,0,0,0,0,0,0,0,0,0,0,0,0,0,0,0,0,0,0,0,0,0,0,0,0,0,0,0,0,0,0,0,0,0,0,0,0,0,0,0,0,0,0,0,0,0,0,0,17,0,26,0,0,0,0,0,0,0,0,0,0,0,0,0,18,0,0,0,81,0,32,0,439,0,9,0,313,85,26,0,28,0,97,0,35,0,6,0,0,0,0,0,0,0,0,0,0,0,0,0,0,0,0,0,0,0,0,0,0,0,775,119,586,218,383,1,0,3,0,0,0,0,0,0,0
61,0,0,84,30,381,0,63,0,176,0,344,0,206,0,128,64,37,0,75,7,18,217,97,0,18,0,333,0,88,0,0,0,151,0,0,0,76,0,351,0,36,0,9,0,0,0,175,0,17,0,15,0,6,0,15,0,6,0,0,0,103,0,66,0,14,0,8,0,0,0,0,0,0,0,0,0,0,0,0,0,0,0,0,0,0,0,0,0,0,0,0,0,0,0,0,0,0,0,0,0,0,0,0,0,0,0,0,0,0,0,0,0,0,0,0,0,0,0,0,0,0,0,0,0,28,0,31,0,2,0,24,0,0,0,18,0,57,0,0,0,0,0,0,0,0,0,24,0,38,0,0,0,45,0,4,0,3,0,0,0,4,0,0,0,0,0,187,0,0,0,46,0,154,0,11,70,562,0,3,0,0,0,21,0,69,0,0,0,0,0,0,0,0,0,0,0,0,0,0,0,0,0,0,0,0,0,0,0,32,3,0,0,0,254,0,0,0,446,120,418,99,0,12,0
302,0,0,46,224,0,179,0,65,0,45,0,44,0,65,41,109,15,50,0,16,3,408,67,157,59,0,0,223,0,0,0,61,0,3,1,25,4,384,0,10,0,0,0,7,0,10,0,11,0,0,0,0,0,68,0,10,0,6,0,111,0,320,0,32,0,14,0,0,0,0,0,0,0,0,0,0,0,0,0,0,0,0,0,0,0,0,0,0,0,0,0,0,0,0,0,0,0,0,0,0,0,0,0,0,0,0,0,0,0,0,0,0,0,0,0,0,0,0,0,0,0,0,0,0,0,0,0,29,0,65,0,14,0,124,0,193,0,0,0,0,0,135,0,0,0,38,0,50,0,36,0,57,0,0,0,2,0,0,0,27,0,0,0,0,0,19,0,65,0,16,0,249,0,4,0,137,67,0,0,0,0,19,0,58,0,0,0,0,0,0,0,0,0,0,0,0,0,0,0,0,0,0,0,0,0,0,0,57,0,300,31,329,0,184,0,0,2,0,0,0,0,0,0,0
34,84,46,0,0,128,0,223,0,28,13,7,0,12,0,376,31,72,0,71,13,76,160,352,38,49,0,72,0,84,0,19,0,280,0,0,0,54,0,294,0,0,0,8,0,0,0,0,0,2,0,0,0,0,0,114,0,27,0,27,0,9,0,12,0,17,0,0,0,0,0,0,0,0,0,0,0,0,0,0,0,0,0,0,0,31,0,0,0,0,0,0,0,1,0,0,0,0,0,0,0,0,0,0,0,0,0,0,0,0,0,0,0,0,0,0,0,0,0,0,0,0,0,0,0,14,0,19,0,5,0,15,0,0,0,36,0,141,0,19,0,12,0,53,0,0,0,0,0,18,0,0,0,2,2,4,0,0,4,0,0,0,0,0,0,0,0,254,0,0,0,12,0,61,0,0,58,173,0,3,0,8,0,0,0,0,0,1,0,0,0,0,0,0,0,0,0,0,0,0,0,0,0,0,0,0,0,0,0,0,0,0,0,0,30,0,0,0,70,30,171,0,0,0,0
240,30,224,0,0,186,42,0,56,0,272,102,210,61,208,194,18,0,120,188,68,55,66,57,4,0,68,0,127,0,153,0,333,0,118,2,303,0,191,0,64,0,0,0,0,0,78,0,16,0,0,0,0,0,0,0,8,0,0,0,0,0,7,0,42,0,0,0,0,0,0,0,0,0,0,0,0,0,0,0,0,0,0,0,0,0,0,0,0,0,0,0,0,0,0,0,0,0,0,0,0,0,0,0,0,0,0,0,0,0,0,0,0,0,0,0,0,0,0,0,0,0,0,0,0,0,0,0,0,0,0,0,0,0,0,0,0,0,0,0,0,0,0,0,0,0,26,0,60,0,67,0,152,0,0,0,0,0,0,0,0,0,0,0,39,0,202,0,274,0,0,0,244,0,0,0,335,109,76,0,88,0,75,0,156,0,5,0,0,0,0,0,0,0,0,0,0,0,0,0,0,0,0,0,0,0,0,0,19,0,413,140,563,307,358,0,5,0,0,0,17,0,0,0,0
0,381,0,128,186,0,0,93,0,84,0,247,190,146,328,298,3,2,133,114,123,236,0,60,0,0,0,274,0,0,15,115,0,376,28,119,0,204,0,0,0,24,0,21,0,0,0,121,0,0,0,30,0,0,0,19,0,0,0,0,0,0,0,0,0,0,0,0,0,0,0,0,0,0,0,0,0,0,0,0,0,0,0,0,0,0,0,0,0,0,0,0,0,0,0,0,0,0,0,0,0,0,0,0,0,0,0,0,0,0,0,0,0,0,0,0,0,0,0,0,0,0,0,0,0,15,0,0,0,0,0,0,0,0,0,0,0,0,0,0,0,0,0,0,0,0,0,0,0,20,0,32,0,59,0,0,0,0,0,0,0,5,0,4,0,0,0,287,0,0,0,0,0,65,0,0,71,367,53,27,0,0,0,0,0,47,9,0,0,0,0,0,0,0,0,0,0,1,0,0,0,0,0,0,0,0,0,0,0,0,0,0,0,0,145,0,0,0,244,323,465,0,0,0,0
117,0,179,0,42,0,0,0,218,0,11,0,0,0,10,0,14,0,0,0,0,0,21,0,294,111,0,0,12,0,0,0,0,0,0,0,6,0,0,0,0,0,0,0,11,0,0,0,82,0,0,0,81,3,180,8,38,0,10,0,168,0,390,22,24,0,96,0,0,0,0,0,0,0,0,0,0,0,0,0,0,0,0,0,0,0,0,0,0,0,0,0,0,0,0,0,0,0,0,0,0,0,0,0,0,0,0,0,0,0,0,0,0,0,0,0,0,0,0,0,0,0,0,0,51,0,43,0,11,0,124,0,10,0,13,0,24,0,0,0,0,0,0,0,0,0,28,0,23,0,9,0,3,0,0,0,0,0,3,0,57,0,0,0,0,0,0,0,47,0,156,0,266,0,0,0,61,52,0,0,0,0,0,0,0,0,0,0,1,0,0,0,0,0,0,0,2,0,0,0,0,0,0,0,0,0,0,0,19,0,463,24,577,262,371,2,88,5,0,0,0,0,0,0,0
60,63,0,223,0,93,0,0,52,91,0,0,0,0,0,67,33,75,0,22,0,0,37,33,126,81,0,0,0,145,0,0,0,0,0,0,0,10,0,384,0,0,0,0,0,0,0,0,0,0,0,0,4,41,0,428,0,79,0,26,0,156,27,355,0,0,2,25,0,0,0,0,0,0,0,0,0,0,0,0,0,0,0,3,0,0,0,0,0,0,0,0,0,0,0,0,0,0,0,0,0,0,0,0,0,0,0,0,0,0,0,0,0,0,0,0,0,0,0,0,0,0,0,0,0,49,0,48,0,7,0,51,0,14,0,52,0,130,0,35,0,12,0,54,0,0,0,0,0,20,0,0,0,0,0,5,0,0,0,3,0,0,0,14,0,0,0,0,0,34,0,74,0,128,0,1,72,203,0,0,0,0,0,6,0,3,0,0,0,0,0,0,0,0,0,0,0,0,0,0,0,11,0,0,0,0,0,0,0,38,0,0,0,0,356,0,0,0,500,43,528,231,0,29,0
64,0,65,0,56,0,218,52,0,178,47,0,0,0,17,0,6,0,0,0,0,0,4,2,26,139,0,0,0,0,0,0,0,0,0,0,0,0,0,0,0,0,0,0,0,0,0,0,64,0,0,0,216,37,72,214,16,17,103,46,199,0,246,31,68,0,159,47,0,0,0,0,1,0,0,0,0,0,0,0,0,0,0,0,0,0,0,0,0,0,0,0,0,0,0,0,0,0,0,0,0,0,0,0,0,0,0,0,0,0,0,0,0,0,0,0,0,0,0,0,0,0,0,0,84,0,22,0,0,0,75,1,0,0,11,0,0,0,0,0,0,0,6,0,0,0,72,0,89,0,13,0,17,0,31,0,47,0,0,0,20,0,0,0,14,0,0,0,31,0,111,0,122,0,0,0,547,140,4,0,0,0,34,0,58,0,0,0,0,0,0,0,0,0,0,0,0,0,0,0,0,0,0,0,0,0,0,0,13,0,959,98,472,433,550,5,151,6,5,0,0,0,0,0,0
0,176,0,28,0,84,0,91,178,0,0,49,0,40,0,28,0,18,0,46,0,6,0,0,102,31,0,114,0,8,0,0,0,11,0,0,0,0,0,74,0,0,0,1,0,5,0,0,0,5,0,0,35,208,143,196,26,15,0,26,0,226,27,463,0,151,0,100,0,0,0,0,0,0,0,1,0,0,0,0,0,0,0,0,0,0,0,0,0,0,0,0,0,0,0,0,0,0,0,0,0,0,0,0,0,0,0,0,0,0,0,0,0,0,0,0,0,0,0,0,0,0,0,0,0,67,0,55,0,0,0,46,0,9,0,57,0,128,0,6,0,0,0,0,0,0,0,28,0,98,0,0,0,10,0,0,0,0,0,3,0,13,0,13,0,0,0,0,0,21,0,107,0,127,0,0,124,434,0,0,0,0,0,30,0,70,0,0,0,0,0,0,0,0,0,0,0,0,0,3,0,0,0,0,0,0,0,0,0,107,0,0,0,0,514,0,0,0,875,83,518,333,1,77,0
230,0,45,13,272,0,11,0,47,0,0,14,278,0,18,64,36,1,13,25,50,7,49,16,0,5,0,0,41,0,39,0,148,0,0,0,94,0,120,0,26,0,0,0,0,0,39,0,0,0,0,0,0,0,0,0,0,0,0,0,0,0,0,0,7,0,0,0,0,0,0,0,0,0,0,0,0,0,0,0,0,0,0,0,0,0,0,0,0,0,0,0,0,0,0,0,0,0,0,0,0,0,0,0,0,0,0,0,0,0,0,0,0,0,0,0,0,0,0,0,0,0,0,0,0,0,0,0,0,0,5,0,0,0,0,0,0,0,0,0,0,0,0,0,0,0,0,0,21,0,33,0,96,0,0,0,0,0,0,0,0,0,0,0,0,0,33,5,0,0,0,0,83,0,0,0,178,36,45,0,68,0,95,0,97,0,31,0,0,0,0,0,0,0,0,0,0,0,0,0,0,0,0,0,0,0,0,0,5,0,254,73,206,106,131,0,0,0,0,0,0,0,0,0,0
0,344,0,7,102,247,0,0,0,49,14,0,35,194,138,32,0,1,82,52,68,51,33,19,0,0,20,152,0,5,0,6,2,121,0,19,0,70,0,33,0,64,0,38,0,42,3,109,0,73,0,25,0,0,0,0,0,0,0,0,0,0,0,0,0,0,0,0,0,0,0,0,0,0,0,0,0,0,0,0,0,0,0,0,0,0,0,0,0,0,0,0,0,0,0,0,0,0,0,0,0,0,0,0,0,0,0,0,0,0,0,0,0,0,0,0,0,0,0,0,0,0,0,0,0,0,0,5,0,0,0,0,0,0,0,0,0,0,0,0,0,0,0,0,0,0,0,43,0,14,0,85,0,163,0,0,0,0,0,0,0,0,0,0,0,0,0,124,0,0,0,0,0,26,0,70,33,391,15,33,0,34,0,97,0,111,1,6,0,0,0,0,0,0,0,0,0,0,0,0,0,0,0,0,0,0,0,0,0,0,0,0,0,0,55,0,0,0,127,142,127,23,8,0,0
95,0,44,0,210,190,0,0,0,0,278,35,0,433,99,32,0,0,58,352,50,35,0,0,0,0,43,317,0,0,49,0,54,0,360,0,223,1,0,0,109,14,103,0,53,28,112,77,42,0,260,0,0,0,0,0,0,0,0,0,0,0,0,0,15,0,2,0,0,0,0,0,0,0,0,0,0,0,1,0,0,0,0,0,0,0,0,0,0,0,0,0,0,0,0,0,0,0,0,0,0,0,0,0,0,0,0,0,0,0,0,0,0,0,0,0,0,0,0,0,0,0,0,0,0,0,0,0,0,0,0,0,0,0,0,0,0,0,0,0,0,0,0,0,0,0,0,0,0,0,0,0,83,0,0,0,0,0,0,0,0,0,0,0,70,0,43,0,0,0,0,0,0,0,0,0,258,163,210,0,46,0,60,0,55,0,146,0,0,0,0,0,0,0,0,0,0,0,0,0,0,0,0,0,0,0,0,0,0,0,46,67,326,61,26,0,0,0,1,0,0,0,0,0,0
0,206,0,12,61,146,0,0,0,40,0,194,433,0,73,0,0,0,499,98,81,22,0,0,0,0,458,91,0,0,15,1,0,9,88,18,0,46,0,0,145,182,68,107,0,90,29,134,3,84,109,128,0,0,0,3,0,0,0,0,0,0,0,0,0,0,0,0,0,0,0,0,0,0,0,0,0,0,0,0,0,0,0,0,0,0,0,0,0,0,0,0,0,0,0,0,0,0,0,0,0,0,0,0,0,0,0,0,0,0,0,0,0,0,0,0,0,0,0,0,0,0,0,0,0,0,0,0,0,0,0,0,0,0,0,0,0,0,0,0,0,0,0,0,0,0,0,0,0,0,0,0,0,0,0,0,0,0,0,0,0,0,0,0,0,22,0,0,0,0,0,5,0,0,0,0,17,367,7,16,0,0,0,0,0,0,62,52,0,0,0,0,0,0,0,0,0,0,0,0,0,0,0,0,0,0,0,0,0,0,0,0,0,0,0,0,0,0,0,116,150,0,0,2,0
27,0,65,0,208,328,10,0,17,0,18,138,99,73,0,243,32,3,151,252,68,75,253,55,20,0,161,0,24,0,151,0,265,0,66,0,93,0,49,0,0,0,0,0,75,0,22,0,0,0,10,1,19,0,74,0,0,0,0,0,0,0,51,0,14,0,4,0,0,0,8,0,0,0,10,0,0,0,0,0,0,0,0,0,111,0,0,0,0,0,0,0,0,0,0,0,0,0,0,0,0,0,0,0,0,0,0,0,0,0,0,0,1,0,0,0,0,0,0,0,0,0,0,0,12,0,0,0,0,0,27,0,10,0,0,0,299,0,0,0,27,0,196,0,0,0,9,0,0,0,0,0,32,0,0,0,0,0,0,0,0,0,0,0,0,0,88,0,94,0,0,0,58,0,0,0,137,91,8,0,0,1,0,0,49,0,0,0,0,0,0,0,0,0,0,0,0,0,0,0,0,0,0,0,0,0,0,0,41,0,149,51,220,90,78,0,0,0,0,0,0,0,0,0,0
16,128,41,376,194,298,0,67,0,28,64,32,32,0,243,0,21,27,10,254,130,70,131,93,0,108,0,105,0,9,8,40,0,117,0,19,0,21,0,0,4,0,0,11,0,13,0,0,0,5,0,0,0,0,0,240,0,53,0,0,0,0,0,41,0,25,0,0,0,0,0,0,0,0,0,0,0,0,0,0,0,68,0,0,0,180,0,0,0,0,0,0,0,0,0,0,0,0,0,0,0,0,0,0,0,0,0,0,0,0,0,0,0,0,0,0,0,0,0,0,0,0,0,11,0,0,0,0,0,0,0,0,0,0,0,84,0,137,0,0,0,0,0,178,0,7,0,0,0,30,0,0,0,21,0,4,0,4,0,0,0,0,0,0,0,0,0,69,0,0,0,12,0,21,0,2,61,96,0,4,0,0,0,0,0,44,1,0,0,0,0,0,0,0,0,0,0,0,0,4,0,0,0,0,0,0,0,0,0,0,0,0,9,0,63,0,0,0,94,93,82,50,0,5,0
63,64,109,31,18,3,14,33,6,0,36,0,0,0,32,21,0,22,28,2,136,0,75,58,208,76,10,0,98,0,27,0,70,0,4,0,5,0,98,0,0,0,0,0,40,0,0,0,3,0,13,0,145,0,13,0,0,0,0,0,36,0,500,0,0,0,0,0,0,0,28,0,12,0,27,0,0,0,0,0,0,0,0,0,356,0,31,0,0,0,0,0,0,0,0,0,229,0,144,0,29,0,0,0,0,0,0,0,0,0,0,0,0,0,0,0,0,0,0,0,0,0,59,0,0,0,0,0,81,0,4,0,16,0,30,0,258,0,149,0,61,0,480,0,23,0,0,0,0,0,0,0,0,0,41,0,0,0,11,0,0,0,9,0,0,0,0,0,38,1,4,0,22,4,0,0,62,37,0,0,0,0,45,0,0,0,0,0,0,0,0,0,0,0,0,0,0,0,0,0,139,0,0,0,0,0,0,0,25,0,20,3,34,6,15,0,0,0,0,0,0,0,0,0,0
29,37,15,72,0,2,0,75,0,18,1,1,0,0,3,27,22,0,0,6,1,98,38,179,23,138,0,10,0,69,0,9,0,54,0,6,0,6,0,158,0,0,0,9,0,0,0,0,0,0,0,0,0,7,0,20,0,10,0,0,0,20,0,197,2,0,0,0,0,0,0,25,0,0,0,43,0,0,0,0,0,244,0,0,0,451,0,68,0,0,0,66,0,0,0,0,0,27,0,123,0,138,0,0,0,0,0,0,0,0,0,0,0,0,0,0,0,0,0,0,0,71,0,70,0,0,0,0,0,0,0,0,0,33,0,50,0,139,0,194,0,179,0,388,0,30,0,0,0,0,0,0,0,0,0,12,0,0,0,0,0,0,0,0,0,0,0,12,0,0,0,18,0,14,0,0,8,72,0,0,0,0,0,0,0,0,0,0,0,0,0,0,0,0,0,0,0,0,0,0,0,0,0,0,0,0,0,0,0,0,0,0,6,0,0,0,0,0,13,21,56,6,0,3,0
18,0,50,0,120,133,0,0,0,0,13,82,58,499,151,10,28,0,0,287,146,47,146,0,0,0,26,176,0,0,7,0,0,0,126,0,157,0,0,0,29,0,37,0,37,5,62,0,0,0,181,2,0,0,0,0,0,0,0,0,0,0,0,0,0,0,0,0,0,0,0,0,0,0,0,0,0,0,0,0,0,0,9,0,0,0,11,0,0,0,0,0,0,0,0,0,0,0,0,0,0,0,0,0,0,0,0,0,0,0,0,0,0,0,0,0,0,0,0,0,0,0,0,0,0,0,0,0,0,0,0,0,0,0,0,0,0,0,0,0,0,0,78,0,0,0,0,0,27,0,0,0,0,0,0,0,0,0,0,0,0,0,0,0,48,0,43,0,82,0,0,0,0,0,0,0,26,53,10,0,0,0,15,0,0,0,6,20,0,0,0,0,0,0,0,0,0,0,0,0,0,0,0,0,0,0,0,0,0,0,57,63,259,76,63,0,0,0,0,0,2,0,0,0,0
0,75,0,71,188,114,0,22,0,46,25,52,352,98,252,254,2,6,287,0,119,195,0,39,0,18,127,258,0,0,32,75,0,136,47,105,0,250,0,0,28,0,0,23,0,32,0,28,0,10,34,48,0,0,0,0,0,0,0,0,0,0,0,12,0,24,0,0,0,0,0,0,0,0,0,0,0,0,0,0,0,0,0,0,0,0,0,0,0,0,0,0,0,0,0,0,0,0,0,0,0,0,0,0,0,0,0,0,0,0,0,0,0,0,0,0,0,0,0,0,0,0,0,0,0,3,0,0,0,0,0,0,0,0,0,0,0,66,0,0,0,0,0,0,0,0,0,10,0,21,0,0,0,31,0,0,0,0,0,0,0,0,0,0,0,15,0,72,0,55,0,0,0,14,0,5,28,46,18,2,0,0,0,13,0,32,12,1,0,0,0,0,0,0,0,0,0,0,0,4,0,0,0,0,0,0,0,0,0,0,0,0,0,0,36,0,0,0,75,148,203,35,0,0,0
5,7,16,13,68,123,0,0,0,0,50,68,50,81,68,130,136,1,146,119,0,19,117,22,21,0,83,46,61,0,53,0,121,9,73,0,54,0,19,0,1,0,46,1,102,4,5,0,7,0,85,2,32,0,5,0,0,0,0,0,0,0,116,0,0,0,0,0,0,0,78,0,12,0,33,0,0,0,0,0,0,0,0,0,267,0,42,0,0,0,0,0,0,0,0,0,325,0,0,0,0,0,0,0,0,0,0,0,0,0,0,0,0,0,0,0,0,0,0,0,0,0,0,0,0,0,0,0,0,0,0,0,0,0,0,0,115,0,22,0,0,0,248,0,78,0,0,0,0,0,0,0,4,0,4,0,0,0,0,0,0,0,21,0,0,0,69,0,139,0,3,0,41,0,0,0,45,27,3,0,0,0,0,0,0,0,0,0,0,0,0,0,0,0,0,0,0,0,0,0,0,0,0,0,0,0,0,0,16,0,121,61,177,73,68,0,2,3,0,0,11,0,0,0,0
2,18,3,76,55,236,0,0,0,6,7,51,35,22,75,70,0,98,47,195,19,0,5,126,0,35,0,87,0,51,10,15,5,86,6,38,3,52,0,25,3,0,0,70,0,123,0,0,0,36,4,130,0,1,0,14,0,0,0,0,0,16,0,95,0,0,0,0,0,0,0,46,0,0,0,81,0,0,0,0,0,300,0,0,0,194,0,0,0,0,0,0,0,0,0,0,0,0,0,0,0,132,0,0,0,0,0,0,0,0,0,0,0,0,0,0,0,0,0,0,0,0,0,97,0,0,0,0,0,0,0,0,0,0,0,0,0,0,0,110,0,237,0,210,0,198,0,0,0,0,0,0,0,0,0,0,0,25,0,0,0,0,0,0,0,36,0,168,0,83,0,28,0,33,0,0,0,18,1,0,0,14,0,0,0,0,0,0,0,0,0,0,0,0,0,0,0,0,0,0,0,0,0,0,0,0,0,0,0,0,0,0,0,0,55,0,0,0,98,291,230,28,0,0,0
73,217,408,160,66,0,21,37,4,0,49,33,0,0,253,131,75,38,146,0,117,5,0,293,117,101,43,0,46,0,24,0,27,0,0,0,5,0,29,0,11,0,0,0,147,0,50,0,9,0,0,0,26,0,123,0,0,0,0,0,0,0,84,0,8,0,0,0,0,0,10,0,0,0,0,0,0,0,0,0,0,0,0,0,144,0,0,0,0,0,0,0,0,0,0,0,87,0,0,0,0,0,0,0,0,0,0,0,0,0,0,0,0,0,0,0,0,0,0,0,0,0,0,0,0,0,0,0,139,0,32,0,30,0,102,0,458,0,40,1,43,0,335,0,0,0,11,0,19,0,0,0,20,0,8,0,0,0,0,0,0,0,0,0,0,0,0,17,0,0,1,0,18,9,0,0,229,97,0,0,0,0,14,0,24,0,7,0,0,0,0,0,0,0,0,0,0,0,0,0,159,0,0,0,0,0,0,0,55,0,24,13,37,11,13,0,0,0,0,14,23,0,0,0,0
0,97,67,352,57,60,0,33,2,0,16,19,0,0,55,93,58,179,0,39,22,126,293,0,21,71,0,40,0,110,0,9,0,32,0,0,0,10,8,24,0,0,0,14,2,9,0,0,0,0,0,0,0,0,0,47,0,23,0,27,0,6,0,127,0,0,0,0,0,0,0,16,0,0,0,0,0,0,0,0,0,225,0,0,0,388,0,64,0,0,0,0,0,0,0,0,0,49,0,154,0,159,0,0,0,0,0,0,0,0,0,0,0,0,0,0,0,0,0,0,0,31,0,46,0,0,0,0,0,0,0,0,0,0,0,47,0,65,0,34,0,40,0,249,0,25,0,0,0,0,0,0,0,0,0,0,0,2,0,0,0,7,0,0,0,0,0,57,0,0,0,14,0,23,0,0,53,125,0,4,0,0,0,1,0,0,0,0,0,0,0,0,0,0,0,0,0,0,0,0,0,42,0,0,0,0,0,0,0,0,11,0,0,0,26,0,0,1,74,137,70,12,0,0,0
24,0,157,38,4,0,294,126,26,102,0,0,0,0,20,0,208,23,0,0,21,0,117,21,0,219,0,0,0,0,0,0,0,1,0,0,0,0,1,0,0,0,0,0,3,0,0,0,0,0,0,0,22,0,53,10,11,0,0,0,0,0,77,23,4,0,0,0,0,0,0,0,0,0,0,0,0,0,0,0,0,0,0,0,22,0,0,0,0,0,0,0,0,0,0,0,0,0,0,0,0,0,0,0,0,0,0,0,0,0,0,0,0,0,0,0,0,0,0,0,0,0,5,0,0,0,30,0,142,0,32,0,18,0,40,0,203,0,64,0,20,0,111,0,0,0,0,0,5,0,13,0,2,0,16,0,0,0,8,0,38,6,0,0,0,1,0,0,0,0,3,0,8,0,1,0,196,82,0,0,0,0,7,0,0,0,0,0,0,0,0,0,0,0,0,0,0,0,4,0,45,0,0,0,0,0,0,0,27,0,15,3,19,6,9,0,0,0,3,1,0,0,0,1,0
130,18,59,49,0,0,111,81,139,31,5,0,0,0,0,108,76,138,0,18,0,35,101,71,219,0,0,0,0,13,0,1,0,0,0,2,0,3,0,28,0,0,0,0,0,0,0,0,0,0,0,4,3,12,15,299,0,79,0,68,6,5,18,112,0,0,0,0,0,0,0,0,0,0,0,0,0,0,0,0,0,29,0,0,0,211,0,0,0,0,0,0,0,0,0,0,0,17,0,0,0,0,0,0,0,0,0,0,0,0,0,0,0,0,0,0,0,0,0,0,0,0,0,0,2,0,0,0,0,15,0,0,0,29,0,92,0,144,0,174,0,53,0,261,0,0,0,0,0,2,0,0,0,0,0,5,0,2,0,0,0,0,0,0,0,0,0,0,2,0,0,0,12,10,0,0,57,360,0,0,0,0,6,3,0,0,0,0,0,0,0,0,0,0,0,0,0,0,0,0,0,65,0,0,0,0,0,0,0,0,0,0,27,2,17,0,0,1,15,11,9,0,0,0,0
13,0,0,0,68,0,0,0,0,0,0,20,43,458,161,0,10,0,26,127,83,0,43,0,0,0,0,403,4,0,18,0,8,0,54,0,25,0,0,0,39,65,266,16,231,150,83,253,46,0,376,0,0,0,0,0,0,0,0,0,0,0,0,0,0,0,0,0,0,0,0,0,0,0,0,0,0,0,0,0,0,0,0,0,0,0,0,0,0,0,0,0,0,0,0,0,0,0,0,0,0,0,0,0,0,0,0,0,0,0,0,0,0,0,0,0,0,0,0,0,0,0,0,0,0,0,0,0,0,0,0,0,0,0,0,0,0,0,0,0,0,0,0,0,0,0,0,0,0,0,19,0,0,0,0,0,0,0,0,0,5,0,0,0,118,0,0,0,0,0,4,0,0,0,0,0,0,78,11,0,0,0,22,0,0,0,42,35,0,0,0,0,0,0,0,0,0,0,0,0,0,0,0,0,0,0,0,0,0,0,0,54,197,0,17,0,0,18,0,0,0,0,0,0,0
0,333,0,72,0,274,0,0,0,114,0,152,317,91,0,105,0,10,176,258,46,87,0,40,0,0,403,0,0,0,6,4,0,6,55,45,0,71,0,0,233,30,93,125,42,287,61,110,3,122,127,255,0,0,0,0,0,0,0,0,0,0,0,0,0,29,0,0,0,0,0,0,0,0,0,0,0,0,0,0,0,0,0,0,0,0,0,0,0,0,0,0,0,0,0,0,0,7,0,0,0,92,0,0,0,0,0,0,0,0,0,0,0,0,0,0,0,0,0,0,0,0,0,0,0,0,0,0,0,0,0,0,0,0,0,0,0,72,0,0,0,0,0,0,0,0,0,0,0,21,0,0,0,0,0,0,0,0,0,0,0,0,0,0,0,130,0,40,0,169,0,0,0,12,0,0,0,67,5,5,0,0,0,0,0,0,99,20,0,0,0,0,0,0,0,0,0,0,0,0,0,0,0,0,0,0,0,0,0,0,0,0,1,0,34,0,0,0,64,322,494,65,0,0,0
79,0,223,0,127,0,12,0,0,0,41,0,0,0,24,0,98,0,0,0,61,0,46,0,0,0,4,0,0,0,65,0,28,0,8,0,23,0,26,0,0,0,7,0,8,0,0,0,0,0,9,0,23,0,3,0,0,0,0,0,3,0,36,0,0,0,0,0,0,0,61,0,0,0,34,0,0,0,0,0,0,0,0,0,155,0,43,0,0,0,0,0,0,0,0,0,145,0,0,0,0,0,6,0,0,0,0,0,0,0,0,0,0,0,0,0,0,0,0,0,16,0,46,0,0,0,0,0,4,0,0,0,7,0,0,0,59,0,66,0,0,0,160,0,121,0,0,0,0,0,0,0,0,0,3,0,0,0,0,0,0,0,0,0,0,0,0,0,0,0,0,0,0,0,0,0,14,0,0,0,0,0,3,0,0,0,0,0,0,0,0,0,0,0,0,0,0,0,0,0,0,0,0,0,0,0,0,0,0,0,0,0,0,0,0,0,0,0,0,0,0,0,0,0,0
0,88,0,84,0,0,0,145,0,8,0,5,0,0,0,9,0,69,0,0,0,51,0,110,0,13,0,0,0,0,0,22,0,167,0,10,0,6,0,49,0,0,0,0,0,0,0,0,0,0,0,0,0,9,0,6,0,0,0,0,0,75,0,61,0,0,0,0,0,0,0,18,0,0,0,0,0,0,0,0,0,92,0,0,0,70,0,40,0,0,0,12,0,0,0,0,0,0,0,39,0,47,0,0,0,0,0,0,0,0,0,0,0,0,0,0,0,0,0,0,0,0,0,0,0,0,0,0,0,0,0,0,0,0,0,0,0,0,0,87,0,130,0,128,0,73,0,0,0,0,0,0,0,0,0,1,0,6,0,0,0,2,0,0,0,0,0,5,0,0,0,0,0,3,0,0,0,6,0,0,0,0,0,1,0,0,0,0,0,0,0,0,0,0,0,0,0,0,0,0,0,7,0,0,0,0,0,0,0,0,0,0,0,0,1,0,0,0,0,2,3,0,0,0,0
0,0,0,0,153,15,0,0,0,0,39,0,49,15,151,8,27,0,7,32,53,10,24,0,0,0,18,6,65,0,0,1,79,0,14,1,41,0,47,0,0,0,69,0,18,0,0,0,0,0,73,0,8,0,0,0,0,0,0,0,9,0,18,0,0,0,0,0,0,0,24,0,0,0,13,0,0,0,0,0,0,0,0,0,50,0,0,0,0,0,0,0,0,0,0,0,65,0,64,0,0,0,0,0,3,0,0,0,0,0,0,0,0,0,0,0,0,0,0,0,0,0,0,0,0,0,0,0,0,0,0,0,0,0,0,0,0,0,0,0,0,0,91,0,71,0,0,0,0,0,0,0,0,0,0,0,6,0,0,0,0,0,0,0,10,0,11,0,0,0,0,0,20,0,0,0,0,0,13,0,0,0,0,0,0,0,0,0,0,0,0,0,0,0,0,0,0,0,0,0,17,0,0,0,0,0,0,0,0,0,23,10,52,23,19,0,2,0,0,0,0,0,0,0,0
0,0,0,19,0,115,0,0,0,0,0,6,0,1,0,40,0,9,0,75,0,15,0,9,0,1,0,4,0,22,1,0,0,2,0,0,0,22,0,10,0,0,0,0,0,5,0,0,0,0,0,5,0,0,0,0,0,0,0,0,0,6,0,20,0,0,0,0,0,0,0,0,0,0,0,0,0,0,0,0,0,0,0,0,0,0,0,0,0,0,0,0,0,0,0,0,0,0,0,0,0,0,0,0,0,0,0,0,0,0,0,0,0,0,0,0,0,0,0,0,0,0,0,0,0,0,0,0,0,0,0,0,0,0,0,0,0,0,0,0,0,27,0,32,0,41,0,0,0,0,0,0,0,0,0,0,0,7,0,0,0,0,0,0,0,0,0,49,0,12,0,0,0,12,0,2,0,4,0,1,0,0,0,2,0,0,0,0,0,0,0,0,0,0,0,0,0,0,0,0,0,0,0,0,0,0,0,0,0,0,0,0,0,0,0,0,0,0,14,22,38,0,0,0,0
0,0,61,0,333,0,0,0,0,0,148,2,54,0,265,0,70,0,0,0,121,5,27,0,0,0,8,0,28,0,79,0,0,0,41,0,173,0,7,0,0,0,46,0,29,0,0,0,0,0,18,0,2,0,0,0,0,0,0,0,12,0,18,0,0,0,0,0,0,0,21,0,2,0,8,0,0,0,0,0,0,0,0,0,0,0,0,0,0,0,0,0,0,0,0,0,0,0,0,0,0,0,0,0,0,0,0,0,0,0,0,0,0,0,0,0,0,0,0,0,0,0,0,0,0,0,0,0,0,0,0,0,0,0,0,0,0,0,0,0,0,0,45,0,53,0,0,0,0,0,0,0,0,0,0,0,5,0,0,0,0,0,0,0,0,0,29,2,0,0,0,0,19,0,0,0,0,0,19,0,0,0,0,0,0,0,1,0,0,0,0,0,0,0,0,0,0,0,0,0,0,0,0,0,1,0,0,0,0,0,0,5,0,0,0,0,0,0,0,0,0,0,0,0,0
0,151,0,280,0,376,0,0,0,11,0,121,0,9,0,117,0,54,0,136,9,86,0,32,1,0,0,6,0,167,0,2,0,0,0,29,0,129,0,12,0,0,0,4,0,3,0,0,0,0,0,0,0,0,0,0,0,0,0,0,0,4,0,27,0,0,0,0,0,0,0,0,0,0,0,0,0,1,0,0,0,0,0,0,0,0,0,0,0,0,0,0,0,0,0,0,0,0,0,0,0,0,0,0,0,0,0,0,0,0,0,0,0,0,0,0,0,0,0,0,0,0,0,0,0,0,0,0,0,0,0,0,0,0,0,0,0,0,0,0,0,31,0,0,0,46,0,0,0,0,0,0,0,0,0,0,0,11,0,0,0,0,0,0,0,2,0,221,0,11,0,14,0,19,0,0,0,56,0,4,0,0,0,0,0,0,0,0,0,0,0,0,0,0,0,0,0,0,0,0,0,0,0,0,0,0,0,0,0,0,0,0,0,0,0,0,0,0,28,39,44,6,0,0,0
0,0,3,0,118,28,0,0,0,0,0,0,360,88,66,0,4,0,126,47,73,6,0,0,0,0,54,55,8,0,14,0,41,0,0,0,79,0,28,0,0,0,113,0,22,6,0,0,11,0,174,0,5,0,0,0,0,0,0,0,6,0,8,0,0,0,0,0,0,0,16,0,0,0,10,0,0,0,0,0,0,0,0,0,0,0,0,0,0,0,0,0,0,0,0,0,0,0,0,0,0,0,0,0,0,0,0,0,0,0,0,0,0,0,0,0,0,0,0,0,0,0,0,0,0,0,0,0,0,0,0,0,0,0,0,0,0,0,0,0,0,0,0,0,37,0,0,0,0,0,0,0,0,0,0,0,0,0,0,0,0,0,13,0,51,0,57,0,108,0,0,0,25,0,0,0,0,0,30,0,0,0,0,0,0,0,0,2,0,0,3,0,0,0,0,0,0,0,0,0,0,0,0,0,0,0,0,0,0,0,0,19,145,0,20,0,0,0,0,0,0,0,0,0,0
0,0,1,0,2,119,0,0,0,0,0,19,0,18,0,19,0,6,0,105,0,38,0,0,0,2,0,45,0,10,1,0,0,29,0,0,0,161,0,26,0,0,0,11,0,27,0,3,0,6,0,46,0,0,0,0,0,0,0,0,0,13,0,20,0,0,0,0,0,0,0,13,0,0,0,0,0,0,0,0,0,67,0,0,0,0,0,0,0,0,0,0,0,0,0,0,0,0,0,0,0,0,0,0,0,0,0,0,0,0,0,0,0,0,0,0,0,0,0,0,0,0,0,0,0,0,0,0,0,0,0,0,0,0,0,0,0,0,0,39,0,0,0,57,0,90,0,0,0,2,0,0,0,0,0,0,0,23,0,0,0,0,0,0,0,20,0,120,0,0,0,15,0,24,0,0,0,7,0,0,0,0,0,2,0,5,0,0,0,0,0,0,0,0,0,0,0,0,0,0,0,0,0,0,0,0,0,0,0,0,0,0,0,0,0,0,0,0,0,54,100,0,0,0,0
20,0,25,0,303,0,6,0,0,0,94,0,223,0,93,0,5,0,157,0,54,3,5,0,0,0,25,0,23,0,41,0,173,0,79,0,0,0,68,0,0,0,58,0,61,0,0,0,2,0,93,0,12,0,0,0,0,0,0,0,23,0,36,0,0,0,0,0,0,0,58,0,0,0,38,0,0,0,10,0,41,0,0,0,86,0,0,0,0,0,25,0,0,0,0,0,119,0,110,0,20,0,0,0,3,0,0,0,0,0,0,0,0,0,0,0,0,0,0,0,0,0,25,0,0,0,0,0,0,0,0,0,0,0,0,0,0,0,61,0,0,0,74,0,179,0,0,1,0,0,0,0,0,0,8,0,24,0,2,0,0,0,29,0,64,0,65,0,110,0,7,0,60,0,6,0,0,0,43,0,0,0,0,0,4,0,0,0,0,0,0,0,0,0,0,0,0,0,0,0,0,0,0,0,0,0,0,0,0,0,0,11,72,20,0,0,2,0,0,0,0,0,0,0,0
0,76,4,54,0,204,0,10,0,0,0,70,1,46,0,21,0,6,0,250,0,52,0,10,0,3,0,71,0,6,0,22,0,129,0,161,0,0,0,17,0,0,0,36,0,14,0,0,0,22,0,83,0,7,0,2,0,0,0,0,0,37,0,41,0,0,0,0,0,0,0,6,0,0,0,0,0,0,0,0,0,41,0,0,0,0,0,11,0,1,0,0,0,0,0,0,0,0,0,0,0,0,0,0,0,0,0,0,0,0,0,0,0,0,0,0,0,0,0,0,0,0,0,0,0,0,0,0,0,0,0,0,0,0,0,0,0,0,0,17,0,61,0,0,0,90,0,0,0,0,0,0,0,0,0,6,0,46,0,0,0,0,0,0,0,25,0,128,0,104,0,21,0,35,0,0,0,29,0,0,0,1,0,4,0,0,0,0,0,0,0,0,0,0,0,0,0,0,0,0,0,0,0,0,0,0,0,0,0,0,0,0,0,0,0,0,0,0,0,41,102,0,0,0,0
397,0,384,0,191,0,0,0,0,0,120,0,0,0,49,0,98,0,0,0,19,0,29,8,1,0,0,0,26,0,47,0,7,0,28,0,68,0,0,0,0,0,0,0,0,0,0,0,0,0,11,0,8,0,0,0,0,0,0,0,5,0,15,0,0,0,0,0,0,0,8,0,0,0,3,0,0,0,0,0,0,0,0,0,37,0,0,0,0,0,0,0,0,0,0,0,46,0,0,0,10,0,0,0,0,0,0,0,0,0,0,0,0,0,0,0,0,0,0,0,0,0,0,0,0,0,0,0,0,0,0,0,0,0,0,0,0,0,24,0,12,0,0,0,55,0,0,0,0,0,0,0,0,0,6,0,13,0,0,0,0,0,4,0,1,0,34,0,0,0,0,0,59,0,0,0,54,0,4,0,0,0,34,0,0,0,0,0,0,0,0,0,0,0,0,0,0,0,0,0,0,0,0,0,0,0,0,0,0,0,0,7,9,0,0,0,0,0,0,0,0,0,0,0,0
0,351,0,294,0,0,0,384,0,74,0,33,0,0,0,0,0,158,0,0,0,25,0,24,0,28,0,0,0,49,0,10,0,12,0,26,0,17,0,0,0,0,0,0,0,0,0,0,0,0,0,2,0,7,0,0,0,0,0,0,0,9,0,60,0,0,0,0,0,0,0,0,0,0,0,0,0,0,0,0,0,0,0,0,0,0,0,0,0,0,0,0,0,0,0,0,0,0,0,0,0,0,0,0,0,0,0,0,0,0,0,0,0,0,0,0,0,0,0,0,0,4,0,0,0,0,0,0,0,0,0,0,0,0,0,0,0,0,0,24,0,30,0,17,0,51,0,0,0,0,0,1,0,0,0,0,0,41,0,0,0,0,0,0,0,0,0,78,0,0,0,0,0,24,0,0,11,77,0,0,0,0,0,0,0,0,0,0,0,0,0,0,0,0,0,0,0,0,0,0,0,0,0,0,0,0,0,0,0,0,0,0,0,0,0,0,0,0,3,77,0,0,0,0,0
17,0,10,0,64,0,0,0,0,0,26,0,109,145,0,4,0,0,29,28,1,3,11,0,0,0,39,233,0,0,0,0,0,0,0,0,0,0,0,0,0,55,104,0,141,168,72,273,154,48,59,0,0,0,0,0,0,0,0,0,0,0,0,0,0,0,0,0,0,0,0,0,0,0,0,0,0,0,0,0,0,0,0,0,0,0,0,0,0,0,0,0,0,0,0,0,0,0,0,0,0,0,0,0,0,0,0,0,0,0,0,0,0,0,0,0,0,0,0,0,0,0,0,0,0,0,0,0,0,0,0,0,0,0,0,0,0,0,0,0,0,0,0,0,0,0,0,0,18,0,35,0,104,0,0,0,0,0,0,0,0,0,0,0,33,0,0,0,0,0,0,0,0,0,29,0,48,94,54,0,49,0,40,0,0,0,114,16,0,0,0,0,0,0,0,0,0,0,0,0,0,0,0,0,0,0,0,0,0,0,7,60,91,0,0,0,0,31,0,0,0,0,0,0,0
0,36,0,0,0,24,0,0,0,0,0,64,14,182,0,0,0,0,0,0,0,0,0,0,0,0,65,30,0,0,0,0,0,0,0,0,0,0,0,0,55,0,0,7,49,69,29,417,4,109,13,0,0,0,0,0,0,0,0,0,0,0,0,0,0,0,0,0,0,3,0,0,0,0,0,0,0,0,0,0,0,0,0,0,0,0,0,0,0,0,0,0,0,0,0,0,0,0,0,0,0,0,0,2,0,0,0,0,0,0,0,0,0,0,0,0,0,0,0,0,0,0,0,0,0,0,0,0,0,0,0,0,0,0,0,0,0,0,0,0,0,0,0,0,0,0,0,0,0,0,0,0,0,0,0,0,0,0,0,0,0,0,0,0,0,25,0,0,0,0,0,0,0,0,0,0,0,139,0,40,0,0,0,21,0,0,15,12,0,0,0,0,0,0,0,0,0,0,0,0,0,0,0,0,0,0,0,0,0,0,0,0,0,0,0,0,0,0,0,26,9,0,0,0,40
0,0,0,0,0,0,0,0,0,0,0,0,103,68,0,0,0,0,37,0,46,0,0,0,0,0,266,93,7,0,69,0,46,0,113,0,58,0,0,0,104,0,0,0,109,84,35,113,37,18,118,0,0,0,0,0,0,0,3,0,0,0,0,0,3,0,0,0,0,0,7,0,0,0,13,0,0,0,0,0,0,0,0,0,56,0,0,0,1,0,0,0,0,0,0,0,0,0,47,0,0,0,0,0,0,0,0,0,0,0,0,0,0,0,0,0,0,0,0,0,0,0,0,0,0,0,0,0,0,0,0,0,0,0,0,0,0,0,0,0,0,0,0,0,0,0,0,0,0,0,0,0,0,0,0,0,0,0,0,0,0,0,0,0,59,0,23,0,14,0,0,0,17,0,0,0,0,5,13,0,0,0,0,0,0,0,77,0,0,0,0,0,0,0,1,0,0,0,0,0,0,0,0,0,0,0,0,0,0,0,65,80,72,0,13,0,0,17,0,0,0,0,0,0,0
0,9,0,8,0,21,0,0,0,1,0,38,0,107,0,11,0,9,0,23,1,70,0,14,0,0,16,125,0,0,0,0,0,4,0,11,0,36,0,0,0,7,0,0,4,80,0,33,0,60,5,133,0,0,0,0,0,0,0,0,0,0,0,0,0,0,0,0,0,0,0,0,0,0,0,7,0,0,0,0,0,29,0,0,0,0,0,0,0,0,0,0,0,0,0,0,0,4,0,0,0,0,0,0,0,0,0,0,0,0,0,0,0,0,0,0,0,0,0,0,0,0,0,7,0,0,0,0,0,0,0,0,0,0,0,0,0,0,0,0,0,16,0,0,0,14,0,0,0,0,0,0,0,0,0,0,0,0,0,0,0,0,0,0,0,0,0,35,0,40,0,5,0,7,0,0,0,0,0,0,0,0,0,0,0,0,0,3,0,0,0,0,0,0,0,0,0,0,0,0,0,0,0,0,0,0,0,0,0,0,0,0,0,0,12,0,0,0,24,76,76,0,0,4,0
0,0,7,0,0,0,11,0,0,0,0,0,53,0,75,0,40,0,37,0,102,0,147,2,3,0,231,42,8,0,18,0,29,0,22,0,61,0,0,0,141,49,109,4,0,130,203,144,262,176,79,0,14,0,0,0,0,0,0,0,0,0,38,0,0,0,0,0,0,0,50,0,0,0,35,0,0,0,0,0,0,0,0,0,0,0,0,0,0,0,0,0,0,0,0,0,0,0,0,0,0,0,0,0,0,0,0,0,0,0,0,0,0,0,0,0,0,0,0,0,0,0,0,0,0,0,0,0,0,0,0,0,0,0,0,0,0,0,0,0,0,0,0,0,92,0,10,0,20,0,0,0,76,0,0,0,0,0,0,0,0,0,0,0,169,0,70,0,66,0,7,0,46,0,0,0,18,39,16,0,0,0,26,0,51,0,88,0,0,0,0,0,0,0,0,0,0,0,0,0,0,0,0,0,0,0,0,0,0,0,70,90,228,36,33,0,5,89,0,0,0,0,0,0,1
0,0,0,0,0,0,0,0,0,5,0,42,28,90,0,13,0,0,5,32,4,123,0,9,0,0,150,287,0,0,0,5,0,3,6,27,0,14,0,0,168,69,84,80,130,0,108,278,19,293,56,52,0,0,0,0,0,1,0,0,0,0,0,6,0,0,0,0,0,0,0,0,0,0,0,0,0,0,0,1,0,0,0,45,0,0,0,0,0,0,0,0,0,0,0,81,0,0,0,0,0,0,0,13,0,0,0,0,0,0,0,0,0,0,0,0,0,0,0,0,0,0,0,0,0,0,0,0,0,0,0,0,0,0,0,0,0,0,0,0,0,0,0,0,0,0,0,0,0,0,0,0,0,0,0,0,0,0,0,0,0,7,0,2,0,220,0,0,0,101,0,10,0,26,0,0,0,80,0,3,0,0,0,4,0,0,41,38,0,0,0,0,0,1,0,0,0,0,0,0,0,0,0,0,0,0,0,0,0,0,0,0,0,0,18,0,0,0,19,215,257,23,14,14,107
18,0,10,0,78,0,0,0,0,0,39,3,112,29,22,0,0,0,62,0,5,0,50,0,0,0,83,61,0,0,0,0,0,0,0,0,0,0,0,0,72,29,35,0,203,108,0,168,235,62,16,0,0,0,0,0,0,0,0,0,0,0,0,0,0,0,0,0,0,0,0,0,0,0,0,0,0,0,0,0,0,0,0,0,0,0,0,0,0,0,0,0,0,0,0,0,0,0,0,0,0,0,0,0,0,0,0,0,0,0,0,0,0,0,0,0,0,0,0,0,0,0,0,0,0,0,0,0,0,0,0,0,1,0,0,0,26,0,0,0,0,0,0,0,0,0,0,0,0,0,36,0,83,0,0,0,0,0,0,0,0,0,0,0,45,0,0,0,0,0,0,0,0,0,0,0,21,35,12,0,0,0,33,0,50,0,64,0,0,0,0,0,0,0,0,0,0,0,0,0,0,0,0,0,0,0,0,0,3,0,9,48,73,3,7,0,0,77,0,1,0,0,0,0,0
0,175,0,0,0,121,0,0,0,0,0,109,77,134,0,0,0,0,0,28,0,0,0,0,0,0,253,110,0,0,0,0,0,0,0,3,0,0,0,0,273,417,113,33,144,278,168,0,19,217,98,25,0,0,0,0,0,0,0,0,0,0,0,0,0,0,0,0,0,0,0,0,0,0,0,0,0,0,0,0,0,0,0,0,0,0,0,0,0,0,0,0,0,0,0,0,0,0,0,0,0,0,0,0,0,0,0,0,0,0,0,0,0,0,0,0,0,0,0,0,0,0,0,0,0,0,0,0,0,0,0,0,0,0,0,0,0,0,0,0,0,0,0,0,0,0,0,0,0,0,0,0,0,0,0,0,0,0,0,0,0,0,0,0,0,92,0,0,0,0,0,0,0,0,0,0,0,180,0,0,0,0,0,0,0,0,81,32,0,0,0,0,0,0,0,0,0,0,0,0,0,0,0,0,0,0,0,0,0,0,0,0,0,0,0,0,0,0,0,317,151,0,0,0,129
28,0,11,0,16,0,82,0,64,0,0,0,42,3,0,0,3,0,0,0,7,0,9,0,0,0,46,3,0,0,0,0,0,0,11,0,2,0,0,0,154,4,37,0,262,19,235,19,0,94,15,0,10,0,30,0,26,0,67,0,6,0,6,0,9,0,10,0,16,0,0,0,0,0,0,0,4,0,3,0,0,0,22,0,0,0,14,0,1,0,0,0,19,0,30,0,6,0,0,0,11,0,42,0,0,0,9,0,0,0,0,0,0,0,0,0,0,0,0,0,0,0,0,0,0,0,0,0,0,0,0,0,0,0,35,0,0,0,0,0,0,0,26,0,0,0,0,0,0,0,9,0,0,0,8,1,0,0,0,0,0,0,4,0,26,4,13,0,29,0,19,0,49,0,0,0,27,22,19,0,0,0,0,0,6,0,286,0,26,0,12,0,59,0,25,0,0,0,0,0,30,0,0,0,28,0,0,0,0,0,62,87,239,6,100,41,29,38,0,1,3,0,0,0,0
0,17,0,2,0,0,0,0,0,5,0,73,0,84,0,5,0,0,0,10,0,36,0,0,0,0,0,122,0,0,0,0,0,0,0,6,0,22,0,0,48,109,18,60,176,293,62,217,94,0,10,20,0,0,0,0,0,0,0,0,0,0,0,0,0,1,0,0,0,7,0,0,0,0,0,0,0,3,0,0,0,0,0,36,0,0,0,0,0,0,0,0,0,0,0,23,0,0,0,0,0,0,0,10,0,0,0,0,0,0,0,0,0,0,0,0,0,0,0,0,0,0,0,0,0,1,0,0,0,0,0,0,0,0,0,0,0,0,0,0,0,0,0,0,0,0,0,0,0,0,0,0,0,0,0,0,0,0,0,0,0,0,0,0,2,71,0,0,0,16,0,0,0,0,0,0,2,67,0,2,0,0,0,0,0,4,55,29,0,1,0,0,0,0,0,0,0,0,0,3,0,0,0,0,0,0,0,0,0,0,0,0,0,0,9,0,0,0,4,32,13,1,0,3,55
2,0,0,0,0,0,0,0,0,0,0,0,260,109,10,0,13,0,181,34,85,4,0,0,0,0,376,127,9,0,73,0,18,0,174,0,93,0,11,0,59,13,118,5,79,56,16,98,15,10,0,0,3,0,0,0,0,0,2,0,0,0,17,0,0,0,0,0,0,0,22,0,0,0,0,0,0,0,0,0,0,0,10,0,73,0,26,0,8,0,0,0,0,0,0,0,80,0,60,0,0,0,13,0,20,0,0,0,0,0,0,0,0,0,0,0,0,0,0,0,8,0,0,0,0,0,0,0,0,0,0,0,0,0,0,0,18,0,0,0,0,0,55,0,0,0,0,0,0,0,0,0,0,0,3,0,0,0,0,0,0,0,0,0,68,0,17,0,139,0,3,0,25,0,0,0,0,7,35,0,6,0,2,0,0,0,42,0,0,0,0,0,0,0,22,0,0,0,10,0,49,0,0,0,0,0,0,0,0,0,65,43,91,19,25,7,0,5,0,0,0,0,0,0,0
0,15,0,0,0,30,0,0,0,0,0,25,0,128,1,0,0,0,2,48,2,130,0,0,0,4,0,255,0,0,0,5,0,0,0,46,0,83,0,2,0,0,0,133,0,52,0,25,0,20,0,0,0,0,0,2,0,0,0,0,0,1,0,3,0,0,0,0,0,8,0,7,0,0,0,5,0,13,0,0,0,0,0,37,0,0,0,17,0,0,0,0,0,0,0,61,0,0,0,0,0,49,0,0,0,7,0,13,0,0,0,0,0,2,0,0,0,0,0,0,0,0,0,0,0,0,0,0,0,0,0,0,0,0,0,0,0,0,0,0,0,0,0,0,0,23,0,0,0,0,0,0,0,4,0,0,0,2,0,0,0,0,0,3,0,20,0,46,0,176,0,13,0,32,0,0,0,1,0,0,0,0,0,0,0,0,1,0,0,0,0,0,0,0,0,12,0,0,0,0,0,0,0,0,0,0,0,0,0,0,0,0,0,0,20,0,0,0,35,85,67,9,0,4,2
0,0,0,0,0,0,81,4,216,35,0,0,0,0,19,0,145,0,0,0,32,0,26,0,22,3,0,0,23,0,8,0,2,0,5,0,12,0,8,0,0,0,0,0,14,0,0,0,10,0,3,0,0,0,83,37,114,5,48,40,40,0,96,0,0,0,25,41,0,0,2,0,0,0,6,0,0,0,0,0,0,0,0,0,10,0,0,0,0,0,3,0,0,0,0,0,0,0,0,0,0,0,0,0,0,0,0,0,0,0,0,0,0,0,0,0,0,0,0,0,1,0,0,0,4,0,11,0,82,0,15,0,9,0,4,0,91,0,332,0,69,0,79,0,86,0,1,0,3,0,0,0,0,0,400,1,95,0,103,0,6,0,0,0,0,0,0,0,0,0,55,0,6,0,0,0,59,0,0,0,0,0,2,0,6,2,0,0,0,0,0,0,0,0,0,0,0,0,0,0,0,0,0,0,0,0,0,0,0,0,75,24,68,40,38,1,12,1,0,0,0,2,0,0,0
0,6,0,0,0,0,3,41,37,208,0,0,0,0,0,0,0,7,0,0,0,1,0,0,0,12,0,0,0,9,0,0,0,0,0,0,0,7,0,7,0,0,0,0,0,0,0,0,0,0,0,0,0,0,27,120,10,57,13,150,0,18,0,49,3,3,8,36,0,0,0,0,0,0,0,0,0,0,0,0,0,7,0,0,0,30,0,0,0,0,0,0,0,0,0,0,0,0,0,0,0,0,0,0,0,0,0,0,0,0,0,0,0,0,0,0,0,0,0,0,0,0,0,0,0,0,0,0,0,9,0,4,0,11,0,21,0,49,0,196,0,51,0,92,0,123,0,0,0,2,0,0,0,0,0,107,0,43,0,136,0,9,0,0,0,0,0,0,0,6,0,43,0,14,0,0,5,78,0,0,0,0,0,0,0,9,0,0,0,0,0,0,0,0,0,0,0,0,0,0,0,0,0,0,0,0,0,0,0,21,3,0,2,0,172,0,0,0,333,221,94,0,0,22,0
0,0,68,0,0,0,180,0,72,143,0,0,0,0,74,0,13,0,0,0,5,0,123,0,53,15,0,0,3,0,0,0,0,0,0,0,0,0,0,0,0,0,0,0,0,0,0,0,30,0,0,0,83,27,0,98,68,12,158,45,6,0,44,14,0,0,25,47,0,0,0,0,0,0,0,0,0,0,0,0,0,0,0,0,0,0,0,0,0,0,0,0,0,0,0,0,0,0,0,0,0,0,0,0,0,0,0,0,0,0,0,0,0,0,0,0,0,0,0,0,0,0,0,0,15,0,68,0,186,0,86,0,12,0,0,0,93,0,32,0,0,0,0,0,0,0,5,0,3,0,0,0,0,0,63,0,16,0,36,0,101,0,0,0,0,0,0,0,18,0,112,0,14,0,0,0,60,20,0,0,0,0,0,0,0,2,0,0,0,0,0,0,0,0,0,0,0,0,0,0,0,0,0,0,0,0,0,0,36,0,88,7,147,89,78,4,27,0,0,1,0,0,0,0,0
0,15,0,114,0,19,8,428,214,196,0,0,0,3,0,240,0,20,0,0,0,14,0,47,10,299,0,0,0,6,0,0,0,0,0,0,0,2,0,0,0,0,0,0,0,0,0,0,0,0,0,2,37,120,98,0,34,170,59,213,0,0,13,87,0,9,47,23,0,0,3,0,0,0,0,0,0,0,0,0,0,0,0,0,0,48,0,0,0,0,0,0,0,0,0,0,0,0,0,0,0,0,0,0,0,0,0,0,0,0,0,0,0,0,0,0,0,0,0,0,0,0,0,0,0,0,0,9,0,21,63,6,0,26,0,56,0,163,0,171,0,40,0,136,0,8,0,0,0,3,0,0,0,1,0,63,0,20,0,32,106,21,0,5,0,23,0,0,0,14,3,111,0,21,0,0,29,89,0,0,0,0,0,5,19,9,0,0,0,0,0,0,0,0,0,0,0,0,0,1,0,0,0,0,0,0,0,0,0,0,12,0,0,0,158,0,0,0,162,14,272,176,0,46,0
0,0,10,0,8,0,38,0,16,26,0,0,0,0,0,0,0,0,0,0,0,0,0,0,11,0,0,0,0,0,0,0,0,0,0,0,0,0,0,0,0,0,0,0,0,0,0,0,26,0,0,0,114,10,68,34,0,45,388,70,3,0,4,1,133,24,49,161,0,0,0,0,0,0,0,0,0,0,0,0,0,0,0,0,0,0,0,0,0,0,0,0,0,0,0,0,0,0,0,0,0,0,0,0,0,0,0,0,0,0,0,0,0,0,0,0,0,0,0,0,0,0,0,0,11,0,20,0,14,0,81,0,0,0,2,0,0,0,0,0,0,0,0,0,4,0,4,0,5,0,5,0,0,0,111,17,53,0,128,0,237,0,14,0,3,0,6,0,28,0,115,0,20,0,0,0,12,10,0,0,0,0,0,0,10,1,0,0,0,0,0,0,0,0,0,0,0,0,0,0,0,0,0,0,0,0,0,0,0,0,261,63,403,434,527,0,87,0,0,0,0,0,0,0,0
0,6,0,27,0,0,0,79,17,15,0,0,0,0,0,53,0,10,0,0,0,0,0,23,0,79,0,0,0,0,0,0,0,0,0,0,0,0,0,0,0,0,0,0,0,1,0,0,0,0,0,0,5,57,12,170,45,0,49,264,0,0,0,13,71,18,65,48,0,0,0,0,0,0,0,0,0,0,0,0,0,0,0,0,0,10,0,0,0,0,0,0,0,0,0,0,0,0,0,0,0,0,0,0,0,0,0,0,0,0,0,0,0,0,0,0,0,0,0,0,0,0,0,0,0,20,0,11,0,46,3,29,0,26,0,23,0,82,0,98,0,7,0,34,0,11,0,0,0,10,0,0,0,0,36,136,0,0,0,112,41,57,0,0,0,22,0,0,0,15,0,231,0,0,0,0,8,7,0,0,0,17,0,0,25,7,0,0,0,0,0,0,0,0,0,0,0,0,0,0,0,0,0,0,0,0,0,0,0,26,0,0,0,0,270,0,0,0,194,21,273,232,12,80,0
0,0,6,0,0,0,10,0,103,0,0,0,0,0,0,0,0,0,0,0,0,0,0,0,0,0,0,0,0,0,0,0,0,0,0,0,0,0,0,0,0,0,3,0,0,0,0,0,67,0,2,0,48,13,158,59,388,49,0,112,13,0,11,0,228,20,83,218,0,0,0,0,0,0,0,0,0,0,0,0,1,0,0,0,0,0,0,0,0,0,0,0,0,0,0,0,0,0,0,0,0,0,0,0,0,0,0,0,0,0,0,0,0,0,0,0,0,0,0,0,0,0,0,0,6,0,19,0,12,0,84,0,5,0,0,0,0,0,0,0,0,0,0,0,0,0,2,0,42,0,3,0,0,0,128,0,190,0,10,6,91,0,0,0,0,0,0,0,44,0,141,0,0,0,0,0,60,0,0,0,0,0,0,0,85,0,0,0,0,0,0,0,0,0,0,0,0,0,0,0,0,0,0,0,0,0,0,0,8,0,530,88,509,590,680,8,158,4,0,0,0,0,0,0,0
0,0,0,27,0,0,0,26,46,26,0,0,0,0,0,0,0,0,0,0,0,0,0,27,0,68,0,0,0,0,0,0,0,0,0,0,0,0,0,0,0,0,0,0,0,0,0,0,0,0,0,0,40,150,45,213,70,264,112,0,0,0,2,48,56,189,154,375,0,5,0,0,0,0,0,0,0,0,0,0,0,0,0,0,0,0,0,0,0,0,0,0,0,0,0,0,0,0,0,0,0,0,0,0,0,0,0,0,0,0,0,0,0,0,0,0,0,0,0,0,0,0,0,0,0,27,0,16,0,6,0,75,0,3,0,11,0,41,0,6,0,2,0,9,0,18,0,0,0,38,0,1,0,0,35,121,0,116,0,65,28,144,0,0,0,34,0,0,0,48,0,349,0,57,0,5,24,47,0,0,0,0,0,0,27,86,0,0,0,1,0,0,0,0,0,0,0,0,0,0,0,0,0,0,0,0,0,0,0,9,0,0,0,0,888,0,0,0,755,90,735,666,47,211,1
277,0,111,0,0,0,168,0,199,0,0,0,0,0,0,0,36,0,0,0,0,0,0,0,0,6,0,0,3,0,9,0,12,0,6,0,23,0,5,0,0,0,0,0,0,0,0,0,6,0,0,0,40,0,6,0,3,0,13,0,0,0,44,0,0,0,0,0,0,0,3,0,0,0,0,0,0,0,0,0,0,0,0,0,0,0,3,0,0,0,0,0,0,0,0,0,11,0,0,0,0,0,0,0,0,0,0,0,0,0,0,0,0,0,0,0,0,0,0,0,0,0,0,0,0,0,0,0,0,0,0,0,0,0,0,0,0,0,173,0,56,0,31,0,258,0,0,0,0,0,0,0,0,0,47,0,102,0,7,0,0,0,10,0,0,0,0,0,8,0,82,0,175,0,0,0,97,12,0,0,0,0,18,0,0,0,0,0,0,0,0,0,0,0,0,0,0,0,0,0,0,0,0,0,0,0,0,0,0,0,114,91,73,72,58,0,0,0,0,0,0,0,0,0,0
0,103,0,9,0,0,0,156,0,226,0,0,0,0,0,0,0,20,0,0,0,16,0,6,0,5,0,0,0,75,0,6,0,4,0,13,0,37,0,9,0,0,0,0,0,0,0,0,0,0,0,1,0,18,0,0,0,0,0,0,0,0,0,109,0,0,0,0,0,0,0,0,0,0,0,0,0,0,0,0,0,13,0,0,0,0,0,0,0,0,0,0,0,0,0,0,0,1,0,0,0,0,0,0,0,0,0,0,0,0,0,0,0,0,0,0,0,0,0,0,0,3,0,0,0,0,0,0,0,0,0,0,0,0,0,0,0,0,0,21,0,32,0,8,0,156,0,0,0,0,0,0,0,0,0,5,0,201,0,19,0,0,0,0,0,0,0,0,0,0,0,97,0,134,0,0,0,91,0,0,0,0,0,32,0,0,0,0,0,0,0,0,0,0,0,0,0,0,0,0,0,0,0,0,0,0,0,0,0,0,0,0,0,0,58,0,0,0,132,329,96,0,0,22,0
299,0,320,0,7,0,390,27,246,27,0,0,0,0,51,0,500,0,0,0,116,0,84,0,77,18,0,0,36,0,18,0,18,0,8,0,36,0,15,0,0,0,0,0,38,0,0,0,6,0,17,0,96,0,44,13,4,0,11,2,44,0,0,4,0,0,0,0,0,0,32,0,0,0,42,0,0,0,0,0,0,0,0,0,81,0,35,0,0,0,0,0,0,0,0,0,73,0,0,0,0,0,0,0,0,0,0,0,0,0,0,0,0,0,0,0,0,0,0,0,10,0,0,0,0,0,0,0,37,0,0,0,11,0,0,0,141,0,297,0,62,0,199,0,110,0,0,0,0,0,0,0,0,0,81,0,66,0,22,0,0,0,0,0,0,0,0,0,0,0,10,0,16,0,0,0,58,6,0,0,0,0,11,0,0,0,0,0,0,0,0,0,0,0,0,0,0,0,0,0,0,0,0,0,0,0,0,0,0,0,28,45,0,0,29,0,0,0,0,0,0,0,0,0,0
0,66,0,12,0,0,22,355,31,463,0,0,0,0,0,41,0,197,0,12,0,95,0,127,23,112,0,0,0,61,0,20,0,27,0,20,0,41,0,60,0,0,0,0,0,6,0,0,0,0,0,3,0,49,14,87,1,13,0,48,0,109,4,0,0,0,0,0,0,0,0,0,0,0,0,6,0,0,0,0,0,20,0,0,0,29,0,0,0,0,0,0,0,0,0,0,0,0,0,0,0,0,0,0,0,0,0,0,0,0,0,0,0,0,0,0,0,0,0,0,0,0,0,0,0,4,0,0,0,10,0,0,0,0,0,0,0,54,0,347,0,153,0,125,0,111,0,0,0,0,0,0,0,0,0,55,0,89,0,55,0,2,0,0,0,4,0,6,0,0,0,35,0,18,0,0,10,198,0,0,0,0,0,30,0,0,0,0,0,0,0,0,0,0,0,0,0,0,0,0,0,0,0,0,0,0,0,0,0,0,0,0,0,0,59,0,0,0,129,165,97,0,0,0,0
0,0,32,0,42,0,24,0,68,0,7,0,15,0,14,0,0,2,0,0,0,0,8,0,4,0,0,0,0,0,0,0,0,0,0,0,0,0,0,0,0,0,3,0,0,0,0,0,9,0,0,0,0,3,0,0,133,71,228,56,0,0,0,0,0,77,165,78,0,0,0,0,0,0,1,0,0,0,0,0,0,0,0,0,0,0,0,0,0,0,2,0,0,0,0,0,0,0,0,0,0,0,0,0,0,0,0,0,0,0,0,0,0,0,0,0,0,0,0,0,0,0,0,0,24,0,8,1,0,1,34,0,0,0,7,0,8,0,9,32,0,0,0,0,74,32,38,0,21,29,0,0,0,0,57,123,55,0,33,75,365,251,19,12,0,0,4,0,0,0,0,0,0,0,53,3,0,0,0,0,66,69,19,0,224,0,0,0,0,0,0,0,0,0,0,0,0,0,0,0,0,0,0,0,0,0,0,0,0,0,198,65,0,0,504,0,0,0,0,0,20,16,0,0,0
0,14,0,17,0,0,0,0,0,151,0,0,0,0,0,25,0,0,0,24,0,0,0,0,0,0,0,29,0,0,0,0,0,0,0,0,0,0,0,0,0,0,0,0,0,0,0,0,0,1,0,0,0,3,0,9,24,18,20,189,0,0,0,0,77,0,6,366,0,0,0,0,0,0,0,0,0,0,0,0,0,0,0,0,0,0,0,0,0,0,0,0,1,0,0,0,0,0,0,0,0,0,0,0,0,0,0,0,0,0,0,0,0,0,0,0,0,0,0,0,0,0,0,0,0,19,0,33,0,1,15,29,0,0,0,24,0,41,0,66,0,0,0,0,5,110,0,33,0,196,0,9,3,4,13,58,0,14,0,40,0,412,3,28,0,0,0,2,1,0,0,0,0,0,3,53,1,0,0,0,1,186,0,3,13,74,0,0,0,0,0,0,0,0,0,0,0,3,0,6,0,4,0,0,0,0,0,9,0,28,0,1,0,0,181,0,3,0,70,41,0,0,21,0,0
0,0,14,0,0,0,96,2,159,0,0,0,2,0,4,0,0,0,0,0,0,0,0,0,0,0,0,0,0,0,0,0,0,0,0,0,0,0,0,0,0,0,0,0,0,0,0,0,10,0,0,0,25,8,25,47,49,65,83,154,0,0,0,0,165,6,0,189,0,0,0,0,0,0,0,0,0,0,0,0,0,0,0,0,0,0,0,0,0,0,0,0,0,0,0,0,0,0,0,0,0,0,0,0,0,0,0,0,0,0,0,0,0,0,0,0,0,0,0,0,0,0,0,0,0,0,0,0,0,0,36,0,0,0,0,0,0,0,0,0,0,0,0,0,2,0,5,0,20,0,0,0,0,0,40,15,65,0,0,11,117,0,0,0,0,0,0,0,0,0,0,0,0,0,0,1,133,15,0,0,0,0,2,0,423,0,0,0,0,0,0,0,0,0,0,0,0,0,0,0,0,0,0,0,0,0,0,0,0,0,174,53,133,247,273,3,0,0,0,0,0,0,0,0,0
0,8,0,0,0,0,0,25,47,100,0,0,0,0,0,0,0,0,0,0,0,0,0,0,0,0,0,0,0,0,0,0,0,0,0,0,0,0,0,0,0,0,0,0,0,0,0,0,0,0,0,0,41,36,47,23,161,48,218,375,0,0,0,0,78,366,189,0,0,0,0,0,0,0,0,0,0,0,0,0,0,0,0,0,0,0,0,0,0,0,0,0,0,0,0,0,0,0,0,0,0,0,0,0,0,0,0,0,0,0,0,0,0,0,0,0,0,0,0,0,0,0,0,0,0,28,0,24,0,0,0,26,0,0,0,0,0,8,0,4,0,0,0,0,0,20,0,7,0,56,0,0,0,0,40,65,0,54,0,27,0,114,0,0,0,0,0,0,0,0,0,0,0,0,0,24,23,125,0,0,0,0,0,0,30,327,0,0,0,0,0,0,0,0,0,0,0,0,0,0,0,0,0,0,0,0,0,0,0,22,0,0,0,0,487,0,0,0,333,74,163,298,47,0,0
0,0,0,0,0,0,0,0,0,0,0,0,0,0,0,0,0,0,0,0,0,0,0,0,0,0,0,0,0,0,0,0,0,0,0,0,0,0,0,0,0,0,0,0,0,0,0,0,16,0,0,0,0,0,0,0,0,0,0,0,0,0,0,0,0,0,0,0,0,0,0,0,19,0,0,0,180,0,57,0,0,0,20,0,0,0,0,0,6,0,0,0,20,0,49,0,0,0,18,0,35,0,147,0,0,0,13,0,25,0,20,0,9,0,2,0,13,0,0,0,0,0,0,0,0,0,0,0,0,0,0,0,0,0,0,0,0,0,0,0,0,0,0,0,0,0,0,0,0,0,0,0,0,0,0,0,0,0,0,0,0,0,0,0,58,0,0,0,192,0,10,0,0,0,0,0,0,0,0,0,0,0,0,0,0,0,0,0,0,0,0,0,0,0,0,0,0,0,0,0,0,0,0,0,0,0,0,0,0,0,37,0,104,0,26,25,171,10,0,0,0,0,0,0,0
0,0,0,0,0,0,0,0,0,0,0,0,0,0,0,0,0,0,0,0,0,0,0,0,0,0,0,0,0,0,0,0,0,0,0,0,0,0,0,0,0,3,0,0,0,0,0,0,0,7,0,8,0,0,0,0,0,0,0,5,0,0,0,0,0,0,0,0,0,0,0,0,0,0,0,0,0,28,0,0,0,0,0,64,0,0,0,2,0,4,0,0,0,64,0,42,0,0,0,0,0,7,0,107,0,0,0,0,0,15,0,14,0,1,0,2,0,2,0,0,0,0,0,0,0,0,0,0,0,0,0,0,0,0,0,0,0,0,0,0,0,0,0,0,0,0,0,0,0,0,0,0,0,0,0,0,0,0,0,0,0,0,0,0,0,46,0,0,0,31,0,3,0,0,0,0,0,0,0,0,0,0,0,0,0,1,0,0,0,0,0,0,0,0,0,0,0,0,0,0,0,0,0,0,0,0,0,0,0,0,0,0,0,0,9,1,0,0,35,5,69,0,11,167,0
0,0,0,0,0,0,0,0,0,0,0,0,0,0,8,0,28,0,0,0,78,0,10,0,0,0,0,0,61,0,24,0,21,0,16,0,58,0,8,0,0,0,7,0,50,0,0,0,0,0,22,0,2,0,0,3,0,0,0,0,3,0,32,0,0,0,0,0,0,0,0,0,164,0,133,0,18,0,159,0,0,0,0,0,17,0,47,0,0,0,0,0,0,0,0,0,0,0,4,0,0,0,0,0,0,0,0,0,0,0,0,0,0,0,0,0,0,0,0,0,12,0,12,0,31,47,51,0,0,0,73,19,0,0,52,0,30,0,19,8,62,0,185,0,96,24,0,33,37,32,54,0,40,0,0,0,8,0,0,0,7,4,76,0,0,0,9,0,50,0,31,0,55,0,37,0,0,0,0,0,100,35,0,0,0,0,0,0,0,0,0,0,0,0,0,0,0,0,0,0,38,0,0,0,0,0,0,0,75,0,29,0,26,0,21,0,1,0,0,0,0,0,0,0,0
0,0,0,0,0,0,0,0,0,0,0,0,0,0,0,0,0,25,0,0,0,46,0,16,0,0,0,0,0,18,0,0,0,0,0,13,0,6,0,0,0,0,0,0,0,0,0,0,0,0,0,7,0,0,0,0,0,0,0,0,0,0,0,0,0,0,0,0,0,0,0,0,0,71,0,168,0,7,0,20,0,7,0,10,0,0,0,56,0,0,0,0,0,0,0,3,0,0,0,0,0,0,0,0,0,0,0,0,0,0,0,0,0,0,0,0,0,0,0,0,0,1,0,13,0,0,10,0,0,0,23,0,0,0,0,0,0,32,0,5,0,28,0,0,0,93,0,0,0,50,0,0,0,34,0,0,0,0,0,0,0,0,0,40,0,0,0,60,0,10,0,21,0,56,0,0,0,0,0,0,0,67,0,0,0,0,0,0,0,0,0,0,0,0,0,0,0,0,0,0,0,0,0,0,0,0,0,0,0,0,0,0,0,0,0,0,0,0,20,3,32,4,0,0,0
0,0,0,0,0,0,0,0,1,0,0,0,0,0,0,0,12,0,0,0,12,0,0,0,0,0,0,0,0,0,0,0,2,0,0,0,0,0,0,0,0,0,0,0,0,0,0,0,0,0,0,0,0,0,0,0,0,0,0,0,0,0,0,0,0,0,0,0,19,0,164,0,0,0,48,0,29,0,88,0,15,0,3,0,19,0,16,0,0,0,0,0,14,0,0,0,5,0,5,0,0,0,4,0,0,0,0,0,0,0,0,0,0,0,0,0,0,0,0,0,20,0,11,0,48,0,63,0,6,0,32,0,34,0,45,0,15,0,5,3,42,0,97,0,51,0,31,0,0,0,52,12,56,0,0,0,0,0,0,0,2,0,73,0,0,0,1,0,15,0,2,0,0,0,13,0,0,0,0,0,35,0,0,0,0,0,0,0,8,0,0,0,0,0,1,0,0,0,35,0,52,0,0,0,0,0,19,0,59,0,320,0,27,12,39,0,4,3,0,0,0,0,0,0,0
0,0,0,0,0,0,0,0,0,0,0,0,0,0,0,0,0,0,0,0,0,0,0,0,0,0,0,0,0,0,0,0,0,0,0,0,0,0,0,0,0,0,0,0,0,0,0,0,0,0,0,0,0,0,0,0,0,0,0,0,0,0,0,0,0,0,0,0,0,0,0,71,0,0,0,97,0,36,0,14,0,71,0,28,0,5,0,72,0,1,2,0,0,8,0,0,0,0,0,4,0,0,0,8,0,0,0,0,0,0,0,0,0,0,0,0,0,0,0,0,0,4,0,13,0,54,0,169,0,0,38,9,0,63,0,125,15,84,0,0,0,15,0,22,0,42,0,47,0,47,0,0,0,34,0,0,0,0,0,0,4,0,3,34,0,0,0,9,0,4,0,11,0,11,0,25,0,0,0,0,0,69,0,0,0,0,0,0,0,52,0,0,0,0,0,7,0,0,0,89,0,28,0,137,0,0,0,93,8,186,3,0,0,0,11,0,0,0,115,11,15,0,1,0,0
0,0,0,0,0,0,0,0,0,0,0,0,0,0,10,0,27,0,0,0,33,0,0,0,0,0,0,0,34,0,13,0,8,0,10,0,38,0,3,0,0,0,13,0,35,0,0,0,0,0,0,0,6,0,0,0,0,0,0,0,0,0,42,0,1,0,0,0,0,0,133,0,48,0,0,0,0,0,99,0,22,0,21,0,20,0,50,0,0,0,0,0,5,0,15,0,0,0,15,0,0,0,0,0,2,0,0,0,0,0,0,0,0,0,0,0,0,0,0,0,40,0,22,0,0,34,14,0,3,0,0,0,0,0,60,0,32,0,18,5,72,0,246,0,69,0,17,17,24,10,22,0,19,9,0,0,6,0,0,1,0,0,24,18,0,0,0,0,22,0,9,0,25,0,32,0,0,0,0,0,48,30,0,0,0,0,0,0,0,0,4,0,0,0,0,0,0,0,36,1,37,0,28,0,4,0,0,0,55,0,48,0,10,0,23,1,5,0,10,0,0,0,0,0,0
0,0,0,0,0,0,0,0,0,1,0,0,0,0,0,0,0,43,0,0,0,81,0,0,0,0,0,0,0,0,0,0,0,0,0,0,0,0,0,0,0,0,0,7,0,0,0,0,0,0,0,5,0,0,0,0,0,0,0,0,0,0,0,6,0,0,0,0,0,0,0,168,0,97,0,0,0,10,0,41,0,26,0,18,0,0,0,102,0,0,0,0,0,0,0,0,0,0,4,0,0,0,0,0,0,0,0,0,0,0,0,0,0,0,0,0,0,0,0,0,0,34,0,50,0,22,6,0,0,1,42,2,0,12,0,75,0,0,0,5,0,98,0,27,21,188,0,18,0,32,0,0,0,0,0,0,0,5,0,0,0,0,0,75,0,0,0,64,0,14,0,15,0,57,1,0,0,0,0,0,8,89,0,0,0,0,0,0,0,3,0,0,0,0,0,0,0,0,0,23,0,0,0,0,0,0,0,0,0,77,0,0,0,0,0,0,0,0,68,5,51,0,0,9,0
0,0,0,0,0,0,0,0,0,0,0,0,0,0,0,0,0,0,0,0,0,0,0,0,0,0,0,0,0,0,0,0,0,0,0,0,0,0,0,0,0,0,0,0,0,0,0,0,4,0,0,0,0,0,0,0,0,0,0,0,0,0,0,0,0,0,0,0,180,0,18,0,29,0,0,0,0,0,51,0,0,0,30,0,0,0,41,0,0,0,0,0,37,0,51,0,0,0,38,0,17,0,74,0,20,0,18,0,0,0,0,0,0,0,7,0,9,0,0,0,0,0,0,0,0,0,0,0,0,0,0,0,0,0,0,0,0,0,0,0,0,0,0,0,0,0,0,0,0,0,0,0,0,0,0,0,0,0,0,0,0,0,0,0,8,0,0,0,13,0,3,0,3,0,0,0,0,0,0,0,0,0,0,0,0,0,0,0,0,0,0,0,0,0,0,0,2,0,0,0,81,1,0,0,0,0,0,0,0,0,59,2,21,0,21,7,63,3,0,0,0,0,0,0,0
0,0,0,0,0,0,0,0,0,0,0,0,0,0,0,0,0,0,0,0,0,0,0,0,0,0,0,0,0,0,0,0,0,1,0,0,0,0,0,0,0,0,0,0,0,0,0,0,0,3,0,13,0,0,0,0,0,0,0,0,0,0,0,0,0,0,0,0,0,28,0,7,0,36,0,10,0,0,0,5,0,101,0,143,0,4,0,46,0,9,0,0,0,97,0,87,0,4,0,23,0,65,0,90,0,0,0,0,0,8,0,0,0,0,0,0,0,0,0,0,0,0,0,0,0,0,9,0,0,0,0,0,5,7,0,68,0,21,0,0,0,0,0,9,0,3,0,17,2,0,0,24,0,0,0,0,0,0,0,0,0,0,0,10,0,18,0,0,0,33,0,0,0,0,0,3,0,0,0,0,0,18,0,0,0,0,0,0,0,0,0,0,0,0,0,64,0,0,0,59,0,40,0,133,0,49,0,0,0,68,0,0,0,0,18,0,0,0,177,0,66,0,24,7,3
0,0,0,0,0,0,0,0,0,0,0,0,1,0,0,0,0,0,0,0,0,0,0,0,0,0,0,0,0,0,0,0,0,0,0,0,10,0,0,0,0,0,0,0,0,0,0,0,3,0,0,0,0,0,0,0,0,0,0,0,0,0,0,0,0,0,0,0,57,0,159,0,88,0,99,0,51,0,0,0,20,0,49,0,34,0,43,0,0,0,0,0,63,0,38,0,18,0,44,0,7,0,15,0,0,0,9,0,0,0,0,0,0,0,0,0,0,0,0,0,49,0,30,0,0,0,12,0,0,0,0,0,0,0,35,0,0,0,0,0,42,0,87,0,38,0,0,0,0,0,0,0,0,0,0,0,2,0,0,0,0,0,8,0,19,0,0,0,22,0,0,0,0,0,0,0,0,0,0,0,0,0,0,0,0,0,0,0,0,0,0,0,0,0,0,0,0,0,0,0,63,0,0,0,0,0,0,0,0,0,203,4,15,5,58,3,2,0,0,0,0,0,0,0,0
0,0,0,0,0,0,0,0,0,0,0,0,0,0,0,0,0,0,0,0,0,0,0,0,0,0,0,0,0,0,0,0,0,0,0,0,0,0,0,0,0,0,0,0,0,1,0,0,0,0,0,0,0,0,0,0,0,0,0,0,0,0,0,0,0,0,0,0,0,0,0,20,0,14,0,41,0,5,0,0,0,13,0,21,0,6,0,25,0,0,0,0,0,0,0,19,0,0,0,0,0,0,0,0,0,0,0,0,0,0,0,0,0,0,0,0,0,0,0,0,0,0,0,27,0,0,0,0,0,0,0,0,0,0,0,27,0,14,0,3,0,23,0,15,0,29,0,0,0,0,0,0,0,0,0,0,0,0,0,0,0,0,0,8,0,0,0,0,0,0,0,0,0,18,0,0,0,0,0,0,0,0,0,0,0,0,0,0,0,0,0,0,0,0,0,0,0,0,0,0,0,0,0,0,0,0,0,0,0,0,0,0,0,0,0,0,0,0,0,0,0,0,0,0,0
