0,297,117,140,93,45,73,63,64,0,172,47,89,0,13,27,24,87,20,0,0,0,38,119,18,127,58,0,100,6,0,0,62,0,2,0,42,0,488,4,17,0,0,0,0,0,32,0,4,0,4,0,14,0,0,0,4,0,2,0,82,0,62,17,4,0,6,0,0,0,0,0,0,0,0,0,0,0,0,0,0,0,0,0,0,0,0,0,0,0,0,0,0,0,0,0,0,0,0,0,0,0,0,0,0,0,5,0,0,0,0,0,0,0,0,0,0,0,0,0,0,0,0,0,2,0,0,0,0,0,7,0,2,0,15,0,0,0,0,0,0,0,5,0,0,0,4,0,19,0,17,0,0,0,3,0,0,0,0,0,4,0,1,0,5,0,2,0,19,0,32,0,323,0,0,0,332,99,21,6,0,0,11,0,100,0,0,0,0,0,0,0,0,0,1,0,0,0,0,0,6,0,0,0,0,0,2,0,0,0,442,99,195,113,186,0,0,0,3,0,0,0,0,0,0
297,0,314,190,10,80,218,80,99,40,13,175,0,27,0,45,79,23,0,68,0,5,158,31,330,10,0,124,0,26,0,2,0,24,0,0,0,90,0,142,0,20,0,2,0,7,0,28,0,0,0,0,2,9,32,20,0,0,0,2,0,310,17,153,0,23,0,5,0,0,0,0,0,0,0,0,0,0,0,0,0,0,0,0,0,0,0,0,0,0,0,0,0,0,0,0,0,0,0,0,0,0,0,0,0,0,0,0,0,0,0,0,0,0,0,0,0,0,0,0,0,0,0,0,0,0,0,0,0,2,0,8,0,0,0,57,0,0,0,0,0,0,0,0,0,0,0,0,0,32,0,22,0,0,0,5,0,3,0,0,0,0,0,0,0,0,0,0,0,7,0,27,0,152,0,0,106,516,0,21,0,0,25,14,0,83,0,1,0,0,0,0,0,0,0,0,0,0,0,11,0,15,0,0,0,0,0,6,0,19,0,0,0,0,508,0,0,0,645,119,192,157,0,0,0
117,314,0,130,169,160,73,44,8,0,36,144,80,0,126,160,103,80,125,0,24,8,619,278,195,108,124,0,299,6,38,0,250,0,0,0,72,0,727,4,10,0,0,0,22,0,18,0,4,0,0,0,7,0,23,0,0,0,0,1,87,0,66,0,5,1,4,0,0,0,0,0,0,0,0,0,0,0,0,0,0,0,0,0,0,1,0,0,0,0,0,0,0,0,0,0,0,0,0,0,0,0,0,0,0,0,0,0,0,0,0,0,0,0,0,0,0,0,0,0,0,0,0,0,16,0,11,0,0,0,8,0,15,0,89,0,17,0,0,0,0,0,0,0,0,0,4,0,14,0,45,0,0,0,0,0,0,0,2,0,6,0,0,0,0,0,20,0,9,0,24,0,316,0,0,0,152,109,0,28,0,0,0,0,12,0,0,0,0,0,0,0,0,0,0,0,4,0,0,0,20,0,0,0,0,0,0,0,28,0,375,69,188,145,194,0,6,0,0,0,5,0,0,0,0
140,190,130,0,0,101,0,64,0,0,0,25,0,0,0,161,40,6,0,150,0,82,94,164,109,84,0,106,0,58,0,2,0,100,0,0,0,102,0,214,0,5,0,0,0,11,0,0,0,0,0,0,0,0,2,179,0,0,0,0,0,82,0,22,0,1,0,0,0,0,0,0,0,0,0,0,0,0,0,0,0,24,0,0,0,94,0,0,0,0,0,0,0,0,0,0,0,0,0,0,0,0,0,0,0,0,0,0,0,0,0,0,0,0,0,0,0,0,0,0,0,0,0,0,0,0,0,0,0,0,4,9,0,23,0,118,0,360,0,42,0,15,0,63,0,0,0,0,0,4,0,2,0,0,0,0,0,0,0,0,0,0,0,0,0,6,0,56,0,0,0,15,0,112,0,0,30,49,0,0,0,0,12,0,0,0,0,0,0,0,0,0,0,0,0,0,0,0,0,0,0,0,0,0,0,0,0,0,0,0,0,0,0,0,196,0,0,0,247,36,263,94,0,0,0
93,10,169,0,0,307,24,0,15,0,87,143,368,122,152,274,23,5,69,198,83,65,49,53,0,1,142,0,67,0,134,4,330,0,71,10,207,0,80,0,45,0,12,0,0,0,47,0,5,0,39,0,7,0,0,0,0,0,7,0,0,0,0,0,0,0,0,0,0,0,0,0,0,0,0,0,0,0,0,0,0,0,0,0,0,0,0,0,0,0,0,0,0,0,0,0,0,0,0,0,0,0,0,0,0,0,0,0,0,0,0,0,0,0,0,0,0,0,0,0,0,0,0,0,0,0,0,0,0,0,0,0,0,0,0,0,0,0,0,0,0,0,0,0,0,0,0,0,15,0,0,0,0,0,0,0,0,0,0,0,0,0,0,0,19,0,297,0,42,0,21,0,111,0,0,0,166,112,14,7,0,0,19,0,45,1,0,0,0,0,0,0,0,0,0,0,0,0,0,0,0,0,0,0,0,0,0,0,0,0,488,238,558,178,192,0,0,0,0,0,0,0,0,0,0
45,80,160,101,307,0,0,19,0,4,107,200,134,177,307,211,21,0,90,191,70,64,145,26,0,9,0,152,0,0,0,53,0,303,0,118,18,245,0,60,0,23,0,0,0,7,0,39,0,0,8,26,0,0,0,0,0,0,0,0,0,0,0,0,0,0,0,0,0,0,0,0,0,0,0,0,0,0,0,0,0,0,0,0,0,0,0,0,0,0,0,0,0,3,0,0,0,0,0,0,0,0,0,3,0,0,0,0,0,0,0,0,0,0,0,0,0,0,0,0,0,0,0,0,0,0,0,0,0,0,0,2,0,0,0,27,0,37,0,0,0,0,0,0,0,0,0,0,0,0,0,0,0,49,0,0,0,0,0,0,0,0,0,4,0,32,12,277,0,0,0,29,0,55,0,0,111,321,36,33,0,0,1,4,0,45,0,3,0,0,0,0,0,0,0,0,0,0,0,0,0,0,0,0,0,0,0,0,0,6,0,0,0,0,208,0,0,0,385,112,424,136,0,6,0
73,218,73,0,24,0,0,158,48,123,17,0,0,0,11,0,0,0,20,0,0,0,28,0,219,179,0,0,0,0,0,0,0,0,0,0,0,0,0,0,0,0,6,0,0,0,0,0,23,0,0,0,86,11,131,41,24,0,6,0,352,0,371,50,33,1,69,5,0,0,0,0,0,0,0,0,1,0,0,0,0,0,0,0,0,0,0,0,0,0,0,0,0,0,0,0,0,0,0,0,0,0,0,0,0,0,0,0,0,0,0,0,0,0,0,0,0,0,0,0,0,0,0,0,44,0,36,0,8,0,40,0,27,0,0,0,0,0,0,0,0,0,0,0,0,0,11,0,16,0,41,0,3,0,0,0,0,0,0,0,26,0,2,0,6,1,0,0,19,1,182,0,315,0,0,0,87,57,1,0,0,0,0,0,6,0,0,0,0,0,0,0,0,0,0,0,0,0,0,0,3,0,0,0,0,0,0,0,20,0,410,84,283,343,489,4,53,0,0,0,3,0,0,0,0
63,80,44,64,0,19,158,0,164,97,0,68,0,11,0,7,0,34,0,16,0,0,0,7,110,95,0,20,0,20,0,0,0,3,0,0,0,0,0,37,0,0,0,0,0,4,0,0,0,3,0,0,12,28,57,233,0,14,0,12,0,399,9,367,0,3,0,1,0,0,0,0,0,0,0,0,0,0,0,0,0,0,0,0,0,0,0,0,0,0,0,0,0,0,0,0,0,3,0,0,0,0,0,0,0,0,0,0,0,0,0,0,0,0,0,0,0,0,0,0,0,0,0,0,0,0,0,9,0,21,0,44,0,12,0,32,0,88,0,7,0,0,0,0,0,0,0,0,0,6,0,3,0,0,0,0,0,16,0,0,0,5,0,2,0,8,0,0,0,3,0,31,0,85,0,0,36,73,0,0,0,0,13,8,0,0,0,0,0,0,0,0,0,0,0,0,0,0,0,0,0,4,0,0,0,0,0,0,0,21,1,0,0,0,538,0,0,0,361,51,258,320,1,32,0
64,99,8,0,15,0,48,164,0,527,10,0,5,0,11,0,13,0,8,0,0,0,4,0,36,154,14,0,0,2,0,0,0,0,0,0,0,0,19,0,4,0,0,0,0,0,0,0,25,0,0,0,343,51,140,290,35,11,31,19,296,0,394,35,12,0,76,83,2,0,0,0,0,0,0,0,1,0,0,0,0,0,0,0,0,0,6,0,0,0,0,0,0,0,0,0,0,0,0,0,0,0,0,0,0,0,0,0,0,0,0,0,0,0,0,0,0,0,0,0,0,0,1,0,16,0,11,0,1,0,11,0,6,0,8,0,0,0,0,0,0,0,0,0,0,0,4,0,28,0,20,0,5,0,30,0,53,0,0,0,16,0,0,0,2,0,0,0,12,0,305,0,164,0,0,0,290,102,2,0,0,0,13,7,51,0,0,0,0,0,0,0,0,0,0,0,0,0,0,0,1,0,0,0,0,0,0,0,4,0,495,197,289,220,485,10,0,7,0,0,4,0,0,0,0
0,40,0,0,0,4,123,97,527,0,0,10,0,0,0,3,0,2,0,8,0,0,0,0,37,13,0,3,0,0,0,0,0,0,0,0,0,1,0,0,0,0,0,0,0,0,0,0,0,4,0,0,63,177,317,144,34,39,63,28,0,352,9,231,0,148,97,50,0,4,0,0,0,0,0,0,0,0,0,0,0,0,0,0,0,0,0,0,0,0,0,0,0,0,0,0,0,0,0,7,0,0,0,0,0,10,0,16,0,0,0,0,0,0,0,0,0,0,0,0,0,0,0,0,0,30,0,33,0,11,0,76,2,13,0,96,2,67,0,0,0,0,0,0,0,0,0,0,0,77,0,65,0,11,0,4,0,112,0,0,0,14,0,0,0,16,0,12,0,14,0,117,0,73,0,0,61,171,0,6,0,0,12,18,18,25,0,0,0,0,0,0,0,0,0,0,0,5,0,15,0,15,0,0,0,0,0,12,0,94,0,0,6,0,613,0,0,0,558,122,174,322,2,28,0
172,13,36,0,87,107,17,0,10,0,0,45,255,0,19,155,22,6,21,0,33,18,25,47,0,0,51,0,25,0,35,0,171,0,0,0,79,0,72,0,35,0,0,0,0,0,46,0,4,0,14,0,0,0,0,0,0,0,0,0,0,0,0,0,0,0,0,0,0,0,0,0,0,0,0,0,0,0,0,0,0,0,0,0,0,0,0,0,0,0,1,0,0,0,0,0,0,0,0,0,0,0,0,0,0,0,0,0,0,0,0,0,0,0,0,0,0,0,0,0,0,0,0,0,0,0,0,0,0,0,0,0,0,0,0,0,0,0,0,0,0,0,0,0,0,0,0,0,7,0,25,0,16,0,0,0,0,0,0,0,0,0,4,0,8,0,63,0,0,0,0,0,43,0,0,0,119,42,48,7,24,0,28,0,39,0,17,0,0,0,0,0,0,0,0,0,0,0,0,0,0,0,0,0,0,0,0,0,0,0,190,105,158,0,60,0,0,0,3,0,0,0,0,0,0
47,175,144,25,143,200,0,68,0,10,45,0,0,164,113,35,23,12,0,54,17,17,163,18,0,0,0,220,0,12,0,6,3,123,0,39,4,97,0,64,0,68,0,10,0,0,0,73,0,7,0,21,0,0,0,0,0,0,0,0,0,7,0,0,0,0,0,0,0,0,0,0,0,0,0,0,0,0,0,0,0,0,0,0,0,0,0,0,0,0,0,0,0,0,0,0,0,0,0,0,0,0,0,0,0,0,0,0,0,0,0,0,0,0,0,0,0,0,0,0,0,0,0,0,0,0,0,0,0,0,0,0,0,0,0,15,0,7,0,0,0,0,0,0,0,0,0,0,0,36,0,0,0,133,0,0,0,3,0,0,0,0,0,0,0,0,0,86,0,0,0,10,0,30,0,13,56,365,11,25,0,72,0,43,0,154,0,7,0,0,0,0,0,0,0,0,0,0,0,0,0,7,0,0,0,0,0,2,0,0,0,0,0,0,196,0,0,0,397,124,255,0,0,0,0
89,0,80,0,368,134,0,0,5,0,255,0,0,273,11,40,0,0,102,265,58,65,0,1,0,0,96,327,0,0,13,0,12,0,107,0,55,11,0,0,209,37,46,0,16,9,193,17,6,0,95,32,2,0,0,0,0,0,0,0,0,0,0,0,0,0,0,0,0,0,0,0,0,0,0,0,0,0,1,0,0,0,0,0,0,0,0,0,0,0,0,0,0,0,0,0,0,0,0,0,0,0,0,0,0,0,0,0,0,0,0,0,0,0,0,0,0,0,0,0,0,0,0,0,0,0,0,0,0,0,0,0,0,0,0,0,0,0,0,0,0,0,0,0,0,0,2,0,0,0,0,0,0,0,0,0,0,0,0,0,0,0,0,0,27,0,43,0,0,0,2,0,6,0,0,0,138,56,38,0,0,0,21,0,25,0,351,4,0,0,0,0,0,0,0,0,0,0,0,0,0,0,0,0,0,0,0,0,0,0,0,200,268,56,22,0,0,0,0,0,0,1,0,0,0
0,27,0,0,122,177,0,11,0,0,0,164,273,0,110,0,0,0,277,67,172,9,0,0,0,0,138,72,0,0,3,0,0,4,20,106,0,63,0,0,0,199,31,150,10,55,24,85,0,7,36,175,0,0,0,0,0,0,0,0,0,0,0,0,0,0,0,0,0,0,0,0,0,0,0,0,0,3,0,0,0,0,0,0,0,0,0,0,0,0,0,0,0,0,0,0,0,0,0,0,0,0,0,0,0,0,0,0,0,0,0,0,0,0,0,0,0,0,0,0,0,0,0,0,0,0,0,0,0,0,0,0,0,0,0,0,0,0,0,0,0,0,0,0,0,0,0,0,0,0,0,0,0,0,0,0,0,0,0,0,0,0,0,0,0,33,1,3,0,0,0,0,0,0,0,0,44,345,14,21,0,0,0,0,0,32,62,15,0,0,0,0,0,0,0,0,0,0,0,0,0,0,0,0,0,0,0,0,0,0,0,0,0,0,8,0,0,0,0,46,136,0,0,0,0
13,0,126,0,152,307,11,0,11,0,19,113,11,110,0,243,50,0,188,240,79,83,241,0,46,0,74,19,0,0,75,0,54,6,44,0,81,28,0,0,1,0,0,0,4,0,3,4,0,0,11,0,8,0,0,0,0,0,0,0,6,0,0,0,1,0,0,0,0,0,0,0,0,0,0,0,0,0,0,0,0,0,0,0,0,0,0,0,0,0,0,0,0,0,0,0,0,0,0,0,0,0,0,0,0,0,0,0,0,0,0,0,0,0,0,0,0,0,0,0,0,0,0,0,0,0,0,0,0,0,0,0,9,0,99,0,76,0,0,0,0,0,0,0,0,0,0,0,18,0,43,0,0,0,0,0,0,0,0,0,2,0,5,0,5,0,77,0,0,0,12,0,22,0,0,0,40,46,28,0,0,0,6,0,73,0,4,1,0,0,0,0,0,0,0,0,0,0,0,0,0,0,0,0,0,0,0,0,45,0,100,94,141,44,35,1,0,0,0,0,0,0,0,0,0
27,45,160,161,274,211,0,7,0,3,155,35,40,0,243,0,16,21,0,228,23,146,145,161,0,63,0,80,0,9,3,23,0,54,0,23,0,35,0,23,0,0,0,4,0,3,0,10,0,0,0,0,0,7,0,32,0,5,0,0,0,0,0,10,0,8,0,0,0,0,0,0,0,0,0,0,0,0,0,0,0,0,0,0,0,100,0,0,0,0,0,0,0,0,0,0,0,0,0,0,0,34,0,0,0,0,0,0,0,0,0,0,0,0,0,0,0,0,0,0,0,0,0,0,0,0,0,0,0,0,0,0,0,0,0,53,0,143,0,0,0,0,0,0,0,0,0,0,0,0,0,0,0,0,0,0,0,0,0,0,0,2,0,0,0,4,0,101,0,0,0,8,0,19,0,0,52,80,38,64,0,0,1,0,0,9,0,4,0,0,0,0,0,0,0,0,0,0,0,0,0,8,0,0,0,0,0,0,0,7,0,0,0,0,50,0,0,0,113,92,139,49,0,0,0
24,79,103,40,23,21,0,0,13,0,22,23,0,0,50,16,0,21,163,1,240,0,86,64,244,26,83,0,254,0,34,0,104,2,38,0,29,0,519,3,0,0,11,0,24,0,7,0,5,0,13,0,111,0,13,0,1,0,0,0,86,0,524,3,0,0,0,0,0,0,33,0,0,0,47,0,0,0,0,0,211,0,0,0,417,0,112,0,0,0,0,0,0,0,0,0,409,0,488,0,0,0,0,0,0,0,0,0,0,0,0,0,0,0,0,0,0,0,0,0,121,0,62,0,0,0,0,0,0,0,0,0,0,0,0,0,126,0,54,0,55,0,398,0,21,0,0,0,0,0,11,0,0,0,9,0,0,0,7,0,0,0,10,0,0,0,17,0,23,0,8,0,148,0,0,0,0,0,33,0,0,2,57,0,0,0,0,0,0,0,0,0,0,0,0,0,0,0,0,0,0,0,0,0,0,0,0,0,21,0,95,17,78,42,44,0,0,0,0,0,0,0,0,0,0
87,23,80,6,5,0,0,34,0,2,6,12,0,0,0,21,21,0,0,16,0,170,49,127,50,264,0,28,0,62,0,0,0,19,0,0,0,20,0,102,0,0,0,0,0,0,0,0,0,4,0,0,0,34,0,85,0,21,0,0,0,47,2,368,0,0,0,0,0,0,0,0,0,0,0,0,0,0,0,0,0,191,0,0,0,356,0,41,0,0,0,0,0,0,0,35,0,0,0,187,0,92,0,0,0,0,0,0,0,0,0,0,0,0,0,0,0,0,0,0,0,61,0,0,0,0,0,0,0,0,0,0,0,14,0,50,0,251,0,114,0,95,0,444,0,0,0,0,0,0,0,0,0,0,0,33,0,0,0,50,0,4,0,0,0,0,0,20,0,0,0,0,0,26,0,0,5,15,0,22,0,0,0,32,0,0,0,0,0,0,0,0,0,0,0,0,0,0,0,0,0,0,0,0,0,0,0,0,0,0,0,0,0,0,0,0,0,0,12,10,33,6,0,1,0
20,0,125,0,69,90,20,0,8,0,21,0,102,277,188,0,163,0,0,221,85,52,307,0,45,0,143,175,0,0,8,0,0,0,89,0,89,0,0,0,23,10,43,15,9,0,50,0,2,0,159,23,8,0,43,0,0,0,0,0,0,0,0,0,0,0,0,0,0,0,4,0,0,0,0,0,0,0,0,0,0,0,0,0,0,0,16,0,0,0,0,0,0,0,0,0,0,0,0,0,0,0,0,0,0,0,0,0,0,0,0,0,0,0,0,0,0,0,0,0,0,0,0,0,0,0,5,0,0,0,0,0,0,0,0,0,142,0,0,0,0,0,173,0,0,0,0,0,0,0,0,0,0,0,0,0,1,0,1,0,0,0,0,0,30,0,26,0,0,0,0,0,13,0,0,0,43,25,17,0,0,0,8,0,0,0,87,3,0,0,0,0,0,0,0,0,0,0,0,0,0,0,0,0,0,0,0,0,0,0,54,138,191,45,10,0,0,0,0,0,0,0,0,0,0
0,68,0,150,198,191,0,16,0,8,0,54,265,67,240,228,1,16,221,0,153,70,4,145,0,47,63,169,0,0,0,36,0,12,0,208,0,169,0,0,0,13,0,35,0,34,0,57,0,0,21,114,0,0,0,46,0,17,0,0,0,11,0,13,0,0,0,0,0,0,0,0,0,0,0,0,0,0,0,0,0,0,0,0,0,117,0,0,0,0,0,0,0,0,0,0,0,0,0,0,0,0,0,0,0,0,0,0,0,0,0,0,0,0,0,0,0,0,0,0,0,0,0,0,0,0,0,0,0,9,0,0,0,0,0,121,0,228,0,0,0,0,0,0,0,0,0,0,0,24,0,34,0,30,0,0,0,0,0,0,0,0,0,0,0,29,0,28,0,0,0,5,0,11,0,0,33,94,27,14,0,0,0,9,0,33,23,16,0,0,0,0,0,0,0,0,0,0,0,0,0,0,0,0,0,0,0,0,0,0,0,0,0,0,32,0,0,0,75,125,181,39,0,1,0
0,0,24,0,83,70,0,0,0,0,33,17,58,172,79,23,240,0,85,153,0,37,142,0,42,0,58,167,55,0,70,0,83,1,104,7,121,5,18,0,0,16,12,0,9,0,7,0,0,0,34,18,21,0,0,0,0,0,0,0,13,0,126,0,0,0,0,0,0,0,85,0,0,0,46,0,0,0,0,0,140,0,0,0,0,0,90,0,0,0,0,0,0,0,0,0,0,0,343,0,0,0,0,0,0,0,0,0,0,0,0,0,0,0,0,0,0,0,0,0,0,0,0,0,0,0,0,0,7,0,0,0,0,0,0,0,80,0,41,0,73,0,136,0,103,0,0,0,0,0,0,0,0,0,4,0,0,0,8,0,0,0,0,0,10,0,127,0,0,0,16,0,60,0,0,0,31,10,56,0,0,0,4,0,4,0,69,0,0,0,0,0,0,0,0,0,0,0,0,0,0,0,0,0,0,0,0,0,0,0,107,126,193,67,43,0,0,0,0,0,0,0,0,0,0
0,5,8,82,65,64,0,0,0,0,18,17,65,9,83,146,0,170,52,70,37,0,4,341,0,57,0,164,0,101,0,39,0,115,0,231,0,138,0,41,0,8,0,60,0,67,0,25,0,3,0,117,0,17,0,46,0,0,0,0,0,8,0,118,0,0,0,0,0,0,0,0,0,0,0,23,0,0,0,0,0,239,0,0,0,329,0,85,0,0,0,0,0,0,0,0,0,0,0,247,0,136,0,0,0,0,0,0,0,0,0,0,0,0,0,0,0,0,0,0,0,150,0,0,0,0,0,0,0,0,0,0,0,0,0,0,0,0,0,147,0,138,0,649,0,37,0,0,0,0,0,0,0,0,0,6,0,0,0,0,0,0,0,0,1,29,0,133,0,0,0,8,0,19,0,0,0,28,6,36,0,0,0,0,0,0,5,21,0,0,0,0,0,0,0,0,0,0,0,0,0,0,0,0,0,0,0,0,0,0,0,0,0,0,25,0,0,0,55,110,213,0,0,0,0
38,158,619,94,49,145,28,0,4,0,25,163,0,0,241,145,86,49,307,4,142,4,0,189,114,20,98,0,43,5,7,0,31,0,0,0,16,0,120,3,0,0,0,0,12,0,0,0,0,0,8,0,0,0,52,0,0,0,6,0,7,0,14,0,1,0,0,0,0,0,0,0,0,0,0,0,0,0,0,0,0,0,0,0,0,0,0,0,0,0,0,0,0,0,0,0,82,0,0,0,0,0,0,0,0,0,0,0,0,0,0,0,0,0,0,0,0,0,0,0,7,0,0,0,0,0,0,0,0,0,0,0,17,0,164,0,206,0,7,0,0,0,206,0,0,0,0,0,0,0,22,0,0,0,0,0,0,0,0,0,6,0,0,0,0,0,11,0,0,0,7,0,105,0,0,0,16,24,43,6,0,0,5,0,14,0,0,0,0,0,0,0,0,0,0,0,0,0,0,0,72,0,0,0,0,0,0,0,53,0,126,66,73,24,38,0,0,0,0,0,0,0,0,0,0
119,31,278,164,53,26,0,7,0,0,47,18,1,0,0,161,64,127,0,145,0,341,189,0,43,145,0,76,2,60,0,8,0,88,0,8,1,59,0,106,0,0,0,0,0,8,0,0,0,0,0,1,0,11,0,36,0,0,0,0,0,20,0,70,0,0,0,0,0,0,0,0,0,0,0,0,0,0,0,0,0,97,0,0,0,167,0,0,0,0,0,0,0,0,0,0,0,0,0,120,1,75,0,0,0,0,0,0,0,0,0,0,0,0,0,0,0,0,0,0,0,36,0,0,0,0,0,0,0,0,0,0,0,0,0,0,0,91,0,0,0,17,0,132,0,0,0,0,0,0,0,0,0,0,0,0,0,0,0,0,0,2,0,0,0,5,0,68,0,12,0,6,0,61,0,0,29,23,0,38,0,0,0,0,0,0,0,0,0,0,0,0,0,0,0,0,0,0,0,0,0,0,0,0,0,0,0,0,0,0,6,0,0,0,22,0,0,0,92,37,201,29,0,5,0
18,330,195,109,0,0,219,110,36,37,0,0,0,0,46,0,244,50,45,0,42,0,114,43,0,196,32,0,54,10,3,0,2,0,0,0,0,0,178,0,0,0,0,0,0,0,0,0,5,1,0,0,57,1,140,10,21,0,11,0,102,0,305,46,0,0,0,0,0,0,0,0,0,0,0,0,0,0,0,0,32,0,0,0,154,0,0,0,0,0,0,0,0,0,0,0,0,0,0,0,0,2,0,0,0,0,0,0,0,0,0,0,0,0,0,0,0,0,0,0,0,0,0,2,0,0,16,0,121,0,4,0,55,0,185,0,466,0,56,0,15,0,384,0,0,0,1,0,0,0,50,0,0,0,13,0,1,0,11,10,43,0,0,0,0,0,0,0,0,0,24,0,240,0,0,0,12,39,0,3,0,0,32,14,0,0,0,0,0,0,0,0,0,0,0,0,0,0,0,0,94,0,0,0,0,0,0,0,64,0,174,45,132,69,121,0,0,0,6,0,0,0,0,0,0
127,10,108,84,1,9,179,95,154,13,0,0,0,0,0,63,26,264,0,47,0,57,20,145,196,0,0,0,0,56,0,0,0,0,0,0,0,30,0,131,0,0,0,0,0,10,0,1,0,7,0,2,5,11,57,245,0,74,0,7,0,274,19,291,0,0,0,0,0,0,0,0,0,0,0,0,0,0,0,0,0,63,0,0,0,208,0,18,0,0,0,0,0,0,0,0,0,0,0,80,0,0,1,0,0,1,0,0,0,0,0,0,0,0,0,0,0,0,0,0,0,0,0,0,0,0,0,0,0,33,0,1,0,0,0,78,0,368,0,67,0,34,0,200,0,0,0,0,0,1,0,1,0,0,0,12,0,0,0,7,0,0,0,0,0,0,0,0,1,18,0,15,8,95,0,0,22,37,0,0,0,0,21,65,0,0,0,0,0,0,0,0,0,0,0,1,0,0,0,0,0,0,0,0,0,0,0,0,0,5,0,0,0,0,229,0,0,0,233,36,202,127,0,13,0
58,0,124,0,142,0,0,0,14,0,51,0,96,138,74,0,83,0,143,63,58,0,98,0,32,0,0,262,51,0,18,0,5,0,17,0,204,0,10,0,13,139,86,0,109,0,56,71,32,0,111,27,20,0,0,0,0,0,0,0,0,0,60,0,0,0,0,0,0,0,0,0,0,0,6,0,0,0,0,0,0,0,0,0,0,0,0,0,0,0,0,0,0,0,0,0,0,0,0,0,0,0,7,0,0,0,0,0,0,0,0,0,0,0,0,0,0,0,0,0,0,0,0,0,0,0,5,0,0,0,0,0,0,0,0,0,129,0,0,0,0,0,129,0,0,0,0,0,0,0,0,0,0,0,0,0,0,0,0,0,0,0,3,0,62,0,10,0,0,0,0,0,0,0,0,0,14,34,19,0,15,0,23,0,61,0,94,0,0,0,0,0,0,0,0,0,0,0,34,0,0,0,0,0,0,0,0,0,32,0,18,250,252,28,8,0,2,42,0,0,0,0,0,0,0
0,124,0,106,0,152,0,20,0,3,0,220,327,72,19,80,0,28,175,169,167,164,0,76,0,0,262,0,0,17,0,0,0,0,0,95,0,57,0,0,208,39,83,230,45,78,96,64,0,49,78,274,0,10,0,0,0,0,0,0,0,0,0,25,0,0,0,0,0,0,0,0,0,0,0,0,0,0,0,0,0,0,0,44,0,0,0,0,0,0,0,0,0,5,0,0,0,0,0,0,0,0,0,5,0,0,0,0,0,0,0,0,0,0,0,0,0,0,0,0,0,0,0,0,0,0,0,0,0,0,0,0,0,0,0,0,0,0,0,0,0,0,0,0,0,0,0,0,0,0,0,0,0,0,0,0,0,0,0,0,0,0,0,0,0,83,0,28,0,83,0,3,1,0,0,0,6,144,6,16,0,0,0,0,0,0,77,29,0,0,0,0,0,0,0,0,0,0,0,0,0,0,0,0,0,0,0,2,0,9,0,0,0,0,21,0,0,0,0,427,498,53,0,0,22
100,0,299,0,67,0,0,0,0,0,25,0,0,0,0,0,254,0,0,0,55,0,43,2,54,0,51,0,0,0,55,0,9,0,26,0,16,0,3,0,0,0,7,0,0,0,0,0,0,0,0,0,2,0,0,0,0,0,0,0,0,0,40,0,0,0,0,0,0,0,14,0,3,0,24,0,0,0,0,0,59,0,0,0,33,0,29,0,0,0,0,0,0,0,0,0,0,0,98,0,0,0,0,0,0,0,0,0,0,0,0,0,0,0,0,0,0,0,0,0,37,0,11,0,1,0,0,0,0,0,0,0,0,0,7,0,0,0,21,0,39,0,26,0,16,0,0,0,1,0,0,0,0,0,3,0,0,0,9,0,0,0,3,0,0,0,1,0,0,0,0,0,1,0,0,0,0,0,15,0,0,0,0,0,0,0,0,0,0,0,0,0,0,0,0,0,0,0,0,0,2,0,0,0,0,0,0,0,0,0,0,2,0,0,1,0,0,0,0,0,0,0,0,0,0
6,26,6,58,0,0,0,20,2,0,0,12,0,0,0,9,0,62,0,0,0,101,5,60,10,56,0,17,0,0,0,6,0,55,0,37,0,16,0,23,0,0,0,0,0,0,0,0,0,0,0,31,0,22,0,56,0,28,0,0,0,13,0,106,0,0,0,0,0,0,0,0,0,0,0,0,0,0,0,0,0,30,0,0,0,0,0,0,0,0,0,0,0,0,0,0,0,0,0,0,0,0,0,0,0,0,0,0,0,0,0,0,0,0,0,0,0,0,0,0,0,0,0,10,0,0,0,0,0,0,0,0,0,15,0,0,0,110,0,379,0,173,0,351,0,0,0,0,0,0,0,0,0,0,0,54,0,0,0,74,0,4,0,0,0,0,0,0,0,0,0,0,0,2,0,0,0,0,0,11,0,0,0,9,0,0,0,0,0,0,0,0,0,0,0,0,0,0,0,0,0,0,0,0,0,0,0,0,0,0,0,0,0,0,0,0,0,0,0,0,3,0,0,0,0
0,0,38,0,134,0,0,0,0,0,35,0,13,3,75,3,34,0,8,0,70,0,7,0,3,0,18,0,55,0,0,0,12,0,5,0,34,0,40,0,0,0,5,0,0,0,0,0,0,0,0,0,2,0,0,0,0,0,0,0,6,0,55,0,0,0,0,0,0,0,0,0,0,0,7,0,0,0,0,0,26,0,0,0,0,0,11,0,0,0,0,0,0,0,0,0,0,0,66,0,0,0,0,0,0,0,0,0,0,0,0,0,0,0,0,0,0,0,0,0,15,0,0,0,0,0,0,0,0,0,0,0,0,0,0,0,6,0,0,0,0,0,0,0,28,0,0,0,0,0,0,0,0,0,2,0,0,0,0,0,0,0,0,0,0,0,6,0,0,0,0,0,0,0,0,0,14,1,28,0,0,0,5,0,0,0,0,1,0,0,0,0,0,0,0,0,0,0,0,0,0,0,0,0,0,0,0,0,0,0,14,10,9,0,0,0,0,0,0,0,0,0,0,0,0
0,2,0,2,4,53,0,0,0,0,0,6,0,0,0,23,0,0,0,36,0,39,0,8,0,0,0,0,0,6,0,0,0,16,0,6,0,0,0,5,0,0,0,0,0,0,0,0,0,0,0,4,0,0,0,0,0,0,0,0,0,1,0,3,0,0,0,0,0,0,0,0,0,0,0,0,0,0,0,0,0,0,0,0,0,0,0,0,0,0,0,0,0,0,0,0,0,0,0,0,0,0,0,0,0,0,0,0,0,0,0,0,0,0,0,0,0,0,0,0,0,0,0,0,0,0,0,0,0,0,0,0,0,1,0,0,0,0,0,24,0,0,0,0,0,0,0,0,0,0,0,0,0,0,0,0,0,0,0,0,0,0,0,0,0,0,0,0,0,0,0,0,0,0,0,0,0,0,0,9,0,0,0,0,0,0,0,0,0,0,0,0,0,0,0,0,0,0,0,0,0,0,0,0,0,0,0,0,0,0,0,0,0,0,0,0,0,0,0,0,0,0,0,0,0
62,0,250,0,330,0,0,0,0,0,171,3,12,0,54,0,104,0,0,0,83,0,31,0,2,0,5,0,9,0,12,0,0,0,26,0,120,0,8,0,0,0,10,0,0,0,0,0,0,0,5,0,0,0,0,0,0,0,0,0,14,0,11,0,0,0,0,0,0,0,0,0,0,0,0,0,0,0,0,0,0,0,0,0,0,0,0,0,0,0,0,0,0,0,0,0,0,0,0,0,0,0,0,0,0,0,0,0,0,0,0,0,0,0,0,0,0,0,0,0,0,0,0,0,0,0,0,0,0,0,0,0,0,0,0,0,0,0,13,0,0,0,0,0,0,0,0,0,0,0,0,0,0,0,0,0,0,0,0,0,0,0,0,0,0,0,5,0,3,0,0,0,7,0,0,0,39,0,149,0,0,0,12,0,0,0,0,0,0,0,0,0,0,0,0,0,0,0,0,0,0,0,0,0,0,0,0,0,0,0,0,4,0,0,0,0,0,0,0,0,0,0,0,0,0
0,24,0,100,0,303,0,3,0,0,0,123,0,4,6,54,2,19,0,12,1,115,0,88,0,0,0,0,0,55,0,16,0,0,0,45,0,91,0,0,0,0,0,4,0,0,0,0,0,0,0,15,0,0,0,0,0,0,0,0,0,5,0,6,0,2,0,0,0,0,0,0,0,0,0,0,0,0,0,0,0,0,0,0,0,0,0,0,0,0,0,0,0,0,0,0,0,0,0,0,0,0,0,0,0,0,0,0,0,0,0,0,0,0,0,0,0,0,0,0,0,0,0,4,0,0,0,0,0,0,0,0,0,0,0,0,0,0,0,43,0,0,0,0,0,7,0,0,0,0,0,0,0,0,0,0,0,12,0,6,0,1,0,0,0,0,0,32,0,0,0,0,0,0,0,0,0,28,0,101,0,1,0,2,0,0,0,0,0,0,0,0,0,0,0,0,0,0,0,0,0,0,0,0,0,0,0,1,0,0,0,0,0,0,3,0,0,0,0,3,0,0,0,1,0
2,0,0,0,71,0,0,0,0,0,0,0,107,20,44,0,38,0,89,0,104,0,0,0,0,0,17,0,26,0,5,0,26,0,0,0,64,0,5,0,0,0,25,0,5,0,0,0,3,0,48,0,0,0,0,0,0,0,0,0,0,0,28,0,0,0,0,0,0,0,36,0,0,0,0,0,0,0,0,0,0,0,0,0,0,0,0,0,0,0,0,0,0,0,0,0,60,0,130,0,0,0,0,0,0,0,0,0,0,0,0,0,0,0,0,0,0,0,0,0,0,0,0,0,0,0,0,0,0,0,0,0,0,0,0,0,0,0,0,0,0,0,0,0,26,0,0,0,0,0,0,0,0,0,0,0,0,0,0,0,0,0,0,0,27,0,42,0,14,0,9,0,19,0,0,0,11,0,36,0,0,0,7,0,0,0,6,0,0,0,0,0,0,0,0,0,0,0,0,0,0,0,0,0,0,0,0,0,0,0,36,64,124,24,25,0,0,0,0,0,0,0,0,0,0
0,0,0,0,10,118,0,0,0,0,0,39,0,106,0,23,0,0,0,208,7,231,0,8,0,0,0,95,0,37,0,6,0,45,0,0,0,63,0,9,0,3,0,8,0,19,0,1,0,0,0,48,0,2,0,0,0,0,0,0,0,2,0,0,0,1,0,0,0,0,0,0,0,0,0,0,0,0,0,0,0,0,0,0,0,0,0,0,0,0,0,0,0,0,0,0,0,0,0,0,0,0,0,0,0,0,0,0,0,0,0,0,0,0,0,0,0,0,0,0,0,34,0,0,0,0,0,0,0,0,0,0,0,0,0,0,0,0,0,35,0,32,0,87,0,0,0,0,0,0,0,0,0,0,0,0,0,0,0,1,0,0,0,0,0,0,0,8,0,0,0,0,0,1,0,0,5,72,0,12,0,0,0,0,0,0,0,49,0,0,0,0,0,0,0,0,0,0,0,0,0,0,0,0,0,0,0,0,0,0,0,0,0,0,0,0,0,0,0,8,23,0,0,0,0
42,0,72,0,207,18,0,0,0,0,79,4,55,0,81,0,29,0,89,0,121,0,16,1,0,0,204,0,16,0,34,0,120,0,64,0,0,0,28,0,0,0,29,0,35,0,0,0,0,0,18,0,4,0,0,0,0,0,2,0,19,0,36,0,0,0,0,0,0,0,68,0,8,0,39,0,0,0,0,0,79,0,0,0,0,0,49,0,0,0,0,0,0,0,0,0,0,0,0,0,0,0,0,0,0,0,0,0,0,0,0,0,0,0,0,0,0,0,0,0,58,0,0,0,0,0,0,0,0,0,0,0,0,0,0,0,8,0,69,0,75,0,0,0,115,0,0,0,0,0,0,0,0,0,13,0,15,0,8,0,0,0,0,0,2,0,9,0,0,0,21,0,23,0,0,0,0,0,74,0,0,0,21,0,0,0,2,0,0,0,0,0,0,0,0,0,0,0,0,0,0,0,0,0,0,0,0,0,0,0,25,5,24,7,6,0,0,0,0,0,0,0,0,0,0
0,90,0,102,0,245,0,0,0,1,0,97,11,63,28,35,0,20,0,169,5,138,0,59,0,30,0,57,0,16,0,0,0,91,0,63,0,0,0,8,0,0,0,15,0,6,0,0,0,0,0,28,0,0,0,0,0,3,0,1,0,27,0,26,0,1,0,0,0,0,0,3,0,0,0,11,0,0,0,0,0,0,0,0,0,47,0,0,0,0,0,0,0,0,0,0,0,0,0,0,0,0,0,0,0,0,0,0,0,0,0,0,0,0,0,0,0,0,0,0,0,62,0,21,0,0,0,0,0,0,0,0,0,4,0,0,0,13,0,213,0,116,0,166,0,58,0,0,0,0,0,0,0,0,0,12,0,49,0,20,0,0,0,0,0,5,0,35,0,14,0,3,0,24,0,0,2,96,0,60,0,0,0,0,0,0,0,61,0,0,0,0,0,0,0,0,0,0,0,0,0,0,0,0,0,0,0,0,0,0,0,0,0,0,3,0,0,0,0,36,20,0,0,0,0
488,0,727,0,80,0,0,0,19,0,72,0,0,0,0,0,519,0,0,0,18,0,120,0,178,0,10,0,3,0,40,0,8,0,5,0,28,0,0,0,0,0,7,0,0,0,0,0,0,0,0,0,3,0,0,0,0,0,0,0,6,0,35,0,0,0,0,0,0,0,16,0,0,0,14,0,0,0,0,0,21,0,0,0,0,0,13,0,0,0,0,0,0,0,0,0,0,0,0,0,0,0,0,0,0,0,0,0,0,0,0,0,0,0,0,0,0,0,0,0,0,0,0,0,0,0,0,0,0,0,0,0,0,0,0,0,0,0,50,0,31,0,0,0,39,0,0,0,0,0,0,0,0,0,3,0,14,0,15,0,2,0,0,0,0,0,4,0,0,0,2,0,8,0,0,0,0,0,38,0,0,0,92,0,0,0,0,0,0,0,0,0,0,0,0,0,0,0,0,0,0,0,0,0,0,0,0,0,0,0,16,23,93,38,28,0,0,0,0,0,0,0,0,0,0
4,142,4,214,0,60,0,37,0,0,0,64,0,0,0,23,3,102,0,0,0,41,3,106,0,131,0,0,0,23,0,5,0,0,0,9,0,8,0,0,0,0,0,0,0,3,0,0,0,0,0,12,0,0,0,0,0,0,0,0,0,5,0,17,0,0,0,0,0,0,0,0,0,0,0,0,0,0,0,0,0,0,0,0,0,0,0,0,0,0,0,0,0,0,0,0,0,0,0,0,0,0,0,0,0,0,0,0,0,0,0,0,0,0,0,0,0,0,0,0,0,5,0,0,0,0,0,0,0,0,0,0,0,0,0,0,0,0,0,132,0,0,0,0,0,0,0,0,0,0,0,0,0,0,0,22,0,43,0,18,0,1,0,0,0,0,0,0,0,0,0,0,0,8,0,0,0,24,0,60,0,0,0,18,0,0,0,0,0,0,0,0,0,0,0,0,0,0,0,0,0,2,0,0,0,0,0,0,0,0,0,0,0,0,0,0,0,0,1,8,0,0,0,0,0
17,0,10,0,45,0,0,0,4,0,35,0,209,0,1,0,0,0,23,0,0,0,0,0,0,0,13,208,0,0,0,0,0,0,0,0,0,0,0,0,0,154,11,0,18,94,73,196,30,2,2,8,0,0,0,0,0,0,0,0,0,0,0,0,0,0,0,0,0,0,0,0,0,0,0,0,0,0,0,0,0,0,0,0,0,0,0,0,0,0,0,0,0,0,0,0,0,0,0,0,0,0,0,0,0,0,0,0,0,0,0,0,0,0,0,0,0,0,0,0,0,0,0,0,0,0,0,0,0,0,0,0,0,0,0,0,0,0,0,0,0,0,0,0,0,0,0,0,0,0,0,0,0,0,0,0,0,0,0,0,0,0,0,0,0,0,0,0,0,0,0,0,0,0,0,0,0,46,18,0,0,0,0,0,0,0,220,0,0,0,0,0,0,0,0,0,0,0,0,0,0,0,0,0,0,0,0,0,0,0,0,83,19,0,0,0,0,26,0,0,0,0,0,0,0
0,20,0,5,0,23,0,0,0,0,0,68,37,199,0,0,0,0,10,13,16,8,0,0,0,0,139,39,0,0,0,0,0,0,0,3,0,0,0,0,154,0,24,44,40,22,99,288,0,51,12,12,0,0,0,0,0,0,0,0,0,0,0,0,0,0,0,0,0,1,0,0,0,0,0,0,0,0,0,0,0,0,0,0,0,0,0,0,0,0,0,0,0,0,0,0,0,0,0,0,0,0,0,0,0,0,0,0,0,0,0,0,0,0,0,0,0,0,0,0,0,0,0,0,0,0,0,0,0,0,0,0,0,0,0,0,0,0,0,0,0,0,0,0,0,0,0,0,0,0,0,0,0,0,0,0,0,0,0,0,0,0,0,0,0,0,0,0,0,0,0,0,0,0,0,0,0,100,0,18,0,0,0,4,0,0,58,2,0,0,0,0,0,0,0,0,0,0,0,0,0,0,0,0,0,0,0,0,0,0,0,10,0,0,0,0,0,0,0,9,0,0,0,0,4
0,0,0,0,12,0,6,0,0,0,0,0,46,31,0,0,11,0,43,0,12,0,0,0,0,0,86,83,7,0,5,0,10,0,25,0,29,0,7,0,11,24,0,7,57,4,40,18,6,0,14,0,0,0,0,0,1,0,0,0,0,0,0,0,0,0,2,0,0,0,11,0,0,0,7,0,0,0,0,0,10,0,0,0,15,0,10,0,0,0,0,0,0,0,9,0,0,0,32,0,3,0,0,0,0,0,0,0,0,0,0,0,0,0,0,0,0,0,0,0,0,0,0,0,0,0,0,0,0,0,0,0,0,0,0,0,0,0,0,0,0,0,0,0,0,0,0,0,0,0,5,0,0,0,0,0,0,0,0,0,0,0,2,0,9,0,15,0,5,0,4,0,14,0,0,0,2,5,11,0,0,0,0,0,6,0,25,0,0,0,0,0,0,0,0,0,0,0,0,0,0,0,0,0,0,0,0,0,0,0,17,38,52,0,0,0,0,0,0,0,0,0,0,0,0
0,2,0,0,0,0,0,0,0,0,0,10,0,150,0,4,0,0,15,35,0,60,0,0,0,0,0,230,0,0,0,0,0,4,0,8,0,15,0,0,0,44,7,0,0,49,0,27,0,11,7,70,0,0,0,0,0,0,0,0,0,3,0,0,0,0,0,0,0,0,0,0,0,0,0,15,0,0,0,0,0,0,0,0,0,0,0,0,0,0,0,0,0,0,0,0,0,0,0,0,0,0,0,0,0,0,0,0,0,0,0,0,0,0,0,0,0,0,0,0,0,111,0,0,0,0,0,0,0,0,0,0,0,0,0,0,0,0,0,0,0,30,0,133,0,42,0,0,0,0,0,0,0,0,0,0,0,2,0,0,0,0,0,0,0,24,0,17,0,25,0,0,0,9,0,0,0,116,0,5,0,0,0,0,0,0,0,71,0,0,0,0,0,0,0,0,0,0,0,0,0,0,0,0,0,0,0,0,0,0,0,0,0,0,19,0,0,0,62,36,107,18,0,0,0
0,0,22,0,0,0,0,0,0,0,0,0,16,10,4,0,24,0,9,0,9,0,12,0,0,0,109,45,0,0,0,0,0,0,5,0,35,0,0,0,18,40,57,0,0,0,145,51,221,1,47,0,5,0,0,0,0,0,0,0,0,0,10,0,0,0,1,0,3,0,0,0,0,0,0,0,2,0,0,0,31,0,0,0,22,0,0,0,0,0,5,0,0,0,0,0,64,0,0,0,0,0,0,0,14,0,0,0,0,0,0,0,0,0,0,0,0,0,0,0,30,0,0,0,0,0,0,0,0,0,0,0,0,0,0,0,0,0,0,0,0,0,12,0,30,0,0,0,0,0,9,0,0,0,0,0,0,0,0,0,0,0,10,0,144,0,13,0,33,0,20,0,11,0,1,0,0,7,2,0,0,0,0,0,0,0,22,0,0,0,0,0,0,0,0,0,2,0,0,0,0,0,0,0,0,0,0,0,0,0,31,65,154,10,4,0,0,68,0,0,0,0,0,0,0
0,7,0,11,0,7,0,4,0,0,0,0,9,55,0,3,0,0,0,34,0,67,0,8,0,10,0,78,0,0,0,0,0,0,0,19,0,6,0,3,94,22,4,49,0,0,75,97,28,333,0,39,0,6,0,0,0,0,0,0,0,0,0,29,0,0,0,0,0,10,0,0,0,0,0,12,0,26,0,0,0,125,0,73,0,87,0,84,0,0,0,1,0,9,0,45,0,0,0,61,0,0,0,0,0,0,0,0,0,0,0,0,0,0,0,0,0,0,0,0,0,68,0,0,0,0,0,0,0,0,0,0,2,0,0,0,0,0,0,0,0,12,0,86,0,22,0,0,0,0,0,0,0,5,0,1,0,0,0,0,0,0,0,0,0,179,0,40,0,137,0,10,0,24,0,0,0,59,0,0,0,0,0,0,0,0,37,18,0,0,0,0,0,0,0,0,0,0,0,0,0,7,0,0,0,0,0,0,0,0,0,18,0,0,18,0,0,0,84,116,277,25,0,0,93
32,0,18,0,47,0,0,0,0,0,46,0,193,24,3,0,7,0,50,0,7,0,0,0,0,0,56,96,0,0,0,0,0,0,0,0,0,0,0,0,73,99,40,0,145,75,0,152,213,0,9,0,1,0,0,0,0,0,0,0,0,0,0,0,0,0,0,0,0,0,0,0,0,0,0,0,0,0,0,0,0,0,0,0,0,0,0,0,0,0,0,0,0,0,0,0,0,0,0,0,0,0,0,0,0,0,0,0,0,0,0,0,0,0,0,0,0,0,0,0,0,0,0,0,0,0,3,0,0,0,0,0,0,0,0,0,9,0,0,0,0,0,0,0,0,0,0,0,0,0,0,0,0,0,0,0,0,0,0,0,0,0,0,0,0,0,0,0,0,0,3,0,2,0,0,0,0,49,11,0,0,0,4,0,5,0,84,0,0,0,0,0,0,0,0,0,0,0,0,0,0,0,0,0,0,0,0,0,0,0,0,209,50,0,0,0,0,84,0,3,0,0,0,0,0
0,28,0,0,0,39,0,0,0,0,0,73,17,85,4,10,0,0,0,57,0,25,0,0,0,1,71,64,0,0,0,0,0,0,0,1,0,0,0,0,196,288,18,27,51,97,152,0,32,152,7,0,0,0,0,0,0,0,0,0,0,0,0,0,0,0,0,0,0,0,0,0,0,0,0,0,0,0,0,0,0,0,0,0,0,0,0,0,0,1,0,0,0,0,0,0,0,2,0,7,0,0,0,0,0,0,0,0,0,0,0,0,0,0,0,0,0,0,0,0,0,0,0,0,0,0,0,0,0,0,0,0,0,0,0,0,0,0,0,0,0,0,0,0,0,0,0,4,0,0,0,7,0,27,0,0,0,0,0,0,0,0,0,1,0,3,0,0,0,0,0,0,0,0,0,0,0,189,0,4,0,9,0,3,0,0,82,0,0,0,0,0,0,0,0,0,0,0,0,0,0,0,0,0,0,0,0,0,0,0,0,12,0,0,0,0,0,0,1,72,13,0,0,0,27
4,0,4,0,5,0,23,0,25,0,4,0,6,0,0,0,5,0,2,0,0,0,0,0,5,0,32,0,0,0,0,0,0,0,3,0,0,0,0,0,30,0,6,0,221,28,213,32,0,11,7,0,5,0,21,0,99,0,46,0,5,0,0,0,3,0,0,0,0,0,11,0,0,0,0,0,0,0,0,0,5,0,9,0,13,0,3,1,1,0,0,0,7,0,3,0,14,0,0,1,0,0,12,0,33,0,21,0,0,0,0,0,0,0,0,0,0,0,0,0,5,0,0,0,8,0,0,0,0,0,9,0,3,0,5,0,0,1,4,0,2,0,14,0,3,0,0,0,3,0,6,0,0,4,3,0,2,0,0,0,33,0,4,0,4,0,5,0,19,0,15,0,10,0,0,0,14,30,1,0,0,2,1,0,1,0,88,0,29,0,13,0,19,0,25,0,0,0,18,0,39,0,28,0,34,0,7,0,0,0,89,29,80,11,78,11,0,7,0,5,2,0,0,0,0
0,0,0,0,0,0,0,3,0,4,0,7,0,7,0,0,0,4,0,0,0,3,0,0,1,7,0,49,0,0,0,0,0,0,0,0,0,0,0,0,2,51,0,11,1,333,0,152,11,0,0,0,0,0,0,6,0,9,0,4,0,0,0,0,0,0,0,0,0,1,0,0,0,0,0,0,0,0,0,0,0,0,0,13,0,0,0,11,0,1,0,0,0,2,0,14,0,0,0,10,0,0,0,0,0,0,0,0,0,0,0,0,0,1,0,0,0,0,0,0,0,15,0,0,0,3,0,4,0,0,0,0,0,0,0,7,0,0,0,0,0,0,0,0,0,0,2,0,0,6,0,0,0,0,0,0,0,0,0,1,0,6,0,0,0,0,0,3,0,7,0,0,0,6,0,0,0,81,0,0,0,9,0,3,0,0,3,14,0,8,0,0,0,0,0,3,0,0,0,5,0,2,0,0,0,6,0,0,0,0,0,5,0,0,39,0,0,2,17,28,28,2,1,0,0
4,0,0,0,39,8,0,0,0,0,14,0,95,36,11,0,13,0,159,21,34,0,8,0,0,0,111,78,0,0,0,0,5,0,48,0,18,0,0,0,2,12,14,7,47,0,9,7,7,0,0,9,3,0,0,0,0,0,0,0,0,0,0,0,0,0,1,0,0,0,10,0,0,0,5,0,0,0,0,0,10,0,4,0,21,0,0,0,0,0,0,0,0,0,9,0,26,0,0,0,0,0,0,0,0,0,0,0,0,0,0,0,0,0,0,0,0,0,0,0,11,0,0,0,0,0,0,0,0,0,0,0,0,0,0,0,0,0,0,0,0,0,0,0,8,0,0,0,2,0,6,0,0,0,0,0,0,0,0,0,0,0,0,0,30,0,14,0,95,0,9,0,41,0,0,0,0,6,12,0,0,0,0,0,0,0,12,0,10,0,0,0,3,0,0,0,0,0,0,0,0,0,0,0,0,0,0,0,0,0,19,53,90,9,0,0,0,0,0,0,0,0,0,0,0
0,0,0,0,0,26,0,0,0,0,0,21,32,175,0,0,0,0,23,114,18,117,0,1,0,2,27,274,0,31,0,4,0,15,0,48,0,28,0,12,8,12,0,70,0,39,0,0,0,0,9,0,0,0,0,0,0,0,0,7,0,7,0,5,0,0,0,0,0,0,0,0,0,0,0,24,0,8,0,9,0,122,0,23,0,0,0,32,0,0,0,0,0,0,0,15,0,0,0,0,0,0,0,0,0,6,0,0,0,0,0,0,0,0,0,0,0,0,0,0,0,114,0,0,0,0,0,0,0,0,0,0,0,0,0,0,0,30,0,73,0,65,0,211,0,61,0,0,0,0,0,0,0,0,0,0,0,7,0,3,0,2,0,4,0,8,0,21,0,54,0,17,0,25,0,0,0,96,2,3,0,0,0,0,0,0,8,94,0,0,0,0,0,0,0,16,0,0,0,0,0,0,0,0,0,0,0,0,0,0,0,0,0,0,11,0,0,0,28,29,73,25,0,0,0
14,2,7,0,7,0,86,12,343,63,0,0,2,0,8,0,111,0,8,0,21,0,0,0,57,5,20,0,2,0,2,0,0,0,0,0,4,0,3,0,0,0,0,0,5,0,1,0,5,0,3,0,0,6,189,31,83,4,68,9,60,1,119,7,0,0,21,36,1,0,0,0,0,0,7,0,0,0,0,0,17,0,0,0,58,0,8,0,2,0,0,0,0,0,0,0,54,0,33,0,7,0,0,0,0,0,0,0,0,0,0,0,0,0,0,0,0,0,0,0,20,0,30,0,5,0,8,0,58,0,4,0,0,0,18,0,136,0,258,0,51,0,167,0,15,0,0,0,0,0,5,0,0,0,212,0,172,1,100,0,19,0,3,0,0,0,0,0,9,0,118,1,8,0,0,0,18,0,0,0,2,0,46,0,7,0,0,0,0,0,0,0,0,0,0,0,0,0,0,0,0,0,0,0,0,0,0,0,0,0,127,18,61,151,145,6,14,0,0,0,0,0,0,0,0
0,9,0,0,0,0,11,28,51,177,0,0,0,0,0,7,0,34,0,0,0,17,0,11,1,11,0,10,0,22,0,0,0,0,0,2,0,0,0,0,0,0,0,0,0,6,0,0,0,0,0,0,6,0,28,126,14,102,37,87,0,54,0,31,0,0,33,21,0,0,0,0,0,0,0,0,0,0,0,0,0,13,0,0,0,51,0,0,0,0,0,0,0,0,0,0,0,0,0,9,0,0,0,0,0,0,0,0,0,0,0,0,0,0,0,0,0,0,0,0,0,0,0,2,0,0,0,0,0,14,0,0,0,19,0,9,0,114,0,163,0,25,0,79,0,4,0,0,0,0,0,0,0,0,0,91,0,105,0,66,0,2,0,0,0,0,0,0,0,0,0,13,0,9,0,0,0,28,0,2,0,0,0,56,3,40,0,0,0,0,0,0,0,0,0,0,0,0,0,0,0,0,0,0,0,0,0,0,0,0,0,0,1,0,25,0,0,0,11,3,15,31,0,0,0
0,32,23,2,0,0,131,57,140,317,0,0,0,0,0,0,13,0,43,0,0,0,52,0,140,57,0,0,0,0,0,0,0,0,0,0,0,0,0,0,0,0,0,0,0,0,0,0,21,0,0,0,189,28,0,138,43,6,62,0,40,0,53,26,0,4,4,55,1,0,0,0,0,0,0,0,1,0,0,0,0,0,0,0,22,0,0,0,0,0,0,0,0,0,0,0,0,0,0,0,0,0,0,0,0,0,0,0,0,0,0,0,0,0,0,0,0,0,0,0,2,0,0,0,13,0,16,0,44,0,7,0,43,0,23,0,83,0,17,0,16,0,84,0,0,0,0,0,2,0,17,0,0,0,33,0,32,3,9,0,43,10,0,1,0,0,3,0,9,0,272,1,32,0,0,0,4,9,0,0,0,0,8,8,0,0,0,0,0,0,0,0,0,0,0,0,0,0,0,0,0,0,0,0,0,0,0,0,16,0,207,43,160,343,385,26,67,0,0,0,0,0,0,0,0
0,20,0,179,0,0,41,233,290,144,0,0,0,0,0,32,0,85,0,46,0,46,0,36,10,245,0,0,0,56,0,0,0,0,0,0,0,0,0,0,0,0,0,0,0,0,0,0,0,6,0,0,31,126,138,0,34,76,83,29,0,90,2,153,0,5,100,17,0,0,0,0,0,0,0,0,0,0,0,0,1,0,0,0,0,38,0,0,0,0,0,0,0,0,0,0,0,0,0,0,0,0,0,0,0,0,0,0,0,0,0,0,0,0,0,0,0,0,0,0,0,0,0,0,0,8,0,7,0,55,0,79,1,37,0,48,0,195,0,86,0,11,0,50,0,0,0,0,0,7,0,0,0,0,0,33,0,56,0,19,0,3,0,0,0,14,0,0,0,0,0,100,0,33,0,0,8,25,0,0,0,0,5,103,11,29,0,1,0,0,0,0,0,0,0,0,0,0,0,2,0,0,0,0,0,0,0,0,0,13,0,0,0,0,421,0,0,0,151,55,199,410,0,28,0
4,0,0,0,0,0,24,0,35,34,0,0,0,0,0,0,1,0,0,0,0,0,0,0,21,0,0,0,0,0,0,0,0,0,0,0,0,0,0,0,0,0,1,0,0,0,0,0,99,0,0,0,83,14,43,34,0,16,115,55,13,0,10,0,0,55,38,160,0,0,0,0,0,0,0,0,2,0,0,0,0,0,3,0,0,0,0,0,0,0,0,0,0,0,0,0,0,0,0,0,0,0,0,0,0,0,0,0,0,0,0,0,0,0,0,0,0,0,0,0,0,0,0,0,10,0,21,0,115,0,19,0,52,0,18,0,51,0,8,0,2,0,0,0,6,0,6,0,0,0,19,0,0,0,67,47,124,4,64,47,166,26,43,0,2,0,0,0,57,0,455,0,11,0,0,0,8,0,0,0,26,0,0,0,49,15,0,0,0,0,1,0,0,0,0,0,0,0,6,0,0,0,0,0,0,0,0,0,10,0,564,121,614,656,946,89,152,9,0,0,0,0,0,0,0
0,0,0,0,0,0,0,14,11,39,0,0,0,0,0,5,0,21,0,17,0,0,0,0,0,74,0,0,0,28,0,0,0,0,0,0,0,3,0,0,0,0,0,0,0,0,0,0,0,9,0,0,4,102,6,76,16,0,35,238,0,11,0,7,6,7,64,54,0,0,0,0,0,0,0,0,0,0,0,0,0,5,0,0,0,16,0,0,0,0,0,0,0,0,0,0,0,0,0,0,0,0,0,0,0,0,0,0,0,0,0,0,0,0,0,0,0,0,0,0,0,0,0,0,0,19,0,10,0,142,0,119,0,29,0,37,0,185,0,64,0,5,0,30,2,0,0,3,0,7,0,4,0,0,10,133,3,115,0,95,0,39,0,0,0,27,0,0,0,16,0,322,0,9,0,0,0,0,0,2,0,0,0,0,4,37,0,0,0,0,0,0,0,0,0,0,0,0,0,0,0,0,0,0,0,0,0,0,0,7,0,0,1,0,798,0,0,0,411,146,421,633,50,32,0
2,0,0,0,7,0,6,0,31,63,0,0,0,0,0,0,0,0,0,0,0,0,6,0,11,0,0,0,0,0,0,0,0,0,0,0,2,0,0,0,0,0,0,0,0,0,0,0,46,0,0,0,68,37,62,83,115,35,0,108,19,0,0,2,54,15,73,315,3,0,0,0,0,0,0,0,4,0,0,0,0,0,0,0,0,0,0,0,0,0,0,0,0,0,0,0,0,0,0,0,0,0,0,0,0,0,0,0,0,0,0,0,0,0,0,0,0,0,0,0,0,0,0,0,9,0,0,0,3,0,25,0,0,0,1,0,0,0,0,0,0,0,1,0,0,0,1,0,3,0,0,0,0,0,53,17,181,5,4,16,26,0,6,0,3,0,6,0,17,0,224,0,13,0,0,0,12,0,0,0,0,0,0,0,74,12,0,0,0,0,0,0,0,0,0,0,0,0,0,0,0,0,0,0,0,0,1,0,0,0,600,251,354,452,777,62,98,13,3,0,0,0,0,0,0
0,2,1,0,0,0,0,12,19,28,0,0,0,0,0,0,0,0,0,0,0,0,0,0,0,7,0,0,0,0,0,0,0,0,0,0,0,1,0,0,0,0,0,0,0,0,0,0,0,4,0,7,9,87,0,29,55,238,108,0,0,27,0,4,6,69,191,146,0,0,0,0,0,1,0,0,0,0,0,0,0,0,0,0,0,0,0,0,0,0,0,0,0,1,0,0,0,0,0,0,0,0,0,0,0,0,0,0,0,0,0,0,0,0,0,0,0,0,0,0,0,0,0,0,0,18,0,10,0,18,0,55,0,13,0,37,0,37,4,2,0,1,0,0,0,17,0,0,0,9,0,2,0,0,66,92,10,351,18,28,13,17,0,0,0,27,0,6,0,22,0,153,0,10,0,0,0,0,0,0,0,0,0,0,32,28,0,0,0,0,0,0,0,0,0,1,0,0,0,0,0,0,0,0,0,0,0,0,0,6,3,0,2,0,1215,0,0,0,883,265,421,643,87,18,0
82,0,87,0,0,0,352,0,296,0,0,0,0,0,6,0,86,0,0,0,13,0,7,0,102,0,0,0,0,0,6,0,14,0,0,0,19,0,6,0,0,0,0,0,0,0,0,0,5,0,0,0,60,0,40,0,13,0,19,0,0,0,79,0,0,0,14,0,0,0,5,0,0,0,0,0,0,0,0,0,0,0,0,0,0,0,0,0,0,0,0,0,0,0,0,0,0,0,0,0,0,0,0,0,0,0,0,0,0,0,0,0,0,0,0,0,0,0,0,0,0,0,0,0,0,0,0,0,0,0,0,0,0,0,0,0,5,0,302,0,54,0,4,0,233,0,0,0,1,0,0,0,0,0,42,0,103,0,22,0,0,0,3,0,0,0,0,0,0,0,42,0,46,0,0,0,46,6,0,0,0,0,30,0,0,0,0,0,0,0,0,0,0,0,0,0,0,0,0,0,0,0,0,0,0,0,0,0,0,0,40,0,39,68,47,5,17,0,0,0,0,0,0,0,0
0,310,0,82,0,0,0,399,0,352,0,7,0,0,0,0,0,47,0,11,0,8,0,20,0,274,0,0,0,13,0,1,0,5,0,2,0,27,0,5,0,0,0,3,0,0,0,0,0,0,0,7,1,54,0,90,0,11,0,27,0,0,0,47,0,0,0,4,0,0,0,0,0,0,0,0,0,0,0,0,0,0,0,0,0,0,0,0,0,0,0,0,0,0,0,0,0,0,0,0,0,0,0,0,0,0,0,0,0,0,0,0,0,0,0,0,0,0,0,0,0,0,0,0,0,0,0,0,0,0,0,0,0,3,0,0,0,0,0,84,0,55,0,62,0,98,0,0,0,0,0,0,0,0,0,56,0,33,0,76,0,1,0,0,0,0,0,1,0,0,0,5,0,34,0,0,0,88,0,15,0,0,0,167,0,4,0,0,0,0,0,0,0,0,0,0,0,0,0,0,0,0,0,0,0,0,0,0,0,0,0,0,0,0,5,0,0,0,11,99,20,13,0,0,0
62,17,66,0,0,0,371,9,394,9,0,0,0,0,0,0,524,2,0,0,126,0,14,0,305,19,60,0,40,0,55,0,11,0,28,0,36,0,35,0,0,0,0,0,10,0,0,0,0,0,0,0,119,0,53,2,10,0,0,0,79,0,0,2,0,0,0,0,0,0,40,0,0,0,65,0,0,0,0,0,153,0,0,0,173,0,78,0,0,0,0,0,0,0,0,0,0,0,0,0,0,0,0,0,0,0,0,0,0,0,0,0,0,0,0,0,0,0,0,0,132,0,64,0,0,0,0,0,5,0,2,0,0,0,3,0,62,0,206,0,164,0,123,0,58,0,0,0,0,0,0,0,0,0,93,0,38,0,76,0,5,0,7,0,0,0,0,0,0,0,23,0,31,0,0,0,37,0,0,0,0,0,103,0,1,0,0,0,0,0,0,0,0,0,0,0,0,0,0,0,0,0,0,0,0,0,0,0,0,0,44,3,14,25,23,0,4,0,0,0,0,0,0,0,0
17,153,0,22,0,0,50,367,35,231,0,0,0,0,0,10,3,368,0,13,0,118,0,70,46,291,0,25,0,106,0,3,0,6,0,0,0,26,0,17,0,0,0,0,0,29,0,0,0,0,0,5,7,31,26,153,0,7,2,4,0,47,2,0,0,3,5,3,0,0,0,0,0,0,0,0,0,0,0,0,0,0,0,0,0,0,0,0,0,0,0,0,0,0,0,0,1,0,0,0,0,4,0,0,0,0,0,0,0,0,0,0,0,0,0,0,0,0,0,0,0,0,0,0,0,0,0,0,0,0,0,0,2,5,0,0,0,21,0,95,0,0,0,33,0,17,0,0,0,0,0,0,0,0,0,69,0,31,0,47,0,2,0,0,0,0,0,0,1,0,0,0,0,1,0,0,0,52,0,6,1,0,2,183,0,11,0,0,0,0,0,0,0,0,0,0,0,0,0,0,0,0,0,0,0,0,0,0,0,0,0,0,0,0,0,0,0,0,3,10,6,0,0,0,0
4,0,5,0,0,0,33,0,12,0,0,0,0,0,1,0,0,0,0,0,0,0,1,0,0,0,0,0,0,0,0,0,0,0,0,0,0,0,0,0,0,0,0,0,0,0,0,0,3,0,0,0,0,0,0,0,0,6,54,6,0,0,0,0,0,53,137,7,0,0,0,0,3,0,0,0,0,0,0,0,0,0,0,0,0,0,0,0,0,0,0,0,0,0,0,0,0,0,0,0,0,0,0,0,0,0,0,0,0,0,0,0,0,0,0,0,0,0,0,0,0,0,0,0,13,0,11,0,0,0,19,0,3,0,2,0,0,0,6,9,0,4,0,0,19,36,5,0,11,2,39,0,4,0,3,13,7,0,4,43,307,94,11,0,0,0,0,0,2,1,0,0,0,0,0,0,9,0,0,0,73,12,1,0,170,0,0,0,0,0,0,0,0,0,0,0,0,0,0,0,2,0,0,0,0,0,2,0,9,0,24,0,23,0,28,2,0,0,1,1,0,0,0,0,0
0,23,1,1,0,0,1,3,0,148,0,0,0,0,0,8,0,0,0,0,0,0,0,0,0,0,0,0,0,0,0,0,0,2,0,1,0,1,0,0,0,0,0,0,0,0,0,0,0,0,0,0,0,0,4,5,55,7,15,69,0,0,0,3,53,0,13,265,0,0,16,15,0,4,12,0,0,0,0,0,6,7,0,0,0,1,5,0,0,0,0,0,0,0,0,0,0,0,0,0,0,0,0,0,0,0,0,0,0,0,0,0,0,0,0,0,0,0,0,0,0,0,0,0,0,28,0,13,43,0,115,37,0,0,0,9,0,4,70,14,1,0,0,1,57,37,2,11,83,129,0,48,4,6,29,0,9,8,44,12,239,285,12,30,0,0,0,4,0,0,0,9,0,0,0,9,0,0,0,0,61,149,0,2,39,130,0,0,0,0,0,0,0,0,0,0,0,0,0,0,0,0,0,0,0,1,0,0,0,21,12,0,13,0,78,0,0,0,69,13,79,0,0,0,0
6,0,4,0,0,0,69,0,76,97,0,0,0,0,0,0,0,0,0,0,0,0,0,0,0,0,0,0,0,0,0,0,0,0,0,0,0,0,0,0,0,0,2,0,1,0,0,0,0,0,1,0,21,33,4,100,38,64,73,191,14,0,0,5,137,13,0,344,1,0,0,0,0,0,0,0,2,0,0,0,0,0,0,0,0,1,0,0,0,0,0,0,0,0,0,0,0,0,0,0,0,0,0,0,0,0,0,0,0,0,0,0,0,0,0,0,0,0,0,0,0,0,0,0,9,0,0,0,0,0,54,0,0,0,0,0,0,0,0,0,0,0,0,0,0,0,7,0,16,0,0,0,0,0,22,14,73,0,0,15,104,0,0,0,0,0,0,0,5,0,72,0,0,0,0,0,70,0,0,0,0,0,0,3,469,17,0,0,0,0,0,0,0,0,0,0,0,0,0,0,0,0,0,0,0,0,0,0,0,0,204,122,146,0,206,0,30,3,0,0,0,0,0,0,0
0,5,0,0,0,0,5,1,83,50,0,0,0,0,0,0,0,0,0,0,0,0,0,0,0,0,0,0,0,0,0,0,0,0,0,0,0,0,0,0,0,0,0,0,0,0,0,0,0,0,0,0,36,21,55,17,160,54,315,146,0,4,0,3,7,265,344,0,0,0,0,1,0,0,0,0,0,0,0,0,0,0,0,0,0,0,0,0,0,0,0,0,0,0,0,0,0,0,0,0,0,0,0,0,0,0,0,0,0,0,0,0,0,0,0,0,0,0,0,0,0,0,0,0,0,18,0,3,0,0,0,8,0,0,0,11,1,8,0,0,0,0,0,0,3,15,0,0,0,13,0,4,0,0,96,36,16,103,24,13,22,27,0,0,0,3,0,0,0,4,0,43,0,0,0,13,9,51,0,0,0,0,0,4,69,363,0,0,0,0,0,0,0,0,0,0,0,0,0,4,0,0,0,0,0,0,0,0,0,8,0,0,0,0,270,0,0,0,290,161,88,129,0,0,0
0,0,0,0,0,0,0,0,2,0,0,0,0,0,0,0,0,0,0,0,0,0,0,0,0,0,0,0,0,0,0,0,0,0,0,0,0,0,0,0,0,0,0,0,3,0,0,0,0,0,0,0,1,0,1,0,0,0,3,0,0,0,0,0,0,0,1,0,0,0,0,0,23,0,2,0,73,0,37,0,5,0,27,0,0,0,9,0,0,0,0,0,12,0,42,0,0,0,0,0,22,0,130,0,33,0,39,0,19,0,0,0,2,0,3,0,5,0,0,0,0,0,0,0,0,0,2,0,0,0,0,0,0,0,0,0,0,0,0,0,0,0,0,0,0,0,0,0,6,0,0,0,7,0,2,0,0,0,0,0,0,0,1,0,4,0,0,0,93,0,0,0,0,0,0,0,0,0,0,0,0,0,0,0,0,0,0,0,0,0,0,0,0,0,22,0,0,0,0,0,19,0,0,0,16,0,0,0,0,0,56,0,130,0,12,38,182,0,0,0,0,0,0,0,0
0,0,0,0,0,0,0,0,0,4,0,0,0,0,0,0,0,0,0,0,0,0,0,0,0,0,0,0,0,0,0,0,0,0,0,0,0,0,0,0,0,1,0,0,0,10,0,0,0,1,0,0,0,0,0,0,0,0,0,0,0,0,0,0,0,0,0,0,0,0,0,0,0,10,0,0,0,41,0,0,0,25,0,41,0,0,0,23,0,11,0,0,0,7,0,31,0,0,0,5,0,8,0,146,0,25,0,17,0,0,0,0,0,22,0,0,0,1,0,0,0,0,0,0,0,0,3,0,0,0,0,1,0,0,0,22,0,8,0,0,0,0,0,0,0,0,0,6,0,2,0,0,0,0,0,0,0,0,0,1,0,0,0,1,0,7,0,0,0,19,0,2,0,0,0,0,0,0,0,0,0,0,0,0,0,0,0,0,0,19,0,0,0,0,0,25,0,0,0,0,0,7,0,8,0,19,0,0,0,0,0,0,0,0,4,0,0,0,103,4,103,5,50,8,1
0,0,0,0,0,0,0,0,0,0,0,0,0,0,0,0,33,0,4,0,85,0,0,0,0,0,0,0,14,0,0,0,0,0,36,0,68,0,16,0,0,0,11,0,0,0,0,0,11,0,10,0,0,0,0,0,0,0,0,0,5,0,40,0,0,16,0,0,0,0,0,0,144,0,231,0,0,0,58,0,5,0,0,0,0,0,22,0,0,0,0,0,0,0,0,0,0,0,0,2,0,0,0,0,0,0,0,0,0,0,0,0,0,0,0,0,0,0,0,0,30,0,30,1,0,0,7,0,2,0,30,16,8,0,10,0,11,0,26,0,63,4,30,0,47,0,16,0,140,11,0,0,12,4,0,0,15,0,0,0,16,20,78,0,1,0,0,0,21,0,35,0,34,0,34,0,4,0,0,0,55,0,0,0,55,2,0,0,0,0,0,0,0,0,0,0,0,0,0,0,7,0,0,0,0,0,0,0,16,0,23,15,57,0,23,0,0,0,0,0,0,0,0,0,0
0,0,0,0,0,0,0,0,0,0,0,0,0,0,0,0,0,0,0,0,0,0,0,0,0,0,0,0,0,0,0,0,0,0,0,0,0,3,0,0,0,0,0,0,0,0,0,0,0,0,0,0,0,0,0,0,0,0,0,0,0,0,0,0,0,15,0,1,0,0,0,0,0,61,0,247,0,23,0,31,0,0,0,0,0,0,0,30,0,0,0,0,0,0,0,0,0,0,0,0,0,0,0,0,0,0,0,0,0,0,0,0,0,0,0,0,0,0,0,0,0,6,0,0,0,54,0,37,0,12,24,29,0,46,0,0,0,0,4,0,4,30,0,5,0,90,0,0,16,49,0,0,0,16,0,0,0,0,0,0,0,2,0,64,0,0,0,0,0,9,0,16,0,0,0,18,0,0,0,0,0,55,0,0,0,49,0,0,0,0,0,0,0,0,0,0,0,0,0,0,0,0,0,0,0,0,0,3,0,0,2,0,0,0,10,0,0,0,52,1,13,0,4,0,0
0,0,0,0,0,0,0,0,0,0,0,0,0,0,0,0,0,0,0,0,0,0,0,0,0,0,0,0,3,0,0,0,0,0,0,0,8,0,0,0,0,0,0,0,0,0,0,0,0,0,0,0,0,0,0,0,0,0,0,0,0,0,0,0,3,0,0,0,23,0,144,0,0,0,182,0,70,0,138,0,0,0,39,0,0,0,6,0,0,0,0,0,18,0,0,0,8,0,0,2,0,0,0,0,8,0,0,0,0,0,0,0,0,0,0,0,0,0,0,0,71,0,67,0,26,0,20,0,0,0,37,0,22,0,50,0,16,0,16,2,73,0,90,0,46,4,22,0,48,0,63,0,17,0,0,0,7,0,0,10,7,17,104,4,0,0,1,0,17,0,16,0,0,0,12,0,0,0,0,0,51,6,2,0,37,0,0,0,12,0,0,0,0,0,2,0,0,0,39,0,48,0,0,0,0,0,0,0,43,0,216,8,25,6,20,0,0,0,0,0,0,0,0,0,0
0,0,0,0,0,0,0,0,0,0,0,0,0,0,0,0,0,0,0,0,0,0,0,0,0,0,0,0,0,0,0,0,0,0,0,0,0,0,0,0,0,0,0,0,0,0,0,0,0,0,0,0,0,0,0,0,0,0,0,1,0,0,0,0,0,4,0,0,0,10,0,61,0,0,0,318,0,157,0,44,0,7,0,0,0,45,0,69,0,0,0,0,0,2,0,0,0,0,0,0,0,0,0,0,0,0,0,0,0,0,0,0,0,0,0,0,0,0,0,0,0,48,0,24,0,0,0,0,0,0,0,17,0,0,0,159,0,172,0,0,4,49,0,23,0,50,6,0,6,0,0,0,0,0,0,0,0,0,0,0,0,0,0,73,0,0,0,0,0,18,0,4,0,0,0,0,0,0,0,0,0,20,0,0,0,6,0,0,0,0,0,0,0,0,0,0,0,0,0,0,0,79,0,48,0,0,0,0,0,0,0,0,5,0,13,0,0,0,131,0,20,4,0,0,0
0,0,0,0,0,0,0,0,0,0,0,0,0,0,0,0,47,0,0,0,46,0,0,0,0,0,6,0,24,0,7,0,0,0,0,0,39,0,14,0,0,0,7,0,0,0,0,0,0,0,5,0,7,0,0,0,0,0,0,0,0,0,65,0,0,12,0,0,2,0,231,0,182,0,0,0,5,0,303,0,23,0,17,0,66,0,34,0,0,0,1,0,0,0,0,0,0,0,0,0,0,1,0,0,0,0,0,0,0,0,0,0,0,0,0,0,0,0,0,0,147,0,105,0,32,0,5,0,4,0,0,25,6,7,19,0,4,0,22,0,113,11,94,0,78,7,0,0,120,37,9,0,21,21,0,0,5,0,0,0,0,0,39,9,0,0,5,0,26,0,18,0,0,0,47,0,0,0,0,0,78,8,0,0,37,0,2,0,0,0,0,0,4,0,0,0,0,0,31,0,29,0,0,0,0,0,0,0,0,0,26,4,19,0,8,0,0,0,0,0,0,0,0,0,0
0,0,0,0,0,0,0,0,0,0,0,0,0,0,0,0,0,0,0,0,0,23,0,0,0,0,0,0,0,0,0,0,0,0,0,0,0,11,0,0,0,0,0,15,0,12,0,0,0,0,0,24,0,0,0,0,0,0,0,0,0,0,0,0,0,0,0,0,0,0,0,247,0,318,0,0,0,26,0,84,0,8,3,1,0,5,0,108,0,0,0,0,0,0,2,0,0,0,0,0,0,0,0,0,0,0,0,0,0,0,0,0,0,0,0,0,0,0,0,0,0,84,0,11,9,64,0,87,1,10,0,0,3,0,0,0,2,144,0,0,5,43,0,21,3,213,0,0,17,117,0,51,9,43,0,0,0,12,3,0,0,0,0,85,0,0,0,6,0,14,0,22,0,21,0,31,0,0,0,0,28,107,0,0,0,39,0,0,0,0,0,0,0,0,0,0,0,2,0,0,0,0,0,0,0,0,0,0,0,0,0,0,0,0,21,0,0,0,143,1,12,0,3,4,0
0,0,0,0,0,0,1,0,1,0,0,0,0,0,0,0,0,0,0,0,0,0,0,0,0,0,0,0,0,0,0,0,0,0,0,0,0,0,0,0,0,0,0,0,2,0,0,0,0,0,0,0,0,0,1,0,2,0,4,0,0,0,0,0,0,0,2,0,73,0,0,0,70,0,5,0,0,0,70,0,5,0,47,0,0,0,24,0,4,0,0,0,16,0,35,0,0,0,13,0,13,0,20,0,0,0,0,0,23,0,0,0,0,0,13,0,7,0,0,0,8,0,0,0,0,0,0,0,0,0,0,0,0,0,0,0,0,0,0,0,0,0,0,0,0,0,0,0,3,0,0,0,0,0,0,0,0,0,0,0,0,0,0,0,5,0,0,0,76,0,1,0,0,0,0,0,0,0,0,0,0,0,0,0,1,0,0,0,0,0,0,0,0,0,0,0,0,0,0,0,0,0,0,0,0,0,0,0,0,0,33,0,68,3,5,0,8,0,0,0,0,0,0,0,0
0,0,0,0,0,0,0,0,0,0,0,0,0,3,0,0,0,0,0,0,0,0,0,0,0,0,0,0,0,0,0,0,0,0,0,0,0,0,0,0,0,0,0,0,0,26,0,0,0,0,0,8,0,0,0,0,0,0,0,0,0,0,0,0,0,0,0,0,0,41,0,23,0,157,0,26,0,0,0,38,0,67,0,18,0,17,0,159,0,0,0,0,0,39,0,8,0,0,0,4,0,0,0,63,0,0,0,0,0,0,0,0,0,0,0,0,0,0,0,0,0,15,0,0,0,0,0,9,0,0,0,0,0,0,0,59,0,0,0,0,0,0,0,0,0,7,0,0,0,0,0,0,0,0,0,0,0,0,0,0,0,1,0,10,0,20,0,0,0,43,0,0,0,0,0,0,0,0,0,0,0,20,0,0,0,0,0,0,0,0,0,0,0,0,0,20,0,0,0,0,0,0,0,0,0,22,0,0,0,0,0,0,0,0,0,0,0,0,78,6,54,0,5,1,0
0,0,0,0,0,0,0,0,0,0,0,0,1,0,0,0,0,0,0,0,0,0,0,0,0,0,0,0,0,0,0,0,0,0,0,0,0,0,0,0,0,0,0,0,0,0,0,0,0,0,0,0,0,0,0,0,0,0,0,0,0,0,0,0,0,0,0,0,37,0,58,0,138,0,303,0,70,0,0,0,18,0,53,0,155,0,88,0,0,0,0,0,48,0,28,0,48,0,59,0,2,0,7,0,0,0,0,0,0,0,0,0,0,0,0,0,0,0,0,0,94,0,29,0,0,0,0,0,0,0,0,0,0,0,23,0,0,0,0,0,44,0,113,0,19,0,0,0,0,0,28,0,0,0,0,0,0,0,0,0,0,2,14,0,11,0,0,0,67,0,3,0,0,0,15,0,0,0,0,0,0,0,0,0,0,0,0,0,40,0,0,0,18,0,0,0,0,0,62,0,132,0,89,0,0,0,30,0,25,0,335,7,87,0,44,9,8,1,0,0,0,0,0,0,0
0,0,0,0,0,0,0,0,0,0,0,0,0,0,0,0,0,0,0,0,0,0,0,0,0,0,0,0,0,0,0,0,0,0,0,0,0,0,0,0,0,0,0,0,0,0,0,0,0,0,0,9,0,0,0,0,0,0,0,0,0,0,0,0,0,0,0,0,0,0,0,31,0,44,0,84,0,38,0,0,0,0,0,1,0,14,0,55,0,0,0,0,0,0,0,0,0,0,0,0,0,0,0,0,0,0,0,0,0,0,0,0,0,0,0,0,0,0,0,0,0,29,0,16,0,0,0,0,0,0,15,0,0,0,0,73,0,114,0,0,0,47,0,37,0,27,0,14,0,40,0,0,0,8,0,0,0,0,0,0,0,0,0,9,0,0,0,0,0,6,0,3,0,0,0,0,0,0,0,0,0,38,0,0,0,12,0,0,0,0,0,0,0,0,0,0,0,0,0,0,0,0,0,0,0,0,0,0,0,0,1,0,0,0,17,0,0,0,97,0,6,0,0,1,0
