0,139,29,41,19,0,22,69,30,27,183,0,122,0,4,36,95,166,0,0,0,0,65,137,37,291,0,0,85,0,0,0,237,0,0,0,153,0,402,24,24,0,0,0,24,0,24,0,20,0,0,0,0,5,0,29,0,0,8,0,91,0,40,88,17,0,6,0,2,0,0,0,0,0,0,0,0,0,0,0,0,0,0,0,0,0,0,0,0,0,0,0,0,0,0,0,0,0,0,0,0,0,0,0,0,0,0,0,0,0,0,0,0,0,0,0,0,0,0,0,0,0,0,0,15,0,16,0,0,0,8,0,0,0,0,1,0,0,0,0,1,0,0,0,0,0,37,0,15,0,24,0,0,0,0,0,0,0,0,0,0,0,0,0,0,0,21,0,87,0,57,4,535,0,0,0,419,134,0,0,7,0,55,0,16,0,0,0,0,0,0,0,0,0,0,0,0,0,0,0,0,0,0,0,0,0,0,0,50,0,705,228,541,153,301,0,4,0,0,0,0,0,0,0,0
139,0,111,15,20,150,35,37,21,74,0,180,0,90,0,35,204,28,0,105,0,0,217,10,140,35,0,274,3,164,0,47,0,241,0,23,0,399,0,490,0,15,0,0,0,42,0,68,0,18,0,0,0,13,0,42,0,9,0,6,0,73,6,66,0,61,0,6,0,1,0,0,0,0,0,0,0,0,0,0,0,0,0,0,0,0,0,0,0,0,0,0,0,0,0,0,0,0,0,0,0,0,0,0,0,1,0,0,0,0,0,0,0,0,0,0,0,0,0,0,0,0,0,0,0,21,0,0,0,0,0,14,0,0,0,11,0,24,0,0,0,0,0,0,0,0,0,25,0,68,0,105,0,115,0,0,0,0,0,2,0,0,0,5,0,0,0,0,0,61,0,75,0,280,0,0,87,552,0,7,0,168,0,60,0,165,0,0,0,0,0,0,0,0,0,0,0,0,0,0,0,0,0,0,0,0,0,10,0,20,0,0,0,0,388,0,0,0,928,325,646,230,0,39,0
29,111,0,0,192,0,46,0,27,0,125,24,155,0,127,78,58,142,58,0,21,0,668,129,142,125,80,0,313,0,56,0,515,0,0,0,119,0,392,0,36,0,0,0,0,0,0,0,28,0,0,0,0,0,49,0,0,0,0,0,41,0,36,40,0,0,2,0,0,0,0,0,0,0,20,0,0,0,0,0,0,0,0,0,0,0,0,0,0,0,0,0,0,0,0,0,0,0,0,0,0,0,0,0,25,0,26,0,0,0,0,0,0,0,0,0,0,0,0,0,0,0,0,0,36,0,63,0,0,0,61,0,44,0,79,0,48,0,0,0,0,0,52,0,0,0,61,0,32,0,99,0,52,0,0,0,0,0,0,0,11,0,0,0,4,0,56,0,60,0,0,0,454,0,0,0,188,113,0,0,0,0,6,0,21,0,0,0,0,0,0,0,0,0,0,0,0,0,0,0,31,0,0,0,0,0,21,0,156,0,568,111,413,0,239,2,2,0,0,0,18,0,0,0,0
41,15,0,0,0,161,0,73,3,0,0,6,0,0,13,128,0,104,0,120,0,67,94,85,0,165,0,51,0,294,0,56,0,358,0,9,0,141,0,287,0,0,0,5,0,7,0,0,0,0,0,0,0,0,0,97,0,0,0,0,0,0,0,0,0,0,0,0,0,0,0,0,0,0,0,0,0,0,0,0,0,0,0,0,0,0,0,0,0,0,0,0,0,0,0,0,0,0,0,0,0,0,0,0,1,17,0,0,0,0,0,0,0,0,0,0,0,0,0,0,0,0,0,0,0,0,0,0,0,0,0,4,0,5,0,45,0,91,0,0,0,0,0,0,0,0,0,0,0,0,0,18,0,5,0,0,0,0,0,0,0,3,0,0,0,5,0,0,0,25,0,0,0,105,0,0,0,75,0,1,0,0,0,0,0,2,0,0,0,0,0,0,0,0,0,0,0,0,0,0,0,22,0,0,0,0,0,0,0,44,0,0,0,0,127,0,0,0,272,39,245,99,0,8,0
19,20,192,0,0,466,11,0,21,0,114,166,367,265,145,297,12,0,51,306,259,68,156,87,0,0,99,0,61,0,241,28,531,45,297,0,619,62,0,0,140,3,0,0,30,0,90,0,15,0,47,0,0,0,0,0,0,0,0,0,0,0,0,0,0,0,0,0,0,0,0,0,0,0,0,0,0,0,0,0,0,0,0,0,0,0,0,0,0,0,0,0,0,0,0,0,0,0,0,0,0,0,0,0,0,0,0,0,0,0,0,0,0,0,0,0,0,0,0,0,0,0,0,0,8,0,23,0,0,0,7,0,9,0,0,0,19,0,0,0,0,0,0,0,0,0,40,0,33,0,179,0,72,0,0,0,0,0,0,0,0,0,9,0,12,0,181,0,111,0,0,0,282,3,0,0,347,139,26,0,36,0,45,0,78,0,0,0,0,0,0,0,0,0,0,0,0,0,0,0,0,0,0,0,0,0,20,0,79,0,529,330,632,51,100,0,2,0,0,23,0,0,0,0,0
0,150,0,161,466,0,1,66,0,10,197,150,158,239,356,113,32,0,52,262,299,313,149,42,0,10,0,411,0,134,0,411,0,555,0,340,23,356,0,53,0,43,0,0,0,0,0,233,0,12,0,0,0,0,0,19,0,0,0,0,0,0,0,0,0,29,0,0,0,0,0,0,0,0,0,0,0,0,0,0,0,33,0,0,0,0,0,16,0,0,0,0,0,0,0,0,0,0,0,0,0,0,0,0,0,0,0,0,0,0,0,0,0,0,0,0,0,0,0,0,0,0,0,22,0,0,0,0,0,0,0,11,0,0,0,17,0,0,0,0,0,0,0,0,0,16,0,8,0,53,0,61,0,46,0,0,0,0,0,0,0,0,0,3,0,0,0,134,0,84,0,23,0,154,0,0,213,611,0,50,0,85,0,0,0,40,0,8,0,0,0,0,0,0,0,19,0,0,0,0,0,0,0,0,0,0,0,10,0,0,0,0,0,0,210,0,0,0,662,491,578,121,1,0,1
22,35,46,0,11,1,0,0,147,137,28,0,8,0,6,0,20,0,0,0,0,0,20,0,428,125,0,0,38,0,0,0,0,0,0,0,0,0,144,0,3,0,0,0,0,0,8,0,37,0,8,0,35,95,190,174,24,0,12,0,203,0,276,119,9,0,38,26,0,0,0,0,0,0,0,0,0,0,0,0,0,0,0,0,0,0,0,0,0,0,14,0,0,0,0,0,25,0,0,0,0,0,0,0,0,0,10,0,0,0,0,0,0,0,0,0,0,0,0,0,0,0,0,0,64,0,51,0,0,0,250,0,113,0,43,0,38,0,0,0,17,0,49,0,0,0,31,0,15,0,17,0,2,0,5,0,0,0,0,0,48,0,0,0,5,0,0,0,48,0,383,0,330,0,0,0,70,51,0,0,3,0,9,0,0,5,0,0,0,0,0,0,0,0,0,0,0,0,0,0,0,0,0,0,1,0,0,0,95,0,567,54,559,365,497,0,46,0,0,0,0,0,0,0,0
69,37,0,73,0,66,0,0,86,44,0,9,0,12,0,31,0,60,0,12,0,0,0,13,97,318,0,33,0,115,0,0,0,51,0,0,0,0,0,426,0,2,0,0,0,0,0,8,0,1,0,0,0,70,0,411,0,17,0,0,0,160,33,147,0,4,0,0,0,0,0,0,0,0,0,0,0,0,0,0,0,0,0,0,0,0,0,0,0,0,0,0,0,0,0,0,0,0,0,0,0,0,0,0,0,0,0,0,0,0,0,0,0,0,0,0,0,0,0,0,0,0,0,0,0,5,0,6,0,0,0,7,0,0,0,0,0,8,0,0,1,0,0,8,0,0,0,2,0,4,0,3,0,0,0,0,0,0,0,0,0,0,0,10,0,3,0,8,0,53,0,174,0,243,0,0,42,69,0,0,0,0,7,0,0,0,0,0,0,0,0,0,0,0,0,0,0,0,0,0,0,1,0,0,0,0,0,0,0,12,0,0,0,0,406,0,0,0,506,54,478,402,0,111,0
30,21,27,3,21,0,147,86,0,187,26,0,24,0,7,0,62,14,0,0,0,0,0,0,57,145,17,0,0,0,0,0,0,0,0,0,0,0,45,0,7,0,0,0,15,0,22,0,18,0,0,0,109,185,135,300,31,44,135,0,209,0,278,79,142,0,68,64,0,0,0,0,0,0,0,0,0,0,0,0,0,0,0,0,0,0,0,0,0,0,0,0,0,0,2,0,3,0,0,0,0,0,0,0,0,0,2,0,0,0,0,0,0,0,0,0,0,0,0,0,2,0,0,0,69,0,34,0,0,0,80,0,32,0,13,0,9,0,0,0,0,0,0,0,0,0,86,0,95,0,92,0,57,0,5,0,0,2,0,0,5,0,6,0,2,0,0,0,0,1,174,0,138,0,0,0,352,50,6,0,16,0,35,0,102,10,0,0,0,0,0,0,0,0,0,0,0,0,0,0,0,0,0,0,0,0,0,0,82,0,597,85,410,229,354,0,19,0,0,0,11,0,0,5,0
27,74,0,0,0,10,137,44,187,0,1,20,0,0,0,7,52,0,0,25,0,0,4,0,212,29,0,37,0,0,0,0,0,0,0,0,0,0,0,0,0,0,0,0,0,0,0,0,0,6,0,0,46,204,113,238,0,131,0,76,0,260,116,357,0,371,0,173,0,0,0,1,0,0,0,0,0,1,0,0,0,0,0,0,1,0,0,0,0,0,0,0,0,0,0,0,0,0,0,0,0,0,0,0,0,3,0,0,0,0,0,0,0,0,0,0,0,0,0,0,0,0,0,0,0,83,0,15,0,4,0,54,0,0,0,5,0,9,0,0,0,0,0,0,0,0,0,34,0,136,0,63,0,32,0,8,0,28,0,1,0,0,0,0,0,9,0,0,0,38,0,256,15,113,0,0,84,253,0,0,1,0,7,57,0,92,0,0,0,0,0,0,0,0,0,0,0,0,0,0,0,0,0,0,0,0,0,14,0,54,0,0,15,0,500,0,0,0,759,164,552,482,0,160,0
183,0,125,0,114,197,28,0,26,1,0,84,295,0,111,250,12,0,0,0,39,20,56,132,0,0,30,0,9,0,76,15,263,0,0,0,316,12,0,0,56,0,0,0,31,0,52,0,12,0,0,0,0,0,4,0,0,0,0,0,0,0,0,0,0,0,0,0,0,0,0,0,0,0,0,0,0,0,0,0,5,0,0,0,0,0,0,0,0,0,0,0,0,0,0,0,0,0,0,0,0,0,0,0,0,0,0,0,0,0,0,0,0,0,0,0,0,0,0,0,0,0,0,0,0,0,0,0,0,0,0,0,0,0,9,0,0,0,0,0,0,0,0,0,0,0,24,0,10,0,54,0,33,0,0,0,0,0,0,0,0,0,4,0,0,0,71,0,66,0,0,0,135,0,0,0,469,116,101,0,39,0,51,0,50,0,23,0,0,0,0,0,0,0,0,0,0,0,0,0,0,0,0,0,0,0,0,0,23,0,241,217,239,0,50,0,0,0,0,13,3,0,0,0,0
0,180,24,6,166,150,0,9,0,20,84,0,0,472,214,12,26,0,0,65,161,76,104,7,0,0,0,337,0,55,13,163,0,479,0,148,7,298,0,42,0,65,0,27,0,56,0,267,0,58,0,32,0,0,0,2,0,0,0,0,0,0,0,0,0,24,0,0,0,0,0,11,0,0,0,0,0,0,0,0,0,0,0,0,0,0,0,5,0,0,0,3,0,0,0,0,0,0,0,0,0,0,0,0,0,0,0,0,0,0,0,0,0,0,0,0,0,0,0,0,0,0,0,10,0,0,0,0,0,0,0,0,0,0,0,0,0,0,0,0,0,0,0,0,0,0,0,5,0,18,0,88,0,92,0,0,0,1,0,0,0,0,0,0,0,8,2,37,0,37,0,0,0,102,0,107,119,770,0,125,0,163,0,19,0,87,0,13,0,0,0,0,0,0,0,4,0,0,0,0,0,0,0,0,0,0,0,0,0,9,0,0,0,0,111,0,0,0,435,247,245,0,0,0,0
122,0,155,0,367,158,8,0,24,0,295,0,0,562,76,87,0,0,63,448,89,20,18,0,0,0,159,638,0,0,0,0,0,0,195,42,91,49,0,0,222,57,84,0,24,0,170,136,9,3,520,35,0,0,0,0,0,0,0,0,0,0,0,0,0,0,0,0,0,0,0,0,0,0,0,0,0,1,0,0,0,0,0,0,0,0,0,0,0,0,0,0,0,0,0,0,0,0,0,0,0,0,0,0,0,0,0,0,0,0,0,0,0,0,0,0,0,0,0,0,0,0,0,0,0,0,24,0,0,0,0,0,0,0,14,0,0,0,0,0,0,0,0,0,3,0,45,0,0,0,0,0,0,0,0,0,0,0,0,0,0,0,0,0,30,3,20,0,45,0,0,0,3,0,0,0,508,187,142,0,37,0,85,0,62,0,249,0,0,0,0,0,0,0,0,0,0,0,0,0,0,0,0,0,0,0,0,0,62,0,22,124,192,5,5,0,0,0,0,28,0,0,0,0,0
0,90,0,0,265,239,0,12,0,0,0,472,562,0,64,7,0,0,392,29,121,27,0,0,0,0,238,121,0,0,0,18,0,0,86,387,0,84,0,1,94,198,0,181,0,26,0,218,0,61,69,256,0,0,0,0,0,0,0,0,0,0,0,0,0,0,0,0,0,0,0,0,0,0,0,0,0,0,0,0,0,10,0,0,0,0,0,0,0,0,0,0,0,0,0,0,0,0,0,7,0,0,0,0,0,0,0,0,0,0,0,0,0,0,0,0,0,0,0,0,0,0,0,0,0,0,0,2,0,0,0,0,0,0,0,0,0,0,0,0,0,0,0,0,0,0,0,0,0,0,0,0,0,0,0,0,0,0,0,0,0,0,0,0,0,0,0,10,0,0,0,0,0,0,0,0,70,886,0,57,0,60,0,13,0,27,26,162,0,0,0,0,0,0,0,0,0,0,0,0,0,0,0,0,0,0,0,0,0,2,0,0,0,0,13,0,0,0,0,234,152,0,0,0,0
4,0,127,13,145,356,6,0,7,0,111,214,76,64,0,244,30,0,258,106,247,37,254,123,33,0,128,0,13,0,337,18,228,47,110,50,219,21,0,0,43,0,0,0,25,0,36,0,0,0,0,0,0,0,17,0,0,0,0,0,0,0,0,0,0,0,1,0,0,0,0,0,0,0,0,0,0,0,0,0,0,0,0,0,0,0,0,0,0,0,0,0,0,0,0,0,0,0,0,0,0,0,0,0,0,0,0,0,0,0,0,0,0,0,0,0,0,0,0,0,0,0,0,0,0,0,0,0,0,0,0,0,0,0,0,0,0,0,0,0,0,0,0,0,0,0,18,0,23,2,69,0,0,0,0,0,0,0,0,0,0,0,0,0,0,0,137,0,71,0,6,0,118,0,0,0,78,58,25,0,0,0,13,0,0,0,0,0,0,0,0,0,0,0,0,0,0,0,6,0,0,0,0,0,0,0,0,0,43,0,134,196,255,0,36,0,0,1,0,10,0,0,0,0,0
36,35,78,128,297,113,0,31,0,7,250,12,87,7,244,0,47,94,0,381,212,304,190,207,0,137,0,119,0,29,29,90,0,55,23,108,16,87,0,19,0,0,0,0,0,0,0,0,0,0,0,6,0,0,0,64,0,0,0,0,0,0,0,0,0,12,0,0,0,0,0,0,0,0,0,0,0,0,0,0,0,0,0,0,0,33,0,0,0,0,0,0,0,0,0,5,0,0,0,17,0,0,0,0,0,0,0,0,0,0,0,0,0,0,0,0,0,0,0,0,0,0,0,3,0,0,0,0,0,0,0,7,0,0,0,95,0,0,0,0,0,0,0,0,0,0,0,0,0,39,0,42,0,22,0,0,0,0,0,0,0,0,0,3,0,4,0,38,3,15,0,0,0,39,0,0,124,154,26,2,0,0,0,0,0,19,0,0,0,0,0,0,0,0,0,0,0,0,0,0,0,0,0,0,0,0,0,33,0,55,0,0,13,0,68,0,0,0,227,484,149,31,0,0,0
95,204,58,0,12,32,20,0,62,52,12,26,0,0,30,47,0,214,118,0,349,7,86,193,64,271,195,0,266,0,76,0,252,0,0,0,29,0,302,23,0,0,0,0,124,0,61,0,7,0,10,0,155,19,29,69,15,0,0,0,34,0,489,108,0,0,0,0,0,0,37,0,0,0,36,0,0,0,0,0,23,0,0,0,495,0,19,0,0,0,156,0,0,0,0,0,330,0,138,0,0,0,0,0,34,0,182,0,0,0,0,0,0,0,0,0,0,0,0,0,127,0,193,0,0,0,7,0,67,0,0,0,0,0,15,0,482,0,133,0,288,0,285,0,31,0,0,0,0,0,0,0,0,0,77,0,0,0,44,0,5,0,0,0,0,0,7,0,42,1,16,0,136,0,0,0,78,105,0,0,0,0,107,0,0,0,0,0,0,0,0,0,0,0,0,0,0,0,0,0,108,0,0,0,0,0,0,0,5,0,69,29,124,23,33,0,3,0,0,0,27,0,0,0,0
166,28,142,104,0,0,0,60,14,0,0,0,0,0,0,94,214,0,0,119,10,227,325,184,119,65,0,0,0,267,2,33,12,73,0,0,0,37,0,225,0,0,0,0,0,0,0,0,0,0,0,0,0,12,0,16,0,57,0,0,0,0,2,122,0,0,0,0,0,0,0,0,0,0,0,0,0,0,0,0,0,47,0,0,0,177,0,0,0,0,0,43,0,0,0,0,0,50,0,45,0,12,0,0,0,0,0,56,0,0,0,0,0,0,0,0,0,0,0,0,0,0,0,0,0,0,0,0,0,104,0,0,0,103,0,356,0,707,0,128,0,64,0,425,0,0,0,0,0,0,0,2,0,0,0,18,0,0,0,0,0,13,0,0,0,0,0,0,0,0,0,2,0,14,0,0,43,54,0,1,0,0,9,8,0,0,0,0,0,0,0,0,0,0,0,0,0,0,0,0,0,116,0,0,0,0,0,0,0,58,0,1,7,0,0,0,0,0,0,44,41,11,0,0,0
0,0,58,0,51,52,0,0,0,0,0,0,63,392,258,0,118,0,0,134,314,20,394,0,111,0,269,293,7,0,57,0,0,0,253,0,70,30,0,0,31,0,12,0,52,0,34,52,0,0,206,0,0,0,0,0,0,0,0,0,0,0,0,0,0,0,3,0,0,0,0,0,0,0,0,0,0,0,0,0,0,0,0,0,0,0,0,0,0,0,0,0,0,0,0,0,43,0,0,0,0,0,0,0,0,0,0,0,0,0,0,0,0,0,0,0,0,0,0,0,0,0,0,0,0,0,0,0,0,0,0,0,0,0,0,0,0,0,0,0,0,0,0,0,0,0,0,0,0,0,0,0,0,0,0,0,0,0,0,0,0,0,0,0,46,0,50,0,64,1,0,0,0,0,0,0,30,47,0,0,0,0,15,0,0,0,11,0,0,0,0,0,0,0,0,0,0,0,0,0,0,0,0,0,0,0,0,0,55,0,47,242,249,8,9,0,0,0,0,0,0,0,0,0,0
0,105,0,120,306,262,0,12,0,25,0,65,448,29,106,381,0,119,134,0,99,232,0,185,0,67,69,390,0,0,0,89,0,0,104,477,23,70,0,0,0,0,0,65,0,102,0,50,0,5,37,178,0,0,0,27,0,0,0,0,0,0,0,37,0,0,0,0,0,0,0,0,0,0,0,0,0,0,0,0,0,0,0,0,0,124,0,0,0,0,0,40,0,0,0,0,0,51,0,0,0,0,0,0,0,0,0,0,0,0,0,0,0,0,0,0,0,0,0,0,0,0,0,0,0,0,0,11,0,0,0,0,0,0,0,0,0,0,0,0,0,0,0,0,0,0,0,0,0,46,0,69,0,50,0,0,0,0,0,0,0,0,0,0,0,0,0,72,0,68,0,10,0,51,0,0,43,104,0,5,0,39,0,0,0,51,3,34,0,0,0,0,0,0,0,0,0,0,0,0,0,0,0,0,0,16,0,0,0,83,0,0,0,0,116,0,0,0,312,569,236,66,1,0,0
0,0,21,0,259,299,0,0,0,0,39,161,89,121,247,212,349,10,314,99,0,36,291,112,75,0,329,67,72,0,260,0,79,44,109,0,77,27,14,0,0,0,14,0,58,0,0,0,3,0,39,0,0,0,0,0,0,0,0,0,0,0,104,0,0,0,0,0,0,0,92,0,0,0,58,0,0,0,14,0,35,0,0,0,257,0,0,0,0,0,90,0,0,0,0,0,217,0,227,0,0,0,0,0,0,0,110,0,0,0,0,0,0,0,0,0,0,0,0,0,159,0,111,0,0,0,0,0,0,0,0,0,0,0,0,0,93,0,0,0,111,0,77,2,98,0,0,0,0,0,0,0,0,0,0,0,0,0,0,0,0,0,0,0,0,0,58,0,70,2,4,0,52,0,0,0,88,68,18,0,0,0,3,0,0,0,0,0,0,0,0,0,0,0,0,0,0,0,0,0,0,0,0,0,0,0,0,0,11,0,156,310,207,0,0,0,0,0,0,5,6,0,0,0,0
0,0,0,67,68,313,0,0,0,0,20,76,20,27,37,304,7,227,20,232,36,0,0,168,0,36,0,60,0,104,0,106,3,72,12,126,0,42,0,5,0,2,0,29,0,39,0,9,0,0,0,90,0,17,0,0,0,0,0,0,0,0,0,236,0,5,0,0,0,0,0,28,0,0,0,38,0,0,0,0,0,217,0,0,0,289,0,0,0,0,0,59,0,0,0,0,0,69,0,101,0,0,0,2,0,0,0,22,0,0,0,0,0,0,0,0,0,0,0,0,0,53,0,62,0,0,0,0,0,0,0,0,0,0,0,139,0,0,0,119,0,345,0,492,0,59,0,0,0,0,0,0,0,11,0,0,0,0,0,0,0,0,0,4,0,0,0,81,0,91,0,17,0,112,0,0,0,36,5,9,0,0,0,0,0,0,0,0,0,9,0,0,0,0,0,0,0,0,0,0,0,0,0,0,0,0,0,0,0,0,0,0,0,0,137,0,0,0,538,555,416,79,0,0,0
65,217,668,94,156,149,20,0,0,4,56,104,18,0,254,190,86,325,394,0,291,0,0,471,163,181,238,0,37,12,17,0,114,0,7,0,79,0,52,34,0,0,0,0,0,0,122,0,7,0,0,0,12,0,93,0,15,0,4,0,0,0,16,23,0,0,0,0,0,0,0,0,0,0,0,0,0,0,0,0,0,0,0,0,0,0,0,0,0,0,0,0,0,0,0,0,0,0,0,0,0,1,0,0,0,0,28,0,0,0,0,0,0,0,0,0,0,0,0,0,0,0,0,0,0,0,0,0,0,0,0,0,0,0,48,3,146,0,0,0,0,0,62,0,3,0,0,0,4,0,45,0,0,0,0,0,0,0,0,0,0,0,0,0,0,0,26,0,28,4,0,0,124,0,2,0,283,211,0,0,18,0,25,0,8,0,0,0,0,0,0,0,0,0,0,0,0,0,9,0,53,0,0,0,0,0,13,0,58,0,148,110,137,0,28,0,0,1,0,4,23,0,0,0,0
137,10,129,85,87,42,0,13,0,0,132,7,0,0,123,207,193,184,0,185,112,168,471,0,34,89,0,37,0,92,24,70,0,83,0,7,0,68,0,50,0,0,0,0,0,0,0,0,0,0,0,0,0,0,0,36,0,0,0,0,0,0,0,36,0,0,0,0,0,0,0,0,0,0,0,0,0,0,0,0,0,35,0,0,0,77,0,0,0,0,0,22,0,0,0,0,0,0,0,28,0,0,0,0,0,0,0,28,0,0,0,0,0,0,0,0,0,0,0,0,0,0,0,0,0,0,0,0,0,0,0,0,0,0,0,101,0,182,0,13,0,10,0,75,0,0,0,0,0,0,0,0,0,2,0,0,0,0,0,0,0,0,0,0,0,0,0,11,0,14,0,0,5,48,0,0,55,138,4,2,0,0,0,2,0,0,0,0,0,0,0,0,0,0,0,0,0,0,0,0,0,58,0,0,0,0,0,0,0,65,0,0,0,0,21,0,0,0,150,469,124,19,0,0,0
37,140,142,0,0,0,428,97,57,212,0,0,0,0,33,0,64,119,111,0,75,0,163,34,0,429,140,0,5,0,4,0,7,0,0,0,3,0,9,9,11,0,0,0,53,0,85,0,0,0,0,0,73,68,241,155,48,0,9,0,12,0,34,252,0,0,0,0,0,0,0,0,0,0,0,0,0,0,0,0,0,0,0,0,0,0,1,0,0,0,6,0,0,0,1,0,13,0,0,0,0,0,0,0,0,0,0,0,0,0,0,0,0,0,0,0,0,0,0,0,0,0,0,0,0,0,10,0,76,0,9,0,51,0,77,0,278,0,13,0,0,0,96,0,0,0,1,0,0,0,0,0,0,0,48,0,0,0,46,0,18,0,0,0,0,0,0,0,10,0,18,0,25,0,0,0,60,58,0,0,0,0,72,0,0,0,0,0,0,0,0,0,0,0,0,0,0,0,0,0,0,0,0,0,0,0,10,0,42,0,63,13,43,26,38,0,0,0,0,0,29,15,0,0,0
291,35,125,165,0,10,125,318,145,29,0,0,0,0,0,137,271,65,0,67,0,36,181,89,429,0,0,0,0,111,0,14,0,0,0,0,0,0,14,128,0,2,0,0,0,0,0,1,0,0,0,0,0,22,0,603,0,124,0,0,0,19,57,32,0,0,0,0,0,0,0,0,0,0,0,0,0,0,0,0,0,0,0,0,0,0,0,0,0,0,0,0,0,0,0,0,4,11,2,0,0,0,0,0,0,0,0,0,0,0,0,0,0,0,0,0,0,0,0,0,0,0,0,1,0,16,0,17,0,44,0,0,0,49,0,217,0,492,0,39,0,0,0,80,0,2,0,0,0,0,0,33,0,4,0,18,0,1,0,9,0,17,0,5,0,0,0,0,0,10,0,13,17,36,0,0,69,155,0,0,0,0,14,6,0,0,0,0,0,0,0,0,0,17,0,0,0,0,0,0,0,63,0,0,0,0,0,57,0,203,0,0,0,0,43,0,0,0,78,101,120,35,0,6,0
0,0,80,0,99,0,0,0,17,0,30,0,159,238,128,0,195,0,269,69,329,0,238,0,140,0,0,431,64,0,106,0,40,0,73,0,86,0,0,0,45,83,71,0,247,0,167,162,13,8,340,37,0,0,0,0,0,0,0,0,0,0,71,0,0,0,0,0,0,0,76,0,0,0,50,0,0,0,0,0,0,0,0,0,0,0,0,0,0,0,0,0,0,0,0,0,0,0,0,0,0,0,0,0,0,0,0,0,0,0,0,0,0,0,0,0,0,0,0,0,0,0,0,0,0,0,0,0,0,0,0,0,0,0,0,0,0,0,0,0,0,0,0,0,0,0,18,0,20,0,0,0,0,0,0,0,0,0,0,0,0,0,0,0,69,0,24,0,0,0,4,0,27,0,0,0,22,66,14,0,0,0,49,0,84,0,53,11,0,0,0,0,0,0,0,0,0,0,0,0,0,0,0,0,0,0,0,0,84,0,0,319,428,11,0,0,0,9,0,41,3,0,0,0,0
0,274,0,51,0,411,0,33,0,37,0,337,638,121,0,119,0,0,293,390,67,60,0,37,0,0,431,0,0,2,0,11,0,0,75,166,0,31,0,0,306,20,64,299,0,156,129,195,3,22,167,393,0,0,0,0,0,0,0,0,0,0,0,0,0,46,0,0,0,0,0,0,0,0,0,0,0,0,0,0,0,0,0,0,0,82,0,0,0,0,0,0,0,0,0,0,0,0,0,0,0,12,0,0,0,0,0,0,0,0,0,0,0,0,0,0,0,0,0,0,0,0,0,15,0,0,0,0,0,0,0,17,0,0,0,0,0,0,0,0,0,0,0,0,0,0,1,0,0,75,0,121,0,0,0,0,0,0,0,0,0,0,0,3,0,48,0,0,2,0,0,0,0,0,0,0,25,193,0,0,0,85,0,0,0,83,83,65,0,0,0,0,0,0,0,0,0,0,0,0,0,0,0,0,0,0,0,21,0,0,0,0,0,0,89,0,0,0,198,1107,391,68,2,0,5
85,3,313,0,61,0,38,0,0,0,9,0,0,0,13,0,266,0,7,0,72,0,37,0,5,0,64,0,0,0,36,0,34,1,35,0,41,0,18,0,0,0,60,0,27,0,2,0,0,0,34,0,3,0,0,0,0,0,0,0,0,0,54,1,0,0,0,0,0,0,14,0,0,0,9,0,0,0,0,0,0,0,0,0,89,0,0,0,0,0,0,0,0,0,0,0,58,0,0,0,4,0,2,0,1,0,0,0,0,0,0,0,0,0,0,0,0,0,0,0,49,0,49,0,0,0,0,0,0,0,0,0,0,0,0,0,28,0,32,0,73,0,22,0,49,0,0,0,0,0,0,0,0,0,0,0,0,0,0,0,0,0,0,0,0,0,0,0,0,0,0,0,0,0,0,0,4,0,0,0,0,0,9,0,0,0,0,0,0,0,0,0,0,0,0,0,0,0,0,0,6,0,0,0,0,0,0,0,0,0,0,6,4,0,2,0,0,0,0,0,0,0,0,0,0
0,164,0,294,0,134,0,115,0,0,0,55,0,0,0,29,0,267,0,0,0,104,12,92,0,111,0,2,0,0,0,67,0,24,0,108,0,60,0,15,0,0,0,15,0,2,0,0,0,0,0,27,0,13,0,0,0,0,0,0,0,6,0,218,0,0,0,0,0,0,0,0,0,0,0,0,0,0,0,0,0,19,0,0,0,53,0,3,0,0,0,10,0,0,0,1,0,12,0,24,0,8,0,0,0,0,0,0,0,0,0,0,0,0,0,0,0,0,0,0,0,5,0,6,0,0,0,0,0,23,0,2,0,0,0,45,0,218,0,149,0,118,0,169,0,17,0,0,0,0,0,0,0,5,0,7,0,4,0,15,0,0,0,0,0,0,0,0,0,0,0,0,0,0,0,0,0,19,0,0,0,0,0,2,0,0,0,0,0,0,0,0,0,0,0,0,0,0,0,0,0,0,0,0,0,0,0,0,0,7,0,0,0,0,0,0,0,0,0,43,4,0,0,1,0
0,0,56,0,241,0,0,0,0,0,76,13,0,0,337,29,76,2,57,0,260,0,17,24,4,0,106,0,36,0,0,0,33,6,30,0,14,0,57,0,0,0,122,0,20,0,0,0,0,0,52,0,0,0,0,0,0,0,0,0,0,0,25,0,0,0,0,0,0,0,16,0,0,0,8,0,0,0,0,0,0,0,0,0,40,0,0,0,0,0,0,0,0,0,0,0,31,0,33,0,0,0,0,0,0,0,14,0,0,0,0,0,0,0,0,0,0,0,0,0,0,0,0,0,0,0,0,0,0,0,0,0,0,0,0,0,0,0,0,0,0,0,0,0,10,0,0,0,0,0,0,0,0,0,1,0,0,0,0,0,0,0,0,0,0,0,78,0,13,0,0,0,40,0,0,0,33,0,29,0,0,0,0,0,0,0,0,0,0,0,0,0,0,0,0,0,0,0,0,0,0,0,0,0,0,0,0,0,0,0,27,80,78,0,5,0,0,0,0,0,0,0,0,0,0
0,47,0,56,28,411,0,0,0,0,15,163,0,18,18,90,0,33,0,89,0,106,0,70,0,14,0,11,0,67,0,0,0,11,0,125,0,31,0,3,0,0,0,32,0,8,0,0,0,0,0,102,0,0,0,0,0,0,0,0,0,0,0,36,0,0,0,0,0,0,0,1,0,0,0,0,0,0,0,0,0,0,0,0,0,19,0,0,0,0,0,2,0,0,0,0,0,0,0,0,0,6,0,0,0,0,0,2,0,0,0,0,0,0,0,0,0,0,0,0,0,0,0,7,0,0,0,0,0,0,0,0,0,0,0,0,0,0,0,0,0,47,0,35,0,5,0,0,0,0,0,0,0,0,0,0,0,0,0,0,0,0,0,1,0,0,0,23,0,3,0,0,0,11,0,0,0,56,0,10,0,0,0,0,0,0,0,6,0,0,0,0,0,1,0,0,0,0,0,0,0,0,0,0,0,1,0,0,0,0,0,0,0,0,28,0,0,0,54,69,38,0,0,0,0
237,0,515,0,531,0,0,0,0,0,263,0,0,0,228,0,252,12,0,0,79,3,114,0,7,0,40,0,34,0,33,0,0,0,115,0,162,0,10,0,0,0,85,0,25,0,0,0,1,0,44,0,0,0,0,0,0,0,0,0,5,0,29,0,0,0,0,0,0,0,12,0,0,0,9,0,0,0,0,0,0,0,0,0,20,0,0,0,0,0,0,0,0,0,0,0,0,0,0,0,0,0,0,0,0,0,0,0,0,0,0,0,0,0,0,0,0,0,0,0,27,0,0,0,0,0,0,0,0,0,0,0,0,0,0,0,0,0,16,0,0,0,0,0,41,0,0,0,0,0,0,0,0,0,3,0,2,0,0,0,0,0,0,0,0,0,24,0,0,0,5,0,5,0,0,0,95,14,38,0,0,0,72,0,0,0,0,0,0,0,0,0,0,0,0,0,0,0,0,0,0,0,0,0,0,0,0,0,0,0,31,49,14,0,7,0,0,0,0,0,0,0,0,0,0
0,241,0,358,45,555,0,51,0,0,0,479,0,0,47,55,0,73,0,0,44,72,0,83,0,0,0,0,1,24,6,11,0,0,2,205,0,101,0,3,0,0,0,38,0,16,0,0,0,0,0,61,0,3,0,0,0,0,0,0,0,12,0,58,0,0,0,0,0,0,0,3,0,0,0,0,0,0,0,0,0,0,0,0,0,0,0,0,0,0,0,0,0,0,0,0,0,0,0,0,0,0,0,0,0,0,0,0,0,0,0,0,0,0,0,0,0,0,0,0,0,0,0,0,0,0,0,0,0,0,0,6,0,0,0,0,0,0,0,96,0,96,0,37,0,49,0,0,0,35,0,46,0,29,0,0,0,18,0,8,0,0,0,1,0,0,0,33,0,0,0,3,0,21,0,0,0,210,0,91,0,49,0,0,0,48,0,0,0,0,0,0,0,0,0,0,0,0,0,0,0,0,0,0,0,0,0,0,0,17,0,0,0,0,0,0,0,0,69,217,48,0,0,0,0
0,0,0,0,297,0,0,0,0,0,0,0,195,86,110,23,0,0,253,104,109,12,7,0,0,0,73,75,35,0,30,0,115,2,0,0,116,0,15,0,0,0,145,0,14,0,0,0,0,0,150,6,0,0,0,0,0,0,0,0,0,0,0,0,0,0,0,0,0,0,0,0,0,0,0,0,0,0,0,0,2,0,0,0,0,0,0,0,0,0,0,0,0,0,0,0,0,0,0,0,0,0,0,0,0,0,0,0,0,0,0,0,0,0,0,0,0,0,0,0,0,0,0,0,0,0,0,0,0,0,0,0,0,0,0,0,0,0,0,0,3,0,0,0,0,0,0,0,0,0,0,0,0,0,0,0,0,0,0,0,0,0,0,0,29,0,71,0,54,0,0,0,23,0,0,0,60,30,0,0,0,0,0,0,0,0,0,3,0,0,0,0,0,0,0,0,0,0,0,0,0,0,0,0,0,0,0,0,0,0,42,190,158,0,0,0,0,0,0,0,0,0,0,0,0
0,23,0,9,0,340,0,0,0,0,0,148,42,387,50,108,0,0,0,477,0,126,0,7,0,0,0,166,0,108,0,125,0,205,0,0,0,204,0,6,0,2,0,27,0,25,0,0,0,2,0,75,0,4,0,0,0,0,0,0,0,7,0,32,0,0,0,0,0,0,0,0,0,0,0,0,0,0,0,0,0,12,0,0,0,0,0,0,0,0,0,0,0,0,0,0,0,0,0,8,0,0,0,0,0,0,0,0,0,0,0,0,0,0,0,0,0,0,0,0,0,0,0,0,0,0,0,0,0,0,0,0,0,0,0,0,0,0,0,0,0,113,0,51,0,23,0,0,0,0,0,0,0,0,0,0,0,0,0,0,0,0,0,0,0,13,0,67,0,22,0,3,0,24,0,0,0,120,0,27,0,0,0,0,0,0,0,154,0,0,0,0,0,0,0,4,0,0,0,0,0,0,0,2,0,0,0,0,0,0,0,0,0,0,26,0,0,0,79,94,78,9,0,0,0
153,0,119,0,619,23,0,0,0,0,316,7,91,0,219,16,29,0,70,23,77,0,79,0,3,0,86,0,41,0,14,0,162,0,116,0,0,0,74,0,0,0,84,0,77,0,0,0,16,0,75,0,5,0,0,0,0,0,0,0,44,0,31,0,0,0,0,0,0,0,159,0,11,0,74,0,0,0,0,0,0,0,0,0,93,0,0,0,0,0,26,0,0,0,0,0,56,0,0,0,0,0,1,0,0,0,26,0,0,0,0,0,0,0,0,0,0,0,0,0,0,0,75,0,0,0,0,0,6,0,0,0,0,0,0,0,65,0,72,0,127,0,43,0,236,0,0,0,0,0,0,0,0,0,4,0,21,0,3,0,0,0,25,0,9,0,30,0,28,0,31,0,55,0,0,0,59,11,16,0,0,0,38,0,0,0,0,0,0,0,0,0,0,0,1,0,0,0,0,0,0,0,0,0,0,0,0,0,0,0,23,55,60,0,2,0,0,0,0,0,0,0,0,0,0
0,399,0,141,62,356,0,0,0,0,12,298,49,84,21,87,0,37,30,70,27,42,0,68,0,0,0,31,0,60,0,31,0,101,0,204,0,0,0,27,0,0,0,67,0,28,0,0,0,8,5,104,0,6,0,5,0,0,0,0,0,28,0,57,0,0,0,0,0,0,0,0,0,0,0,4,0,0,0,0,0,8,0,0,0,18,0,0,0,0,0,0,0,0,0,3,0,1,0,0,0,3,0,2,0,0,0,1,0,0,0,0,0,0,0,0,0,0,0,0,0,0,0,11,0,0,0,0,0,0,0,0,0,0,0,0,0,0,0,161,0,293,0,77,0,102,0,0,0,0,0,0,0,0,0,0,0,25,0,10,0,0,0,0,0,6,0,35,0,27,0,15,0,40,0,0,22,160,0,84,0,25,0,35,0,0,0,114,0,1,0,0,0,0,0,0,0,0,0,0,0,0,0,0,0,0,0,0,0,12,0,0,0,0,5,0,0,0,31,424,49,6,0,0,0
402,0,392,0,0,0,144,0,45,0,0,0,0,0,0,0,302,0,0,0,14,0,52,0,9,14,0,0,18,0,57,0,10,0,15,0,74,0,0,0,0,0,25,0,8,0,0,0,2,0,16,0,5,0,0,0,0,0,0,0,19,0,75,0,0,0,0,0,0,0,19,0,0,0,9,0,0,0,0,0,0,0,0,0,0,0,0,0,0,0,0,0,0,0,0,0,0,0,0,0,0,0,0,0,0,0,0,0,0,0,0,0,0,0,0,0,0,0,0,0,0,0,33,0,0,0,0,0,0,0,0,0,0,0,0,0,37,0,88,0,119,0,44,0,120,0,0,0,0,0,0,0,0,0,4,0,8,0,6,0,0,0,0,0,0,0,1,0,0,0,6,0,26,0,0,0,93,0,0,0,0,0,54,0,0,0,0,0,0,0,0,0,0,0,0,0,0,0,0,0,0,0,0,0,0,0,0,0,0,0,116,109,0,0,18,0,0,0,0,0,0,0,0,0,0
24,490,0,287,0,53,0,426,0,0,0,42,0,1,0,19,23,225,0,0,0,5,34,50,9,128,0,0,0,15,0,3,0,3,0,6,0,27,0,0,0,0,0,0,0,1,0,0,0,0,0,5,0,15,0,10,0,2,0,3,0,23,0,203,0,0,0,0,0,0,0,0,0,0,0,0,0,0,0,0,0,0,0,0,0,5,0,0,0,0,0,0,0,0,0,0,0,0,0,0,0,0,0,0,0,0,0,0,0,0,0,0,0,0,0,0,0,0,0,0,0,0,0,0,0,0,0,0,0,0,0,0,0,0,0,0,0,0,0,131,0,104,0,40,0,63,0,0,0,0,0,0,0,0,0,4,0,6,0,24,0,0,0,0,0,0,0,2,0,0,0,2,0,29,0,0,7,77,0,15,0,0,0,72,0,0,0,0,0,0,0,0,0,0,0,0,0,0,0,0,0,0,0,0,0,0,0,0,0,0,0,1,0,0,0,0,0,0,10,166,1,0,0,0,0
24,0,36,0,140,0,3,0,7,0,56,0,222,94,43,0,0,0,31,0,0,0,0,0,11,0,45,306,0,0,0,0,0,0,0,0,0,0,0,0,0,103,26,0,57,115,126,198,72,16,21,24,0,0,4,0,0,0,0,0,0,0,0,0,0,0,0,0,0,0,0,0,0,0,0,0,0,0,0,0,0,0,0,0,0,0,0,0,0,0,0,0,0,0,0,0,0,0,0,0,0,0,0,0,5,0,0,0,0,0,0,0,0,0,0,0,0,0,0,0,0,0,0,0,0,0,0,0,0,0,0,0,0,0,0,0,19,0,0,0,0,0,13,0,0,0,21,0,0,0,0,0,0,0,0,0,0,0,0,0,0,0,0,0,9,0,0,0,0,0,0,0,0,0,0,0,26,96,49,0,30,0,24,0,38,0,233,5,0,0,0,0,0,0,0,0,0,0,0,0,0,0,0,0,0,0,0,0,0,0,0,166,66,0,0,0,0,55,0,120,0,0,0,0,0
0,15,0,0,3,43,0,2,0,0,0,65,57,198,0,0,0,0,0,0,0,2,0,0,0,2,83,20,0,0,0,0,0,0,0,2,0,0,0,0,103,0,0,40,30,68,52,144,7,116,0,10,0,0,0,0,0,0,0,0,0,0,0,0,0,0,0,0,0,1,0,0,0,0,0,0,0,0,0,0,0,0,0,0,0,0,0,0,0,0,0,0,0,0,0,0,0,0,0,3,0,0,0,7,0,0,0,0,0,0,0,0,0,0,0,0,0,0,0,0,0,0,0,0,0,0,0,0,0,0,0,0,0,0,0,0,0,0,0,0,0,0,0,0,0,0,0,0,0,0,0,0,0,0,0,0,0,0,0,0,0,0,0,0,0,28,0,0,0,0,0,0,0,0,0,0,0,346,0,74,0,18,0,0,0,0,44,18,0,0,0,0,0,0,0,0,0,0,0,0,0,0,0,0,0,0,0,0,0,0,0,3,0,0,0,0,0,0,10,135,55,0,0,0,33
0,0,0,0,0,0,0,0,0,0,0,0,84,0,0,0,0,0,12,0,14,0,0,0,0,0,71,64,60,0,122,0,85,0,145,0,84,0,25,0,26,0,0,0,55,8,9,33,14,0,35,8,0,0,0,0,0,0,0,0,3,0,14,0,0,0,0,0,0,0,0,0,0,0,0,0,0,0,0,0,0,0,0,0,0,0,0,0,0,0,0,0,0,0,0,0,0,0,0,0,0,0,0,0,0,0,0,0,0,0,0,0,0,0,0,0,0,0,0,0,0,0,0,0,0,0,0,0,0,0,0,0,0,0,0,0,0,0,0,0,21,0,0,0,0,0,0,0,0,0,0,0,0,0,0,0,0,0,0,0,0,0,0,0,32,1,3,0,10,0,0,0,0,0,0,0,3,8,42,0,0,0,0,0,0,0,84,0,0,0,0,0,0,0,0,0,0,0,0,0,0,0,0,0,0,0,0,0,0,0,0,51,93,0,0,0,0,0,0,9,0,0,0,0,0
0,0,0,5,0,0,0,0,0,0,0,27,0,181,0,0,0,0,0,65,0,29,0,0,0,0,0,299,0,15,0,32,0,38,0,27,0,67,0,0,0,40,0,0,3,200,11,58,0,88,0,74,0,0,0,0,0,0,0,0,0,0,0,0,0,0,0,0,0,0,0,12,0,0,0,17,0,0,0,0,0,0,0,0,0,57,0,0,0,0,0,0,0,0,0,0,0,0,0,0,0,0,0,0,0,0,0,0,0,0,0,0,0,0,0,0,0,0,0,0,0,0,0,27,0,0,0,0,0,0,0,0,0,0,0,0,0,0,0,28,0,96,0,75,0,23,0,0,0,0,0,0,0,0,0,0,0,2,0,0,0,0,0,5,0,78,0,35,0,35,0,6,0,15,0,0,0,88,0,0,0,8,0,0,0,0,5,100,0,12,0,0,0,0,0,0,0,0,0,0,0,0,0,0,0,0,0,0,0,0,0,0,0,0,27,0,0,0,73,178,337,0,0,0,0
24,0,0,0,30,0,0,0,15,0,31,0,24,0,25,0,124,0,52,0,58,0,0,0,53,0,247,0,27,0,20,0,25,0,14,0,77,0,8,0,57,30,55,3,0,41,146,41,176,35,113,0,0,0,0,0,0,0,0,0,8,0,110,0,0,0,0,0,15,0,114,0,7,0,67,0,0,0,0,0,36,0,0,0,253,0,0,0,0,0,56,0,26,0,0,0,163,0,205,0,28,0,24,0,0,0,87,0,2,0,0,0,1,0,0,0,0,0,0,0,147,0,117,0,0,0,7,0,0,0,0,0,0,0,0,0,93,0,0,0,0,0,58,0,59,0,0,0,0,0,0,0,0,0,0,0,0,0,0,0,3,0,16,0,244,0,49,0,65,0,18,0,38,0,0,0,0,17,10,0,28,0,39,0,0,0,118,0,0,0,0,0,0,0,34,0,5,0,0,0,0,0,0,0,0,0,0,0,39,0,34,159,439,8,16,0,0,95,0,39,0,0,0,0,5
0,42,0,7,0,0,0,0,0,0,0,56,0,26,0,0,0,0,0,102,0,39,0,0,0,0,0,156,0,2,0,8,0,16,0,25,0,28,0,1,115,68,8,200,41,0,103,121,12,130,0,111,0,0,0,0,0,8,0,1,0,0,0,0,0,0,0,0,0,0,0,15,0,5,0,15,0,14,0,0,0,78,0,49,0,50,0,20,0,20,0,0,0,28,0,80,0,0,0,44,0,50,0,27,0,0,0,31,0,0,0,0,0,14,0,0,0,1,0,0,0,22,0,16,0,0,0,0,0,0,0,0,0,0,0,0,0,0,0,0,0,53,0,66,0,27,0,0,0,0,0,22,0,0,0,0,0,0,0,0,0,0,0,3,0,231,0,24,0,102,0,0,0,26,0,1,0,103,0,0,0,9,0,0,0,0,59,20,0,0,0,0,0,0,0,60,0,0,0,0,0,0,0,17,0,0,0,0,0,0,0,5,0,0,26,0,0,0,99,728,690,0,0,0,225
24,0,0,0,90,0,8,0,22,0,52,0,170,0,36,0,61,0,34,0,0,0,122,0,85,0,167,129,2,0,0,0,0,0,0,0,0,0,0,0,126,52,9,11,146,103,0,117,139,27,0,10,0,0,50,0,0,0,0,0,0,0,36,0,0,0,0,0,0,0,4,0,0,0,0,0,0,0,0,0,0,0,0,0,49,0,0,0,0,0,0,0,0,0,0,0,41,0,0,0,0,0,0,0,44,0,41,0,0,0,0,0,0,0,0,0,0,0,0,0,12,0,0,0,0,0,20,0,0,0,0,0,15,0,54,0,124,0,0,0,0,0,62,0,0,0,29,0,0,0,203,0,94,0,0,0,0,0,0,0,0,0,0,0,43,0,2,0,0,0,0,0,0,0,0,0,0,58,25,0,0,0,62,0,107,0,114,0,0,0,0,0,0,0,0,0,0,0,0,0,50,0,0,0,0,0,26,0,67,0,0,264,190,0,0,0,0,156,0,88,0,0,0,0,0
0,68,0,0,0,233,0,8,0,0,0,267,136,218,0,0,0,0,52,50,0,9,0,0,0,1,162,195,0,0,0,0,0,0,0,0,0,0,0,0,198,144,33,58,41,121,117,0,5,89,26,43,0,0,0,0,0,0,0,0,0,0,0,0,0,0,0,0,0,0,0,0,0,0,0,0,0,0,0,0,0,0,0,0,0,0,0,0,0,0,0,0,0,0,0,0,0,2,0,0,0,0,0,0,0,0,0,0,0,0,0,0,0,0,0,0,0,0,0,0,0,0,0,0,0,2,0,0,0,0,0,0,0,0,0,0,0,0,0,0,0,0,0,0,0,0,0,5,0,0,0,0,0,0,0,0,0,0,0,0,0,0,0,0,0,5,0,0,0,0,0,0,0,0,0,0,0,184,0,4,0,0,0,0,0,0,67,30,0,0,0,0,0,0,0,0,0,0,0,0,0,0,0,0,0,0,0,0,0,7,0,5,0,0,0,0,0,0,0,401,57,0,0,0,139
20,0,28,0,15,0,37,0,18,0,12,0,9,0,0,0,7,0,0,0,3,0,7,0,0,0,13,3,0,0,0,0,1,0,0,0,16,0,2,0,72,7,14,0,176,12,139,5,0,13,21,0,0,0,9,0,11,0,14,0,0,0,12,0,1,0,6,0,6,0,26,0,7,0,18,0,0,0,0,0,6,0,9,0,27,0,7,0,2,0,11,0,26,0,9,0,11,0,29,0,6,0,30,0,5,0,10,0,0,0,0,0,0,0,0,0,0,0,0,0,31,0,0,0,5,0,5,0,0,0,0,0,3,0,0,0,0,0,0,0,0,0,6,0,5,0,0,0,0,0,17,0,9,0,0,0,2,0,1,0,5,0,7,0,19,0,16,0,9,0,19,0,31,0,5,0,31,4,29,0,14,0,4,0,5,0,105,0,25,0,11,0,0,0,31,0,0,0,13,0,13,1,15,0,0,0,4,0,6,0,74,49,281,26,113,0,0,17,0,9,0,0,0,0,0
0,18,0,0,0,12,0,1,0,6,0,58,3,61,0,0,0,0,0,5,0,0,0,0,0,0,8,22,0,0,0,0,0,0,0,2,0,8,0,0,16,116,0,88,35,130,27,89,13,0,0,29,0,0,0,4,0,0,0,0,0,0,0,4,0,5,0,0,0,1,0,0,0,2,0,7,0,1,0,2,0,0,0,7,0,0,0,7,0,4,0,0,0,0,0,8,0,4,0,0,0,5,0,2,0,2,0,0,0,0,0,0,0,0,0,0,0,0,0,0,0,0,0,12,0,0,0,0,0,0,0,0,0,0,0,0,0,0,0,0,0,0,0,17,0,0,0,1,0,6,0,23,0,25,0,0,0,0,0,4,0,1,0,0,0,51,0,3,0,0,0,0,0,1,0,0,0,63,0,20,0,42,0,8,0,28,21,22,0,0,0,0,0,0,0,4,0,0,0,0,0,0,0,0,0,0,0,0,0,0,0,5,0,0,6,0,0,8,30,68,14,4,0,0,29
0,0,0,0,47,0,8,0,0,0,0,0,520,69,0,0,10,0,206,37,39,0,0,0,0,0,340,167,34,0,52,0,44,0,150,0,75,5,16,0,21,0,35,0,113,0,0,26,21,0,0,4,0,0,0,0,0,0,0,0,0,0,11,0,0,0,0,0,0,0,54,0,8,0,22,0,0,0,8,0,13,0,41,0,0,0,14,0,0,0,19,0,0,0,20,0,45,0,0,0,0,0,0,0,0,0,24,0,0,0,0,0,0,0,0,0,1,0,0,0,51,0,20,0,0,0,0,0,0,0,0,0,0,0,0,0,0,0,3,0,12,0,0,0,13,0,0,0,0,0,0,0,0,0,0,0,0,0,0,0,0,0,14,0,53,0,30,0,117,0,17,0,51,0,0,0,0,11,66,0,0,0,0,0,0,0,40,0,0,0,0,0,42,0,45,0,0,0,0,0,0,0,19,0,0,0,0,0,0,0,25,101,219,4,12,0,0,0,0,6,0,0,0,0,0
0,0,0,0,0,0,0,0,0,0,0,32,35,256,0,6,0,0,0,178,0,90,0,0,0,0,37,393,0,27,0,102,0,61,6,75,0,104,0,5,24,10,8,74,0,111,10,43,0,29,4,0,0,0,0,0,0,0,0,0,0,0,0,10,0,0,0,0,0,0,0,16,0,3,0,12,0,0,0,0,0,67,0,0,0,0,0,20,0,0,0,0,0,0,0,0,0,0,0,0,0,19,0,0,0,0,0,0,0,0,0,0,0,0,0,0,0,0,0,0,0,0,0,18,0,0,0,0,0,0,0,0,0,0,0,0,0,33,0,0,0,94,0,64,0,28,0,0,0,0,0,0,0,0,0,0,0,0,0,0,0,0,0,6,0,50,0,53,0,142,0,10,0,38,0,0,5,120,0,0,0,0,0,0,0,0,3,216,0,10,0,7,0,0,0,39,0,0,0,0,0,0,0,0,0,0,0,0,0,0,0,0,0,0,0,0,0,0,19,0,90,0,0,0,0
0,0,0,0,0,0,35,0,109,46,0,0,0,0,0,0,155,0,0,0,0,0,12,0,73,0,0,0,3,0,0,0,0,0,0,0,5,0,5,0,0,0,0,0,0,0,0,0,0,0,0,0,0,127,109,149,107,66,80,68,31,0,96,6,1,10,77,87,0,0,0,0,0,0,0,0,0,0,0,0,0,0,0,0,33,0,0,0,0,0,9,0,0,0,0,0,35,0,0,0,0,0,4,0,0,0,0,0,0,0,0,0,0,0,0,0,0,0,0,0,0,0,0,0,0,0,1,0,102,0,9,0,25,0,0,0,202,0,278,0,105,0,73,0,44,0,0,0,0,0,0,0,0,0,242,4,66,0,217,4,46,0,18,0,0,0,0,0,9,0,111,0,0,0,7,4,5,0,0,0,0,0,4,0,83,1,0,0,0,0,0,0,0,0,0,0,0,0,0,0,0,0,0,0,0,0,0,0,4,0,20,16,85,70,41,0,3,2,0,6,8,0,0,0,0
5,13,0,0,0,0,95,70,185,204,0,0,0,0,0,0,19,12,0,0,0,17,0,0,68,22,0,0,0,13,0,0,0,3,0,4,0,6,0,15,0,0,0,0,0,0,0,0,0,0,0,0,127,0,176,76,0,107,31,14,5,14,103,72,0,1,94,85,0,0,0,0,0,0,0,0,0,0,0,0,0,0,0,0,0,0,0,0,0,0,0,0,0,0,0,0,1,0,0,0,0,0,0,0,0,0,0,0,0,0,0,0,0,0,0,0,0,0,0,0,0,0,0,0,0,13,0,0,0,67,0,10,0,41,0,32,0,129,0,188,0,31,0,19,0,24,0,0,0,0,0,0,0,0,0,110,0,38,0,131,0,24,0,2,0,0,0,0,0,0,0,3,0,0,0,0,20,26,0,0,0,0,0,0,0,37,0,0,0,0,0,0,0,0,0,0,0,0,0,0,0,0,0,0,0,0,0,0,0,12,0,8,0,0,34,0,0,0,49,13,20,23,0,6,0
0,0,49,0,0,0,190,0,135,113,4,0,0,0,17,0,29,0,0,0,0,0,93,0,241,0,0,0,0,0,0,0,0,0,0,0,0,0,0,0,4,0,0,0,0,0,50,0,9,0,0,0,109,176,0,209,99,68,14,39,8,0,16,25,0,0,11,126,0,0,0,0,0,0,0,0,0,0,0,0,0,0,0,0,0,0,0,0,0,0,0,0,0,0,0,0,0,0,0,0,0,0,0,0,0,0,0,0,0,0,0,0,0,0,0,0,0,0,0,0,0,0,0,0,12,0,10,0,94,0,89,0,53,0,38,0,61,0,4,0,0,0,74,0,0,0,0,0,2,0,9,0,0,0,41,5,3,0,39,5,109,0,0,0,0,0,1,0,14,0,186,0,13,0,4,0,7,0,0,0,0,0,0,0,15,2,0,0,0,0,0,0,0,0,0,0,0,0,0,0,0,0,0,0,0,0,6,0,30,0,79,31,248,175,121,0,20,3,0,0,0,0,0,0,0
29,42,0,97,0,19,174,411,300,238,0,2,0,0,0,64,69,16,0,27,0,0,0,36,155,603,0,0,0,0,0,0,0,0,0,0,0,5,0,10,0,0,0,0,0,0,0,0,0,4,0,0,149,76,209,0,0,263,0,22,8,83,204,76,0,8,42,71,0,0,0,0,0,0,0,0,0,0,0,0,0,0,0,0,0,7,0,0,0,0,0,0,0,0,0,0,0,2,0,1,0,0,0,0,0,12,0,9,0,0,0,0,0,0,0,0,0,0,0,0,0,0,0,1,0,58,0,38,0,49,0,146,0,58,0,79,0,185,0,37,0,12,0,0,0,0,1,0,0,30,0,19,0,0,0,68,1,27,0,41,0,52,0,0,0,3,0,0,0,18,0,249,0,0,0,0,49,34,0,0,0,3,0,0,0,36,0,0,0,0,0,0,0,7,0,0,0,0,0,5,0,0,0,0,0,0,0,33,0,147,0,0,38,0,301,0,0,0,221,28,440,432,0,150,0
0,0,0,0,0,0,24,0,31,0,0,0,0,0,0,0,15,0,0,0,0,0,15,0,48,0,0,0,0,0,0,0,0,0,0,0,0,0,0,0,0,0,0,0,0,0,0,0,11,0,0,0,107,0,99,0,0,0,203,23,0,0,13,0,19,20,27,32,0,0,0,0,0,0,0,0,0,0,1,0,0,0,0,0,0,0,1,0,0,0,0,0,0,0,0,0,0,0,0,0,0,0,0,0,0,0,0,0,0,0,0,0,0,0,0,0,0,0,0,0,0,0,0,0,3,0,0,0,73,0,52,0,19,0,5,0,10,0,0,0,0,0,7,0,0,0,0,0,4,0,0,0,0,0,121,5,7,0,72,2,111,13,67,0,0,0,0,0,33,0,178,0,1,0,31,1,0,0,0,0,33,21,0,0,29,0,0,0,0,0,0,0,0,0,0,0,0,0,0,0,0,0,0,0,0,0,0,0,4,0,305,78,620,628,936,4,40,0,4,0,4,3,0,0,0
0,9,0,0,0,0,0,17,44,131,0,0,0,0,0,0,0,57,0,0,0,0,0,0,0,124,0,0,0,0,0,0,0,0,0,0,0,0,0,2,0,0,0,0,0,8,0,0,0,0,0,0,66,107,68,263,0,0,34,155,0,8,25,54,0,10,86,67,0,0,0,0,0,0,0,0,0,0,0,0,0,0,0,0,0,0,0,0,0,0,0,0,0,2,0,0,0,0,0,2,0,0,0,0,0,0,0,0,0,0,0,0,0,0,0,0,0,0,0,0,0,0,0,0,0,58,0,14,0,54,0,139,0,23,0,0,0,99,0,26,0,6,0,10,0,6,0,5,0,11,0,0,0,0,2,222,0,11,0,156,0,62,0,224,0,0,0,0,0,36,0,159,0,12,0,0,6,0,0,0,0,0,0,0,4,17,0,0,0,0,0,0,0,0,0,0,0,0,0,0,0,0,0,0,0,0,0,0,0,85,0,0,0,0,392,0,0,0,117,22,679,510,0,78,1
8,0,0,0,0,0,12,0,135,0,0,0,0,0,0,0,0,0,0,0,0,0,4,0,9,0,0,0,0,0,0,0,0,0,0,0,0,0,0,0,0,0,0,0,0,0,0,0,14,0,0,0,80,31,14,0,203,34,0,60,0,0,14,0,74,35,42,81,0,0,0,0,0,0,0,0,0,0,0,0,0,0,0,0,0,0,0,0,0,0,0,0,0,0,0,0,0,0,0,0,0,0,0,0,0,0,0,0,0,0,0,0,0,0,0,0,0,0,0,0,0,0,0,0,12,0,0,0,0,0,60,0,0,0,0,0,2,0,3,0,0,0,3,0,0,0,0,0,4,0,0,0,0,0,23,14,27,0,4,12,30,17,0,0,0,0,0,0,17,0,0,0,0,0,65,2,0,0,0,0,34,9,0,0,25,1,0,0,0,0,0,0,0,0,0,0,0,0,0,0,0,0,0,0,0,0,0,0,0,0,490,204,377,590,1070,0,60,0,5,1,0,0,0,0,0
0,6,0,0,0,0,0,0,0,76,0,0,0,0,0,0,0,0,0,0,0,0,0,0,0,0,0,0,0,0,0,0,0,0,0,0,0,0,0,3,0,0,0,0,0,1,0,0,0,0,0,0,68,14,39,22,23,155,60,0,0,0,0,0,0,94,125,241,0,0,0,0,0,0,0,0,0,0,0,0,0,0,0,0,0,0,0,0,0,0,0,0,0,0,0,0,0,0,0,0,0,0,0,0,0,0,0,0,0,0,0,0,0,0,0,0,0,0,0,0,0,0,0,0,0,47,0,7,0,4,0,76,0,0,0,0,0,0,0,0,0,0,0,0,0,16,0,6,0,25,0,5,0,0,6,17,0,54,0,13,1,20,0,63,0,3,0,0,0,17,0,0,0,0,11,43,4,0,0,0,4,0,0,0,0,35,0,0,0,0,0,0,0,0,0,0,0,0,0,0,0,0,0,0,0,0,0,0,0,23,9,11,0,0,1502,0,0,1,671,184,627,912,0,130,0
91,0,41,0,0,0,203,0,209,0,0,0,0,0,0,0,34,0,0,0,0,0,0,0,12,0,0,0,0,0,0,0,5,0,0,0,44,0,19,0,0,0,3,0,8,0,0,0,0,0,0,0,31,5,8,8,0,0,0,0,0,0,69,0,0,0,15,0,0,0,11,0,0,0,1,0,0,0,0,0,1,0,0,0,0,0,0,0,0,0,0,0,0,0,0,0,0,0,0,0,0,0,0,0,0,0,0,0,0,0,0,0,0,0,0,0,0,0,0,0,0,0,0,0,0,0,0,0,0,0,0,0,0,0,0,0,36,0,180,0,85,0,0,0,263,0,0,0,0,0,0,0,0,0,28,0,70,0,4,0,0,0,4,0,0,0,0,0,3,0,191,0,19,0,0,0,55,0,0,0,0,0,49,0,14,0,0,0,0,0,0,0,0,0,0,0,0,0,0,0,0,0,0,0,0,0,0,0,0,0,62,97,7,22,38,0,0,0,0,0,0,0,0,0,0
0,73,0,0,0,0,0,160,0,260,0,0,0,0,0,0,0,0,0,0,0,0,0,0,0,19,0,0,0,6,0,0,0,12,0,7,0,28,0,23,0,0,0,0,0,0,0,0,0,0,0,0,0,14,0,83,0,8,0,0,0,0,0,66,0,0,0,26,0,1,0,0,0,0,0,0,0,0,0,0,0,0,0,0,0,0,0,0,0,0,0,0,0,0,0,0,0,0,0,0,0,0,0,0,0,0,0,0,0,0,0,0,0,0,0,0,0,0,0,0,0,0,0,0,0,0,0,0,0,0,0,0,0,0,0,0,0,0,0,116,0,103,0,11,0,222,0,0,0,0,0,0,0,0,0,10,0,108,0,41,0,0,0,10,0,0,0,6,0,2,0,124,0,32,0,0,5,40,0,0,0,0,0,51,0,16,0,0,0,0,0,0,0,0,0,0,0,0,0,0,0,0,0,0,0,0,0,0,0,0,2,0,0,0,41,0,0,0,133,393,50,78,0,30,0
40,6,36,0,0,0,276,33,278,116,0,0,0,0,0,0,489,2,0,0,104,0,16,0,34,57,71,0,54,0,25,0,29,0,0,0,31,0,75,0,0,0,14,0,110,0,36,0,12,0,11,0,96,103,16,204,13,25,14,0,69,0,0,44,0,0,19,14,0,0,20,0,0,0,13,0,0,0,0,0,12,0,0,0,101,0,0,0,0,0,0,0,0,0,0,0,60,0,0,0,0,0,0,0,0,0,0,0,0,0,0,0,0,0,0,0,0,0,0,0,63,0,81,0,0,0,0,0,32,0,0,0,0,0,0,0,200,0,287,0,208,0,119,0,90,0,0,0,0,0,0,0,0,0,36,0,4,0,50,0,0,0,0,0,0,0,0,0,0,0,25,0,14,0,0,0,60,2,0,0,0,0,21,0,15,0,0,0,0,0,0,0,0,0,0,0,0,0,1,0,0,0,0,0,0,0,0,0,0,0,19,52,16,13,18,0,2,0,11,4,0,0,0,0,0
88,66,40,0,0,0,119,147,79,357,0,0,0,0,0,0,108,122,0,37,0,236,23,36,252,32,0,0,1,218,0,36,0,58,0,32,0,57,0,203,0,0,0,0,0,0,0,0,0,4,0,10,6,72,25,76,0,54,0,0,0,66,44,0,0,1,0,12,0,0,0,0,0,0,0,0,0,0,0,0,0,0,0,0,0,15,0,5,0,0,0,0,0,0,0,0,1,6,0,0,0,0,0,0,0,0,0,0,0,0,0,0,0,0,0,0,0,0,0,0,0,0,0,0,0,0,0,0,0,99,0,10,0,78,0,81,0,302,0,285,0,96,0,107,0,106,0,0,0,0,0,0,0,0,0,49,0,25,0,139,0,0,0,0,0,0,0,0,0,0,3,6,0,0,0,0,10,70,0,0,0,0,0,28,0,6,0,0,0,0,0,0,0,1,0,0,0,0,0,0,0,19,0,0,0,0,0,0,0,0,0,0,0,0,27,0,0,0,43,54,0,36,0,0,0
17,0,0,0,0,0,9,0,142,0,0,0,0,0,0,0,0,0,0,0,0,0,0,0,0,0,0,0,0,0,0,0,0,0,0,0,0,0,0,0,0,0,0,0,0,0,0,0,1,0,0,0,1,0,0,0,19,0,74,0,0,0,0,0,0,21,55,4,0,0,0,0,1,0,1,0,0,0,0,0,0,0,0,0,0,1,0,0,0,0,0,0,0,0,0,0,0,0,0,0,0,0,0,0,0,0,3,1,0,0,0,0,0,0,0,0,0,0,0,0,0,0,0,0,4,0,3,0,0,0,34,3,2,0,0,2,2,0,13,0,0,0,0,0,60,0,29,0,21,5,0,0,9,0,21,5,11,0,5,0,95,82,0,5,0,0,0,0,0,0,0,0,0,0,95,0,0,0,0,0,240,95,22,0,100,0,0,0,0,0,0,0,0,0,0,0,0,0,0,0,0,0,0,0,0,0,0,0,8,0,259,12,28,0,403,3,0,1,16,2,0,0,0,0,0
0,61,0,0,0,29,0,4,0,371,0,24,0,0,0,12,0,0,0,0,0,5,0,0,0,0,0,46,0,0,0,0,0,0,0,0,0,0,0,0,0,0,0,0,0,0,0,0,0,5,0,0,10,1,0,8,20,10,35,94,0,0,0,1,21,0,25,264,0,0,0,0,0,0,0,0,0,0,0,0,0,1,0,0,0,0,0,0,0,0,0,0,0,0,0,0,0,1,0,0,0,0,0,0,0,0,0,0,0,0,0,0,0,0,0,0,0,0,0,0,0,0,0,0,0,33,0,7,1,0,4,28,0,0,0,0,0,3,2,0,0,0,0,0,0,0,0,76,11,145,0,47,1,32,3,0,0,0,4,0,7,76,0,21,0,0,0,0,0,0,0,0,0,0,4,82,1,0,0,0,24,155,0,0,0,92,0,0,0,0,0,0,0,0,0,0,0,0,0,0,0,0,0,0,0,0,0,13,0,17,4,0,0,3,368,0,0,0,301,45,120,0,0,0,1
6,0,2,0,0,0,38,0,68,0,0,0,0,0,1,0,0,0,3,0,0,0,0,0,0,0,0,0,0,0,0,0,0,0,0,0,0,0,0,0,0,0,0,0,0,0,0,0,6,0,0,0,77,94,11,42,27,86,42,125,15,0,19,0,55,25,0,81,0,0,0,0,0,0,0,0,0,0,1,0,0,0,0,0,0,0,0,0,0,0,0,0,0,0,0,0,0,0,0,0,0,0,0,0,0,0,0,0,0,0,0,0,0,0,0,0,0,0,0,0,0,0,0,0,0,0,2,0,0,0,10,0,0,0,0,0,1,0,3,0,0,0,0,0,8,0,12,0,7,1,7,0,1,0,27,22,19,0,5,23,45,15,0,0,0,0,0,0,4,0,36,0,1,0,158,9,26,0,0,0,62,21,0,0,319,4,0,0,0,0,0,0,0,0,0,0,0,0,0,0,0,0,0,0,0,0,0,0,6,0,323,107,111,242,506,0,22,0,0,0,9,8,0,0,0
0,6,0,0,0,0,26,0,64,173,0,0,0,0,0,0,0,0,0,0,0,0,0,0,0,0,0,0,0,0,0,0,0,0,0,0,0,0,0,0,0,0,0,0,0,0,0,0,0,0,0,0,87,85,126,71,32,67,81,241,0,26,14,12,4,264,81,0,0,0,0,0,0,0,0,0,0,0,0,0,0,0,0,1,0,0,0,0,0,0,0,0,0,0,0,0,0,0,0,0,0,0,0,0,0,0,0,0,0,0,0,0,0,0,0,0,0,0,0,0,0,0,0,0,0,28,0,3,0,0,0,41,0,0,0,0,0,0,0,0,0,0,0,0,0,14,0,8,0,14,0,1,0,1,0,10,0,20,0,5,2,22,0,0,0,0,0,0,0,0,0,0,3,0,15,193,30,0,0,0,7,66,0,0,10,383,0,0,0,0,0,0,0,0,0,0,0,0,0,0,0,0,0,0,0,0,0,0,0,0,10,10,7,0,605,0,0,0,378,275,106,266,0,26,0
2,0,0,0,0,0,0,0,0,0,0,0,0,0,0,0,0,0,0,0,0,0,0,0,0,0,0,0,0,0,0,0,0,0,0,0,0,0,0,0,0,0,0,0,15,0,0,0,6,0,0,0,0,0,0,0,0,0,0,0,0,0,0,0,0,0,0,0,0,0,0,0,27,0,0,0,180,0,97,0,0,0,50,0,0,0,17,0,49,0,0,0,115,0,58,0,0,0,0,0,71,0,217,0,0,0,36,0,33,0,0,0,0,0,17,0,12,0,0,0,0,0,0,0,0,0,0,0,0,0,0,0,0,0,0,0,0,0,0,0,0,0,0,0,0,0,0,0,1,0,0,0,10,0,0,0,0,0,0,0,0,0,0,0,50,0,0,0,221,0,11,0,4,0,0,0,0,0,0,0,0,0,0,0,0,0,0,0,40,0,42,0,0,0,143,0,0,0,0,0,0,0,0,0,0,0,2,0,0,0,25,4,78,0,0,7,45,1,0,0,0,0,0,0,0
0,1,0,0,0,0,0,0,0,0,0,0,0,0,0,0,0,0,0,0,0,0,0,0,0,0,0,0,0,0,0,0,0,0,0,0,0,0,0,0,0,1,0,0,0,0,0,0,0,1,0,0,0,0,0,0,0,0,0,0,0,1,0,0,0,0,0,0,0,0,0,0,0,0,0,0,0,117,0,0,0,0,0,97,0,0,0,0,0,99,0,0,0,50,0,30,0,0,0,0,0,6,0,159,0,0,0,0,0,0,0,0,0,76,0,0,0,0,0,0,0,0,0,0,0,0,0,0,0,0,0,0,0,0,0,0,0,0,0,0,0,0,0,0,0,0,0,0,0,0,0,0,0,0,0,0,0,0,0,0,0,0,0,3,0,34,0,0,0,28,0,0,0,0,0,0,0,0,0,0,0,0,0,0,0,0,0,0,0,0,0,0,0,0,0,32,0,0,0,0,0,0,0,0,0,0,0,0,0,0,0,0,0,0,1,0,0,0,17,9,71,4,5,39,2
0,0,0,0,0,0,0,0,0,0,0,0,0,0,0,0,37,0,0,0,92,0,0,0,0,0,76,0,14,0,16,0,12,0,0,0,159,0,19,0,0,0,0,0,114,0,4,0,26,0,54,0,0,0,0,0,0,0,0,0,11,0,20,0,0,0,0,0,0,0,0,0,378,0,282,0,18,0,130,0,14,0,0,0,0,0,56,0,0,0,0,0,0,0,0,0,0,0,0,0,0,0,0,0,0,0,0,0,0,0,0,0,0,0,0,0,0,0,0,0,41,0,11,0,23,0,60,0,2,0,0,2,52,0,28,0,80,0,14,0,199,0,94,0,99,0,19,2,0,1,0,0,58,0,0,0,11,0,0,0,0,1,56,9,0,0,41,0,52,0,31,0,58,0,0,0,0,0,0,0,71,0,0,0,0,0,0,0,0,0,0,0,0,0,0,0,0,0,0,0,9,0,0,0,0,0,0,0,39,0,24,0,13,0,6,2,0,0,0,0,22,11,0,0,0
0,0,0,0,0,0,0,0,0,1,0,11,0,0,0,0,0,0,0,0,0,28,0,0,0,0,0,0,0,0,0,1,0,3,0,0,0,0,0,0,0,0,0,12,0,15,0,0,0,0,0,16,0,0,0,0,0,0,0,0,0,0,0,0,0,0,0,0,0,0,0,0,0,208,0,354,0,9,0,7,0,0,0,0,0,0,4,30,0,0,0,0,0,0,0,0,0,0,0,0,0,0,0,0,0,0,0,0,0,0,0,0,0,0,0,0,0,0,0,0,0,6,0,15,27,0,0,76,4,0,14,11,13,0,0,0,0,0,0,8,0,130,0,14,0,193,30,31,13,0,0,96,0,0,0,0,0,2,0,0,0,2,0,62,0,0,0,17,0,0,0,12,0,14,0,0,0,0,0,0,16,43,0,0,0,0,0,0,0,0,0,0,0,7,0,0,0,2,0,0,0,0,0,0,0,0,0,26,0,0,0,0,0,0,17,0,0,0,83,12,17,0,0,0,0
0,0,0,0,0,0,0,0,0,0,0,0,0,0,0,0,0,0,0,0,0,0,0,0,0,0,0,0,0,0,0,0,0,0,0,0,11,0,0,0,0,0,0,0,7,0,0,0,7,0,8,0,0,0,0,0,0,0,0,0,0,0,0,0,1,0,0,0,27,0,378,0,0,0,137,0,43,0,244,0,3,0,31,0,23,0,30,0,0,0,0,0,30,0,4,0,0,0,0,0,2,0,2,0,0,0,0,0,0,0,0,0,0,0,0,0,1,0,0,0,32,0,19,2,24,0,52,0,28,0,8,0,60,0,45,0,41,0,0,0,46,0,115,0,43,0,29,0,5,0,28,0,38,0,0,0,0,0,0,0,0,0,56,0,2,0,4,0,23,0,14,0,8,0,0,0,0,0,0,0,21,0,0,0,0,0,0,0,0,0,0,0,0,0,6,0,2,0,41,0,34,0,29,0,0,0,27,0,46,0,366,0,43,0,18,60,3,0,0,0,0,0,0,0,0
0,0,0,0,0,0,0,0,0,0,0,0,0,0,0,0,0,0,0,0,0,0,0,0,0,0,0,0,0,0,0,0,0,0,0,0,0,0,0,0,0,0,0,0,0,5,0,0,0,2,0,3,0,0,0,0,0,0,0,0,0,0,0,0,0,0,0,0,0,0,0,208,0,0,0,266,0,163,0,66,1,11,0,30,0,19,0,158,0,0,0,0,0,0,0,4,0,0,0,0,0,0,1,0,10,0,7,4,0,0,0,0,0,0,0,0,0,0,0,0,0,48,0,20,30,61,14,124,0,0,0,0,24,0,8,227,0,0,0,0,0,59,10,58,0,81,0,35,11,11,6,178,15,0,0,0,0,0,0,0,0,4,0,38,0,0,0,0,5,13,0,6,0,0,0,0,0,0,0,0,31,0,0,0,0,0,0,0,0,36,0,0,0,55,0,0,0,15,1,175,1,28,0,264,0,0,0,278,6,154,15,0,0,13,32,0,0,0,122,3,14,2,0,0,0
0,0,20,0,0,0,0,0,0,0,0,0,0,0,0,0,36,0,0,0,58,0,0,0,0,0,50,0,9,0,8,0,9,0,0,0,74,0,9,0,0,0,0,0,67,0,0,0,18,0,22,0,0,0,0,0,0,0,0,0,1,0,13,0,1,0,0,0,0,0,282,0,137,0,0,0,19,0,200,0,3,0,5,0,69,0,19,0,0,0,0,0,0,0,0,0,6,0,4,0,0,0,0,0,0,0,0,0,0,0,0,0,0,0,0,0,0,0,1,0,89,0,59,0,17,4,29,0,0,0,0,0,10,0,35,0,21,0,0,0,43,0,182,0,56,9,20,0,28,8,0,0,122,0,0,0,8,0,0,0,0,0,22,15,0,0,0,0,0,0,15,0,18,0,22,0,0,0,0,0,78,16,1,0,1,0,0,0,0,0,3,0,5,0,0,0,0,0,32,0,32,0,19,0,0,0,16,0,10,0,114,0,0,0,7,14,0,0,9,0,31,0,0,0,0
0,0,0,0,0,0,0,0,0,0,0,0,0,0,0,0,0,0,0,0,0,38,0,0,0,0,0,0,0,0,0,0,0,0,0,0,0,4,0,0,0,0,0,17,0,15,0,0,0,7,0,12,0,0,0,0,0,0,0,0,0,0,0,0,0,0,0,0,0,0,0,354,0,266,0,0,0,16,0,67,2,3,0,6,0,0,1,128,0,0,0,0,0,0,0,0,0,0,0,0,0,0,0,0,3,0,0,0,0,0,0,0,0,0,0,0,0,0,0,0,0,87,0,60,24,0,5,37,0,0,12,0,0,0,0,42,0,45,0,0,0,132,0,50,2,203,29,23,0,7,0,76,0,0,0,0,0,2,0,0,0,0,0,87,0,0,0,12,0,28,0,7,0,0,0,24,0,0,0,0,0,77,0,0,0,0,0,0,0,0,0,28,0,0,0,0,0,0,0,0,0,0,0,0,0,0,0,0,0,49,0,0,31,0,47,0,0,0,146,10,43,0,2,1,0
0,0,0,0,0,0,0,0,0,0,0,0,0,0,0,0,0,0,0,0,0,0,0,0,0,0,0,0,0,0,0,0,0,0,0,0,0,0,0,0,0,0,0,0,0,0,0,0,0,0,0,0,0,0,0,0,0,0,0,0,0,0,0,0,0,0,0,0,180,0,18,0,43,0,19,0,0,0,35,0,0,0,67,0,0,0,39,0,8,0,11,0,70,0,24,0,0,0,0,0,23,0,67,0,23,0,11,0,14,0,0,0,0,0,9,0,12,0,0,0,32,0,0,0,0,0,0,0,0,0,0,0,0,1,0,0,0,0,0,0,0,0,0,0,0,0,0,0,0,1,0,0,0,0,0,0,0,0,0,0,1,0,0,0,9,0,0,0,40,0,1,0,0,0,0,0,0,0,0,0,0,0,0,0,0,0,0,0,0,0,21,0,0,0,61,0,0,0,0,0,29,0,0,0,0,0,0,0,0,0,5,1,52,0,0,7,2,0,0,0,0,0,0,0,0
0,0,0,0,0,0,0,0,0,1,0,0,1,0,0,0,0,0,0,0,0,0,0,0,0,0,0,0,0,0,0,0,0,0,0,0,0,0,0,0,0,0,0,0,0,14,0,0,0,1,0,0,0,0,0,0,0,0,0,0,0,0,0,0,0,0,0,0,0,117,0,9,0,163,0,16,0,0,0,7,0,76,0,314,0,0,0,225,0,64,0,0,0,87,0,123,0,0,0,15,0,9,0,64,4,0,0,18,0,28,0,0,0,17,0,1,0,60,0,0,0,8,0,3,0,0,6,7,0,0,0,0,0,0,3,0,0,0,0,0,0,0,0,12,0,0,8,0,0,0,0,0,0,0,0,0,0,0,0,0,0,0,0,15,0,24,0,0,0,75,0,0,0,0,0,0,0,0,0,0,0,0,0,0,0,0,0,0,0,63,0,0,0,0,0,112,0,0,0,63,0,60,0,174,0,0,0,0,0,0,0,0,0,0,16,0,0,0,46,0,159,3,0,2,2
0,0,0,0,0,0,0,0,0,0,0,0,0,0,0,0,0,0,0,0,14,0,0,0,0,0,0,0,0,0,0,0,0,0,0,0,0,0,0,0,0,0,0,0,0,0,0,0,0,0,8,0,0,0,0,0,1,0,0,0,0,0,0,0,0,0,1,0,97,0,130,0,244,0,200,0,35,0,0,0,11,0,157,0,108,0,80,0,0,0,0,0,108,0,22,0,33,0,28,0,0,0,31,0,0,0,0,0,12,0,0,0,0,0,0,0,0,0,0,0,128,0,70,0,0,0,0,0,0,0,0,0,0,0,0,0,0,0,0,0,24,0,89,0,10,0,0,0,0,0,0,0,0,0,0,0,0,0,0,0,0,0,0,0,9,0,0,0,40,0,0,0,0,0,0,0,0,0,0,0,0,0,0,0,0,0,0,0,0,0,0,0,0,0,42,0,3,0,28,0,44,0,32,0,33,0,0,0,0,0,295,0,61,0,14,57,10,0,0,0,0,0,0,0,0
