0,497,50,223,18,19,11,0,56,68,31,47,39,0,2,60,109,68,0,0,0,0,76,233,0,286,0,0,219,24,16,0,70,0,0,0,118,0,988,37,30,0,0,0,4,0,16,0,21,0,0,0,0,0,9,0,0,0,0,0,160,29,47,16,17,0,19,0,0,0,0,0,0,0,0,0,0,0,0,0,0,0,0,0,0,0,0,0,0,0,0,0,0,0,0,0,0,0,0,0,0,0,0,0,0,0,7,0,0,0,0,0,0,0,0,0,0,0,0,0,0,0,0,0,26,0,18,0,0,0,8,0,1,0,20,0,7,0,0,0,0,0,10,0,0,0,12,0,29,0,20,0,0,0,1,0,1,0,2,0,9,0,0,0,0,0,15,0,14,0,10,0,431,0,0,0,276,261,9,0,3,0,63,0,14,0,0,0,0,0,0,0,0,0,0,0,0,0,0,0,0,0,0,0,0,0,0,0,11,0,770,155,357,192,485,3,8,0,0,0,0,0,0,0,0
497,0,229,94,0,38,94,38,47,61,41,128,0,96,0,18,175,34,0,56,0,0,442,22,225,61,0,117,14,246,0,0,15,188,0,0,0,261,92,603,0,11,1,0,0,28,0,69,0,4,0,0,2,1,15,5,0,0,0,50,0,164,30,42,0,91,0,14,0,0,0,0,0,0,0,1,0,0,0,0,0,0,0,0,0,0,0,0,0,0,0,0,0,0,0,0,0,0,0,0,0,0,0,0,0,2,0,0,0,0,0,0,0,0,0,0,0,0,0,0,0,0,0,2,0,40,0,8,0,0,0,57,0,0,0,26,0,7,0,0,0,0,0,0,0,0,0,0,0,104,0,66,0,72,0,0,0,12,0,0,0,0,0,0,0,0,4,22,2,34,1,32,29,313,0,9,139,329,0,0,0,62,27,2,0,157,0,0,0,0,0,0,0,0,0,0,0,3,0,3,0,0,0,0,0,0,0,7,0,8,6,0,16,0,488,0,0,0,804,244,430,149,0,13,0
50,229,0,0,271,0,26,0,6,0,93,45,95,0,240,54,79,0,75,0,25,0,689,91,115,0,71,0,434,18,113,0,207,0,0,0,21,0,605,0,58,0,0,0,0,0,57,0,15,0,0,0,0,0,121,0,4,0,17,0,72,0,68,0,18,0,5,0,0,0,0,0,0,0,0,0,0,0,0,0,0,0,0,0,0,0,0,0,0,0,0,0,0,0,0,0,0,0,0,0,0,0,0,0,0,0,0,0,0,0,0,0,0,0,0,0,0,0,0,0,0,0,0,0,46,0,58,0,13,0,12,0,0,0,108,0,92,0,0,0,0,0,64,0,0,0,18,0,29,0,34,0,0,0,0,0,0,0,1,0,13,0,0,0,0,0,0,0,6,0,0,0,154,0,0,0,39,75,0,0,0,0,8,2,0,0,0,0,0,0,0,0,1,0,0,0,5,0,0,0,10,0,0,0,0,0,7,0,53,0,328,49,351,177,377,0,18,0,0,7,0,0,0,0,0
223,94,0,0,0,136,0,83,0,0,44,48,0,62,16,159,74,19,0,130,16,39,196,224,67,258,0,146,11,465,0,0,0,283,0,0,0,62,0,325,0,0,0,0,0,0,0,59,0,0,0,2,0,1,0,21,0,4,0,0,0,14,0,0,0,0,0,0,0,0,0,0,0,0,0,1,0,0,0,0,0,0,0,0,0,0,0,0,0,1,0,2,0,0,0,0,0,0,0,0,0,0,0,0,0,2,0,0,0,0,0,0,0,0,0,0,0,0,0,0,0,0,0,0,0,0,0,2,0,1,0,6,0,0,0,65,0,48,0,0,0,2,0,11,0,0,0,0,2,0,0,0,0,0,0,0,0,0,0,0,0,10,0,0,0,0,5,17,0,21,0,0,0,90,0,0,28,20,0,0,0,0,0,0,0,0,0,0,0,0,0,0,0,0,0,0,0,0,0,0,1,0,0,0,0,0,0,6,0,11,0,3,0,0,184,0,0,0,238,47,295,42,0,0,0
18,0,271,0,0,314,2,0,8,0,97,181,337,72,241,251,0,0,205,201,81,101,139,0,4,0,190,0,74,0,376,0,592,0,112,79,240,30,0,0,101,0,15,17,26,0,82,0,0,0,53,28,3,0,0,0,0,0,0,0,1,0,0,0,15,0,0,0,0,0,0,0,0,0,4,0,0,0,0,0,0,0,0,0,0,0,5,0,0,0,0,0,0,0,0,0,0,0,0,0,0,0,0,0,5,0,0,0,0,0,0,0,0,0,0,0,0,0,0,0,0,0,0,0,0,0,0,0,0,0,16,0,1,0,36,0,21,0,0,0,0,0,46,0,0,0,0,0,150,0,88,0,140,0,0,0,0,0,0,0,0,0,2,0,93,0,337,0,151,0,0,0,101,0,0,0,109,97,57,0,108,0,30,0,78,0,0,0,0,0,0,0,0,0,0,0,8,0,0,0,0,0,0,0,0,0,0,0,13,0,467,215,727,234,353,0,3,0,0,0,0,0,0,0,0
19,38,0,136,314,0,0,25,0,9,170,64,291,321,363,230,0,0,267,310,159,167,175,196,0,14,0,339,0,0,93,0,68,365,108,143,101,161,5,0,0,23,0,10,0,36,0,139,0,5,5,64,0,0,0,0,0,0,0,0,0,1,0,0,0,18,0,0,0,0,0,0,0,0,0,0,0,0,0,0,0,0,0,0,0,0,0,0,0,0,0,0,0,0,0,0,0,0,0,0,0,0,0,0,0,0,2,0,0,0,0,0,0,0,0,0,0,0,0,0,0,8,0,0,0,0,0,0,0,0,0,0,0,0,0,26,0,15,0,0,0,0,0,0,0,0,0,0,0,0,0,0,0,0,0,0,0,0,0,0,0,0,0,3,0,92,14,323,0,195,0,15,0,85,0,0,138,174,49,9,0,64,0,0,0,0,5,17,0,0,0,0,0,0,0,16,0,0,0,0,0,0,0,0,0,0,0,0,0,14,0,0,0,0,233,0,0,0,510,408,861,118,0,2,0
11,94,26,0,2,0,0,0,98,332,0,0,0,0,0,0,7,36,1,0,0,0,13,0,102,176,0,0,32,0,0,0,0,0,1,0,0,0,0,0,0,0,0,0,0,0,0,0,25,0,0,0,123,29,162,100,14,0,23,0,382,0,269,42,24,0,17,0,0,0,0,0,0,0,0,0,0,0,0,0,0,0,0,0,0,0,0,0,0,0,0,0,0,0,0,0,0,0,0,0,0,0,0,0,0,0,0,0,0,0,0,0,0,0,0,0,0,0,0,0,0,0,0,0,52,0,10,0,6,0,27,0,0,0,0,0,8,0,0,0,1,0,0,0,0,0,0,0,3,0,4,0,0,0,0,0,0,0,0,0,20,0,0,0,0,0,0,0,28,0,183,0,254,0,0,0,54,85,2,0,0,0,3,0,0,17,0,0,0,0,0,0,0,0,0,0,0,0,0,0,0,0,0,0,0,0,0,0,6,0,872,92,341,483,766,10,97,0,0,13,0,0,0,0,0
0,38,0,83,0,25,0,0,199,139,0,27,0,25,0,75,27,0,0,0,0,0,0,0,75,98,0,46,0,58,0,0,0,0,0,0,0,0,0,262,0,0,0,0,0,0,0,21,0,4,0,0,38,52,102,344,0,28,0,50,0,362,70,331,0,70,4,30,0,0,0,0,0,0,0,1,0,0,0,0,0,0,0,0,0,0,0,6,0,0,0,0,0,0,0,0,0,0,0,3,0,0,0,0,0,0,0,0,0,0,0,0,0,0,0,0,0,1,0,0,0,0,0,0,0,35,0,0,0,0,0,157,0,0,0,7,0,12,0,3,0,0,0,0,0,0,0,0,0,23,0,0,0,0,0,5,0,19,0,0,0,15,0,0,0,10,0,0,0,35,0,52,0,157,0,0,0,0,0,0,0,0,0,0,0,0,0,0,0,0,0,0,0,0,0,0,0,0,0,0,0,0,0,0,0,0,0,0,0,0,8,4,13,0,811,0,0,0,534,53,465,509,0,109,0
56,47,6,0,8,0,98,199,0,478,12,0,23,0,0,0,25,22,6,0,0,0,0,0,7,239,18,0,0,0,0,0,0,0,0,0,0,0,59,0,12,0,0,0,0,0,14,0,12,0,0,0,71,75,107,273,24,8,55,84,271,0,83,41,247,8,356,49,0,0,0,0,0,0,0,0,0,0,0,0,0,0,0,0,0,0,0,0,0,0,0,0,0,0,0,0,0,0,0,0,0,0,0,0,0,0,1,0,0,0,0,0,0,0,0,0,0,0,0,0,0,0,0,0,111,0,35,0,0,0,99,1,1,0,22,0,9,0,0,0,0,0,7,0,0,0,32,0,179,0,42,0,0,0,0,0,0,0,4,0,77,0,0,0,5,0,2,0,13,0,96,0,108,0,0,0,360,168,4,0,0,0,4,0,142,92,0,0,0,0,0,0,0,0,0,0,8,0,0,0,1,0,0,0,0,0,3,0,11,0,440,64,135,0,279,4,0,0,13,9,8,0,0,0,0
68,61,0,0,0,9,332,139,478,0,0,10,0,4,0,0,25,0,0,0,0,0,0,0,115,6,0,21,0,0,0,0,0,0,0,0,0,3,8,0,0,0,0,0,0,0,0,10,0,2,0,0,155,200,367,94,11,29,0,157,0,408,114,303,0,231,25,178,0,1,0,0,0,0,0,0,0,0,0,0,0,0,0,0,0,0,0,0,0,0,0,0,0,0,0,0,0,0,0,0,0,0,0,0,0,0,0,3,0,0,0,0,0,0,0,0,0,0,0,0,0,0,0,0,0,44,0,5,0,0,0,90,0,0,0,19,0,4,0,0,0,0,0,0,0,0,0,0,0,65,0,12,0,0,0,17,0,69,0,3,0,8,0,0,0,6,0,0,0,17,5,58,15,78,0,0,89,227,0,0,0,9,8,7,10,70,0,0,0,0,0,0,0,0,0,0,0,3,0,5,0,0,0,0,0,1,0,5,0,16,0,0,0,0,652,0,0,0,513,86,225,414,0,118,0
31,41,93,44,97,170,0,0,12,0,0,95,287,0,13,224,2,0,21,0,43,33,12,107,0,0,56,3,33,0,179,8,564,0,14,0,323,13,143,0,71,0,0,0,0,0,59,0,11,0,9,0,1,0,0,0,0,0,0,0,0,0,0,0,10,0,7,0,0,0,0,0,0,0,0,0,1,0,0,0,2,0,0,0,0,0,2,0,0,0,0,0,0,0,0,0,0,0,0,0,0,0,0,0,0,0,0,0,0,0,0,0,0,0,0,0,0,0,0,0,0,0,0,0,41,0,46,0,0,0,8,0,0,0,30,0,5,0,0,0,0,0,7,0,0,0,27,0,56,0,51,0,83,0,0,0,0,0,0,0,0,0,0,0,0,0,171,0,36,0,0,0,91,0,0,0,139,75,32,0,57,0,24,0,33,0,0,0,0,0,0,0,0,0,0,0,10,0,0,0,0,0,0,0,0,0,0,0,17,0,397,218,362,157,231,0,0,0,0,0,0,0,0,0,0
47,128,45,48,181,64,0,27,0,10,95,0,40,300,317,16,0,0,74,51,106,98,241,83,3,0,12,139,0,120,53,41,71,516,0,103,0,250,7,78,0,97,0,10,0,36,0,183,0,21,0,6,0,0,0,3,0,0,0,0,0,0,0,0,0,26,0,0,0,0,0,0,0,0,0,1,0,0,0,0,0,0,0,0,0,0,0,2,0,0,0,0,0,0,0,0,0,2,0,0,2,0,0,0,0,0,0,0,0,0,0,0,0,0,0,0,0,0,0,0,0,0,0,0,0,17,0,0,0,0,0,38,0,0,0,4,0,0,0,0,0,0,0,0,0,0,0,0,0,39,0,39,0,72,0,1,0,0,0,0,0,2,0,0,0,0,0,69,0,41,0,8,0,107,0,32,91,184,12,19,0,70,0,16,0,58,0,7,0,0,0,0,0,0,0,0,0,0,0,0,0,0,0,0,0,0,0,7,0,4,10,0,27,0,150,0,0,0,413,171,318,77,0,10,0
39,0,95,0,337,291,0,0,23,0,287,40,0,462,24,95,0,0,41,651,30,147,0,0,0,0,146,616,0,0,37,0,16,0,207,71,94,0,0,0,234,59,149,232,34,78,240,60,30,0,254,146,0,0,0,0,0,0,0,0,1,0,0,0,0,0,0,0,0,0,0,0,0,0,0,0,0,0,1,0,0,0,0,0,0,0,0,0,0,0,0,0,0,0,0,2,0,0,0,0,0,0,0,0,0,0,0,0,0,0,0,0,0,0,0,0,0,0,0,0,0,0,0,0,0,0,0,0,0,0,0,0,0,0,37,0,9,0,0,0,0,0,0,0,0,0,20,0,51,0,46,0,0,0,0,0,0,0,0,0,0,0,0,0,247,0,17,0,100,0,2,0,4,0,0,0,151,51,77,0,59,0,48,0,58,0,75,40,0,0,0,0,0,0,0,0,0,0,0,0,0,0,0,0,0,0,0,0,0,0,156,308,374,125,60,0,2,0,0,38,0,0,0,0,0
0,96,0,62,72,321,0,25,0,4,0,300,462,0,12,3,0,0,413,18,40,46,0,0,0,0,259,68,0,0,11,0,5,0,43,67,25,0,0,0,101,143,86,108,23,45,53,324,0,50,57,202,0,0,0,0,0,0,0,0,0,0,0,0,0,0,0,0,0,0,0,0,0,0,0,0,0,0,0,0,0,0,0,0,0,0,0,4,0,0,0,0,0,0,0,0,0,0,0,0,0,0,0,0,0,0,0,0,0,0,0,0,0,0,0,0,0,0,0,0,0,0,0,0,0,0,0,0,0,0,0,0,0,0,0,0,0,0,0,0,0,0,0,0,0,0,0,0,0,0,0,27,0,26,0,0,0,0,0,0,0,0,0,0,0,0,2,0,0,0,0,0,0,0,0,0,16,58,7,61,0,0,0,9,0,27,14,123,0,0,0,0,0,0,0,0,0,0,0,0,0,0,0,0,0,0,0,0,0,3,0,0,0,0,20,0,0,0,89,507,274,44,0,0,0
2,0,240,16,241,363,0,0,0,0,13,317,24,12,0,458,24,0,369,141,97,104,208,62,29,0,129,0,0,0,203,32,187,78,24,61,59,32,0,1,9,0,0,0,0,0,32,0,3,0,14,2,6,0,70,0,0,0,21,0,0,0,1,0,6,0,0,0,0,0,0,0,0,0,0,0,0,0,0,0,0,0,0,0,19,0,4,0,0,0,0,0,0,0,0,0,0,0,0,0,21,0,0,0,0,0,65,0,0,0,0,0,0,0,0,0,0,0,0,0,0,2,0,0,0,0,0,0,24,0,0,0,0,0,78,0,110,0,0,0,0,0,176,0,0,0,21,0,72,0,53,0,35,0,1,0,0,0,0,0,0,0,0,0,5,0,104,0,25,0,0,1,8,0,0,0,51,61,27,0,0,0,0,0,21,0,0,0,0,0,0,0,0,0,0,0,9,0,0,0,38,0,0,0,0,0,0,0,29,0,38,58,94,21,29,0,1,0,0,0,0,0,0,0,0
60,18,54,159,251,230,0,75,0,0,224,16,95,3,458,0,13,41,71,259,194,149,262,280,1,210,0,82,0,18,89,31,109,137,29,46,87,60,22,11,0,0,0,3,0,11,0,12,0,1,0,0,0,9,0,103,0,0,0,0,0,0,0,8,0,13,0,0,0,0,0,0,0,0,0,0,0,4,0,0,0,0,0,0,0,211,0,6,0,0,0,0,0,0,0,0,0,53,0,67,0,75,0,0,0,0,0,64,0,0,0,0,0,0,0,0,0,1,0,0,0,0,0,3,0,16,0,4,0,0,0,0,0,0,0,473,0,277,0,0,0,0,0,216,0,0,0,0,0,27,0,60,0,0,0,0,0,0,0,0,0,0,0,0,0,12,0,133,0,39,0,5,0,26,0,3,37,23,41,6,2,27,0,0,0,15,0,0,0,0,0,0,0,0,0,0,0,0,0,0,0,53,0,0,0,0,0,16,0,30,0,0,29,0,40,0,0,0,101,165,129,26,0,0,0
109,175,79,74,0,0,7,27,25,25,2,0,0,0,24,13,0,33,107,0,183,0,50,66,99,127,73,0,462,0,59,0,49,0,0,0,3,9,140,7,0,0,0,0,11,0,13,0,0,0,9,0,175,0,11,4,14,0,0,0,14,12,208,9,0,0,0,0,0,0,7,0,0,0,22,0,0,0,0,0,50,0,0,0,225,0,28,0,0,0,94,0,0,0,0,0,240,0,135,0,73,0,4,0,0,0,153,0,0,0,0,0,0,0,0,0,0,0,0,0,29,0,75,0,0,0,0,0,156,0,10,0,0,0,0,0,252,0,289,0,180,0,391,0,0,0,0,0,1,0,0,0,0,0,76,0,0,0,39,0,9,0,0,0,0,0,0,0,0,0,0,3,28,5,0,0,12,7,0,0,0,0,64,0,0,0,0,0,0,0,0,0,0,0,0,0,0,0,0,0,24,0,0,0,0,0,0,0,0,0,2,81,23,0,12,0,1,0,7,0,8,0,0,0,0
68,34,0,19,0,0,36,0,22,0,0,0,0,0,0,41,33,0,0,25,0,214,38,118,85,111,0,30,0,655,0,29,2,30,0,27,1,5,0,180,0,0,0,7,0,0,0,0,0,0,0,0,0,63,5,6,0,19,0,0,0,29,10,138,0,0,0,0,0,0,0,0,0,0,0,1,0,0,0,0,0,27,0,0,0,119,0,0,0,0,0,0,0,0,0,0,0,10,0,0,0,20,0,0,0,0,0,0,0,0,0,0,0,0,0,0,0,0,0,0,0,6,0,0,0,0,0,0,0,0,0,0,0,77,0,52,0,202,0,227,0,90,0,369,0,0,0,0,0,0,0,0,0,0,0,31,0,2,0,26,0,0,0,1,0,0,0,1,0,2,0,1,0,4,0,0,3,25,0,0,0,0,0,5,0,0,0,0,0,0,0,0,0,0,0,0,0,0,0,0,0,2,0,0,0,0,0,0,0,0,4,0,0,0,2,0,0,0,8,165,8,2,0,1,0
0,0,75,0,205,267,1,0,6,0,21,74,41,413,369,71,107,0,0,604,198,225,132,0,21,0,104,376,0,0,38,0,0,0,172,139,59,28,0,0,35,26,55,163,14,15,25,20,4,0,198,186,15,0,0,0,0,0,0,0,0,0,4,0,8,0,0,0,0,0,0,0,0,0,0,0,0,0,0,0,0,0,0,1,214,0,29,0,0,0,0,0,0,0,0,0,0,0,0,0,0,0,0,0,0,0,243,0,0,0,0,0,0,0,0,0,0,0,0,0,0,0,0,0,0,0,0,0,0,0,0,0,0,0,46,0,0,0,0,0,0,0,0,0,0,0,0,0,128,0,65,0,0,0,0,0,0,0,0,0,0,0,0,0,73,0,0,0,30,0,0,0,0,0,0,0,19,14,28,0,78,0,16,0,36,0,12,14,0,0,0,0,0,0,0,0,0,0,0,0,67,0,0,0,0,0,0,0,0,0,122,177,82,0,38,0,0,0,0,0,0,0,0,0,0
0,56,0,130,201,310,0,0,0,0,0,51,651,18,141,259,0,25,604,0,146,180,0,105,0,76,87,176,0,0,0,13,0,0,157,78,106,41,0,0,16,0,57,98,0,48,18,44,0,3,44,196,0,0,0,0,0,0,0,0,0,0,0,36,0,64,0,0,0,0,0,0,0,0,0,0,0,0,0,0,0,0,0,0,0,235,0,0,0,0,0,0,0,0,0,26,0,0,0,0,0,77,0,0,0,0,0,0,0,0,0,0,0,0,0,0,0,0,0,0,0,0,0,0,0,0,0,0,0,0,0,0,0,0,0,433,0,210,0,0,0,0,2,256,0,0,0,0,0,148,0,177,0,221,0,0,0,0,0,0,0,0,0,0,0,151,0,102,0,122,0,0,0,10,0,0,16,23,18,42,0,221,0,0,0,135,0,10,0,0,0,0,0,0,0,0,0,0,0,0,0,0,0,0,0,0,0,0,0,54,0,0,0,0,90,0,0,0,175,235,324,94,0,0,0
0,0,25,16,81,159,0,0,0,0,43,106,30,40,97,194,183,0,198,146,0,58,149,57,12,0,150,33,45,0,199,0,100,31,56,35,19,14,10,0,0,0,16,20,9,0,9,0,0,0,41,0,30,0,16,0,8,0,0,0,0,0,25,0,0,0,0,0,0,0,50,0,0,0,57,0,0,0,0,0,137,0,0,0,314,0,63,0,0,0,139,0,0,0,0,0,355,0,329,0,227,0,0,0,0,0,305,0,0,0,0,0,0,0,0,0,0,0,0,0,82,0,89,0,0,0,0,0,80,0,0,0,0,0,11,0,224,0,152,0,158,0,508,0,0,0,0,0,0,0,0,0,0,0,28,0,0,0,0,0,0,0,0,0,14,0,17,0,23,0,0,0,3,0,0,0,24,7,66,0,0,0,27,0,0,0,4,0,0,0,0,0,0,0,0,0,0,0,0,0,57,0,0,0,0,0,0,0,0,0,64,157,42,13,12,0,0,0,0,0,0,0,0,0,0
0,0,0,39,101,167,0,0,0,0,33,98,147,46,104,149,0,214,225,180,58,0,13,357,0,0,0,45,0,80,36,119,18,68,54,48,45,13,0,2,0,0,0,36,0,23,0,0,0,0,0,47,0,32,0,9,0,0,0,0,0,0,0,140,0,0,0,0,0,0,0,0,0,0,0,0,0,0,0,0,0,0,0,0,0,400,0,0,0,0,0,0,0,0,0,0,0,0,0,0,0,97,0,0,0,0,3,0,0,0,0,0,0,0,0,0,0,0,0,0,0,0,0,0,0,0,0,0,0,0,0,0,0,56,0,120,0,231,0,237,0,247,0,635,0,0,0,0,0,0,0,17,0,14,0,0,0,0,0,0,0,0,0,0,0,46,0,33,0,28,0,0,0,4,0,0,0,16,7,25,0,0,0,0,0,0,0,0,0,0,0,0,0,0,0,0,0,0,0,0,0,0,0,0,0,0,0,0,0,0,0,0,0,0,16,0,0,0,67,134,54,12,0,0,0
76,442,689,196,139,175,13,0,0,0,12,241,0,0,208,262,50,38,132,0,149,13,0,452,36,108,0,0,113,35,138,13,57,79,0,0,14,51,114,29,0,0,0,0,0,0,15,0,3,0,0,0,16,0,155,0,13,0,24,0,0,0,14,0,0,0,0,0,0,0,0,0,0,0,0,0,0,0,0,0,3,0,0,0,65,0,0,0,0,0,0,0,0,0,0,0,72,0,0,0,0,0,0,0,0,0,61,0,0,0,0,0,0,0,0,0,0,0,0,0,0,0,0,0,0,0,0,0,0,0,6,0,0,0,19,0,255,0,0,0,0,0,302,0,0,0,0,0,0,0,0,0,0,0,0,0,0,0,0,0,0,0,0,0,0,0,10,0,3,0,0,0,74,20,0,0,41,90,13,0,0,0,30,1,0,0,0,0,0,0,0,0,0,0,0,0,0,0,0,0,37,0,0,0,1,0,0,0,15,0,18,198,47,0,24,0,0,0,24,10,19,0,0,0,0
233,22,91,224,0,196,0,0,0,0,107,83,0,0,62,280,66,118,0,105,57,357,452,0,25,33,0,19,4,229,0,59,31,132,0,22,34,38,56,16,0,0,0,10,0,0,0,0,1,0,0,0,0,19,0,20,0,10,0,0,0,1,0,20,0,0,0,0,0,0,0,0,0,0,0,0,0,0,0,0,0,68,0,0,0,332,0,0,0,0,0,0,0,0,0,0,0,51,0,132,0,122,0,0,0,0,0,74,0,0,0,0,0,0,0,0,0,0,0,0,0,0,1,3,0,0,0,0,0,0,0,0,0,0,0,256,0,186,0,0,0,0,6,455,0,0,0,0,0,0,1,0,0,0,0,0,0,0,0,0,0,0,0,0,0,0,0,0,0,0,0,3,0,24,1,0,13,10,0,36,0,0,0,0,0,0,0,0,0,0,0,0,0,0,0,0,0,0,0,0,0,0,0,0,0,0,0,0,0,0,13,0,0,6,9,0,0,0,17,407,39,0,0,0,0
0,225,115,67,4,0,102,75,7,115,0,3,0,0,29,1,99,85,21,0,12,0,36,25,0,229,0,0,81,0,3,0,5,0,0,0,0,7,69,11,0,0,0,0,0,0,0,0,10,0,0,0,130,7,360,33,15,0,35,0,77,21,404,34,0,0,0,0,0,0,0,0,0,0,0,1,0,0,0,0,0,0,0,0,0,0,0,0,0,0,0,0,0,0,0,0,18,0,0,0,0,0,0,0,0,0,19,0,0,0,0,0,0,0,0,0,0,0,0,0,0,0,0,0,3,0,0,0,182,0,0,0,0,0,18,0,170,0,20,0,58,0,231,0,0,0,0,0,0,0,0,0,0,0,12,0,0,0,10,0,4,0,0,0,3,0,0,0,8,0,34,3,101,5,0,0,5,36,0,0,0,0,0,0,0,0,0,0,0,0,0,0,0,0,0,0,0,0,0,0,33,0,0,0,0,0,0,0,0,0,100,42,124,142,181,0,24,0,16,0,7,0,0,0,0
286,61,0,258,0,14,176,98,239,6,0,0,0,0,0,210,127,111,0,76,0,0,108,33,229,0,0,0,11,109,0,0,0,0,0,5,3,8,55,92,0,0,0,0,0,0,0,0,0,0,0,0,38,35,88,258,0,79,0,0,24,101,90,108,0,0,2,0,0,0,0,0,0,0,0,0,0,0,0,0,0,0,0,0,0,55,0,0,0,0,0,0,0,0,0,0,0,15,0,14,0,13,0,0,0,0,0,0,0,0,0,0,0,0,0,0,0,0,0,0,0,0,0,0,0,0,0,0,0,0,0,0,0,26,0,270,0,218,0,62,0,0,1,151,0,0,0,0,0,0,0,0,0,0,0,36,0,4,0,0,0,8,0,0,0,0,0,0,0,12,3,11,28,99,0,0,14,26,0,0,0,0,0,0,0,0,0,0,0,0,0,0,0,0,0,0,0,0,0,0,0,18,0,0,0,0,0,0,0,4,11,0,8,0,115,0,0,0,95,158,105,72,0,13,0
0,0,71,0,190,0,0,0,18,0,56,12,146,259,129,0,73,0,104,87,150,0,0,0,0,0,0,491,14,0,85,0,13,0,37,0,14,0,0,0,16,125,173,159,137,224,56,174,48,0,172,0,7,0,0,0,0,0,0,0,0,0,10,0,0,0,0,0,0,0,89,0,0,0,84,0,0,0,0,0,208,0,0,0,0,0,111,0,0,0,0,0,0,0,0,0,0,0,530,0,416,0,0,0,0,0,0,0,0,0,0,0,0,0,0,0,0,0,0,0,0,0,104,0,0,0,0,0,0,0,0,0,0,0,27,0,89,0,0,0,127,0,326,0,0,0,0,0,67,0,0,0,0,0,0,0,0,0,0,0,0,0,0,0,204,4,23,0,64,0,2,0,0,0,0,0,0,0,25,0,41,0,24,0,41,0,17,11,0,0,0,0,0,0,0,0,0,0,0,0,0,0,0,0,0,0,0,0,21,0,53,323,365,51,18,1,0,20,0,0,0,0,0,0,0
0,117,0,146,0,339,0,46,0,21,3,139,616,68,0,82,0,30,376,176,33,45,0,19,0,0,491,0,0,10,0,0,0,7,34,7,11,0,0,0,252,27,205,175,66,211,150,64,3,29,110,120,0,0,0,0,0,0,0,0,0,0,0,37,0,46,0,0,0,1,0,0,0,0,0,0,0,0,0,0,0,0,0,0,0,90,0,0,0,0,0,0,0,0,0,19,0,0,0,0,0,0,0,0,0,0,0,0,0,0,0,0,0,0,0,0,0,0,0,0,0,0,0,3,0,0,0,0,0,0,0,39,0,10,0,112,0,135,0,0,0,108,0,203,0,0,0,0,0,0,1,127,0,0,0,0,0,0,0,0,0,0,0,0,0,79,0,5,0,0,0,0,0,0,0,0,0,18,0,56,0,159,0,33,0,0,17,84,0,0,0,0,0,0,0,0,0,0,0,16,0,0,0,0,0,0,0,0,0,0,9,20,0,0,46,0,0,0,0,553,388,79,0,0,18
219,14,434,11,74,0,32,0,0,0,33,0,0,0,0,0,462,0,0,0,45,0,113,4,81,11,14,0,0,0,24,0,46,0,0,0,13,0,42,0,0,0,42,0,7,0,0,0,1,0,9,0,10,0,2,0,0,0,0,0,0,0,33,0,0,0,0,0,0,0,0,0,0,0,21,0,0,0,0,0,0,0,0,0,0,0,0,0,0,0,0,0,0,0,0,0,0,0,0,0,0,0,0,0,0,0,0,0,0,0,0,0,0,0,0,0,0,0,0,0,0,0,0,0,0,0,0,0,16,0,0,0,0,0,0,0,26,0,102,0,50,0,69,0,15,0,0,0,0,0,0,0,0,0,27,0,0,0,0,0,2,0,0,0,0,0,0,0,0,0,0,0,0,0,0,0,28,12,0,0,0,0,47,0,0,0,0,0,0,0,0,0,0,0,0,0,0,0,0,0,0,0,0,0,0,0,0,0,0,0,0,7,2,0,0,0,0,0,0,0,0,0,0,0,0
24,246,18,465,0,0,0,58,0,0,0,120,0,0,0,18,0,655,0,0,0,80,35,229,0,109,0,10,0,0,0,45,2,83,0,88,0,45,0,35,0,0,0,29,0,0,0,0,0,0,0,13,0,10,0,2,0,0,0,0,0,8,0,39,0,0,0,0,0,0,0,0,0,0,0,0,0,0,0,0,0,12,0,0,0,53,0,0,0,0,0,0,0,0,0,0,0,0,0,23,0,0,0,0,0,0,0,0,0,0,0,0,0,0,0,0,0,0,0,0,0,0,0,0,0,0,0,0,0,0,0,2,0,24,0,0,0,60,0,111,0,24,0,125,0,5,0,0,0,0,0,0,0,0,0,32,0,0,0,30,0,4,0,0,0,2,0,0,0,0,0,0,1,0,0,0,0,42,0,0,0,0,0,0,0,0,0,0,0,0,0,0,0,0,0,0,0,0,0,0,0,0,0,0,0,0,0,0,0,0,0,0,0,0,0,0,0,0,0,89,0,0,0,0,0
16,0,113,0,376,93,0,0,0,0,179,53,37,11,203,89,59,0,38,0,199,36,138,0,3,0,85,0,24,0,0,0,36,0,73,0,12,0,13,0,0,0,143,0,17,0,0,0,0,0,124,5,0,0,0,0,0,0,0,0,12,0,8,0,0,0,0,0,0,0,0,0,0,0,6,0,0,0,0,0,0,0,0,0,0,0,10,0,0,0,0,0,0,0,0,0,0,0,21,0,18,0,0,0,0,0,20,0,0,0,0,0,0,0,0,0,0,0,0,0,0,0,12,0,0,0,0,0,0,0,0,0,0,0,0,0,9,0,39,0,19,0,63,0,0,0,0,0,0,0,0,0,0,0,7,0,0,0,5,0,0,0,0,0,0,0,9,3,7,0,0,0,0,0,0,0,40,11,89,0,0,0,2,0,0,0,0,0,0,0,0,0,0,0,0,0,0,0,0,0,6,0,0,0,0,0,0,0,0,0,0,24,20,0,0,0,0,0,0,0,0,0,0,0,0
0,0,0,0,0,0,0,0,0,0,8,41,0,0,32,31,0,29,0,13,0,119,13,59,0,0,0,0,0,45,0,0,0,11,0,105,0,35,0,1,0,0,0,38,0,0,0,0,0,0,0,24,0,2,0,0,0,0,0,0,0,0,0,4,0,0,0,0,0,0,0,0,0,0,0,0,0,0,0,0,0,0,0,0,0,0,0,0,0,0,0,0,0,0,0,0,0,0,0,0,0,0,0,0,0,0,0,0,0,0,0,0,0,0,0,0,0,0,0,0,0,0,0,0,0,0,0,0,0,0,0,0,0,0,0,0,0,0,0,0,0,0,0,0,0,0,0,0,0,0,0,0,0,0,0,0,0,0,0,0,0,0,0,0,0,0,0,2,0,0,0,0,0,0,0,0,0,0,0,17,0,0,0,0,0,0,0,1,0,0,0,0,0,0,0,0,0,0,0,0,0,0,0,0,0,0,0,0,0,0,0,0,0,0,0,0,0,0,0,0,0,0,0,0,0
70,15,207,0,592,68,0,0,0,0,564,71,16,5,187,109,49,2,0,0,100,18,57,31,5,0,13,0,46,2,36,0,0,18,18,0,87,0,4,0,0,0,69,0,6,0,0,0,0,0,21,0,2,0,0,0,0,0,0,0,2,0,5,0,0,0,0,0,0,0,0,0,0,0,0,0,0,0,0,0,0,0,0,0,0,0,0,0,0,0,0,0,0,0,3,0,0,0,0,0,0,0,0,0,0,0,0,0,0,0,0,0,0,0,0,0,0,0,0,0,0,0,9,0,0,0,0,0,0,0,0,0,0,0,0,0,0,0,44,0,0,0,30,0,3,0,0,0,0,0,0,0,0,0,6,0,0,0,4,0,0,0,0,0,4,0,30,4,2,0,0,0,0,0,0,0,132,17,195,1,0,0,56,0,0,0,0,0,0,0,0,0,0,0,0,0,0,0,0,0,0,0,0,0,0,0,0,0,0,0,0,23,0,0,0,0,0,0,0,0,0,0,0,0,0
0,188,0,283,0,365,0,0,0,0,0,516,0,0,78,137,0,30,0,0,31,68,79,132,0,0,0,7,0,83,0,11,18,0,0,35,0,96,0,1,0,0,0,26,0,7,0,0,0,0,0,41,0,0,0,0,0,0,0,0,0,0,0,5,0,0,0,0,0,0,0,0,0,0,0,0,0,0,0,0,0,0,0,0,0,0,0,0,0,0,0,0,0,0,0,0,0,0,0,0,0,0,0,0,0,0,0,0,0,0,0,0,0,0,0,0,0,0,0,0,0,0,0,0,0,0,0,0,0,0,0,0,0,0,0,0,0,0,0,0,0,0,0,0,0,2,0,0,0,0,0,0,0,0,0,8,0,0,0,4,0,0,0,0,0,1,0,28,0,0,0,0,0,1,0,0,14,112,0,133,0,0,0,0,0,0,0,0,0,0,0,0,0,0,0,0,0,0,0,0,0,10,0,1,0,0,0,0,0,0,0,0,0,0,0,0,0,0,0,221,7,0,0,0,0
0,0,0,0,112,108,1,0,0,0,14,0,207,43,24,29,0,0,172,157,56,54,0,0,0,0,37,34,0,0,73,0,18,0,0,36,49,0,2,0,0,0,2,17,0,5,0,0,2,0,37,0,0,0,0,0,0,0,0,0,0,0,0,0,0,0,0,0,0,0,9,0,0,0,0,0,0,0,0,0,0,0,0,0,0,0,0,0,0,0,0,0,0,0,0,0,0,0,52,0,34,0,0,0,0,0,0,0,0,0,0,0,0,0,0,0,0,0,0,0,0,0,0,0,0,0,0,0,0,0,0,0,0,0,0,0,9,0,0,0,0,0,25,0,0,0,0,0,0,0,0,0,0,0,0,0,0,0,0,0,0,0,0,0,76,0,31,0,20,0,0,0,0,0,0,0,35,0,126,0,0,0,0,0,0,0,73,0,0,0,0,0,0,0,0,0,0,0,0,0,0,0,0,0,0,0,0,0,0,0,105,123,74,28,29,0,0,1,3,0,9,0,0,0,0
0,0,0,0,79,143,0,0,0,0,0,103,71,67,61,46,0,27,139,78,35,48,0,22,0,5,0,7,0,88,0,105,0,35,36,0,20,87,0,0,0,0,0,47,0,4,0,0,0,0,0,8,0,3,0,0,0,0,0,0,0,0,0,25,0,0,0,0,0,0,0,0,0,0,0,0,0,0,0,0,0,0,0,0,0,15,0,0,0,0,0,0,0,0,0,0,0,0,0,0,0,0,0,0,0,0,0,0,0,0,0,0,0,0,0,0,0,0,0,0,0,0,0,0,0,0,0,0,0,0,0,0,0,0,0,0,0,0,0,153,0,111,0,171,1,0,0,0,0,0,0,0,0,0,0,15,0,0,0,15,0,0,0,0,0,1,0,8,0,0,0,0,0,0,0,8,8,7,8,15,0,0,0,0,0,0,0,5,0,0,0,0,0,0,0,0,0,0,0,0,0,0,0,0,0,0,0,0,0,0,0,0,0,0,0,0,0,0,16,40,0,0,0,0,0
118,0,21,0,240,101,0,0,0,0,323,0,94,25,59,87,3,1,59,106,19,45,14,34,0,3,14,11,13,0,12,0,87,0,49,20,0,9,24,0,0,0,67,5,20,0,3,0,5,0,50,16,9,0,0,0,0,0,0,0,16,0,15,0,0,0,0,0,0,0,82,0,0,0,62,0,0,0,0,0,93,0,0,0,36,0,45,0,0,0,25,0,0,0,0,0,0,0,250,0,187,0,0,0,0,0,0,0,0,0,0,0,0,0,0,0,0,0,0,0,111,0,46,0,0,0,0,0,0,0,0,0,0,0,0,0,0,0,261,0,91,0,83,0,113,0,0,0,0,0,0,0,0,0,65,0,29,0,0,0,0,0,0,0,83,0,98,0,39,0,7,0,17,0,0,0,65,19,153,0,0,0,57,0,0,0,10,0,0,0,0,0,0,0,0,0,0,0,0,0,0,0,0,0,0,0,0,0,0,0,74,50,45,19,18,0,0,0,0,0,0,2,0,0,0
0,261,0,62,30,161,0,0,0,3,13,250,0,0,32,60,9,5,28,41,14,13,51,38,7,8,0,0,0,45,0,35,0,96,0,87,9,0,0,47,0,0,0,52,0,5,0,0,0,4,0,81,0,0,0,0,0,0,0,0,0,18,0,44,2,3,0,0,0,0,0,0,0,0,0,0,0,0,0,0,0,0,0,0,0,0,0,0,0,0,0,0,0,0,0,0,0,0,0,0,0,0,0,0,0,0,0,0,0,0,0,0,0,0,0,0,0,0,0,0,0,0,0,0,0,0,0,0,0,0,0,0,0,0,0,0,0,75,0,359,0,182,0,170,0,79,0,0,0,0,0,0,0,0,0,94,0,67,0,66,0,0,0,0,0,13,0,48,0,50,0,12,0,35,0,0,0,123,0,85,0,21,0,6,0,0,0,0,0,0,0,0,0,0,0,0,0,0,0,0,0,0,0,0,0,0,0,0,0,0,1,0,0,0,0,0,0,0,11,124,12,0,0,0,0
988,92,605,0,0,5,0,0,59,8,143,7,0,0,0,22,140,0,0,0,10,0,114,56,69,55,0,0,42,0,13,0,4,0,2,0,24,0,0,9,0,0,15,0,0,0,0,0,0,0,2,0,9,0,4,0,0,0,0,0,2,0,14,0,0,0,0,0,0,0,20,0,0,0,29,0,0,0,0,0,28,0,0,0,0,0,17,0,0,0,0,0,0,0,0,0,0,0,86,0,34,0,0,0,0,0,0,0,0,0,0,0,0,0,0,0,0,0,0,0,0,0,32,0,0,0,0,0,0,0,0,0,0,0,0,0,0,0,148,0,68,0,90,0,36,0,0,0,0,0,0,0,0,0,53,0,17,0,15,0,0,0,0,0,0,0,25,0,0,0,0,0,68,5,0,0,176,29,13,0,3,0,244,1,0,0,0,0,0,0,0,0,0,0,0,0,0,0,0,0,0,0,0,0,0,0,0,0,0,0,0,98,10,0,6,0,0,0,0,0,5,0,0,0,0
37,603,0,325,0,0,0,262,0,0,0,78,0,0,1,11,7,180,0,0,0,2,29,16,11,92,0,0,0,35,0,1,0,1,0,0,0,47,9,0,0,0,0,1,0,0,0,0,0,0,0,0,0,2,0,0,0,0,0,0,0,6,0,1,0,3,0,0,0,0,0,0,0,0,0,0,0,0,0,0,0,0,0,0,0,3,0,0,0,0,0,0,0,0,0,0,0,1,0,0,0,0,0,0,0,0,0,0,0,0,0,0,0,0,0,0,0,0,0,0,0,0,0,0,0,0,0,0,0,0,0,0,0,1,0,0,0,0,0,10,0,4,0,0,0,3,0,0,0,0,0,0,0,0,0,4,0,2,0,3,0,0,0,0,0,0,0,5,0,0,0,0,3,42,0,0,0,186,0,30,0,13,0,9,0,14,0,0,0,0,0,0,0,0,0,0,0,0,0,0,0,0,0,0,0,0,0,0,0,0,0,0,1,0,0,0,0,0,4,29,0,0,0,1,0
30,0,58,0,101,0,0,0,12,0,71,0,234,101,9,0,0,0,35,16,0,0,0,0,0,0,16,252,0,0,0,0,0,0,0,0,0,0,0,0,0,96,37,53,34,317,124,180,54,33,14,19,0,0,0,0,0,0,0,0,0,0,0,0,0,0,0,0,0,0,0,0,0,0,0,0,0,0,0,0,0,0,0,0,0,0,0,0,0,0,0,0,0,0,0,0,0,0,0,0,0,0,0,0,0,0,0,0,0,0,0,0,0,0,0,0,0,0,0,0,0,0,0,0,0,0,0,0,0,0,0,0,0,0,0,0,0,0,0,0,1,0,0,0,0,0,0,0,0,0,0,0,0,0,0,0,0,0,0,0,0,0,0,0,35,0,0,0,0,0,0,0,0,0,0,0,70,6,60,0,13,0,15,0,12,0,67,9,0,0,0,0,0,0,0,0,1,0,0,0,0,0,0,0,0,0,0,0,0,0,0,115,70,0,5,0,0,0,0,2,0,0,0,0,0
0,11,0,0,0,23,0,0,0,0,0,97,59,143,0,0,0,0,26,0,0,0,0,0,0,0,125,27,0,0,0,0,0,0,0,0,0,0,0,0,96,0,37,21,49,64,163,143,10,61,12,0,0,0,0,0,0,0,0,0,0,0,0,0,0,1,0,0,0,2,0,0,0,0,0,0,0,0,0,0,0,0,0,0,0,0,0,0,0,0,0,0,0,0,0,0,0,0,0,0,0,0,0,0,0,0,0,0,0,0,0,0,0,0,0,0,0,0,0,0,0,0,0,0,0,0,0,0,0,0,0,4,0,0,0,0,0,0,0,0,0,0,0,0,0,0,0,0,0,0,0,0,0,22,0,0,0,0,0,0,0,0,0,0,0,26,0,0,0,0,0,0,0,0,0,0,0,68,0,25,0,31,0,0,0,13,7,27,0,0,0,0,0,0,0,0,0,0,0,0,0,0,0,0,0,0,0,0,0,0,0,0,0,0,0,0,0,0,12,49,29,0,0,0,9
0,1,0,0,15,0,0,0,0,0,0,0,149,86,0,0,0,0,55,57,16,0,0,0,0,0,173,205,42,0,143,0,69,0,2,0,67,0,15,0,37,37,0,59,63,67,51,64,15,0,49,9,3,0,3,0,14,0,17,0,0,0,11,0,0,0,1,0,0,0,15,0,0,0,0,0,1,0,0,0,23,0,0,0,0,0,0,0,0,0,0,0,0,0,0,0,0,0,0,0,0,0,0,0,0,0,15,0,0,0,0,0,0,0,0,0,0,0,0,0,0,0,23,0,0,0,0,0,0,0,2,0,0,0,0,0,0,0,0,0,41,0,0,0,0,0,0,0,0,0,0,0,0,0,15,0,0,0,0,0,8,0,7,0,58,0,24,0,17,0,8,0,23,0,0,0,14,2,31,0,9,0,2,0,0,0,127,0,0,0,0,0,0,0,0,0,0,0,0,0,0,0,0,0,0,0,0,0,0,0,84,223,66,21,29,0,0,5,0,0,0,0,0,0,0
0,0,0,0,17,10,0,0,0,0,0,10,232,108,0,3,0,7,163,98,20,36,0,10,0,0,159,175,0,29,0,38,0,26,17,47,5,52,0,1,53,21,59,0,26,111,40,41,0,9,31,50,0,0,0,0,0,0,0,0,0,0,0,9,0,2,0,0,0,0,0,7,0,2,0,0,0,0,0,0,0,47,0,0,0,33,0,0,0,0,0,0,0,0,0,0,0,0,0,24,0,5,0,0,0,0,0,0,0,0,0,0,0,0,0,0,0,0,0,0,0,43,0,0,0,0,0,0,0,0,0,1,0,0,0,0,0,42,0,93,0,78,0,99,0,29,0,0,0,0,0,0,0,0,0,8,0,6,0,0,0,0,0,3,0,59,0,18,0,23,0,0,0,17,0,0,0,0,0,0,0,0,0,0,0,0,5,5,0,0,0,0,0,0,0,0,0,0,0,0,0,0,0,0,0,0,0,0,0,0,0,0,0,0,0,0,0,0,18,120,120,12,0,0,4
4,0,0,0,26,0,0,0,0,0,0,0,34,23,0,0,11,0,14,0,9,0,0,0,0,0,137,66,7,0,17,0,6,0,0,0,20,0,0,0,34,49,63,26,0,196,176,196,146,163,13,0,0,0,0,0,0,0,0,0,0,0,7,0,0,0,0,0,0,0,54,0,0,0,52,0,0,0,0,0,99,0,0,0,89,0,39,0,0,0,32,0,0,0,0,0,108,0,270,0,170,0,0,0,0,0,102,0,0,0,0,0,0,0,0,0,0,0,0,0,75,0,70,0,0,0,0,0,0,0,0,0,0,0,0,0,38,0,81,0,80,0,0,0,57,0,0,0,20,0,0,0,0,0,13,0,0,0,0,0,0,0,0,0,134,0,9,0,38,0,3,0,8,0,0,0,32,5,12,0,19,0,0,0,0,0,74,0,0,0,0,0,0,0,0,0,0,0,0,0,0,0,0,0,0,0,0,0,0,0,18,178,145,0,0,2,2,100,0,8,0,0,0,0,1
0,28,0,0,0,36,0,0,0,0,0,36,78,45,0,11,0,0,15,48,0,23,0,0,0,0,224,211,0,0,0,0,0,7,5,4,0,5,0,0,317,64,67,111,196,0,434,200,28,174,21,26,0,0,0,4,0,0,0,5,0,4,0,11,0,0,0,3,0,13,0,8,0,0,0,0,0,33,0,0,0,53,0,31,0,113,0,21,0,0,0,0,0,11,0,47,0,1,0,38,0,18,0,11,0,0,0,12,0,1,0,0,0,0,0,0,0,0,0,3,0,47,0,0,0,8,0,6,0,0,0,18,0,0,0,0,0,72,0,0,0,82,0,235,0,14,0,0,0,0,0,56,0,54,0,0,0,5,0,0,0,0,0,3,0,145,0,7,0,65,0,19,0,32,0,0,0,19,0,17,1,54,0,9,0,41,37,19,0,0,0,0,0,0,0,0,0,0,0,0,0,0,0,0,0,0,0,0,0,0,0,0,0,0,22,0,0,0,54,167,154,20,0,0,79
16,0,57,0,82,0,0,0,14,0,59,0,240,53,32,0,13,0,25,18,9,0,15,0,0,0,56,150,0,0,0,0,0,0,0,0,3,0,0,0,124,163,51,40,176,434,0,283,100,147,9,0,0,0,0,0,0,0,0,0,0,0,0,0,0,0,0,0,0,0,0,0,0,0,0,0,0,0,0,0,0,0,0,0,30,0,0,0,0,0,12,0,0,0,0,0,0,0,0,0,0,0,0,0,0,0,41,0,0,0,0,0,0,0,0,0,0,0,1,0,6,0,9,0,0,0,0,0,0,0,0,0,0,0,25,0,25,0,6,0,0,0,55,0,2,0,0,0,51,0,0,0,0,0,0,0,0,0,0,0,0,0,0,0,0,13,5,0,0,0,0,0,0,0,0,0,34,8,31,0,27,0,17,0,36,0,97,0,0,0,0,0,0,0,0,0,0,0,0,0,0,0,0,0,0,0,0,0,11,0,0,293,64,0,5,0,0,82,0,15,9,0,0,0,5
0,69,0,59,0,139,0,21,0,10,0,183,60,324,0,12,0,0,20,44,0,0,0,0,0,0,174,64,0,0,0,0,0,0,0,0,0,0,0,0,180,143,64,41,196,200,283,0,15,37,26,0,0,0,0,0,0,0,0,0,0,0,0,0,0,0,0,0,0,0,0,0,0,0,0,0,0,0,0,0,0,0,0,0,0,0,0,0,0,0,0,0,0,0,0,0,0,0,0,0,0,4,0,0,0,0,0,0,0,0,0,0,0,0,0,0,0,0,0,0,0,0,0,0,0,22,0,0,0,0,0,0,0,0,0,0,0,0,0,0,0,0,0,0,0,0,0,0,0,0,0,0,0,0,0,0,0,0,0,0,0,0,0,0,0,0,0,0,0,0,0,0,0,0,0,0,0,72,0,57,0,0,0,0,0,0,34,24,0,0,0,0,0,0,0,0,0,0,0,0,0,0,0,0,0,0,0,0,0,0,0,0,0,0,0,0,0,0,0,198,67,0,2,0,50
21,0,15,0,0,0,25,0,12,0,11,0,30,0,3,0,0,0,4,0,0,0,3,1,10,0,48,3,1,0,0,0,0,0,2,0,5,0,0,0,54,10,15,0,146,28,100,15,0,180,0,0,3,0,15,0,17,0,17,0,0,0,0,0,0,0,0,0,6,0,0,0,0,0,0,0,1,0,0,0,5,0,30,1,0,0,8,0,4,0,0,0,29,0,0,0,0,0,3,0,17,0,49,0,7,0,14,0,0,0,0,0,0,0,0,0,0,0,0,0,0,0,0,0,8,2,0,0,0,0,7,0,1,0,0,0,0,0,0,0,3,0,0,0,0,0,0,0,3,0,0,0,8,0,1,0,0,0,0,0,9,0,0,0,15,0,3,0,49,0,6,0,9,0,0,0,87,5,18,0,29,2,4,0,0,0,139,0,65,0,0,0,0,0,29,0,17,0,0,0,17,0,0,1,37,0,19,0,0,0,63,105,111,15,34,6,1,18,2,2,10,1,0,0,3
0,4,0,0,0,5,0,4,0,2,0,21,0,50,0,1,0,0,0,3,0,0,0,0,0,0,0,29,0,0,0,0,0,0,0,0,0,4,0,0,33,61,0,9,163,174,147,37,180,0,0,0,0,0,0,0,0,2,0,2,0,1,0,0,0,0,0,0,0,3,0,0,0,0,0,0,0,3,0,0,0,0,0,4,0,0,0,0,0,0,0,0,0,4,0,0,0,0,0,0,0,6,0,0,0,0,0,0,0,0,0,0,0,0,0,0,0,0,0,0,0,0,0,4,0,2,0,3,0,0,0,0,0,0,0,0,0,3,0,0,0,0,0,24,0,0,0,0,0,0,0,16,0,37,0,0,0,0,0,0,0,0,0,6,3,38,0,3,0,5,0,7,0,9,0,10,0,14,0,15,0,35,0,3,0,14,20,45,0,0,0,0,0,0,0,0,0,0,0,0,0,0,0,1,0,0,0,0,0,0,0,27,0,0,9,0,0,0,29,23,14,0,0,1,28
0,0,0,0,53,5,0,0,0,0,9,0,254,57,14,0,9,0,198,44,41,0,0,0,0,0,172,110,9,0,124,0,21,0,37,0,50,0,2,0,14,12,49,31,13,21,9,26,0,0,0,17,0,0,3,0,10,0,12,0,0,0,0,0,0,1,0,0,0,0,17,0,3,0,20,0,0,0,0,0,0,0,7,0,0,0,22,0,0,0,0,0,0,0,0,0,0,0,0,0,0,0,0,0,0,0,0,0,0,0,0,0,0,0,0,0,0,0,0,0,0,0,0,0,0,0,0,0,0,0,0,0,0,0,0,0,0,0,0,0,0,0,0,0,0,0,0,0,0,0,0,0,0,0,0,0,0,0,0,0,0,1,0,0,65,0,14,0,37,0,11,0,19,0,0,0,13,4,44,0,0,0,0,0,0,0,53,3,0,0,0,0,0,0,0,0,0,0,0,0,0,0,0,0,0,0,0,0,0,0,111,125,55,44,36,0,2,0,0,0,0,0,0,0,0
0,0,0,2,28,64,0,0,0,0,0,6,146,202,2,0,0,0,186,196,0,47,0,0,0,0,0,120,0,13,5,24,0,41,0,8,16,81,0,0,19,0,9,50,0,26,0,0,0,0,17,0,0,3,0,0,0,0,0,0,0,0,0,0,0,0,0,0,0,0,0,0,0,0,0,10,0,0,0,1,0,52,0,0,0,50,0,0,0,0,0,0,0,2,0,19,0,0,0,22,0,0,0,0,0,0,0,0,0,0,0,0,0,0,0,0,0,0,0,0,0,0,0,0,3,0,4,0,0,0,0,0,0,0,0,0,0,55,0,103,0,131,0,297,0,39,0,0,0,0,4,0,0,9,0,0,0,13,0,0,0,0,0,4,0,48,0,21,0,57,0,20,0,30,0,0,0,0,0,0,0,8,0,0,0,0,0,24,0,0,0,0,0,0,0,22,0,0,0,0,0,0,0,0,0,0,0,0,0,0,0,0,0,1,11,0,0,0,72,56,58,8,2,0,0
0,2,0,0,3,0,123,38,71,155,1,0,0,0,6,0,175,0,15,0,30,0,16,0,130,38,7,0,10,0,0,0,2,0,0,0,9,0,9,0,0,0,3,0,0,0,0,0,3,0,0,0,0,22,158,52,72,0,39,80,18,2,64,8,0,12,6,90,0,0,0,0,0,0,4,0,0,0,0,0,0,0,0,0,36,0,2,0,0,0,14,0,0,0,0,0,0,0,0,0,0,0,0,0,0,0,0,0,0,0,0,0,0,0,0,0,0,0,0,0,0,0,6,0,0,0,0,0,112,0,0,0,0,0,0,0,95,0,167,0,74,0,45,1,0,1,0,0,0,0,0,0,0,0,266,3,48,0,105,1,15,0,12,0,0,0,0,0,6,0,105,2,3,0,0,0,14,4,0,0,0,0,11,0,48,16,0,0,0,0,0,0,0,0,0,0,0,0,0,0,9,0,0,0,0,0,0,0,0,0,21,204,60,34,25,0,11,0,0,0,2,6,0,0,0
0,1,0,1,0,0,29,52,75,200,0,0,0,0,0,9,0,63,0,0,0,32,0,19,7,35,0,0,0,10,0,2,0,0,0,3,0,0,0,2,0,0,0,0,0,0,0,0,0,0,0,3,22,0,84,106,11,71,42,72,0,44,6,87,0,5,18,58,0,0,0,0,0,0,0,0,0,0,0,0,0,3,0,0,0,34,0,0,0,0,0,3,0,0,0,0,0,8,0,6,0,10,0,0,0,1,0,3,0,0,0,0,0,0,0,0,0,0,0,0,0,0,0,0,0,0,0,0,0,32,0,5,0,47,0,27,0,79,0,154,0,21,0,131,0,2,0,0,0,0,0,0,0,0,6,130,0,73,0,86,0,16,0,0,0,0,0,0,0,0,0,3,0,3,0,1,13,59,0,0,0,0,0,21,3,35,0,0,0,0,0,0,0,0,0,0,0,0,0,0,0,0,0,0,0,0,0,0,0,0,0,0,0,0,7,0,0,0,8,4,3,0,0,0,0
9,15,121,0,0,0,162,102,107,367,0,0,0,0,70,0,11,5,0,0,16,0,155,0,360,88,0,0,2,0,0,0,0,0,0,0,0,0,4,0,0,0,3,0,0,0,0,0,15,0,3,0,158,84,0,179,64,4,27,65,26,0,23,29,22,0,0,117,0,0,0,0,0,0,0,0,0,0,0,0,0,0,0,0,0,0,0,0,0,0,0,0,0,0,0,0,0,0,0,0,0,0,0,0,0,0,0,0,0,0,0,0,0,0,0,0,0,0,0,0,0,0,0,0,0,0,0,0,128,0,14,0,11,0,35,0,160,0,5,0,14,0,118,0,0,0,0,0,0,0,0,0,0,0,78,6,69,8,28,0,43,0,0,0,1,0,6,0,21,0,188,0,12,0,0,0,8,0,0,0,0,0,0,3,8,56,0,0,0,0,0,0,0,0,0,0,0,0,0,0,0,0,0,0,0,0,2,0,0,0,180,50,205,259,200,12,78,0,0,0,0,0,0,0,0
0,5,0,21,0,0,100,344,273,94,0,3,0,0,0,103,4,6,0,0,0,9,0,20,33,258,0,0,0,2,0,0,0,0,0,0,0,0,0,0,0,0,0,0,0,4,0,0,0,0,0,0,52,106,179,0,15,154,116,90,8,103,32,66,0,23,57,29,0,1,0,0,0,0,0,0,0,0,0,0,0,0,0,4,0,0,0,0,0,0,0,0,0,0,0,0,0,0,0,0,0,1,0,0,0,0,0,0,0,0,0,0,0,0,0,0,0,0,0,0,0,0,0,0,0,13,0,2,0,5,0,69,0,13,0,84,2,108,0,23,0,0,6,24,0,0,0,0,0,3,0,0,0,0,3,54,0,41,0,13,0,24,0,5,0,10,0,0,0,40,0,211,0,65,0,0,13,16,0,0,0,0,0,5,0,12,0,0,0,0,0,0,0,0,0,0,0,0,0,0,0,0,0,0,0,0,0,0,0,0,0,0,0,0,278,0,0,0,108,28,284,405,2,65,0
0,0,4,0,0,0,14,0,24,11,0,0,0,0,0,0,14,0,0,0,8,0,13,0,15,0,0,0,0,0,0,0,0,0,0,0,0,0,0,0,0,0,14,0,0,0,0,0,17,0,10,0,72,11,64,15,0,21,152,73,6,0,0,0,25,30,9,78,0,0,0,0,1,0,0,0,0,0,0,0,0,0,0,0,0,0,0,0,0,0,0,0,0,0,0,0,0,0,0,0,0,0,0,0,0,0,0,0,0,0,0,0,0,0,0,0,0,0,0,0,0,0,0,0,7,0,0,0,57,0,25,0,0,0,0,0,15,0,6,2,0,0,7,0,5,6,0,0,2,0,0,0,0,0,126,21,138,0,38,0,72,0,62,2,0,0,15,0,49,0,219,0,18,0,1,10,4,0,0,0,0,0,0,0,0,6,0,0,0,0,0,0,0,0,0,0,0,0,0,0,0,0,0,0,0,0,0,0,1,0,293,52,458,551,627,66,109,3,10,0,0,5,0,0,0
0,0,0,4,0,0,0,28,8,29,0,0,0,0,0,0,0,19,0,0,0,0,0,10,0,79,0,0,0,0,0,0,0,0,0,0,0,0,0,0,0,0,0,0,0,0,0,0,0,2,0,0,0,71,4,154,21,0,74,278,0,0,0,7,0,2,49,6,0,0,0,0,0,0,0,0,0,0,0,0,0,0,0,0,0,0,0,0,0,0,0,0,0,0,0,0,0,0,0,0,0,0,0,0,0,0,0,0,0,0,0,0,0,0,0,0,0,0,0,0,0,0,0,0,0,2,0,0,0,16,0,18,0,14,0,15,0,61,0,49,0,3,0,20,0,0,0,0,0,0,0,0,0,0,10,290,2,93,0,100,0,37,0,0,0,0,0,0,0,84,0,418,0,14,0,2,6,0,0,0,0,0,0,0,0,1,0,0,0,0,0,0,0,0,0,0,0,0,0,0,0,3,0,0,0,0,0,0,0,0,0,0,0,0,226,0,0,0,74,13,435,318,8,28,0
0,0,17,0,0,0,23,0,55,0,0,0,0,0,21,0,0,0,0,0,0,0,24,0,35,0,0,0,0,0,0,0,0,0,0,0,0,0,0,0,0,0,17,0,0,0,0,0,17,0,12,0,39,42,27,116,152,74,0,275,29,0,0,0,242,57,129,206,0,0,0,0,0,0,0,0,0,0,0,0,0,0,1,0,0,0,0,0,0,0,0,0,0,0,0,0,0,0,0,0,0,0,0,0,0,0,0,0,0,0,0,0,0,0,0,0,0,0,0,0,0,0,0,0,4,0,0,0,0,0,12,0,0,0,0,0,1,0,0,0,0,0,1,0,0,0,1,0,2,0,0,0,0,0,84,52,223,0,0,0,35,35,26,0,0,0,43,0,20,1,102,0,36,0,3,28,135,0,0,0,0,9,0,0,52,38,0,0,0,0,0,0,0,0,0,0,0,0,0,0,0,0,0,0,0,0,0,0,0,0,630,224,344,673,1143,72,151,5,16,0,0,0,0,0,0
0,50,0,0,0,0,0,50,84,157,0,0,0,0,0,0,0,0,0,0,0,0,0,0,0,0,0,0,0,0,0,0,0,0,0,0,0,0,0,0,0,0,0,0,0,5,0,0,0,2,0,0,80,72,65,90,73,278,275,0,0,132,1,19,0,167,171,233,0,2,0,0,0,0,0,0,0,0,0,0,0,0,0,0,0,0,0,0,0,0,0,0,0,0,0,0,0,0,0,0,0,0,0,0,0,0,0,0,0,0,0,0,0,0,0,2,0,0,0,0,0,0,0,0,0,9,0,0,0,4,0,35,0,0,0,2,0,5,0,6,0,0,0,0,0,95,0,0,0,0,0,0,0,0,72,268,3,480,0,63,0,8,0,49,0,9,1,0,0,73,0,275,0,31,1,31,13,0,0,0,0,0,0,0,40,25,0,0,0,0,0,0,0,0,0,0,0,0,0,0,0,0,0,0,0,0,0,0,0,0,0,7,2,0,1435,0,0,0,849,238,724,852,20,111,1
160,0,72,0,1,0,382,0,271,0,0,0,1,0,0,0,14,0,0,0,0,0,0,0,77,24,0,0,0,0,12,0,2,0,0,0,16,0,2,0,0,0,0,0,0,0,0,0,0,0,0,0,18,0,26,8,6,0,29,0,0,0,20,4,0,0,3,0,0,0,5,0,0,0,17,0,0,0,0,0,0,0,0,0,0,0,0,0,0,0,0,0,0,0,0,0,0,0,0,0,0,0,0,0,0,0,0,0,0,0,0,0,0,0,0,0,0,0,0,0,0,0,0,0,0,0,0,0,0,0,0,0,0,0,0,0,9,0,279,0,59,0,0,0,61,0,0,0,0,0,0,0,0,0,74,0,95,0,7,0,0,0,4,0,0,0,0,0,1,0,60,0,65,0,0,0,81,12,0,0,0,0,49,0,21,0,0,0,0,0,0,0,0,0,0,0,0,0,0,0,0,0,0,0,0,0,0,0,0,0,6,192,16,7,10,0,0,0,0,0,0,0,0,0,0
29,164,0,14,0,1,0,362,0,408,0,0,0,0,0,0,12,29,0,0,0,0,0,1,21,101,0,0,0,8,0,0,0,0,0,0,0,18,0,6,0,0,0,0,0,4,0,0,0,1,0,0,2,44,0,103,0,0,0,132,0,0,0,31,0,0,0,16,0,0,0,0,0,2,0,0,0,0,0,0,0,0,0,0,0,0,0,1,0,0,0,0,0,0,0,0,0,0,0,0,0,0,0,0,0,0,0,0,0,0,0,0,0,0,0,0,0,0,0,0,0,0,0,1,0,0,0,0,0,0,0,0,0,0,0,0,0,0,0,80,0,22,0,0,0,108,0,0,0,0,0,0,0,0,0,74,0,121,0,33,0,0,0,4,0,0,0,0,0,1,0,37,0,48,0,0,0,274,0,0,0,0,0,161,0,41,0,0,0,0,0,0,0,0,0,0,0,0,0,0,0,0,0,0,0,0,0,0,0,0,0,0,1,0,0,0,0,0,6,8,4,0,0,1,0
47,30,68,0,0,0,269,70,83,114,0,0,0,0,1,0,208,10,4,0,25,0,14,0,404,90,10,0,33,0,8,0,5,0,0,0,15,0,14,0,0,0,11,0,7,0,0,0,0,0,0,0,64,6,23,32,0,0,0,1,20,0,0,10,0,0,0,0,0,0,0,0,0,0,4,0,0,0,0,0,0,0,0,0,7,0,3,0,0,0,0,0,0,0,0,0,0,0,0,0,0,0,0,0,0,0,0,0,0,0,0,0,0,0,0,0,0,0,0,0,6,0,0,0,0,0,0,0,25,0,0,0,0,0,0,0,19,0,60,0,20,0,40,0,0,0,0,0,0,0,0,0,0,0,71,0,43,1,13,0,0,0,1,0,0,0,0,0,0,0,2,0,3,0,0,0,21,13,0,0,0,0,13,0,0,1,0,0,0,0,0,0,0,0,0,0,0,0,0,0,0,0,0,0,0,0,0,0,0,0,1,127,0,2,8,0,0,0,0,1,0,3,0,1,0
16,42,0,0,0,0,42,331,41,303,0,0,0,0,0,8,9,138,0,36,0,140,0,20,34,108,0,37,0,39,0,4,0,5,0,25,0,44,0,1,0,0,0,9,0,11,0,0,0,0,0,0,8,87,29,66,0,7,0,19,4,31,10,0,0,0,0,5,0,0,0,0,0,0,0,0,0,0,0,0,0,0,0,0,0,0,0,1,0,0,0,0,0,0,0,0,0,0,0,0,0,0,0,0,0,0,0,2,0,0,0,0,0,0,0,0,0,0,0,0,0,0,0,0,0,0,0,0,0,0,0,0,0,0,0,0,0,25,0,41,0,17,0,9,0,14,0,0,0,0,0,0,0,0,1,71,0,22,0,40,0,3,0,0,0,0,0,0,1,0,0,6,3,8,0,0,4,122,0,0,0,0,0,55,0,0,0,0,0,0,0,0,0,0,0,0,0,0,0,0,0,0,0,0,0,0,0,0,0,0,0,1,0,0,7,0,0,0,10,9,3,4,0,0,0
17,0,18,0,15,0,24,0,247,0,10,0,0,0,6,0,0,0,8,0,0,0,0,0,0,0,0,0,0,0,0,0,0,0,0,0,0,2,0,0,0,0,0,0,0,0,0,0,0,0,0,0,0,0,22,0,25,0,242,0,0,0,0,0,0,44,104,0,0,0,0,0,0,0,0,0,0,0,0,0,0,0,0,0,0,0,0,0,0,0,0,0,0,0,0,0,0,0,0,0,0,0,0,0,0,0,0,1,0,0,0,0,0,0,0,0,0,0,0,0,0,0,0,0,25,0,11,0,1,0,14,0,0,0,0,0,0,0,12,10,0,0,0,0,34,37,18,0,49,0,5,0,0,0,5,10,27,0,0,0,167,89,12,6,0,0,0,0,0,0,0,0,4,0,37,14,11,0,0,0,105,90,5,0,152,3,0,0,0,0,0,0,0,0,0,0,1,0,0,0,0,0,0,0,0,0,0,0,0,0,45,1,0,0,86,0,0,0,0,0,0,0,0,0,0
0,91,0,0,0,18,0,70,8,231,0,26,0,0,0,13,0,0,0,64,0,0,0,0,0,0,0,46,0,0,0,0,0,0,0,0,0,3,0,3,0,1,0,2,0,0,0,0,0,0,1,0,12,5,0,23,30,2,57,167,0,0,0,0,44,0,21,590,0,0,2,4,0,1,0,0,0,0,0,0,0,0,0,0,0,0,0,0,0,0,0,0,0,0,0,1,1,0,0,0,0,0,0,0,0,0,0,0,0,0,0,0,0,0,0,0,0,0,0,0,0,0,0,0,0,87,0,11,15,0,37,114,0,0,0,0,0,0,40,0,0,0,0,0,61,126,0,15,0,140,0,6,0,5,68,16,0,44,57,11,159,279,0,62,0,0,0,0,0,0,0,14,0,0,5,50,5,0,0,4,19,119,0,8,0,76,0,0,0,0,0,0,0,0,0,0,0,2,0,3,0,0,0,0,0,3,0,2,0,4,3,0,0,0,107,1,0,0,132,15,43,0,0,2,0
19,0,5,0,0,0,17,4,356,25,7,0,0,0,0,0,0,0,0,0,0,0,0,0,0,2,0,0,0,0,0,0,0,0,0,0,0,0,0,0,0,0,1,0,0,0,0,0,0,0,0,0,6,18,0,57,9,49,129,171,3,0,0,0,104,21,0,101,0,0,0,0,0,0,0,0,0,0,0,0,0,0,0,0,0,0,0,0,0,0,0,0,0,0,0,0,0,0,0,0,0,0,0,0,0,0,0,0,0,0,0,0,0,0,0,0,0,0,0,0,0,0,0,0,0,0,0,0,1,0,11,0,0,0,0,0,0,0,0,0,0,0,0,0,0,0,0,0,13,0,0,0,0,0,7,32,16,5,0,14,36,0,1,0,0,0,0,0,0,0,0,0,0,0,16,27,180,0,0,0,8,18,0,0,243,23,0,0,0,0,0,0,0,0,0,0,0,0,0,0,0,0,0,0,0,0,0,0,0,0,44,30,10,0,103,0,6,0,0,0,0,0,0,0,0
0,14,0,0,0,0,0,30,49,178,0,0,0,0,0,0,0,0,0,0,0,0,0,0,0,0,0,0,0,0,0,0,0,0,0,0,0,0,0,0,0,0,0,0,0,3,0,0,0,0,0,0,90,58,117,29,78,6,206,233,0,16,0,5,0,590,101,0,0,0,0,0,0,0,0,0,0,0,0,0,0,0,0,0,0,0,0,0,0,0,0,0,0,0,0,0,0,0,0,0,0,0,0,0,0,0,0,0,0,0,0,0,0,0,0,0,0,0,0,0,0,0,0,0,0,4,0,0,0,0,0,16,0,0,0,0,0,0,0,0,0,0,0,0,0,50,0,0,0,15,0,0,0,0,47,43,8,82,5,16,7,8,0,34,0,1,0,0,0,5,0,23,0,0,0,53,31,0,0,0,0,0,1,0,28,146,0,0,0,0,0,0,0,0,0,0,0,0,0,0,0,0,0,0,0,0,0,1,0,0,0,5,0,0,145,0,0,0,122,73,63,92,0,6,0
0,0,0,0,0,0,0,0,0,0,0,0,0,0,0,0,0,0,0,0,0,0,0,0,0,0,0,0,0,0,0,0,0,0,0,0,0,0,0,0,0,0,0,0,0,0,0,0,6,0,0,0,0,0,0,0,0,0,0,0,0,0,0,0,0,0,0,0,0,0,0,0,12,0,0,0,116,0,35,0,12,1,11,0,0,0,19,0,9,0,0,0,8,0,10,0,0,0,25,0,7,0,153,0,0,0,23,0,53,0,3,0,12,0,9,0,2,0,0,0,0,0,0,0,0,5,0,0,0,0,0,0,0,0,0,0,3,0,0,0,0,0,0,0,0,0,0,0,0,0,0,0,3,0,0,0,0,0,0,0,0,0,0,0,21,0,0,0,95,0,6,0,0,0,0,0,0,0,0,0,0,2,0,0,0,0,0,0,0,0,0,0,0,0,0,0,9,0,0,0,0,0,0,0,0,0,0,0,0,0,96,0,45,0,7,38,49,0,0,0,0,0,0,0,0
0,0,0,0,0,0,0,0,0,1,0,0,0,0,0,0,0,0,0,0,0,0,0,0,0,0,0,1,0,0,0,0,0,0,0,0,0,0,0,0,0,2,0,0,0,13,0,0,0,3,0,0,0,0,0,1,0,0,0,2,0,0,0,0,0,0,0,0,0,0,0,0,0,7,0,0,0,67,0,0,0,7,0,35,0,0,0,7,0,6,0,0,0,10,0,21,0,2,0,0,0,4,0,62,0,0,0,0,0,6,0,8,0,0,0,1,0,0,0,0,0,0,0,0,1,0,0,2,0,0,0,0,0,0,0,0,0,0,0,0,0,0,0,0,0,0,0,1,0,0,0,0,0,0,0,0,0,0,0,0,0,0,0,0,0,28,0,0,0,42,0,3,0,0,0,0,0,0,0,0,0,9,0,0,0,0,0,0,0,0,0,0,0,6,0,28,0,6,0,0,0,0,0,0,0,0,0,0,0,0,0,0,0,0,13,0,0,0,38,9,62,0,16,117,0
0,0,0,0,0,0,0,0,0,0,0,0,0,0,0,0,7,0,0,0,50,0,0,0,0,0,89,0,0,0,0,0,0,0,9,0,82,0,20,0,0,0,15,0,54,0,0,0,0,0,17,0,0,0,0,0,0,0,0,0,5,0,0,0,0,2,0,0,0,0,0,0,224,0,285,0,8,0,204,0,15,0,7,0,0,0,41,0,0,0,0,0,0,0,0,0,0,0,0,0,0,0,0,0,0,0,0,0,0,0,0,0,0,0,0,0,0,0,0,0,26,0,0,0,28,15,0,0,18,0,37,23,11,0,0,1,31,0,5,0,34,0,15,0,78,0,19,0,84,0,27,0,0,0,0,0,12,0,0,0,9,4,73,0,0,0,26,0,28,2,26,0,49,0,51,0,0,0,0,0,60,17,0,0,9,0,0,0,0,0,0,0,0,0,0,0,0,0,0,0,0,0,0,0,0,0,0,0,0,0,20,0,17,0,0,0,5,0,0,0,0,0,0,0,0
0,0,0,0,0,0,0,0,0,0,0,0,0,0,0,0,0,0,0,0,0,0,0,0,0,0,0,0,0,0,0,0,0,0,0,0,0,0,0,0,0,0,0,7,0,8,0,0,0,0,0,0,0,0,0,0,0,0,0,0,0,0,0,0,0,4,0,0,0,0,0,0,1,76,0,152,0,7,1,17,0,0,0,3,0,0,0,41,0,0,0,0,0,0,0,0,0,0,0,0,0,0,0,0,0,0,0,0,0,0,0,0,0,0,0,0,0,0,0,0,0,6,0,4,0,68,0,51,14,0,38,0,2,38,0,0,0,13,9,2,0,17,0,4,10,87,0,41,0,71,0,46,0,40,0,0,0,6,0,1,14,9,0,42,0,0,0,10,0,12,0,14,0,0,5,61,0,0,0,0,11,83,0,0,0,0,0,0,0,0,0,0,0,0,0,0,1,0,0,0,0,0,0,0,0,0,0,0,0,20,0,0,0,0,3,0,0,0,13,3,17,0,0,2,0
0,0,0,0,0,0,0,0,0,0,0,0,0,0,0,0,0,0,0,0,0,0,0,0,0,0,0,0,0,0,0,0,0,0,0,0,0,0,0,0,0,0,0,0,0,0,0,0,0,0,3,0,0,0,0,0,1,0,0,0,0,0,0,0,0,0,0,0,12,0,224,1,0,0,71,0,27,0,149,0,2,0,15,0,8,0,10,0,0,0,0,0,7,0,0,0,0,0,0,0,0,0,8,0,0,0,0,0,0,0,0,0,0,0,0,0,0,0,0,0,15,0,0,0,57,5,20,0,45,0,25,8,43,1,65,0,49,0,14,0,38,0,0,0,81,0,0,2,24,0,44,0,20,0,0,0,0,0,0,0,0,0,68,0,0,0,0,0,12,0,0,0,0,0,13,0,0,0,0,0,24,0,0,0,0,0,0,0,0,0,0,0,90,0,5,0,23,0,0,0,46,0,57,0,0,0,114,0,75,0,124,0,13,0,20,0,0,0,0,0,0,0,0,0,0
0,0,0,0,0,0,0,0,0,0,0,0,0,0,0,0,0,0,0,0,0,0,0,0,0,0,0,0,0,0,0,0,0,0,0,0,0,0,0,0,0,0,0,2,0,0,0,0,0,0,0,0,0,0,0,0,0,0,0,0,0,2,0,0,0,1,0,0,0,7,0,76,0,0,0,316,0,84,0,33,0,6,0,40,0,26,0,51,0,0,0,0,0,1,0,0,0,0,0,0,0,0,0,2,0,0,12,0,0,0,0,0,0,0,0,0,0,0,0,0,0,21,0,29,0,54,21,66,0,0,13,15,3,31,0,67,0,11,4,0,0,12,3,11,3,33,12,0,7,32,0,101,0,47,0,0,0,0,5,0,0,2,0,108,0,0,0,0,0,4,0,0,0,0,0,28,0,0,0,0,29,69,0,0,0,10,0,0,0,58,0,0,0,0,0,0,0,0,0,0,0,56,0,0,0,0,0,0,3,72,0,0,0,0,11,0,0,0,28,0,10,0,0,0,0
0,0,0,0,4,0,0,0,0,0,0,0,0,0,0,0,22,0,0,0,57,0,0,0,0,0,84,0,21,0,6,0,0,0,0,0,62,0,29,0,0,0,0,0,52,0,0,0,0,0,20,0,4,0,0,0,0,0,0,0,17,0,4,0,0,0,0,0,0,0,285,0,71,0,0,5,15,0,149,2,18,0,12,0,18,0,52,1,0,0,0,0,0,0,11,0,6,0,14,0,0,0,0,0,0,0,0,0,0,0,0,0,0,0,0,0,0,0,0,0,122,0,23,0,44,19,17,1,4,0,0,27,0,0,65,0,23,0,10,0,86,0,117,0,97,0,24,4,66,7,0,0,36,0,0,0,16,0,0,0,0,0,35,0,0,0,0,0,0,3,22,0,29,0,97,0,0,0,0,0,90,15,0,0,0,0,0,0,0,0,0,0,0,0,0,0,12,0,38,0,36,0,40,0,0,0,60,0,48,0,29,0,3,0,8,0,3,0,10,0,0,0,0,0,0
0,1,0,1,0,0,0,1,0,0,0,1,0,0,0,0,0,1,0,0,0,0,0,0,1,0,0,0,0,0,0,0,0,0,0,0,0,0,0,0,0,0,0,0,0,0,0,0,0,0,0,10,0,0,0,0,0,0,0,0,0,0,0,0,0,0,0,0,0,0,0,152,0,316,5,0,0,9,0,70,0,6,0,0,0,15,0,139,0,0,0,0,0,0,5,0,3,0,0,2,0,1,0,0,0,0,0,0,0,0,0,0,0,0,0,0,0,0,0,0,2,188,0,53,49,85,0,143,40,0,53,22,6,41,0,126,2,39,13,0,0,52,2,39,0,139,0,67,40,98,23,161,0,110,0,0,0,8,0,0,0,0,0,114,0,0,0,6,0,16,0,19,0,14,0,78,0,0,0,0,39,142,0,0,0,19,0,0,0,0,0,0,0,0,0,0,0,0,0,58,0,26,1,38,0,0,0,121,0,142,16,0,0,11,0,0,0,0,22,0,26,0,0,0,0
0,0,0,0,0,0,0,0,0,0,1,0,0,0,0,0,0,0,0,0,0,0,0,0,0,0,0,0,0,0,0,0,0,0,0,0,0,0,0,0,0,0,1,0,0,0,0,0,1,0,0,0,0,0,0,0,0,0,0,0,0,0,0,0,0,0,0,0,116,0,8,0,27,0,15,0,0,0,22,0,11,0,22,0,17,0,18,0,1,0,0,0,3,0,0,0,0,0,0,0,0,0,51,0,0,0,0,0,6,0,0,0,0,0,10,0,5,0,0,0,0,0,0,0,0,0,0,0,0,0,0,0,0,0,0,0,0,0,0,0,0,0,0,0,0,0,0,2,0,0,0,0,0,0,0,0,0,0,0,0,0,0,0,1,8,0,0,0,57,0,2,0,0,0,0,0,0,0,0,0,16,4,0,0,0,0,0,0,95,0,0,0,0,0,55,0,0,0,0,0,0,0,0,0,0,0,0,0,0,0,50,0,23,0,4,12,5,0,1,0,0,0,0,0,0
0,0,0,0,0,0,0,0,0,0,0,0,0,0,0,4,0,0,0,0,0,0,0,0,0,0,0,0,0,0,0,0,0,0,0,0,0,0,0,0,0,0,0,0,0,33,0,0,0,3,0,0,0,0,0,0,0,0,0,0,0,0,0,0,0,0,0,0,0,67,0,7,0,84,0,9,0,0,0,4,0,44,0,186,0,29,0,65,0,6,0,0,0,34,0,50,0,8,0,13,0,16,0,80,0,0,0,0,0,3,0,0,0,0,0,0,0,12,0,0,0,0,0,2,0,0,0,3,0,0,0,0,2,0,0,0,0,3,0,0,0,0,0,0,0,0,8,0,0,0,3,0,2,22,0,0,0,0,0,0,0,0,0,0,0,29,0,0,0,78,0,0,0,0,0,3,0,0,0,0,0,0,0,1,0,0,0,0,0,0,0,0,0,0,0,92,0,20,0,0,0,16,0,0,0,0,0,0,0,0,0,0,0,0,22,0,0,0,68,15,72,0,12,4,0
0,0,0,0,0,0,0,0,0,0,0,0,1,0,0,0,0,0,0,0,0,0,0,0,0,0,0,0,0,0,0,0,0,0,0,0,0,0,0,0,0,0,0,0,0,0,0,0,0,0,0,0,0,0,0,0,0,0,0,0,0,0,0,0,0,0,0,0,35,0,204,1,149,0,149,0,22,0,0,0,41,0,50,0,39,0,46,0,0,0,0,0,26,0,0,0,0,0,0,0,0,0,19,0,0,0,0,0,5,0,0,0,0,0,4,0,1,0,0,0,81,0,22,0,16,0,0,0,0,0,0,8,0,0,109,0,45,0,0,1,36,0,158,0,35,1,0,3,0,0,25,0,0,0,0,0,2,0,0,0,0,0,43,0,5,0,0,0,36,0,0,0,0,0,25,0,1,0,0,0,0,0,0,0,0,0,0,0,157,0,0,0,238,0,46,0,49,0,108,0,173,0,0,0,103,0,0,0,60,0,138,3,8,0,17,0,2,0,0,0,0,0,0,0,0
