0,452,95,158,187,0,27,299,35,249,162,3,155,0,15,57,91,0,21,0,0,0,14,93,36,449,43,0,54,0,0,0,14,0,10,0,0,12,300,0,42,0,0,0,34,0,35,0,21,0,0,0,38,0,0,17,0,0,0,0,158,0,211,82,20,0,6,0,0,0,0,0,0,0,0,0,0,0,0,0,0,1,0,0,0,0,0,0,0,0,0,0,0,0,0,0,0,0,0,0,0,0,0,0,0,0,0,0,0,0,0,0,0,0,0,0,0,0,0,0,0,0,0,0,0,0,8,0,0,0,3,0,0,0,0,0,0,0,0,0,0,0,0,0,0,0,11,0,34,0,25,0,0,0,9,0,4,0,0,0,2,0,0,0,5,0,10,0,24,0,14,0,202,31,0,0,410,137,18,0,0,0,98,25,106,0,4,0,0,0,0,0,0,0,0,0,0,0,0,0,0,0,0,0,0,0,2,0,0,0,710,249,164,156,465,8,20,0,1,15,0,0,0,0,0
452,0,646,136,115,329,79,144,23,56,38,335,0,169,24,100,60,33,0,242,0,10,257,23,234,75,0,381,0,67,0,0,0,175,0,0,0,401,0,453,0,55,0,0,0,103,0,191,0,11,0,0,0,18,10,21,0,6,0,15,0,142,0,151,0,28,0,9,0,0,0,0,0,0,0,0,0,0,0,0,0,0,0,0,0,0,0,0,0,0,0,0,0,0,0,0,0,0,0,0,0,0,0,0,0,2,0,0,0,0,0,0,0,0,0,0,0,0,0,0,0,0,0,3,0,5,0,8,0,0,0,3,0,0,0,11,0,8,0,0,0,0,0,0,0,0,0,0,0,64,0,107,0,89,0,0,0,2,0,1,0,0,0,0,0,10,0,0,0,26,0,17,0,335,0,32,145,455,0,19,0,27,18,23,0,87,3,0,0,0,0,1,0,0,0,0,0,0,0,1,0,3,0,0,0,0,0,4,0,5,0,0,0,0,654,0,0,0,1032,225,355,0,3,57,0
95,646,0,225,443,124,65,108,28,57,76,84,217,0,215,142,151,39,111,0,62,0,531,144,234,254,106,0,231,0,30,0,121,0,9,2,66,0,472,0,29,0,0,0,54,0,59,0,53,0,0,0,0,0,160,0,0,0,0,0,32,25,135,45,71,0,12,0,0,0,0,0,0,0,0,0,0,0,0,0,0,0,0,0,0,0,0,0,0,0,0,0,0,0,0,0,0,0,0,0,0,0,0,0,94,0,85,0,0,0,0,0,0,0,0,0,0,0,0,0,0,0,0,0,27,0,79,0,0,0,22,0,7,0,115,0,77,0,0,1,2,0,72,0,4,0,45,0,123,0,187,0,6,0,3,0,0,0,0,0,6,0,4,0,28,0,123,0,50,0,15,0,277,20,3,0,61,114,1,0,0,1,6,13,87,0,0,0,0,0,0,0,0,0,0,0,28,0,3,0,110,0,0,0,5,0,26,0,167,0,748,211,496,379,706,19,39,3,11,11,0,0,0,0,0
158,136,225,0,100,159,0,114,0,11,62,7,0,10,36,306,39,32,0,136,0,17,150,105,47,226,0,68,0,151,4,0,0,352,0,0,0,69,0,310,0,0,0,0,0,38,0,0,0,0,0,0,0,1,0,171,0,51,0,0,0,0,0,8,0,0,0,0,0,0,0,0,0,0,0,0,0,0,0,0,0,0,0,0,0,9,0,0,0,0,0,0,0,0,0,0,0,0,0,0,0,0,0,0,0,0,0,0,0,0,0,0,0,0,0,0,0,0,0,0,0,0,0,0,0,0,0,0,0,11,0,0,1,14,0,42,0,55,0,0,0,0,0,0,0,0,0,0,0,0,0,0,0,0,2,0,0,0,0,0,0,6,0,0,0,0,0,42,0,7,0,0,0,80,0,0,34,45,0,2,0,0,0,0,0,0,0,0,0,0,0,0,0,0,0,0,0,0,0,0,0,9,0,0,0,0,0,0,0,6,0,0,0,0,125,0,0,0,173,46,225,47,0,0,0
187,115,443,100,0,499,12,0,19,1,153,247,531,0,483,483,41,9,141,158,193,45,100,111,0,0,152,0,37,0,172,0,178,0,75,0,275,33,43,0,107,0,0,0,42,0,134,0,0,0,59,6,5,0,0,0,0,0,0,0,0,0,0,0,13,0,2,0,0,0,0,0,0,0,3,0,0,0,0,0,0,0,0,0,0,0,0,0,0,0,2,0,0,0,0,0,0,0,0,0,0,0,0,0,0,0,0,0,0,0,0,0,0,0,0,0,0,0,0,0,0,0,0,0,8,0,8,0,0,0,0,0,0,0,0,0,0,0,0,0,0,0,0,0,2,0,18,0,34,0,63,0,0,0,5,0,0,0,0,0,0,0,0,0,36,0,253,0,64,2,0,0,130,9,11,0,293,250,34,0,44,0,20,0,51,0,0,0,0,0,0,0,0,0,0,0,0,0,0,0,0,0,0,0,0,0,0,0,13,0,553,424,412,0,201,0,0,0,0,13,0,1,0,0,0
0,329,124,159,499,0,1,71,0,24,131,272,303,188,406,320,33,0,189,251,198,90,137,20,0,18,39,311,7,56,82,76,61,405,21,83,46,320,0,0,7,29,0,0,0,32,0,85,0,4,0,145,0,12,0,33,0,0,0,0,0,0,0,0,0,0,0,0,0,0,0,0,0,0,0,0,0,0,0,0,0,0,0,0,0,0,0,0,0,0,0,0,0,0,0,0,0,0,0,0,0,0,0,0,0,0,0,0,0,0,0,0,0,0,0,0,0,0,0,0,0,0,0,0,0,0,0,0,0,0,0,0,0,0,0,0,0,0,0,0,0,0,0,0,0,0,0,0,0,0,0,0,0,0,0,0,0,0,0,0,0,0,0,0,0,88,0,369,0,74,0,0,0,141,0,0,126,446,57,27,0,16,0,7,0,0,15,5,0,0,0,0,0,0,0,0,0,0,0,2,0,0,0,0,0,0,0,0,0,5,7,0,0,0,315,0,0,0,578,300,534,67,0,0,1
27,79,65,0,12,1,0,91,120,337,4,0,0,0,0,0,0,0,0,0,0,0,0,0,80,130,0,0,0,0,3,0,2,0,0,0,0,0,0,0,0,0,0,0,4,0,0,0,25,0,4,0,212,45,327,80,9,9,37,24,208,0,180,70,31,0,24,52,2,0,0,0,0,0,0,0,0,0,0,0,0,0,0,0,0,0,0,0,0,0,0,0,0,0,0,0,0,0,0,0,0,0,0,0,0,0,0,0,0,0,0,0,0,0,0,0,0,0,0,0,0,0,0,0,16,0,25,0,0,0,9,0,0,0,0,0,5,0,1,0,0,0,0,0,0,0,3,0,20,0,21,0,0,0,6,0,35,0,0,0,14,0,9,0,16,0,0,0,16,0,68,0,88,0,0,0,0,0,0,0,0,0,4,0,5,0,0,0,0,0,0,0,0,0,0,0,0,0,0,0,0,0,0,0,0,0,0,0,14,0,738,89,332,546,810,61,267,4,5,0,0,0,0,0,0
299,144,108,114,0,71,91,0,126,48,0,7,0,0,0,145,16,32,0,112,0,9,27,9,136,356,0,105,0,73,0,0,0,23,0,5,0,0,0,183,0,6,0,0,0,27,0,0,0,4,0,0,0,45,57,332,0,32,0,33,0,107,22,268,0,2,0,0,0,0,0,0,0,0,0,0,0,0,0,0,0,0,0,0,0,0,0,0,0,0,0,0,0,0,0,0,0,0,0,0,0,0,0,0,0,0,0,0,0,0,0,0,0,0,0,0,0,0,0,0,0,0,0,0,0,36,0,0,0,17,0,25,0,12,0,80,0,39,0,0,0,0,0,0,0,0,0,0,0,5,0,10,0,0,0,0,0,0,0,0,0,8,0,0,0,11,0,0,0,33,0,0,0,146,0,0,52,28,0,0,0,0,0,0,0,0,0,0,0,0,0,0,0,0,0,0,0,0,0,4,0,0,0,0,0,0,0,8,0,32,8,0,0,0,622,0,0,0,545,69,379,412,7,294,0
35,23,28,0,19,0,120,126,0,628,16,0,16,0,6,0,8,2,12,0,0,0,0,0,9,99,0,0,0,0,0,0,0,0,0,0,0,0,11,0,8,0,0,0,10,0,0,0,26,0,0,0,411,107,201,225,19,36,129,104,253,0,207,0,153,0,234,243,0,0,0,0,0,0,0,0,0,0,0,0,0,0,0,0,0,0,0,0,0,0,0,0,0,0,0,0,0,0,0,0,0,0,0,0,0,0,0,0,0,0,0,0,0,0,0,0,0,0,0,0,0,0,0,0,0,0,21,0,0,0,27,0,0,0,0,0,0,0,6,0,0,0,0,0,11,0,16,0,76,0,20,0,0,0,18,0,45,0,0,0,34,0,0,0,9,0,0,0,14,0,74,0,70,0,0,0,371,48,3,0,0,0,27,0,222,18,0,0,0,0,0,0,0,0,0,0,6,0,0,0,0,0,0,0,0,0,0,1,7,0,711,166,157,0,528,0,113,0,0,2,0,0,0,0,0
249,56,57,11,1,24,337,48,628,0,0,19,0,10,0,26,7,0,0,46,0,0,0,3,254,59,0,37,0,0,0,0,0,0,0,0,0,0,0,0,0,0,0,0,0,12,0,0,0,2,0,0,31,195,277,127,3,35,27,41,0,115,14,327,0,81,6,101,0,0,0,0,0,0,0,0,0,0,0,0,0,0,0,0,0,0,0,0,0,0,0,0,0,0,0,1,0,0,0,0,0,0,0,0,0,0,0,2,0,0,0,0,0,0,0,0,0,0,0,0,0,0,0,0,0,59,0,40,0,3,0,29,0,0,0,43,0,12,0,0,0,0,0,1,0,0,0,41,0,83,1,63,0,23,0,8,0,47,0,0,0,6,0,0,0,7,0,0,0,20,2,22,0,0,0,0,166,198,0,5,0,0,0,31,7,82,0,0,0,0,0,0,0,10,0,0,0,0,0,0,0,6,0,0,0,0,0,14,0,36,0,0,0,0,709,0,0,0,1070,208,131,357,11,198,1
162,38,76,62,153,131,4,0,16,0,0,37,336,0,50,229,20,8,22,0,43,0,42,66,0,8,25,0,24,0,55,0,127,0,19,0,120,0,34,0,58,0,6,1,32,0,55,0,3,0,13,0,0,0,2,0,0,0,3,0,0,0,0,0,0,0,0,0,0,0,3,0,0,0,0,0,0,0,0,0,0,0,0,0,0,0,0,0,0,0,0,0,0,0,0,0,0,0,0,0,0,0,0,0,0,0,0,0,0,0,0,0,0,0,0,0,0,0,0,0,1,0,0,0,0,0,0,0,0,0,0,0,0,0,0,0,0,0,0,0,0,0,0,0,3,0,0,0,0,0,0,0,29,0,0,0,0,0,0,0,0,0,0,0,10,0,81,0,28,0,0,0,31,0,10,0,205,95,89,0,48,0,31,0,51,0,18,0,0,0,0,0,0,0,0,0,0,0,0,0,0,0,0,0,0,0,0,0,0,0,290,307,195,0,81,0,0,0,0,0,0,0,0,0,0
3,335,84,7,247,272,0,7,0,19,37,0,99,459,279,0,20,10,78,63,125,8,79,13,0,0,20,143,0,23,40,8,34,150,0,14,24,134,4,72,2,84,0,0,0,76,0,167,0,22,0,0,0,4,0,0,0,0,0,0,0,0,0,0,0,4,0,2,0,0,0,0,0,0,0,0,0,0,0,0,0,0,0,0,0,0,0,0,0,0,0,0,0,0,0,0,0,0,0,0,0,0,0,0,0,0,0,0,0,0,0,0,0,0,0,0,0,0,0,0,0,0,0,0,0,3,0,0,0,0,0,2,0,1,0,0,0,0,0,0,0,0,0,0,0,0,0,0,0,0,0,122,0,65,0,0,0,0,0,0,0,0,0,0,0,0,9,58,0,11,0,3,0,44,0,28,53,436,8,44,0,83,0,23,0,24,0,0,0,0,0,0,0,0,0,0,0,0,0,0,0,0,0,0,0,0,0,0,0,0,0,7,22,0,110,2,0,0,326,118,207,39,0,0,0
155,0,217,0,531,303,0,0,16,0,336,99,0,383,76,97,0,0,118,742,57,120,0,0,9,0,145,361,0,0,0,0,0,0,175,0,35,0,0,0,205,31,176,44,62,41,200,0,30,5,273,0,0,0,0,0,0,0,0,0,0,0,0,0,11,0,0,0,0,0,0,0,0,0,0,0,0,0,0,0,0,0,0,0,0,0,0,0,0,0,0,0,0,0,0,0,0,0,0,0,0,0,0,0,0,0,0,0,0,0,0,0,0,0,0,0,0,0,0,0,0,0,0,0,0,0,0,0,0,0,0,0,0,0,0,0,0,0,0,0,0,0,0,0,0,0,0,0,0,0,0,0,0,0,0,0,0,0,0,0,0,0,0,0,24,0,31,0,0,0,0,0,0,0,12,0,244,167,122,0,48,0,37,0,43,0,173,0,0,0,0,0,0,0,0,0,0,0,0,0,0,0,0,0,0,0,0,0,0,0,72,245,185,0,0,0,0,0,3,48,19,0,0,0,0
0,169,0,10,0,188,0,0,0,10,0,459,383,0,13,0,0,0,249,50,81,59,0,0,0,0,299,153,0,0,0,11,0,1,35,152,0,31,0,0,104,174,74,148,0,59,0,232,0,64,54,351,0,2,0,0,0,0,0,0,0,0,0,0,0,0,0,0,0,0,0,0,0,0,0,0,0,0,0,0,0,0,0,0,0,0,0,0,0,0,0,0,0,0,0,0,0,0,0,0,0,0,0,0,0,0,0,0,0,0,0,0,0,0,0,0,0,0,0,0,0,0,0,0,0,0,0,0,0,0,0,0,0,0,0,0,0,0,0,0,0,0,0,0,0,0,0,0,0,0,0,0,0,5,0,0,0,0,0,0,0,0,0,0,0,69,0,0,0,0,0,0,0,13,0,0,38,434,0,22,0,9,0,0,0,0,54,149,0,0,0,0,0,0,0,0,0,0,0,0,0,0,0,0,0,0,0,0,0,0,0,13,19,0,12,0,0,0,43,156,167,0,0,0,0
15,24,215,36,483,406,0,0,6,0,50,279,76,13,0,473,35,0,128,108,127,50,288,61,83,1,110,2,2,0,134,9,72,76,26,10,69,51,4,0,0,0,3,0,19,0,6,0,2,0,0,0,6,0,0,0,0,0,0,0,3,0,0,0,6,0,0,0,0,0,0,0,0,0,0,0,0,0,0,0,0,0,4,0,0,0,0,0,0,0,0,0,0,0,0,0,0,0,35,0,0,0,0,0,0,0,0,0,0,0,0,0,0,0,0,0,0,0,0,0,0,0,0,0,0,0,0,0,0,0,0,0,4,0,0,0,0,0,0,0,0,0,0,0,4,0,14,0,29,0,26,0,0,0,6,0,0,0,0,0,0,0,0,0,0,0,33,0,7,0,0,0,0,0,0,0,77,91,15,0,0,0,11,0,46,0,0,0,0,0,0,0,0,0,0,0,0,0,0,0,33,0,0,0,0,0,0,0,0,0,42,288,53,0,18,0,0,0,18,12,0,0,0,0,0
57,100,142,306,483,320,0,145,0,26,229,0,97,0,473,0,42,29,51,436,165,162,137,175,9,41,0,128,8,40,102,51,86,120,11,7,32,37,0,8,0,0,0,0,0,55,0,0,0,0,3,0,0,15,0,194,0,98,0,23,0,0,0,29,0,14,0,6,0,0,0,0,0,0,0,0,0,0,0,0,0,0,0,0,0,56,0,0,0,0,0,0,0,0,0,0,0,0,0,0,0,0,0,0,0,0,0,0,0,0,0,0,0,0,0,0,0,0,0,0,0,0,0,0,0,20,0,0,0,0,0,0,0,0,0,123,0,104,0,30,0,0,0,0,1,3,0,0,0,38,0,29,0,24,0,0,0,0,0,0,0,0,0,0,0,3,16,46,0,6,0,0,0,27,0,0,34,72,70,0,0,0,3,2,3,31,0,0,0,0,0,0,0,0,0,0,0,0,0,5,0,22,0,0,0,0,0,18,0,21,0,19,17,0,61,0,0,0,122,360,48,23,0,0,0
91,60,151,39,41,33,0,16,8,7,20,20,0,0,35,42,0,7,207,0,215,0,141,26,206,36,50,0,49,0,63,0,91,6,0,0,3,4,133,3,0,0,7,0,0,0,0,0,0,0,0,0,69,0,54,0,0,0,0,0,2,2,49,0,0,0,0,0,0,0,20,0,0,0,10,0,0,0,0,0,88,0,0,0,264,0,39,0,0,0,120,0,0,0,0,0,285,0,281,0,0,0,0,0,0,0,177,0,0,0,0,0,0,0,0,0,0,0,0,0,66,0,76,0,0,0,0,0,103,0,0,0,19,0,31,0,194,0,78,0,60,0,510,0,0,0,0,0,0,0,0,0,0,0,43,0,0,0,15,0,0,0,0,0,1,0,0,0,0,0,1,0,14,4,0,0,17,5,6,0,0,0,53,0,0,0,0,0,0,0,0,0,0,0,0,0,0,0,0,0,69,0,0,0,0,0,0,0,0,0,4,373,16,9,5,0,0,0,0,1,0,0,0,0,0
0,33,39,32,9,0,0,32,2,0,8,10,0,0,0,29,7,0,0,20,0,96,19,81,24,182,0,11,0,92,0,8,0,59,0,7,0,25,0,125,0,0,0,0,0,0,0,0,0,0,0,2,0,17,0,56,0,104,0,0,0,0,0,169,0,0,0,0,0,1,0,0,0,1,0,0,0,0,0,0,0,36,0,0,0,162,0,0,0,0,0,0,0,0,0,0,0,0,0,42,0,0,0,0,0,0,0,0,0,0,0,0,0,0,0,0,0,0,0,0,0,0,0,0,0,11,0,0,0,89,0,0,0,0,0,253,0,369,1,143,0,60,0,107,0,0,0,0,0,0,0,0,0,0,0,31,0,0,0,0,0,22,0,0,0,0,0,0,0,0,0,0,0,20,0,0,0,12,0,5,0,0,0,26,0,0,0,0,0,0,0,0,0,0,0,0,0,0,0,0,0,11,0,0,0,0,0,0,0,0,0,0,0,0,14,0,0,0,4,232,16,0,0,0,0
21,0,111,0,141,189,0,0,12,0,22,78,118,249,128,51,207,0,0,367,124,53,149,0,100,0,112,181,9,0,10,0,1,0,143,11,76,0,0,0,7,0,19,34,21,17,14,0,2,0,204,28,0,0,0,0,0,0,0,0,0,0,0,0,7,0,0,0,0,0,27,0,0,0,0,0,0,0,0,0,89,0,0,0,0,0,42,0,0,0,89,0,0,0,0,0,220,0,295,0,5,0,0,0,0,0,0,0,0,0,0,0,0,0,0,0,0,0,0,0,50,0,8,0,0,0,0,0,0,0,0,0,0,0,0,0,0,0,4,0,8,0,0,0,0,0,0,0,0,0,0,0,0,0,0,0,0,0,0,0,0,0,0,0,12,0,11,0,0,0,0,0,6,0,3,0,16,39,0,0,0,0,6,0,23,0,22,6,0,0,0,0,0,0,0,0,0,0,0,0,33,0,0,0,0,0,0,0,0,0,57,176,106,0,0,0,0,0,0,22,0,0,0,0,0
0,242,0,136,158,251,0,112,0,46,0,63,742,50,108,436,0,20,367,0,157,135,0,123,0,37,264,209,0,0,37,9,11,8,67,154,22,92,0,0,0,0,31,37,26,82,0,17,1,0,73,227,0,0,0,187,0,121,0,56,0,0,0,57,0,39,0,0,0,0,0,0,0,0,0,0,0,0,0,0,0,0,0,0,0,157,0,9,0,0,0,0,0,0,0,0,0,0,0,52,0,0,0,0,0,0,0,0,0,0,0,0,0,0,0,0,0,0,0,0,0,0,0,0,0,16,0,0,0,0,0,0,0,0,0,141,0,0,0,0,0,0,0,0,3,0,0,0,0,0,0,38,0,0,0,0,0,0,0,0,0,0,0,0,0,58,0,31,0,42,0,0,0,15,0,0,33,103,28,4,0,0,0,2,0,0,46,11,0,0,0,0,0,0,0,0,0,0,0,4,0,0,0,0,0,0,0,0,0,19,5,21,39,0,60,0,0,0,146,290,91,0,0,0,0
0,0,62,0,193,198,0,0,0,0,43,125,57,81,127,165,215,0,124,157,0,42,156,11,57,0,38,47,79,0,101,0,63,0,37,0,64,12,4,0,0,0,11,12,18,0,0,0,0,1,63,0,0,0,6,0,0,0,0,0,2,0,50,0,0,0,0,0,0,0,33,0,0,0,20,0,0,0,0,0,105,0,0,0,202,0,60,0,0,0,84,0,0,0,20,0,185,0,354,0,0,0,0,0,0,0,0,0,0,0,0,0,0,0,0,0,0,0,0,0,104,0,41,0,0,0,0,0,0,0,0,0,0,0,0,0,71,0,0,0,44,0,180,0,25,0,5,0,0,0,0,0,0,0,11,0,0,0,8,0,3,0,5,0,21,0,35,0,0,0,0,0,0,0,0,0,41,16,26,0,0,0,13,0,0,0,14,0,0,0,0,0,0,0,0,0,0,0,0,0,38,0,0,0,0,0,0,0,0,0,139,446,97,12,28,0,0,0,7,16,0,0,0,0,0
0,10,0,17,45,90,0,9,0,0,0,8,120,59,50,162,0,96,53,135,42,0,0,162,0,24,45,108,0,59,16,32,9,97,0,51,2,36,0,0,0,0,0,29,0,30,0,0,0,0,0,46,0,0,0,57,0,81,0,0,0,5,0,221,0,0,0,0,0,0,0,0,0,0,0,0,0,0,0,2,0,98,0,0,0,350,0,0,0,0,0,0,0,0,0,0,0,0,0,0,0,0,0,0,0,0,0,0,0,0,0,0,0,0,0,0,0,0,0,0,0,25,0,18,0,0,0,0,0,0,0,0,0,21,0,235,0,429,0,170,0,88,0,408,0,57,0,0,0,0,0,0,0,0,0,0,0,0,0,0,0,0,0,0,0,74,0,45,0,34,0,0,0,32,0,0,4,16,5,3,0,0,0,0,0,0,0,6,0,0,0,0,0,0,0,0,0,0,0,0,0,0,0,0,0,0,0,0,0,0,0,0,0,0,66,0,0,0,230,454,209,59,0,0,0
14,257,531,150,100,137,0,27,0,0,42,79,0,0,288,137,141,19,149,0,156,0,0,101,97,81,0,0,14,0,30,0,6,23,0,0,10,16,33,0,0,0,0,0,27,0,1,0,0,0,0,0,9,0,122,1,0,0,0,0,0,4,19,0,0,0,0,0,0,0,0,0,0,0,0,0,0,0,0,0,0,0,0,0,0,0,0,0,0,0,0,0,0,0,0,0,104,0,45,0,0,0,0,0,0,0,96,0,0,0,0,0,0,0,0,0,0,0,0,0,1,0,0,0,0,0,0,0,0,0,0,0,0,0,48,0,92,0,0,0,0,0,118,0,0,0,0,0,0,0,0,0,0,0,0,0,0,0,0,0,5,0,0,0,0,0,6,1,2,0,0,0,19,5,1,0,34,21,0,0,0,0,35,0,0,0,0,0,0,0,0,0,0,0,0,0,0,0,0,0,87,0,0,0,0,0,0,0,0,0,11,372,35,0,0,0,0,0,8,4,0,0,0,0,0
93,23,144,105,111,20,0,9,0,3,66,13,0,0,61,175,26,81,0,123,11,162,101,0,41,57,0,35,0,69,15,7,13,20,0,5,0,7,11,13,0,0,0,0,0,34,0,0,0,3,0,0,0,0,0,58,0,54,0,7,0,0,0,55,0,0,0,0,0,0,0,0,0,0,0,0,0,0,0,1,0,10,0,0,0,39,0,0,0,0,0,0,0,0,0,0,0,0,0,24,0,4,0,0,0,0,0,0,0,0,0,0,0,0,0,0,0,0,0,0,0,0,0,1,0,0,0,0,0,15,0,4,0,0,0,44,0,47,0,17,0,8,0,23,0,0,0,0,0,0,0,0,0,0,0,3,0,0,0,3,0,0,0,0,2,0,3,0,0,0,0,0,0,0,0,0,4,17,2,4,0,0,0,0,0,0,0,0,0,0,0,0,0,0,0,0,0,0,0,0,0,6,0,0,0,0,0,0,0,0,4,5,0,0,10,0,0,0,37,705,16,5,0,0,0
36,234,234,47,0,0,80,136,9,254,0,0,9,0,83,9,206,24,100,0,57,0,97,41,0,251,0,0,15,0,18,0,5,0,0,0,4,9,24,0,1,0,0,0,0,0,0,0,26,0,7,0,130,20,297,46,21,0,27,0,62,0,333,89,1,0,0,1,1,0,0,0,0,0,0,0,0,0,0,0,6,0,0,0,34,5,0,0,0,0,55,0,0,0,0,0,156,0,0,0,0,0,0,0,0,0,156,0,0,0,0,0,0,0,0,0,0,0,0,0,0,0,0,0,0,0,0,0,88,0,27,0,56,0,148,0,341,0,8,0,0,0,364,0,0,0,0,0,4,0,4,0,0,0,43,0,3,2,7,1,18,0,5,0,0,0,5,0,19,0,43,0,90,7,0,0,9,13,0,0,0,0,17,9,0,0,0,0,0,0,0,0,0,0,0,0,9,0,0,0,159,0,0,0,0,0,0,0,143,0,126,348,268,324,234,13,108,2,0,7,5,0,0,0,0
449,75,254,226,0,18,130,356,99,59,8,0,0,0,1,41,36,182,0,37,0,24,81,57,251,0,0,11,0,13,0,3,0,4,0,0,0,10,21,31,0,0,0,0,0,0,0,0,0,0,0,0,0,21,32,99,0,51,0,0,0,9,19,157,0,0,0,0,0,0,0,0,0,0,0,0,0,0,0,0,0,0,0,0,0,0,0,0,0,0,0,0,0,0,0,0,0,0,0,0,0,0,0,0,0,0,0,0,0,0,0,0,0,0,0,0,0,0,0,0,1,0,0,0,0,0,0,0,0,19,0,6,0,0,0,26,0,35,1,14,0,0,0,0,0,0,0,0,0,0,0,0,0,0,0,8,0,0,0,4,0,6,0,0,0,0,0,0,0,2,0,0,0,30,0,0,29,47,0,0,0,0,19,67,0,0,0,0,0,0,0,0,0,0,0,0,0,0,0,0,0,0,0,0,0,0,0,0,0,0,0,7,0,0,20,0,0,0,14,557,21,15,0,9,0
43,0,106,0,152,39,0,0,0,0,25,20,145,299,110,0,50,0,112,264,38,45,0,0,0,0,0,540,10,0,7,0,4,0,36,0,20,0,0,0,45,102,240,129,102,132,39,117,18,14,181,58,0,0,0,0,0,0,0,0,0,0,7,0,11,0,0,0,0,0,0,0,0,0,0,0,2,0,0,0,39,0,0,0,0,0,0,0,0,0,0,0,0,0,0,0,0,0,110,0,0,0,0,0,0,0,0,0,0,0,0,0,0,0,0,0,0,0,0,0,0,0,0,0,0,0,0,0,0,0,0,0,0,0,0,0,0,0,0,0,0,0,0,0,0,0,0,0,21,0,0,0,0,0,11,0,0,0,0,0,0,0,0,0,45,0,0,0,0,0,0,0,0,0,0,0,6,41,3,0,0,0,8,0,46,0,103,10,0,0,0,0,0,0,0,0,0,0,0,0,0,0,0,0,0,0,0,0,0,0,0,308,191,0,8,0,0,3,0,48,0,0,0,0,0
0,381,0,68,0,311,0,105,0,37,0,143,361,153,2,128,0,11,181,209,47,108,0,35,0,11,540,0,0,3,3,13,0,0,48,37,3,59,0,0,279,20,235,234,63,280,150,72,15,32,133,220,0,0,0,0,1,0,0,0,0,0,0,44,0,52,0,0,0,0,0,0,0,0,0,0,0,0,0,0,0,0,0,0,0,0,0,0,0,0,0,0,0,0,0,0,0,0,0,0,0,0,0,0,0,0,0,0,0,0,0,0,0,0,0,0,0,0,0,0,0,20,0,13,0,0,0,0,0,0,0,0,0,0,0,96,0,0,0,0,0,37,0,0,0,19,0,19,0,37,0,0,0,0,0,0,0,0,0,0,0,0,0,0,5,77,0,19,0,46,0,0,0,19,0,0,0,198,0,3,0,0,0,0,0,20,111,49,0,0,0,0,0,0,0,0,0,0,0,0,0,0,0,0,0,0,0,0,0,0,0,0,0,0,0,0,0,0,0,459,316,17,0,0,2
54,0,231,0,37,7,0,0,0,0,24,0,0,0,2,8,49,0,9,0,79,0,14,0,15,0,10,0,0,0,97,0,2,2,79,0,44,0,10,0,0,0,18,0,0,0,0,0,0,0,7,0,4,0,0,0,0,0,0,0,2,0,17,0,0,0,0,0,0,0,12,0,3,0,6,0,0,0,0,0,15,0,0,0,59,0,0,0,0,0,0,0,0,0,0,0,0,0,53,0,0,0,1,0,0,0,0,0,0,0,0,0,0,0,0,0,0,0,0,0,22,0,21,0,0,0,0,0,10,0,0,0,0,0,0,0,24,0,35,0,23,0,73,0,11,0,0,0,0,0,0,0,0,0,14,0,0,0,12,0,0,0,0,0,0,0,0,0,0,0,0,0,0,0,0,0,8,3,0,0,0,0,22,0,0,0,0,0,0,0,0,0,0,0,0,0,0,0,0,0,0,0,0,0,0,0,0,0,0,0,2,69,0,0,0,0,0,0,0,0,0,0,0,0,0
0,67,0,151,0,56,0,73,0,0,0,23,0,0,0,40,0,92,0,0,0,59,0,69,0,13,0,3,0,0,0,17,0,41,0,55,0,21,0,25,0,0,0,0,0,1,0,0,0,0,0,2,0,0,0,13,0,0,0,0,0,1,0,77,0,0,0,0,0,0,0,0,0,0,0,0,0,0,0,0,0,22,0,0,0,48,0,0,0,0,0,2,0,0,0,0,0,2,0,0,0,1,0,0,0,0,0,0,0,0,0,0,0,0,0,0,0,0,0,0,0,1,0,0,0,0,0,0,0,17,0,0,0,10,0,85,0,199,0,82,0,18,0,102,0,5,0,0,0,0,0,0,0,0,0,6,0,0,0,0,0,0,0,0,0,0,0,0,0,0,0,0,0,0,0,0,0,0,0,5,0,0,0,0,0,0,0,0,0,0,0,0,0,0,0,0,0,0,0,0,0,0,0,0,0,0,0,0,0,6,1,0,0,0,3,0,0,0,0,53,3,0,0,0,0
0,0,30,4,172,82,3,0,0,0,55,40,0,0,134,102,63,0,10,37,101,16,30,15,18,0,7,3,97,0,0,0,13,0,48,0,33,1,17,0,0,0,20,0,0,0,0,0,0,0,16,0,0,0,0,0,0,0,0,0,0,0,9,0,0,0,0,0,0,0,6,0,0,0,4,0,0,0,0,0,18,0,0,0,36,0,0,0,0,0,11,0,0,0,0,0,22,0,77,0,0,0,0,0,0,0,0,0,0,0,0,0,0,0,0,0,0,0,0,0,27,0,8,0,0,0,0,0,0,0,0,0,0,0,0,0,0,0,9,0,0,0,0,0,6,0,0,0,0,0,0,0,0,0,0,0,0,0,0,0,0,0,0,0,11,0,116,0,22,0,5,0,11,0,0,0,27,8,34,0,0,0,9,0,8,0,4,0,0,0,0,0,0,0,0,0,0,0,0,0,0,0,0,0,0,0,0,0,0,0,120,277,108,0,18,0,0,0,0,0,0,0,0,0,0
0,0,0,0,0,76,0,0,0,0,0,8,0,11,9,51,0,8,0,9,0,32,0,7,0,3,0,13,0,17,0,0,0,12,0,6,0,11,0,3,0,0,0,4,0,0,0,0,0,0,0,17,0,0,0,0,0,2,0,0,0,0,0,53,0,0,0,0,0,0,0,0,0,0,0,0,0,0,0,0,0,0,0,0,0,16,0,0,0,0,0,0,0,0,0,0,0,0,0,0,0,0,0,1,0,0,0,0,0,0,0,0,0,0,0,0,0,0,0,0,0,0,0,0,0,0,0,0,0,0,0,0,0,0,0,0,0,44,0,40,0,29,0,0,0,18,0,0,0,0,0,0,0,0,0,9,0,0,0,0,0,0,0,0,0,13,0,23,0,9,0,0,0,8,0,0,0,4,0,0,0,0,0,0,0,0,0,0,0,0,0,0,0,0,0,0,0,0,0,0,0,0,0,0,0,0,0,0,0,0,0,0,0,0,5,0,0,0,28,61,39,0,0,0,0
14,0,121,0,178,61,2,0,0,0,127,34,0,0,72,86,91,0,1,11,63,9,6,13,5,0,4,0,2,0,13,0,0,14,44,0,255,8,2,0,0,0,9,0,0,0,0,0,2,0,0,0,4,0,0,0,0,0,0,0,1,0,8,0,0,0,0,0,0,0,0,0,0,0,0,0,0,0,0,0,0,0,0,0,26,0,0,0,0,0,0,0,0,0,0,0,0,0,32,0,0,0,0,0,0,0,13,0,0,0,0,0,0,0,0,0,0,0,0,0,0,0,6,0,0,0,0,0,0,0,0,0,0,0,0,0,0,0,0,0,0,0,0,0,0,0,0,0,1,0,0,0,0,0,0,0,4,0,0,0,0,0,0,0,7,0,48,0,12,0,0,0,38,0,0,0,46,0,26,0,0,0,16,0,0,0,0,0,0,0,0,0,0,0,0,0,0,0,0,0,3,0,0,0,0,0,0,0,1,0,87,299,81,9,28,0,0,0,0,0,0,0,0,0,0
0,175,0,352,0,405,0,23,0,0,0,150,0,1,76,120,6,59,0,8,0,97,23,20,0,4,0,0,2,41,0,12,14,0,0,86,0,145,0,0,0,0,0,17,1,0,0,0,0,0,0,13,0,0,0,0,0,0,0,0,0,10,0,25,0,0,0,0,0,0,0,0,0,0,0,0,0,0,0,0,0,0,0,0,0,20,0,0,0,0,0,0,0,0,0,0,0,0,0,0,0,0,0,0,0,0,0,0,0,0,0,0,0,0,0,0,0,0,0,0,0,0,0,1,0,0,0,0,0,0,0,0,0,0,0,23,0,30,0,0,0,0,0,23,0,12,0,0,0,0,0,0,0,0,0,0,0,12,0,0,0,0,0,0,0,0,0,29,1,0,0,0,0,12,0,0,6,97,2,0,0,0,0,4,0,0,0,0,0,0,0,0,0,0,0,0,0,0,0,0,0,0,0,0,0,0,0,0,0,0,0,6,0,0,0,0,0,0,33,326,30,0,0,0,0
10,0,9,0,75,21,0,0,0,0,19,0,175,35,26,11,0,0,143,67,37,0,0,0,0,0,36,48,79,0,48,0,44,0,0,0,112,0,12,0,0,0,18,0,0,0,0,0,0,0,26,0,0,0,0,0,0,0,0,0,0,0,11,0,0,0,0,0,0,0,0,0,0,0,0,0,0,0,0,0,0,0,0,0,0,0,0,0,0,0,0,0,0,0,0,0,0,0,0,0,0,0,0,0,0,0,0,0,0,0,0,0,0,0,0,0,0,0,0,0,0,0,0,0,0,0,0,0,0,0,0,0,0,0,0,0,0,0,0,0,0,0,0,0,0,0,0,0,0,0,0,0,0,0,6,0,0,0,0,0,0,0,0,0,15,0,31,0,0,0,0,0,6,0,0,0,9,5,61,0,0,0,5,0,0,0,106,0,0,0,0,0,0,0,0,0,0,0,0,0,0,0,0,0,0,0,0,0,0,0,76,250,95,0,0,0,0,0,0,11,0,0,0,0,0
0,0,2,0,0,83,0,5,0,0,0,14,0,152,10,7,0,7,11,154,0,51,0,5,0,0,0,37,0,55,0,6,0,86,0,0,0,141,0,31,0,0,0,19,0,5,0,0,0,0,0,74,0,0,0,6,0,0,0,0,0,0,0,16,0,0,0,0,0,0,0,0,0,0,0,0,0,1,0,0,0,6,0,0,0,22,0,0,0,0,0,0,0,0,0,0,0,0,0,5,0,0,0,0,0,0,0,0,0,0,0,0,0,0,0,0,0,0,0,0,0,4,0,0,0,0,0,0,0,0,0,0,0,0,0,0,0,48,0,20,0,0,0,54,0,17,0,0,0,0,0,0,0,0,0,4,0,4,0,0,0,0,0,0,0,46,0,33,0,0,0,0,0,13,0,0,0,12,0,2,0,0,0,0,0,0,0,8,0,0,0,0,0,0,0,0,0,0,0,0,0,0,0,0,0,0,0,0,0,0,0,1,0,0,10,0,0,0,51,88,67,0,1,0,0
0,0,66,0,275,46,0,0,0,0,120,24,35,0,69,32,3,0,76,22,64,2,10,0,4,0,20,3,44,0,33,0,255,0,112,0,0,0,83,0,0,0,19,0,20,0,0,0,2,0,36,0,10,0,0,0,0,0,0,0,9,0,26,0,0,0,0,0,0,0,92,0,15,0,31,0,0,0,0,0,123,0,0,0,143,0,48,0,0,0,0,0,0,0,0,0,25,0,259,0,0,0,0,0,0,0,29,0,0,0,0,0,0,0,0,0,0,0,0,0,126,0,28,0,0,0,0,0,0,0,0,0,0,0,0,0,29,0,78,0,67,0,106,0,109,0,0,0,0,0,0,0,0,0,39,0,12,0,55,0,5,0,0,0,14,0,38,0,40,0,0,0,33,0,0,0,32,16,42,0,0,0,24,0,0,0,21,0,0,0,0,0,0,0,0,0,0,0,0,0,0,0,0,0,0,0,0,0,0,0,73,168,134,0,29,0,0,0,0,0,0,0,0,0,0
12,401,0,69,33,320,0,0,0,0,0,134,0,31,51,37,4,25,0,92,12,36,16,7,9,10,0,59,0,21,1,11,8,145,0,141,0,0,0,21,2,0,0,69,0,12,0,0,0,0,0,45,0,0,0,4,0,0,0,0,0,11,0,65,0,0,0,0,0,0,0,0,0,0,0,0,0,0,0,0,0,16,0,0,0,39,0,0,0,0,0,0,0,0,0,0,0,0,0,0,0,0,0,0,0,0,0,0,0,0,0,0,0,0,0,0,0,0,0,0,0,4,0,0,0,0,0,0,0,0,0,2,0,0,0,0,0,172,0,137,0,85,0,177,0,90,0,0,0,0,0,0,0,0,0,17,0,33,0,0,0,0,0,0,0,19,0,41,0,10,0,0,3,77,0,0,11,119,4,55,0,0,0,24,0,0,0,5,0,0,0,0,0,0,0,0,0,0,0,0,0,0,0,0,0,0,0,0,0,0,0,0,0,0,12,0,0,0,20,262,55,11,0,1,0
300,0,472,0,43,0,0,0,11,0,34,4,0,0,4,0,133,0,0,0,4,0,33,11,24,21,0,0,10,0,17,0,2,0,12,0,83,0,0,0,0,0,2,0,0,0,0,0,0,0,0,0,9,0,2,0,0,0,0,0,8,0,26,0,0,0,0,0,0,0,13,0,0,0,3,0,0,0,0,0,11,0,0,0,24,0,0,0,0,0,0,0,0,0,0,0,0,0,0,0,0,0,0,0,0,0,0,0,0,0,0,0,0,0,0,0,0,0,0,0,17,0,0,0,0,0,0,0,0,0,0,0,0,0,0,0,23,0,45,0,20,0,34,0,22,0,0,0,0,0,0,0,2,0,22,0,19,0,25,0,1,0,2,0,0,0,13,0,0,0,0,0,121,0,0,0,45,0,0,0,0,0,208,0,0,0,0,0,0,0,0,0,0,0,0,0,1,0,0,0,0,0,0,0,0,0,0,0,0,0,3,478,13,0,0,0,0,0,0,0,0,0,0,0,0
0,453,0,310,0,0,0,183,0,0,0,72,0,0,0,8,3,125,0,0,0,0,0,13,0,31,0,0,0,25,0,3,0,0,0,31,0,21,0,0,0,0,0,0,0,0,0,0,0,0,0,0,0,1,0,20,0,0,0,0,0,4,0,67,0,0,0,0,0,0,0,0,0,0,0,0,0,0,0,0,0,0,0,0,0,0,0,0,0,0,0,0,0,0,0,0,0,0,0,3,0,0,0,0,0,0,0,0,0,0,0,0,0,0,0,0,0,0,0,0,0,0,0,0,0,0,0,0,0,0,0,0,0,3,0,0,0,45,0,71,0,26,0,11,0,0,0,0,0,0,0,0,0,0,0,15,0,4,0,0,0,0,0,0,0,0,0,0,0,0,0,0,0,44,0,0,0,52,0,13,0,0,0,18,0,0,0,0,0,0,0,0,0,0,0,0,0,0,0,0,0,0,0,0,0,0,0,0,0,0,0,0,0,0,0,0,0,0,0,89,1,0,0,0,0
42,0,29,0,107,7,0,0,8,0,58,2,205,104,0,0,0,0,7,0,0,0,0,0,1,0,45,279,0,0,0,0,0,0,0,0,0,2,0,0,0,100,62,73,52,164,225,138,76,57,25,0,0,0,0,0,0,0,0,0,0,0,0,0,0,0,0,0,0,0,0,0,0,0,0,0,0,0,0,0,0,0,0,0,0,0,0,0,0,0,0,0,0,0,0,0,0,0,0,0,0,0,0,0,0,0,0,0,0,0,0,0,0,0,0,0,0,0,0,0,0,0,0,0,0,0,1,0,0,0,0,0,0,0,0,0,0,0,2,0,0,0,0,0,0,0,0,0,0,0,0,0,7,0,0,0,0,0,0,0,0,0,0,0,0,0,0,0,0,0,1,0,0,0,0,0,28,75,35,0,0,0,0,0,22,0,124,5,0,0,0,0,0,0,0,0,0,0,0,0,0,0,0,0,0,0,0,0,0,0,0,101,31,0,3,0,0,3,0,45,0,0,0,0,0
0,55,0,0,0,29,0,6,0,0,0,84,31,174,0,0,0,0,0,0,0,0,0,0,0,0,102,20,0,0,0,0,0,0,0,0,0,0,0,0,100,0,41,55,47,39,71,79,16,125,18,10,0,0,0,0,0,0,0,0,0,0,0,0,0,3,0,0,0,0,0,0,0,0,0,0,0,0,0,0,0,0,0,0,0,0,0,0,0,0,0,0,0,0,0,0,0,0,0,0,0,0,0,0,0,0,0,0,0,0,0,0,0,0,0,0,0,0,0,0,0,0,0,0,0,0,0,0,0,0,0,0,0,0,0,0,0,0,0,0,0,0,0,0,0,0,0,0,0,0,0,0,0,0,0,0,0,0,0,0,0,0,0,0,1,10,0,0,0,0,0,0,0,0,0,0,0,151,0,11,0,0,0,0,0,0,22,3,0,0,0,0,0,0,0,0,0,0,0,0,0,0,0,0,0,0,0,0,0,0,0,0,0,0,0,0,0,0,0,127,22,0,0,0,14
0,0,0,0,0,0,0,0,0,0,6,0,176,74,3,0,7,0,19,31,11,0,0,0,0,0,240,235,18,0,20,0,9,0,18,0,19,0,2,0,62,41,0,50,236,59,59,76,142,3,44,0,0,0,1,0,0,0,0,0,0,0,5,0,0,0,0,0,0,0,11,0,1,0,0,0,0,0,0,0,0,0,0,0,0,0,0,0,0,0,0,0,0,0,3,0,0,0,0,0,0,0,0,0,0,0,0,0,0,0,0,0,0,0,0,0,0,0,0,0,0,0,0,0,0,0,0,0,0,0,0,0,0,0,0,0,0,0,3,0,9,0,0,0,7,0,0,0,0,0,0,0,0,0,0,0,0,0,2,0,0,0,0,0,20,0,13,0,19,0,3,0,4,0,0,0,0,14,7,0,0,0,0,0,2,0,124,4,0,0,0,0,0,0,0,0,0,0,0,0,0,0,0,0,0,0,0,0,0,0,36,171,132,0,14,0,0,1,0,25,0,0,0,0,0
0,0,0,0,0,0,0,0,0,0,1,0,44,148,0,0,0,0,34,37,12,29,0,0,0,0,129,234,0,0,0,4,0,17,0,19,0,69,0,0,73,55,50,0,23,136,38,32,7,27,24,91,0,0,0,0,0,23,0,0,0,0,0,0,0,0,0,0,0,0,0,0,0,0,0,0,0,0,0,0,0,0,0,5,0,0,0,2,0,0,0,0,0,0,0,0,0,0,0,0,0,0,0,0,0,0,0,0,0,0,0,0,0,0,0,0,0,0,0,0,0,0,0,0,0,0,0,0,0,0,0,0,0,0,0,26,0,0,0,0,0,21,0,101,0,0,0,0,0,0,0,0,0,0,0,0,0,0,0,0,0,0,0,1,0,48,0,14,0,29,0,0,0,24,0,0,0,50,0,0,0,0,0,0,0,0,19,59,0,0,0,0,0,0,0,0,0,0,0,0,0,0,0,0,0,0,0,0,0,0,0,0,0,0,13,0,0,0,56,149,113,6,0,0,0
34,0,54,0,42,0,4,0,10,0,32,0,62,0,19,0,0,0,21,26,18,0,27,0,0,0,102,63,0,0,0,0,0,1,0,0,20,0,0,0,52,47,236,23,0,75,179,70,109,56,33,0,3,0,0,0,7,0,0,0,2,0,18,0,0,0,0,0,10,0,29,0,5,0,15,0,3,0,9,0,71,0,59,0,0,0,69,0,0,0,0,0,17,0,43,0,0,0,267,0,8,0,15,0,30,0,80,0,0,0,0,0,0,0,0,0,0,0,0,0,0,0,0,0,0,0,0,0,0,0,0,0,0,0,0,0,0,0,0,0,0,0,0,0,0,0,0,0,18,0,0,0,0,0,5,0,2,0,0,0,0,0,18,0,154,0,11,0,123,0,3,0,7,0,0,0,14,15,8,0,0,0,10,0,30,0,45,2,0,0,0,0,0,0,30,0,0,0,0,0,0,0,0,0,0,0,0,0,0,0,21,164,196,11,10,30,1,16,0,25,0,0,0,0,0
0,103,0,38,0,32,0,27,0,12,0,76,41,59,0,55,0,0,17,82,0,30,0,34,0,0,132,280,0,1,0,0,0,0,0,5,0,12,0,0,164,39,59,136,75,0,127,252,19,128,0,47,0,0,0,70,0,0,0,0,0,2,0,26,0,0,0,10,0,9,0,0,0,0,0,0,0,34,0,0,0,70,0,45,0,170,0,33,0,6,0,0,0,22,0,30,0,0,0,0,0,0,0,0,0,0,0,0,0,0,0,0,0,0,0,0,0,0,0,0,0,0,0,13,0,0,0,9,0,0,0,0,0,0,0,0,0,0,0,0,0,0,0,110,0,17,0,0,0,0,0,0,0,0,0,3,0,0,0,0,0,0,0,3,0,211,0,13,0,213,0,0,0,17,0,0,0,49,0,3,0,10,0,5,0,0,35,2,0,0,0,0,0,0,0,0,0,0,0,0,0,0,0,0,0,0,0,0,0,0,0,0,0,0,23,0,0,0,60,156,198,9,14,1,47
35,0,59,0,134,0,0,0,0,0,55,0,200,0,6,0,0,0,14,0,0,0,1,0,0,0,39,150,0,0,0,0,0,0,0,0,0,0,0,0,225,71,59,38,179,127,0,147,112,100,0,0,0,0,1,0,0,0,0,0,0,0,0,0,0,0,0,0,5,0,0,0,0,0,0,0,0,0,0,0,0,0,0,0,0,0,0,0,0,0,0,0,0,0,0,0,0,0,0,0,0,0,7,0,0,0,0,0,0,0,0,0,0,0,0,0,0,0,0,0,0,0,0,0,0,0,0,0,0,0,0,0,0,0,0,0,0,0,0,0,0,0,0,0,0,0,0,0,16,0,0,0,0,0,4,0,0,0,0,0,0,0,0,0,38,0,0,0,0,0,0,0,0,0,0,0,6,62,5,0,8,0,8,0,0,0,111,1,0,0,0,0,0,0,0,0,0,0,0,0,0,0,0,0,0,0,0,0,0,0,0,272,84,0,0,0,1,20,0,53,0,0,0,0,2
0,191,0,0,0,85,0,0,0,0,0,167,0,232,0,0,0,0,0,17,0,0,0,0,0,0,117,72,0,0,0,0,0,0,0,0,0,0,0,0,138,79,76,32,70,252,147,0,23,122,0,7,0,0,0,0,0,0,0,0,0,0,0,0,0,14,0,0,0,0,0,0,0,0,0,0,0,0,0,0,0,2,0,0,0,0,0,0,0,0,0,0,0,0,0,0,0,0,0,0,0,0,0,0,0,0,0,0,0,0,0,0,0,0,0,0,0,0,0,0,0,0,0,0,0,0,0,0,0,0,0,0,0,0,0,0,0,0,0,0,0,0,0,0,0,0,0,0,1,0,0,4,0,0,0,0,0,0,0,0,0,0,0,0,0,0,0,0,0,0,0,0,0,0,0,0,0,141,0,1,0,0,0,0,0,0,41,6,0,0,0,1,0,0,0,0,0,0,0,0,0,0,0,0,0,0,0,0,0,0,0,5,0,0,0,0,0,0,0,337,78,0,0,0,51
21,0,53,0,0,0,25,0,26,0,3,0,30,0,2,0,0,0,2,1,0,0,0,0,26,0,18,15,0,0,0,0,2,0,0,0,2,0,0,0,76,16,142,7,109,19,112,23,0,31,5,0,3,0,21,0,22,0,18,0,1,0,1,0,0,0,0,0,11,0,0,0,0,0,0,0,1,0,0,0,0,0,47,0,0,0,11,0,0,0,0,0,24,0,25,0,0,0,2,0,6,0,10,0,4,0,0,0,1,0,0,0,0,0,0,0,0,0,0,0,0,0,0,0,0,0,0,0,0,0,5,0,0,0,1,0,1,0,0,0,0,0,2,0,1,0,0,0,0,0,0,0,0,0,1,0,0,0,0,0,17,0,6,0,22,0,1,0,8,0,3,0,6,0,0,0,21,22,0,0,0,0,3,0,0,0,141,0,13,0,0,0,8,0,6,0,0,0,0,0,0,0,7,0,9,0,2,0,0,0,42,94,121,9,51,16,0,8,0,6,0,0,0,0,0
0,11,0,0,0,4,0,4,0,2,0,22,5,64,0,0,0,0,0,0,1,0,0,3,0,0,14,32,0,0,0,0,0,0,0,0,0,0,0,0,57,125,3,27,56,128,100,122,31,0,1,0,0,0,0,0,0,4,0,0,0,0,0,0,0,0,0,1,0,0,0,0,0,0,0,0,0,7,0,0,0,0,0,6,0,17,0,3,0,0,0,0,0,7,0,0,0,0,0,0,0,0,0,0,0,0,0,0,0,0,0,0,0,0,0,0,0,0,0,0,0,0,0,0,0,0,0,0,0,0,0,0,0,0,0,0,0,0,0,0,0,1,0,0,0,1,1,0,0,0,0,0,0,0,0,0,0,0,0,0,0,1,0,3,0,47,0,0,0,8,0,4,0,5,0,2,2,92,0,8,0,0,0,1,0,0,44,35,0,0,0,0,0,0,0,0,0,0,0,0,0,0,0,0,0,0,0,0,0,0,0,9,0,0,6,0,0,0,9,34,24,5,0,1,15
0,0,0,0,59,0,4,0,0,0,13,0,273,54,0,3,0,0,204,73,63,0,0,0,7,0,181,133,7,0,16,0,0,0,26,0,36,0,0,0,25,18,44,24,33,0,0,0,5,1,0,16,0,0,5,0,4,0,0,0,2,0,2,0,0,0,0,0,0,0,8,0,3,0,0,0,5,0,4,0,15,0,9,0,16,0,13,0,0,0,0,0,0,0,0,0,14,0,46,0,2,0,0,0,0,0,0,0,0,0,0,0,0,0,0,0,0,0,0,0,13,0,0,0,0,0,0,0,0,0,0,0,0,0,0,0,0,0,4,0,0,0,0,0,0,0,0,0,0,0,0,0,0,0,0,0,5,0,0,0,0,0,4,0,36,0,31,0,131,0,13,0,33,0,0,0,15,7,23,0,0,0,0,0,0,0,113,1,0,0,0,0,0,0,0,0,0,0,0,0,0,0,0,0,0,0,0,0,0,0,58,148,211,32,30,0,2,1,0,10,0,0,0,0,0
0,0,0,0,6,145,0,0,0,0,0,0,0,351,0,0,0,2,28,227,0,46,0,0,0,0,58,220,0,2,0,17,0,13,0,74,0,45,0,0,0,10,0,91,0,47,0,7,0,0,16,0,0,0,0,0,0,34,0,0,0,2,0,19,0,0,0,0,0,0,0,0,0,0,0,0,0,0,0,0,0,0,0,0,0,63,0,0,0,0,0,0,0,0,0,0,0,0,0,0,0,0,0,0,0,0,0,0,0,0,0,0,0,0,0,0,0,0,0,0,0,27,0,0,0,0,0,0,0,0,0,0,0,0,0,0,0,0,0,0,0,28,0,142,0,32,0,0,0,0,0,0,0,0,0,0,0,0,0,0,0,0,0,0,0,69,0,31,0,78,0,15,0,47,0,0,0,54,0,3,0,0,0,0,0,0,8,107,0,0,0,0,0,0,0,0,0,0,0,0,0,0,0,0,0,0,0,0,0,0,0,6,0,0,21,0,0,0,89,70,155,10,0,0,0
38,0,0,0,5,0,212,0,411,31,0,0,0,0,6,0,69,0,0,0,0,0,9,0,130,0,0,0,4,0,0,0,4,0,0,0,10,0,9,0,0,0,0,0,3,0,0,0,3,0,0,0,0,5,328,3,76,3,105,8,49,0,112,1,0,0,0,15,0,0,0,0,0,0,0,0,0,0,0,0,2,0,0,0,12,0,0,0,0,0,0,0,0,0,0,0,10,0,0,0,0,0,0,0,0,0,7,0,0,0,0,0,0,0,0,0,0,0,0,0,0,0,1,0,0,0,8,0,88,0,22,0,14,0,13,0,106,1,34,0,0,0,81,0,2,0,0,0,0,0,3,0,0,0,169,0,78,0,59,0,27,0,14,0,0,0,0,0,2,0,42,0,10,0,0,0,24,0,0,0,0,0,28,0,0,1,0,0,0,0,0,0,0,0,0,0,0,0,0,0,17,0,0,0,0,0,0,0,10,0,14,229,99,72,40,0,24,0,0,0,0,0,0,0,0
0,18,0,1,0,12,45,45,107,195,0,4,0,2,0,15,0,17,0,0,0,0,0,0,20,21,0,0,0,0,0,0,0,0,0,0,0,0,0,1,0,0,0,0,0,0,0,0,0,0,0,0,5,0,76,137,2,100,14,7,0,26,0,30,0,0,4,14,0,0,0,0,0,0,0,0,0,0,0,0,0,0,0,0,0,0,0,0,0,0,0,0,0,0,0,0,0,0,0,0,0,0,0,0,0,0,0,2,0,0,0,0,0,0,0,0,0,0,0,0,0,0,0,0,0,7,0,2,0,47,1,16,0,20,0,45,0,100,0,198,0,40,0,17,0,23,0,0,0,1,0,0,0,0,0,101,0,123,0,111,0,29,0,1,0,0,0,0,0,8,0,19,0,12,0,0,5,22,0,0,0,0,0,66,1,0,0,0,0,0,0,0,0,0,0,0,0,0,0,0,0,0,0,0,0,0,0,0,0,0,0,0,0,0,72,0,0,0,44,170,68,97,0,37,0
0,10,160,0,0,0,327,57,201,277,2,0,0,0,0,0,54,0,0,0,6,0,122,0,297,32,0,0,0,0,0,0,0,0,0,0,0,0,2,0,0,0,1,0,0,0,1,0,21,0,5,0,328,76,0,107,65,16,80,30,14,9,89,43,30,0,16,138,0,0,0,0,0,0,0,0,0,0,0,0,0,0,0,0,0,0,0,0,0,0,3,0,0,0,0,0,16,0,0,0,0,0,0,0,14,0,0,0,0,0,0,0,0,0,0,0,0,0,0,0,0,0,0,0,0,0,15,0,81,0,72,0,29,0,30,0,140,0,16,0,0,0,66,0,0,0,0,0,11,0,0,0,0,0,84,2,24,0,22,0,43,0,7,0,14,0,0,0,11,0,40,0,17,0,0,0,5,0,1,0,0,0,20,0,0,0,0,0,0,0,2,0,0,0,0,0,0,0,2,0,47,0,0,0,0,0,3,0,55,0,232,265,218,260,325,43,126,0,2,0,0,0,0,0,0
17,21,0,171,0,33,80,332,225,127,0,0,0,0,0,194,0,56,0,187,0,57,1,58,46,99,0,0,0,13,0,0,0,0,0,6,0,4,0,20,0,0,0,0,0,70,0,0,0,0,0,0,3,137,107,0,3,145,34,40,0,0,0,75,0,1,0,23,0,0,0,0,0,0,0,0,0,0,0,0,0,0,0,0,0,0,0,0,0,0,0,0,0,2,0,0,0,0,0,0,0,0,0,0,0,0,0,0,0,0,0,0,0,0,0,0,0,1,0,0,0,0,0,0,0,39,0,0,0,28,0,39,0,21,0,103,0,57,0,12,0,7,0,0,0,1,0,0,0,6,0,8,0,0,0,64,0,5,0,10,0,22,0,3,0,9,0,0,0,29,0,66,0,50,0,0,6,9,0,0,0,0,0,24,2,0,0,0,0,0,0,0,0,0,0,0,0,0,0,6,0,11,0,0,0,0,0,0,0,36,0,0,0,1,258,0,0,0,221,143,240,291,9,130,1
0,0,0,0,0,0,9,0,19,3,0,0,0,0,0,0,0,0,0,0,0,0,0,0,21,0,0,1,0,0,0,0,0,0,0,0,0,0,0,0,0,0,0,0,7,0,0,0,22,0,4,0,76,2,65,3,0,3,182,15,0,0,3,0,25,37,9,49,0,0,0,0,0,0,0,0,1,0,0,0,0,1,0,0,0,0,2,0,0,0,0,0,0,0,0,0,0,0,0,0,0,0,0,0,0,0,0,0,0,0,0,0,0,0,0,0,0,0,0,0,0,0,0,0,0,0,6,0,20,0,20,0,1,0,0,0,6,0,12,8,0,2,0,0,8,9,0,0,4,0,1,0,0,0,184,0,23,0,29,5,12,35,71,0,20,0,0,0,9,0,42,0,18,0,1,2,0,0,0,0,18,12,0,0,17,12,0,0,0,0,0,0,0,0,0,0,1,0,0,0,0,0,0,0,0,0,0,0,2,0,526,183,415,386,874,50,158,0,1,0,0,0,0,0,0
0,6,0,51,0,0,9,32,36,35,0,0,0,0,0,98,0,104,0,121,0,81,0,54,0,51,0,0,0,0,0,2,0,0,0,0,0,0,0,0,0,0,0,23,0,0,0,0,0,4,0,34,3,100,16,145,3,0,25,97,0,0,0,22,0,31,10,73,0,6,0,0,0,2,0,0,0,4,0,0,0,0,0,0,0,0,0,0,0,0,0,0,0,5,0,3,0,0,0,0,0,0,0,0,0,0,0,0,0,0,0,0,0,0,0,0,0,0,0,0,0,0,0,0,0,28,0,6,0,19,0,40,0,11,0,15,0,22,0,21,0,0,0,3,0,5,0,4,0,0,0,0,2,0,0,138,0,5,0,73,5,50,0,43,0,16,0,0,0,138,0,378,0,62,0,0,0,0,0,0,1,0,0,1,0,5,0,0,0,0,0,2,0,0,0,0,0,0,0,0,0,4,0,0,0,0,0,0,0,7,0,0,0,0,585,0,0,0,314,140,656,476,21,81,0
0,0,0,0,0,0,37,0,129,27,3,0,0,0,0,0,0,0,0,0,0,0,0,0,27,0,0,0,0,0,0,0,0,0,0,0,0,0,0,0,0,0,0,0,0,0,0,0,18,0,0,0,105,14,80,34,182,25,0,183,0,0,0,0,267,97,94,354,0,0,0,0,0,0,0,0,0,0,0,0,0,0,0,0,0,1,0,0,0,0,0,0,0,0,0,0,0,0,0,0,0,0,0,0,0,0,0,0,0,0,0,0,0,0,0,0,0,0,0,0,0,0,0,0,15,0,7,0,0,0,25,0,2,0,0,0,0,0,0,7,0,0,0,0,2,10,2,0,17,0,0,0,0,0,59,5,75,0,0,22,32,35,0,0,0,0,6,0,0,0,26,0,0,0,0,0,35,0,0,0,20,13,0,0,310,13,0,0,0,0,0,0,0,0,0,0,0,0,0,0,0,0,0,0,0,0,0,0,1,0,819,296,240,383,1140,82,164,3,0,0,0,0,0,0,0
0,15,0,0,0,0,24,33,104,41,0,0,0,0,0,23,0,0,0,56,0,0,0,7,0,0,0,0,0,0,0,0,0,0,0,0,0,0,0,0,0,0,0,0,0,0,0,0,0,0,0,0,8,7,30,40,15,97,183,0,0,0,0,2,15,188,80,268,0,4,0,0,0,0,0,0,0,0,0,0,0,0,0,0,0,0,0,0,0,0,0,0,0,3,0,0,0,0,0,0,0,0,0,0,0,0,0,0,0,0,0,0,0,0,0,0,0,0,0,0,0,0,0,0,0,7,0,3,0,0,0,12,0,1,0,4,0,0,0,0,2,1,0,0,0,4,0,0,0,1,0,0,0,0,0,1,0,9,0,14,0,11,0,27,0,8,0,7,0,89,0,109,0,0,0,0,0,0,0,0,5,0,0,0,26,19,0,0,0,0,0,0,0,0,0,0,0,0,0,0,0,0,0,0,0,0,0,0,0,6,0,0,0,0,1697,0,0,0,921,249,658,839,36,159,0
158,0,32,0,0,0,208,0,253,0,0,0,0,0,3,0,2,0,0,0,2,0,0,0,62,0,0,0,2,0,0,0,1,0,0,0,9,0,8,0,0,0,0,0,2,0,0,0,1,0,2,0,49,0,14,0,0,0,0,0,0,0,46,0,0,0,0,0,0,0,3,0,0,0,0,0,0,0,0,0,0,0,0,0,0,0,0,0,0,0,0,0,0,0,0,0,0,0,0,0,0,0,0,0,0,0,0,0,0,0,0,0,0,0,0,0,0,0,0,0,0,0,4,0,0,0,0,0,0,0,0,0,0,0,0,0,0,0,148,0,44,0,20,0,64,0,0,0,0,0,0,0,0,0,75,0,111,0,66,0,1,0,0,0,3,0,2,0,4,0,108,0,62,0,0,0,59,0,0,0,0,0,35,0,0,0,0,0,0,0,0,0,0,0,0,0,0,0,0,0,0,0,0,0,0,0,0,0,0,0,0,244,25,14,0,0,13,0,0,0,0,0,0,0,0
0,142,25,0,0,0,0,107,0,115,0,0,0,0,0,0,2,0,0,0,0,5,4,0,0,9,0,0,0,1,0,0,0,10,0,0,0,11,0,4,0,0,0,0,0,2,0,0,0,0,0,2,0,26,9,0,0,0,0,0,0,0,0,22,0,0,0,0,0,0,0,1,0,0,0,0,0,0,0,0,0,0,0,0,0,0,0,0,0,0,0,0,0,0,0,0,0,0,0,0,0,0,0,0,0,0,0,0,0,0,0,0,0,0,0,0,0,0,0,0,0,0,0,0,0,0,0,0,0,0,0,0,0,0,0,0,0,0,0,74,0,60,0,0,0,107,0,0,0,0,0,0,0,0,0,31,0,78,0,47,0,0,0,0,0,4,0,0,0,11,0,82,0,83,0,0,0,72,0,0,0,0,0,60,0,0,0,0,0,0,0,0,0,0,0,0,0,0,0,0,0,0,0,0,0,0,0,0,0,0,1,0,0,0,35,0,0,0,13,324,83,0,0,52,0
211,0,135,0,0,0,180,22,207,14,0,0,0,0,0,0,49,0,0,0,50,0,19,0,333,19,7,0,17,0,9,0,8,0,11,0,26,0,26,0,0,0,5,0,18,0,0,0,1,0,2,0,112,0,89,0,3,0,0,0,46,0,0,0,0,0,1,0,0,0,5,0,0,0,7,0,0,0,0,0,8,0,0,0,47,0,0,0,0,0,0,0,0,0,0,0,0,0,0,0,0,0,0,0,0,0,0,0,0,0,0,0,0,0,0,0,0,0,0,0,0,0,19,0,0,0,0,0,33,0,0,0,0,0,0,0,60,0,94,0,25,0,123,0,4,0,0,0,0,0,0,0,0,0,80,0,19,0,38,0,8,0,0,0,0,0,0,0,2,0,8,0,20,0,0,0,75,0,0,0,0,0,39,0,0,0,0,0,0,0,0,0,0,0,0,0,0,0,0,0,0,0,0,0,0,0,0,0,0,0,11,293,9,13,19,0,5,0,0,0,0,0,0,0,0
82,151,45,8,0,0,70,268,0,327,0,0,0,0,0,29,0,169,0,57,0,221,0,55,89,157,0,44,0,77,0,53,0,25,0,16,0,65,0,67,0,0,0,0,0,26,0,0,0,0,0,19,1,30,43,75,0,22,0,2,0,22,0,0,0,0,0,4,0,0,0,0,0,0,0,0,0,0,0,0,0,2,0,0,0,0,0,0,0,0,0,0,0,0,0,0,0,0,0,0,0,0,0,0,0,0,0,0,0,0,0,0,0,0,0,0,0,0,0,0,0,0,0,0,0,0,0,0,0,22,0,0,0,0,0,29,0,117,0,174,0,63,0,20,0,37,0,0,0,0,0,0,0,0,0,72,0,20,0,51,0,10,0,0,0,0,0,0,0,1,0,0,0,21,0,0,15,120,0,0,0,0,0,197,0,0,0,0,0,0,0,0,0,0,0,0,0,0,0,0,0,0,0,0,0,0,0,0,0,0,3,0,0,0,33,0,0,0,7,473,27,29,0,38,0
20,0,71,0,13,0,31,0,153,0,0,0,11,0,6,0,0,0,7,0,0,0,0,0,1,0,11,0,0,0,0,0,0,0,0,0,0,0,0,0,0,0,0,0,0,0,0,0,0,0,0,0,0,0,30,0,25,0,267,15,0,0,0,0,0,44,185,20,0,0,0,0,2,0,0,0,0,0,0,0,0,0,0,0,0,0,0,0,0,0,0,0,0,0,0,0,0,0,0,0,0,0,1,0,0,0,0,0,0,0,0,0,0,0,0,0,0,0,0,0,0,3,0,0,0,0,4,0,0,2,28,0,0,0,0,0,0,0,4,28,0,5,0,0,5,29,16,0,70,22,31,0,0,7,0,0,0,0,0,0,189,99,0,0,0,0,0,0,0,0,1,0,0,0,25,0,11,0,0,0,97,39,3,0,246,36,0,0,0,0,0,0,0,0,0,0,0,0,0,0,0,0,0,0,0,0,1,0,0,0,49,0,0,0,38,0,0,0,0,0,0,0,0,0,0
0,28,0,0,0,0,0,2,0,81,0,4,0,0,0,14,0,0,0,39,0,0,0,0,0,0,0,52,0,0,0,0,0,0,0,0,0,0,0,0,0,3,0,0,0,0,0,14,0,0,0,0,0,0,0,1,37,31,97,188,0,0,0,0,44,0,37,622,0,0,0,0,0,2,0,0,0,0,0,0,4,4,0,0,0,4,0,1,0,0,0,0,0,0,0,1,0,0,0,3,0,0,0,0,0,0,0,0,0,0,0,0,0,0,0,0,0,0,0,0,0,4,0,0,0,25,0,23,9,0,0,78,0,0,0,65,0,11,19,6,0,0,0,1,14,16,0,56,24,113,0,60,0,4,7,8,0,0,18,0,102,310,0,0,0,0,0,0,0,0,0,0,0,0,2,13,0,0,0,0,27,143,0,4,35,53,0,0,0,0,0,0,0,0,0,0,0,0,0,5,0,10,0,0,0,0,0,12,0,34,0,0,0,0,69,0,0,0,74,8,0,0,0,4,0
6,0,12,0,2,0,24,0,234,6,0,0,0,0,0,0,0,0,0,0,0,0,0,0,0,0,0,0,0,0,0,0,0,0,0,0,0,0,0,0,0,0,0,0,0,0,0,0,0,0,0,0,0,4,16,0,9,10,94,80,0,0,1,0,185,37,0,104,0,0,1,0,0,0,0,0,0,0,0,0,0,0,0,0,0,0,0,0,0,0,0,0,0,0,0,0,0,0,0,1,0,0,0,0,0,0,0,0,0,0,0,0,0,0,0,0,0,0,0,0,0,0,0,0,0,0,0,0,0,0,1,3,0,0,0,0,0,0,0,4,0,0,0,0,3,10,0,0,2,0,1,0,0,0,2,4,7,0,0,5,45,0,0,0,0,0,0,0,0,0,0,0,0,0,0,0,34,0,0,0,29,0,0,0,576,7,0,0,0,0,0,0,0,0,0,0,0,0,0,0,0,0,0,0,0,0,0,0,0,0,73,26,10,0,66,0,0,0,3,0,0,0,0,1,0
0,9,0,0,0,0,52,0,243,101,0,2,0,0,0,6,0,0,0,0,0,0,0,0,1,0,0,0,0,0,0,0,0,0,0,0,0,0,0,0,0,0,0,0,0,10,0,0,0,1,0,0,15,14,138,23,49,73,354,268,0,0,0,4,20,622,104,0,0,0,0,0,0,0,0,0,0,0,0,0,0,0,0,0,0,1,0,0,0,0,0,0,0,2,0,0,0,0,0,0,0,0,0,0,0,0,0,0,0,0,0,0,0,0,0,0,0,0,0,0,0,0,0,0,0,6,0,4,0,0,0,12,0,0,0,6,0,1,0,2,0,0,1,0,5,12,0,13,0,74,0,25,0,4,9,19,0,4,2,18,15,23,0,0,0,0,0,0,0,0,0,0,0,0,0,2,28,8,0,0,7,60,0,2,102,310,0,0,0,0,0,0,0,3,0,0,0,0,0,0,0,1,0,0,0,0,0,6,0,4,0,0,0,0,460,0,0,0,390,139,110,0,5,30,1
0,0,0,0,0,0,2,0,0,0,0,0,0,0,0,0,0,0,0,0,0,0,0,0,1,0,0,0,0,0,0,0,0,0,0,0,0,0,0,0,0,0,0,0,10,0,5,0,11,0,0,0,0,0,0,0,0,0,0,0,0,0,0,0,0,0,0,0,0,0,1,0,8,0,0,0,31,0,21,0,0,0,16,0,0,0,12,0,16,0,0,0,14,0,6,0,0,0,0,0,4,0,150,0,0,0,6,0,70,0,5,0,9,0,0,0,0,0,0,0,0,0,0,0,0,0,0,0,0,0,0,0,0,0,0,0,0,0,0,0,0,0,0,0,0,0,0,0,0,0,0,0,0,0,0,0,0,0,0,0,0,0,4,0,13,0,0,0,141,0,6,0,0,0,0,0,0,0,0,0,0,0,0,0,0,0,0,0,0,0,0,0,22,0,10,0,0,0,0,0,0,0,20,0,0,0,0,0,0,0,34,5,65,0,15,51,58,0,0,0,0,0,0,0,0
0,0,0,0,0,0,0,0,0,0,0,0,0,0,0,0,0,1,0,0,0,0,0,0,0,0,0,0,0,0,0,0,0,0,0,0,0,0,0,0,0,0,0,0,0,9,0,0,0,0,0,0,0,0,0,0,0,6,0,4,0,0,0,0,0,0,0,0,0,0,0,0,0,0,0,0,0,41,0,0,0,0,0,21,0,0,0,6,0,28,0,0,0,33,0,20,0,0,0,0,0,12,0,153,0,0,0,0,0,30,0,11,0,0,0,1,0,3,0,0,0,0,0,0,0,0,0,0,0,1,0,0,0,0,0,0,0,0,0,0,0,0,0,0,0,0,0,0,0,0,0,0,0,0,0,0,0,2,0,0,0,0,0,3,0,33,0,0,0,57,0,1,0,0,0,0,0,0,0,0,0,0,0,0,0,0,0,0,0,0,0,0,0,0,0,0,0,0,0,0,0,0,0,8,0,0,0,0,0,0,0,0,0,0,3,0,0,0,85,9,89,1,57,20,2
0,0,0,0,0,0,0,0,0,0,3,0,0,0,0,0,20,0,27,0,33,0,0,0,0,0,0,0,12,0,6,0,0,0,0,0,92,0,13,0,0,0,11,0,29,0,0,0,0,0,8,0,0,0,0,0,0,0,0,0,3,0,5,0,0,0,1,0,1,0,0,0,202,0,223,0,11,0,169,0,5,0,5,0,13,0,33,0,0,0,0,0,0,0,0,0,0,0,0,4,0,0,0,0,0,0,0,0,0,0,0,0,0,0,0,0,0,0,0,0,41,0,6,0,7,0,0,0,25,0,8,0,0,0,0,0,11,0,2,0,11,0,18,0,47,0,18,0,12,0,9,0,17,0,0,0,6,0,0,0,8,0,51,0,1,0,11,0,12,0,0,0,56,0,16,0,0,0,0,0,0,0,0,0,3,6,0,0,0,0,0,0,0,0,0,0,0,0,0,0,3,0,0,0,0,0,0,0,0,0,6,0,13,0,4,0,3,0,0,0,0,0,0,0,0
0,0,0,0,0,0,0,0,0,0,0,0,0,0,0,0,0,0,0,0,0,0,0,0,0,0,0,0,0,0,0,0,0,0,0,0,0,0,0,0,0,0,0,0,0,0,0,0,0,0,0,0,0,0,0,0,0,0,0,0,0,1,0,0,0,0,0,0,0,0,0,0,0,104,0,249,0,23,0,27,0,0,0,4,0,0,0,75,0,0,2,0,0,0,0,0,0,0,0,4,0,0,0,0,0,0,0,0,0,0,0,0,0,0,0,0,0,0,0,0,0,8,0,6,0,0,0,0,0,3,0,0,0,0,0,20,0,54,0,0,0,28,0,17,0,106,0,0,0,0,0,0,0,0,0,0,0,0,0,0,0,1,0,16,0,0,0,0,0,3,0,0,0,9,0,0,0,0,0,0,0,12,0,0,0,0,0,0,0,0,0,0,0,0,0,0,0,0,0,0,0,0,0,0,0,0,0,0,0,0,0,0,0,0,2,0,0,0,28,0,3,0,0,0,0
0,0,0,0,0,0,0,0,0,0,0,0,0,0,0,0,0,0,0,0,0,0,0,0,0,0,0,0,3,0,0,0,0,0,0,0,15,0,0,0,0,0,1,0,5,0,0,0,0,0,3,0,0,0,0,0,0,0,0,0,0,0,0,0,2,0,0,0,8,0,202,0,0,0,92,0,62,0,229,0,3,0,35,0,16,0,14,0,0,0,0,0,7,0,2,0,0,0,0,0,1,0,0,0,0,0,0,0,0,0,0,0,0,0,2,0,0,0,0,0,70,0,30,0,35,0,0,0,0,0,23,0,31,0,81,0,46,0,0,0,28,0,69,0,22,0,10,0,0,0,15,0,2,0,0,0,0,0,0,0,1,0,69,0,4,0,2,0,11,0,14,0,20,0,0,0,0,0,0,0,7,0,0,0,3,0,0,0,0,0,0,0,20,0,0,0,0,0,0,0,59,0,0,0,0,0,0,0,0,0,139,4,17,0,4,0,3,0,0,0,0,0,0,0,0
0,0,0,0,0,0,0,0,0,0,0,0,0,0,0,0,0,1,0,0,0,0,0,0,0,0,0,0,0,0,0,0,0,0,0,0,0,0,0,0,0,0,0,0,0,0,0,0,0,0,0,0,0,0,0,0,0,2,0,0,0,0,0,0,0,2,0,0,0,0,0,104,0,0,0,182,0,68,0,93,0,7,0,29,0,18,0,119,0,0,0,0,0,0,0,3,0,9,0,0,0,0,0,8,0,0,0,0,0,0,0,0,0,0,0,0,0,0,0,0,0,55,0,8,0,46,0,66,0,0,0,0,0,31,0,122,0,130,0,0,0,28,0,23,0,83,0,20,0,0,0,35,0,12,0,0,0,0,0,0,0,0,0,21,0,1,0,0,0,5,0,0,0,0,0,0,0,0,0,0,12,0,0,0,0,0,0,0,0,74,0,0,1,0,0,27,0,0,0,0,0,72,1,56,0,80,0,0,7,0,0,0,0,0,15,0,0,0,101,4,11,2,0,1,0
0,0,0,0,3,0,0,0,0,0,0,0,0,0,0,0,10,0,0,0,20,0,0,0,0,0,0,0,6,0,4,0,0,0,0,0,31,0,3,0,0,0,0,0,15,0,0,0,0,0,0,0,0,0,0,0,0,0,0,0,0,0,7,0,0,0,0,0,0,0,223,0,92,0,0,0,11,0,116,0,7,1,10,0,51,0,16,0,0,0,0,0,1,0,0,0,2,0,0,0,0,1,0,0,0,0,0,0,0,0,0,0,0,0,0,0,0,0,0,0,55,0,43,0,0,0,0,0,26,0,8,0,7,0,30,0,18,2,4,0,25,0,72,0,33,0,19,0,17,0,0,0,13,0,0,0,6,0,0,0,0,3,21,0,0,0,3,0,5,0,11,0,21,0,16,1,0,0,0,0,36,8,0,0,7,0,0,0,0,0,0,0,0,0,0,0,2,0,22,0,42,0,0,0,0,0,0,0,12,0,24,0,6,2,0,0,0,0,0,0,0,3,0,0,0
0,0,0,0,0,0,0,0,0,0,0,0,0,0,0,0,0,0,0,0,0,0,0,0,0,0,0,0,0,0,0,0,0,0,0,0,0,0,0,0,0,0,0,0,0,0,0,0,0,0,0,0,0,0,0,0,0,0,0,0,0,0,0,0,0,0,0,0,0,0,0,249,0,182,0,0,0,14,0,68,0,13,0,0,0,9,0,77,0,0,0,0,0,0,0,0,0,0,0,0,0,0,0,0,0,0,0,0,0,0,0,0,0,0,0,0,0,0,0,0,0,132,0,47,0,0,0,20,0,0,2,0,0,0,0,42,0,41,1,0,0,90,0,33,0,379,0,6,3,29,0,16,0,0,0,0,0,0,0,0,4,0,0,33,0,2,0,9,0,0,0,18,0,22,0,13,0,0,0,0,0,17,0,0,0,2,0,0,0,0,0,0,0,0,0,0,0,0,0,0,0,12,0,0,0,0,0,0,0,0,0,0,0,0,0,0,0,0,29,0,0,0,0,0,0
0,0,0,0,0,0,0,0,0,0,0,0,0,0,0,0,0,0,0,0,0,0,0,0,0,0,2,0,0,0,0,0,0,0,0,0,0,0,0,0,0,0,0,0,3,0,0,0,1,0,5,0,0,0,0,0,1,0,0,0,0,0,0,0,0,0,0,0,31,0,11,0,62,0,11,0,0,0,34,0,0,0,30,0,14,0,66,0,10,0,0,0,6,0,10,0,30,0,0,0,4,0,38,0,20,0,0,0,0,0,0,0,1,0,0,0,0,0,0,0,10,0,0,0,0,0,0,0,0,0,0,0,0,0,0,0,0,0,0,0,0,0,0,0,1,0,0,0,0,0,0,0,0,0,0,0,0,0,0,0,0,0,3,0,12,0,0,0,55,0,1,0,0,0,0,0,0,0,0,0,0,0,0,0,0,0,0,0,0,0,0,0,0,0,18,0,0,0,0,0,0,0,0,0,0,0,0,0,0,0,0,2,11,0,0,8,0,0,0,0,0,1,0,0,0
0,0,0,0,0,0,0,0,0,0,0,0,0,0,0,0,0,0,0,0,0,0,0,0,0,0,0,0,0,0,0,0,0,0,0,1,0,0,0,0,0,0,0,0,0,34,0,0,0,7,0,0,0,0,0,0,0,4,0,0,0,0,0,0,0,0,0,0,0,41,0,23,0,68,0,14,0,0,0,19,0,39,0,109,0,22,0,94,0,9,0,0,0,40,0,43,0,0,0,13,0,12,0,157,0,25,0,0,0,8,0,0,0,10,0,0,0,13,0,6,0,32,0,3,0,0,0,6,0,0,0,0,0,0,0,30,0,16,0,0,0,4,0,0,0,3,0,0,0,0,0,0,0,2,0,0,0,0,0,0,0,4,0,2,0,16,0,0,0,61,0,0,0,0,0,0,0,0,0,0,0,3,0,0,0,0,0,0,0,82,0,0,0,0,0,90,0,0,0,0,0,48,0,0,0,50,0,0,0,19,0,0,0,0,13,0,0,0,62,11,63,3,30,2,1
0,0,0,0,0,0,0,0,0,0,0,0,0,0,0,0,0,0,0,0,0,0,0,0,0,0,0,0,0,0,0,0,0,0,0,0,0,0,0,0,0,0,0,0,9,0,0,0,0,0,4,0,0,0,0,0,0,0,0,0,0,0,0,0,0,0,0,0,21,0,169,0,229,0,116,0,34,0,0,0,4,0,95,0,23,0,73,0,0,0,0,0,2,0,11,0,38,0,0,0,4,0,17,0,0,0,0,0,7,0,0,0,0,0,3,0,2,0,0,0,107,0,37,0,0,0,0,0,1,0,0,0,0,0,0,0,0,0,0,0,8,0,47,0,3,0,0,0,0,0,0,0,0,0,0,0,0,0,0,0,0,0,0,0,13,0,0,0,25,0,0,0,0,0,0,0,0,0,0,0,0,0,0,0,0,0,0,0,0,0,0,0,0,0,0,0,0,0,0,0,0,0,0,0,0,0,0,0,0,0,68,10,11,0,6,1,9,0,0,0,0,0,0,0,0
0,0,0,0,0,0,0,0,0,0,0,0,0,0,0,0,0,0,0,0,0,2,0,1,0,0,0,0,0,0,0,0,0,0,0,0,0,0,0,0,0,0,0,0,0,0,0,0,0,0,0,0,0,0,0,0,0,0,0,0,0,0,0,0,0,0,0,0,0,0,0,27,0,93,0,68,0,19,0,0,0,10,0,1,0,3,0,36,0,0,0,0,0,0,0,4,0,0,0,1,0,0,0,0,0,0,0,0,0,0,0,0,0,0,0,0,0,0,0,0,0,21,0,32,0,0,0,0,0,0,2,0,0,0,0,86,0,0,0,0,0,62,0,28,0,96,0,0,0,0,0,7,0,0,0,0,0,0,0,0,2,0,0,6,0,0,0,0,0,2,0,0,0,0,0,0,0,0,0,0,0,0,0,0,0,0,0,0,0,3,0,0,0,0,0,0,0,0,0,0,0,16,0,20,0,0,0,0,0,0,0,0,0,0,7,0,0,0,45,0,0,0,0,0,0
