0,247,117,151,107,105,29,19,63,7,177,72,126,0,19,264,144,0,27,0,17,26,61,235,17,39,33,0,89,0,13,0,186,0,11,0,73,0,196,0,37,0,0,0,10,0,35,0,11,0,4,0,0,0,0,0,2,0,0,0,0,0,34,0,11,0,35,0,0,0,0,0,0,0,0,0,0,0,0,0,0,0,0,0,0,0,0,0,0,0,0,0,0,0,0,0,0,0,0,0,0,0,0,0,0,0,6,0,0,0,0,0,0,0,0,0,0,0,0,0,0,0,0,0,21,0,17,0,0,0,16,0,0,0,18,0,0,0,0,0,0,0,0,0,0,0,17,0,7,0,19,0,6,0,0,0,0,0,0,0,0,0,0,0,0,0,0,0,32,0,16,1,186,0,1,0,59,119,21,0,0,0,42,0,46,0,11,0,0,0,0,0,0,0,0,0,0,0,3,0,11,0,0,0,0,0,0,0,11,0,286,187,282,0,160,0,0,2,0,0,0,0,0,0,0
247,0,227,134,0,184,225,7,156,55,0,118,0,97,0,47,97,19,0,125,0,80,121,142,253,23,0,224,0,130,0,89,0,453,0,27,0,208,18,145,0,26,0,0,0,14,0,65,0,14,0,0,2,5,0,13,0,11,0,7,0,31,15,7,0,20,0,8,0,0,0,0,0,0,0,0,0,0,0,0,0,0,0,0,0,0,0,0,0,0,0,0,0,0,0,0,0,0,0,0,0,3,0,0,0,0,0,7,0,0,0,0,0,0,0,0,0,0,0,0,0,2,0,0,0,55,0,0,0,0,0,16,0,0,0,26,0,42,0,0,0,0,0,0,0,1,0,13,0,47,0,24,0,29,0,6,0,3,0,6,0,0,0,0,0,9,0,50,0,28,0,25,31,308,0,8,11,309,1,30,0,14,28,15,0,63,0,6,0,0,0,0,0,0,0,0,0,0,0,0,0,23,0,0,0,0,0,0,0,15,9,0,0,0,496,0,0,0,746,366,450,140,0,32,0
117,227,0,141,211,267,135,0,5,0,52,191,126,0,153,284,123,0,75,0,55,75,526,180,66,0,66,0,148,0,64,16,339,51,0,0,75,0,313,0,29,0,5,0,39,0,49,0,0,0,0,1,0,0,14,0,3,0,0,0,0,0,25,0,4,0,13,0,0,0,0,0,0,0,0,0,0,0,0,0,0,0,0,0,0,0,0,0,0,0,0,0,0,0,0,0,0,0,0,0,0,0,0,0,0,0,0,0,0,0,0,0,0,0,0,0,0,0,0,0,0,0,0,0,46,0,48,0,5,0,19,0,57,0,175,0,84,0,0,0,0,0,65,0,0,0,33,0,0,0,30,0,13,0,0,0,0,0,0,0,23,0,0,0,0,0,144,0,54,0,26,0,296,0,2,0,42,127,3,0,0,0,14,0,0,0,2,0,0,0,0,0,0,0,0,0,5,0,0,0,154,0,0,0,0,0,10,0,51,0,425,159,482,64,247,0,0,4,0,0,0,0,0,0,0
151,134,141,0,0,59,0,73,0,24,0,5,0,6,0,192,68,6,0,58,0,104,115,228,80,37,0,0,0,50,0,117,0,335,0,19,0,48,0,25,0,0,0,0,0,0,0,0,0,1,0,0,0,0,1,30,0,0,0,6,0,0,0,0,0,0,0,0,0,0,0,0,0,0,0,0,0,0,0,0,0,0,0,0,0,11,0,0,0,0,0,24,0,0,0,0,0,22,0,0,0,0,0,0,0,0,0,0,0,0,0,0,0,0,0,0,0,0,0,0,0,0,0,0,0,0,0,0,0,0,0,0,0,1,0,40,0,24,0,0,0,0,0,35,0,0,0,0,0,0,0,0,0,0,0,1,0,0,0,0,0,0,0,0,0,0,0,69,0,14,0,5,0,53,0,0,0,33,0,8,0,0,21,0,0,0,0,0,0,0,0,0,0,0,0,0,0,0,0,0,0,0,0,0,0,0,0,0,0,0,0,0,0,0,97,0,0,0,101,49,139,0,0,10,1
107,0,211,0,0,384,45,0,12,0,101,225,222,193,301,168,16,0,136,453,238,131,50,0,10,0,89,135,0,2,112,0,197,9,118,0,169,0,0,0,57,0,0,0,24,0,93,0,19,0,76,0,0,0,0,0,0,0,0,0,0,0,0,0,4,0,0,0,0,0,0,0,0,0,0,0,0,0,0,0,0,0,0,0,0,0,0,0,0,0,0,0,0,0,0,0,0,0,0,0,0,0,0,0,0,0,0,0,0,0,0,0,0,0,0,0,0,0,0,0,0,0,0,0,25,0,0,0,0,0,9,0,0,0,48,0,0,0,0,0,0,0,0,0,0,0,0,0,7,0,0,0,0,0,0,0,0,0,0,0,0,0,1,0,0,0,179,0,0,0,0,0,36,0,0,0,133,108,88,0,0,0,38,0,34,0,6,12,0,0,0,0,0,0,0,0,0,0,0,0,0,0,0,0,0,0,0,0,13,0,173,315,302,0,94,0,0,0,0,0,0,0,0,0,0
105,184,267,59,384,0,0,13,0,9,270,145,64,127,354,205,66,0,0,440,188,282,332,48,23,0,0,345,0,0,34,242,64,249,0,340,18,272,0,0,0,0,0,22,0,33,0,60,2,10,0,0,0,0,1,2,0,5,0,0,0,0,0,0,0,2,0,0,0,0,0,0,0,0,0,0,0,0,0,0,0,0,0,0,0,0,0,0,0,0,0,5,0,0,0,0,0,0,0,0,0,0,0,0,0,0,0,0,0,0,0,0,0,0,0,0,0,0,0,0,0,0,0,0,0,0,0,0,0,0,0,0,0,0,0,18,0,0,0,0,0,0,0,0,0,0,0,0,0,4,0,0,0,0,0,2,0,0,0,0,0,0,0,0,0,0,0,262,0,27,0,7,0,31,0,0,55,341,39,80,0,0,14,0,0,0,2,11,0,0,0,0,0,0,0,0,0,0,0,0,0,6,0,0,0,0,0,0,0,0,9,0,0,0,206,0,0,0,364,461,465,0,0,0,0
29,225,135,0,45,0,0,0,23,151,26,0,50,0,25,105,34,55,15,0,0,0,23,167,140,219,0,0,41,36,0,0,37,0,0,0,7,13,205,0,18,0,10,0,0,0,0,0,13,1,0,0,15,0,41,0,14,0,2,0,158,0,429,12,4,0,5,0,0,0,0,0,0,0,0,0,0,0,0,0,0,0,0,0,0,0,0,0,0,0,0,0,0,0,0,0,0,0,0,0,0,0,0,0,0,0,0,0,0,0,0,0,0,0,0,0,0,0,0,0,0,0,0,0,52,0,50,0,16,0,28,0,50,0,87,0,58,0,0,0,0,0,0,0,0,0,40,0,5,0,21,0,0,0,9,0,0,1,0,0,101,0,0,1,0,0,12,0,43,0,65,0,382,0,0,0,0,59,0,0,0,0,5,8,0,0,0,0,0,0,0,0,1,0,0,0,0,0,0,0,0,0,2,0,0,0,0,0,33,0,670,136,462,220,615,0,0,9,13,9,0,0,0,0,0
19,7,0,73,0,13,0,0,155,48,0,6,0,4,0,53,0,20,0,22,0,0,1,32,51,188,0,0,0,202,0,3,0,152,0,0,0,94,0,286,0,0,0,0,0,2,0,0,0,4,0,0,13,0,0,103,0,6,0,6,0,74,18,43,0,0,9,0,0,1,0,0,0,0,0,0,0,0,0,0,0,0,0,0,0,0,0,0,0,0,0,8,0,0,0,0,0,0,0,0,0,0,0,0,0,0,0,0,0,0,0,0,0,0,0,0,0,0,0,0,0,0,0,0,0,1,0,0,0,0,0,0,0,3,0,27,0,18,0,4,0,0,0,0,0,0,0,0,0,1,0,0,0,0,0,6,0,0,0,0,0,0,0,2,0,12,0,0,0,46,0,37,0,299,0,0,0,35,0,1,0,0,0,0,0,0,0,0,0,0,0,0,0,0,0,0,0,0,0,0,0,0,0,0,0,0,0,0,0,3,9,0,0,1,532,0,0,0,489,61,332,197,0,113,3
63,156,5,0,12,0,23,155,0,627,16,0,15,0,5,34,97,93,13,0,4,0,0,80,71,405,15,0,19,31,0,0,15,0,0,0,0,0,183,0,6,0,0,0,0,0,8,0,9,1,5,0,16,18,8,227,3,3,53,31,218,18,269,82,79,0,267,84,0,0,0,0,0,0,0,0,0,0,0,0,0,0,0,0,0,0,0,0,0,0,0,0,0,0,0,0,0,0,0,0,0,0,0,0,0,0,0,0,0,0,0,0,0,0,0,0,0,0,0,0,0,0,0,0,59,0,24,0,0,0,41,0,0,0,31,0,4,0,0,0,0,0,3,0,0,0,42,0,30,0,22,0,4,0,3,0,0,0,1,0,20,0,0,0,0,0,0,0,34,0,129,0,211,36,1,0,51,107,3,0,0,0,62,6,85,0,0,0,0,0,0,0,0,0,0,0,0,0,0,0,0,0,0,0,0,0,0,0,27,0,523,185,219,56,282,0,29,0,0,7,0,0,0,0,0
7,55,0,24,0,9,151,48,627,0,0,21,0,8,0,7,0,7,0,20,0,5,0,0,41,36,0,39,0,58,0,6,0,32,0,0,0,45,0,286,0,4,0,0,0,0,0,16,0,5,0,0,27,38,143,66,0,15,124,18,0,192,45,180,1,117,91,78,0,0,0,0,0,0,0,0,0,0,0,0,0,0,0,0,0,0,0,0,0,0,0,0,0,0,0,0,0,0,0,0,0,0,0,0,0,0,0,19,0,0,0,0,0,0,0,0,0,0,0,0,0,0,0,0,0,134,0,53,0,0,0,58,0,9,0,62,0,109,0,0,0,0,0,8,0,0,0,19,0,110,0,29,0,10,0,9,0,9,0,3,0,15,0,0,0,15,0,0,0,72,0,124,6,257,0,0,3,269,0,3,0,0,14,3,0,20,0,0,0,1,0,0,0,0,0,0,0,5,0,7,0,55,0,0,0,0,0,10,0,62,4,0,0,0,479,0,0,0,524,130,294,175,0,122,0
177,0,52,0,101,270,26,0,16,0,0,113,139,28,53,213,17,0,23,151,113,105,46,18,0,0,0,0,0,0,57,5,179,0,0,0,127,0,3,0,46,0,0,0,14,0,25,0,35,1,0,0,0,0,0,0,0,0,0,0,0,0,0,0,4,0,0,0,0,0,0,0,0,0,0,0,0,0,0,0,0,0,0,0,0,0,0,0,0,0,0,0,0,0,0,0,0,0,0,0,0,0,0,0,0,0,0,0,0,0,0,0,0,0,0,0,0,0,0,0,0,0,0,0,0,0,3,0,0,0,2,0,0,0,11,0,0,0,0,0,0,0,0,0,0,0,0,0,0,0,10,0,0,0,0,0,0,0,0,0,0,0,0,0,11,0,101,0,0,0,5,0,57,1,10,0,106,82,146,0,7,0,56,0,41,0,36,0,0,0,0,0,0,0,0,0,0,0,0,0,0,0,0,0,0,0,0,0,0,0,125,251,163,0,47,0,0,0,0,0,4,0,0,0,0
72,118,191,5,225,145,0,6,0,21,113,0,23,279,235,4,68,0,0,82,109,69,273,70,16,0,0,268,0,6,11,93,38,296,0,92,14,199,0,0,0,104,0,24,2,46,0,156,0,54,0,19,0,0,0,0,0,1,0,0,0,0,0,0,0,6,0,1,0,0,0,0,0,0,0,0,0,0,0,0,0,0,0,0,0,0,0,0,0,0,0,0,0,0,0,0,0,0,0,1,0,0,0,0,0,0,0,0,0,0,0,0,0,0,0,0,0,0,0,0,0,0,0,0,0,0,0,0,0,0,0,0,0,0,0,20,0,28,0,0,0,0,0,0,0,0,0,0,0,6,0,27,0,22,0,0,0,0,0,1,0,2,0,0,0,4,0,67,0,9,0,0,0,31,0,0,29,432,0,120,0,22,0,7,0,49,0,3,0,0,0,0,0,0,0,0,0,4,0,4,0,0,0,0,0,0,0,0,0,0,0,0,0,0,102,0,0,0,173,351,155,0,0,0,0
126,0,126,0,222,64,50,0,15,0,139,23,0,313,35,0,0,0,202,261,51,43,0,0,1,0,109,568,0,0,9,0,0,0,84,0,0,0,0,0,229,77,96,38,64,39,189,250,46,0,378,0,0,0,0,0,0,0,1,0,0,0,0,0,0,0,0,0,0,0,0,0,0,0,0,0,0,0,0,0,0,0,0,0,0,0,0,0,0,0,0,0,0,0,0,0,0,0,0,0,0,0,0,0,0,0,0,0,0,0,0,0,1,0,0,0,0,0,0,0,0,0,0,0,0,0,8,0,0,0,0,0,0,0,0,0,0,0,0,0,0,0,0,0,0,0,0,0,0,0,0,0,0,0,0,0,0,0,0,0,0,0,0,0,129,0,25,0,0,0,0,0,8,0,0,0,161,101,51,0,12,0,26,0,11,0,44,47,0,0,0,0,0,0,0,0,0,0,0,0,0,0,0,0,0,0,0,0,0,0,0,78,124,0,5,0,0,0,0,0,0,0,0,0,0
0,97,0,6,193,127,0,4,0,8,28,279,313,0,174,0,0,0,244,317,297,147,0,0,0,0,124,318,0,0,13,0,0,0,32,226,0,259,0,0,53,219,0,407,11,68,0,321,0,115,25,589,0,0,0,2,0,0,0,3,0,0,0,0,0,0,0,0,0,0,0,0,0,0,0,0,0,0,0,0,0,0,0,0,0,0,0,0,0,0,0,0,0,0,0,0,0,0,0,0,0,0,0,0,0,0,0,0,0,0,0,0,0,0,0,0,0,0,0,0,0,0,0,0,0,0,0,0,0,0,0,0,0,0,0,0,0,14,0,0,0,0,0,0,0,0,0,0,0,0,0,0,0,12,0,0,0,0,0,0,0,0,0,0,5,51,0,27,0,0,0,0,0,0,0,7,9,351,21,18,0,16,0,4,0,18,11,81,0,0,0,0,0,0,0,0,0,0,0,0,0,0,0,0,0,0,0,0,0,0,0,0,0,0,0,0,0,0,45,186,164,20,2,0,0
19,0,153,0,301,354,25,0,5,0,53,235,35,174,0,78,75,0,316,361,273,117,202,0,51,0,306,90,4,0,81,14,87,16,84,0,93,0,0,0,0,0,0,0,34,0,62,0,6,3,35,0,7,0,11,0,2,0,2,0,0,0,26,0,0,0,0,0,0,0,4,0,0,0,0,0,0,0,0,0,0,0,0,0,0,0,0,0,0,0,0,0,0,0,0,0,224,0,0,0,0,0,0,0,0,0,0,0,0,0,0,0,0,0,0,0,0,0,0,0,0,0,0,0,27,0,0,0,10,0,8,0,0,0,126,0,80,0,0,0,5,0,135,0,0,0,16,0,0,0,30,0,12,0,6,0,0,0,0,0,3,0,0,0,0,0,38,0,0,0,0,0,7,0,2,0,110,63,34,0,2,0,14,0,13,0,0,0,0,0,0,0,0,0,1,0,0,0,0,0,184,0,0,0,6,0,0,0,0,0,56,174,69,0,16,0,0,0,3,0,0,0,0,0,0
264,47,284,192,168,205,105,53,34,7,213,4,0,0,78,0,132,0,0,372,44,313,328,185,174,26,0,146,0,6,0,198,61,179,0,117,0,72,15,0,0,0,0,0,0,11,0,0,0,0,0,0,0,0,0,52,0,0,0,8,0,2,7,10,0,0,0,0,0,0,0,8,0,8,0,10,0,0,0,0,0,192,0,0,0,137,0,0,0,0,0,0,0,0,0,0,0,0,0,177,0,0,0,0,0,2,0,34,0,0,0,0,0,0,0,0,0,0,0,0,0,19,0,16,0,0,0,0,0,1,0,0,0,0,0,68,0,0,1,0,0,0,0,34,0,0,0,0,0,0,0,0,0,0,0,0,0,0,0,0,0,0,0,7,0,6,0,114,0,21,0,5,0,21,0,0,11,56,8,5,0,0,27,3,0,4,0,0,0,0,0,0,0,0,0,0,0,0,0,0,0,20,0,0,0,0,0,0,0,0,0,0,34,0,37,0,0,0,83,349,97,14,0,0,0
144,97,123,68,16,66,34,0,97,0,17,68,0,0,75,132,0,0,47,0,314,17,69,134,70,13,110,0,143,6,56,2,175,20,43,0,6,0,246,0,2,0,0,0,165,0,20,0,12,0,29,0,67,0,18,0,5,0,3,0,9,0,303,0,0,0,0,0,0,0,39,0,0,0,27,0,0,0,0,0,0,0,0,0,585,0,153,0,0,0,158,0,0,0,0,0,548,0,124,0,0,0,0,0,0,0,55,0,0,0,0,0,0,0,0,0,0,0,0,0,65,0,114,0,0,1,0,0,7,0,1,0,27,0,73,0,207,0,62,0,61,0,454,0,35,0,0,0,0,0,5,0,0,0,16,0,0,0,9,0,4,0,0,0,0,0,44,0,59,0,7,0,87,0,0,0,18,13,0,0,0,0,29,1,3,0,0,0,0,0,0,0,0,0,0,0,0,0,0,0,166,0,0,0,0,0,1,0,0,0,100,277,142,0,43,0,9,0,10,0,0,0,0,0,0
0,19,0,6,0,0,55,20,93,7,0,0,0,0,0,0,0,0,0,0,0,70,0,156,34,119,0,8,0,145,0,25,0,49,0,12,0,0,0,68,0,0,0,0,0,0,0,0,0,0,0,7,0,129,14,13,0,19,0,0,0,0,14,185,0,0,0,0,0,0,0,0,0,0,0,0,0,0,0,0,0,295,0,0,0,323,0,37,0,0,0,23,0,0,0,0,0,16,0,188,0,0,0,0,0,0,0,0,0,0,0,0,0,0,0,0,0,0,0,0,0,40,0,34,0,0,0,0,0,14,0,1,0,47,0,0,0,36,0,154,0,70,0,220,0,0,0,0,0,0,0,0,0,0,0,34,0,0,0,25,0,0,0,0,0,0,0,0,0,17,0,0,0,18,0,0,0,22,0,0,0,0,0,4,0,0,0,0,0,0,0,0,0,0,0,0,0,0,0,0,0,0,0,0,0,0,0,0,0,0,0,2,4,0,0,0,0,0,33,53,18,17,0,0,0
27,0,75,0,136,0,15,0,13,0,23,0,202,244,316,0,47,0,0,195,112,34,170,0,14,0,293,474,0,0,25,0,0,0,159,0,26,0,0,0,30,73,36,36,15,33,55,224,0,12,223,19,3,0,0,0,0,0,0,0,0,0,0,0,0,0,5,0,0,0,0,0,0,0,0,0,0,0,0,0,0,0,0,0,0,0,0,0,0,0,0,0,0,0,0,0,0,0,0,0,0,0,0,0,0,0,0,0,0,0,0,0,0,0,0,0,0,0,0,0,0,0,0,0,0,0,0,0,0,0,0,0,0,0,0,0,0,0,0,0,0,0,0,0,0,0,8,0,0,0,0,0,0,0,0,0,0,0,0,0,0,0,0,0,29,0,0,0,0,0,2,0,0,0,0,0,99,34,18,0,0,0,15,0,8,0,2,27,0,0,0,0,0,0,0,0,2,0,0,0,0,0,0,0,0,0,0,0,0,0,55,141,93,0,18,0,0,0,0,11,0,0,0,0,0
0,125,0,58,453,440,0,22,0,20,151,82,261,317,361,372,0,0,195,0,350,532,22,120,0,0,45,470,0,0,51,51,0,0,45,606,14,241,0,0,0,8,0,145,6,39,23,38,10,0,8,233,0,0,0,10,0,4,0,0,0,6,0,11,0,7,0,1,0,1,0,0,0,0,0,0,0,0,0,0,0,0,0,0,0,0,0,0,0,0,0,0,0,0,0,0,0,0,0,0,0,0,0,0,0,0,0,0,0,0,0,0,0,0,0,0,0,0,0,0,0,0,0,13,0,0,0,0,0,0,0,0,0,0,0,72,0,46,0,0,0,0,0,0,0,0,0,0,0,25,0,0,0,0,0,9,0,6,0,0,0,0,0,6,0,8,3,58,0,19,0,0,0,0,0,0,19,70,35,2,0,2,0,0,0,37,7,13,0,0,0,0,0,0,0,0,0,0,0,0,0,44,0,0,0,0,0,0,0,0,0,9,0,0,79,0,0,1,129,461,171,29,0,0,0
17,0,55,0,238,188,0,0,4,0,113,109,51,297,273,44,314,0,112,350,0,76,168,0,11,0,302,409,43,0,67,0,32,0,123,36,36,6,5,0,12,27,14,33,42,31,13,110,5,7,140,0,8,0,0,0,7,0,6,0,3,0,47,0,0,0,1,0,0,0,47,0,0,0,26,0,0,0,0,0,0,0,0,0,330,0,0,0,0,0,0,0,0,0,0,0,314,0,0,0,0,0,0,0,0,0,0,0,0,0,0,0,0,0,0,0,0,0,0,0,53,0,57,0,0,0,0,0,0,0,0,0,0,0,0,0,49,0,26,0,85,0,180,0,93,0,0,0,0,0,0,0,0,0,0,0,0,0,0,0,0,0,0,0,0,0,92,0,30,0,0,0,23,0,0,0,110,29,56,0,0,0,14,0,0,0,0,15,0,0,0,0,0,0,0,0,0,0,0,0,0,0,0,0,0,0,0,0,0,0,152,359,140,0,51,0,0,0,0,3,0,0,0,0,0
26,80,75,104,131,282,0,0,0,5,105,69,43,147,117,313,17,70,34,532,76,0,84,442,0,99,0,539,0,46,0,125,0,150,0,143,6,27,0,0,0,0,0,109,0,93,4,0,0,0,0,92,0,40,0,19,0,11,0,0,0,11,2,91,0,0,0,0,0,0,0,17,0,0,0,23,0,0,0,0,0,566,0,0,0,397,0,156,0,0,0,0,0,0,0,0,0,0,0,0,0,0,0,0,0,0,0,0,0,0,0,0,0,0,0,0,0,0,0,0,0,168,0,74,0,0,0,0,0,0,0,0,0,0,0,31,0,106,0,241,0,206,0,414,0,95,0,0,0,0,0,0,0,0,0,0,0,0,0,21,0,0,0,9,0,25,0,96,0,33,0,9,0,29,0,0,0,19,6,3,0,0,4,0,0,0,0,9,0,0,0,0,0,0,0,0,0,0,0,0,1,0,0,0,0,0,0,0,0,0,0,0,0,0,233,0,0,0,389,1034,269,67,0,5,0
61,121,526,115,50,332,23,1,0,0,46,273,0,0,202,328,69,0,170,22,168,84,0,195,150,0,184,0,11,0,16,15,40,42,18,0,16,16,13,0,0,0,0,0,202,0,72,0,11,0,0,0,21,0,20,0,0,0,0,0,0,0,32,0,0,0,0,0,0,0,0,0,0,0,0,0,0,0,0,0,0,0,0,0,0,0,0,0,0,0,61,0,0,0,0,0,0,0,0,0,0,0,0,0,0,0,0,0,0,0,0,0,0,0,0,0,0,0,0,0,0,0,0,0,12,0,0,0,0,0,2,0,28,0,107,0,120,0,16,0,0,0,118,0,6,0,0,0,1,0,8,0,0,0,0,0,0,0,0,0,0,0,0,0,0,0,23,0,23,0,0,0,31,0,0,0,37,67,6,0,0,0,42,0,4,0,0,0,0,0,0,0,0,0,0,0,3,0,0,0,154,0,0,0,0,0,0,0,19,0,110,362,103,0,0,0,0,0,7,0,0,0,0,0,0
235,142,180,228,0,48,167,32,80,0,18,70,0,0,0,185,134,156,0,120,0,442,195,0,280,85,0,92,0,42,0,65,24,152,0,0,0,22,35,20,0,0,0,0,0,58,0,0,0,9,0,0,0,53,0,28,0,9,0,0,0,0,12,106,0,0,0,0,0,0,0,0,0,5,0,0,0,0,0,0,0,510,0,0,0,381,0,125,0,0,0,0,0,0,0,0,0,28,0,280,0,136,0,0,0,0,0,0,0,0,0,0,0,0,0,0,0,0,0,0,0,75,0,44,0,0,0,0,0,0,0,0,0,34,0,0,0,35,0,67,0,42,0,183,0,14,0,0,0,0,0,0,0,0,0,0,0,0,0,0,0,0,0,0,0,0,0,17,0,0,0,6,0,40,0,0,0,67,0,8,0,0,32,14,0,0,0,0,0,0,0,0,0,0,0,0,0,0,0,0,0,0,0,0,0,0,0,0,0,0,0,0,0,0,60,0,0,0,132,687,114,0,0,0,0
17,253,66,80,10,23,140,51,71,41,0,16,1,0,51,174,70,34,14,0,11,0,150,280,0,143,0,0,0,30,1,0,0,29,0,0,1,11,23,12,0,0,1,0,12,0,14,0,9,0,0,0,82,0,80,0,17,0,4,0,9,0,91,1,0,0,0,0,0,0,0,0,0,0,0,0,0,0,0,0,0,0,0,0,81,0,0,0,0,0,93,0,0,0,0,0,213,0,49,0,0,0,0,0,0,0,0,0,0,0,0,0,0,0,0,0,0,0,0,0,0,0,0,0,0,0,41,0,45,0,0,0,105,0,209,0,318,0,47,0,19,0,290,0,9,0,0,0,0,0,0,0,0,0,16,0,0,0,9,0,9,0,0,0,0,0,0,0,23,0,10,0,57,0,0,0,4,17,0,0,0,0,14,2,4,0,0,0,0,0,0,0,0,0,0,0,0,0,15,0,212,0,0,0,0,0,0,0,26,0,55,207,69,0,46,0,0,0,0,4,0,0,0,0,0
39,23,0,37,0,0,219,188,405,36,0,0,0,0,0,26,13,119,0,0,0,99,0,85,143,0,0,0,0,115,0,9,0,38,0,0,0,9,0,63,0,0,0,0,0,0,0,0,0,1,0,0,6,18,59,185,0,59,32,5,0,13,26,21,0,0,9,0,0,0,0,0,0,0,0,0,0,0,0,0,0,163,0,0,0,209,0,0,0,0,0,75,0,0,0,0,0,0,0,261,0,115,0,0,0,0,0,0,0,0,0,0,0,0,0,0,0,0,0,0,0,0,0,0,0,0,0,0,0,9,0,0,0,42,0,133,0,51,0,108,0,30,0,187,0,0,0,0,0,0,0,0,0,1,0,46,0,0,0,12,0,0,0,0,0,0,0,0,0,21,0,10,17,62,0,0,4,30,0,0,0,0,20,3,0,0,0,0,0,0,0,0,0,0,0,0,0,0,0,0,0,23,0,0,0,0,0,0,0,0,0,0,0,0,78,0,0,1,100,54,104,0,0,11,0
33,0,66,0,89,0,0,0,15,0,0,0,109,124,306,0,110,0,293,45,302,0,184,0,0,0,0,332,0,0,30,0,19,0,53,0,47,0,6,0,87,218,197,0,208,51,515,337,21,0,261,0,0,0,0,0,0,0,0,0,0,0,19,0,0,0,0,0,0,0,0,0,0,0,0,0,0,0,0,0,0,0,0,0,0,0,0,0,0,0,0,0,0,0,0,0,0,0,0,0,0,0,0,0,0,0,0,0,0,0,0,0,0,0,0,0,0,0,0,0,0,0,0,0,0,0,0,0,0,0,0,0,0,0,0,0,0,0,0,0,0,0,0,0,15,0,0,0,0,0,0,0,11,0,0,0,0,0,0,0,0,0,0,0,75,0,14,0,0,0,5,0,0,0,0,0,25,52,7,0,0,0,12,0,13,0,17,21,0,0,0,0,0,0,0,0,0,0,0,0,0,0,0,0,0,0,0,0,0,0,0,248,189,0,0,0,0,7,0,11,0,0,0,0,0
0,224,0,0,135,345,0,0,0,39,0,268,568,318,90,146,0,8,474,470,409,539,0,92,0,0,332,0,0,0,16,17,0,8,50,82,0,63,0,0,229,74,0,455,45,243,142,262,24,43,62,364,0,0,0,8,0,0,0,0,0,0,0,0,0,0,0,0,0,0,0,0,0,0,0,0,0,0,0,0,0,0,0,0,0,0,0,0,0,0,0,0,0,0,0,0,0,0,0,0,0,0,0,0,0,0,0,0,0,0,0,0,0,0,0,0,0,0,0,2,0,0,0,0,0,0,0,0,0,0,0,0,0,0,0,32,0,0,0,0,0,0,0,91,0,0,0,0,0,20,0,22,0,0,0,0,0,0,0,0,0,0,0,0,0,111,0,5,0,42,0,0,0,7,0,0,6,152,0,4,0,0,0,3,0,21,13,34,0,0,0,0,0,0,0,0,0,0,0,0,0,0,0,0,0,0,0,0,0,0,0,7,0,0,41,0,0,0,68,452,381,0,0,7,0
89,0,148,0,0,0,41,0,19,0,0,0,0,0,4,0,143,0,0,0,43,0,11,0,0,0,0,0,0,0,33,0,24,0,11,0,20,0,47,0,1,0,21,0,0,0,0,0,2,0,18,0,1,0,0,0,0,0,0,0,1,0,8,0,0,0,0,0,0,0,19,0,0,0,0,0,0,0,0,0,0,0,0,0,142,0,0,0,0,0,0,0,0,0,0,0,0,0,0,0,0,0,0,0,0,0,0,0,0,0,0,0,0,0,0,0,0,0,0,0,16,0,39,0,0,0,0,0,0,0,0,0,0,0,0,0,42,0,24,0,47,0,99,0,22,0,0,0,0,0,0,0,0,0,0,0,0,0,0,0,0,0,0,0,0,0,0,0,8,0,1,0,1,0,0,0,0,0,0,0,0,0,18,0,2,0,0,0,0,0,0,0,0,0,0,0,0,0,1,0,0,0,0,0,0,0,0,0,0,0,3,13,0,0,0,0,0,0,0,0,0,0,0,0,0
0,130,0,50,2,0,36,202,31,58,0,6,0,0,0,6,6,145,0,0,0,46,0,42,30,115,0,0,0,0,0,23,0,32,0,20,0,33,0,151,0,0,0,30,0,0,0,0,0,0,0,34,0,23,0,21,0,4,0,0,0,0,0,66,0,0,0,0,0,0,0,0,0,0,0,0,0,0,0,0,0,0,0,0,0,13,0,0,0,0,0,0,0,0,0,0,0,0,0,0,0,0,0,0,0,0,0,0,0,0,0,0,0,0,0,0,0,0,0,0,0,2,0,0,0,0,0,0,0,0,0,0,0,11,0,0,0,10,0,119,0,37,0,27,0,32,0,0,0,0,0,1,0,0,0,11,0,5,0,30,0,2,0,0,0,0,0,0,0,0,0,0,0,0,0,0,0,72,0,0,0,0,0,23,0,0,0,0,0,0,0,0,0,0,0,0,0,0,0,0,0,0,0,0,0,0,0,0,0,0,0,0,0,0,61,0,0,0,126,150,27,16,0,4,0
13,0,64,0,112,34,0,0,0,0,57,11,9,13,81,0,56,0,25,51,67,0,16,0,1,0,30,16,33,0,0,0,41,0,23,0,42,0,3,0,0,0,56,0,3,0,0,0,0,1,51,0,0,0,0,0,0,0,0,0,0,0,10,0,0,0,0,0,0,0,15,0,0,0,6,0,0,0,0,0,0,0,0,0,63,0,0,0,0,0,0,0,0,0,0,0,0,0,0,0,0,0,0,0,0,0,0,0,0,0,0,0,0,0,0,0,0,0,0,0,0,0,18,0,0,0,0,0,0,0,0,0,0,0,0,0,19,0,15,0,45,0,49,0,20,0,0,0,0,0,0,0,0,0,0,0,0,0,0,0,0,0,0,0,0,0,53,0,0,0,0,0,0,0,0,0,0,6,15,0,0,0,0,0,0,0,0,0,0,0,0,0,0,0,0,0,0,0,0,0,9,0,0,0,0,0,0,0,0,0,48,127,59,8,0,0,0,0,0,0,0,0,0,0,0
0,89,16,117,0,242,0,3,0,6,5,93,0,0,14,198,2,25,0,51,0,125,15,65,0,9,0,17,0,23,0,0,0,8,0,84,0,38,0,3,0,0,0,46,0,11,0,0,0,0,0,59,0,6,0,0,0,0,0,1,0,0,0,10,0,0,0,0,0,0,0,0,0,0,0,0,0,0,0,0,0,64,0,0,0,0,0,0,0,0,0,0,0,0,0,0,0,0,0,0,0,0,0,1,0,0,0,0,0,0,0,0,0,0,0,0,0,0,0,0,0,18,0,0,0,0,0,0,0,0,0,0,0,6,0,0,0,36,0,48,0,40,0,72,0,14,0,0,0,3,0,0,0,0,0,5,0,5,0,0,0,1,0,1,0,0,0,12,0,0,0,4,0,0,0,0,0,0,0,0,0,0,0,0,0,7,0,0,0,0,0,0,0,0,0,0,0,0,0,1,0,0,0,0,0,0,0,0,0,0,0,0,0,0,53,0,0,0,89,143,39,19,0,0,0
186,0,339,0,197,64,37,0,15,0,179,38,0,0,87,61,175,0,0,0,32,0,40,24,0,0,19,0,24,0,41,0,0,0,30,0,138,0,10,0,0,0,40,0,4,0,0,0,0,0,20,0,4,0,0,0,0,0,0,0,5,0,12,0,0,0,0,0,0,0,0,0,0,0,0,0,0,0,0,0,0,0,0,0,0,0,0,0,0,0,0,0,0,0,0,0,0,0,0,0,0,0,0,0,0,0,0,0,0,0,0,0,0,0,0,0,0,0,0,0,0,0,0,0,0,0,3,0,0,0,8,0,0,0,0,0,0,0,16,0,38,0,40,0,21,0,0,0,0,0,0,0,0,0,0,0,13,0,0,0,0,0,0,0,0,0,33,0,0,0,4,0,7,0,0,0,61,16,14,0,0,0,73,0,0,0,0,0,0,0,0,0,0,0,0,0,0,0,0,0,0,0,0,0,0,0,0,0,0,0,0,152,48,0,15,0,0,0,0,0,0,0,0,0,0
0,453,51,335,9,249,0,152,0,32,0,296,0,0,16,179,20,49,0,0,0,150,42,152,29,38,0,8,0,32,0,8,0,0,0,57,0,64,0,0,0,0,0,19,0,6,0,0,0,0,0,18,0,9,0,0,0,3,0,0,0,51,0,17,0,0,0,0,0,0,0,0,0,0,0,0,0,0,0,0,0,0,0,0,0,0,0,0,0,0,0,0,0,0,0,0,0,0,0,0,0,0,0,0,0,0,0,0,0,0,0,0,0,0,0,0,0,0,0,0,0,0,0,0,0,0,0,0,0,0,0,0,0,0,0,0,0,0,0,43,0,0,0,39,0,20,0,0,0,0,0,0,0,0,0,0,0,30,0,6,0,0,0,0,0,0,0,35,0,4,0,4,0,26,0,0,0,87,0,28,0,0,0,26,0,0,0,0,0,0,0,0,0,0,0,0,0,0,0,0,0,0,0,0,0,0,0,0,0,0,0,0,0,0,89,0,0,0,99,434,68,29,0,6,0
11,0,0,0,118,0,0,0,0,0,0,0,84,32,84,0,43,0,159,45,123,0,18,0,0,0,53,50,11,0,23,0,30,0,0,0,106,1,0,0,0,0,17,7,10,0,4,14,0,0,67,0,1,0,0,0,0,0,0,0,0,0,0,0,0,0,0,0,0,0,9,0,0,0,0,0,0,0,0,0,0,0,0,0,0,0,0,0,0,0,0,0,0,0,0,0,0,0,0,0,0,0,0,0,0,0,0,0,0,0,0,0,0,0,0,0,0,0,0,0,0,0,0,0,0,0,0,0,0,0,0,0,0,0,0,0,0,0,0,0,0,0,0,0,29,0,0,0,0,0,0,0,0,0,0,0,0,0,0,0,0,0,0,0,37,0,51,0,19,0,0,0,14,0,0,0,31,4,11,0,0,0,0,0,0,0,2,0,0,0,0,0,0,0,0,0,0,0,0,0,0,0,0,0,2,0,0,0,0,0,81,162,141,24,32,0,0,0,0,0,0,0,0,0,0
0,27,0,19,0,340,0,0,0,0,0,92,0,226,0,117,0,12,0,606,36,143,0,0,0,0,0,82,0,20,0,84,0,57,0,0,0,293,0,0,0,0,0,52,0,43,0,0,0,0,0,67,0,0,0,4,0,0,0,0,0,4,0,0,0,0,0,0,0,0,0,0,0,0,0,0,0,0,0,0,0,0,0,0,0,0,0,0,0,0,0,0,0,0,0,0,0,0,0,0,0,0,0,0,0,0,0,0,0,0,0,0,0,0,0,0,0,0,0,0,0,0,0,15,0,0,0,0,0,0,0,0,0,0,0,0,0,25,0,63,0,62,0,73,0,53,0,0,0,0,0,0,0,0,0,0,0,10,0,5,1,0,0,0,1,27,0,131,0,11,0,0,0,10,0,0,0,16,0,0,0,0,0,0,0,0,0,0,0,0,0,0,0,0,0,0,0,0,0,0,0,0,0,0,0,0,0,0,0,0,0,0,0,0,69,0,0,0,117,379,210,46,0,0,0
73,0,75,0,169,18,7,0,0,0,127,14,0,0,93,0,6,0,26,14,36,6,16,0,1,0,47,0,20,0,42,0,138,0,106,0,0,3,90,0,0,0,29,0,73,0,0,0,5,2,75,0,0,0,0,0,3,0,10,0,0,0,8,0,0,0,0,0,0,0,11,0,0,0,12,0,0,0,0,0,0,0,0,0,0,0,40,0,0,0,0,0,0,0,0,0,0,0,0,0,0,0,0,0,0,0,0,0,0,0,0,0,0,0,0,0,0,0,0,0,0,0,14,0,0,0,0,0,0,0,0,0,0,0,0,0,0,0,9,0,30,0,50,0,63,0,0,0,2,0,0,0,0,0,0,0,5,0,0,0,5,0,11,0,28,0,64,0,22,0,25,0,27,0,0,0,17,12,14,1,0,0,38,0,0,0,0,0,0,0,0,0,0,0,0,0,0,0,0,0,0,0,0,0,0,0,0,0,0,0,85,224,119,0,28,0,0,0,0,0,0,0,0,0,0
0,208,0,48,0,272,13,94,0,45,0,199,0,259,0,72,0,0,0,241,6,27,16,22,11,9,0,63,0,33,0,38,0,64,1,293,3,0,0,33,0,0,0,63,0,71,0,0,1,0,0,51,0,7,0,0,0,0,0,0,0,56,0,14,0,0,0,0,0,0,0,6,0,0,0,0,0,0,0,0,0,0,0,0,0,0,0,0,0,0,0,0,0,0,0,0,0,0,0,0,0,0,0,0,0,0,0,0,0,0,0,0,0,0,0,0,0,0,0,0,0,64,0,0,0,0,0,5,0,0,0,0,0,0,0,0,0,48,0,76,0,102,0,92,0,146,0,0,0,0,0,0,0,0,0,0,0,43,0,0,0,0,0,1,0,11,0,48,0,27,0,15,0,66,0,0,0,81,0,12,0,0,0,34,0,0,0,0,0,0,0,0,0,0,0,0,0,0,0,0,0,0,0,0,0,0,0,0,0,0,0,0,0,0,55,0,0,0,74,413,147,22,1,5,0
196,18,313,0,0,0,205,0,183,0,3,0,0,0,0,15,246,0,0,0,5,0,13,35,23,0,6,0,47,0,3,0,10,0,0,0,90,0,0,0,0,0,4,0,0,0,0,0,0,0,0,0,5,0,3,0,0,0,6,0,34,0,57,0,0,0,0,0,0,0,12,0,6,0,0,0,0,0,0,0,0,0,0,0,70,0,0,0,0,0,0,0,0,0,0,0,54,0,0,0,0,0,0,0,0,0,0,0,0,0,0,0,0,0,0,0,0,0,0,0,0,0,21,0,0,0,0,0,0,0,0,0,0,0,0,0,0,0,41,0,60,0,70,0,52,0,0,0,0,0,0,0,0,0,4,0,14,0,0,0,0,0,7,0,0,0,9,0,0,0,0,0,131,0,0,0,23,11,0,0,0,0,98,0,8,0,0,0,0,0,0,0,0,0,0,0,0,0,0,0,0,0,0,0,0,0,0,0,0,0,79,370,22,0,31,0,0,0,0,0,0,0,0,0,0
0,145,0,25,0,0,0,286,0,286,0,0,0,0,0,0,0,68,0,0,0,0,0,20,12,63,0,0,0,151,0,3,0,0,0,0,0,33,0,0,0,0,0,0,0,0,0,0,0,1,0,0,1,28,0,31,0,0,0,20,0,53,2,62,0,0,0,8,0,0,0,0,0,0,0,0,0,0,0,0,0,0,0,0,0,0,0,0,0,0,0,0,0,0,0,0,0,0,0,0,0,0,0,0,0,0,0,0,0,0,0,0,0,0,0,0,0,0,0,0,0,0,0,0,0,0,0,0,0,0,0,0,0,0,0,0,0,0,0,39,0,13,0,0,0,63,0,0,0,0,0,0,0,0,0,13,0,20,0,26,0,0,0,0,0,0,0,0,0,0,0,0,0,0,0,0,0,83,0,0,0,0,0,35,0,0,0,0,0,0,0,0,0,0,0,0,0,0,0,0,0,0,0,0,0,0,0,0,0,0,0,0,0,0,53,0,0,0,116,216,41,30,0,0,1
37,0,29,0,57,0,18,0,6,0,46,0,229,53,0,0,2,0,30,0,12,0,0,0,0,0,87,229,1,0,0,0,0,0,0,0,0,0,0,0,0,216,155,11,40,106,150,451,230,67,76,0,0,0,0,0,0,0,0,0,0,0,0,0,0,0,0,0,0,0,0,0,0,0,0,0,0,0,0,0,0,0,0,0,0,0,0,0,0,0,0,0,0,0,0,0,0,0,0,0,0,0,0,0,0,0,0,0,0,0,0,0,0,0,0,0,0,0,0,0,0,0,0,0,3,0,4,0,0,0,0,0,0,0,0,0,0,0,0,0,0,0,0,0,0,0,0,0,3,0,0,0,6,0,0,0,0,0,0,0,0,0,0,0,0,0,0,0,0,0,0,0,0,0,0,0,23,102,17,0,0,0,14,0,10,0,159,19,0,0,0,0,0,0,0,0,0,0,0,0,0,0,0,0,0,0,0,0,0,0,0,81,41,0,0,0,0,12,0,46,0,0,0,0,1
0,26,0,0,0,0,0,0,0,4,0,104,77,219,0,0,0,0,73,8,27,0,0,0,0,0,218,74,0,0,0,0,0,0,0,0,0,0,0,0,216,0,0,75,60,106,290,296,30,207,12,53,0,0,0,0,0,1,0,0,0,0,0,0,0,0,0,0,0,0,0,0,0,0,0,0,0,0,0,0,0,0,0,0,0,0,0,0,0,0,0,0,0,0,0,0,0,0,0,0,0,0,0,0,0,0,0,0,0,0,0,0,0,0,0,0,0,0,0,0,0,0,0,0,0,0,0,0,0,0,0,0,0,0,0,0,0,0,0,0,0,0,0,0,0,0,0,1,0,0,0,0,0,0,0,0,0,0,0,0,0,0,0,0,0,35,0,0,0,0,0,0,0,0,0,0,0,153,0,0,0,5,0,0,0,0,8,31,0,0,0,0,0,0,0,0,0,0,0,0,0,0,0,0,0,0,0,0,0,0,0,3,0,0,0,0,0,1,0,81,24,0,0,0,8
0,0,5,0,0,0,10,0,0,0,0,0,96,0,0,0,0,0,36,0,14,0,0,0,1,0,197,0,21,0,56,0,40,0,17,0,29,0,4,0,155,0,0,0,359,0,259,10,51,0,84,0,0,0,0,0,0,0,0,0,4,0,9,0,2,0,0,0,0,0,0,0,0,0,6,0,0,0,0,0,0,0,2,0,0,0,0,0,0,0,0,0,0,0,0,0,0,0,0,0,0,0,1,0,0,0,0,0,0,0,0,0,0,0,0,0,0,0,0,0,0,0,0,0,0,0,0,0,0,0,0,0,0,0,0,0,0,0,9,0,0,0,0,0,21,0,0,0,0,0,2,0,1,0,0,0,0,0,0,0,0,0,0,0,33,0,49,0,0,0,0,0,23,0,0,0,0,0,16,0,0,0,0,0,0,0,209,0,0,0,0,0,0,0,0,0,0,0,0,0,0,0,0,0,0,0,0,0,0,0,40,110,92,4,10,0,3,14,0,0,0,0,0,0,0
0,0,0,0,0,22,0,0,0,0,0,24,38,407,0,0,0,0,36,145,33,109,0,0,0,0,0,455,0,30,0,46,0,19,7,52,0,63,0,0,11,75,0,0,0,214,17,138,0,10,0,130,0,0,0,4,0,0,0,0,0,6,0,6,0,0,0,1,0,0,0,0,0,0,0,2,0,0,0,0,0,0,0,0,0,0,0,0,0,0,0,0,0,0,0,0,0,0,0,0,0,0,0,0,0,0,0,0,0,0,0,0,0,0,0,0,0,1,0,0,0,0,0,0,0,0,0,0,0,0,0,0,0,0,0,0,0,0,0,98,0,0,0,63,0,70,0,0,0,0,0,0,0,0,0,0,0,10,0,0,0,0,0,0,0,92,0,3,0,0,0,0,0,0,0,0,0,12,0,0,0,0,0,0,0,0,3,32,0,0,0,0,0,0,0,0,0,0,0,0,0,0,0,0,0,0,0,0,0,0,0,1,0,0,18,0,0,0,29,179,179,0,0,0,4
10,0,39,0,24,0,0,0,0,0,14,2,64,11,34,0,165,0,15,6,42,0,202,0,12,0,208,45,0,0,3,0,4,0,10,0,73,0,0,0,40,60,359,0,0,23,308,83,392,38,149,2,9,0,0,0,12,0,0,0,2,0,41,0,0,0,0,0,0,0,50,0,0,0,23,0,0,0,0,0,56,0,0,0,295,0,127,0,0,0,0,0,0,0,0,0,339,0,76,0,0,0,0,0,0,0,0,0,0,0,0,0,0,0,0,0,0,0,0,0,0,0,41,0,12,0,0,0,0,0,4,0,0,0,0,0,37,0,0,0,31,0,101,0,76,0,0,0,0,0,0,0,0,0,0,0,0,0,0,0,0,0,25,0,250,0,69,0,45,0,0,0,44,0,0,0,23,11,8,0,0,0,9,0,0,0,104,1,0,0,0,0,0,0,0,0,0,0,0,0,98,0,0,0,0,0,0,0,0,0,67,284,341,22,20,0,2,119,0,0,0,0,0,0,2
0,14,0,0,0,33,0,2,0,0,0,46,39,68,0,11,0,0,33,39,31,93,0,58,0,0,51,243,0,0,0,11,0,6,0,43,0,71,0,0,106,106,0,214,23,0,111,423,24,258,0,79,0,0,0,0,0,0,0,0,0,4,0,13,0,0,0,0,0,6,0,16,0,0,0,27,0,5,0,0,0,265,0,24,0,133,0,74,0,0,0,0,0,0,0,0,0,0,0,36,0,44,0,0,0,0,0,0,0,0,0,0,0,0,0,0,0,0,0,0,0,92,0,36,0,0,0,0,0,0,0,0,0,0,0,0,0,86,0,100,0,123,0,246,0,114,1,0,0,0,0,5,0,0,0,2,0,0,0,0,0,2,0,0,0,388,0,20,0,87,0,23,0,30,0,0,0,20,0,0,0,0,0,0,0,0,7,28,0,0,0,0,0,0,0,0,0,0,0,0,0,0,0,0,0,0,0,0,0,0,0,4,2,0,36,0,0,2,95,374,383,25,0,0,84
35,0,49,0,93,0,0,0,8,0,25,0,189,0,62,0,20,0,55,23,13,4,72,0,14,0,515,142,0,0,0,0,0,0,4,0,0,0,0,0,150,290,259,17,308,111,0,386,271,129,85,0,0,0,0,0,0,0,0,0,0,0,0,0,0,0,0,0,0,0,0,0,0,0,0,0,0,0,0,0,0,0,0,0,0,0,0,0,0,0,0,0,0,0,0,0,0,0,0,0,0,0,0,0,0,0,0,0,0,0,0,0,0,0,0,0,0,0,0,0,0,0,0,0,0,0,0,0,0,0,3,0,0,0,0,0,0,0,0,0,0,0,0,0,0,0,0,0,3,0,0,0,0,0,0,0,0,0,0,0,0,0,2,0,69,0,4,0,0,0,0,0,0,0,3,0,36,79,9,0,0,0,0,0,16,0,183,17,0,0,0,0,0,0,0,0,0,0,0,0,0,0,0,0,0,0,0,0,13,0,0,299,167,4,3,0,1,78,0,53,0,0,0,0,0
0,65,0,0,0,60,0,0,0,16,0,156,250,321,0,0,0,0,224,38,110,0,0,0,0,0,337,262,0,0,0,0,0,0,14,0,0,0,0,0,451,296,10,138,83,423,386,0,77,278,51,53,0,0,0,0,0,0,0,0,0,0,0,0,0,0,0,0,0,0,0,0,0,0,0,0,0,0,0,0,0,0,0,0,0,0,0,0,0,0,0,0,0,0,0,0,0,0,0,0,0,10,0,0,0,0,0,0,0,0,0,0,0,0,0,0,0,0,0,0,0,0,0,0,0,0,0,0,0,0,0,0,0,0,0,18,0,17,0,0,0,0,0,0,0,0,0,0,0,0,0,0,0,0,0,0,0,0,0,0,0,0,0,0,0,108,0,0,0,0,0,0,0,0,0,0,0,135,0,0,0,0,0,0,0,12,33,45,0,0,0,0,0,0,0,0,0,0,0,0,0,0,0,0,0,0,0,0,0,0,0,9,0,0,0,0,0,0,0,321,129,0,0,0,21
11,0,0,0,19,2,13,0,9,0,35,0,46,0,6,0,12,0,0,10,5,0,11,0,9,0,21,24,2,0,0,0,0,0,0,0,5,1,0,0,230,30,51,0,392,24,271,77,0,68,15,0,6,0,8,0,16,0,13,0,7,0,4,0,0,0,0,0,10,0,4,0,0,0,3,0,5,0,0,0,21,0,5,0,17,0,14,0,0,0,7,0,1,0,8,0,13,0,8,0,0,0,7,0,11,0,0,0,0,0,0,0,0,0,0,0,0,0,0,0,0,0,0,0,6,0,0,0,4,0,4,0,11,0,34,0,13,0,5,0,7,0,35,0,4,0,0,0,4,0,0,0,0,0,6,0,0,0,0,0,5,0,11,0,61,0,44,0,29,0,6,0,27,0,0,0,59,18,18,0,0,0,11,0,12,0,309,0,22,0,7,0,35,0,5,0,0,0,27,0,32,0,75,0,36,0,26,0,0,0,61,132,222,4,28,12,4,19,0,33,1,0,0,0,9
0,14,0,1,0,10,1,4,1,5,1,54,0,115,3,0,0,0,12,0,7,0,0,9,0,1,0,43,0,0,1,0,0,0,0,0,2,0,0,1,67,207,0,10,38,258,129,278,68,0,2,6,0,0,0,1,0,4,0,3,0,0,0,0,0,0,0,0,0,1,0,0,0,0,0,0,0,0,0,0,0,3,0,4,0,0,0,0,0,0,0,0,0,1,0,3,0,0,0,0,0,2,0,0,0,1,0,0,0,0,0,0,0,0,0,0,0,0,0,0,0,0,0,0,0,0,0,2,0,0,0,1,0,0,0,2,0,4,0,0,0,0,0,0,0,0,0,0,0,1,0,5,0,3,0,1,0,0,0,0,0,1,0,0,0,27,0,8,0,0,0,9,0,13,0,0,1,62,0,2,0,0,0,0,0,4,38,90,0,0,0,0,0,3,0,3,0,0,0,1,0,0,0,0,0,0,0,0,0,0,0,0,0,0,2,0,0,0,6,71,37,2,0,0,28
4,0,0,0,76,0,0,0,5,0,0,0,378,25,35,0,29,0,223,8,140,0,0,0,0,0,261,62,18,0,51,0,20,0,67,0,75,0,0,0,76,12,84,0,149,0,85,51,15,2,0,0,3,0,0,0,6,0,14,0,0,0,5,0,3,0,0,0,0,0,0,0,0,0,0,0,0,0,0,0,0,0,0,0,0,0,0,0,0,0,0,0,0,0,0,0,0,0,0,0,0,0,0,0,0,0,0,0,0,0,0,0,0,0,0,0,0,0,0,0,0,0,0,0,7,0,0,0,0,0,0,0,0,0,0,0,0,0,0,0,0,0,0,0,0,0,0,0,0,0,0,0,0,0,0,0,0,0,0,0,6,0,6,0,115,0,60,0,53,0,13,0,32,0,0,0,0,9,0,0,0,0,13,0,0,0,47,6,0,0,0,0,0,0,0,0,0,0,0,0,0,0,0,0,0,0,0,0,0,0,40,140,169,19,19,0,0,4,0,0,0,0,0,0,0
0,0,1,0,0,0,0,0,0,0,0,19,0,589,0,0,0,7,19,233,0,92,0,0,0,0,0,364,0,34,0,59,0,18,0,67,0,51,0,0,0,53,0,130,2,79,0,53,0,6,0,0,0,1,0,8,0,15,0,0,0,5,0,4,0,0,0,0,0,0,0,3,0,0,0,0,0,2,0,2,0,0,0,7,0,0,0,34,0,0,0,0,0,0,0,0,0,0,0,0,0,10,0,0,0,0,0,0,0,0,0,0,0,0,0,0,0,0,0,0,0,29,0,7,0,0,0,0,0,0,0,0,0,0,0,0,0,0,0,0,0,0,0,39,0,65,0,0,0,0,0,0,0,0,0,0,0,0,0,0,0,0,0,2,0,52,0,20,0,78,0,25,0,52,0,0,0,12,0,0,0,0,0,0,0,0,0,68,0,0,0,0,0,0,0,6,0,0,0,0,0,6,0,0,0,0,0,0,0,0,0,0,2,0,21,0,0,0,41,107,145,7,0,1,0
0,2,0,0,0,0,15,13,16,27,0,0,0,0,7,0,67,0,3,0,8,0,21,0,82,6,0,0,1,0,0,0,4,0,1,0,0,0,5,1,0,0,0,0,9,0,0,0,6,0,3,0,0,11,46,47,124,6,99,43,68,0,32,11,0,0,14,52,0,0,0,0,0,0,0,0,0,0,0,0,0,0,0,0,38,0,0,0,0,0,0,0,0,0,0,0,0,0,0,0,0,0,0,0,0,0,0,0,0,0,0,0,0,0,0,0,0,0,0,0,0,0,5,0,0,0,0,0,49,0,2,0,37,0,35,0,193,0,176,0,54,0,95,0,24,0,0,0,0,0,2,0,0,0,149,0,97,0,51,0,7,0,13,0,0,0,3,0,7,0,92,0,18,0,0,0,0,2,0,0,0,0,0,0,0,0,0,0,0,0,0,0,0,0,0,0,0,0,0,0,17,0,0,0,0,0,0,0,0,0,200,319,148,178,301,0,68,6,0,0,1,0,0,0,0
0,5,0,0,0,0,0,0,18,38,0,0,0,0,0,0,0,129,0,0,0,40,0,53,0,18,0,0,0,23,0,6,0,9,0,0,0,7,0,28,0,0,0,0,0,0,0,0,0,0,0,1,11,0,9,69,16,110,59,55,0,54,0,98,0,0,57,10,0,0,0,0,0,0,0,0,0,0,0,0,0,0,0,0,0,25,0,0,0,0,0,0,0,0,0,0,0,0,0,13,0,0,0,0,0,0,0,0,0,0,0,0,0,0,0,0,0,0,0,0,0,0,0,0,0,0,0,0,0,13,0,1,0,17,0,3,0,12,0,89,0,25,0,20,0,13,0,0,0,0,0,0,0,0,0,157,0,52,1,46,3,8,0,0,0,0,0,0,0,0,0,11,0,0,0,0,0,6,0,0,0,0,0,0,4,8,0,0,0,0,0,0,0,0,0,0,0,0,0,0,0,0,0,0,0,0,0,0,0,0,0,0,0,0,95,0,0,0,111,128,55,79,0,23,0
0,0,14,1,0,1,41,0,8,143,0,0,0,0,11,0,18,14,0,0,0,0,20,0,80,59,0,0,0,0,0,0,0,0,0,0,0,0,3,0,0,0,0,0,0,0,0,0,8,0,0,0,46,9,0,65,30,0,13,26,30,0,121,22,2,0,21,55,0,0,1,0,0,0,0,0,0,0,0,0,0,0,0,0,0,0,0,0,0,0,0,0,0,0,0,0,0,0,0,0,0,0,0,0,0,0,0,0,0,0,0,0,0,0,0,0,0,0,0,0,0,0,0,0,13,0,0,0,18,0,11,0,45,0,45,0,55,0,4,0,0,0,0,0,0,0,4,0,0,1,2,0,0,0,23,0,6,0,0,0,47,0,3,0,0,0,3,0,11,0,210,0,29,0,0,0,0,0,0,0,0,0,0,0,0,0,0,0,0,0,0,0,0,0,0,0,0,0,0,0,0,0,0,0,0,0,0,0,12,0,253,111,200,265,421,0,107,16,5,0,0,0,0,0,0
0,13,0,30,0,2,0,103,227,66,0,0,0,2,0,52,0,13,0,10,0,19,0,28,0,185,0,8,0,21,0,0,0,0,0,4,0,0,0,31,0,0,0,4,0,0,0,0,0,1,0,8,47,69,65,0,32,70,173,36,0,40,12,104,5,0,179,4,0,0,0,0,0,0,0,0,0,0,0,0,0,0,0,0,0,18,0,0,0,7,0,0,0,0,0,0,0,0,0,0,0,0,0,0,0,0,0,0,0,0,0,0,0,0,0,0,0,0,0,0,0,0,0,0,0,2,0,9,0,16,0,0,0,11,0,87,0,76,0,41,0,9,0,46,0,0,0,0,0,0,0,0,0,0,2,78,0,14,0,25,0,6,0,10,0,5,0,0,0,37,0,139,0,132,0,0,0,10,0,0,0,0,0,0,9,2,0,0,0,0,0,0,0,0,0,0,0,0,0,0,0,9,0,0,0,0,0,0,0,0,0,0,0,0,299,0,0,1,221,134,249,240,3,118,4
2,0,3,0,0,0,14,0,3,0,0,0,0,0,2,0,5,0,0,0,7,0,0,0,17,0,0,0,0,0,0,0,0,0,0,0,3,0,0,0,0,0,0,0,12,0,0,0,16,0,6,0,124,16,30,32,0,12,100,111,12,1,7,0,18,54,14,159,0,0,0,0,0,0,2,0,2,0,0,0,0,0,0,0,0,0,0,0,0,0,0,0,0,0,0,0,0,0,0,0,0,0,0,0,0,0,0,0,0,0,0,0,0,0,0,0,0,0,0,0,0,0,0,0,28,0,30,0,36,0,34,0,22,0,48,0,27,0,10,0,0,0,0,0,15,6,12,0,4,0,0,0,0,0,176,12,110,0,59,29,217,0,35,0,0,0,0,0,24,0,239,0,23,0,0,0,0,0,0,0,0,0,0,0,14,5,0,0,0,0,0,0,0,0,0,0,0,0,0,0,0,0,0,0,0,0,0,0,29,0,393,254,331,499,980,9,305,0,0,0,1,0,0,0,0
0,11,0,0,0,5,0,6,3,15,0,1,0,0,0,0,0,19,0,4,0,11,0,9,0,59,0,0,0,4,0,0,0,3,0,0,0,0,0,0,0,1,0,0,0,0,0,0,0,4,0,15,6,110,0,70,12,0,42,78,0,28,1,27,34,1,47,19,0,1,0,0,0,0,0,0,0,0,0,0,0,0,0,0,0,0,0,0,0,0,0,0,0,0,0,0,0,0,0,0,0,0,0,0,0,0,0,0,0,0,0,0,0,0,0,0,0,0,0,0,0,0,0,0,0,28,0,18,0,26,0,18,0,33,0,29,0,59,0,64,0,0,0,0,0,4,0,0,0,2,0,0,0,0,0,148,0,44,0,152,0,54,0,24,0,6,0,0,0,60,0,326,0,50,0,0,0,0,0,0,0,0,0,0,0,0,0,0,0,0,0,0,0,0,0,0,0,0,0,3,0,0,0,0,0,0,0,0,0,16,0,0,0,0,516,0,0,0,296,75,487,445,25,145,10
0,0,0,0,0,0,2,0,53,124,0,0,1,0,2,0,3,0,0,0,6,0,0,0,4,32,0,0,0,0,0,0,0,0,0,0,10,0,6,0,0,0,0,0,0,0,0,0,13,0,14,0,99,59,13,173,100,42,0,342,75,5,54,45,67,60,143,490,0,0,0,0,0,0,0,0,1,0,0,0,0,0,0,0,0,0,0,0,0,0,0,0,0,0,0,0,0,0,0,0,0,0,0,0,0,0,0,0,0,0,0,0,0,0,0,0,0,0,0,0,0,0,0,0,0,0,7,0,0,0,24,0,10,0,0,0,10,0,2,0,0,0,0,0,0,2,3,0,0,0,0,0,0,0,73,19,108,0,7,0,60,0,0,0,3,0,0,0,29,0,233,0,31,0,0,0,48,7,0,0,0,0,0,0,88,15,0,0,0,0,0,0,0,0,0,0,1,0,0,0,0,0,0,0,0,0,0,0,0,0,609,474,281,298,814,0,159,8,0,2,0,0,0,0,0
0,7,0,6,0,0,0,6,31,18,0,0,0,3,0,8,0,0,0,0,0,0,0,0,0,5,0,0,0,0,0,1,0,0,0,0,0,0,0,20,0,0,0,0,0,0,0,0,0,3,0,0,43,55,26,36,111,78,342,0,0,116,0,44,110,63,278,116,0,2,0,0,0,0,0,0,0,0,0,0,0,0,0,0,0,0,0,0,0,0,0,0,0,0,0,0,0,0,0,0,0,0,0,0,0,0,0,0,0,0,0,0,0,0,0,0,0,0,0,0,0,0,0,0,0,22,0,13,0,2,0,13,0,0,0,0,0,57,22,7,0,0,0,1,18,56,0,0,0,3,1,0,0,0,43,58,0,215,6,27,57,47,0,19,0,5,0,4,0,43,0,86,0,44,0,6,16,0,0,0,0,0,0,0,67,27,0,0,0,0,0,0,0,0,0,0,0,0,0,0,0,0,0,0,0,0,0,0,0,18,0,0,0,0,976,0,0,0,703,351,416,623,40,209,0
0,0,0,0,0,0,158,0,218,0,0,0,0,0,0,0,9,0,0,0,3,0,0,0,9,0,0,0,1,0,0,0,5,0,0,0,0,0,34,0,0,0,4,0,2,0,0,0,7,0,0,0,68,0,30,0,12,0,75,0,0,0,42,0,0,0,17,0,0,0,8,0,0,0,2,0,0,0,0,0,0,0,0,0,0,0,0,0,0,0,0,0,0,0,0,0,0,0,0,0,0,0,0,0,0,0,0,0,0,0,0,0,0,0,0,0,0,0,0,0,2,0,6,0,0,0,0,0,0,0,0,0,0,0,0,0,33,0,263,0,121,0,85,0,218,0,0,0,0,0,0,0,0,0,34,1,93,0,0,0,0,0,0,0,0,0,2,0,6,0,127,1,54,0,0,0,3,0,0,0,0,0,0,0,0,0,0,0,0,0,0,0,0,0,0,0,0,0,0,0,0,0,0,0,0,0,0,0,0,0,101,169,59,111,137,0,45,0,0,0,0,0,0,0,1
0,31,0,0,0,0,0,74,18,192,0,0,0,0,0,2,0,0,0,6,0,11,0,0,0,13,0,0,0,0,0,0,0,51,0,4,0,56,0,53,0,0,0,6,0,4,0,0,0,0,0,5,0,54,0,40,1,28,5,116,0,0,0,29,0,0,0,26,0,0,0,0,0,0,0,0,0,0,0,0,0,0,0,0,0,0,0,0,0,1,0,0,0,0,0,1,0,0,0,0,0,0,0,0,0,0,0,0,0,0,0,0,0,0,0,0,0,0,0,0,0,1,0,0,0,0,0,0,0,0,0,1,0,0,0,0,0,0,0,76,0,68,0,17,0,285,0,0,0,0,0,0,0,0,0,46,0,91,0,43,0,0,0,6,0,2,0,0,0,10,0,75,0,35,0,0,0,87,0,0,0,0,1,16,0,7,0,0,0,0,0,0,0,0,0,0,0,0,0,0,0,0,0,0,0,0,0,0,0,0,0,0,0,0,61,0,0,0,85,141,82,70,0,37,0
34,15,25,0,0,0,429,18,269,45,0,0,0,0,26,7,303,14,0,0,47,2,32,12,91,26,19,0,8,0,10,0,12,0,0,0,8,0,57,2,0,0,9,0,41,0,0,0,4,0,5,0,32,0,121,12,7,1,54,0,42,0,0,6,0,0,6,4,0,0,8,0,0,0,0,0,0,0,0,0,0,0,0,0,130,0,0,0,0,0,0,0,0,0,0,0,0,0,0,0,0,0,0,0,0,0,0,0,0,0,0,0,0,0,0,0,0,0,0,0,0,0,60,0,0,0,0,0,16,0,2,0,0,0,0,0,174,0,163,0,140,0,252,0,26,0,0,0,2,0,0,0,0,0,72,0,36,0,31,0,0,0,3,0,0,0,2,0,0,0,24,0,37,6,0,0,0,0,0,0,0,0,28,0,0,0,0,0,0,0,0,0,0,0,0,0,0,0,0,0,0,0,0,0,0,0,0,0,0,0,84,223,62,64,111,0,12,1,0,0,0,0,0,0,0
0,7,0,0,0,0,12,43,82,180,0,0,0,0,0,10,0,185,0,11,0,91,0,106,1,21,0,0,0,66,0,10,0,17,0,0,0,14,0,62,0,0,0,6,0,13,0,0,0,0,0,4,11,98,22,104,0,27,45,44,0,29,6,0,0,0,21,22,0,1,0,0,0,0,0,0,0,0,0,0,0,0,0,0,0,32,0,0,0,0,0,0,0,0,0,0,0,0,0,0,0,0,0,0,0,0,0,0,0,0,0,0,0,0,0,0,0,0,0,0,0,0,0,3,0,0,0,0,0,3,0,0,0,0,0,0,0,0,0,39,0,14,0,21,0,25,0,0,0,0,0,0,0,0,0,29,0,27,0,18,0,0,0,0,0,1,0,0,0,3,0,24,0,21,0,0,0,27,0,0,0,0,2,0,0,7,0,0,0,0,0,0,0,0,0,0,0,0,0,0,0,0,0,0,0,0,0,0,0,0,0,0,0,0,80,0,0,0,102,158,35,41,0,19,0
11,0,4,0,4,0,4,0,79,1,4,0,0,0,0,0,0,0,0,0,0,0,0,0,0,0,0,0,0,0,0,0,0,0,0,0,0,0,0,0,0,0,2,0,0,0,0,0,0,0,3,0,0,0,2,5,18,34,67,110,0,0,0,0,0,104,77,41,0,0,0,0,0,0,0,0,0,0,0,0,0,0,0,0,0,0,0,0,0,0,0,0,0,0,0,0,0,0,0,0,0,0,0,0,0,0,0,0,0,0,0,0,0,0,0,0,0,0,0,0,0,0,0,0,26,0,4,0,0,3,27,0,0,0,16,0,0,0,6,33,0,0,0,0,33,19,27,0,8,5,0,0,3,0,1,22,20,2,1,70,339,126,4,0,0,0,0,0,0,0,1,0,0,0,1,0,1,0,0,0,14,8,0,0,232,17,0,0,0,0,0,0,0,0,0,0,0,0,10,0,0,0,0,0,0,0,0,0,0,0,26,39,0,0,44,0,0,0,0,0,0,0,0,0,0
0,20,0,0,0,2,0,0,0,117,0,6,0,0,0,0,0,0,0,7,0,0,0,0,0,0,0,0,0,0,0,0,0,0,0,0,0,0,0,0,0,0,0,0,0,0,0,0,0,0,0,0,0,0,0,0,54,1,60,63,0,0,0,0,104,0,37,294,0,0,0,3,1,0,0,0,0,0,0,0,0,0,0,0,0,0,0,0,0,0,0,0,0,0,0,0,0,0,0,0,0,0,0,0,0,0,0,0,0,0,0,0,0,0,0,0,0,0,0,0,0,0,0,0,0,39,0,14,68,0,155,110,0,0,0,21,0,19,30,10,6,12,0,0,19,38,0,28,34,165,0,43,0,25,6,0,2,13,20,0,156,294,0,2,0,0,0,0,0,0,0,2,0,0,0,23,4,0,0,8,11,40,0,0,92,97,0,0,0,0,0,0,0,0,0,0,0,6,0,0,0,41,0,0,0,0,0,5,0,17,0,0,0,0,60,0,0,0,38,8,23,0,0,0,0
35,0,13,0,0,0,5,9,267,91,0,0,0,0,0,0,0,0,5,0,1,0,0,0,0,9,0,0,0,0,0,0,0,0,0,0,0,0,0,0,0,0,0,0,0,0,0,0,0,0,0,0,14,57,21,179,14,47,143,278,17,0,6,21,77,37,0,313,0,0,0,0,0,0,0,0,0,0,0,0,0,0,0,0,0,0,0,0,0,0,0,0,0,0,0,0,0,0,0,0,0,0,0,0,0,0,0,0,0,0,0,0,0,0,0,0,0,0,0,0,0,0,0,0,8,0,0,0,0,0,26,0,0,0,0,0,0,0,0,0,0,0,0,0,0,0,7,0,13,0,0,0,0,0,0,16,14,0,0,11,44,0,0,0,0,0,7,0,4,0,33,0,5,0,0,0,152,7,0,0,0,0,2,0,409,5,0,0,0,0,0,0,0,0,0,0,0,0,0,0,0,0,0,0,0,0,0,0,0,0,58,105,30,0,51,0,0,0,0,0,0,0,0,0,0
0,8,0,0,0,0,0,0,84,78,0,1,0,0,0,0,0,0,0,1,0,0,0,0,0,0,0,0,0,0,0,0,0,0,0,0,0,0,0,8,0,0,0,1,0,0,0,0,0,0,0,0,52,10,55,4,159,19,490,116,0,26,4,22,41,294,313,0,0,0,0,0,0,0,0,0,0,0,0,0,0,0,0,0,0,0,0,0,0,0,0,0,0,0,0,0,0,0,0,0,0,0,0,0,0,0,0,0,0,0,0,0,0,0,0,0,0,0,0,0,0,0,0,0,0,21,0,0,0,0,0,28,0,0,0,0,0,8,9,0,0,0,0,0,0,23,0,4,0,55,0,4,0,0,32,8,10,51,14,3,59,46,0,0,0,0,0,1,0,0,0,47,0,15,0,20,31,46,0,0,0,0,0,0,67,212,0,0,0,0,0,0,0,0,0,0,0,0,0,1,0,3,0,0,0,0,0,0,0,11,0,1,0,0,170,0,0,0,111,147,58,0,3,46,0
0,0,0,0,0,0,0,0,0,0,0,0,0,0,0,0,0,0,0,0,0,0,0,0,0,0,0,0,0,0,0,0,0,0,0,0,0,0,0,0,0,0,0,0,0,0,0,0,10,0,0,0,0,0,0,0,0,0,0,0,0,0,0,0,0,0,0,0,0,0,0,0,6,0,0,0,210,0,55,0,23,0,110,0,0,0,56,0,38,0,23,0,11,0,32,0,0,0,36,0,30,0,117,0,80,0,53,0,106,0,4,0,0,0,5,0,16,0,0,0,0,0,0,0,15,0,0,0,0,0,0,0,0,0,0,0,0,0,0,0,7,0,0,0,0,0,0,0,0,0,0,0,0,0,0,0,0,0,0,0,0,0,4,0,13,0,0,0,65,0,4,0,0,0,0,0,0,0,0,0,0,2,0,0,0,0,0,0,0,0,0,0,0,0,0,0,0,0,0,0,0,0,0,0,149,0,0,0,0,0,75,5,113,0,34,203,197,2,0,0,0,0,0,0,0
0,0,0,0,0,0,0,1,0,0,0,0,0,0,0,0,0,0,0,1,0,0,0,0,0,0,0,0,0,0,0,0,0,0,0,0,0,0,0,0,0,0,0,0,0,6,0,0,0,1,0,0,0,0,0,0,0,1,0,2,0,0,0,1,0,0,0,0,0,0,0,0,0,2,0,0,0,98,0,0,0,0,0,14,0,0,0,0,0,20,0,0,0,31,0,27,0,0,0,0,0,0,0,80,0,2,0,0,0,16,0,3,0,11,0,0,0,13,0,0,0,0,0,0,0,0,0,0,0,0,0,0,0,0,0,0,0,0,0,0,0,0,0,0,0,0,0,0,0,0,0,3,0,0,0,0,0,0,0,0,0,2,0,0,0,19,0,0,0,53,0,6,0,1,0,0,0,0,0,0,0,0,0,0,0,0,0,2,0,0,0,0,0,0,0,0,0,0,0,14,0,0,0,0,0,0,0,0,0,0,0,0,0,0,5,0,0,0,6,2,41,0,23,124,0
0,0,0,0,0,0,0,0,0,0,0,0,0,0,4,0,39,0,0,0,47,0,0,0,0,0,0,0,19,0,15,0,0,0,9,0,11,0,12,0,0,0,0,0,50,0,0,0,4,0,0,0,0,0,1,0,0,0,0,0,8,0,8,0,0,0,0,0,0,0,0,0,183,0,164,0,2,0,49,0,2,0,1,0,0,0,43,0,0,0,0,0,0,0,0,0,0,0,0,0,0,0,0,0,0,0,0,0,0,0,0,0,0,0,0,0,0,0,0,0,72,0,9,0,24,0,5,0,6,0,9,0,35,0,0,0,60,0,4,0,46,0,62,0,52,0,9,0,1,0,7,0,26,0,0,0,6,0,0,0,0,3,74,0,0,0,3,0,41,0,15,0,24,0,2,0,0,0,0,0,5,0,0,0,1,0,0,0,0,0,0,0,0,0,0,0,0,0,0,0,0,0,0,0,0,0,0,0,0,0,6,0,48,0,0,0,3,0,0,0,0,0,0,0,0
0,0,0,0,0,0,0,0,0,0,0,0,0,0,0,8,0,0,0,0,0,17,0,0,0,0,0,0,0,0,0,0,0,0,0,0,0,6,0,0,0,0,0,0,0,16,0,0,0,0,0,3,0,0,0,0,0,0,0,0,0,0,0,0,0,3,0,0,0,0,0,0,0,124,0,356,0,0,0,9,0,0,0,0,0,6,0,36,0,0,0,0,0,1,0,0,0,0,0,0,0,0,0,0,0,0,0,0,0,0,0,0,0,0,0,0,0,0,0,0,0,9,0,23,0,75,0,18,0,14,4,44,0,54,0,0,0,35,0,23,1,91,0,0,0,78,0,22,0,45,0,0,0,22,0,0,0,4,0,0,1,0,0,49,0,0,0,0,0,20,0,10,0,12,0,6,0,0,0,0,0,28,0,0,0,0,0,0,0,0,0,0,0,0,0,0,0,0,0,0,0,0,0,0,0,0,0,0,0,0,0,0,0,0,0,0,0,0,6,3,38,3,0,0,0
0,0,0,0,0,0,0,0,0,0,0,0,0,0,0,0,0,0,0,0,0,0,0,0,0,0,0,0,0,0,0,0,0,0,0,0,0,0,6,0,0,0,0,0,0,0,0,0,0,0,0,0,0,0,0,0,0,0,0,0,0,0,0,0,0,1,0,0,6,0,183,0,0,0,134,0,25,0,98,0,8,0,3,0,30,0,15,0,0,0,0,0,0,0,0,0,6,0,3,0,0,0,0,0,0,0,0,0,1,0,0,0,0,0,0,0,0,0,0,0,31,0,68,0,21,0,0,0,5,0,2,0,31,0,69,0,74,0,0,0,46,0,133,0,42,0,0,0,0,0,0,0,0,0,0,0,0,0,0,0,0,0,90,0,6,0,0,0,5,0,5,0,3,0,0,0,0,0,0,0,0,0,0,0,0,0,0,0,0,0,0,0,0,0,0,0,0,0,71,0,33,0,0,0,0,0,0,0,0,0,129,2,21,0,17,1,4,0,0,0,0,0,0,0,0
0,0,0,0,0,0,0,0,0,0,0,0,0,0,0,8,0,0,0,0,0,0,0,5,0,0,0,0,0,0,0,0,0,0,0,0,0,0,0,0,0,0,0,0,0,0,0,0,0,0,0,0,0,0,0,0,0,0,0,0,0,0,0,0,0,0,0,0,0,2,0,124,0,0,0,611,0,56,0,60,0,11,0,10,0,28,0,163,0,0,0,0,0,2,0,0,0,2,0,0,0,1,0,1,0,0,0,0,0,0,0,0,0,0,0,0,0,0,0,0,0,29,0,45,0,120,0,56,5,17,0,52,0,67,0,86,0,75,0,33,10,72,0,11,0,53,0,0,0,56,0,11,0,39,0,0,0,0,0,0,0,0,0,47,0,0,0,0,0,21,0,7,0,0,0,6,0,0,0,0,0,21,0,0,0,13,0,0,0,0,0,0,0,0,0,0,0,0,0,0,0,18,0,0,0,11,0,0,0,0,0,0,0,0,9,0,0,0,102,0,34,4,2,0,0
0,0,0,0,0,0,0,0,0,0,0,0,0,0,0,0,27,0,0,0,26,0,0,0,0,0,0,0,0,0,6,0,0,0,0,0,12,0,0,0,0,0,6,0,23,0,0,0,3,0,0,0,0,0,0,0,2,0,0,0,2,0,0,0,0,0,0,0,0,0,164,0,134,0,0,0,20,0,74,0,2,0,0,0,31,0,30,0,0,0,0,0,0,0,0,0,0,0,1,0,0,0,0,0,0,0,0,0,0,0,0,0,0,0,0,0,0,0,0,0,25,0,36,0,0,3,0,0,0,0,0,0,19,0,55,0,37,0,0,0,30,0,52,0,31,0,0,0,0,0,0,0,19,0,0,0,6,0,0,0,0,0,20,0,4,0,0,0,28,0,0,0,3,0,0,0,0,0,0,0,0,0,0,0,0,0,0,0,0,0,0,0,0,0,0,0,0,0,0,0,15,0,0,0,0,0,29,0,0,0,84,0,26,0,27,0,6,0,0,0,1,0,0,0,0
0,0,0,0,0,0,0,0,0,0,0,0,0,0,0,10,0,0,0,0,0,23,0,0,0,0,0,0,0,0,0,0,0,0,0,0,0,0,0,0,0,0,0,2,0,27,0,0,0,0,0,0,0,0,0,0,0,0,0,0,0,0,0,0,0,0,0,0,0,0,0,356,0,611,0,0,0,8,0,91,0,0,0,0,0,44,0,184,0,0,0,0,0,0,0,0,0,0,0,0,0,0,0,0,0,0,0,0,0,0,0,0,0,0,0,0,0,0,0,0,0,100,1,62,0,100,0,77,10,0,0,25,0,80,0,57,0,82,1,0,0,88,3,32,0,219,2,38,0,38,0,0,0,50,0,0,0,2,0,0,0,0,0,53,0,0,0,0,0,64,0,6,0,0,0,0,0,0,0,0,0,0,0,0,0,18,0,0,0,0,0,0,0,18,0,0,0,0,0,0,0,5,0,0,0,0,0,0,0,0,0,0,0,0,0,0,0,0,57,4,38,0,5,3,0
0,0,0,0,0,0,0,0,0,0,0,0,0,0,0,0,0,0,0,0,0,0,0,0,0,0,0,0,0,0,0,0,0,0,0,0,0,0,0,0,0,0,0,0,0,0,0,0,5,0,0,0,0,0,0,0,2,0,1,0,0,0,0,0,0,0,0,0,210,0,2,0,25,0,20,0,0,0,92,0,40,0,63,0,51,0,98,0,15,0,11,0,19,0,18,0,20,0,16,0,0,0,62,0,64,0,15,0,26,0,2,0,0,0,5,0,15,0,0,0,0,0,0,0,0,0,0,0,0,0,2,0,0,6,0,0,0,0,0,0,0,0,68,0,0,0,0,0,0,0,0,0,0,0,0,0,0,0,0,0,0,0,8,0,11,0,0,0,36,0,2,0,0,0,0,0,0,0,0,0,0,0,0,0,0,0,0,0,91,0,0,0,0,0,16,0,0,0,0,0,69,0,104,0,0,0,0,0,0,0,69,0,48,0,24,40,46,1,0,0,0,0,0,0,0
0,0,0,0,0,0,0,0,0,0,0,0,0,0,0,0,0,0,0,0,0,0,0,0,0,0,0,0,0,0,0,0,0,0,0,0,0,0,0,0,0,0,0,0,0,5,0,0,0,0,0,2,0,0,0,0,0,0,0,0,0,0,0,0,0,0,0,0,0,98,0,0,0,56,0,8,0,0,0,2,0,47,0,211,0,18,0,127,0,60,0,0,0,113,0,93,0,0,0,0,0,14,0,35,0,0,0,0,0,3,0,0,0,0,0,0,0,2,0,0,0,0,0,0,0,0,0,0,0,0,0,0,0,0,0,0,0,0,0,0,0,0,0,0,0,0,0,0,0,0,0,0,0,0,0,0,0,0,0,0,0,2,0,6,0,18,0,0,0,84,0,1,0,0,0,0,0,0,0,0,0,0,0,0,0,0,0,0,0,0,0,0,0,0,0,0,0,0,0,0,0,0,0,0,0,0,0,0,0,0,0,0,0,0,0,0,0,0,47,1,45,0,5,5,1
0,0,0,0,0,0,0,0,0,0,0,0,0,0,0,0,0,0,0,0,0,0,0,0,0,0,0,0,0,0,0,0,0,0,0,0,0,0,0,0,0,0,0,0,0,0,0,0,0,0,0,0,0,0,0,0,0,0,0,0,0,0,0,0,0,0,0,0,55,0,49,0,98,0,74,0,92,0,0,0,37,0,42,0,117,0,132,0,0,0,0,0,22,0,2,0,7,0,19,0,0,0,17,0,14,0,0,0,12,0,1,0,0,0,5,0,3,0,0,0,48,0,120,0,0,0,0,1,0,0,0,0,20,4,0,0,0,0,0,1,4,0,119,0,10,0,0,0,0,0,0,0,12,0,0,0,0,0,0,0,0,0,13,0,2,0,0,0,12,0,0,0,0,0,0,0,0,0,0,0,0,0,0,0,0,0,0,0,0,0,0,0,0,0,0,0,0,0,85,0,63,0,90,0,72,0,0,0,12,0,115,4,35,0,25,7,7,0,0,0,0,0,0,0,0
