0,625,72,251,47,32,38,122,51,55,75,39,51,0,18,39,92,43,10,0,10,0,62,44,2,81,41,0,43,0,11,0,68,0,3,0,44,4,175,12,41,2,2,0,0,0,8,0,3,0,0,0,0,0,0,0,3,0,4,0,28,5,12,4,17,0,3,0,0,0,0,0,0,0,0,0,0,0,0,0,0,0,0,0,0,0,0,0,0,0,0,0,0,0,0,0,0,0,0,2,0,0,0,0,0,0,0,0,0,0,0,0,0,0,0,0,0,0,0,0,0,0,0,0,0,0,2,0,0,0,2,0,0,0,5,0,0,0,0,0,0,0,0,0,0,0,40,0,31,0,54,0,52,0,0,0,0,0,0,0,4,0,0,0,0,0,7,0,4,0,1,0,100,6,5,0,85,68,0,0,38,0,51,22,28,0,0,0,0,0,0,0,0,0,0,0,0,0,6,0,0,0,0,0,0,0,0,0,21,0,0,0,1,0,66,1,0,0,2,1,202,8,8,0,5,1,240,27,186,5,62,0,131,10,25,0,16,0,55,0,55,0,105,0,253,0,0,0,0
625,0,437,126,125,208,163,62,181,101,64,213,4,136,16,17,140,38,4,44,25,2,432,37,145,15,0,73,8,26,0,0,0,130,0,10,0,220,29,295,0,62,0,0,0,0,0,43,0,4,0,6,0,5,0,16,0,4,0,2,0,175,0,33,0,50,0,4,0,0,0,0,0,0,0,0,0,0,0,0,0,0,0,0,0,0,0,2,0,0,0,1,0,0,0,0,0,0,0,0,0,0,0,0,0,0,0,22,0,0,0,0,0,0,0,0,0,0,0,0,0,0,0,0,0,4,0,7,0,0,0,5,0,0,2,65,0,25,0,0,0,0,0,0,0,6,1,32,0,47,1,68,0,97,0,3,0,0,0,0,0,0,0,0,0,2,0,8,0,5,0,3,4,126,0,36,35,200,0,7,0,75,4,55,0,44,0,53,0,0,0,0,0,0,0,0,0,6,0,35,0,10,0,0,0,0,0,17,0,14,0,0,0,0,4,96,0,9,0,8,15,445,0,0,0,24,17,240,15,258,2,86,3,411,0,65,1,11,2,143,0,40,0,55,8,224,0,0,0
72,437,0,151,132,61,39,18,10,7,20,126,180,0,267,79,20,34,107,0,65,0,829,52,111,45,176,0,82,0,17,0,124,0,6,0,84,8,358,11,124,0,0,0,3,0,14,0,2,0,10,0,0,0,22,0,6,0,11,0,30,0,0,1,13,0,1,0,0,0,0,0,0,0,0,0,0,0,0,0,0,0,0,0,0,0,0,0,0,0,0,0,0,0,0,0,0,0,0,0,0,0,1,0,0,0,0,0,0,0,0,0,0,0,0,0,0,0,0,0,0,0,0,0,16,0,7,0,0,0,14,0,11,0,153,0,17,0,0,0,0,0,30,0,0,0,55,0,18,1,51,1,18,0,1,0,0,0,0,0,10,0,0,0,0,0,51,0,22,0,0,0,179,0,0,0,10,37,0,2,3,0,3,0,0,0,0,0,0,0,0,0,0,0,0,0,0,0,10,0,36,0,0,0,0,0,0,0,93,0,0,0,0,0,57,3,0,0,0,0,280,16,14,0,13,0,177,15,304,6,61,0,145,10,0,2,15,0,40,0,35,0,97,0,235,0,0,0,0
251,126,151,0,105,244,24,61,14,7,96,7,8,26,53,208,44,66,0,90,23,16,230,262,32,203,0,53,0,106,0,26,0,344,0,6,0,459,12,389,0,0,0,0,0,4,0,0,0,0,0,0,0,0,0,142,3,15,0,6,1,64,0,3,0,7,0,4,0,0,0,0,0,0,0,0,0,0,0,0,0,0,0,0,0,0,0,9,0,0,0,0,0,0,0,0,0,12,0,0,0,0,0,17,0,0,0,63,0,0,0,0,0,0,0,0,0,0,0,0,0,0,0,0,0,0,0,3,0,1,0,0,0,0,0,113,0,42,0,0,0,15,0,32,0,0,0,0,0,3,0,17,0,4,0,0,0,0,0,0,0,0,0,0,0,4,0,11,0,7,0,0,2,98,0,0,5,18,0,0,2,9,0,4,0,7,0,0,0,0,0,0,0,5,0,0,0,5,0,30,0,26,0,0,0,0,0,0,0,16,0,3,0,0,0,34,0,2,0,0,0,394,0,0,0,6,6,181,0,286,0,47,1,199,0,31,0,10,0,61,0,13,0,16,0,107,0,0,0
47,125,132,105,0,373,13,0,4,0,69,429,431,89,185,291,5,13,119,66,61,21,139,85,9,0,222,31,3,0,58,20,114,0,78,9,285,23,75,0,165,0,4,0,0,0,13,0,5,0,66,0,0,0,0,0,8,0,3,0,0,0,0,0,8,0,3,0,0,0,0,0,0,0,0,0,0,0,0,0,0,0,0,0,0,0,0,0,0,0,0,0,0,0,0,0,0,0,0,0,0,0,0,0,4,0,0,0,0,0,0,0,0,0,0,0,0,0,0,0,0,0,0,0,0,0,5,0,0,0,0,0,0,0,18,0,0,0,0,0,1,0,0,0,0,0,13,0,7,0,36,0,40,0,0,0,0,0,2,0,5,0,0,0,0,0,117,0,32,0,0,0,103,0,5,0,48,99,13,18,30,0,8,0,7,0,1,14,0,0,0,0,0,0,0,0,0,0,0,0,0,0,0,0,0,0,5,0,10,0,0,0,0,0,45,4,0,0,2,6,450,51,17,0,99,3,267,37,381,28,174,0,0,17,17,3,32,0,57,0,45,0,113,2,336,9,0,0,0
32,208,61,244,373,0,0,10,0,16,247,255,338,218,371,147,0,14,202,135,83,31,60,144,0,10,81,175,0,24,0,158,2,201,7,95,15,338,0,0,15,93,0,27,0,0,0,124,2,3,16,29,0,0,0,13,0,4,0,0,0,8,0,4,0,12,0,0,0,0,0,0,0,0,0,0,0,0,0,0,0,0,0,0,0,0,0,0,0,0,0,4,0,0,0,0,0,0,0,0,0,0,0,0,0,0,0,20,0,0,0,0,0,0,0,0,0,0,0,0,0,0,0,0,0,0,0,0,0,0,0,0,0,0,0,34,0,15,0,0,0,0,0,0,0,6,0,0,0,9,0,7,0,17,0,0,0,0,0,0,0,0,0,2,0,6,4,51,0,15,0,2,0,82,0,0,41,90,17,11,0,29,0,0,0,15,0,0,0,0,0,0,0,3,0,0,0,0,0,5,0,10,0,0,0,0,0,0,0,0,0,2,0,0,2,23,0,0,0,0,20,526,0,0,0,89,0,211,0,598,2,79,0,266,2,33,0,18,0,75,0,24,0,37,5,104,0,0,0
38,163,39,24,13,0,0,80,81,298,17,0,38,0,9,0,10,26,16,0,0,0,20,3,392,155,23,0,52,0,0,0,4,0,0,0,0,2,128,7,18,0,0,0,0,0,0,0,5,0,0,0,6,13,235,70,9,0,47,0,230,0,91,129,6,0,6,19,0,0,0,1,0,0,0,0,0,0,0,0,0,2,0,0,0,0,0,0,0,0,2,0,0,0,1,0,0,0,0,0,0,1,0,0,0,0,9,0,0,0,0,0,0,0,0,0,0,0,0,0,0,0,0,0,9,0,19,0,0,0,31,0,0,0,61,0,0,0,0,0,0,0,16,0,0,0,34,0,20,0,48,0,5,0,0,0,0,0,0,0,25,0,3,0,1,0,2,0,5,0,23,0,172,0,0,0,14,26,0,0,0,0,0,44,0,0,0,0,0,0,0,0,0,0,0,0,0,0,7,0,13,0,0,0,0,0,6,0,59,0,2,0,0,0,117,0,0,0,2,0,178,6,18,0,28,1,198,0,340,0,33,0,196,2,60,0,20,0,129,0,75,0,114,0,435,0,0,0,0
122,62,18,61,0,10,80,0,233,32,0,1,0,6,0,0,67,11,0,0,0,0,24,4,67,260,0,0,0,84,0,0,0,0,0,0,0,28,0,294,0,2,0,6,0,0,0,4,0,0,0,5,0,9,12,165,1,18,0,14,2,323,6,84,0,31,0,2,0,0,0,0,0,0,0,0,0,0,0,0,0,0,0,0,0,0,0,0,0,0,0,2,0,0,0,0,0,0,0,0,0,0,0,0,0,22,0,78,0,0,0,0,0,0,0,0,0,0,0,0,0,0,0,0,2,36,0,21,0,0,0,19,0,7,0,215,0,131,0,21,0,3,0,14,0,1,0,23,0,15,0,73,0,13,0,6,0,3,0,0,0,2,0,0,0,0,0,0,0,8,0,16,7,92,0,0,0,8,0,0,0,0,4,8,0,0,0,0,0,1,0,2,0,0,0,0,0,13,0,66,0,30,0,0,0,0,0,44,0,84,0,0,0,0,0,131,0,1,0,0,0,454,0,18,0,21,4,50,7,273,0,26,0,217,0,30,0,5,0,73,0,13,0,27,3,126,0,0,0
51,181,10,14,4,0,81,233,0,701,7,0,0,0,1,0,12,37,0,0,0,0,2,0,0,256,7,0,4,0,0,0,1,0,0,0,0,0,45,0,0,0,0,0,1,0,0,0,0,0,0,0,4,28,46,165,14,16,66,76,72,7,42,113,88,0,106,101,0,0,0,0,1,0,0,0,0,0,0,0,0,0,0,0,0,0,0,0,0,0,0,0,0,0,0,0,0,0,3,0,0,0,0,0,2,0,0,0,0,0,0,0,0,0,0,0,0,0,0,0,0,0,0,0,7,0,0,0,0,0,10,0,0,0,7,0,0,0,0,0,0,3,0,0,0,0,38,0,47,0,30,0,8,0,0,3,1,0,0,0,15,0,1,0,0,0,1,0,0,0,10,0,56,0,22,0,221,64,0,0,0,0,2,54,16,0,1,0,0,0,0,0,0,0,0,0,2,0,0,0,0,0,0,0,0,0,2,0,21,0,0,0,0,0,17,3,0,0,3,0,32,4,6,0,5,1,110,3,135,0,0,0,51,0,0,0,8,0,30,1,18,0,32,0,120,0,0,0,0
55,101,7,7,0,16,298,32,701,0,0,18,0,13,0,0,75,11,0,0,3,0,14,0,135,37,2,8,0,0,0,1,0,0,0,3,0,9,2,0,0,0,0,0,0,0,0,0,0,1,0,4,27,18,244,108,0,15,131,82,0,217,74,215,2,290,44,311,0,0,0,0,0,0,0,0,0,0,0,0,0,0,0,0,0,0,0,0,0,0,0,0,0,0,0,0,0,0,0,0,0,0,0,0,0,0,0,10,0,0,0,0,0,0,0,0,0,0,0,0,0,0,0,0,0,57,0,32,0,0,0,18,0,2,0,77,0,45,0,0,0,0,0,0,0,2,0,46,0,87,0,95,0,53,0,12,0,29,1,1,0,15,0,0,0,1,0,0,1,5,0,6,3,35,14,1,66,285,0,2,0,14,8,58,4,61,0,0,0,0,0,0,0,0,0,0,0,7,0,52,0,0,0,0,0,0,0,43,0,84,0,0,0,7,1,152,0,0,0,3,0,364,0,16,0,10,0,89,1,330,0,26,0,244,0,62,0,8,0,109,0,20,0,18,2,193,0,0,0
75,64,20,96,69,247,17,0,7,0,0,214,188,0,21,215,0,0,9,0,62,5,6,67,0,0,33,1,2,0,25,5,51,4,9,0,107,0,51,0,46,0,8,0,4,0,7,0,13,0,7,0,0,0,0,0,5,0,0,0,0,0,0,0,10,0,0,0,0,0,0,0,0,0,0,0,0,0,0,0,0,0,0,0,0,0,0,0,0,0,0,0,0,0,0,0,0,0,0,0,0,0,0,0,0,0,0,0,0,0,0,0,0,0,0,0,0,0,0,0,0,0,0,0,1,0,0,0,0,0,0,0,0,0,5,0,0,0,0,0,0,0,0,0,0,0,0,0,0,0,29,0,30,0,0,0,0,0,0,0,0,0,0,0,0,0,19,0,3,0,0,0,23,0,17,0,52,35,6,1,38,0,13,0,7,0,3,0,0,0,0,0,0,0,0,0,0,0,0,0,0,0,0,0,0,0,0,0,0,0,1,0,0,0,9,0,0,0,0,0,107,21,8,1,12,0,148,36,114,0,80,0,0,4,11,0,10,0,38,0,19,0,63,0,162,5,0,0,0
39,213,126,7,429,255,0,1,0,18,214,0,128,410,390,18,5,11,83,23,89,17,105,47,0,0,10,64,0,11,0,50,7,148,10,13,15,126,0,4,0,150,0,0,4,7,0,91,0,24,0,0,0,0,0,0,0,1,0,1,0,4,0,0,0,5,0,1,0,0,0,0,0,0,0,0,0,0,0,0,0,0,0,0,0,0,0,0,0,0,0,0,0,0,0,0,0,0,0,0,0,0,0,0,0,0,0,0,0,0,0,0,0,0,0,0,0,0,0,0,0,0,0,0,0,0,0,0,0,0,0,0,0,0,0,14,0,6,0,0,0,0,1,0,0,0,0,4,0,4,0,23,0,56,0,0,0,0,0,0,0,4,0,0,0,0,9,4,1,0,0,0,2,17,0,51,31,201,5,34,0,105,0,33,0,22,1,174,0,0,0,0,0,0,0,0,0,2,0,5,0,0,0,0,0,0,0,0,0,3,0,0,0,0,0,10,0,0,1,0,0,217,0,0,0,43,10,134,16,182,0,63,0,138,0,19,0,7,0,39,0,11,0,23,0,77,0,0,0
51,4,180,8,431,338,38,0,0,0,188,128,0,516,64,121,0,0,51,338,31,81,0,4,0,0,70,278,0,0,12,13,0,7,112,14,85,33,0,0,314,0,46,0,10,0,10,40,40,0,132,11,0,0,0,0,0,0,1,1,0,1,0,0,6,0,1,0,0,0,0,0,0,0,0,0,0,0,0,0,0,0,0,0,0,0,0,0,0,0,0,0,0,0,0,0,0,0,0,0,0,0,0,0,0,0,0,0,0,0,0,0,0,0,0,0,0,0,0,0,0,0,0,0,0,0,1,0,0,0,0,0,0,0,3,0,0,0,0,0,0,0,2,0,0,0,8,0,8,0,33,0,40,0,0,0,0,0,0,0,0,0,0,0,8,0,13,0,0,0,0,0,6,2,29,0,145,114,84,13,55,0,22,0,23,0,32,65,0,0,0,0,0,0,0,0,0,0,0,0,0,0,0,0,0,0,0,0,0,0,0,0,0,0,0,0,0,0,28,81,43,48,6,6,234,43,60,12,36,58,0,0,0,0,2,0,6,0,0,0,0,0,9,3,31,7,0,0,0
0,136,0,26,89,218,0,6,0,13,0,410,516,0,35,13,0,0,252,119,17,17,1,3,0,0,447,91,0,0,5,10,0,11,18,58,9,46,0,0,333,407,66,40,49,7,130,209,15,27,42,72,0,0,0,0,0,2,0,1,0,2,0,0,0,7,0,0,0,0,0,0,0,0,0,0,0,0,0,0,0,0,0,0,0,0,0,0,0,0,0,0,0,0,0,0,0,0,0,0,0,0,0,0,0,0,0,1,0,0,0,0,0,0,0,1,0,0,0,0,0,0,0,0,0,1,0,0,0,0,0,0,0,0,0,11,0,5,0,0,0,0,0,0,0,0,0,2,0,0,0,8,0,6,0,0,0,0,0,0,0,1,0,0,0,6,0,5,0,11,0,0,0,8,0,0,13,238,2,30,0,0,0,0,0,14,10,89,0,0,0,0,0,0,0,0,0,0,0,6,0,0,0,0,0,0,0,0,0,4,0,0,0,0,0,0,0,0,7,149,0,32,2,15,0,250,0,42,0,136,0,12,0,0,0,1,0,0,0,6,0,0,0,0,0,23,0,0,0
18,16,267,53,185,371,9,0,1,0,21,390,64,35,0,320,14,0,209,33,78,21,352,121,91,0,198,0,0,7,132,24,154,59,9,0,234,13,48,0,13,1,0,0,0,0,9,1,0,0,7,0,0,0,7,0,0,0,0,0,0,0,0,0,6,0,0,0,0,0,0,0,0,0,0,0,0,0,0,0,0,0,0,0,14,0,0,0,0,0,0,0,0,0,0,0,0,0,0,0,0,0,0,0,0,0,0,0,0,0,0,0,0,0,0,0,0,0,0,0,0,0,0,0,0,0,0,0,0,0,0,0,0,0,49,0,11,0,2,0,0,0,0,0,0,0,19,0,18,0,40,0,35,1,0,0,0,0,0,0,2,0,0,0,3,0,60,0,8,0,0,0,34,0,0,0,4,35,2,16,16,0,17,0,12,0,0,4,0,0,0,0,0,0,0,0,0,0,5,0,36,0,0,0,8,0,0,0,26,0,0,0,0,0,9,3,0,0,0,4,105,47,0,0,6,2,147,21,94,24,37,0,16,22,0,0,0,5,10,3,10,0,35,4,68,0,0,0,0
39,17,79,208,291,147,0,0,0,0,215,18,121,13,320,0,0,76,101,527,79,144,90,365,0,79,19,103,0,14,0,134,7,127,0,29,12,132,0,12,0,2,0,10,0,0,0,1,0,0,0,8,0,0,0,55,0,7,0,0,0,4,0,0,0,0,0,0,0,0,0,0,0,0,0,0,0,0,0,0,0,21,0,0,0,54,0,0,0,14,0,23,0,2,0,0,0,23,0,52,0,8,0,17,0,0,0,64,0,0,0,0,0,0,0,0,0,0,0,0,0,8,0,0,0,0,0,0,0,0,0,0,0,0,0,65,0,20,0,10,0,17,0,46,2,0,0,0,0,0,0,5,0,0,0,0,0,0,0,0,0,0,0,0,0,0,0,5,0,0,0,1,0,6,0,0,0,8,9,28,0,0,0,0,0,0,0,7,0,0,0,0,0,0,0,0,0,0,0,0,0,16,0,0,0,0,0,0,0,4,0,0,0,0,0,7,0,0,0,1,0,42,0,0,0,7,7,375,0,49,0,58,0,108,0,15,0,9,0,39,0,26,0,23,0,83,0,0,0
92,140,20,44,5,0,10,67,12,75,0,5,0,0,14,0,0,24,73,0,339,0,79,7,32,52,56,0,555,0,110,0,242,0,0,0,53,0,266,4,0,0,0,0,7,0,0,0,0,0,11,0,40,0,21,3,3,0,0,0,35,4,421,21,0,0,0,0,0,0,161,0,19,0,61,0,0,0,0,0,180,0,0,0,754,0,241,0,0,0,230,0,0,0,112,0,567,0,643,0,23,0,0,0,0,0,259,0,0,0,0,0,0,0,0,0,0,0,0,0,78,1,133,0,3,0,0,0,11,0,0,0,19,0,28,0,52,0,50,0,52,0,154,0,47,0,0,0,0,0,0,0,1,0,32,0,0,0,20,0,1,0,0,0,0,0,8,0,7,0,6,0,36,0,0,0,2,0,0,0,0,0,60,12,0,0,0,0,1,0,0,0,0,0,0,0,0,0,0,0,138,0,0,0,5,0,0,0,0,0,1,0,0,0,29,1,0,0,0,0,86,0,0,0,0,0,379,6,111,0,9,0,25,0,0,1,2,0,10,0,13,0,9,0,35,0,0,0,0
43,38,34,66,13,14,26,11,37,11,0,11,0,0,0,76,24,0,0,158,6,108,36,111,27,32,0,72,0,149,0,45,0,78,0,24,0,29,1,173,0,0,0,6,0,0,0,0,0,1,0,15,0,19,0,8,0,6,0,0,0,51,0,288,0,0,0,0,0,0,0,5,0,0,0,0,0,0,0,0,0,92,0,16,0,351,0,37,0,22,0,26,0,0,0,16,0,80,0,131,0,17,0,0,0,0,0,0,0,0,0,0,0,0,0,0,0,0,0,0,0,65,0,60,0,0,0,0,0,29,0,0,0,70,0,77,0,130,0,138,0,277,0,503,0,14,0,0,0,0,0,0,0,1,0,9,0,0,0,20,0,5,0,0,0,0,0,0,0,0,0,1,0,6,0,0,0,4,0,35,0,0,0,45,0,0,0,0,0,0,0,0,0,0,0,0,0,0,0,0,0,9,0,0,0,0,0,0,0,2,0,1,0,0,0,3,0,0,0,0,0,28,0,1,0,0,0,226,0,8,0,6,0,15,0,2,0,1,0,2,0,0,0,0,0,6,0,0,0
10,4,107,0,119,202,16,0,0,0,9,83,51,252,209,101,73,0,0,167,342,58,518,7,69,0,225,128,0,0,81,19,0,7,96,10,61,16,0,0,14,13,52,5,16,0,38,19,1,0,257,8,6,0,12,0,0,0,0,0,0,0,0,0,0,0,0,0,0,0,24,0,0,0,0,0,0,0,0,0,0,0,0,0,0,0,0,0,0,0,0,0,0,0,0,0,81,0,0,0,0,0,0,0,0,0,0,0,0,0,0,0,0,0,0,0,0,0,0,0,0,0,0,0,0,0,0,0,0,0,0,0,0,0,21,0,0,0,0,0,7,0,17,0,14,0,0,0,3,0,0,0,9,0,0,1,0,0,0,0,0,0,0,0,8,0,15,0,20,0,0,0,9,1,0,0,5,21,11,13,4,0,13,0,0,0,2,37,0,0,0,0,0,0,0,0,0,0,0,0,36,0,0,0,0,0,4,0,8,0,0,0,0,0,4,0,0,0,41,65,38,18,4,0,231,16,216,3,53,25,9,0,20,0,0,0,8,4,5,0,0,1,0,0,77,0,0,0,0
0,44,0,90,66,135,0,0,0,0,0,23,338,119,33,527,0,158,167,0,12,81,0,415,0,41,208,372,0,7,0,66,0,6,6,84,0,57,0,0,79,13,32,43,9,32,17,52,3,2,23,114,0,0,0,0,0,0,0,0,0,7,0,30,0,2,0,0,0,0,0,0,0,0,0,0,0,0,0,0,0,0,0,0,0,0,0,0,0,0,0,0,0,0,0,0,0,0,0,0,0,0,0,0,0,0,0,0,0,0,0,0,0,0,0,0,0,0,0,0,0,0,0,0,0,0,0,0,0,0,0,0,0,0,0,26,0,0,0,0,0,0,0,0,0,10,0,0,0,2,0,7,0,0,0,0,0,2,0,0,0,0,0,0,0,5,0,11,0,0,0,2,0,7,0,0,0,17,7,3,0,0,0,4,0,0,2,41,0,0,0,0,0,0,0,0,0,0,0,5,0,0,0,0,0,0,0,2,0,2,0,0,0,0,0,0,0,0,0,49,0,36,0,0,0,102,0,103,0,104,0,0,0,37,0,0,0,0,0,7,0,0,0,7,0,0,0,0,0
10,25,65,23,61,83,0,0,0,3,62,89,31,17,78,79,339,6,342,12,0,0,304,25,27,2,240,10,18,0,344,0,315,0,68,0,212,0,48,0,0,0,61,0,22,0,7,0,0,0,83,0,14,0,4,0,2,0,4,0,2,0,89,1,0,0,1,0,0,0,117,0,15,0,33,0,0,0,0,0,59,0,0,0,177,0,102,0,0,0,0,0,0,0,0,0,150,0,262,0,14,0,0,0,0,0,0,0,0,0,0,0,0,0,0,0,0,0,0,0,30,0,14,0,0,0,0,0,0,0,0,0,0,0,0,0,0,0,8,0,16,0,0,0,37,0,2,0,0,0,0,0,0,0,0,0,0,0,0,0,2,0,0,0,7,0,34,0,11,0,0,0,17,0,0,0,0,3,10,0,2,0,9,0,0,0,2,0,0,0,0,0,0,0,0,0,0,0,0,0,32,0,0,0,0,0,0,0,0,0,0,0,0,0,0,0,0,0,0,0,55,0,0,1,109,3,242,14,68,4,12,0,26,0,5,0,8,3,5,0,10,0,19,0,74,0,0,0,0
0,2,0,16,21,31,0,0,0,0,5,17,81,17,21,144,0,108,58,81,0,0,0,252,0,0,40,108,0,20,0,90,0,37,6,74,0,24,0,0,12,0,5,23,0,18,0,0,1,2,4,45,0,0,0,0,0,0,0,1,0,8,0,21,0,0,0,0,0,0,0,0,0,0,0,2,0,0,0,0,0,21,0,0,0,39,0,0,0,0,0,0,0,0,0,0,0,0,0,24,0,0,0,0,0,0,0,0,0,0,0,0,0,0,0,0,0,0,0,0,0,26,0,19,0,0,0,0,0,0,0,0,0,0,0,0,0,0,0,39,0,40,0,63,0,0,0,0,0,0,0,0,0,0,0,0,0,4,0,1,0,0,0,0,0,0,0,1,0,0,0,0,0,7,0,0,0,9,0,3,0,0,0,0,0,0,1,42,0,0,0,0,0,0,0,0,0,0,0,0,0,0,0,0,0,0,0,0,0,0,0,0,0,0,0,0,0,0,0,15,0,37,0,4,0,16,0,107,0,32,0,25,0,45,0,5,0,0,0,9,0,0,0,4,0,15,0,0,0
62,432,829,230,139,60,20,24,2,14,6,105,0,1,352,90,79,36,518,0,304,0,0,45,105,36,149,0,71,0,64,0,80,5,0,1,54,0,108,13,0,3,0,0,8,0,1,0,0,1,18,0,10,0,44,0,0,0,3,0,5,6,22,0,3,0,0,0,0,0,1,1,0,0,0,0,0,0,0,0,0,0,0,0,162,0,0,0,0,0,0,0,0,0,0,0,102,0,0,0,0,0,5,0,53,0,137,0,0,0,0,0,0,0,0,0,0,0,0,0,0,0,15,0,0,0,0,0,4,0,0,0,3,0,82,0,51,0,0,0,14,0,62,0,0,0,8,0,0,0,0,0,6,0,10,0,0,0,0,0,0,0,0,0,0,0,15,0,6,0,0,0,42,0,0,0,1,25,0,1,2,0,4,9,0,0,0,0,0,0,0,0,0,0,0,0,1,0,11,0,148,0,1,0,13,0,0,0,30,0,1,0,0,0,20,1,0,0,0,0,101,4,0,0,0,0,445,51,98,0,18,0,58,0,6,0,7,0,20,0,31,0,48,0,87,0,0,0,0
44,37,52,262,85,144,3,4,0,0,67,47,4,3,121,365,7,111,7,415,25,252,45,0,0,30,0,207,0,29,0,68,0,64,0,41,0,46,0,13,0,0,0,13,0,4,0,0,0,0,0,24,0,1,0,16,0,4,0,5,0,0,0,117,0,1,0,0,0,0,0,0,0,0,0,0,0,0,0,6,0,71,0,11,0,169,0,40,0,0,0,25,0,0,0,0,0,37,0,105,0,17,0,13,0,0,0,25,0,0,0,0,0,0,0,0,0,0,0,0,0,51,0,27,0,0,0,2,0,1,0,0,0,0,0,40,0,23,0,12,0,39,0,134,1,14,0,0,0,0,0,0,0,1,0,0,0,1,0,0,1,0,0,0,0,0,0,0,0,0,0,0,0,5,0,0,0,16,1,79,0,0,0,11,0,0,0,0,0,0,0,0,0,0,0,0,0,0,0,0,0,6,0,0,0,0,0,0,0,0,0,0,0,0,0,8,0,0,0,0,0,26,0,0,0,0,0,351,0,9,3,23,0,66,0,4,0,0,0,21,0,8,0,12,0,42,0,0,0
2,145,111,32,9,0,392,67,0,135,0,0,0,0,91,0,32,27,69,0,27,0,105,0,0,93,24,0,167,1,0,0,9,0,0,0,0,0,176,5,0,0,0,0,0,0,0,0,4,0,0,0,15,0,142,21,11,0,25,0,172,0,191,43,1,0,1,2,0,0,0,0,0,0,0,0,0,0,0,0,0,1,0,0,81,0,0,0,0,0,47,0,0,0,0,0,46,0,0,0,0,0,0,0,81,0,142,0,0,0,0,0,0,0,0,0,0,0,0,0,0,0,0,0,3,0,10,0,27,0,0,0,42,0,289,0,219,0,7,0,0,0,184,0,0,0,19,0,4,0,28,0,4,0,10,0,2,0,4,0,36,0,4,0,2,0,0,0,8,0,20,0,134,2,0,0,0,5,0,0,0,0,4,21,0,0,0,0,1,0,0,0,0,0,0,0,0,0,16,0,230,0,0,0,20,0,10,0,97,0,7,0,0,0,116,0,0,0,0,0,189,4,29,0,47,0,116,1,303,0,18,1,198,3,30,1,7,0,43,3,25,0,40,0,273,0,0,0,0
81,15,45,203,0,10,155,260,256,37,0,0,0,0,0,79,52,32,0,41,2,0,36,30,93,0,0,17,0,52,0,6,0,19,0,0,0,11,4,79,0,0,0,0,0,0,0,0,0,1,0,0,1,12,25,77,0,40,0,2,4,59,9,70,5,0,0,0,0,3,0,0,0,0,0,0,0,0,0,0,0,12,0,0,0,85,0,0,0,0,0,30,0,2,0,13,0,39,0,83,0,0,0,0,0,0,0,70,0,0,0,0,0,0,0,0,0,0,0,0,0,0,0,0,0,0,0,0,0,22,0,2,0,17,0,171,0,78,0,64,0,71,0,121,0,0,0,0,0,0,0,0,0,0,0,23,0,3,0,5,0,3,0,1,0,0,0,0,0,0,0,5,0,17,0,0,0,2,0,0,0,0,4,32,0,0,0,0,0,0,0,0,0,0,0,0,0,0,0,2,0,24,0,0,0,0,0,1,0,0,0,0,0,0,0,7,0,0,0,0,0,59,0,0,0,0,1,149,0,48,0,3,0,29,0,3,0,0,0,13,0,0,0,2,0,13,0,0,0
41,0,176,0,222,81,23,0,7,2,33,10,70,447,198,19,56,0,225,208,240,40,149,0,24,0,0,369,5,0,19,0,3,0,56,13,57,0,0,0,98,85,210,0,130,7,96,125,23,2,207,0,0,0,0,0,0,0,5,0,0,0,17,0,7,0,3,0,0,0,66,0,0,0,0,0,0,0,0,0,0,0,0,0,0,0,0,0,0,0,0,0,11,0,0,0,0,0,0,0,3,0,0,0,0,0,0,0,0,0,0,0,0,0,0,0,0,0,0,0,0,0,0,0,0,0,8,0,0,0,1,0,0,0,9,0,0,0,0,0,0,0,11,0,27,0,13,0,5,0,0,0,7,0,0,0,0,0,0,0,0,0,0,0,42,0,10,0,15,0,0,0,0,0,2,0,20,27,7,0,12,0,13,0,0,0,8,38,0,0,0,0,0,0,0,0,1,0,0,0,0,0,0,0,0,0,0,0,13,0,0,0,0,0,0,0,0,0,456,91,0,11,17,25,454,25,91,7,22,18,0,0,0,0,0,0,0,0,3,0,0,0,0,0,0,0,0,0,0
0,73,0,53,31,175,0,0,0,8,1,64,278,91,0,103,0,72,128,372,10,108,0,207,0,17,369,0,0,11,2,48,0,12,6,49,1,67,0,3,449,37,47,91,65,150,195,71,30,7,16,178,0,0,0,12,0,0,0,0,0,14,0,19,0,3,0,0,0,6,0,14,0,0,0,5,0,0,0,0,0,0,0,0,0,0,0,0,0,0,0,0,0,0,0,0,0,0,0,0,0,0,0,0,0,0,0,0,0,0,0,0,0,0,0,0,0,0,0,0,0,36,0,0,0,0,0,0,0,0,0,0,0,0,0,0,0,0,0,51,0,71,0,38,0,40,0,0,0,3,0,7,0,0,0,0,0,0,0,0,0,3,0,0,6,37,0,7,0,23,0,0,0,10,0,0,0,29,4,0,0,0,0,9,0,0,17,71,0,0,0,0,0,0,0,0,0,0,0,0,0,0,0,0,0,0,0,0,0,0,0,0,0,0,0,0,0,0,0,689,0,38,2,75,0,381,1,198,0,181,0,0,0,19,0,0,0,0,0,0,0,0,0,0,0,13,0,0,0
43,8,82,0,3,0,52,0,4,0,2,0,0,0,0,0,555,0,0,0,18,0,71,0,167,0,5,0,0,0,3,0,10,0,6,0,28,0,11,0,0,0,4,0,0,0,0,0,0,0,1,0,3,0,2,0,0,0,0,0,4,0,13,0,0,0,0,0,0,0,47,0,4,0,7,0,0,0,0,0,23,0,0,0,16,0,30,0,5,0,0,0,6,0,14,0,16,0,79,0,4,0,0,0,0,0,0,0,0,0,0,0,0,0,0,0,0,0,0,0,10,0,1,0,0,0,0,0,0,0,0,0,0,0,2,0,0,0,48,0,19,0,18,0,24,0,0,0,1,0,0,0,0,0,1,0,0,0,5,0,0,0,0,0,0,0,0,0,0,0,0,0,5,0,0,0,1,0,0,0,0,0,20,0,0,0,0,0,0,0,0,0,0,0,0,0,0,0,0,0,0,0,0,0,0,0,0,0,0,0,0,0,0,0,1,0,0,0,0,0,1,0,0,0,0,0,27,0,0,0,0,0,0,0,0,0,0,0,0,0,3,0,0,0,4,0,0,0,0
0,26,0,106,0,24,0,84,0,0,0,11,0,0,7,14,0,149,0,7,0,20,0,29,1,52,0,11,0,0,0,52,0,15,0,41,0,8,0,6,0,0,0,28,0,0,0,0,0,0,0,31,0,1,0,12,0,3,0,2,0,16,0,35,0,0,0,0,0,0,0,0,0,0,0,1,0,0,0,0,0,10,0,0,0,39,0,10,0,0,0,2,0,0,0,0,0,10,0,18,0,0,0,0,0,0,0,7,0,0,0,0,0,0,0,0,0,0,0,0,0,32,0,14,0,0,0,3,0,0,0,0,0,13,0,4,0,40,0,65,0,94,0,79,0,25,0,1,0,0,0,0,0,0,0,2,0,11,0,0,0,0,0,0,0,0,0,0,0,0,0,0,0,1,0,0,0,0,0,12,0,0,0,0,0,0,0,2,0,0,0,0,0,0,0,0,0,0,0,0,0,0,0,0,0,0,0,0,0,0,0,0,0,0,0,0,0,0,0,0,0,7,0,0,0,0,0,12,0,0,0,0,0,5,0,0,0,0,0,0,0,0,0,0,0,0,0,0,0
11,0,17,0,58,0,0,0,0,0,25,0,12,5,132,0,110,0,81,0,344,0,64,0,0,0,19,2,3,0,0,0,8,0,20,0,14,0,10,0,0,0,31,0,0,0,0,0,0,0,19,0,0,0,0,0,3,0,0,0,1,0,17,0,0,0,0,0,0,0,69,0,11,0,21,0,0,0,0,0,40,0,0,0,9,0,33,0,0,0,16,0,0,0,45,0,31,0,105,0,0,0,0,0,0,0,0,0,0,0,0,0,0,0,0,0,0,0,0,0,0,0,0,0,0,0,0,0,0,0,0,0,0,0,0,0,0,0,3,0,4,0,0,0,40,0,0,0,0,0,0,0,0,0,0,0,0,0,0,0,1,0,0,0,1,0,12,0,0,0,0,0,4,0,0,0,0,1,6,0,0,0,0,0,0,0,0,0,0,0,0,0,0,0,0,0,0,0,0,0,0,0,0,0,0,0,0,0,0,0,0,0,0,0,0,0,0,0,0,0,29,0,2,0,0,0,51,0,32,0,3,0,0,0,0,0,3,0,0,0,3,0,3,0,0,0,0,0,0
0,0,0,26,20,158,0,0,0,1,5,50,13,10,24,134,0,45,19,66,0,90,0,68,0,6,0,48,0,52,0,0,0,17,0,33,0,21,0,2,0,0,0,37,0,1,0,0,0,0,0,33,0,0,0,7,0,0,0,0,0,4,0,0,0,0,0,0,0,0,0,0,0,0,0,0,0,0,0,0,0,0,0,0,0,38,0,0,0,0,0,0,0,0,0,0,0,0,0,0,0,0,0,0,0,0,0,0,0,0,0,0,0,0,0,0,0,0,0,0,0,0,0,0,0,0,0,0,0,0,0,0,0,0,0,0,0,9,0,12,0,29,0,69,0,20,0,0,0,0,0,1,0,0,0,0,0,0,0,0,0,0,0,0,0,0,1,0,0,0,0,0,0,5,0,0,0,9,0,31,0,0,0,0,0,0,0,15,0,0,0,0,0,0,0,0,0,1,0,0,0,0,0,0,0,0,0,0,0,0,0,0,0,0,0,0,0,0,0,6,0,22,0,0,0,9,0,23,0,16,0,3,0,14,0,0,0,0,0,0,0,1,0,0,0,0,0,0,0
68,0,124,0,114,2,4,0,1,0,51,7,0,0,154,7,242,0,0,0,315,0,80,0,9,0,3,0,10,0,8,0,0,0,7,0,59,0,4,0,0,0,4,0,0,0,0,0,0,0,0,0,0,0,1,0,1,0,0,0,0,0,13,0,0,0,0,0,0,0,26,0,0,0,5,0,0,0,2,0,13,0,5,0,0,0,0,0,7,0,0,0,0,0,0,0,20,0,38,0,4,0,0,0,0,0,0,0,0,0,0,0,0,0,0,0,0,0,0,0,0,0,1,0,0,0,0,0,0,0,0,0,0,0,0,0,0,0,7,0,11,0,2,0,7,0,0,0,0,0,0,0,0,0,0,0,0,0,1,0,0,0,0,0,0,0,29,0,0,0,0,0,9,0,0,0,0,0,5,0,0,0,15,0,0,0,0,0,0,0,0,0,0,0,0,0,0,0,0,0,0,0,0,0,0,0,0,0,0,0,0,0,0,0,0,0,0,0,1,0,21,0,0,0,0,0,113,0,26,0,0,0,0,0,0,0,0,0,1,0,1,0,0,0,0,0,0,0,0
0,130,0,344,0,201,0,0,0,0,4,148,7,11,59,127,0,78,7,6,0,37,5,64,0,19,0,12,0,15,0,17,0,0,1,21,0,24,0,0,0,0,0,13,0,2,0,0,0,0,0,11,0,0,0,0,0,0,0,0,0,9,0,10,0,0,0,0,0,0,0,0,0,0,0,0,0,0,0,0,0,19,0,0,0,50,0,0,0,0,0,8,0,0,0,0,0,0,0,20,0,0,0,0,0,0,0,0,0,0,0,0,0,0,0,0,0,0,0,0,0,32,0,16,0,0,0,0,0,0,0,0,0,5,0,0,0,23,0,43,0,69,0,83,0,45,0,0,0,0,0,0,0,0,0,0,0,16,0,0,0,0,0,0,0,0,0,4,0,0,0,2,0,0,0,0,1,18,0,126,0,0,0,14,0,0,0,11,0,0,0,0,0,0,0,0,0,0,0,0,0,2,0,0,0,0,0,0,0,0,0,0,0,0,0,0,0,0,0,0,4,17,0,2,0,0,0,71,0,22,0,0,0,0,0,0,0,1,0,0,0,0,0,0,0,6,0,0,0
3,0,6,0,78,7,0,0,0,0,9,10,112,18,9,0,0,0,96,6,68,6,0,0,0,0,56,6,6,0,20,0,7,1,0,0,20,0,0,0,0,0,14,0,16,0,1,0,0,0,27,0,0,0,0,0,2,0,0,0,0,0,2,0,0,0,0,0,0,0,11,0,0,0,3,0,0,0,0,0,4,0,0,0,0,0,0,0,0,0,0,0,0,0,0,0,0,0,20,0,0,0,2,0,0,0,0,0,0,0,0,0,0,0,0,0,0,0,0,0,0,0,0,0,0,0,0,0,0,0,0,0,0,0,0,0,0,0,2,0,0,0,0,0,3,0,0,0,0,0,0,0,0,0,0,0,0,0,0,0,0,1,0,0,21,0,11,0,0,0,0,0,7,0,1,0,2,1,24,0,0,0,2,0,0,0,11,0,0,0,0,0,0,0,0,0,0,0,0,0,0,0,0,0,0,0,0,0,0,0,0,0,0,0,0,0,0,0,16,0,18,1,3,0,121,0,71,0,26,0,6,0,0,0,0,0,0,0,3,0,0,0,0,0,0,0,0,0,0
0,10,0,6,9,95,0,0,0,3,0,13,14,58,0,29,0,24,10,84,0,74,1,41,0,0,13,49,0,41,0,33,0,21,0,0,0,30,0,4,0,0,0,14,0,3,0,0,0,0,0,7,0,0,0,0,0,0,0,0,0,12,0,6,0,0,0,0,0,0,0,0,0,0,0,0,0,0,0,0,0,15,0,0,0,0,0,0,0,0,0,0,0,0,0,0,0,0,0,0,0,0,0,0,0,0,0,0,0,0,0,0,0,0,0,0,0,0,0,0,0,0,0,19,0,0,0,0,0,0,0,0,0,0,0,0,0,19,0,38,0,59,0,52,0,26,0,0,0,0,0,0,0,0,0,0,0,0,0,0,0,0,0,0,0,0,0,2,0,2,0,0,0,3,0,0,1,20,0,0,0,0,0,0,0,0,0,73,0,0,0,0,0,0,0,0,0,0,0,0,0,0,0,0,0,0,0,0,0,0,0,0,0,0,0,1,0,0,0,12,0,12,0,0,0,11,0,22,0,31,0,0,0,0,0,0,0,0,0,0,0,1,0,2,1,0,0,0,0
44,0,84,0,285,15,0,0,0,0,107,15,85,9,234,12,53,0,61,0,212,0,54,0,0,0,57,1,28,0,14,0,59,0,20,0,0,0,35,0,0,0,58,0,3,0,0,0,0,0,39,0,1,0,0,0,5,0,4,0,30,0,43,0,2,0,0,0,0,0,189,0,42,0,46,0,0,0,0,0,38,0,0,0,18,0,60,0,0,0,0,0,0,0,92,0,0,0,121,0,8,0,0,0,0,0,0,0,0,0,0,0,0,0,0,0,0,0,0,0,0,0,6,0,0,0,0,0,0,0,0,0,1,0,5,0,0,0,142,1,140,0,52,0,204,0,0,0,3,0,8,0,2,0,8,0,22,0,12,0,0,0,22,0,7,0,39,0,10,0,26,0,28,0,0,0,8,10,15,0,6,0,7,0,4,0,3,0,0,0,0,0,0,0,0,0,0,0,1,0,0,0,0,0,0,0,0,0,0,0,0,0,0,0,3,0,0,0,1,0,41,0,0,0,30,0,109,0,89,0,2,0,9,0,0,0,1,0,0,0,0,0,0,0,0,0,0,0,0
4,220,8,459,23,338,2,28,0,9,0,126,33,46,13,132,0,29,16,57,0,24,0,46,0,11,0,67,0,8,0,21,0,24,0,30,0,0,0,8,0,0,3,76,1,9,5,0,0,1,0,69,0,0,0,0,0,0,0,0,0,51,0,4,0,3,0,0,0,0,0,7,0,0,0,2,0,0,0,0,0,16,0,0,0,30,0,10,0,0,0,1,0,0,0,0,0,0,0,17,0,1,0,0,0,0,0,0,0,0,0,0,0,0,0,0,0,0,0,0,0,31,0,16,0,0,0,2,0,0,0,0,0,3,0,0,0,0,0,72,0,78,0,50,0,39,0,0,0,0,0,0,0,0,0,3,0,29,0,0,0,0,0,0,0,1,0,8,0,3,0,2,0,20,0,0,0,52,0,98,0,0,0,17,0,0,0,85,0,0,0,0,0,0,0,0,0,0,0,0,0,0,0,0,0,0,0,0,0,0,0,0,0,0,0,0,0,0,0,0,0,36,0,0,0,16,0,216,0,74,0,4,0,0,0,0,0,1,0,0,0,0,0,0,0,0,0,0,0
175,29,358,12,75,0,128,0,45,2,51,0,0,0,48,0,266,1,0,0,48,0,108,0,176,4,0,0,11,0,10,0,4,0,0,0,35,0,0,0,0,0,0,0,0,0,0,0,0,0,0,0,0,0,0,0,0,0,0,0,12,0,20,2,0,0,0,0,0,0,23,0,1,0,0,0,0,0,0,0,0,0,1,0,0,0,0,0,0,0,0,0,0,0,0,0,0,0,0,0,0,0,0,0,0,0,0,0,0,0,0,0,0,0,0,0,0,0,0,0,3,0,0,0,0,0,0,0,0,0,1,0,0,0,0,1,0,0,69,0,32,0,12,0,55,0,0,0,0,0,0,0,0,0,14,0,35,0,11,0,0,0,7,0,0,0,2,0,0,0,3,0,30,0,0,0,13,1,6,0,0,0,68,0,0,0,0,0,0,0,0,0,0,0,0,0,0,0,0,0,0,0,0,0,0,0,0,0,0,0,0,0,0,0,0,0,0,0,0,0,7,0,0,0,0,0,141,3,12,0,0,0,0,0,1,0,3,0,6,0,8,0,13,0,15,0,0,0,0
12,295,11,389,0,0,7,294,0,0,0,4,0,0,0,12,4,173,0,0,0,0,13,13,5,79,0,3,0,6,0,2,0,0,0,4,0,8,0,0,0,0,0,0,0,0,0,0,0,0,0,5,0,0,0,12,0,2,0,0,0,35,0,20,0,0,0,0,0,0,0,0,0,0,0,0,0,0,0,0,0,4,0,0,0,0,0,0,0,0,0,0,0,0,0,0,0,0,0,0,0,3,0,0,0,0,0,0,0,0,0,0,0,0,0,0,0,0,0,0,0,0,0,0,0,0,0,0,0,0,0,0,0,2,0,0,0,0,0,83,0,30,0,0,0,45,0,0,0,0,0,0,0,0,0,10,0,64,0,4,0,0,0,0,0,0,0,0,0,0,0,0,0,11,0,0,0,38,0,6,0,0,0,106,0,0,0,0,0,0,0,0,0,0,0,0,0,0,0,0,0,0,0,0,0,0,0,0,0,0,0,0,0,0,0,0,0,0,0,0,0,0,0,0,0,0,0,49,0,0,0,0,0,0,0,0,0,0,0,0,0,0,0,0,0,0,0,0,0
41,0,124,0,165,15,18,0,0,0,46,0,314,333,13,0,0,0,14,79,0,12,0,0,0,0,98,449,0,0,0,0,0,0,0,0,0,0,0,0,0,184,5,0,1,17,21,274,88,4,0,8,0,0,0,0,0,0,0,0,0,0,0,0,7,0,0,0,0,0,0,0,0,0,0,0,0,0,0,0,0,0,0,0,0,0,0,0,1,0,0,0,0,0,0,0,0,0,0,0,0,0,0,0,0,0,0,0,0,0,0,0,0,0,0,0,0,0,0,0,0,0,0,0,0,0,0,0,0,0,0,0,0,0,6,0,0,0,0,0,0,0,0,0,0,0,10,0,6,0,8,0,8,0,0,0,0,0,0,0,0,0,0,0,0,0,0,0,0,0,0,0,0,0,6,0,33,19,10,0,13,1,0,0,3,0,46,27,0,0,0,0,0,0,0,0,0,0,0,0,0,0,0,0,0,0,0,0,8,0,0,0,0,0,0,0,0,0,256,114,0,0,42,101,17,7,0,0,0,7,0,0,0,0,0,0,0,0,0,0,0,0,0,0,0,3,0,0,0
2,62,0,0,0,93,0,2,0,0,0,150,0,407,1,2,0,0,13,13,0,0,3,0,0,0,85,37,0,0,0,0,0,0,0,0,0,0,0,0,184,0,6,12,34,10,128,165,25,112,0,9,0,0,0,0,0,0,0,0,0,0,0,0,0,0,0,0,0,0,0,0,0,0,0,0,0,0,0,0,0,0,0,0,0,0,0,0,0,0,0,0,0,1,0,0,0,0,0,0,0,0,0,0,0,0,0,0,0,0,0,0,0,0,0,0,0,0,0,0,0,0,0,0,0,0,0,0,0,0,0,0,0,0,0,0,0,0,0,1,0,0,0,0,0,1,0,0,0,0,0,0,0,0,0,0,0,0,0,0,0,0,0,0,8,9,0,0,0,0,0,0,0,1,0,0,0,70,0,10,0,14,0,0,0,3,22,17,0,0,0,0,0,0,0,0,0,0,0,0,0,0,0,0,0,0,0,0,0,0,0,0,0,0,0,0,0,0,116,84,0,2,65,248,0,0,0,0,0,0,0,0,0,0,0,0,0,0,0,1,0,0,0,0,0,0,0,0,0
2,0,0,0,4,0,0,0,0,0,8,0,46,66,0,0,0,0,52,32,61,5,0,0,0,0,210,47,4,0,31,0,4,0,14,0,58,3,0,0,5,6,0,0,175,1,27,12,7,0,71,1,1,0,0,0,0,0,2,0,0,0,8,0,0,0,0,0,2,0,38,0,9,0,9,0,2,0,0,0,0,0,0,0,0,0,0,0,0,0,0,0,0,0,19,0,0,0,54,0,0,0,0,0,0,0,0,0,0,0,0,0,0,0,0,0,0,0,0,0,0,0,0,0,0,0,0,0,0,0,0,0,0,0,0,0,0,0,0,0,0,0,0,0,26,0,0,0,0,0,0,0,3,0,0,0,0,0,2,0,0,0,8,0,52,0,11,0,13,0,2,0,9,0,0,0,4,0,43,0,0,0,0,0,0,0,46,0,0,0,0,0,0,0,0,0,0,0,0,0,0,0,0,0,0,0,0,0,0,0,0,0,0,0,3,0,0,0,113,9,6,0,3,3,186,8,26,1,16,0,0,1,0,0,1,0,2,0,4,0,4,0,3,0,7,0,0,0,0
0,0,0,0,0,27,0,6,0,0,0,0,0,40,0,10,0,6,5,43,0,23,0,13,0,0,0,91,0,28,0,37,0,13,0,14,0,76,0,0,0,12,0,0,0,108,5,4,0,8,0,61,0,0,0,8,0,6,0,0,0,12,0,3,0,0,0,0,0,0,0,0,0,0,0,0,0,0,0,1,0,0,0,0,0,23,0,6,0,0,0,0,0,0,0,0,0,0,0,0,0,1,0,0,0,0,0,0,0,0,0,0,0,0,0,0,0,0,0,0,0,28,0,18,0,0,0,0,0,0,0,0,0,0,0,0,0,0,0,37,0,41,0,39,0,37,0,0,0,0,0,0,0,0,0,0,0,2,0,2,0,0,0,0,0,3,0,1,0,9,0,3,0,3,0,0,0,50,0,0,0,0,0,0,0,0,0,135,0,0,0,0,0,0,0,0,0,0,0,0,0,0,0,0,0,0,0,0,0,0,0,0,0,0,0,1,0,0,0,78,0,12,0,13,0,90,0,21,0,61,0,4,0,0,0,0,0,0,0,0,0,0,0,0,0,4,0,0,0
0,0,3,0,0,0,0,0,1,0,4,4,10,49,0,0,7,0,16,9,22,0,8,0,0,0,130,65,0,0,0,0,0,0,16,0,3,1,0,0,1,34,175,0,0,0,9,35,46,1,49,0,0,0,0,0,0,0,0,0,0,0,0,0,0,0,0,0,4,0,14,0,8,0,0,0,0,0,0,0,0,0,10,0,0,0,0,0,0,0,0,0,5,0,17,0,0,0,0,0,3,0,0,0,0,0,0,0,0,0,0,0,0,0,0,0,0,0,0,0,0,0,0,0,0,0,0,0,0,0,0,0,0,0,0,0,0,0,0,0,0,0,0,0,0,0,0,0,0,0,0,0,4,0,0,0,0,0,0,0,0,0,0,0,153,0,1,0,5,0,0,0,0,0,4,0,6,2,4,0,4,0,2,0,2,0,6,0,0,0,0,0,0,0,0,0,0,0,0,0,0,0,0,0,0,0,0,0,0,0,0,0,0,0,0,0,0,0,438,18,6,0,122,0,144,0,10,0,7,0,0,0,3,0,0,0,0,0,0,0,0,0,0,0,0,0,0,0,0
0,0,0,4,0,0,0,0,0,0,0,7,0,7,0,0,0,0,0,32,0,18,0,4,0,0,7,150,0,0,0,1,0,2,0,3,0,9,0,0,17,10,1,108,0,0,5,24,0,44,0,129,0,0,0,0,0,3,0,0,0,0,0,0,0,0,0,0,0,9,0,23,0,10,0,9,0,3,0,0,0,0,0,8,0,12,0,11,0,12,0,0,0,0,0,16,0,0,0,11,0,0,0,13,0,0,0,0,0,0,0,0,0,0,0,0,0,0,0,0,0,39,0,7,0,0,0,0,0,0,0,0,0,0,0,0,0,3,0,0,0,16,0,14,0,31,0,0,0,0,0,0,0,0,0,0,0,0,0,0,0,8,0,7,0,111,0,1,0,67,0,7,0,5,0,0,0,20,0,3,0,0,0,0,0,0,3,22,0,5,0,0,0,0,0,0,0,0,0,0,0,0,0,0,0,0,0,0,0,0,0,0,0,0,0,0,0,0,5,402,0,39,5,347,0,165,0,23,0,80,0,0,0,4,0,0,0,0,0,0,0,0,0,1,0,0,0,0,0
8,0,14,0,13,0,0,0,0,0,7,0,10,130,9,0,0,0,38,17,7,0,1,0,0,0,96,195,0,0,0,0,0,0,1,0,0,5,0,0,21,128,27,5,9,5,0,144,26,0,11,3,0,0,0,0,0,0,0,0,0,0,0,0,0,0,0,0,1,0,1,0,0,0,0,0,0,0,0,0,0,0,4,0,0,0,0,0,1,0,0,0,0,0,0,0,0,0,0,0,0,0,0,0,0,0,0,0,0,0,0,0,0,0,0,0,0,0,0,0,0,0,0,0,0,0,1,0,0,0,0,0,0,0,0,0,0,0,0,0,0,0,0,0,0,0,0,0,0,0,0,0,0,0,0,0,0,0,0,0,0,0,0,0,15,0,1,0,2,0,0,0,0,0,1,0,2,5,0,0,0,0,0,0,0,0,2,11,0,0,0,0,0,0,0,0,0,0,0,0,1,0,0,0,0,0,0,0,1,0,0,0,0,0,0,0,0,0,646,49,0,0,92,57,38,0,0,0,0,0,0,0,0,0,0,0,0,0,0,0,0,0,0,0,0,0,0,0,0
0,43,0,0,0,124,0,4,0,0,0,91,40,209,1,1,0,0,19,52,0,0,0,0,0,0,125,71,0,0,0,0,0,0,0,0,0,0,0,0,274,165,12,4,35,24,144,0,40,55,0,10,0,0,0,0,0,0,0,0,0,0,0,0,0,0,0,0,0,2,0,0,0,0,0,0,0,0,0,0,0,0,0,0,0,0,0,0,0,0,0,0,0,0,0,0,0,0,0,1,0,0,0,0,0,0,0,0,0,0,0,0,0,0,0,0,0,0,0,0,0,0,0,0,0,2,0,0,0,0,0,0,0,0,0,0,0,2,0,0,0,0,0,0,0,0,0,0,0,0,0,5,0,3,0,0,0,0,0,0,0,0,0,0,6,20,0,0,0,3,0,0,0,0,0,4,1,20,0,0,0,11,0,4,0,2,45,14,0,0,0,0,0,0,0,0,0,0,0,0,0,0,0,0,0,0,0,0,0,0,0,0,0,0,0,0,0,0,78,480,0,0,41,312,1,21,0,12,0,8,0,0,0,0,0,0,0,0,0,0,0,0,0,0,0,0,0,0,0
3,0,2,0,5,2,5,0,0,0,13,0,40,15,0,0,0,0,1,3,0,1,0,0,4,0,23,30,0,0,0,0,0,0,0,0,0,0,0,0,88,25,7,0,46,0,26,40,0,0,1,1,0,0,12,0,3,0,1,0,0,0,1,0,1,0,0,0,0,0,0,0,0,0,0,0,3,0,0,0,0,0,0,0,0,0,0,0,4,0,0,0,3,0,4,0,0,0,0,0,0,0,1,0,0,0,0,0,0,0,0,0,0,0,0,0,0,0,0,0,0,0,0,0,0,0,0,0,0,0,0,0,0,0,0,0,0,0,0,0,0,0,0,0,0,0,0,0,0,0,2,0,1,0,5,0,0,0,0,0,6,0,1,0,6,0,1,0,0,0,1,0,2,0,0,0,3,3,2,0,0,0,1,0,0,0,22,0,0,0,0,0,1,0,0,0,0,0,0,0,0,0,0,0,1,0,0,0,0,0,0,0,0,0,1,0,1,0,61,6,5,0,48,27,3,0,5,0,16,0,0,0,0,0,4,0,0,0,1,0,0,0,0,0,0,0,0,0,0
0,4,0,0,0,3,0,0,0,1,0,24,0,27,0,0,0,1,0,2,0,2,1,0,0,1,2,7,0,0,0,0,0,0,0,0,0,1,0,0,4,112,0,8,1,44,0,55,0,0,0,3,0,0,0,0,0,0,0,0,0,0,0,0,0,0,0,0,0,19,0,0,0,0,0,0,0,0,0,0,0,0,0,2,0,0,0,0,0,0,0,0,0,2,0,2,0,0,0,0,0,0,0,6,0,0,0,0,0,0,0,0,0,0,0,0,0,1,0,0,0,0,0,0,0,0,0,0,0,0,0,0,0,0,0,0,0,0,0,0,0,0,0,0,0,0,0,0,0,0,0,0,0,0,0,0,0,0,0,0,0,0,0,0,0,1,0,0,0,1,0,0,0,0,0,0,0,58,0,7,0,2,0,0,0,0,1,59,0,0,0,0,0,0,0,0,0,0,0,0,0,0,0,0,0,0,0,0,0,0,0,0,0,0,0,0,0,0,19,17,0,3,14,110,1,2,0,0,0,2,0,0,0,0,0,0,0,0,0,0,0,0,0,0,0,0,0,0,0
0,0,10,0,66,16,0,0,0,0,7,0,132,42,7,0,11,0,257,23,83,4,18,0,0,0,207,16,1,0,19,0,0,0,27,0,39,0,0,0,0,0,71,0,49,0,11,0,1,0,0,0,0,0,3,0,16,0,11,0,0,0,4,0,2,0,0,0,0,0,24,0,14,0,7,0,6,0,13,0,12,0,20,0,0,0,21,0,0,0,4,0,6,0,22,0,0,0,13,0,0,0,2,0,0,0,6,0,0,0,0,0,0,0,0,0,0,0,0,0,0,0,0,0,0,0,0,0,2,0,0,0,0,0,0,0,0,0,0,0,0,0,0,0,6,0,0,0,0,0,0,0,0,0,0,0,0,0,0,0,5,0,8,0,41,0,26,0,35,0,12,0,16,0,0,0,12,5,30,0,8,0,3,0,3,0,42,4,5,0,0,0,0,0,0,0,0,0,0,0,0,0,0,0,0,0,0,0,0,0,0,0,0,0,5,0,0,0,29,5,28,0,7,0,222,0,30,0,43,3,6,0,0,0,3,0,3,1,0,0,0,0,6,0,35,0,0,0,0
0,6,0,0,0,29,0,5,0,4,0,0,11,72,0,8,0,15,8,114,0,45,0,24,0,0,0,178,0,31,0,33,0,11,0,7,0,69,0,5,8,9,1,61,0,129,3,10,1,3,0,0,0,0,0,4,0,4,0,4,0,9,0,6,0,0,0,0,0,0,0,20,0,6,0,4,0,0,0,3,0,22,0,0,0,0,0,15,0,0,0,1,0,0,0,5,0,0,0,8,0,0,0,1,0,0,0,0,0,0,0,0,0,0,0,0,0,0,0,0,0,41,0,31,0,0,0,0,0,0,0,0,0,0,0,0,0,0,0,45,0,52,0,34,0,53,0,0,0,0,0,0,0,0,0,0,0,4,0,1,0,0,0,2,0,1,0,2,0,12,0,6,0,8,0,0,0,42,0,0,0,0,0,0,0,0,1,62,0,0,0,0,0,1,0,1,0,0,0,0,0,0,0,0,0,0,0,0,0,0,0,0,0,0,0,0,0,0,0,22,0,26,0,2,0,43,0,40,0,38,0,0,0,16,0,0,0,0,0,0,0,3,0,0,0,4,0,0,0
0,0,0,0,0,0,6,0,4,27,0,0,0,0,0,0,40,0,6,0,14,0,10,0,15,1,0,0,3,0,0,0,0,0,0,0,1,0,0,0,0,0,1,0,0,0,0,0,0,0,0,0,0,20,73,40,71,12,38,48,16,1,49,16,0,0,1,62,0,0,0,0,0,0,0,0,0,0,0,0,11,0,0,0,174,0,11,0,0,0,28,0,1,0,5,0,46,0,24,0,0,0,0,0,0,0,43,0,0,0,0,0,0,0,0,0,0,0,0,0,6,0,39,0,3,0,10,0,58,0,9,0,14,0,3,0,106,0,147,0,54,0,104,0,21,0,0,0,0,0,0,0,0,0,204,19,52,0,125,0,24,0,3,0,0,0,0,0,4,0,61,0,5,0,0,0,3,1,0,0,0,0,0,0,0,11,0,0,0,0,0,0,0,0,0,0,0,0,1,0,39,0,0,0,0,0,0,0,0,0,0,0,3,0,106,0,0,0,2,0,114,0,26,0,25,0,537,0,285,0,0,0,57,0,22,0,2,0,14,0,5,0,4,0,94,0,0,0,0
0,5,0,0,0,0,13,9,28,18,0,0,0,0,0,0,0,19,0,0,0,0,0,1,0,12,0,0,0,1,0,0,0,0,0,0,0,0,0,0,0,0,0,0,0,0,0,0,0,0,0,0,20,0,46,39,14,74,103,53,0,3,7,83,0,3,46,35,0,0,0,0,0,0,0,0,0,0,0,0,0,0,0,0,0,16,0,0,0,0,0,0,0,0,0,0,0,4,0,9,0,0,0,3,0,0,0,1,0,0,0,0,0,0,0,0,0,0,0,0,0,0,0,0,0,2,0,0,0,33,0,8,0,32,0,27,0,76,0,184,0,64,0,73,0,30,0,0,0,0,0,0,0,0,6,203,0,10,4,118,0,19,0,0,0,0,0,0,0,0,0,3,0,1,0,0,1,3,0,0,0,0,0,0,0,8,0,0,0,0,0,0,0,0,0,0,0,0,0,0,0,1,0,0,0,0,0,1,0,5,0,0,0,0,0,0,0,0,0,0,0,13,0,0,0,1,0,64,0,13,0,0,0,6,0,4,0,0,0,0,0,0,0,0,0,1,0,0,0
0,0,22,0,0,0,235,12,46,244,0,0,0,0,7,0,21,0,12,0,4,0,44,0,142,25,0,0,2,0,0,0,1,0,0,0,0,0,0,0,0,0,0,0,0,0,0,0,12,0,3,0,73,46,0,112,103,21,209,36,108,0,46,51,0,0,6,119,0,0,0,0,2,0,0,0,0,0,0,0,0,0,0,0,39,0,1,0,0,0,5,0,0,0,0,0,13,0,0,0,0,0,0,0,0,0,27,0,0,0,0,0,0,0,0,0,0,0,0,0,0,0,4,0,9,0,10,0,14,0,36,0,22,0,72,0,144,0,25,0,10,0,70,0,0,0,18,0,0,0,27,0,3,0,39,20,33,2,10,0,128,0,0,0,0,0,3,0,2,0,119,0,32,0,0,0,1,3,0,0,0,0,0,0,0,11,0,0,0,0,0,0,0,0,0,0,1,0,0,0,42,0,0,0,0,0,2,0,88,0,0,0,0,0,437,0,0,0,12,2,306,0,63,0,60,1,309,0,497,5,21,0,296,3,51,0,20,0,146,0,45,0,83,0,390,0,0,0,0
0,16,0,142,0,13,70,165,165,108,0,0,0,0,0,55,3,8,0,0,0,0,0,16,21,77,0,12,0,12,0,7,0,0,0,0,0,0,0,12,0,0,0,8,0,0,0,0,0,0,0,4,40,39,112,0,0,94,151,171,0,54,51,93,0,4,83,18,0,0,0,0,0,0,0,0,0,0,0,0,0,0,0,0,0,0,0,0,0,0,0,4,0,0,0,0,0,0,0,0,0,0,0,0,0,17,0,125,0,0,0,0,0,0,0,0,0,0,0,0,0,0,0,0,0,26,0,8,0,24,0,54,0,17,0,222,0,147,0,89,0,0,0,30,0,4,0,5,0,2,0,0,0,0,0,65,0,18,0,7,0,26,0,0,0,0,0,2,0,0,0,24,0,31,0,0,3,2,0,0,0,0,0,7,2,2,0,0,0,0,0,0,0,0,0,1,0,0,0,25,0,91,0,0,0,1,0,23,0,21,0,0,0,0,0,121,0,0,0,6,0,229,0,15,0,8,0,65,0,341,0,0,0,161,0,24,0,0,0,33,0,0,0,6,0,86,0,0,0
3,0,6,3,8,0,9,1,14,0,5,0,0,0,0,0,3,0,0,0,2,0,0,0,11,0,0,0,0,0,3,0,1,0,2,0,5,0,0,0,0,0,0,0,0,0,0,0,3,0,16,0,71,14,103,0,0,30,62,102,11,1,2,3,58,77,32,90,0,0,0,0,1,0,0,0,0,0,0,0,0,0,1,0,0,0,0,0,0,0,0,0,0,0,0,0,0,0,0,1,0,0,0,0,0,0,0,0,0,0,0,0,0,0,0,0,0,0,0,0,0,0,0,0,12,0,10,0,113,0,114,0,13,0,14,0,26,0,19,4,0,0,33,0,4,20,14,0,9,0,21,0,0,0,54,66,22,8,20,61,178,42,5,0,0,0,4,0,4,0,20,0,6,0,4,11,9,0,0,0,0,19,0,0,2,49,0,0,0,0,0,0,0,0,0,0,0,0,0,0,0,0,0,0,1,0,0,0,32,0,6,0,3,0,331,0,0,0,9,0,213,0,72,0,41,0,136,1,280,0,22,0,258,0,148,4,29,0,162,1,44,0,43,0,397,0,0,0,0
0,4,0,15,0,4,0,18,16,15,0,1,0,2,0,7,0,6,0,0,0,0,0,4,0,40,0,0,0,3,0,0,0,0,0,0,0,0,0,2,0,0,0,6,0,3,0,0,0,0,0,4,12,74,21,94,30,0,154,142,0,8,11,49,14,1,83,28,0,0,0,1,0,0,0,0,0,0,0,0,0,0,0,2,0,4,0,0,0,0,0,1,0,0,0,0,0,0,0,0,0,0,0,3,0,0,0,22,0,0,0,0,0,0,0,0,0,0,0,0,0,0,0,0,0,18,0,8,0,54,0,43,0,13,0,62,0,63,0,69,0,18,0,24,0,0,0,0,0,0,0,0,0,0,17,299,8,25,0,83,6,144,0,0,0,0,0,1,0,9,0,66,0,5,0,0,3,0,0,0,0,1,0,0,6,15,0,0,0,0,0,0,0,0,0,0,0,0,0,0,0,0,0,0,0,0,0,0,0,5,0,0,0,0,0,147,0,0,0,2,0,244,0,25,0,17,0,40,0,629,0,5,0,160,0,65,0,0,0,28,0,3,0,6,0,99,0,0,0
4,0,11,0,3,0,47,0,66,131,0,0,1,0,0,0,0,0,0,0,4,0,3,0,25,0,5,0,0,0,0,0,0,0,0,0,4,0,0,0,0,0,2,0,0,0,0,0,1,0,11,0,38,103,209,151,62,154,0,284,100,0,13,41,108,43,133,382,0,0,0,0,0,0,0,0,0,0,0,0,0,0,0,0,0,0,0,0,0,0,0,0,0,0,0,0,0,0,0,0,0,0,0,0,0,0,0,0,0,0,0,0,0,0,0,0,0,0,0,0,0,0,1,0,10,0,7,0,0,0,36,0,0,0,0,0,0,0,2,0,0,0,0,0,1,0,30,0,35,0,14,0,4,0,28,118,83,7,0,16,76,0,0,0,1,0,5,0,4,0,46,0,10,0,0,0,88,24,0,0,0,12,0,0,28,130,0,0,0,0,0,0,0,0,0,0,0,0,0,0,0,0,0,0,0,0,0,0,22,0,0,0,0,0,217,0,0,0,6,0,164,0,28,0,27,0,258,1,195,0,29,0,169,1,82,1,14,0,151,0,43,0,68,0,348,0,0,0,0
0,2,0,6,0,0,0,14,76,82,0,1,1,1,0,0,0,0,0,0,0,1,0,5,0,2,0,0,0,2,0,0,0,0,0,0,0,0,0,0,0,0,0,0,0,0,0,0,0,0,0,4,48,53,36,171,102,142,284,0,0,98,5,23,89,107,189,165,0,0,0,0,0,0,0,0,0,0,0,0,0,0,0,0,0,0,0,0,0,0,0,0,0,0,0,0,0,0,0,0,0,0,0,0,0,0,0,5,0,0,0,0,0,0,0,0,0,0,0,0,0,0,0,0,0,16,0,11,0,0,0,21,0,3,0,25,0,18,3,14,0,2,0,3,15,55,0,2,0,3,0,6,0,0,98,232,8,163,13,56,44,47,0,0,0,0,0,0,0,7,0,13,0,0,0,0,14,25,0,0,0,0,0,0,11,92,0,0,0,0,0,0,0,0,0,0,0,0,0,5,0,6,0,0,0,0,0,3,0,14,0,0,0,0,0,425,0,2,0,11,0,515,1,49,0,22,1,227,0,657,0,14,0,414,0,447,0,14,0,171,0,17,0,26,0,373,0,0,0
28,0,30,1,0,0,230,2,72,0,0,0,0,0,0,0,35,0,0,0,2,0,5,0,172,4,0,0,4,0,1,0,0,0,0,0,30,0,12,0,0,0,0,0,0,0,0,0,0,0,0,0,16,0,108,0,11,0,100,0,0,0,55,0,0,0,0,0,0,0,11,0,0,0,2,0,0,0,0,0,0,0,0,0,0,0,0,0,0,0,0,0,0,0,0,0,0,0,0,0,0,0,0,0,0,0,0,0,0,0,0,0,0,0,0,0,0,0,0,0,0,0,0,0,0,0,0,0,1,0,0,0,0,0,0,0,0,0,165,0,145,0,24,0,326,0,0,0,0,0,0,0,0,0,72,0,170,0,19,0,0,0,19,0,0,0,0,0,1,0,77,0,58,0,0,0,6,0,0,0,0,0,10,0,0,0,0,0,0,0,0,0,0,0,0,0,0,0,0,0,0,0,0,0,0,0,0,0,2,0,0,0,0,0,6,0,0,0,0,0,13,0,0,0,2,0,139,0,37,0,2,0,5,0,5,0,0,0,8,0,1,0,0,0,17,0,0,0,0
5,175,0,64,0,8,0,323,7,217,0,4,1,2,0,4,4,51,0,7,0,8,6,0,0,59,0,14,0,16,0,4,0,9,0,12,0,51,0,35,0,0,0,12,0,0,0,0,0,0,0,9,1,3,0,54,1,8,0,98,0,0,0,26,0,0,0,40,0,0,0,2,0,0,0,0,0,0,0,1,0,0,0,0,0,0,0,0,0,0,0,0,0,0,0,0,0,0,0,0,0,0,0,0,0,0,0,0,0,0,0,0,0,0,0,0,0,0,0,0,0,0,0,1,0,0,0,0,0,0,0,0,0,0,0,0,0,17,0,199,0,100,0,14,0,154,0,0,0,0,0,0,0,0,0,26,0,171,0,57,0,0,0,0,0,0,0,0,0,1,0,22,0,34,1,1,0,65,0,0,0,0,0,117,0,0,0,0,0,0,0,0,0,0,0,0,0,0,0,0,0,0,0,0,0,0,0,0,0,0,0,0,0,0,0,0,0,0,0,0,0,7,0,1,0,0,0,123,0,28,0,0,0,0,0,0,0,0,0,0,0,0,0,0,0,0,0,0,0
12,0,0,0,0,0,91,6,42,74,0,0,0,0,0,0,421,0,0,0,89,0,22,0,191,9,17,0,13,0,17,0,13,0,2,0,43,0,20,0,0,0,8,0,0,0,0,0,1,0,4,0,49,7,46,51,2,11,13,5,55,0,0,9,0,0,0,0,0,0,51,0,0,0,25,0,0,0,0,0,35,0,0,0,112,0,68,0,0,0,6,0,0,0,20,0,32,0,80,0,0,0,0,0,0,0,4,0,0,0,0,0,0,0,0,0,0,0,0,0,15,0,42,0,2,0,0,0,9,0,1,0,10,0,1,0,7,0,128,0,85,0,76,0,82,0,0,0,0,0,0,0,1,0,83,0,103,0,33,0,0,0,5,0,0,0,0,0,0,0,12,0,32,0,0,0,3,1,0,0,0,0,8,0,0,0,0,0,0,0,0,0,0,0,0,0,0,0,0,0,0,0,0,0,0,0,0,0,0,0,0,0,0,0,5,0,0,0,0,0,23,0,3,0,8,0,488,0,47,0,0,0,10,0,0,0,0,0,10,0,2,0,2,0,8,0,0,0,0
4,33,1,3,0,4,129,84,113,215,0,0,0,0,0,0,21,288,0,30,1,21,0,117,43,70,0,19,0,35,0,0,0,10,0,6,0,4,2,20,0,0,0,3,0,0,0,0,0,0,0,6,16,83,51,93,3,49,41,23,0,26,9,0,0,1,11,33,0,0,0,0,0,0,0,0,0,0,0,0,0,3,0,0,0,15,0,0,0,0,0,0,0,0,0,0,0,9,0,5,0,0,0,0,0,0,0,7,0,0,0,0,0,0,0,0,0,0,0,0,0,0,0,0,0,0,0,7,0,26,0,4,0,37,0,23,0,81,0,432,0,103,0,80,0,67,0,0,0,0,0,0,0,0,0,188,0,49,0,119,0,9,0,0,0,0,0,0,0,0,0,2,0,5,0,0,2,24,0,1,0,0,1,71,0,3,0,0,0,0,0,0,0,0,0,0,0,0,0,0,0,2,0,0,0,0,0,0,0,0,0,0,0,0,0,0,0,0,0,0,0,3,0,0,0,0,0,161,0,3,0,0,0,2,0,0,0,0,0,1,0,0,0,0,0,0,0,0,0
17,0,13,0,8,0,6,0,88,2,10,0,6,0,6,0,0,0,0,0,0,0,3,0,1,5,7,0,0,0,0,0,0,0,0,0,2,0,0,0,7,0,0,0,0,0,0,0,1,0,2,0,0,0,0,0,58,14,108,89,0,0,0,0,0,170,241,32,0,0,0,0,0,0,0,2,0,0,0,0,0,2,0,0,0,0,0,0,0,0,0,0,0,0,0,0,0,0,0,0,0,0,0,0,0,0,0,0,0,0,0,0,0,0,0,0,0,0,0,0,0,0,0,0,5,0,3,0,0,0,33,31,0,0,18,0,0,0,0,7,0,0,0,0,1,19,35,0,67,54,43,0,34,0,1,28,0,0,0,51,75,107,1,0,0,0,0,0,0,0,1,0,2,0,37,35,25,0,0,0,90,30,0,0,59,36,0,0,0,0,0,0,0,0,0,0,0,0,0,0,0,0,1,0,4,0,0,0,17,0,0,0,0,0,0,0,0,0,0,0,0,0,0,0,0,0,12,3,0,0,3,0,0,0,9,0,0,0,0,0,0,0,2,0,0,0,0,0,0
0,50,0,7,0,12,0,31,0,290,0,5,0,7,0,0,0,0,0,2,0,0,0,1,0,0,0,3,0,0,0,0,0,0,0,0,0,3,0,0,0,0,0,0,0,0,0,0,0,0,0,0,0,3,0,4,77,1,43,107,0,0,0,1,170,0,16,346,0,0,0,3,1,2,0,1,0,0,0,0,0,1,0,0,0,0,0,2,0,0,0,0,0,0,0,0,0,0,0,0,0,0,0,0,0,0,0,0,0,0,0,0,0,0,0,0,0,0,0,0,0,1,0,1,0,22,0,21,16,0,109,125,0,0,0,8,0,0,30,5,1,0,0,0,44,48,10,37,59,269,0,62,15,14,51,9,0,3,41,17,300,182,0,0,0,0,0,0,0,0,0,0,0,0,0,119,0,14,0,0,9,112,0,7,27,123,0,0,0,0,0,0,0,0,0,0,0,1,0,9,0,0,0,0,0,0,0,0,0,29,0,0,0,1,0,25,0,0,0,2,0,0,0,0,0,0,0,55,0,0,0,0,0,13,0,75,0,0,0,7,0,2,0,6,0,20,0,0,0
3,0,1,0,3,0,6,0,106,44,0,0,1,0,0,0,0,0,0,0,1,0,0,0,1,0,3,0,0,0,0,0,0,0,0,0,0,0,0,0,0,0,0,0,0,0,0,0,0,0,0,0,1,46,6,83,32,83,133,189,0,0,0,11,241,16,0,159,0,0,0,0,0,0,0,0,0,0,0,0,0,0,0,0,0,0,0,0,0,0,0,0,0,0,0,0,0,0,0,0,0,0,0,0,0,0,0,0,0,0,0,0,0,0,0,0,0,0,0,0,0,0,0,0,2,0,0,0,0,0,0,0,0,0,0,0,0,0,0,0,0,0,0,0,0,0,0,0,12,0,0,0,2,0,0,35,0,0,0,0,28,3,0,0,0,0,0,0,0,0,2,0,0,0,0,0,151,12,0,0,5,3,0,0,95,78,0,0,0,0,0,0,0,0,0,0,0,0,0,0,0,0,0,0,0,0,0,0,0,0,0,0,0,0,4,0,0,0,0,0,0,0,0,0,0,0,23,0,8,0,0,0,0,0,0,0,0,0,3,0,0,0,2,0,8,0,0,0,0
0,4,0,4,0,0,19,2,101,311,0,1,0,0,0,0,0,0,0,0,0,0,0,0,2,0,0,0,0,0,0,0,0,0,0,0,0,0,0,0,0,0,0,0,0,0,0,0,0,0,0,0,62,35,119,18,90,28,382,165,0,40,0,33,32,346,159,0,0,0,0,0,0,0,0,0,0,0,0,0,0,0,0,0,0,0,0,0,0,0,0,0,0,0,0,0,0,0,0,0,0,0,0,0,0,0,0,0,0,0,0,0,0,0,0,0,0,0,0,0,0,0,0,0,0,16,0,9,0,0,0,7,0,0,0,0,0,1,0,0,0,0,0,0,0,21,0,11,0,16,0,9,0,0,55,69,8,58,17,10,23,61,0,0,0,0,0,0,0,0,0,0,1,0,0,5,24,187,0,0,0,20,0,1,15,391,0,0,0,0,0,0,0,0,0,0,0,0,0,5,0,0,0,0,0,0,0,7,0,5,0,0,0,1,0,58,0,0,0,0,0,86,0,0,0,2,0,54,0,125,0,0,0,106,0,97,0,2,0,30,0,1,0,5,0,74,0,0,0
0,0,0,0,0,0,0,0,0,0,0,0,0,0,0,0,0,0,0,0,0,0,0,0,0,0,0,0,0,0,0,0,0,0,0,0,0,0,0,0,0,0,2,0,4,0,1,0,0,0,0,0,0,0,0,0,0,0,0,0,0,0,0,0,0,0,0,0,0,0,0,0,5,0,0,0,64,0,4,0,0,0,69,0,8,0,8,0,13,0,0,0,21,0,32,0,0,0,0,0,4,0,216,0,0,0,13,0,59,0,0,0,23,0,1,0,0,0,0,0,0,0,5,0,0,0,1,0,0,0,0,0,2,0,0,0,0,0,0,0,0,0,0,0,0,0,0,0,0,0,0,0,0,0,0,0,0,0,0,0,0,0,0,0,31,0,0,0,28,0,0,0,0,0,3,0,0,0,0,0,0,0,0,0,0,0,0,0,0,0,0,0,0,0,0,0,0,0,17,0,0,0,0,0,0,0,0,0,0,0,1,0,244,0,147,0,56,0,3,0,0,0,106,0,42,0,0,0,11,0,0,0,0,0,0,0,0,0,16,0,43,0,8,0,0,0,0,0,0
0,0,0,0,0,0,0,0,0,0,0,0,0,0,0,0,0,0,0,0,0,0,0,0,0,3,0,6,0,0,0,0,0,0,0,0,0,0,0,0,0,0,0,0,0,9,0,2,0,19,0,0,0,0,0,0,0,0,0,0,0,0,0,0,0,0,0,0,0,0,0,0,0,0,0,0,0,95,0,0,0,12,0,25,0,0,0,21,0,30,0,0,0,25,0,29,0,0,0,0,0,3,0,186,0,0,0,0,0,23,0,4,0,2,0,4,0,15,0,3,0,0,0,0,0,0,0,0,0,0,0,0,3,0,0,0,0,0,0,1,0,0,0,0,0,0,0,0,0,0,2,0,0,0,0,0,0,0,0,0,0,0,0,0,0,53,0,0,0,77,0,0,0,0,0,2,0,2,0,0,0,0,0,0,0,0,0,0,0,0,0,7,0,0,0,45,0,0,0,6,0,0,0,0,0,0,0,0,0,0,0,10,0,216,0,26,0,56,0,29,0,0,0,161,0,24,0,0,0,60,0,0,0,0,0,0,0,0,0,0,0,0,0,0,0,0,0,0,0
0,0,0,0,0,0,0,0,0,0,0,0,0,0,0,0,161,0,24,0,117,0,1,0,0,0,66,0,47,0,69,0,26,0,11,0,189,0,23,0,0,0,38,0,14,0,1,0,0,0,24,0,0,0,0,0,0,0,0,0,11,0,51,0,0,0,0,0,0,0,0,0,127,0,232,0,13,0,229,0,0,0,0,0,0,0,57,0,0,0,0,0,0,0,0,0,0,0,0,0,0,0,4,0,0,0,3,0,0,0,0,0,0,0,0,0,0,0,0,0,21,0,38,0,5,0,2,0,5,0,9,1,5,0,5,0,19,0,3,0,123,0,39,0,137,1,5,6,3,0,0,0,0,0,0,0,10,0,0,0,0,1,18,0,0,0,7,0,4,0,26,0,52,0,25,0,0,0,0,0,6,3,0,0,0,0,0,0,0,0,0,0,0,0,0,0,0,0,0,0,0,0,0,0,0,0,0,0,0,0,0,0,0,0,0,0,0,0,0,0,1,0,0,0,0,0,1,0,5,3,0,0,0,0,0,0,0,0,0,0,0,0,0,0,0,0,0,0,0
0,0,0,0,0,0,1,0,0,0,0,0,0,0,0,0,0,5,0,0,0,0,1,0,0,0,0,14,0,0,0,0,0,0,0,0,0,7,0,0,0,0,0,0,0,23,0,0,0,0,0,20,0,0,0,0,0,1,0,0,0,2,0,0,0,3,0,0,0,0,0,0,0,190,0,109,0,23,0,84,0,0,0,2,0,0,0,39,0,0,0,0,0,0,0,1,0,0,0,2,0,0,0,0,0,0,0,0,0,0,0,0,0,0,0,0,0,0,0,0,0,6,0,34,0,38,0,20,0,22,20,33,0,35,0,40,1,116,1,27,6,85,0,22,0,198,0,15,0,29,0,0,2,24,0,0,0,3,0,0,2,0,0,21,0,0,0,1,0,3,0,3,0,9,7,32,0,0,0,0,0,25,0,1,0,0,0,0,0,0,0,0,0,0,0,0,0,0,0,0,0,3,0,0,0,0,0,0,0,0,0,0,0,0,0,0,0,0,0,2,0,12,0,0,0,0,0,14,0,16,0,0,0,0,0,4,0,0,0,10,0,0,0,1,0,8,0,0,0
