0,574,38,151,30,95,78,125,109,0,191,128,72,0,0,63,267,111,0,0,27,0,24,164,8,217,14,0,65,0,0,0,0,0,0,0,0,115,284,126,29,0,0,0,0,1,43,0,7,0,0,0,5,0,6,0,0,0,5,0,174,85,261,172,0,0,2,0,0,0,0,0,0,0,0,0,0,0,0,0,0,0,0,0,0,0,0,0,0,0,0,0,0,0,0,0,0,0,0,0,0,0,0,0,0,0,0,0,0,0,0,0,0,0,0,0,0,0,0,0,0,0,0,0,1,0,0,0,1,0,3,0,0,0,2,0,1,0,0,0,0,0,0,0,0,0,0,0,4,0,0,0,0,0,0,0,0,1,0,0,0,0,0,0,0,0,0,0,11,0,6,0,127,62,0,0,487,82,15,0,0,0,40,1,8,0,0,0,0,0,0,0,0,0,0,0,0,0,0,0,0,0,0,0,0,0,0,0,4,0,445,173,110,0,265,0,0,0,0,0,0,0,0,1,0
574,0,362,41,6,105,262,40,176,31,8,164,0,152,0,32,194,19,0,85,0,0,235,15,384,20,0,215,17,118,0,0,0,72,0,0,3,223,54,541,0,31,0,0,0,31,0,76,0,0,0,0,20,42,20,22,0,0,4,17,88,361,188,252,0,53,2,28,0,0,0,1,0,0,0,0,0,0,0,0,0,0,0,0,0,0,0,0,0,0,0,0,0,0,0,0,0,0,0,0,0,0,0,0,0,0,0,0,0,0,0,1,0,0,0,0,0,0,0,0,0,0,0,0,0,52,0,25,0,0,0,39,0,0,0,11,0,22,0,0,0,4,0,0,0,0,0,32,0,47,0,64,0,40,0,0,0,0,0,0,0,6,0,0,0,6,0,19,0,11,0,0,38,213,0,9,177,289,0,6,0,33,26,0,0,23,0,0,0,0,0,1,0,4,0,0,0,3,0,7,0,0,0,1,0,3,0,13,0,23,0,22,13,0,247,0,0,0,669,223,203,0,4,20,0
38,362,0,0,257,102,55,0,0,0,74,117,163,0,253,47,400,39,163,0,152,0,223,110,55,52,110,0,98,18,29,10,76,0,0,0,20,53,246,117,46,0,0,0,21,0,62,0,34,0,0,0,5,0,108,0,0,0,19,0,121,49,417,59,6,0,0,0,0,0,0,0,0,0,0,0,0,0,0,0,0,0,0,0,0,0,0,0,0,0,14,0,0,0,0,0,25,0,0,0,0,0,0,0,0,0,0,0,0,0,0,0,0,0,0,0,0,0,0,0,0,0,0,0,10,0,0,0,0,0,30,0,0,0,276,0,133,0,0,0,0,0,0,0,0,0,7,0,74,0,16,0,12,0,0,0,0,0,0,0,3,0,0,0,2,0,46,0,40,1,13,0,152,0,0,0,61,44,0,0,18,0,2,0,0,0,0,0,0,0,0,0,0,0,0,0,0,0,0,0,48,0,0,0,0,0,11,0,22,0,665,109,435,0,520,0,0,0,13,0,0,0,0,0,0
151,41,0,0,0,66,0,63,0,5,0,10,0,18,0,129,56,49,0,156,0,0,88,71,39,57,0,114,0,147,0,51,0,84,0,0,0,157,0,462,0,0,0,0,0,0,0,0,0,1,0,0,0,10,0,64,0,0,0,10,23,114,0,70,0,0,0,0,0,0,0,0,0,0,0,0,0,0,0,0,0,0,0,0,0,0,0,0,0,0,0,0,0,0,0,0,1,0,0,0,0,0,0,0,0,0,0,0,0,0,0,0,0,0,0,0,0,0,0,0,0,0,0,0,0,0,0,21,0,0,0,0,0,0,0,86,0,151,0,13,0,6,0,0,0,0,0,4,0,0,0,0,0,0,0,0,0,0,0,0,0,0,0,0,0,4,0,41,0,6,0,3,0,138,0,0,30,4,0,0,0,0,0,0,0,1,1,0,0,0,0,0,0,0,0,0,0,0,0,0,0,0,0,0,0,0,0,5,0,16,0,0,0,0,110,0,0,0,369,69,197,0,0,0,0
30,6,257,0,0,598,11,0,15,0,125,211,386,227,219,203,72,0,92,312,502,188,57,145,0,0,161,75,0,0,112,61,219,83,154,56,158,66,205,0,103,0,0,0,39,0,161,0,30,0,68,0,0,0,0,0,0,0,0,0,0,0,0,0,8,0,1,0,0,0,0,0,2,0,0,0,0,0,0,0,0,0,0,0,0,0,0,0,0,0,0,0,0,0,0,0,0,0,0,0,0,0,0,0,0,0,6,0,0,0,0,0,0,0,0,0,0,0,0,0,0,0,0,0,0,0,0,0,0,0,0,0,0,0,56,0,0,0,0,0,0,0,3,0,0,0,0,0,44,0,10,0,0,0,0,0,0,0,0,0,0,0,0,0,43,0,240,24,92,0,7,0,129,0,0,0,311,128,26,0,77,0,45,1,65,0,0,0,0,0,0,0,0,0,0,0,0,0,0,0,0,0,0,0,0,0,0,0,14,0,750,366,586,108,241,0,0,0,0,0,0,0,0,0,0
95,105,102,66,598,0,0,29,0,4,275,219,193,128,515,159,12,13,261,220,202,149,234,85,0,2,0,313,0,113,54,255,104,464,0,98,45,297,60,109,0,34,0,0,0,24,0,82,0,4,0,63,0,0,1,7,0,0,0,0,0,0,0,0,0,10,0,0,0,0,0,0,0,0,0,0,0,0,0,0,0,0,0,0,0,0,0,0,0,0,0,0,0,0,0,0,0,0,0,0,0,0,0,0,0,0,0,0,0,0,0,0,0,0,0,0,0,0,0,0,0,0,0,0,0,5,0,14,0,0,0,0,0,6,0,32,0,35,0,0,0,0,0,0,0,0,0,15,1,13,0,26,0,0,0,0,0,0,0,0,0,0,0,4,0,26,0,316,0,89,0,32,0,133,0,0,281,344,65,9,0,18,0,0,0,3,0,0,0,0,0,0,0,0,0,0,0,3,0,0,0,0,0,0,0,0,0,14,0,12,0,0,26,0,119,0,0,0,695,417,655,108,0,5,0
78,262,55,0,11,0,0,0,59,102,31,0,0,0,0,0,39,0,0,0,0,0,5,0,177,200,0,0,0,0,0,0,1,0,0,0,0,0,10,27,0,0,0,0,0,0,13,0,12,0,2,0,118,87,216,0,9,0,21,0,141,0,434,168,0,0,0,1,0,0,0,0,0,0,0,0,0,0,0,0,0,0,0,0,0,0,0,0,0,0,0,0,0,0,0,0,0,0,0,0,0,0,1,0,0,0,0,0,0,0,0,0,0,0,0,0,0,0,0,0,0,0,0,0,3,0,0,0,0,0,8,0,2,0,17,0,15,0,0,0,0,0,0,0,0,0,0,0,3,0,0,0,0,0,4,0,11,0,0,0,3,0,6,0,1,0,0,0,38,0,96,0,86,0,0,0,25,15,0,0,0,0,7,0,2,0,0,0,0,0,0,0,0,0,0,0,0,0,0,0,0,0,0,0,0,0,0,0,5,0,764,88,384,354,740,6,77,0,0,0,0,0,0,0,0
125,40,0,63,0,29,0,0,250,12,0,15,0,28,0,8,52,11,0,23,0,0,6,0,154,84,0,34,0,8,0,0,0,5,0,2,0,0,0,191,0,10,0,0,0,0,0,0,0,0,0,0,100,172,92,541,0,18,0,12,52,228,153,297,0,1,0,0,0,0,0,0,0,0,0,0,0,0,0,0,0,0,0,0,0,0,0,0,0,0,0,0,0,0,0,0,0,6,0,0,0,0,0,0,0,0,0,0,0,0,0,0,0,0,0,0,0,0,0,0,0,0,0,0,0,0,0,7,0,0,0,3,0,0,0,49,0,71,0,0,0,0,0,0,0,0,0,0,0,4,0,2,0,0,0,0,0,13,0,0,0,0,0,6,0,3,0,0,0,35,0,69,0,140,0,0,36,23,0,0,0,0,0,0,0,0,0,0,0,0,0,0,0,0,0,0,0,0,0,0,0,0,0,0,0,0,0,0,0,5,0,0,0,0,766,0,0,0,871,80,570,451,54,148,1
109,176,0,0,15,0,59,250,0,524,9,0,10,0,11,0,15,0,3,0,0,0,0,0,24,298,7,0,0,0,0,0,0,0,0,0,0,0,5,5,4,1,3,0,0,0,16,0,7,0,0,0,220,241,104,287,15,9,118,14,179,0,223,155,109,0,65,14,0,0,0,0,2,0,0,0,2,0,0,0,0,0,0,0,0,0,0,0,0,0,0,0,0,0,0,0,0,0,0,0,0,0,0,0,1,0,0,0,0,0,0,0,0,0,0,0,0,0,0,0,0,0,0,0,4,0,22,0,0,0,32,0,0,0,31,1,9,0,0,0,0,0,0,0,0,0,2,1,85,1,9,0,7,0,4,0,51,0,4,0,46,0,5,0,0,0,0,0,9,0,88,0,30,0,0,0,132,48,2,0,0,0,2,0,119,16,0,0,0,0,0,0,0,0,0,0,2,0,8,0,6,0,0,0,0,0,4,0,30,0,548,110,135,0,452,9,36,0,0,0,0,0,3,0,0
0,31,0,5,0,4,102,12,524,0,0,40,0,7,0,0,0,4,0,0,0,0,0,3,69,22,0,38,0,0,0,7,0,0,0,0,0,0,0,0,0,0,0,0,0,0,0,0,0,0,0,0,285,405,357,136,0,16,154,64,33,275,65,210,0,171,70,66,0,0,0,0,0,0,0,0,0,0,0,0,0,0,0,0,0,0,0,0,0,0,0,0,0,0,0,0,0,0,0,0,0,0,0,0,0,0,0,0,0,0,0,0,0,0,0,0,0,0,0,0,0,0,0,0,0,52,0,14,0,0,0,58,0,4,0,16,0,10,0,0,0,0,0,0,0,0,0,57,0,137,0,64,0,44,0,9,0,60,0,0,0,10,0,0,0,0,0,0,1,7,11,46,0,36,0,12,54,98,0,0,0,9,0,6,0,95,0,0,0,0,0,2,0,2,0,0,0,5,0,5,0,0,0,0,0,0,0,21,0,41,8,17,8,0,487,0,0,0,732,92,160,0,0,87,0
191,8,74,0,125,275,31,0,9,0,0,120,192,0,25,148,28,0,14,70,205,67,0,156,0,0,53,0,31,0,83,15,238,39,8,3,107,0,275,0,66,0,0,0,14,0,102,0,22,0,0,0,3,0,5,0,0,0,6,0,0,0,0,0,4,0,1,0,0,0,0,0,0,0,0,0,0,0,0,0,0,0,0,0,0,0,0,0,0,0,0,0,0,0,0,0,0,0,0,0,0,0,0,0,0,0,0,0,0,0,0,0,0,0,0,0,0,0,0,0,0,0,0,0,0,0,5,0,0,0,6,0,0,0,4,0,1,0,0,0,0,0,0,0,0,0,0,0,9,0,0,0,19,0,0,0,0,0,0,0,1,0,0,0,0,0,64,0,16,1,0,0,112,0,9,0,367,43,50,0,58,0,20,0,17,0,22,0,0,0,0,0,0,0,0,0,0,0,0,0,0,0,0,0,0,0,0,0,5,0,272,197,174,0,85,0,1,0,0,0,0,0,0,0,0
128,164,117,10,211,219,0,15,0,40,120,0,25,287,195,8,20,0,51,41,63,30,252,25,5,0,0,199,9,35,17,44,18,178,0,0,8,131,36,67,3,66,0,16,0,20,0,137,0,33,0,48,0,0,0,4,0,0,0,1,0,0,0,0,0,18,0,0,0,0,0,0,0,0,0,0,0,0,0,0,0,0,0,0,0,0,0,0,0,0,0,0,0,0,0,0,0,0,0,0,0,0,0,0,0,0,0,0,0,0,0,0,0,0,0,0,0,0,0,0,0,0,0,0,0,0,0,16,1,0,0,3,0,0,0,10,0,18,0,0,0,0,0,0,0,0,0,0,0,35,0,59,0,45,0,0,0,0,0,0,0,0,0,0,0,0,3,45,1,15,0,0,8,62,0,0,130,364,11,18,0,62,5,30,0,37,2,0,0,0,0,1,0,0,0,0,0,5,0,6,0,0,0,0,0,0,0,24,0,23,0,10,0,0,0,0,0,0,194,129,174,0,0,0,0
72,0,163,0,386,193,0,0,10,0,192,25,0,417,26,26,0,0,130,326,90,112,0,0,0,0,112,493,0,0,5,0,0,0,84,69,11,26,0,0,161,73,43,65,30,62,152,76,10,0,161,83,0,0,3,0,0,0,0,0,0,0,0,0,0,0,0,0,0,0,0,0,0,0,0,0,0,0,2,0,0,0,0,0,0,0,0,0,0,0,0,0,0,0,0,0,0,0,0,0,0,0,0,0,0,0,0,0,0,0,0,0,0,0,0,0,0,0,0,0,0,0,0,0,1,0,3,0,0,0,5,0,0,0,0,0,0,0,0,0,0,0,0,0,0,0,0,0,11,0,0,0,0,0,0,0,0,0,0,0,0,0,0,0,51,0,12,0,28,4,2,0,5,0,0,0,355,83,46,0,0,0,15,0,14,0,27,24,0,0,0,0,0,0,0,0,0,0,0,0,6,0,0,0,0,0,0,0,9,0,152,271,168,0,19,0,0,0,0,6,0,0,0,0,0
0,152,0,18,227,128,0,28,0,7,0,287,417,0,44,4,0,0,395,47,168,67,0,0,0,0,350,172,0,0,0,0,0,6,102,56,0,57,0,0,57,251,118,131,0,93,0,214,0,80,136,307,0,0,0,0,0,0,0,2,0,0,0,0,0,7,0,0,0,0,0,0,0,0,0,0,0,0,0,0,1,0,0,0,0,0,0,0,0,0,0,0,0,0,0,0,0,0,0,0,0,0,0,0,0,0,0,0,0,0,0,0,0,0,0,0,0,0,0,0,0,0,0,0,0,0,0,0,0,0,0,0,0,0,0,0,0,0,0,0,0,0,0,0,0,0,0,0,0,16,0,0,0,0,0,0,0,0,0,0,0,0,0,0,0,68,0,24,0,35,0,0,0,8,0,11,72,432,10,11,0,15,0,3,0,13,32,108,0,0,0,0,0,0,0,0,0,0,0,0,0,0,0,0,0,0,0,0,0,17,24,0,53,0,46,0,0,0,249,266,229,61,0,1,0
0,0,253,0,219,515,0,0,11,0,25,195,26,44,0,216,83,0,142,128,430,128,389,81,52,0,258,8,10,6,89,39,60,110,74,15,94,56,6,0,8,0,11,0,31,2,0,0,3,0,24,0,0,0,49,0,0,0,0,0,0,0,8,0,5,0,0,0,0,0,0,0,0,0,0,0,0,0,0,0,40,0,0,0,0,0,0,0,0,0,132,0,0,0,0,0,229,0,0,0,21,0,0,0,0,0,0,0,0,0,0,0,0,0,0,0,0,0,0,0,0,0,0,0,0,0,0,0,0,0,10,0,0,0,247,0,143,0,0,0,0,0,99,0,0,0,0,0,66,0,0,0,26,0,0,0,0,0,0,0,0,0,0,0,0,0,74,16,15,1,5,0,22,0,0,0,36,32,13,0,42,0,0,0,38,0,0,0,0,0,0,0,0,0,0,0,0,0,0,0,171,0,0,0,0,0,0,0,0,0,165,155,101,26,70,0,2,0,18,9,35,0,0,0,0
63,32,47,129,203,159,0,8,0,0,148,8,26,4,216,0,12,51,37,259,66,104,79,66,0,15,0,64,0,87,23,214,88,232,0,34,28,131,39,169,0,0,0,0,0,0,0,0,0,1,0,0,0,2,0,41,0,0,0,0,0,0,0,21,0,0,0,0,0,0,0,0,0,0,0,0,0,0,0,0,0,0,0,0,0,0,0,0,0,0,0,0,0,0,0,0,0,0,0,0,0,0,0,0,0,0,0,0,0,0,0,0,0,0,0,0,0,0,0,0,0,0,0,0,0,0,0,25,0,0,0,0,0,0,0,65,0,176,0,17,0,5,0,0,0,0,0,8,0,5,0,17,0,0,0,1,0,1,0,0,0,0,0,0,0,2,0,144,0,12,0,0,0,61,0,0,44,10,17,1,0,0,4,1,0,2,0,0,0,0,0,0,0,0,0,0,0,8,0,4,0,0,0,0,0,3,0,0,0,24,0,0,6,0,35,0,0,0,159,59,183,0,0,0,0
267,194,400,56,72,12,39,52,15,0,28,20,0,0,83,12,0,41,83,0,197,0,381,45,139,124,267,0,51,0,44,0,40,0,37,0,16,24,25,32,0,0,0,0,114,0,0,0,4,0,21,0,72,0,48,0,18,0,0,0,15,41,184,74,0,0,0,0,0,0,0,0,0,0,14,0,0,0,0,0,172,0,0,0,240,0,111,0,0,0,165,0,0,0,134,0,377,0,325,0,0,0,0,0,0,0,116,0,0,0,0,0,0,0,0,0,0,0,0,0,50,0,32,0,3,0,0,0,0,0,13,0,26,0,52,0,139,0,121,0,48,0,216,0,0,0,0,0,0,0,0,0,0,0,62,0,0,0,25,0,13,0,0,1,0,0,0,0,0,0,0,0,23,14,0,0,163,0,0,0,0,0,124,0,16,0,0,0,0,0,0,0,0,0,0,0,0,0,0,0,138,0,0,0,0,0,0,0,0,0,24,21,33,13,15,0,0,0,9,0,0,0,0,0,0
111,19,39,49,0,13,0,11,0,4,0,0,0,0,0,51,41,0,0,31,0,144,61,272,0,137,0,30,0,205,0,43,0,0,0,36,3,26,29,136,0,0,0,27,0,0,0,0,0,0,0,0,0,21,0,91,0,0,0,0,0,21,42,174,0,0,0,0,0,0,0,1,0,0,0,8,0,0,0,0,0,105,0,0,0,0,0,36,0,0,0,12,0,0,0,0,0,0,0,0,0,145,0,0,0,0,0,0,0,0,0,0,0,0,0,0,0,0,0,0,0,0,0,0,0,0,0,0,0,0,0,0,0,0,0,151,0,316,0,96,0,86,0,227,0,0,0,0,0,0,0,0,0,0,0,29,0,0,0,0,0,9,0,0,0,0,0,9,0,9,0,0,13,13,0,0,0,0,0,0,0,0,0,0,0,0,0,0,0,0,0,0,0,0,0,0,0,0,0,0,0,0,0,0,0,0,0,0,0,0,0,0,0,0,10,0,0,0,27,23,37,0,0,0,0
0,0,163,0,92,261,0,0,3,0,14,51,130,395,142,37,83,0,0,285,305,98,163,8,0,0,309,243,0,0,17,0,0,0,149,57,19,43,0,0,0,29,27,24,19,20,3,17,0,0,111,35,0,0,0,0,0,0,0,0,0,0,0,0,0,0,0,1,0,0,0,0,0,0,0,0,0,0,0,0,0,0,0,0,0,0,0,0,0,0,0,0,0,0,0,0,186,0,0,0,0,0,0,0,0,0,0,0,0,0,0,0,0,0,0,0,0,0,0,0,0,0,0,0,0,0,0,0,0,0,0,0,0,0,0,0,0,0,0,0,0,0,0,0,0,0,0,0,33,0,8,0,0,0,0,0,0,0,0,0,0,0,0,0,33,0,18,0,19,0,5,0,6,0,0,0,73,25,35,0,0,0,10,0,0,0,6,11,0,0,0,0,0,0,0,0,0,0,0,0,0,0,0,0,0,0,0,0,0,0,190,157,78,39,56,0,0,0,0,0,0,0,0,0,0
0,85,0,156,312,220,0,23,0,0,70,41,326,47,128,259,0,31,285,0,141,322,0,44,0,0,81,189,0,0,35,77,0,0,91,289,21,134,0,0,0,0,0,110,0,54,0,58,0,22,39,392,0,0,0,10,0,0,0,0,0,0,0,0,0,0,0,0,0,0,0,0,0,0,0,0,0,0,0,0,0,0,0,0,0,0,0,0,0,0,0,0,0,0,0,0,0,0,0,0,0,0,0,0,0,0,0,0,0,0,0,0,0,0,0,0,0,0,0,0,0,0,0,0,0,4,0,0,0,0,0,0,0,0,0,99,0,138,0,0,0,0,0,0,0,5,0,25,0,40,0,70,0,34,0,1,0,7,0,0,0,0,0,0,0,42,0,95,1,36,0,26,0,0,0,0,35,32,24,3,0,0,0,0,0,0,0,0,0,0,0,0,0,0,0,0,0,0,0,0,0,0,0,0,0,0,0,0,0,28,0,0,0,0,57,0,0,0,262,212,328,59,0,0,0
27,0,152,0,502,202,0,0,0,0,205,63,90,168,430,66,197,0,305,141,0,89,408,58,19,0,299,168,43,0,59,14,12,22,75,36,18,17,2,0,0,21,116,0,95,0,0,0,0,0,82,30,0,0,0,0,0,0,0,0,0,0,6,0,0,0,0,0,0,0,0,0,0,0,0,0,0,0,0,0,91,0,0,0,117,0,0,0,0,0,108,0,0,0,0,0,0,0,238,0,23,0,0,0,0,0,0,0,0,0,0,0,0,0,0,0,0,0,0,0,0,0,8,0,0,0,0,0,0,0,0,0,0,0,0,0,0,0,21,0,0,0,0,0,0,0,0,0,0,0,0,0,3,0,2,0,0,0,3,0,0,0,0,0,17,0,31,0,14,0,0,0,9,0,0,0,104,0,98,0,0,0,27,0,5,0,14,0,0,0,0,0,0,0,0,0,0,0,0,0,0,0,0,0,0,0,0,0,0,0,135,172,71,0,48,0,1,0,0,0,0,0,0,0,0
0,0,0,0,188,149,0,0,0,0,67,30,112,67,128,104,0,144,98,322,89,0,18,97,0,46,30,270,0,98,0,70,15,22,47,69,19,17,10,5,5,5,0,119,0,46,0,18,0,0,0,79,0,60,0,0,0,0,0,0,0,0,0,157,0,0,0,0,0,0,0,0,0,0,0,0,0,0,0,0,0,0,0,0,0,0,0,40,0,0,0,0,0,0,0,0,0,0,0,0,0,0,0,0,0,0,0,0,0,0,0,0,0,0,0,0,0,0,0,0,0,0,0,0,0,0,0,0,0,0,0,0,0,0,0,0,0,0,0,0,0,0,0,123,0,7,0,0,0,0,0,0,0,0,0,0,0,0,0,0,0,0,0,0,0,0,0,39,0,10,0,0,0,26,0,0,10,13,19,12,0,0,0,0,0,0,1,0,0,0,0,0,0,0,0,0,0,0,0,0,0,0,0,0,0,0,0,5,0,0,0,13,0,0,0,0,0,0,147,211,26,25,0,0,0
24,235,223,88,57,234,5,6,0,0,0,252,0,0,389,79,381,61,163,0,408,18,0,257,38,0,304,0,128,33,36,0,39,0,17,0,0,94,227,109,0,0,0,0,25,0,3,0,7,0,0,0,3,0,173,0,0,0,0,0,37,0,123,30,0,0,0,0,0,0,0,0,0,0,0,0,0,0,0,0,0,0,0,0,76,0,0,0,0,0,124,0,0,0,0,0,0,0,0,0,0,0,0,0,0,0,0,0,0,0,0,0,0,0,0,0,0,0,0,0,0,0,0,0,2,0,0,0,0,0,0,0,0,0,231,0,216,0,0,0,0,0,144,0,0,0,0,0,10,0,0,0,4,0,0,0,0,0,0,0,0,0,1,0,0,0,25,0,21,0,3,0,102,42,0,0,54,21,1,0,0,0,19,0,0,0,0,0,0,0,0,0,0,0,0,0,0,0,13,0,182,0,0,0,0,0,0,0,0,0,154,84,190,0,105,0,1,2,8,0,0,0,0,0,0
164,15,110,71,145,85,0,0,0,3,156,25,0,0,81,66,45,272,8,44,58,97,257,0,0,35,0,0,25,114,12,71,45,48,0,20,29,92,64,301,0,0,0,10,0,3,0,0,0,0,0,12,0,3,0,16,0,0,0,0,0,0,13,90,0,0,0,0,0,0,0,0,0,0,0,0,0,0,0,0,0,14,0,0,0,22,0,0,0,0,0,0,0,0,0,16,0,0,0,16,0,21,0,0,0,0,0,0,0,0,0,0,0,0,0,0,0,0,0,0,0,9,0,0,0,0,0,0,0,0,0,0,0,0,0,15,0,31,0,0,0,0,0,27,0,0,0,0,0,0,0,0,0,0,0,0,0,0,0,0,0,1,0,0,0,0,0,22,0,0,0,3,8,56,0,0,37,20,4,9,0,0,0,5,0,0,0,0,0,0,0,0,0,0,0,0,0,0,0,0,0,0,0,0,0,0,0,2,0,0,6,7,5,0,33,0,0,0,111,219,128,31,0,0,0
8,384,55,39,0,0,177,154,24,69,0,5,0,0,52,0,139,0,0,0,19,0,38,0,0,242,47,0,0,0,0,0,4,0,0,0,3,30,18,74,0,0,0,0,0,0,0,0,3,0,0,0,37,80,204,24,34,0,10,0,63,91,487,244,0,0,0,0,0,0,0,0,0,0,0,0,0,0,0,0,0,0,0,0,0,0,0,0,0,0,0,0,0,0,0,0,11,0,0,0,0,0,2,0,0,0,0,0,0,0,0,0,0,0,0,0,0,0,0,0,0,0,0,0,0,0,0,0,22,0,27,0,0,0,59,0,73,4,0,0,0,0,34,0,0,0,0,0,0,0,0,1,0,0,8,0,0,0,0,0,12,0,3,0,0,0,0,0,9,0,23,0,77,23,0,0,34,10,0,0,0,0,20,2,0,0,0,0,0,0,0,0,0,0,0,0,0,0,0,0,25,0,0,0,0,0,0,0,0,0,81,29,165,82,116,0,0,0,0,4,0,0,0,0,0
217,20,52,57,0,2,200,84,298,22,0,0,0,0,0,15,124,137,0,0,0,46,0,35,242,0,0,0,0,145,0,15,0,0,0,24,0,96,0,463,0,0,0,0,0,0,0,0,0,0,0,0,97,55,140,272,0,28,0,8,144,173,260,233,0,0,2,0,0,0,0,0,0,0,0,0,0,0,0,0,0,0,0,0,0,0,0,0,0,0,0,0,0,0,0,0,0,0,0,8,0,0,0,0,0,0,0,0,0,0,0,0,0,0,0,0,0,0,0,0,0,0,0,0,0,0,0,20,0,0,0,4,0,37,0,98,0,254,0,0,0,14,0,30,0,0,0,0,0,0,0,5,0,0,0,23,8,0,0,0,0,8,0,0,0,0,0,13,3,7,0,10,23,87,0,0,20,9,0,1,0,0,0,0,0,0,0,0,0,0,0,0,0,0,0,0,0,1,0,0,0,0,0,0,0,0,0,0,0,22,17,8,8,0,158,0,0,0,262,76,219,113,0,15,0
14,0,110,0,161,0,0,0,7,0,53,0,112,350,258,0,267,0,309,81,299,30,304,0,47,0,0,515,59,0,0,0,0,0,38,14,77,0,0,0,42,268,303,135,140,208,332,223,32,0,293,127,0,0,0,0,0,0,0,0,0,0,19,0,0,0,1,0,0,0,0,0,0,0,0,0,0,0,0,0,0,0,0,0,0,0,130,0,0,0,0,0,0,0,0,0,530,0,0,0,0,0,0,0,0,0,0,0,0,0,0,0,0,0,0,0,0,0,0,0,70,0,0,0,0,0,2,0,0,0,0,0,0,0,62,0,0,0,0,0,0,0,121,0,0,0,0,0,46,0,11,0,0,0,0,0,0,0,0,0,0,0,0,0,82,0,5,0,0,0,0,1,3,0,0,0,67,30,0,0,0,0,21,0,42,0,47,22,0,0,0,0,0,0,0,0,3,0,0,0,0,0,0,0,0,0,0,0,10,0,129,463,198,53,23,0,0,16,0,0,0,0,0,0,0
0,215,0,114,75,313,0,34,0,38,0,199,493,172,8,64,0,30,243,189,168,270,0,0,0,0,515,0,0,61,0,15,0,0,157,63,0,15,0,0,164,62,171,344,0,371,43,283,3,62,237,353,0,0,0,0,0,0,0,0,0,0,0,58,0,0,0,0,0,0,0,0,0,0,0,0,0,0,0,0,0,0,0,21,0,0,0,0,0,0,0,0,0,0,0,0,0,0,0,0,0,29,0,0,0,0,0,0,0,0,0,0,0,0,0,0,0,1,0,0,0,0,0,0,0,0,0,0,0,0,0,8,0,0,0,92,0,148,0,0,0,0,0,0,0,11,0,49,0,55,0,98,0,0,0,0,0,0,0,0,0,0,0,0,0,67,0,0,0,0,0,0,0,0,0,0,55,140,5,1,0,0,0,7,0,0,53,27,0,0,0,0,0,0,0,0,0,0,0,0,0,0,0,0,0,0,0,47,0,59,0,0,0,0,34,0,0,0,211,629,189,49,0,0,0
65,17,98,0,0,0,0,0,0,0,31,9,0,0,10,0,51,0,0,0,43,0,128,25,0,0,59,0,0,0,9,0,36,3,17,0,7,0,37,0,0,0,104,0,66,0,0,0,0,0,35,0,0,0,7,0,0,0,0,0,1,0,26,0,0,0,0,0,0,0,13,0,6,0,0,0,0,0,0,0,0,0,0,0,70,0,70,0,0,0,0,0,0,0,0,0,0,0,128,0,0,0,0,0,0,0,0,0,0,0,0,0,0,0,0,0,0,0,0,0,0,0,0,0,0,0,0,0,37,0,1,0,6,0,0,0,16,0,43,0,28,0,0,0,14,0,0,0,0,0,0,0,0,0,25,0,0,0,11,0,0,0,0,0,0,0,0,0,0,0,0,0,0,0,0,0,35,0,0,0,0,0,37,0,0,0,0,0,0,0,0,0,0,0,0,0,0,0,0,0,0,0,0,0,0,0,0,0,0,0,0,11,0,0,0,0,0,0,0,0,0,0,0,0,0
0,118,18,147,0,113,0,8,0,0,0,35,0,0,6,87,0,205,0,0,0,98,33,114,0,145,0,61,0,0,0,61,0,51,0,201,0,75,0,57,0,0,0,201,0,0,0,0,0,0,0,155,0,62,0,0,0,0,0,2,0,0,0,221,0,0,0,0,0,0,0,0,0,0,0,0,0,0,0,0,0,0,0,0,0,0,0,0,0,0,0,0,0,0,0,0,0,0,0,11,0,0,0,0,0,0,0,0,0,0,0,0,0,0,0,0,0,0,0,0,0,27,0,0,0,0,0,0,0,0,0,0,0,0,0,0,0,0,0,36,0,65,0,184,0,11,0,0,0,0,0,0,0,0,0,0,0,0,0,0,0,0,0,0,0,0,0,8,0,0,0,0,0,0,0,0,12,49,0,14,0,2,0,7,0,0,0,0,0,0,0,0,0,0,0,0,0,0,0,0,0,0,0,0,0,0,0,0,0,0,0,0,0,0,0,0,0,0,15,72,12,6,0,0,0
0,0,29,0,112,54,0,0,0,0,83,17,5,0,89,23,44,0,17,35,59,0,36,12,0,0,0,0,9,0,0,2,3,0,28,0,63,0,0,2,0,0,78,0,0,0,0,0,0,0,62,0,0,0,0,0,0,0,0,0,0,0,5,0,0,0,0,0,0,0,0,0,0,0,6,0,0,0,0,0,0,0,0,0,28,0,0,0,0,0,0,0,0,0,0,0,0,0,0,0,0,0,0,0,0,0,0,0,0,0,0,0,0,0,0,0,0,0,0,0,0,0,0,0,0,0,0,0,0,0,4,0,0,0,0,0,0,0,0,0,2,0,0,0,0,0,0,0,0,0,3,0,0,0,2,0,0,0,0,0,0,0,0,0,6,0,26,0,5,0,0,0,7,0,0,0,14,3,45,0,0,0,0,0,0,0,0,0,0,0,0,0,0,0,0,0,0,0,0,0,0,0,0,0,0,0,0,0,0,0,31,30,29,0,7,0,0,0,0,2,0,0,0,0,0
0,0,10,51,61,255,0,0,0,7,15,44,0,0,39,214,0,43,0,77,14,70,0,71,0,15,0,15,0,61,2,0,0,3,7,36,0,17,0,6,0,0,0,44,0,2,0,0,0,0,0,63,0,5,0,0,0,0,0,0,0,0,0,26,0,0,0,0,0,0,0,0,0,0,0,0,0,0,0,0,0,0,0,0,0,0,0,0,0,0,0,0,0,0,0,0,0,0,0,0,0,0,0,0,0,0,0,0,0,0,0,0,0,0,0,0,0,0,0,0,0,0,0,1,0,0,0,0,0,0,0,0,0,0,0,0,0,0,0,0,0,0,0,0,0,0,0,0,0,0,0,0,0,0,0,0,0,2,0,0,0,0,0,0,0,0,0,27,0,3,0,3,0,0,0,0,7,28,3,20,0,0,0,5,0,0,0,0,0,0,0,0,0,0,0,0,0,0,0,0,0,0,0,0,0,0,0,0,0,0,2,0,0,0,0,0,0,0,72,137,28,0,0,1,0
0,0,76,0,219,104,1,0,0,0,238,18,0,0,60,88,40,0,0,0,12,15,39,45,4,0,0,0,36,0,3,0,0,0,5,0,58,0,0,0,0,0,6,0,0,0,0,0,0,0,5,0,0,0,0,0,0,0,0,0,0,0,7,0,0,0,0,0,0,0,0,0,0,0,0,0,0,0,0,0,0,0,26,0,53,0,47,0,0,0,12,0,0,0,0,0,0,0,143,0,0,0,0,0,0,0,0,0,0,0,0,0,0,0,0,0,0,0,0,0,38,0,0,0,0,0,0,0,14,0,0,0,0,0,0,0,7,0,16,0,16,0,26,0,8,0,0,0,0,0,0,0,0,0,5,0,0,0,2,0,0,0,0,0,0,0,26,2,5,0,0,0,5,0,0,0,69,9,67,0,0,0,17,0,0,0,0,0,0,0,0,0,0,0,0,0,0,0,0,0,0,0,0,0,0,0,0,0,0,0,42,55,43,0,0,0,0,0,0,0,0,0,0,0,0
0,72,0,84,83,464,0,5,0,0,39,178,0,6,110,232,0,0,0,0,22,22,0,48,0,0,0,0,3,51,0,3,0,0,0,104,0,128,10,5,0,0,0,40,0,1,0,0,0,0,0,41,0,0,0,0,0,0,0,0,0,2,0,18,0,0,0,0,0,0,0,0,0,0,0,0,0,0,0,0,0,0,0,0,0,0,0,0,0,0,0,0,0,0,0,0,0,0,0,0,0,0,0,0,0,0,0,0,0,0,0,0,0,0,0,0,0,0,0,0,0,0,0,0,0,0,0,0,0,0,0,0,0,0,0,0,0,0,0,0,0,17,0,0,0,9,0,0,0,0,0,0,0,0,0,2,0,8,0,0,0,0,0,0,0,3,0,96,0,0,0,0,0,10,0,9,36,126,0,93,0,0,0,21,0,0,0,2,0,0,0,0,0,0,0,0,0,0,0,0,0,0,0,0,0,0,0,0,0,0,0,6,0,0,9,0,0,0,32,290,67,0,0,0,0
0,0,0,0,154,0,0,0,0,0,8,0,84,102,74,0,37,0,149,91,75,47,17,0,0,0,38,157,17,0,28,7,5,0,0,0,99,9,0,0,0,0,16,23,0,12,0,18,0,0,77,17,0,0,0,0,0,0,0,0,0,0,5,0,0,0,0,0,0,0,0,0,0,0,2,0,0,0,0,0,0,0,8,0,0,0,0,0,0,0,0,0,0,0,0,0,0,0,0,0,0,0,0,0,0,0,4,0,0,0,0,0,0,0,0,0,0,0,0,0,0,0,0,0,0,0,0,0,5,0,0,0,0,0,0,0,0,0,0,0,0,0,0,0,0,0,0,0,0,0,0,0,0,0,0,0,0,0,0,0,0,0,0,0,33,0,48,0,26,0,0,0,11,0,0,0,56,7,60,0,0,0,3,0,1,0,10,0,0,0,0,0,0,0,0,0,0,0,0,0,0,0,0,0,0,0,0,0,0,0,134,175,106,0,26,0,0,0,0,0,0,0,0,0,0
0,0,0,0,56,98,0,2,0,0,3,0,69,56,15,34,0,36,57,289,36,69,0,20,0,24,14,63,0,201,0,36,0,104,0,0,1,120,0,64,0,0,0,69,0,2,0,0,0,0,0,90,0,15,0,0,0,0,0,0,0,0,0,62,0,0,0,0,0,0,0,0,0,0,0,0,0,0,0,0,0,0,0,0,0,0,0,20,0,0,0,0,0,0,0,0,0,0,0,18,0,0,0,0,0,0,0,2,0,0,0,0,0,0,0,0,0,0,0,0,0,0,0,0,0,0,0,0,0,0,0,0,0,0,0,0,0,0,0,0,0,0,0,109,0,0,0,0,0,0,0,0,0,0,0,0,0,0,0,0,0,0,0,0,0,8,0,20,0,10,0,11,0,21,0,0,2,15,3,3,0,0,0,2,0,0,0,12,0,1,0,0,0,0,0,0,0,0,0,0,0,0,0,0,0,0,0,0,0,0,0,0,0,0,0,0,0,0,127,157,40,0,0,0,0
0,3,20,0,158,45,0,0,0,0,107,8,11,0,94,28,16,3,19,21,18,19,0,29,3,0,77,0,7,0,63,0,58,0,99,1,0,0,78,0,0,0,106,0,40,0,0,0,7,0,154,0,3,0,2,0,0,0,0,0,12,0,44,0,0,0,0,0,0,0,38,0,0,0,73,0,1,0,0,0,193,0,0,0,57,0,153,0,0,0,0,0,0,0,0,0,0,0,0,0,0,0,0,0,0,0,0,0,0,0,0,0,0,0,0,0,0,0,0,0,140,0,34,0,0,0,0,0,29,0,0,0,0,0,0,0,14,0,93,0,63,0,56,0,131,0,0,0,0,0,0,0,0,0,31,0,9,0,21,0,0,0,20,0,14,0,51,2,33,0,10,0,27,0,0,0,30,7,32,0,0,0,15,0,3,0,0,0,0,0,0,0,0,0,0,0,0,0,0,0,0,0,0,0,0,0,0,0,0,0,56,83,116,0,15,0,0,0,0,0,0,0,0,0,0
115,223,53,157,66,297,0,0,0,0,0,131,26,57,56,131,24,26,43,134,17,17,94,92,30,96,0,15,0,75,0,17,0,128,9,120,0,0,18,48,0,0,0,76,0,0,0,0,0,0,0,166,0,11,0,10,0,0,0,0,8,24,0,89,0,0,1,0,0,0,0,0,0,0,0,39,0,0,0,0,0,0,0,0,0,24,0,0,0,0,0,0,0,0,0,0,0,0,0,0,0,0,0,0,0,0,0,0,0,0,0,0,0,0,0,0,0,0,0,0,0,93,0,30,0,0,0,0,0,0,0,0,0,0,0,0,0,0,0,108,0,229,0,237,0,121,0,0,0,0,0,0,0,0,0,0,0,10,0,44,0,0,0,0,0,18,0,56,0,14,0,8,0,72,0,0,57,156,5,108,0,0,0,8,0,0,0,5,0,0,0,0,0,0,0,0,0,0,0,0,0,0,0,0,0,0,0,0,0,0,0,0,0,0,15,0,0,0,90,236,71,19,0,0,0
284,54,246,0,205,60,10,0,5,0,275,36,0,0,6,39,25,29,0,0,2,10,227,64,18,0,0,0,37,0,0,0,0,10,0,0,78,18,0,0,0,0,13,0,0,0,0,0,1,0,0,0,0,0,0,1,0,0,0,0,7,0,29,12,0,0,0,0,0,0,2,0,0,0,0,0,0,0,0,0,22,0,0,0,12,0,24,0,0,0,0,0,0,0,0,0,0,0,0,0,0,0,0,0,0,0,0,0,0,0,0,0,0,0,0,0,0,0,0,0,14,0,0,0,0,0,0,0,7,0,0,0,0,0,0,0,3,0,0,0,0,0,8,0,10,0,0,0,0,0,0,0,0,0,5,0,4,0,1,0,0,0,0,0,0,0,41,0,3,0,2,0,93,0,0,0,139,0,11,0,0,0,161,0,0,0,0,0,0,0,0,0,0,0,0,0,0,0,0,0,0,0,0,0,0,0,0,0,1,0,1,170,25,0,0,0,0,0,0,0,0,0,0,0,0
126,541,117,462,0,109,27,191,5,0,0,67,0,0,0,169,32,136,0,0,0,5,109,301,74,463,0,0,0,57,2,6,0,5,0,64,0,48,0,0,0,0,0,45,0,3,0,0,0,0,0,28,0,51,0,36,0,0,0,0,0,26,21,174,0,0,0,0,0,0,0,0,0,0,0,0,0,0,0,0,0,27,0,0,0,0,0,0,0,0,0,0,0,0,0,0,0,0,0,13,0,0,0,0,0,0,0,0,0,0,0,0,0,0,0,0,0,0,0,0,0,22,0,0,0,0,0,0,0,4,0,0,0,0,0,0,0,0,0,70,0,84,0,102,0,56,0,5,0,0,0,33,0,0,0,13,0,19,0,32,0,0,0,0,0,0,0,0,0,0,0,0,0,18,0,0,36,156,0,58,0,0,0,23,0,0,0,0,0,0,0,0,0,0,0,0,0,0,0,0,0,0,0,0,0,0,0,0,0,0,0,0,0,0,0,0,0,0,0,76,8,0,0,0,0
29,0,46,0,103,0,0,0,4,0,66,3,161,57,8,0,0,0,0,0,0,5,0,0,0,0,42,164,0,0,0,0,0,0,0,0,0,0,0,0,0,223,107,63,85,178,103,222,52,41,51,43,0,0,0,0,0,0,0,0,0,0,0,0,0,0,0,0,0,0,0,0,0,0,0,0,0,0,0,0,0,0,0,0,0,0,0,0,0,0,0,0,0,0,0,1,0,0,0,0,0,0,0,0,0,0,0,0,0,0,0,0,0,0,0,0,0,0,0,0,0,0,0,0,0,0,0,0,0,0,0,0,0,0,0,0,0,0,0,0,0,0,0,0,0,0,0,0,0,0,0,0,0,0,0,0,0,0,0,0,0,0,0,0,29,0,0,0,0,0,0,0,0,0,0,0,60,21,34,0,21,0,3,0,15,0,111,0,0,0,0,0,0,0,0,0,0,0,0,0,0,0,0,0,0,0,0,0,0,0,0,260,25,0,0,0,0,0,0,31,2,0,0,0,1
0,31,0,0,0,34,0,10,1,0,0,66,73,251,0,0,0,0,29,0,21,5,0,0,0,0,268,62,0,0,0,0,0,0,0,0,0,0,0,0,223,0,179,54,228,74,202,112,14,143,82,24,0,0,0,0,0,0,0,0,0,0,0,0,0,0,0,0,0,1,0,0,0,0,0,0,0,0,0,0,0,0,0,0,0,0,0,0,0,0,0,0,0,0,0,0,0,0,0,0,0,0,0,0,0,0,0,0,0,0,0,0,0,0,0,0,0,0,0,0,0,0,0,0,0,0,0,0,0,0,0,0,0,0,0,0,0,0,0,0,0,0,0,0,0,0,0,0,0,0,0,0,0,0,0,0,0,0,0,0,0,0,0,0,0,17,0,0,0,0,0,0,0,0,0,0,0,62,0,5,0,0,0,0,0,0,38,8,0,0,0,0,0,0,0,0,0,0,0,0,0,0,0,0,0,0,0,3,0,0,0,12,0,0,0,0,0,0,0,139,26,0,0,0,3
0,0,0,0,0,0,0,0,3,0,0,0,43,118,11,0,0,0,27,0,116,0,0,0,0,0,303,171,104,0,78,0,6,0,16,0,106,0,13,0,107,179,0,61,309,142,195,175,47,19,72,0,0,0,4,0,0,0,0,0,0,0,17,0,0,0,0,0,0,1,0,0,0,0,0,0,1,0,0,0,0,0,0,0,0,0,30,0,0,0,0,0,0,0,0,0,0,0,0,0,0,0,0,0,0,0,0,0,0,0,0,0,0,0,0,0,0,0,0,0,0,0,0,0,0,0,0,0,0,0,0,0,0,0,3,0,0,0,0,0,0,0,0,0,15,0,0,0,0,0,0,0,0,0,5,0,0,0,0,0,0,0,6,0,33,0,25,0,16,0,9,0,9,0,0,0,12,9,0,0,2,0,2,0,0,0,27,0,0,0,0,0,0,0,0,0,0,0,0,0,0,0,0,0,0,1,0,0,0,0,27,251,98,0,11,0,0,15,0,15,0,0,0,0,0
0,0,0,0,0,0,0,0,0,0,0,16,65,131,0,0,0,27,24,110,0,119,0,10,0,0,135,344,0,201,0,44,0,40,23,69,0,76,0,45,63,54,61,0,0,300,0,113,0,65,54,34,0,10,0,0,0,0,0,0,0,0,0,37,0,0,0,0,0,0,0,0,0,0,0,0,0,0,0,0,0,0,0,8,0,0,0,6,0,0,0,0,0,0,0,0,0,0,0,0,0,0,0,0,0,0,0,0,0,0,0,0,0,0,0,0,0,0,0,0,0,30,0,0,0,0,0,0,0,0,0,3,0,0,0,0,0,0,0,0,0,39,0,0,0,0,0,0,0,0,0,0,0,0,0,0,0,0,0,0,0,0,0,0,0,59,0,8,0,20,0,8,0,10,0,0,6,21,0,0,0,0,0,0,0,0,13,54,0,0,0,0,0,0,0,0,0,0,0,0,0,0,0,1,0,0,0,0,0,0,0,0,0,0,0,0,0,0,63,304,154,0,0,0,0
0,0,21,0,39,0,0,0,0,0,14,0,30,0,31,0,114,0,19,0,95,0,25,0,0,0,140,0,66,0,0,0,0,0,0,0,40,0,0,0,85,228,309,0,0,114,304,156,167,225,112,0,0,0,6,0,7,0,4,0,0,0,27,0,0,0,0,0,10,0,22,0,0,0,56,0,0,0,0,0,252,0,87,0,144,0,205,1,0,0,0,0,55,0,166,0,155,0,0,0,0,0,0,0,0,0,0,0,0,0,0,0,0,0,0,0,0,0,0,0,103,0,0,0,0,0,0,0,38,0,0,0,0,0,0,0,25,0,0,0,26,0,88,0,44,0,0,0,8,0,0,0,0,0,22,0,0,0,0,0,3,0,11,0,113,0,22,0,59,0,2,0,14,0,3,0,37,7,18,0,0,0,0,0,0,0,52,0,0,0,0,0,0,0,0,0,0,0,0,0,0,0,0,0,0,0,0,0,0,0,116,339,200,25,22,0,0,56,0,37,0,0,0,0,0
1,31,0,0,0,24,0,0,0,0,0,20,62,93,2,0,0,0,20,54,0,46,0,3,0,0,208,371,0,0,0,2,0,1,12,2,0,0,0,3,178,74,142,300,114,0,142,328,11,152,65,104,0,0,0,0,0,0,0,0,0,0,0,0,0,6,0,0,0,19,0,0,0,0,0,0,0,0,0,0,0,0,0,33,0,0,0,8,0,0,0,1,0,2,0,23,0,0,0,0,0,21,0,0,0,0,0,0,0,0,0,0,0,0,0,0,0,0,0,0,0,0,0,0,0,0,0,0,0,0,0,0,0,0,0,0,0,0,0,0,0,0,0,0,0,0,0,0,0,0,0,0,0,0,0,0,0,0,0,0,0,0,0,6,0,198,0,10,0,107,0,18,0,15,0,0,0,11,1,0,0,0,0,0,0,0,20,28,0,0,0,0,0,0,0,14,0,0,0,0,0,0,0,0,0,0,0,0,0,15,0,18,0,0,7,0,0,0,49,550,443,23,0,0,35
43,0,62,0,161,0,13,0,16,0,102,0,152,0,0,0,0,0,3,0,0,0,3,0,0,0,332,43,0,0,0,0,0,0,0,0,0,0,0,0,103,202,195,0,304,142,0,168,100,119,23,0,0,0,0,0,0,0,0,0,0,0,0,0,0,0,0,0,0,0,0,0,0,0,0,0,0,0,0,0,32,0,0,1,0,0,30,0,0,0,32,0,0,0,22,0,46,0,50,0,0,0,0,0,0,0,15,0,0,0,0,0,0,0,0,0,0,0,0,0,0,0,0,0,0,0,2,0,0,0,0,0,0,0,14,0,0,0,0,0,0,0,0,0,0,0,0,0,20,0,4,0,0,0,0,0,0,0,0,0,0,0,0,0,59,0,1,0,0,0,2,0,0,0,0,0,22,13,23,0,0,0,18,0,28,0,105,0,0,0,0,0,0,0,0,0,0,0,0,0,0,0,0,0,0,0,0,0,6,0,40,538,69,0,8,0,0,43,0,25,0,0,0,0,0
0,76,0,0,0,82,0,0,0,0,0,137,76,214,0,0,0,0,17,58,0,18,0,0,0,0,223,283,0,0,0,0,0,0,18,0,0,0,0,0,222,112,175,113,156,328,168,0,24,99,72,48,0,0,0,0,0,0,0,0,0,0,0,0,0,0,0,0,0,6,0,0,0,0,0,0,0,0,0,0,0,0,0,4,0,0,0,0,0,0,0,0,0,0,0,0,0,0,0,0,0,0,0,0,0,0,0,0,0,0,0,0,0,0,0,0,0,0,0,0,0,0,0,0,0,0,0,0,0,0,0,0,0,0,0,0,0,0,0,0,0,0,0,0,0,0,0,0,0,16,0,0,0,0,0,0,0,1,0,0,0,0,0,0,0,52,0,0,0,0,0,0,0,0,0,0,7,44,0,0,0,2,0,0,0,0,42,8,0,0,0,0,0,0,0,0,0,0,0,0,0,0,0,0,0,0,0,8,0,0,0,16,0,0,0,0,0,0,0,480,46,4,0,0,14
7,0,34,0,30,0,12,0,7,0,22,0,10,0,3,0,4,0,0,0,0,0,7,0,3,0,32,3,0,0,0,0,0,0,0,0,7,0,1,0,52,14,47,0,167,11,100,24,0,118,4,0,0,0,18,0,30,0,23,0,0,0,0,0,0,0,0,0,6,0,4,0,3,0,0,0,0,1,13,0,35,0,29,1,0,0,32,0,4,0,0,0,19,0,62,0,0,1,37,0,12,3,30,1,7,0,4,0,0,0,0,0,0,1,0,0,0,0,0,0,0,0,0,0,3,0,0,0,0,0,2,0,3,2,7,0,4,0,0,0,0,0,0,1,0,0,2,0,0,0,0,0,0,0,5,0,0,0,0,0,7,0,0,0,25,0,14,0,13,0,0,0,7,0,6,0,93,8,10,0,0,0,4,0,7,0,136,0,10,0,13,1,7,0,9,1,0,0,0,0,4,0,0,0,0,0,0,0,4,0,91,82,159,5,23,0,0,17,0,16,14,7,0,1,28
0,0,0,1,0,4,0,0,0,0,0,33,0,80,0,1,0,0,0,22,0,0,0,0,0,0,0,62,0,0,0,0,0,0,0,0,0,0,0,0,41,143,19,65,225,152,119,99,118,0,0,30,0,0,0,0,0,2,0,0,0,0,0,0,0,0,0,0,0,0,0,0,0,0,0,0,0,2,0,0,0,0,0,2,0,0,0,1,0,0,0,0,0,0,0,0,0,0,0,0,0,0,0,0,0,0,0,0,0,0,0,0,0,0,0,0,0,0,0,0,0,0,0,0,0,0,0,0,0,0,0,0,0,0,0,1,0,0,0,0,0,0,0,0,0,0,0,1,0,0,0,0,0,0,0,0,0,0,0,0,0,0,0,0,9,23,0,0,0,0,0,0,0,0,0,3,0,27,0,0,0,1,0,0,0,1,58,51,0,0,0,0,0,0,0,0,0,0,0,0,0,0,0,0,0,0,0,0,0,0,0,28,0,0,3,0,0,8,21,29,22,0,0,0,27
0,0,0,0,68,0,2,0,0,0,0,0,161,136,24,0,21,0,111,39,82,0,0,0,0,0,293,237,35,0,62,0,5,0,77,0,154,0,0,0,51,82,72,54,112,65,23,72,4,0,0,41,0,0,0,0,10,0,14,0,0,0,1,0,0,0,0,0,0,0,20,0,0,0,18,0,6,0,0,0,80,0,0,0,0,0,76,0,0,0,19,0,13,0,33,0,0,0,108,0,0,0,6,0,0,0,0,0,0,0,0,0,0,0,0,0,0,0,0,0,0,0,0,0,0,0,0,0,4,0,0,0,0,0,0,0,0,0,0,0,0,0,8,0,20,0,0,0,0,0,3,0,0,0,0,0,0,0,0,0,8,0,15,0,36,0,24,0,42,1,17,0,21,0,1,0,50,4,17,0,0,0,0,0,0,0,37,5,0,0,0,0,0,0,0,0,0,0,0,0,6,0,0,0,0,0,0,0,0,0,175,193,115,36,41,0,1,0,4,10,0,0,0,0,0
0,0,0,0,0,63,0,0,0,0,0,48,83,307,0,0,0,0,35,392,30,79,0,12,0,0,127,353,0,155,0,63,0,41,17,90,0,166,0,28,43,24,0,34,0,104,0,48,0,30,41,0,0,0,0,0,0,0,0,0,0,0,0,54,0,0,0,0,0,0,0,0,0,0,0,35,0,0,0,0,0,60,0,0,0,40,0,36,0,0,0,0,0,0,0,28,0,0,0,0,0,0,0,0,0,0,0,0,0,0,0,0,0,0,0,0,0,0,0,0,0,74,0,14,0,0,0,0,0,0,0,0,0,0,0,0,0,0,0,0,0,68,0,184,0,45,0,0,0,0,0,0,0,0,0,0,0,0,0,0,0,0,0,4,0,38,0,32,0,33,0,18,0,31,0,0,0,16,4,2,0,0,0,0,0,0,9,88,0,0,0,0,0,0,0,0,0,0,0,0,0,0,0,0,0,0,0,0,0,0,0,0,0,0,30,0,0,0,175,306,79,0,0,0,1
5,20,5,0,0,0,118,100,220,285,3,0,0,0,0,0,72,0,0,0,0,0,3,0,37,97,0,0,0,0,0,0,0,0,0,0,3,0,0,0,0,0,0,0,0,0,0,0,0,0,0,0,0,162,145,259,128,38,124,103,73,0,24,39,1,7,10,98,0,0,9,0,0,0,19,0,0,0,0,0,110,0,0,0,128,0,64,0,0,0,56,0,0,0,59,0,151,0,158,0,15,0,0,0,0,0,34,0,0,0,0,0,0,0,0,0,0,0,0,0,41,0,0,0,0,0,3,0,133,0,33,0,21,0,29,0,92,0,343,0,63,0,181,0,29,0,0,0,2,0,0,0,0,0,218,10,151,4,142,0,18,0,0,0,0,0,0,0,10,0,26,0,0,0,0,0,63,14,0,0,0,0,24,0,99,12,0,0,0,0,0,0,0,0,0,0,0,0,0,0,56,0,0,0,0,0,0,0,0,0,7,37,15,0,24,0,1,0,0,0,0,0,2,0,0
0,42,0,10,0,0,87,172,241,405,0,0,0,0,0,2,0,21,0,0,0,60,0,3,80,55,0,0,0,62,0,5,0,0,0,15,0,11,0,51,0,0,0,10,0,0,0,0,0,0,0,0,162,0,231,141,34,98,209,102,22,27,66,82,0,0,60,122,0,0,0,0,0,0,0,0,0,0,0,0,0,53,0,0,0,83,0,0,0,0,0,0,0,0,0,33,0,0,0,41,0,50,0,0,0,0,0,0,0,0,0,0,0,0,0,0,0,0,0,0,0,41,0,5,0,22,0,0,0,85,0,57,0,27,0,110,0,245,0,357,0,214,0,606,0,77,0,0,0,0,0,0,0,0,6,242,18,33,0,254,0,52,0,0,0,0,0,3,0,3,7,4,0,9,0,0,7,64,0,0,0,4,4,0,3,65,0,0,0,0,0,0,0,0,0,0,0,0,0,0,0,0,0,0,0,0,0,0,0,4,5,0,7,0,9,0,0,0,4,50,6,0,0,1,0
6,20,108,0,0,1,216,92,104,357,5,0,3,0,49,0,48,0,0,0,0,0,173,0,204,140,0,0,7,0,0,0,0,0,0,0,2,0,0,0,0,0,4,0,6,0,0,0,18,0,0,0,145,231,0,290,45,18,77,58,34,0,68,74,0,0,1,53,0,0,0,0,0,0,0,0,0,0,0,0,0,0,0,0,19,0,0,0,0,0,7,0,0,0,0,0,21,0,6,0,0,0,0,0,1,0,22,0,0,0,0,0,0,0,0,0,0,0,0,0,0,0,0,0,0,0,2,0,38,0,50,0,0,0,50,0,67,0,12,0,9,0,49,0,0,0,0,0,1,0,0,0,0,0,44,0,52,0,6,0,8,0,0,0,1,0,0,0,18,0,118,0,15,0,0,0,73,9,0,0,0,0,19,2,29,14,0,0,0,0,0,0,0,0,0,0,0,0,0,0,40,0,0,0,0,0,0,0,0,0,216,41,296,309,265,25,61,4,0,0,0,0,0,0,0
0,22,0,64,0,7,0,541,287,136,0,4,0,0,0,41,0,91,0,10,0,0,0,16,24,272,0,0,0,0,0,0,0,0,0,0,0,10,1,36,0,0,0,0,0,0,0,0,0,0,0,0,259,141,290,0,0,98,195,37,28,29,52,26,1,0,100,10,0,0,0,0,0,0,0,0,0,0,0,0,0,0,0,0,0,0,0,0,0,0,0,0,0,0,0,0,0,0,0,3,0,0,0,0,0,0,0,0,0,0,0,0,0,0,0,0,0,0,0,0,0,0,0,0,0,3,0,12,0,15,0,12,0,47,0,50,0,152,0,29,0,10,0,44,0,4,0,0,0,0,0,1,0,0,15,52,31,16,0,12,0,14,0,0,0,0,0,0,0,32,9,140,0,34,0,0,3,0,0,0,0,0,0,0,12,10,0,0,0,0,0,0,0,0,0,0,0,0,0,0,0,0,0,0,0,0,0,2,0,14,0,0,0,0,388,0,0,0,306,33,384,504,105,100,0
0,0,0,0,0,0,9,0,15,0,0,0,0,0,0,0,18,0,0,0,0,0,0,0,34,0,0,0,0,0,0,0,0,0,0,0,0,0,0,0,0,0,0,0,7,0,0,0,30,0,10,0,128,34,45,0,0,0,291,71,8,0,0,0,8,51,0,118,0,0,0,0,0,0,0,0,0,0,0,0,0,0,0,0,0,0,0,0,0,0,0,0,0,0,0,0,0,0,0,0,0,0,0,0,0,0,0,0,0,0,0,0,0,0,0,0,0,0,0,0,0,0,0,0,4,0,0,0,13,0,29,0,0,0,7,0,11,0,3,3,0,0,0,0,15,0,0,0,4,0,0,0,0,0,394,57,229,0,86,36,60,0,37,0,6,0,26,0,25,0,261,0,37,0,1,4,0,0,0,0,0,7,0,0,9,40,0,0,0,0,0,0,0,0,0,0,0,0,0,0,2,0,0,0,0,0,0,0,0,0,497,132,585,494,800,63,61,8,0,0,2,0,0,0,0
0,0,0,0,0,0,0,18,9,16,0,0,0,0,0,0,0,0,0,0,0,0,0,0,0,28,0,0,0,0,0,0,0,0,0,0,0,0,0,0,0,0,0,0,0,0,0,0,0,2,0,0,38,98,18,98,0,0,83,172,0,3,0,32,0,0,45,8,0,1,0,0,0,0,0,0,0,3,0,0,0,0,0,0,0,5,0,0,0,0,0,0,0,0,0,0,0,0,0,0,0,0,0,1,0,0,0,0,0,0,0,0,0,0,0,0,0,0,0,0,0,0,0,0,0,30,0,17,0,60,0,87,0,79,0,44,0,80,0,29,0,14,0,20,0,0,0,2,0,1,0,0,0,0,23,213,0,19,0,69,0,41,0,31,0,0,0,2,0,40,0,267,0,4,0,0,0,0,0,0,2,0,0,0,8,4,0,0,0,0,0,0,0,0,0,0,0,0,0,0,0,0,0,0,0,0,0,0,0,19,0,1,0,0,440,0,0,0,224,27,521,529,137,53,0
5,4,19,0,0,0,21,0,118,154,6,0,0,0,0,0,0,0,0,0,0,0,0,0,10,0,0,0,0,0,0,0,0,0,0,0,0,0,0,0,0,0,0,0,4,0,0,0,23,0,14,0,124,209,77,195,291,83,0,238,33,0,0,0,172,73,181,284,2,0,0,0,5,0,0,0,0,0,0,0,0,0,0,0,0,0,0,0,0,0,0,0,0,0,0,0,0,0,0,0,0,0,0,0,0,0,0,0,0,0,0,0,0,0,0,0,0,0,0,0,0,0,0,0,0,0,0,0,0,0,1,0,0,0,0,0,0,0,0,0,0,0,0,0,7,0,0,0,1,0,0,0,0,0,125,88,330,19,0,18,16,0,7,0,0,0,14,0,21,0,163,0,0,0,1,0,0,0,0,0,17,0,0,0,152,77,0,0,0,0,0,0,0,0,0,0,0,0,0,0,0,0,0,0,0,0,0,0,0,0,723,368,348,517,1002,68,94,9,5,0,0,0,0,0,0
0,17,0,10,0,0,0,12,14,64,0,1,0,2,0,0,0,0,0,0,0,0,0,0,0,8,0,0,0,2,0,0,0,0,0,0,0,0,0,0,0,0,0,0,0,0,0,0,0,0,0,0,103,102,58,37,71,172,238,0,0,22,0,0,58,128,197,81,0,1,0,0,0,0,0,0,0,0,0,0,0,0,0,0,0,0,0,0,0,0,0,0,0,0,0,0,0,0,0,0,0,1,0,0,1,0,0,0,0,0,0,0,0,0,0,0,0,0,0,0,0,0,0,0,0,16,0,13,0,0,0,22,0,29,0,11,0,10,0,2,0,0,0,0,29,20,0,9,0,9,0,0,0,0,147,138,22,190,0,37,0,28,0,23,0,0,0,3,0,15,1,68,0,7,0,0,0,0,0,0,19,16,0,0,57,41,0,0,0,0,0,0,0,0,0,0,0,0,0,0,0,2,0,0,0,0,0,4,0,7,0,0,3,0,1071,0,0,0,1193,469,384,542,184,52,1
174,88,121,23,0,0,141,52,179,33,0,0,0,0,0,0,15,0,0,0,0,0,37,0,63,144,0,0,1,0,0,0,0,0,0,0,12,8,7,0,0,0,0,0,0,0,0,0,0,0,0,0,73,22,34,28,8,0,33,0,0,22,17,54,0,0,0,0,0,0,8,0,0,0,15,0,0,0,0,0,0,0,0,0,0,0,20,0,0,0,0,0,0,0,0,0,0,0,0,0,0,0,0,0,0,0,0,0,0,0,0,0,0,0,0,0,0,0,0,0,22,0,8,0,0,0,0,0,21,0,0,0,0,0,1,0,14,0,149,0,62,0,32,0,110,0,0,0,0,0,0,0,0,0,97,0,61,0,67,0,4,0,0,0,0,0,0,0,0,0,94,0,134,3,0,0,197,0,0,0,0,0,119,0,33,0,0,0,0,0,0,0,0,0,0,0,0,0,0,0,0,0,0,0,0,0,0,0,0,0,8,155,56,11,0,1,0,0,0,0,0,0,0,0,0
85,361,49,114,0,0,0,228,0,275,0,0,0,0,0,0,41,21,0,0,0,0,0,0,91,173,0,0,0,0,0,0,0,2,0,0,0,24,0,26,0,0,0,0,0,0,0,0,0,0,0,0,0,27,0,29,0,3,0,22,22,0,23,22,0,0,0,29,0,0,0,0,0,0,0,6,0,0,0,0,0,6,0,0,0,0,0,0,0,0,0,0,0,0,0,0,0,0,0,0,0,0,0,0,0,0,0,0,0,0,0,0,0,0,0,0,0,0,0,0,0,0,0,0,0,0,0,0,0,6,0,0,0,0,0,0,0,0,0,82,0,67,0,23,0,137,0,0,0,0,0,0,0,0,0,23,0,78,0,55,0,3,0,0,0,0,0,0,0,0,0,36,0,78,0,0,18,116,0,0,0,0,0,14,0,7,0,0,0,0,0,0,0,0,0,0,0,0,0,0,0,0,0,0,0,0,0,0,0,0,0,0,2,0,0,0,0,0,9,338,42,19,0,0,0
261,188,417,0,0,0,434,153,223,65,0,0,0,0,8,0,184,42,0,0,6,0,123,13,487,260,19,0,26,0,5,0,7,0,5,0,44,0,29,21,0,0,17,0,27,0,0,0,0,0,1,0,24,66,68,52,0,0,0,0,17,23,0,112,0,0,0,0,0,0,0,0,0,0,0,0,0,0,0,0,12,0,0,0,0,0,0,0,0,0,8,0,0,0,8,0,20,0,0,1,0,0,0,0,0,0,0,0,0,0,0,0,0,0,0,0,0,0,0,0,12,0,4,0,0,0,0,0,9,0,0,0,0,0,0,0,3,0,43,0,13,0,10,0,15,0,0,0,0,0,0,0,0,0,30,0,8,0,19,0,0,0,0,0,0,0,1,0,5,0,12,0,16,0,0,0,292,23,0,0,0,0,183,0,37,0,0,0,0,0,0,0,0,0,0,0,0,0,0,0,0,0,0,0,0,0,0,0,1,0,7,44,9,11,0,0,0,0,0,3,6,0,0,0,0
172,252,59,70,0,0,168,297,155,210,0,0,0,0,0,21,74,174,0,0,0,157,30,90,244,233,0,58,0,221,0,26,0,18,0,62,0,89,12,174,0,0,0,37,0,0,0,0,0,0,0,54,39,82,74,26,0,32,0,0,54,22,112,0,0,0,0,11,0,0,0,0,0,0,0,0,0,0,0,0,0,96,0,0,0,107,0,38,0,0,0,0,0,0,0,0,0,0,0,75,0,0,0,0,0,0,0,0,0,0,0,0,0,0,0,0,0,0,0,0,0,68,0,0,0,0,0,0,0,28,0,21,0,0,0,86,0,190,0,155,0,121,0,444,0,21,0,0,0,0,0,6,0,0,0,70,0,5,0,52,1,14,0,0,0,0,0,10,2,0,10,4,13,20,0,0,22,135,0,0,0,0,0,6,0,4,0,0,0,0,0,0,0,0,0,0,0,0,0,1,0,0,0,0,0,0,0,0,0,0,0,0,0,4,0,0,0,0,10,120,18,0,0,0,0
0,0,6,0,8,0,0,0,109,0,4,0,0,0,5,0,0,0,0,0,0,0,0,0,0,0,0,0,0,0,0,0,0,0,0,0,0,0,0,0,0,0,0,0,0,0,0,0,0,0,0,0,1,0,0,1,8,0,172,58,0,0,0,0,0,73,67,31,0,0,11,0,10,0,0,8,0,0,0,0,0,0,0,0,0,0,0,0,0,0,0,0,0,0,0,0,0,0,0,0,0,0,0,0,0,0,0,0,0,0,0,0,0,0,0,0,0,0,0,0,0,0,0,0,0,0,2,0,0,0,6,0,0,0,0,0,0,0,24,16,0,0,0,0,71,32,2,0,9,0,1,0,1,0,15,49,8,0,6,82,221,98,20,0,0,0,0,0,0,0,0,0,3,0,4,0,0,1,0,0,121,40,8,0,99,33,0,0,0,0,0,0,0,0,0,0,0,0,0,0,0,0,0,0,0,0,0,0,7,0,52,11,22,0,53,0,1,0,0,0,0,0,0,0,0
0,53,0,0,0,10,0,1,0,171,0,18,0,7,0,0,0,0,0,0,0,0,0,0,0,0,0,0,0,0,0,0,0,0,0,0,0,0,0,0,0,0,0,0,0,6,0,0,0,0,0,0,7,0,0,0,51,0,73,128,0,0,0,0,73,0,41,356,0,0,20,37,0,0,0,0,0,0,0,0,0,0,0,0,0,0,0,0,0,0,0,0,0,0,0,0,0,0,0,0,0,0,0,0,0,0,0,0,0,0,0,0,0,0,0,0,0,0,0,0,0,0,0,5,0,9,0,5,6,0,0,14,0,0,0,0,0,2,0,67,0,0,0,0,69,88,0,14,0,84,0,4,0,0,83,8,0,9,34,16,124,294,9,20,0,0,0,0,0,0,0,0,0,0,4,0,0,0,0,0,50,61,0,6,18,26,0,0,0,0,0,0,0,0,0,0,0,0,0,0,0,0,0,0,0,0,0,2,0,7,0,0,0,0,49,0,0,0,44,25,32,0,0,0,0
2,2,0,0,1,0,0,0,65,70,1,0,0,0,0,0,0,0,0,0,0,0,0,0,0,2,1,0,0,0,0,0,0,0,0,0,0,1,0,0,0,0,0,0,0,0,0,0,0,0,0,0,10,60,1,100,0,45,181,197,0,0,0,0,67,41,0,126,0,0,0,0,0,0,0,0,0,0,0,0,0,0,0,0,0,0,0,0,0,0,0,0,0,0,0,0,0,0,0,0,0,0,0,0,0,0,0,0,0,0,0,0,0,0,0,0,0,0,0,0,0,0,0,0,0,0,1,0,0,0,6,0,0,0,0,0,0,0,0,0,0,0,0,0,0,0,0,0,11,0,0,0,0,0,10,37,25,9,1,17,35,0,0,0,0,0,3,0,1,0,0,0,0,0,11,0,0,0,0,0,33,0,0,0,375,42,0,0,0,0,0,0,0,0,0,0,0,0,0,0,0,0,0,0,0,0,0,0,0,0,69,80,19,0,77,4,0,0,0,2,0,0,0,0,0
0,28,0,0,0,0,1,0,14,66,0,0,0,0,0,0,0,0,1,0,0,0,0,0,0,0,0,0,0,0,0,0,0,0,0,0,0,0,0,0,0,0,0,0,0,0,0,0,0,0,0,0,98,122,53,10,118,8,284,81,0,29,0,11,31,356,126,0,0,0,0,0,0,0,0,0,0,0,0,0,0,0,0,0,0,0,0,0,0,0,0,0,0,0,0,0,0,0,0,0,0,0,0,0,0,0,0,0,0,0,0,0,0,0,0,0,0,0,0,0,0,0,0,0,0,0,0,2,0,0,0,7,0,0,0,0,0,0,0,0,0,0,0,0,27,8,0,0,0,24,0,0,0,0,122,75,21,83,0,25,56,33,1,0,0,0,0,0,1,0,2,10,0,0,0,0,0,0,0,0,18,26,0,0,54,161,0,0,0,0,0,0,0,0,0,0,0,0,0,0,0,0,0,0,0,0,0,4,0,0,0,0,0,0,123,0,0,0,157,174,40,0,0,0,0
0,0,0,0,0,0,0,0,0,0,0,0,0,0,0,0,0,0,0,0,0,0,0,0,0,0,0,0,0,0,0,0,0,0,0,0,0,0,0,0,0,0,0,0,10,0,0,0,6,0,0,0,0,0,0,0,0,0,2,0,0,0,0,0,0,0,0,0,0,0,0,0,22,0,0,0,96,0,45,0,15,0,33,0,14,0,17,0,33,0,0,0,82,0,39,0,0,0,8,0,10,0,246,0,0,0,0,0,15,0,0,0,3,0,2,0,6,0,0,0,0,0,0,0,0,0,0,0,0,1,0,0,3,0,0,0,0,0,0,0,0,0,0,0,0,0,0,0,0,0,0,0,0,0,1,0,0,0,0,0,0,0,0,0,22,0,0,0,105,0,0,0,0,0,0,0,0,0,0,0,0,5,0,0,0,0,0,0,0,0,34,0,0,0,53,0,0,0,0,0,0,0,0,0,0,0,0,0,0,0,94,9,55,0,0,54,49,2,0,0,6,0,0,0,0
0,0,0,0,0,0,0,0,0,0,0,0,0,0,0,0,0,0,0,0,0,0,0,0,0,0,0,0,0,0,0,0,0,0,0,0,0,0,0,0,0,1,1,0,0,19,0,6,0,0,0,0,0,0,0,0,0,1,0,1,0,0,0,0,0,0,0,0,0,0,0,0,0,0,0,0,0,65,0,0,0,0,0,48,0,0,0,20,0,9,0,0,0,12,0,19,0,0,0,0,0,9,0,151,0,6,0,0,0,7,0,0,0,6,0,0,0,5,0,1,0,0,0,0,0,2,0,2,0,0,0,0,0,0,0,0,0,0,0,0,0,2,0,0,0,0,0,1,0,0,0,0,0,0,0,0,0,0,0,0,0,0,0,0,0,16,0,0,0,71,0,2,0,0,0,2,0,0,0,0,0,0,0,0,0,0,0,0,0,0,0,0,0,0,0,16,0,0,0,0,0,0,0,2,0,0,0,0,0,0,0,0,3,0,0,0,0,0,30,17,63,4,12,76,12
0,0,0,0,0,0,0,0,0,0,0,0,0,0,0,0,0,0,0,0,0,0,0,0,0,0,0,0,13,0,0,0,0,0,0,0,38,0,2,0,0,0,0,0,22,0,0,0,4,0,20,0,9,0,0,0,0,0,0,0,8,0,0,0,11,20,0,0,0,0,0,0,239,0,216,12,0,0,74,0,0,0,0,0,1,0,8,0,0,0,0,0,0,0,0,0,0,0,0,3,0,0,0,0,0,0,0,0,0,0,0,0,0,0,0,0,0,0,0,0,50,0,28,0,0,21,0,0,14,0,50,0,23,0,103,6,61,0,5,20,142,9,139,0,48,0,0,12,85,32,0,0,30,13,0,0,10,0,3,19,72,33,49,0,0,0,7,0,23,0,20,0,19,0,91,0,0,0,0,0,51,21,0,0,21,3,0,0,0,0,0,0,0,0,0,0,5,0,75,0,0,0,0,0,0,0,53,1,59,0,13,0,11,0,3,0,0,0,0,0,0,0,0,0,0
0,1,0,0,0,0,0,0,0,0,0,0,0,0,0,0,0,1,0,0,0,0,0,0,0,0,0,0,0,0,0,0,0,0,0,0,0,0,0,0,0,0,0,0,0,0,0,0,0,0,0,0,0,0,0,0,0,0,0,0,0,0,0,0,0,37,0,0,0,0,0,0,0,98,0,225,0,15,0,20,2,0,0,0,0,0,0,29,0,0,0,0,0,0,0,0,0,0,0,0,0,0,0,0,0,0,0,0,0,0,0,0,0,0,0,0,0,0,0,0,0,0,0,18,0,0,1,44,0,8,0,46,0,41,0,40,0,25,0,3,0,54,0,7,11,134,0,0,0,77,1,18,9,35,0,0,0,0,0,0,16,30,0,39,0,0,0,0,0,2,0,0,0,11,0,0,0,0,0,0,0,28,0,0,0,0,0,0,0,0,0,0,0,0,0,0,0,0,0,0,0,0,0,0,0,0,0,0,0,0,0,0,0,0,0,0,0,0,42,2,0,0,0,0,0
0,0,0,0,2,0,0,0,2,0,0,0,0,0,0,0,0,0,0,0,0,0,0,0,0,0,0,0,6,0,0,0,0,0,0,0,0,0,0,0,0,0,0,0,0,0,0,0,3,0,0,0,0,0,0,0,0,0,5,0,0,0,0,0,10,0,0,0,22,0,239,0,0,0,144,1,64,0,209,0,0,0,12,0,0,0,11,0,0,0,0,0,7,0,0,0,0,0,0,0,0,0,0,0,0,0,0,0,0,0,0,0,0,0,0,0,0,0,0,0,73,0,47,0,0,0,66,0,22,0,53,16,99,0,140,0,68,0,7,0,110,0,125,0,90,6,0,0,30,0,26,0,34,0,0,0,4,0,0,0,42,0,76,0,0,0,0,0,5,0,3,0,0,0,30,0,0,0,0,0,30,0,0,0,18,0,0,0,47,0,0,0,83,0,8,0,34,0,251,0,60,0,238,0,0,0,114,0,142,0,362,0,14,0,28,0,1,0,0,0,0,0,0,0,0
0,0,0,0,0,0,0,0,0,0,0,0,0,0,0,0,0,0,0,0,0,0,0,0,0,0,0,0,0,0,0,0,0,0,0,0,0,0,0,0,0,0,0,0,0,0,0,0,0,0,0,0,0,0,0,0,0,0,0,0,0,0,0,0,0,0,0,0,0,0,0,98,0,0,0,219,0,129,0,82,0,4,0,39,0,22,0,88,0,0,0,0,0,0,0,0,0,0,0,0,0,1,0,0,0,4,0,0,0,2,0,0,0,0,0,0,0,0,0,0,0,26,0,35,5,0,0,26,0,0,0,21,0,21,0,148,0,34,0,2,2,114,0,15,0,68,2,0,0,44,0,0,0,0,0,0,0,0,0,4,0,11,0,39,0,0,0,2,0,0,0,4,0,0,0,0,0,0,0,0,0,0,0,0,0,0,0,0,0,0,0,0,0,0,0,0,0,0,0,0,0,90,0,0,0,0,0,59,0,0,0,0,0,0,10,0,0,0,125,2,14,0,1,0,0
0,0,0,0,0,0,0,0,0,0,0,0,0,0,0,0,14,0,0,0,0,0,0,0,0,0,0,0,0,0,6,0,0,0,2,0,73,0,0,0,0,0,0,0,56,0,0,0,0,0,18,0,19,0,0,0,0,0,0,0,15,0,0,0,0,0,0,0,0,0,216,0,144,0,0,23,37,0,195,3,17,7,45,0,37,0,66,0,0,0,0,0,0,0,0,0,0,0,0,3,0,7,0,0,0,0,0,0,0,0,0,0,0,0,0,0,0,0,0,0,161,0,87,0,51,36,0,0,31,0,98,0,15,0,41,0,0,0,4,13,94,0,88,0,120,0,53,0,102,38,10,0,113,0,1,0,11,0,0,0,18,19,22,0,0,0,10,0,30,2,19,0,23,0,154,1,0,0,0,0,114,31,0,0,6,0,0,0,0,0,0,0,0,0,0,0,0,0,129,0,91,0,0,0,0,0,0,0,0,0,40,0,11,0,4,2,0,0,8,0,0,0,0,1,0
0,0,0,0,0,0,0,0,0,0,0,0,0,0,0,0,0,8,0,0,0,0,0,0,0,0,0,0,0,0,0,0,0,0,0,0,0,39,0,0,0,0,0,0,0,0,0,0,0,0,0,35,0,0,0,0,0,0,0,0,0,6,0,0,8,0,0,0,0,0,12,225,1,219,23,0,0,30,0,81,12,6,0,9,0,7,0,81,0,0,0,0,0,0,0,0,0,0,0,4,0,0,0,0,0,0,0,0,0,1,0,0,0,0,0,0,0,0,0,0,6,98,0,39,0,128,0,0,0,3,79,0,0,0,0,158,0,0,0,0,0,80,0,28,0,227,23,0,60,176,0,0,31,95,0,0,0,5,0,3,0,24,0,62,0,0,0,0,0,8,0,26,0,46,2,134,0,0,0,0,7,64,0,0,0,5,0,0,0,0,0,0,0,0,0,0,0,0,0,0,0,51,0,0,0,0,0,0,0,0,8,0,0,0,0,0,0,0,52,0,0,0,0,0,0
0,0,0,0,0,0,0,0,2,0,0,0,0,0,0,0,0,0,0,0,0,0,0,0,0,0,0,0,0,0,0,0,0,0,0,0,1,0,0,0,0,0,1,0,0,0,0,0,0,0,6,0,0,0,0,0,0,0,0,0,0,0,0,0,0,0,0,0,96,0,0,0,64,0,37,0,0,0,40,0,0,0,11,0,6,0,14,0,0,0,0,0,24,0,10,0,4,0,7,0,0,0,32,0,0,0,0,0,10,0,0,0,0,0,3,0,5,0,0,0,11,0,0,0,0,0,0,0,0,0,0,4,0,0,0,0,1,0,0,0,2,0,0,0,0,0,0,0,0,0,0,0,6,0,0,0,0,0,0,0,0,0,0,0,16,0,0,0,26,0,0,0,0,0,0,0,0,0,0,0,7,0,0,0,0,0,0,0,0,0,0,0,0,0,20,0,0,0,0,0,16,0,0,0,0,0,0,0,0,0,52,11,31,0,6,4,9,1,0,0,1,1,0,0,0
0,0,0,0,0,0,0,0,0,0,0,0,0,0,0,0,0,0,0,0,0,0,0,0,0,0,0,0,0,0,0,0,0,0,0,0,0,0,0,0,0,0,0,0,0,0,0,0,1,2,0,0,0,0,0,0,0,3,0,0,0,0,0,0,0,0,0,0,0,65,0,15,0,129,0,30,0,0,0,53,0,28,0,124,0,35,0,120,0,0,2,0,0,5,1,17,0,3,0,7,0,17,0,22,0,36,0,7,0,13,0,1,0,10,0,0,0,8,0,0,0,26,0,0,0,0,0,0,0,0,0,0,0,0,0,0,0,0,0,0,0,13,0,0,0,0,0,0,0,0,0,0,0,14,0,0,0,0,0,0,3,0,0,6,0,17,0,0,0,50,0,0,0,0,0,0,0,0,1,0,2,0,0,0,0,0,0,0,0,0,0,0,0,0,0,93,0,29,0,0,0,88,0,0,0,0,0,0,0,0,0,0,0,0,0,0,0,0,255,10,88,4,25,0,3
0,0,0,0,0,0,0,0,0,0,0,0,2,0,0,0,0,0,0,0,0,0,0,0,0,0,0,0,0,0,0,0,0,0,0,0,0,0,0,0,0,0,0,0,0,0,0,0,13,0,0,0,0,0,0,0,0,0,0,0,0,0,0,0,0,0,0,0,45,0,74,0,209,0,195,0,40,0,0,0,10,0,127,0,31,0,41,0,0,0,0,0,73,0,0,0,9,0,0,0,0,0,12,0,0,0,0,0,0,0,0,0,0,0,2,0,0,0,0,0,141,0,43,0,0,0,0,0,0,0,0,0,0,0,0,0,0,0,0,0,33,0,49,0,28,0,0,0,0,0,0,0,22,4,0,0,0,0,2,0,0,8,0,0,0,0,0,0,56,0,20,0,0,0,30,0,0,0,0,0,0,0,0,0,0,0,0,0,146,0,0,0,124,0,33,0,29,0,236,0,145,0,260,0,161,0,0,0,0,0,323,13,42,0,10,0,1,3,0,0,0,0,0,0,0
