0,49,152,24,84,8,50,0,59,0,129,0,92,0,14,22,26,23,13,0,0,3,29,79,36,68,21,0,50,0,0,0,10,0,3,0,5,0,280,2,29,0,2,0,0,0,26,0,19,0,0,0,2,0,0,0,0,0,2,0,94,0,43,0,8,0,0,0,0,0,0,0,0,0,0,0,0,0,0,0,0,0,0,0,0,0,0,0,0,0,0,0,0,0,0,0,0,0,0,0,0,0,0,0,0,0,0,0,0,0,0,0,0,0,0,0,0,0,0,0,0,0,0,0,1,0,0,0,0,0,5,0,0,0,1,0,0,0,0,0,0,0,1,0,0,0,0,0,15,0,0,0,0,0,0,0,0,0,0,0,0,0,11,0,0,0,5,0,66,0,59,0,322,0,0,0,44,235,4,0,0,0,57,0,19,0,0,0,0,0,0,0,0,0,0,0,0,0,0,0,0,0,0,0,1,0,0,0,0,0,585,128,154,195,253,1,4,0,0,0,0,0,0,0,0
49,0,0,118,0,138,0,14,8,92,4,112,0,72,0,84,21,94,0,119,0,17,34,130,57,67,0,116,0,261,0,0,0,171,0,0,0,203,0,628,0,0,0,0,0,22,0,46,0,6,0,8,0,0,0,23,0,0,0,17,0,261,0,99,0,122,0,43,0,2,0,0,0,0,0,0,0,0,0,0,0,0,0,6,0,0,0,11,0,0,0,0,0,0,0,0,0,0,0,0,0,0,0,0,0,0,0,0,0,0,0,0,0,0,0,0,0,0,0,0,0,0,0,0,0,110,0,38,0,0,0,60,0,5,0,109,0,80,0,0,0,0,0,0,0,0,0,89,0,170,0,113,0,123,0,2,0,9,0,0,0,0,0,6,0,28,0,18,0,82,0,40,0,374,0,0,0,432,0,2,0,58,4,9,0,101,0,0,0,0,0,0,0,0,0,0,0,0,0,0,0,0,0,0,0,0,0,0,0,70,4,0,0,0,667,0,0,0,1013,64,402,241,0,54,0
152,0,0,28,201,0,85,0,56,0,68,0,114,0,36,28,20,0,58,0,6,0,560,74,273,0,47,0,207,0,26,0,90,0,1,0,24,0,396,0,46,0,0,0,0,0,28,0,26,0,0,0,3,0,52,0,0,0,12,0,72,0,0,0,0,0,0,0,0,0,0,0,0,0,0,0,0,0,0,0,0,0,0,0,0,0,0,0,0,0,0,0,0,0,0,0,0,0,0,0,0,0,0,0,0,0,4,0,0,0,0,0,0,0,0,0,0,0,0,0,0,0,0,0,59,0,31,0,0,0,51,0,37,0,142,0,84,0,0,0,0,0,76,0,0,0,63,0,122,0,62,0,15,0,1,0,0,0,0,0,13,0,0,0,0,0,0,0,0,0,20,0,286,0,0,0,36,116,3,0,0,0,13,0,12,0,0,0,0,0,0,0,0,0,0,0,0,0,0,0,46,0,0,0,0,0,0,0,74,0,429,51,152,222,338,0,0,0,1,0,0,0,0,0,0
24,118,28,0,0,86,0,88,0,24,0,28,0,0,0,272,24,72,0,53,0,39,69,590,0,131,0,25,0,187,0,0,0,136,0,0,0,0,0,278,0,0,0,0,0,0,0,0,0,0,0,0,0,1,0,75,0,0,0,4,0,14,0,5,0,2,0,0,0,0,0,0,0,0,0,0,0,0,0,0,0,0,0,0,0,0,0,0,0,0,0,0,0,0,0,0,0,0,1,0,0,0,0,0,0,0,0,0,0,0,0,0,0,0,0,0,0,0,0,0,0,0,0,0,0,0,0,0,0,0,0,3,0,0,0,325,0,162,0,0,0,32,0,0,0,0,0,0,0,39,0,30,0,0,0,1,0,0,0,0,0,0,0,0,0,6,0,0,0,19,0,0,0,62,0,0,0,177,0,1,0,0,0,0,0,0,0,0,0,0,0,0,0,0,0,0,0,0,0,0,0,80,0,0,0,0,0,0,0,90,0,0,0,0,116,0,0,0,85,6,81,0,0,0,0
84,0,201,0,0,157,58,0,52,0,58,70,382,74,113,133,0,0,88,181,0,186,168,76,4,0,87,0,95,0,97,0,301,0,118,0,179,21,205,0,77,0,0,0,24,0,60,0,23,0,60,0,0,0,6,0,0,0,0,0,0,0,0,0,11,0,3,0,0,0,32,0,0,0,0,0,0,0,0,0,0,0,0,0,0,0,0,0,0,0,0,0,0,0,0,0,0,0,0,0,0,0,0,0,0,0,0,0,0,0,0,0,0,0,0,0,0,0,0,0,0,0,0,0,20,0,12,0,0,0,15,0,0,0,48,0,0,0,0,0,0,0,0,0,0,0,58,0,105,0,52,0,87,0,0,0,0,0,0,0,0,0,0,0,92,0,200,0,0,0,22,0,315,0,0,0,288,265,175,0,59,0,56,0,103,0,0,0,0,0,0,0,0,0,0,0,0,0,0,0,21,0,0,0,0,0,0,0,17,0,671,220,319,220,399,0,3,0,0,0,0,0,0,0,0
8,138,0,86,157,0,0,31,0,17,81,174,80,80,202,307,0,0,96,316,152,208,106,228,0,5,0,200,0,97,14,152,0,432,0,162,0,200,0,0,0,12,0,16,0,32,0,49,0,14,0,44,0,0,0,16,0,1,0,0,0,0,0,0,0,0,0,0,0,0,0,0,0,0,0,0,0,0,0,0,0,46,0,0,0,0,0,0,0,0,0,0,0,0,0,0,0,0,0,29,0,30,0,0,0,0,0,0,0,0,0,0,0,0,0,0,0,0,0,0,0,0,0,0,0,0,0,0,0,0,0,0,0,0,0,91,0,40,0,0,0,0,0,0,0,0,0,0,0,45,0,0,0,0,0,0,0,0,0,0,0,0,0,4,0,33,0,125,0,165,0,25,0,161,0,0,80,530,0,33,0,0,0,8,0,0,0,16,0,0,0,0,0,0,0,0,0,0,0,0,0,20,0,0,0,0,0,0,0,0,0,0,0,0,332,0,0,0,452,79,411,124,0,0,0
50,0,85,0,58,0,0,0,27,0,11,0,29,0,9,0,9,0,0,0,0,0,9,0,406,65,0,0,11,0,0,0,0,0,0,0,0,0,0,0,0,0,0,0,0,0,0,0,41,0,0,0,36,2,156,0,3,0,15,0,159,0,165,0,8,0,36,0,0,0,0,0,0,0,0,0,0,0,0,0,0,0,0,0,0,0,0,0,0,0,0,0,0,0,0,0,0,0,0,0,0,0,0,0,0,0,0,0,0,0,0,0,0,0,0,0,0,0,0,0,0,0,0,0,16,0,10,0,0,0,29,0,13,0,5,0,0,0,0,0,0,0,0,0,0,0,11,0,21,0,12,0,0,0,0,0,0,0,0,0,18,0,8,0,0,0,0,0,72,0,176,0,309,0,0,0,0,94,0,0,0,0,0,0,1,0,0,0,0,0,0,0,0,0,0,0,0,0,0,0,0,0,0,0,0,0,3,0,13,0,583,64,229,460,489,0,54,0,0,0,0,0,0,0,0
0,14,0,88,0,31,0,0,0,61,0,11,0,0,0,36,9,32,0,22,0,23,0,11,34,282,0,16,0,126,0,0,0,0,0,0,0,0,0,199,0,0,0,10,1,0,0,0,0,6,0,0,3,6,0,199,0,3,0,9,0,179,6,183,0,0,0,11,0,0,0,0,0,0,0,1,0,1,0,0,0,0,0,0,0,0,0,0,0,0,0,3,0,0,0,0,0,0,0,0,0,0,0,0,0,0,0,0,0,0,0,0,0,0,0,0,0,0,0,0,0,0,0,0,0,16,0,13,0,0,0,11,0,6,0,0,0,14,0,3,0,0,0,0,0,0,0,0,0,7,0,7,0,0,0,0,0,0,0,0,0,0,0,0,0,10,0,0,0,33,0,0,0,140,0,0,0,81,0,0,0,0,0,3,0,0,0,0,0,0,0,0,0,0,0,0,0,0,0,0,0,0,0,0,0,0,0,0,0,16,0,0,0,0,377,0,0,0,458,39,270,0,0,50,3
59,8,56,0,52,0,27,0,0,58,28,0,59,0,25,0,12,11,27,0,0,0,0,0,15,37,0,0,0,0,0,0,0,0,0,0,0,0,5,0,18,0,0,0,0,0,18,0,18,0,6,0,99,18,91,114,1,0,14,0,150,0,201,18,99,0,86,0,0,0,0,0,0,0,0,0,0,0,0,0,0,0,0,0,0,0,0,0,1,0,0,0,0,0,0,0,0,0,0,0,0,0,0,0,0,0,0,0,0,0,0,0,0,0,0,0,0,0,0,0,0,0,0,0,20,0,0,0,1,0,45,0,0,0,0,0,1,0,0,0,0,0,0,0,0,0,17,0,85,0,7,0,8,0,0,0,0,0,0,0,51,0,0,0,0,0,0,0,41,0,154,0,82,0,0,0,25,158,17,0,0,0,25,0,160,22,0,0,0,0,0,0,0,0,0,0,0,0,0,0,0,0,0,0,0,0,0,0,8,0,576,73,251,276,336,0,74,0,5,5,3,0,0,0,0
0,92,0,24,0,17,0,61,58,0,0,42,0,3,0,0,0,10,0,23,0,0,0,4,28,62,0,0,0,0,0,0,0,0,0,0,0,0,0,26,0,0,0,0,0,0,0,0,0,0,0,0,46,87,164,257,5,20,39,12,0,284,17,330,0,148,0,156,0,0,0,0,0,0,0,0,0,0,0,0,0,0,0,0,0,0,0,0,0,0,0,0,0,0,0,0,0,0,0,0,0,0,0,0,0,0,0,0,0,0,0,0,0,0,0,0,0,0,0,0,0,0,0,0,0,59,0,0,0,0,0,67,0,0,0,24,0,17,0,0,0,0,0,0,0,0,0,49,0,130,0,41,0,34,0,3,0,34,0,3,0,14,0,0,0,4,0,0,0,51,0,45,0,118,0,2,0,218,0,0,0,3,0,3,0,119,0,0,0,0,0,0,0,0,0,0,0,3,0,0,0,0,0,0,0,0,0,11,0,17,0,4,0,0,575,0,0,0,1056,100,308,204,0,42,3
129,4,68,0,58,81,11,0,28,0,0,25,135,5,6,123,10,0,0,35,0,71,35,89,0,0,0,0,31,0,33,0,220,0,8,0,124,0,188,0,24,0,0,0,15,0,20,0,10,0,0,0,0,0,0,0,0,0,0,0,0,0,0,0,0,0,0,0,0,0,0,0,0,0,0,0,0,0,0,0,0,0,0,0,0,0,0,0,0,0,0,0,0,0,0,0,0,0,0,0,0,0,0,0,0,0,0,0,0,0,0,0,0,0,1,0,0,0,0,0,0,0,0,0,0,0,0,0,0,0,1,0,0,0,0,0,0,0,0,0,0,0,0,0,0,0,0,0,17,0,0,0,57,0,0,0,0,0,0,0,0,0,2,0,24,0,59,0,109,0,0,0,201,0,0,0,343,196,70,0,32,0,37,0,36,0,2,0,0,0,0,0,0,0,0,0,0,0,0,0,3,0,0,0,0,0,0,0,0,0,329,122,145,0,167,0,0,0,0,0,0,0,0,0,0
0,112,0,28,70,174,0,11,0,42,25,0,0,156,95,80,0,8,22,123,54,107,68,119,0,0,0,200,0,76,2,81,3,477,0,59,0,296,0,122,0,82,0,0,0,71,0,143,0,32,0,20,0,0,0,0,0,0,0,0,0,18,0,4,0,11,0,0,0,0,0,0,0,0,0,5,0,0,0,0,0,0,0,0,0,0,0,13,0,0,0,0,0,0,0,0,0,0,0,0,0,0,0,0,0,0,0,0,0,0,0,0,0,0,0,0,0,1,0,9,0,0,0,0,0,0,0,0,0,0,0,7,0,0,0,0,0,17,0,0,0,0,0,0,0,0,0,0,0,22,0,78,0,127,0,0,0,0,0,0,0,0,0,0,0,16,0,84,0,97,0,20,0,161,0,37,52,408,0,22,0,136,0,56,0,40,2,8,0,0,0,0,0,0,0,0,0,0,0,0,0,0,0,0,0,0,0,0,0,0,0,0,0,0,463,0,0,0,654,126,395,146,0,18,0
92,0,114,0,382,80,29,0,59,0,135,0,0,157,31,0,0,0,98,421,48,250,0,0,0,0,122,304,0,0,16,0,0,0,100,30,28,9,0,0,81,71,51,30,48,23,116,92,7,0,218,0,2,0,0,0,0,0,0,0,0,0,0,0,0,0,0,0,0,0,0,0,0,0,0,0,0,0,0,0,0,0,0,0,0,0,0,0,0,0,0,0,0,0,0,0,0,0,0,0,0,0,0,0,0,0,0,0,0,0,0,0,0,0,0,0,0,0,4,0,0,0,0,0,9,0,0,0,0,0,4,0,0,0,0,0,0,0,0,0,0,0,0,0,0,0,0,0,47,0,0,0,162,0,0,0,0,0,0,0,0,0,0,0,111,0,0,0,40,0,0,0,0,0,106,0,231,156,82,0,120,0,67,0,97,0,207,0,0,0,0,0,0,0,0,0,0,0,0,0,0,0,0,0,0,0,0,0,0,0,152,236,275,69,71,0,0,0,0,0,0,0,0,0,0
0,72,0,0,74,80,0,0,0,3,5,156,157,0,88,0,0,0,273,77,111,71,0,0,0,0,132,188,0,0,8,20,2,0,33,180,0,42,0,0,0,126,24,211,0,82,0,168,0,60,54,395,0,1,0,0,0,0,0,0,0,0,0,0,0,0,0,0,0,0,0,0,0,0,0,4,0,0,0,0,0,0,0,0,0,0,0,0,0,0,0,0,0,0,0,0,0,0,0,0,0,0,0,0,0,0,0,0,0,0,0,0,0,0,0,0,0,0,0,0,0,0,0,0,0,0,0,0,0,0,0,0,0,0,0,0,0,0,0,0,0,0,0,10,0,0,0,0,0,0,0,0,0,35,0,0,0,0,0,0,0,0,0,0,0,28,0,14,0,69,0,0,0,6,0,0,0,304,0,25,0,40,0,12,0,7,31,70,0,0,0,0,0,0,0,0,0,0,0,0,0,0,0,0,0,0,0,0,0,0,0,6,0,0,38,0,0,0,64,90,254,31,0,0,0
14,0,36,0,113,202,9,0,25,0,6,95,31,88,0,199,26,0,269,189,137,274,223,44,24,0,145,0,11,0,216,28,112,0,179,41,139,19,10,0,18,0,0,0,0,7,46,0,9,0,38,3,2,0,41,0,0,0,10,0,0,0,9,0,24,0,0,0,0,0,48,0,0,0,0,0,0,0,0,0,0,0,0,0,97,0,0,0,0,0,38,0,0,0,0,0,199,0,0,0,0,0,0,0,0,0,0,0,0,0,0,0,0,0,0,0,0,0,0,0,0,0,0,0,75,0,0,0,0,0,28,0,40,0,253,0,198,0,0,0,0,0,262,0,0,0,114,0,183,0,68,0,94,0,0,0,0,0,0,0,0,0,0,0,59,0,158,0,45,0,0,0,98,0,0,0,126,162,3,0,0,0,19,0,111,0,0,0,0,0,0,0,0,0,0,0,0,0,0,0,104,0,0,0,0,0,0,0,71,0,188,69,135,0,95,1,0,0,0,1,0,0,0,0,0
22,84,28,272,133,307,0,36,0,0,123,80,0,0,199,0,28,14,21,324,129,160,167,81,12,34,0,94,0,10,0,63,0,57,0,18,0,20,0,0,0,1,0,5,0,28,0,11,0,6,0,0,0,7,0,72,0,9,0,4,0,6,0,27,0,20,0,4,0,0,0,0,0,0,0,0,0,5,0,0,0,0,0,0,0,90,0,0,0,0,0,147,0,0,0,0,0,38,0,172,0,0,0,0,0,0,0,0,0,0,0,0,0,0,0,0,0,0,0,0,0,0,0,0,0,0,0,0,0,5,0,0,0,15,0,743,0,275,0,0,0,75,0,114,0,0,1,0,0,62,0,0,1,0,0,14,0,0,0,4,0,0,0,0,0,0,0,0,0,0,0,6,0,14,0,5,68,287,0,7,0,0,2,0,0,15,0,0,0,0,0,0,0,0,0,0,0,0,0,0,0,154,0,0,0,0,0,0,0,146,0,0,0,0,27,0,0,0,48,22,59,15,0,0,0
26,21,20,24,0,0,9,9,12,0,10,0,0,0,26,28,0,11,78,3,232,4,144,61,77,44,50,0,349,0,38,0,105,0,4,0,19,0,411,4,0,0,0,0,23,0,16,0,18,0,3,0,116,0,8,3,10,0,0,0,80,0,311,0,0,0,0,0,0,0,36,0,0,0,49,0,0,0,0,0,76,0,0,0,548,0,44,0,0,0,85,0,0,0,0,0,506,0,0,0,11,0,0,0,0,0,0,0,0,0,0,0,0,0,0,0,0,0,0,0,37,0,90,0,0,0,0,0,0,0,0,0,15,0,81,0,287,0,49,0,162,0,548,0,0,0,0,0,0,0,0,0,0,0,20,0,2,0,19,0,6,0,0,0,0,0,12,0,0,0,15,0,181,0,0,0,26,110,6,0,0,0,30,0,0,0,0,0,0,0,0,0,0,0,0,0,0,0,0,0,73,0,0,0,0,0,0,0,0,0,108,17,95,154,148,0,0,0,0,0,0,0,0,0,0
23,94,0,72,0,0,0,32,11,10,0,8,0,0,0,14,11,0,0,12,0,91,12,94,46,58,0,0,0,339,0,15,0,95,0,0,0,0,0,275,0,0,0,0,0,0,0,0,0,0,0,0,0,61,0,23,0,9,0,0,0,13,0,149,0,0,0,0,0,0,0,0,0,0,0,0,0,0,0,0,0,69,0,0,0,129,0,20,0,0,0,45,0,0,0,0,0,22,0,71,0,0,0,0,0,0,0,0,0,0,0,0,0,0,0,0,0,0,0,0,0,14,0,2,0,0,0,0,0,15,0,0,0,13,0,276,0,32,0,78,0,174,0,304,0,0,0,0,0,0,0,0,0,0,0,30,0,1,0,26,0,14,0,0,0,0,0,0,0,0,0,0,0,15,0,0,0,120,0,1,0,0,0,17,0,0,0,0,0,0,0,0,0,0,0,0,0,0,0,0,0,0,0,0,0,0,0,0,0,0,0,0,0,0,17,0,0,0,17,0,39,14,0,0,0
13,0,58,0,88,96,0,0,27,0,0,22,98,273,269,21,78,0,0,513,179,187,270,0,0,0,332,425,0,0,38,19,0,0,256,66,79,21,0,0,29,47,35,32,38,0,29,76,0,1,192,0,0,0,0,0,0,0,0,0,0,0,66,0,31,0,0,0,0,0,50,0,0,0,50,0,0,0,0,0,0,0,0,0,0,0,0,0,0,0,0,0,0,0,0,0,575,0,0,0,0,0,0,0,0,0,0,0,0,0,0,0,0,0,0,0,0,0,0,0,0,0,0,0,0,0,30,0,0,0,0,0,45,0,223,0,156,0,0,0,0,0,0,0,0,0,68,0,136,0,0,0,0,0,0,0,0,0,0,0,0,0,0,0,79,0,24,0,51,0,0,0,22,0,0,0,22,91,5,0,0,0,49,0,101,0,23,2,0,0,0,0,0,0,0,0,0,0,0,0,150,0,0,0,0,0,0,0,0,0,186,174,159,47,59,0,0,0,0,0,0,0,0,0,0
0,119,0,53,181,316,0,22,0,23,35,123,421,77,189,324,3,12,513,0,229,215,15,141,0,9,169,120,0,13,26,81,0,9,116,115,0,42,0,0,18,4,21,82,0,43,0,29,0,6,107,104,0,7,0,14,0,0,0,3,0,5,0,48,0,27,0,0,0,0,0,0,0,0,0,0,0,0,0,0,0,0,0,0,0,133,0,64,0,0,0,0,0,0,0,0,0,25,0,0,0,0,0,0,0,0,0,0,0,0,0,0,0,0,0,0,0,0,0,0,0,0,0,0,0,0,0,0,0,0,0,0,0,0,0,210,0,85,0,0,0,0,0,73,0,8,1,0,0,84,0,0,0,0,0,0,0,0,0,0,0,0,0,0,0,11,0,23,0,53,0,0,0,19,0,0,9,223,6,13,0,0,0,0,0,36,13,27,0,0,0,0,0,0,0,0,0,0,0,0,0,0,0,0,0,0,0,0,0,54,0,0,0,3,56,0,0,0,94,60,101,0,0,0,0
0,0,6,0,0,152,0,0,0,0,0,54,48,111,137,129,232,0,179,229,0,204,149,22,17,0,148,74,72,0,154,22,106,14,137,35,114,7,7,0,0,0,11,0,18,0,0,0,0,0,53,0,30,0,10,0,0,0,0,0,0,0,185,0,6,0,0,0,0,0,186,0,0,0,130,0,0,0,0,0,195,0,0,0,529,0,89,0,0,0,0,0,0,0,0,0,708,0,434,0,17,0,0,0,0,0,0,0,0,0,0,0,0,0,0,0,0,0,0,0,83,0,0,0,0,0,0,0,0,0,0,0,18,0,74,0,93,0,0,0,115,0,314,0,37,0,0,0,10,0,0,0,0,0,6,0,0,0,0,0,0,0,0,0,37,0,48,0,39,0,0,0,52,0,0,0,29,70,5,0,0,0,0,0,0,0,0,0,0,0,0,0,0,0,0,0,0,0,0,0,71,0,0,0,0,0,0,0,0,0,106,63,79,34,35,0,0,0,0,0,0,0,0,0,0
3,17,0,39,186,208,0,23,0,0,71,107,250,71,274,160,4,91,187,215,204,0,24,284,0,10,0,230,0,170,33,27,6,63,43,77,0,11,0,17,2,1,3,49,0,58,0,13,0,5,14,56,0,32,0,57,0,7,0,0,0,12,0,210,0,0,0,0,0,2,0,25,0,0,0,67,0,0,0,0,0,361,0,0,0,379,0,185,0,0,0,0,0,0,0,0,0,0,0,0,0,0,0,0,0,0,0,0,0,0,0,0,0,0,0,0,0,0,0,0,0,134,0,25,0,0,0,0,0,0,0,0,0,0,0,0,0,0,0,149,0,297,0,545,0,56,0,0,0,0,0,0,0,15,0,0,0,7,0,0,0,0,0,0,0,0,0,53,0,104,0,12,0,39,0,0,20,118,0,10,0,0,0,0,0,0,0,9,0,0,0,1,0,0,0,0,0,0,0,0,0,0,0,0,0,0,0,0,0,0,0,0,0,0,160,0,0,0,235,184,284,87,0,0,0
29,34,560,69,168,106,9,0,0,0,35,68,0,0,223,167,144,12,270,15,149,24,0,248,101,0,86,0,58,0,34,0,56,21,6,0,0,13,50,0,0,0,0,0,32,0,48,0,6,0,0,0,14,0,120,0,17,0,0,0,0,0,23,0,12,2,0,0,0,0,0,0,0,0,0,0,0,0,0,0,0,0,0,0,0,0,0,0,0,0,0,0,0,0,0,0,235,0,0,0,0,0,0,0,0,0,0,0,0,0,0,0,0,0,0,0,0,0,0,0,0,0,0,0,33,0,29,0,0,0,0,0,100,0,352,0,532,0,0,0,0,0,624,0,0,0,80,0,91,0,58,0,73,0,14,0,0,0,0,0,17,0,0,0,0,0,0,0,28,0,22,0,104,10,0,0,188,364,39,0,6,0,31,1,53,0,0,0,0,0,0,0,0,0,0,0,0,0,0,0,168,0,0,0,0,0,0,0,90,0,120,34,67,0,92,0,6,0,18,0,0,0,0,0,0
79,130,74,590,76,228,0,11,0,4,89,119,0,0,44,81,61,94,0,141,22,284,248,0,89,67,0,61,0,223,0,74,6,161,0,16,0,19,0,57,0,0,0,15,0,0,0,0,0,0,0,0,0,48,0,21,0,10,0,0,0,3,0,212,0,0,0,0,0,0,0,10,0,0,0,0,0,0,0,30,0,290,0,0,0,366,0,115,0,0,0,256,0,0,0,0,0,68,0,441,0,371,0,0,0,0,0,206,0,0,0,0,0,0,0,0,0,0,0,0,0,46,0,0,0,0,0,0,0,0,0,0,0,0,4,690,0,115,0,0,0,158,0,328,0,0,0,0,0,0,0,0,0,6,0,0,0,0,0,0,0,0,0,0,0,0,0,5,0,0,0,0,0,15,0,0,44,463,0,6,0,0,4,9,0,0,0,0,0,0,0,0,0,0,0,0,0,0,0,0,0,170,0,0,0,0,0,0,0,0,0,0,0,0,12,0,0,0,45,17,69,18,0,0,0
36,57,273,0,4,0,406,34,15,28,0,0,0,0,24,12,77,46,0,0,17,0,101,89,0,190,12,0,39,0,0,0,0,0,0,0,0,0,51,0,0,0,0,0,0,0,0,0,0,0,0,0,69,0,73,22,31,0,15,0,34,0,64,9,0,0,0,0,0,0,0,0,0,0,0,0,0,0,0,0,0,0,0,0,0,0,0,0,0,0,0,0,0,0,0,0,75,0,0,0,0,0,0,0,0,0,0,0,0,0,0,0,0,0,0,0,0,0,0,0,0,0,0,0,9,0,24,0,91,0,13,0,79,0,120,0,381,0,18,0,0,0,273,0,0,0,0,1,0,0,5,0,0,0,25,0,0,0,31,0,44,0,2,0,0,0,0,0,9,0,14,0,63,0,0,0,8,353,0,0,0,2,47,1,0,0,0,0,0,0,0,0,0,0,0,0,0,0,0,0,49,0,0,0,0,0,0,0,31,0,107,17,43,71,83,0,7,1,0,0,0,0,0,0,0
68,67,0,131,0,5,65,282,37,62,0,0,0,0,0,34,44,58,0,9,0,10,0,67,190,0,0,0,0,45,0,3,0,0,0,0,0,4,0,0,0,0,0,0,0,0,0,0,0,0,0,0,2,8,33,81,0,8,0,5,0,24,7,31,0,0,0,2,0,0,0,1,0,0,0,0,0,0,0,0,0,0,0,0,0,0,0,0,0,0,1,0,0,0,0,0,3,0,0,17,0,0,0,0,0,0,0,0,0,0,0,0,0,0,0,0,0,0,0,0,0,0,0,0,0,0,0,0,0,0,0,4,0,34,0,242,0,142,0,24,0,40,0,44,0,0,0,6,0,0,0,0,0,0,0,32,0,0,0,4,0,48,0,0,0,0,0,0,0,0,0,0,15,13,0,0,0,465,0,1,0,0,7,6,0,0,0,0,0,0,0,0,0,0,0,0,0,0,0,0,0,33,0,0,0,0,0,0,0,40,11,0,0,0,22,0,0,0,56,7,38,12,0,2,0
21,0,47,0,87,0,0,0,0,0,0,0,122,132,145,0,50,0,332,169,148,0,86,0,12,0,0,410,20,0,19,0,0,0,71,8,134,0,0,0,39,255,254,0,198,54,115,247,14,0,395,6,0,0,0,0,0,0,6,0,0,0,51,0,16,0,0,0,0,0,85,0,0,0,0,0,0,0,0,0,0,0,0,0,0,0,0,0,0,0,0,0,0,0,0,0,0,0,0,0,0,0,0,0,0,0,0,0,0,0,0,0,0,0,0,0,0,0,0,0,0,0,0,0,0,0,0,0,0,0,0,0,0,0,0,0,0,0,0,0,0,0,0,0,0,0,0,0,95,0,0,0,0,0,0,0,0,0,0,0,0,0,0,0,131,0,15,0,0,0,0,0,24,0,0,0,0,104,15,0,0,0,53,0,93,0,99,0,0,0,0,0,0,0,0,0,0,0,0,0,0,0,0,0,0,0,0,0,0,0,104,266,346,0,47,0,0,0,0,0,0,0,0,0,0
0,116,0,25,0,200,0,16,0,0,0,200,304,188,0,94,0,0,425,120,74,230,0,61,0,0,410,0,0,5,0,9,0,0,60,43,0,0,0,0,111,43,71,269,21,217,37,174,2,17,175,252,0,0,0,10,0,0,0,0,0,0,0,0,0,0,0,0,0,0,0,0,0,0,0,0,0,0,0,0,0,0,0,0,0,0,0,0,0,0,0,0,0,0,0,0,0,0,0,0,0,0,0,0,0,0,0,0,0,0,0,0,0,0,0,0,0,0,0,0,0,0,0,0,0,0,0,0,0,0,0,0,0,0,0,0,0,0,0,0,0,0,0,0,0,0,0,0,0,0,0,0,0,0,0,0,0,0,0,0,0,0,0,5,0,25,0,0,0,47,0,0,0,9,0,0,0,173,0,3,0,0,0,0,0,0,57,28,0,0,0,0,0,0,0,0,0,0,0,0,0,9,0,0,0,0,0,0,0,0,0,0,0,0,0,0,0,0,0,121,218,31,0,0,3
50,0,207,0,95,0,11,0,0,0,31,0,0,0,11,0,349,0,0,0,72,0,58,0,39,0,20,0,0,0,40,0,36,0,35,0,44,0,12,0,0,0,13,0,10,0,0,0,0,0,18,0,5,0,11,0,0,0,0,0,12,0,26,0,0,0,0,0,0,0,0,0,0,0,14,0,0,0,0,0,18,0,0,0,56,0,0,0,0,0,0,0,0,0,0,0,36,0,48,0,0,0,0,0,0,0,0,0,0,0,0,0,0,0,0,0,0,0,0,0,14,0,27,0,0,0,0,0,0,0,0,0,0,0,0,0,0,0,24,0,32,0,41,0,12,0,0,0,0,0,0,0,0,0,3,0,1,0,3,0,0,0,0,0,0,0,0,0,0,0,0,0,0,0,0,0,9,0,4,0,0,0,12,0,0,0,0,0,0,0,0,0,0,0,0,0,0,0,0,0,0,0,0,0,0,0,0,0,0,0,3,5,0,0,5,0,0,0,0,0,0,0,0,0,0
0,261,0,187,0,97,0,126,0,0,0,76,0,0,0,10,0,339,0,13,0,170,0,223,0,45,0,5,0,0,0,26,0,25,0,48,0,10,0,17,0,0,0,0,0,0,0,0,0,0,0,8,0,17,0,19,0,13,0,0,0,20,0,70,0,0,0,0,0,0,0,0,0,0,0,0,0,0,0,0,0,0,0,0,0,64,0,0,0,0,0,18,0,0,0,0,0,7,0,0,0,14,0,0,0,0,0,0,0,0,0,0,0,0,0,0,0,0,0,0,0,8,0,0,0,0,0,0,0,0,0,0,0,0,0,92,0,0,0,92,0,116,0,115,0,23,0,0,0,0,0,0,0,0,0,35,0,0,0,43,0,0,0,0,0,0,0,4,0,0,0,0,0,0,0,0,0,16,0,10,0,0,0,0,0,0,0,0,0,0,0,0,0,0,0,0,0,0,0,0,0,0,0,0,0,0,0,0,0,0,0,0,0,0,1,0,0,0,2,0,0,0,0,0,0
0,0,26,0,97,14,0,0,0,0,33,2,16,8,216,0,38,0,38,26,154,33,34,0,0,0,19,0,40,0,0,0,5,0,17,0,31,0,19,0,1,0,8,0,2,0,0,0,0,0,7,0,0,0,3,0,0,0,1,0,0,0,30,0,0,0,0,0,0,0,16,0,0,0,11,0,0,0,0,0,0,0,0,0,37,0,0,0,0,0,11,0,0,0,0,0,63,0,0,0,2,0,0,0,0,0,0,0,0,0,0,0,0,0,0,0,0,0,0,0,11,0,19,0,0,0,0,0,0,0,0,0,0,0,0,0,0,0,0,0,22,0,42,0,0,0,0,0,2,0,0,0,0,0,6,0,0,0,5,0,0,0,0,0,0,0,5,1,0,0,0,0,0,0,0,0,17,0,22,0,0,0,0,0,0,0,0,0,0,0,0,0,0,0,0,0,0,0,0,0,3,0,0,0,0,0,0,0,0,0,8,0,0,0,0,0,0,0,0,0,0,0,0,0,0
0,0,0,0,0,152,0,0,0,0,0,81,0,20,28,63,0,15,19,81,22,27,0,74,0,3,0,9,0,26,0,0,0,3,0,9,0,11,0,4,0,0,0,7,0,4,0,0,0,0,0,12,0,4,0,0,0,0,0,1,0,0,0,11,0,0,0,0,0,0,0,0,0,1,0,0,0,0,0,0,0,0,0,0,0,0,0,0,0,0,0,0,0,0,0,0,0,0,0,0,0,0,0,0,0,0,0,0,0,0,0,0,0,0,0,0,0,0,0,0,0,0,0,0,0,0,0,0,0,0,0,0,0,0,0,0,0,0,0,12,0,54,0,80,0,14,0,0,0,0,0,0,0,0,0,0,0,0,0,0,0,0,0,0,0,0,0,32,0,20,0,3,0,0,0,0,5,33,0,4,0,0,0,0,0,0,0,1,0,0,0,0,0,0,0,0,0,0,0,0,0,0,0,0,0,0,0,0,0,0,0,0,0,0,19,0,0,0,44,38,74,0,0,0,0
10,0,90,0,301,0,0,0,0,0,220,3,0,2,112,0,105,0,0,0,106,6,56,6,0,0,0,0,36,0,5,0,0,0,22,0,128,0,9,0,0,0,14,0,8,0,0,0,0,0,6,0,0,0,0,0,0,0,0,0,5,0,13,0,0,0,0,0,0,0,10,0,0,0,12,0,0,0,0,0,0,0,0,0,33,0,0,0,0,0,0,0,0,0,0,0,28,0,0,0,0,0,0,0,0,0,0,0,0,0,0,0,0,0,0,0,0,0,0,0,0,0,0,0,0,0,0,0,0,0,0,0,0,0,0,0,0,0,0,0,0,0,0,0,7,0,0,0,0,0,0,0,0,0,0,0,0,0,0,0,1,0,0,0,0,0,5,0,0,0,0,0,5,0,0,0,74,13,51,0,0,0,8,0,0,0,0,0,0,0,0,0,0,0,0,0,0,0,0,0,0,0,0,0,0,0,0,0,0,0,0,45,2,0,4,0,0,0,0,0,0,0,0,0,0
0,171,0,136,0,432,0,0,0,0,0,477,0,0,0,57,0,95,0,9,14,63,21,161,0,0,0,0,0,25,0,3,0,0,0,33,0,113,0,4,0,0,0,16,0,13,0,0,0,0,0,15,0,0,0,6,0,0,0,0,0,17,0,16,0,0,0,0,0,0,0,0,0,0,0,6,0,0,0,0,0,0,0,0,0,0,0,0,0,0,0,0,0,0,0,0,0,0,0,0,0,0,0,0,0,0,0,0,0,0,0,0,0,0,0,0,0,0,0,0,0,0,0,0,0,0,0,0,0,0,0,0,0,0,0,0,0,0,0,38,0,46,0,63,0,35,0,0,0,0,0,0,0,0,0,6,0,12,0,0,0,0,0,0,0,2,0,60,0,0,0,0,0,30,0,0,0,75,0,48,0,0,0,4,0,0,0,0,0,0,0,0,0,0,0,0,0,0,0,0,0,0,0,0,0,0,0,0,0,0,0,0,0,0,0,0,0,0,28,82,51,19,0,0,0
3,0,1,0,118,0,0,0,0,0,8,0,100,33,179,0,4,0,256,116,137,43,6,0,0,0,71,60,35,0,17,0,22,0,0,0,254,0,6,0,0,0,18,0,12,0,0,0,3,0,60,5,0,0,4,0,0,0,0,0,3,0,14,0,0,0,0,0,0,0,61,0,0,0,36,0,0,0,0,0,0,0,0,0,0,0,0,0,0,0,0,0,0,0,0,0,87,0,0,0,0,0,0,0,0,0,0,0,0,0,0,0,0,0,0,0,0,0,0,0,20,0,0,0,0,0,0,0,0,0,2,0,0,0,0,0,0,0,0,0,0,0,0,0,19,0,0,0,0,0,0,0,0,0,3,0,0,0,0,0,0,0,0,0,39,0,35,0,0,0,0,0,25,0,0,0,30,0,32,0,0,0,0,0,0,0,10,0,0,0,0,0,0,0,0,0,0,0,0,0,0,0,0,0,0,0,0,0,0,0,58,36,67,0,24,0,0,0,0,0,0,0,0,0,0
0,0,0,0,0,162,0,0,0,0,0,59,30,180,41,18,0,0,66,115,35,77,0,16,0,0,8,43,0,48,0,9,0,33,0,0,0,259,0,15,0,0,0,26,0,13,0,2,0,0,0,41,0,0,0,0,0,0,1,0,0,7,0,18,0,0,0,0,0,0,0,0,0,0,0,0,0,0,0,0,0,0,0,0,0,0,0,0,0,0,0,0,0,0,0,0,0,0,0,0,0,0,0,0,0,0,0,0,0,0,0,0,0,0,0,0,0,0,0,0,0,0,0,0,0,0,0,0,0,0,0,0,0,0,0,0,0,10,0,59,0,111,0,159,0,43,0,0,0,0,0,0,0,0,0,0,0,0,0,0,0,0,0,0,0,18,1,60,0,65,0,0,0,29,0,0,0,88,0,15,0,0,0,0,0,0,0,42,0,0,0,0,0,0,0,0,0,0,0,0,0,0,0,0,0,0,0,0,0,0,0,0,0,0,50,0,0,0,63,64,156,26,0,0,0
5,0,24,0,179,0,0,0,0,0,124,0,28,0,139,0,19,0,79,0,114,0,0,0,0,0,134,0,44,0,31,0,128,0,254,0,0,0,36,0,0,0,29,0,64,0,0,0,4,0,74,0,9,0,0,0,0,0,0,0,32,0,41,0,0,0,0,0,0,0,125,0,0,0,79,0,0,0,0,0,57,0,0,0,89,0,0,0,0,0,0,0,0,0,0,0,56,0,0,0,0,0,0,0,0,0,0,0,0,0,0,0,0,0,0,0,0,0,0,0,0,0,0,0,0,0,0,0,0,0,0,0,0,0,0,0,32,0,137,0,173,0,100,0,113,0,0,0,0,0,0,0,0,0,28,0,50,0,0,0,0,0,12,0,26,0,14,0,23,0,21,0,46,0,0,0,33,11,37,0,0,0,0,0,0,0,5,0,0,0,0,0,0,0,0,0,0,0,0,0,0,0,0,0,0,0,0,0,0,0,48,32,50,15,19,0,0,0,0,0,0,0,0,0,0
0,203,0,0,21,200,0,0,0,0,0,296,9,42,19,20,0,0,21,42,7,11,13,19,0,4,0,0,0,10,0,11,0,113,0,259,0,0,0,20,0,0,0,39,0,23,0,0,0,2,0,91,0,5,0,0,0,0,0,0,0,31,0,11,0,0,0,3,0,0,0,3,0,0,0,6,0,0,0,0,0,49,0,0,0,68,0,28,0,0,0,0,0,0,0,0,0,0,0,27,0,0,0,0,0,0,0,0,0,0,0,0,0,0,0,0,0,0,0,0,0,31,0,8,0,0,0,0,0,0,0,0,0,0,0,0,0,0,0,78,0,101,0,105,0,113,0,0,0,0,0,0,0,0,0,12,0,20,0,0,0,0,0,0,0,7,0,47,0,110,0,4,0,92,0,0,4,73,0,30,0,0,0,12,0,0,0,10,0,0,0,0,0,0,0,0,0,0,0,0,0,0,0,0,0,0,0,7,0,0,0,0,0,0,35,0,0,0,33,164,119,27,0,1,0
280,0,396,0,205,0,0,0,5,0,188,0,0,0,10,0,411,0,0,0,7,0,50,0,51,0,0,0,12,0,19,0,9,0,6,0,36,0,0,0,0,0,0,0,0,0,0,0,3,0,2,0,3,0,1,0,0,0,0,0,6,0,14,0,0,0,0,0,0,0,10,0,0,0,7,0,0,0,0,0,0,0,0,0,0,0,0,0,0,0,0,0,0,0,0,0,0,0,0,0,0,0,0,0,0,0,0,0,0,0,0,0,0,0,0,0,0,0,0,0,0,0,0,0,0,0,0,0,0,0,0,0,0,0,0,0,8,0,25,0,0,0,0,0,18,0,0,0,0,0,0,0,0,0,11,0,23,0,0,0,0,0,0,0,0,0,35,0,0,0,0,0,49,0,0,0,60,14,24,0,0,0,109,0,0,0,0,0,0,0,0,0,0,0,0,0,0,0,0,0,0,0,0,0,0,0,0,0,0,0,30,109,12,32,35,0,2,0,0,0,0,0,0,0,0
2,628,0,278,0,0,0,199,0,26,0,122,0,0,0,0,4,275,0,0,0,17,0,57,0,0,0,0,0,17,0,4,0,4,0,15,0,20,0,0,0,0,0,0,0,0,0,0,0,0,0,7,0,11,0,5,0,4,0,0,0,45,0,20,0,0,0,6,0,0,0,0,0,0,0,0,0,0,0,0,0,0,0,0,0,6,0,0,0,0,0,0,0,0,0,0,0,0,0,0,0,0,0,0,0,0,0,0,0,0,0,0,0,0,0,0,0,0,0,0,0,0,0,0,0,0,0,0,0,0,0,0,0,2,0,0,0,0,0,65,0,65,0,29,0,68,0,0,0,0,0,0,0,0,0,15,0,33,0,57,0,0,0,0,0,0,0,0,0,0,0,0,0,17,0,0,0,0,0,32,0,0,0,38,0,0,0,0,0,0,0,0,0,0,0,0,0,0,0,0,0,0,0,0,0,0,0,0,0,0,0,0,0,0,0,0,0,0,0,87,9,0,0,1,0
29,0,46,0,77,0,0,0,18,0,24,0,81,0,18,0,0,0,29,18,0,2,0,0,0,0,39,111,0,0,1,0,0,0,0,0,0,0,0,0,0,239,45,4,59,75,106,196,73,27,40,0,0,0,0,0,0,0,0,0,0,0,0,0,4,0,0,0,0,0,0,0,0,0,0,0,0,0,0,0,0,0,0,0,0,0,0,0,0,0,0,0,0,0,0,0,0,0,0,0,3,0,0,0,0,0,0,0,0,0,0,0,0,0,0,0,0,0,0,0,0,0,0,0,0,0,0,0,0,0,0,0,0,0,0,0,0,0,0,0,0,0,0,0,0,0,17,0,0,0,19,0,57,0,0,0,0,0,0,0,0,0,0,0,17,0,0,0,0,0,0,0,0,0,96,0,144,100,67,0,76,0,28,0,40,0,176,2,0,0,0,0,0,0,0,0,0,0,0,0,0,0,0,0,0,0,0,0,0,0,0,194,49,6,0,0,0,17,0,0,0,0,0,0,0
0,0,0,0,0,12,0,0,0,0,0,82,71,126,0,1,0,0,47,4,0,1,0,0,0,0,255,43,0,0,0,0,0,0,0,0,0,0,0,0,239,0,51,88,67,56,110,91,12,66,69,52,0,0,0,0,0,0,0,0,0,0,0,0,0,0,0,0,0,0,0,0,0,0,0,0,0,0,0,0,0,0,0,0,0,0,0,0,0,0,0,0,0,0,0,0,0,0,0,0,0,0,0,3,0,0,0,0,0,0,0,0,0,0,0,0,0,0,0,4,0,0,0,0,0,0,0,0,0,0,0,0,0,0,0,0,0,0,0,0,0,0,0,0,0,0,0,0,0,0,0,0,0,49,0,0,0,0,0,0,0,0,0,0,4,35,0,1,0,16,0,0,0,0,0,36,0,290,0,30,0,97,0,24,0,0,98,19,0,0,0,0,0,0,0,0,0,0,0,0,0,0,0,0,0,0,0,0,0,0,0,3,0,0,0,0,0,0,3,80,65,0,1,0,15
2,0,0,0,0,0,0,0,0,0,0,0,51,24,0,0,0,0,35,21,11,3,0,0,0,0,254,71,13,0,8,0,14,0,18,0,29,0,0,0,45,51,0,0,153,17,46,55,59,1,33,0,0,0,0,0,2,0,0,0,0,0,0,0,0,0,0,0,0,0,0,0,0,0,0,0,0,0,0,0,0,0,0,0,11,0,0,0,0,0,0,0,0,0,0,0,0,0,0,0,0,0,0,0,0,0,0,0,0,0,0,0,0,0,0,0,0,0,0,0,0,0,0,0,0,0,0,0,0,0,0,0,0,0,0,0,0,0,11,0,12,0,0,0,0,0,0,0,0,0,0,0,0,0,0,0,0,0,0,0,0,0,0,0,22,0,3,0,8,0,0,0,4,0,0,0,1,13,2,0,0,0,0,0,0,0,31,2,0,0,0,0,0,0,0,0,0,0,0,0,0,0,0,0,0,0,0,0,0,0,15,39,30,0,0,0,0,11,0,0,0,0,0,0,0
0,0,0,0,0,16,0,10,0,0,0,0,30,211,0,5,0,0,32,82,0,49,0,15,0,0,0,269,0,0,0,7,0,16,0,26,0,39,0,0,4,88,0,0,0,216,0,129,0,28,12,65,0,0,0,38,0,7,0,16,0,0,0,0,0,0,0,10,0,0,0,15,0,0,0,28,0,0,0,0,0,153,0,0,0,0,0,85,0,0,0,0,0,0,0,0,0,0,0,0,0,0,0,0,0,0,0,0,0,0,0,0,0,0,0,0,0,0,0,0,0,0,0,0,0,0,0,0,0,0,0,0,0,0,0,0,0,0,0,0,0,0,0,0,0,0,0,0,0,0,0,0,0,0,0,0,0,0,0,0,0,0,0,0,0,32,0,49,0,65,0,9,0,34,0,0,0,0,1,0,0,0,0,0,0,0,0,75,0,0,0,0,0,0,0,0,0,0,0,0,0,0,0,0,0,0,0,0,0,0,0,0,0,0,38,0,0,0,0,110,237,23,0,0,0
0,0,0,0,24,0,0,1,0,0,15,0,48,0,0,0,23,0,38,0,18,0,32,0,0,0,198,21,10,0,2,0,8,0,12,0,64,0,0,0,59,67,153,0,0,17,164,52,134,0,127,1,5,0,0,0,6,0,6,0,0,0,19,0,6,0,0,0,5,0,38,0,0,0,0,0,12,0,0,0,0,0,27,0,0,0,0,0,0,0,0,0,12,0,26,0,0,0,78,0,8,0,9,0,0,0,0,0,0,0,0,0,0,0,0,0,0,0,2,0,23,0,0,0,0,0,0,0,0,0,0,0,0,0,0,0,12,0,0,0,0,0,0,0,0,0,0,0,0,0,0,0,0,0,0,0,0,0,0,0,6,0,6,0,202,0,21,0,158,0,7,0,17,0,0,0,11,15,7,0,0,1,30,0,38,0,32,0,0,0,0,0,0,0,0,0,0,0,0,0,0,0,0,0,0,0,0,0,0,0,61,191,181,25,25,0,3,54,0,0,0,0,0,0,0
0,22,0,0,0,32,0,0,0,0,0,71,23,82,7,28,0,0,0,43,0,58,0,0,0,0,54,217,0,0,0,4,0,13,0,13,0,23,0,0,75,56,17,216,17,0,0,320,4,147,18,125,0,0,0,25,0,0,0,0,0,3,0,16,0,0,0,0,0,11,0,19,0,0,0,28,0,25,0,0,0,187,0,73,0,117,0,118,0,26,0,0,0,41,0,33,3,0,0,58,0,0,0,44,0,0,0,0,0,1,0,0,0,0,0,0,0,0,0,0,0,78,0,0,0,0,0,0,0,0,0,0,0,0,0,0,0,0,0,0,0,0,0,109,0,41,0,0,0,0,0,0,0,13,0,0,0,0,0,0,0,0,0,0,0,123,0,24,0,200,0,9,0,36,0,3,0,62,0,0,0,0,0,0,0,0,13,18,0,0,0,0,0,0,0,51,0,0,0,0,0,0,0,0,0,0,0,0,0,0,0,0,0,0,48,0,0,0,36,139,322,15,2,0,28
26,0,28,0,60,0,0,0,18,0,20,0,116,0,46,0,16,0,29,0,0,0,48,0,0,0,115,37,0,0,0,0,0,0,0,0,0,0,0,0,106,110,46,0,164,0,0,76,121,32,35,0,0,0,3,0,0,0,0,0,0,0,12,0,0,0,0,0,0,0,0,0,0,0,0,0,0,0,0,0,0,0,4,0,0,0,0,0,0,0,12,0,0,0,0,0,0,0,0,0,0,0,0,0,0,0,0,0,0,0,0,0,0,0,0,0,0,0,0,0,0,0,0,0,0,0,0,0,0,0,0,0,0,0,0,0,0,0,0,0,0,0,34,0,0,0,0,0,80,0,49,0,158,0,0,0,0,0,0,0,0,0,0,0,31,0,0,0,23,0,0,0,0,0,115,0,94,51,25,0,109,0,53,0,113,0,132,0,0,0,0,0,0,0,0,0,0,0,0,0,0,0,0,0,0,0,0,0,0,0,0,306,78,0,0,0,0,53,0,2,0,0,0,0,0
0,46,0,0,0,49,0,0,0,0,0,143,92,168,0,11,0,0,76,29,0,13,0,0,0,0,247,174,0,0,0,0,0,0,0,2,0,0,0,0,196,91,55,129,52,320,76,0,25,70,77,49,0,0,0,0,0,0,0,0,0,0,0,0,0,0,0,0,0,0,0,3,0,0,0,0,0,0,0,0,0,0,0,0,0,0,0,0,0,0,0,0,0,0,0,0,0,0,0,0,0,0,0,0,0,0,0,0,0,0,0,0,0,0,0,0,0,0,0,0,0,0,0,0,0,0,0,0,0,0,0,0,0,0,0,0,0,4,0,0,0,0,0,0,0,0,0,0,0,0,0,0,0,0,0,0,0,0,0,0,0,0,0,0,0,0,0,0,0,0,0,0,0,0,0,0,0,147,0,4,0,0,0,3,0,0,66,19,0,0,0,0,0,0,0,0,0,0,0,0,0,0,0,0,0,0,0,0,0,0,0,0,0,0,0,0,0,0,0,130,139,0,0,0,31
19,0,26,0,23,0,41,0,18,0,10,0,7,0,9,0,18,0,0,0,0,0,6,0,0,0,14,2,0,0,0,0,0,0,3,0,4,0,3,0,73,12,59,0,134,4,121,25,0,22,17,0,5,0,0,0,40,0,22,0,9,0,0,0,0,0,6,1,32,0,8,0,5,0,0,0,3,0,11,0,4,0,23,0,10,0,7,0,14,0,0,0,11,0,27,0,0,0,0,0,6,0,24,0,12,0,16,0,1,0,0,0,0,0,1,0,0,0,0,0,2,0,0,0,18,0,13,0,0,0,20,0,0,0,10,0,0,2,0,0,0,0,15,0,2,0,17,0,0,0,24,0,0,0,0,0,0,0,6,0,39,0,30,1,23,0,11,0,32,0,16,0,22,0,6,0,40,12,2,0,15,4,10,0,0,0,137,0,0,0,4,0,30,0,10,0,31,0,0,0,0,0,56,0,0,0,36,0,0,0,94,157,203,11,151,0,0,7,0,0,1,1,0,0,0
0,6,0,0,0,14,0,6,0,0,0,32,0,60,0,6,0,0,1,6,0,5,0,0,0,0,0,17,0,0,0,0,0,0,0,0,0,2,0,0,27,66,1,28,0,147,32,70,22,0,0,15,0,0,0,9,0,5,0,8,0,0,0,6,0,0,0,6,0,15,0,8,0,3,0,11,0,11,0,0,0,100,0,42,0,40,0,0,0,7,0,0,0,44,0,17,0,0,0,23,0,0,0,31,0,0,0,0,0,0,0,0,0,0,0,0,0,1,0,3,0,25,0,0,0,0,0,0,0,0,0,0,0,0,0,0,0,3,0,1,0,2,0,0,0,0,0,9,0,0,0,18,0,0,0,0,0,1,0,0,0,20,0,10,0,39,0,4,0,32,0,8,0,3,0,2,0,67,0,8,0,14,0,7,0,0,28,11,0,0,0,4,0,0,0,0,0,2,0,5,0,1,0,0,0,2,0,0,0,0,0,0,0,0,8,0,0,0,24,7,91,10,2,0,18
0,0,0,0,60,0,0,0,6,0,0,0,218,54,38,0,3,0,192,107,53,14,0,0,0,0,395,175,18,0,7,0,6,0,60,0,74,0,2,0,40,69,33,12,127,18,35,77,17,0,0,0,0,0,3,0,0,0,1,0,4,0,6,0,0,0,0,0,0,0,26,0,0,0,18,0,0,0,0,0,0,0,3,0,42,0,0,0,0,0,4,0,0,0,0,0,0,0,0,0,0,0,0,0,0,0,0,0,0,0,0,0,0,0,0,0,0,0,0,0,13,0,0,0,0,0,0,0,0,0,0,0,0,0,0,0,0,0,0,0,0,0,0,0,10,0,0,0,0,0,0,0,0,0,0,0,0,0,0,0,0,0,7,0,62,0,12,0,48,0,9,0,32,0,0,0,10,0,13,0,0,0,0,0,0,0,51,0,0,0,0,0,0,0,0,0,0,0,0,0,0,0,0,0,0,0,0,0,0,0,113,75,119,33,33,0,0,0,1,0,0,0,0,0,0
0,8,0,0,0,44,0,0,0,0,0,20,0,395,3,0,0,0,0,104,0,56,0,0,0,0,6,252,0,8,0,12,0,15,5,41,0,91,0,7,0,52,0,65,1,125,0,49,0,15,0,0,0,0,0,34,0,8,0,21,0,0,0,11,0,0,0,3,0,0,0,0,0,0,0,0,0,0,0,12,0,103,0,0,0,76,0,49,0,0,0,0,0,0,0,0,1,0,0,0,0,0,0,0,0,0,0,0,0,0,0,0,0,0,0,1,0,0,0,0,0,40,0,0,0,1,0,0,0,0,0,0,0,0,0,0,0,0,0,0,0,45,0,85,0,0,0,0,0,0,0,0,0,0,0,0,0,0,0,0,0,0,0,0,0,48,0,68,0,129,0,13,0,46,0,0,0,0,0,0,0,0,0,1,0,0,0,117,0,0,0,0,0,0,0,0,0,0,0,0,0,0,0,0,0,0,0,0,0,0,0,0,0,0,28,0,0,0,0,42,153,21,0,0,2
2,0,3,0,0,0,36,3,99,46,0,0,2,0,2,0,116,0,0,0,30,0,14,0,69,2,0,0,5,0,0,0,0,0,0,0,9,0,3,0,0,0,0,0,5,0,0,0,5,0,0,0,0,9,136,93,96,13,43,18,47,0,52,4,10,1,71,67,0,0,0,0,0,0,0,0,0,0,0,0,0,0,0,0,37,0,0,0,0,0,0,0,0,0,0,0,25,0,0,0,0,0,0,0,0,0,1,0,0,0,0,0,0,0,0,0,0,0,0,0,4,0,0,0,10,0,12,0,69,0,7,0,18,0,0,0,147,0,207,0,143,0,147,0,16,0,2,0,4,0,4,0,0,0,197,0,117,0,116,0,22,0,0,0,0,0,0,0,0,0,96,4,15,0,2,1,65,7,0,0,0,0,0,0,30,20,0,0,0,0,0,0,0,0,0,0,0,0,0,0,0,0,0,0,0,0,0,0,0,0,18,78,59,40,23,0,9,0,3,0,0,0,0,0,0
0,0,0,1,0,0,2,6,18,87,0,0,0,1,0,7,0,61,0,7,0,32,0,48,0,8,0,0,0,17,0,4,0,0,0,0,0,5,0,11,0,0,0,0,0,0,0,0,0,0,0,0,9,0,37,84,0,85,30,46,0,79,1,85,0,2,33,55,0,0,0,0,0,0,0,0,0,0,0,0,0,0,0,0,0,0,0,0,0,0,0,0,0,0,0,0,0,0,0,0,0,0,0,0,0,1,0,1,0,0,0,0,0,0,0,0,0,0,0,0,0,0,0,0,0,7,0,0,0,27,0,4,0,9,0,88,0,10,0,76,0,81,0,54,0,8,0,2,0,0,0,2,0,3,0,138,1,107,0,68,0,13,0,0,0,0,0,0,0,0,0,21,0,11,0,2,1,20,0,0,3,0,0,0,4,46,0,0,0,0,0,0,0,0,0,0,0,0,0,0,0,7,0,0,0,0,0,0,0,0,2,1,0,4,18,0,0,0,14,0,36,20,0,0,0
0,0,52,0,6,0,156,0,91,164,0,0,0,0,41,0,8,0,0,0,10,0,120,0,73,33,0,0,11,0,3,0,0,0,4,0,0,0,1,0,0,0,0,0,0,0,3,0,0,0,3,0,136,37,0,188,55,0,118,0,27,0,36,37,27,0,111,31,0,0,0,0,0,0,0,0,0,0,0,0,0,0,0,0,10,1,0,0,0,0,0,0,0,0,0,0,0,0,0,0,0,0,0,0,0,0,0,0,0,0,0,0,0,0,0,0,0,0,0,0,0,0,0,0,0,0,0,0,27,0,11,0,32,0,0,0,75,0,13,0,17,0,39,0,1,0,3,0,15,0,16,0,0,0,26,0,7,0,23,0,58,0,0,0,2,0,0,0,35,0,240,2,54,0,0,0,15,74,0,0,0,0,0,0,4,20,0,0,0,0,0,0,0,0,0,0,0,0,0,0,0,0,0,0,0,0,0,0,0,0,209,30,293,256,212,17,86,0,14,0,0,3,0,0,0
0,23,0,75,0,16,0,199,114,257,0,0,0,0,0,72,3,23,0,14,0,57,0,21,22,81,0,10,0,19,0,0,0,6,0,0,0,0,0,5,0,0,0,38,0,25,0,0,0,9,0,34,93,84,188,0,21,160,93,35,0,46,12,84,0,3,52,106,0,0,0,0,0,0,0,0,0,0,0,0,0,0,0,0,0,0,0,0,0,0,0,0,0,0,0,0,0,0,0,0,0,0,0,0,0,0,0,0,0,0,0,0,0,0,0,0,0,0,0,0,0,0,0,0,0,40,0,51,0,27,0,28,0,17,0,107,0,89,0,24,0,33,0,29,0,0,0,0,0,25,0,19,0,0,0,65,0,24,0,12,0,77,0,6,0,0,0,34,0,25,0,169,0,69,0,0,6,91,0,0,0,0,0,1,8,44,0,0,0,0,0,0,0,0,0,0,0,0,0,0,0,9,0,0,0,0,0,11,0,32,25,0,0,15,471,0,0,0,324,33,269,240,11,42,0
0,0,0,0,0,0,3,0,1,5,0,0,0,0,0,0,10,0,0,0,0,0,17,0,31,0,0,0,0,0,0,0,0,0,0,0,0,0,0,0,0,0,2,0,6,0,0,0,40,0,0,0,96,0,55,21,0,27,216,0,7,0,3,0,56,0,58,57,0,0,1,0,0,0,0,0,2,0,0,0,0,0,5,0,0,0,0,0,0,0,0,0,0,0,0,0,0,0,0,0,0,0,4,0,0,0,0,0,0,0,0,0,0,0,1,0,0,0,0,0,0,0,0,0,15,0,5,0,67,0,29,0,49,0,17,0,15,0,18,0,0,0,0,0,13,0,0,0,4,0,6,0,0,0,155,0,54,0,88,0,163,0,0,0,0,0,5,0,68,0,328,0,26,0,13,12,0,0,0,0,0,16,0,0,0,0,0,0,0,0,1,0,0,0,0,0,0,0,0,0,0,0,0,0,0,0,0,0,15,0,413,98,604,695,835,73,91,0,4,4,0,0,0,0,0
0,0,0,0,0,1,0,3,0,20,0,0,0,0,0,9,0,9,0,0,0,7,0,10,0,8,0,0,0,13,0,0,0,0,0,0,0,0,0,4,0,0,0,7,0,0,0,0,0,5,0,8,13,85,0,160,27,0,54,143,0,0,0,0,16,3,64,83,0,0,0,0,0,0,0,0,0,0,0,0,0,0,0,0,0,0,0,0,0,0,0,0,0,0,0,0,1,0,0,0,0,0,0,0,0,0,0,0,0,0,0,0,0,0,0,0,0,0,0,0,0,0,0,0,0,34,0,26,0,24,0,29,0,42,0,58,0,59,7,19,0,17,0,21,0,3,0,9,0,0,0,4,0,0,20,206,4,35,0,88,0,160,0,6,0,0,0,0,0,40,0,275,0,33,0,18,7,0,0,0,27,27,0,0,0,9,0,0,0,0,0,0,0,0,0,0,0,0,0,0,0,0,0,0,0,0,0,0,0,26,0,0,0,0,462,0,0,0,233,83,353,317,0,15,0
2,0,12,0,0,0,15,0,14,39,0,0,0,0,10,0,0,0,0,0,0,0,0,0,15,0,6,0,0,0,1,0,0,0,0,1,0,0,0,0,0,0,0,0,6,0,0,0,22,0,1,0,43,30,118,93,216,54,0,64,46,0,9,7,78,0,162,151,0,0,0,0,0,0,0,0,0,0,0,0,0,0,5,0,0,0,0,0,0,0,0,0,0,0,1,0,0,0,0,0,0,0,0,0,0,0,0,0,0,0,0,0,0,0,0,0,0,0,0,0,0,0,0,0,1,0,0,0,0,0,5,0,0,0,0,0,0,0,0,0,0,0,0,0,0,0,1,0,0,0,0,0,0,0,65,0,111,0,0,0,25,0,0,0,0,0,3,0,26,0,127,0,0,0,26,29,65,1,0,0,58,0,0,0,45,30,0,0,0,0,0,0,0,0,0,0,0,0,0,0,0,0,0,0,0,0,0,0,0,0,617,237,314,664,953,88,91,0,10,0,3,0,0,0,0
0,17,0,4,0,0,0,9,0,12,0,0,0,0,0,4,0,0,0,3,0,0,0,0,0,5,0,0,0,0,0,1,0,0,0,0,0,0,0,0,0,0,0,16,0,0,0,0,0,8,0,21,18,46,0,35,0,143,64,0,0,0,0,17,0,57,94,284,0,0,0,0,0,0,0,0,0,0,0,0,0,0,0,0,0,0,0,0,0,0,0,0,0,0,0,0,0,0,0,0,0,0,0,0,0,0,0,0,0,0,0,0,0,0,0,0,0,0,0,0,0,0,0,0,0,22,0,8,0,3,0,37,0,4,0,6,0,0,0,0,0,0,0,1,0,0,0,0,0,4,0,0,0,0,28,76,9,119,0,22,0,42,0,0,0,5,0,0,1,68,0,216,0,55,6,48,6,0,0,0,26,44,0,0,0,17,0,0,0,0,0,0,0,0,0,0,0,0,0,0,0,0,0,0,0,0,0,0,0,9,10,0,0,0,1226,0,0,0,746,195,575,582,93,18,0
94,0,72,0,0,0,159,0,150,0,0,0,0,0,0,0,80,0,0,0,0,0,0,0,34,0,0,0,12,0,0,0,5,0,3,0,32,0,6,0,0,0,0,0,0,0,0,0,9,0,4,0,47,0,27,0,7,0,46,0,0,0,54,1,4,0,0,0,0,0,44,0,8,0,28,0,0,0,0,0,0,0,0,0,26,0,0,0,0,0,0,0,0,0,0,0,0,0,0,0,0,0,0,0,0,0,0,0,0,0,0,0,0,0,0,0,0,0,0,0,0,0,22,0,0,0,0,0,0,0,0,0,0,0,0,0,0,0,131,0,136,0,74,0,241,0,0,0,0,0,0,0,0,0,48,0,91,0,10,0,0,0,8,0,0,0,0,0,12,0,136,0,54,0,0,0,34,8,0,0,0,0,41,0,43,0,0,0,0,0,0,0,0,0,0,0,0,0,0,0,0,0,0,0,0,0,0,0,0,0,55,208,34,90,112,3,6,1,0,0,0,0,0,0,0
0,261,0,14,0,0,0,179,0,284,0,18,0,0,0,6,0,13,0,5,0,12,0,3,0,24,0,0,0,20,0,0,0,17,0,7,0,31,0,45,0,0,0,0,0,3,0,0,0,0,0,0,0,79,0,46,0,0,0,0,0,0,0,124,0,0,0,46,0,0,0,4,0,0,0,8,0,0,0,0,0,0,0,0,0,0,0,0,0,0,0,0,0,0,0,0,0,0,0,6,0,0,0,0,0,0,0,0,0,0,0,0,0,0,0,0,0,0,0,0,0,0,0,0,0,0,0,0,0,3,0,0,0,0,0,0,0,0,0,75,0,112,0,71,0,316,0,0,0,0,0,0,0,0,0,22,0,66,0,45,0,0,0,6,0,0,0,0,0,5,0,129,0,65,0,0,0,75,0,0,0,0,0,60,0,59,0,0,0,0,0,0,0,0,0,0,0,0,0,0,0,0,0,0,0,0,0,0,0,0,0,0,0,0,15,0,0,0,42,158,34,20,2,2,0
43,0,0,0,0,0,165,6,201,17,0,0,0,0,9,0,311,0,66,0,185,0,23,0,64,7,51,0,26,0,30,0,13,0,14,0,41,0,14,0,0,0,0,0,19,0,12,0,0,0,6,0,52,1,36,12,3,0,9,0,54,0,0,2,0,0,0,2,0,0,25,0,0,0,22,0,0,0,0,0,0,0,0,0,93,0,0,0,0,0,0,0,0,0,0,0,0,0,0,0,0,0,0,0,0,0,0,0,0,0,0,0,0,0,0,0,0,0,0,0,0,0,0,0,0,0,0,0,8,0,0,0,0,0,0,0,56,0,76,0,100,0,77,0,13,0,0,0,0,0,0,0,0,0,83,0,55,0,35,0,4,0,0,0,0,0,1,0,0,0,10,0,16,0,0,0,14,17,0,0,0,0,23,0,4,2,0,0,0,0,0,0,0,0,0,0,0,0,0,0,0,0,0,0,0,0,0,0,0,0,13,81,12,16,13,0,0,0,4,0,0,0,0,0,0
0,99,0,5,0,0,0,183,18,330,0,4,0,0,0,27,0,149,0,48,0,210,0,212,9,31,0,0,0,70,0,11,0,16,0,18,0,11,0,20,0,0,0,0,0,16,0,0,0,6,0,11,4,85,37,84,0,0,7,17,1,124,2,0,0,0,0,29,0,0,0,0,0,0,0,0,0,0,0,0,0,0,0,0,0,9,0,0,0,0,0,0,0,0,0,0,0,0,0,0,0,0,0,0,0,0,0,0,0,0,0,0,0,0,0,0,0,0,0,0,0,0,0,0,0,0,0,0,0,0,0,0,0,0,0,16,0,0,0,59,0,76,0,0,0,48,0,0,0,0,0,0,0,0,0,45,0,77,0,54,0,0,0,1,0,0,0,6,0,0,0,7,0,17,0,0,0,101,0,0,0,0,0,27,0,27,0,0,0,0,0,0,0,0,0,0,0,0,0,0,0,0,0,0,0,0,0,0,0,0,2,0,2,2,16,0,0,0,12,8,18,15,1,4,0
8,0,0,0,11,0,8,0,99,0,0,0,0,0,24,0,0,0,31,0,6,0,12,0,0,0,16,0,0,0,0,0,0,0,0,0,0,0,0,0,4,0,0,0,6,0,0,0,0,0,0,0,10,0,27,0,56,16,78,0,4,0,0,0,0,0,88,0,0,0,2,0,0,0,0,0,0,0,0,0,0,0,0,0,0,0,0,0,0,0,0,0,0,0,0,0,0,0,0,0,0,0,0,0,0,0,0,0,0,0,0,0,0,0,0,0,0,0,0,0,0,0,0,0,4,0,0,0,0,0,9,0,0,0,0,0,0,0,10,0,0,0,0,0,26,0,6,0,34,0,0,0,0,0,13,27,23,0,0,46,88,63,0,0,0,0,0,0,0,0,0,0,0,0,41,15,4,0,0,0,181,68,15,0,80,1,1,0,0,0,0,0,0,0,0,0,0,0,0,0,0,0,0,0,0,0,0,0,0,0,99,15,34,0,138,0,0,0,0,3,0,0,0,0,0
0,122,0,2,0,0,0,0,0,148,0,11,0,0,0,20,0,0,0,27,0,0,2,0,0,0,0,0,0,0,0,0,0,0,0,0,0,0,0,0,0,0,0,0,0,0,0,0,0,0,0,0,1,2,0,3,0,3,0,57,0,0,0,0,0,0,7,275,0,0,0,0,0,0,0,10,0,0,1,0,0,0,0,2,0,0,0,0,0,0,0,0,0,0,0,0,0,0,0,0,0,0,0,0,0,0,0,0,0,0,0,0,0,0,0,0,0,0,0,3,0,0,0,0,0,13,0,4,0,0,0,16,0,0,0,0,0,0,35,31,0,0,0,0,0,150,0,28,0,96,0,0,0,8,0,29,0,47,0,35,60,129,0,10,0,0,0,0,0,13,0,0,0,0,0,62,0,0,0,0,46,273,0,0,0,83,0,0,0,0,0,0,0,0,0,0,0,0,0,0,0,0,0,0,0,0,0,0,0,0,0,0,0,0,280,0,0,0,207,27,76,0,0,0,0
0,0,0,0,3,0,36,0,86,0,0,0,0,0,0,0,0,0,0,0,0,0,0,0,0,0,0,0,0,0,0,0,0,0,0,0,0,0,0,0,0,0,0,0,0,0,0,0,6,0,0,0,71,33,111,52,58,64,162,94,0,0,0,0,88,7,0,99,1,0,0,0,0,0,0,0,0,0,0,0,0,0,0,0,0,0,0,0,0,0,0,0,0,0,0,0,0,0,0,0,0,0,0,0,0,0,0,0,0,0,0,0,0,0,0,0,0,0,0,0,0,0,0,0,0,0,0,0,0,0,2,0,0,0,0,0,0,0,0,0,0,0,0,0,0,0,0,0,2,0,0,0,0,0,23,9,35,0,3,0,102,0,0,0,0,0,0,0,0,0,0,0,0,0,57,34,136,0,0,0,144,18,2,0,330,34,0,0,0,0,0,0,0,0,0,0,0,0,0,0,0,0,0,0,0,0,0,0,0,0,208,71,71,155,258,0,20,0,6,0,0,0,0,0,0
0,43,0,0,0,0,0,11,0,156,0,0,0,0,0,4,0,0,0,0,0,0,0,0,0,2,0,0,0,0,0,0,0,0,0,0,0,3,0,6,0,0,0,10,0,0,0,0,1,6,0,3,67,55,31,106,57,83,151,284,0,46,2,29,0,275,99,0,0,0,0,0,0,0,0,0,0,0,0,0,0,0,0,0,0,0,0,0,0,0,0,0,0,0,0,0,0,0,0,0,0,0,0,0,0,0,0,0,0,0,0,0,0,0,0,4,0,0,0,0,0,0,0,0,0,12,0,0,0,0,0,39,0,0,0,0,0,0,8,0,0,0,0,1,0,12,0,2,0,18,0,0,0,0,24,91,0,131,0,26,0,50,0,6,0,3,0,13,0,29,0,69,0,42,7,173,29,0,0,0,48,63,0,0,6,327,0,0,0,0,0,0,0,0,0,0,0,0,0,0,0,0,0,0,0,0,0,0,0,0,2,0,8,0,732,0,0,0,456,189,209,254,52,0,0
0,0,0,0,0,0,0,0,0,0,0,0,0,0,0,0,0,0,0,0,0,0,0,0,0,0,0,0,0,0,0,0,0,0,0,0,0,0,0,0,0,0,0,0,5,0,0,0,32,0,0,0,0,0,0,0,0,0,0,0,0,0,0,0,0,0,1,0,0,0,0,0,11,0,0,0,110,0,27,0,0,0,47,0,0,0,19,0,16,0,0,0,60,0,14,0,11,0,18,0,7,0,359,0,21,0,82,0,40,0,16,0,9,0,46,0,7,0,2,0,0,0,0,0,0,0,0,0,0,0,0,0,0,0,0,0,1,0,0,0,3,0,0,0,0,0,0,0,0,0,0,0,0,0,0,0,0,0,0,0,0,0,0,0,6,0,0,0,213,0,6,0,2,0,0,0,0,0,0,0,0,0,1,0,0,0,0,0,0,0,0,0,40,0,31,0,30,0,0,1,0,0,50,0,0,0,0,0,0,0,46,5,117,0,6,70,166,0,0,0,1,0,0,0,0
0,2,0,0,0,0,0,0,0,0,0,0,0,0,0,0,0,0,0,0,0,2,0,0,0,0,0,0,0,0,0,0,0,0,0,0,0,0,0,0,0,0,0,0,0,11,0,0,0,15,0,0,0,0,0,0,0,0,0,0,0,0,0,0,0,0,0,0,0,0,0,0,0,7,0,0,0,34,0,2,0,16,0,14,0,0,0,25,0,19,0,0,0,123,0,14,0,0,0,0,0,12,0,105,0,0,0,7,0,9,0,0,0,1,0,3,0,2,0,1,0,0,0,0,0,2,0,0,0,0,0,0,0,0,0,0,0,0,0,0,0,0,0,0,0,0,0,0,0,0,0,0,1,0,0,0,0,0,0,0,0,0,0,0,0,19,0,0,0,14,0,1,0,5,0,0,0,1,0,0,0,2,0,0,0,0,0,0,0,12,0,0,0,0,0,5,0,7,0,0,0,0,0,0,0,0,0,0,0,0,0,0,0,0,3,0,0,0,11,7,49,0,4,53,2
0,0,0,0,32,0,0,0,0,0,0,0,0,0,48,0,36,0,50,0,186,0,0,0,0,0,85,0,0,0,16,0,10,0,61,0,125,0,10,0,0,0,0,0,38,0,0,0,8,0,26,0,0,0,0,0,1,0,0,0,44,0,25,0,2,0,0,0,0,0,0,0,275,0,218,0,0,0,282,0,0,0,0,0,14,0,28,0,0,0,0,0,0,0,0,0,2,0,0,0,0,0,0,0,0,0,2,3,0,0,0,0,0,0,0,0,0,0,0,0,11,0,18,0,44,12,61,10,0,0,16,0,29,0,37,0,28,0,4,0,259,19,195,0,107,10,67,0,0,0,108,0,50,0,1,0,22,0,0,0,5,24,53,4,0,0,11,0,49,0,101,0,91,0,42,0,0,0,0,0,82,29,0,0,10,0,0,0,0,0,0,0,0,0,0,0,0,0,0,0,0,0,0,0,0,0,55,0,101,0,9,12,0,0,14,0,8,0,0,0,0,0,0,0,0
0,0,0,0,0,0,0,0,0,0,0,0,0,0,0,0,0,0,0,0,0,25,0,10,0,1,0,0,0,0,0,0,0,0,0,0,0,3,0,0,0,0,0,15,0,19,0,3,0,8,0,0,0,0,0,0,0,0,0,0,0,4,0,0,0,0,0,0,0,0,0,0,0,102,0,188,0,21,0,11,0,3,0,0,1,0,0,21,0,0,1,0,0,0,0,0,0,0,0,0,0,0,0,0,0,0,0,0,0,0,0,0,0,0,0,0,0,0,0,0,0,9,0,16,0,84,6,113,0,0,0,0,4,67,0,33,2,45,0,0,0,45,0,33,0,98,0,65,0,19,0,99,4,44,0,0,0,6,0,0,0,0,0,50,0,0,0,17,0,17,0,19,0,45,0,37,0,0,0,1,6,55,0,0,0,0,0,0,0,0,0,0,0,0,0,0,0,0,0,0,0,0,0,9,0,0,0,0,0,74,0,0,0,0,0,0,0,0,19,0,21,7,0,2,0
0,0,0,0,0,0,0,0,0,0,0,0,0,0,0,0,0,0,0,0,0,0,0,0,0,0,0,0,0,0,0,0,0,0,0,0,0,0,0,0,0,0,0,0,0,0,0,0,5,0,0,0,0,0,0,0,0,0,0,0,8,0,0,0,0,0,0,0,11,0,275,0,0,3,191,0,27,0,151,0,4,0,28,0,26,0,22,0,0,0,0,0,5,0,0,0,0,0,3,0,0,0,0,0,0,0,3,0,0,0,0,0,0,0,0,0,0,0,0,0,22,0,26,0,81,0,98,0,0,0,30,0,71,0,53,0,20,0,4,0,85,0,111,0,69,0,74,0,0,0,166,0,44,0,0,0,1,0,0,0,0,0,32,0,0,0,0,0,10,0,16,0,0,0,17,0,0,0,0,0,29,12,0,0,0,0,0,0,0,0,7,0,0,0,0,0,20,0,0,0,44,0,102,0,0,0,128,0,178,0,204,9,24,0,9,2,0,0,1,0,0,0,1,0,0
0,0,0,0,0,0,0,0,0,0,0,0,0,0,0,0,0,0,0,0,0,0,0,0,0,0,0,0,0,0,0,1,0,0,0,0,0,0,0,0,0,0,0,0,0,0,0,0,0,3,0,0,0,0,0,0,0,0,0,0,0,0,0,0,0,0,0,0,0,7,0,102,3,0,0,228,0,46,0,105,0,9,0,25,0,10,0,100,0,0,0,0,0,5,0,2,0,0,0,5,0,0,0,0,0,0,0,0,0,0,0,0,0,0,0,0,0,0,0,3,0,36,0,16,3,109,0,89,0,12,0,24,0,30,0,0,0,22,0,3,0,18,0,24,0,48,0,86,0,16,0,64,0,46,0,0,0,1,0,0,0,0,0,56,0,2,0,0,3,30,0,10,0,8,0,35,0,0,0,0,0,48,0,0,0,0,0,0,0,0,0,0,0,0,0,0,0,0,0,34,0,0,0,20,0,0,0,0,1,71,0,0,0,0,8,0,0,0,142,2,24,11,0,0,0
0,0,0,0,0,0,0,0,0,0,0,0,0,0,0,0,49,0,50,0,130,0,0,0,0,0,0,0,14,0,11,0,12,0,36,0,79,0,7,0,0,0,0,0,0,0,0,0,0,0,18,0,0,0,0,0,0,0,0,0,28,0,22,0,0,0,0,0,0,0,218,0,191,0,0,0,29,0,142,0,11,4,18,0,53,0,46,0,0,0,0,0,3,0,0,0,0,0,0,1,0,0,0,0,0,0,0,0,0,0,0,0,0,0,0,0,0,0,0,0,19,1,97,0,0,0,0,0,0,0,0,0,0,0,23,0,9,0,3,18,105,23,228,1,73,0,32,0,0,0,33,0,37,0,0,0,11,0,0,0,4,0,21,0,0,0,10,0,12,0,28,0,32,0,75,0,0,0,0,0,89,42,0,0,0,0,0,0,0,0,0,0,0,0,0,0,0,0,0,0,23,0,0,0,0,0,67,0,49,0,9,1,0,0,12,0,0,0,0,0,15,0,0,0,0
0,0,0,0,0,0,0,1,0,0,0,5,0,4,0,0,0,0,0,0,0,67,0,0,0,0,0,0,0,0,0,0,0,6,0,0,0,6,0,0,0,0,0,28,0,28,0,0,0,11,0,0,0,0,0,0,0,0,0,0,0,8,0,0,0,10,0,0,0,0,0,188,0,228,0,0,0,42,0,74,0,25,0,0,0,91,0,108,0,0,9,0,0,0,0,3,0,0,4,0,0,0,1,0,0,0,0,0,0,0,0,0,0,0,0,0,0,0,0,0,0,71,0,40,0,36,0,0,0,0,0,0,0,38,0,146,0,50,0,0,0,123,0,125,5,172,0,0,0,0,0,90,0,85,0,0,0,11,0,0,0,0,0,63,0,0,0,25,0,24,0,16,0,29,0,31,0,2,0,0,5,99,0,0,0,0,0,0,0,11,0,0,0,23,0,0,0,0,0,0,1,22,2,43,0,0,0,129,0,111,0,0,0,0,5,0,0,0,76,0,39,4,0,0,0
0,0,0,0,0,0,0,0,0,0,0,0,0,0,0,0,0,0,0,0,0,0,0,0,0,0,0,0,0,0,0,0,0,0,0,0,0,0,0,0,0,0,0,0,12,0,0,0,3,0,0,0,0,0,0,0,2,0,0,0,0,0,0,0,0,0,0,0,110,0,0,0,27,0,29,0,0,0,34,0,11,0,31,0,21,0,24,0,0,0,0,0,46,0,3,0,0,0,0,0,0,0,37,0,10,0,18,0,0,0,0,0,0,0,1,0,5,0,0,0,10,0,0,0,0,0,0,0,0,0,0,0,0,0,0,0,0,0,0,0,0,1,0,0,0,0,0,0,0,2,0,0,1,0,0,0,0,0,0,0,0,0,0,0,3,0,0,0,35,0,0,0,0,0,0,0,0,0,0,0,0,0,0,0,0,0,0,0,0,0,0,0,32,0,21,0,21,0,0,0,24,0,34,0,17,0,0,0,0,0,16,0,35,0,0,0,14,0,0,0,0,0,0,0,0
0,0,0,0,0,0,0,1,0,0,0,0,0,0,0,5,0,0,0,0,0,0,0,0,0,0,0,0,0,0,0,0,0,0,0,0,0,0,0,0,0,0,0,0,0,25,0,0,0,11,0,0,0,0,0,0,0,0,0,0,0,0,0,0,0,0,0,0,0,34,0,21,0,46,0,42,0,0,0,49,0,33,0,109,0,0,0,139,0,0,0,2,0,74,0,18,0,0,0,15,0,0,0,41,0,41,0,0,0,0,0,0,0,1,0,3,0,4,0,0,0,7,0,0,0,0,0,0,0,0,0,0,0,0,0,0,0,0,0,0,0,0,0,0,0,0,0,0,0,0,0,0,0,6,0,0,0,0,0,0,0,5,0,10,0,14,0,0,0,76,0,2,0,0,0,3,0,0,0,0,0,0,0,0,0,0,0,0,0,120,0,0,0,0,0,64,0,0,0,0,0,0,0,0,0,0,0,0,1,0,0,0,0,0,13,0,0,0,40,5,87,0,4,7,0
0,0,0,0,0,0,0,0,0,0,0,0,0,0,0,0,0,0,0,0,0,0,0,0,0,0,0,0,0,0,0,0,0,0,0,0,0,0,0,0,0,0,0,0,0,0,0,0,11,0,0,0,0,0,0,0,0,0,0,0,0,0,0,0,0,1,0,0,27,0,282,0,151,0,142,0,34,0,0,0,11,1,105,1,53,0,36,0,0,0,0,0,85,0,0,0,9,0,0,0,1,0,10,0,4,0,0,2,0,0,0,0,0,0,2,0,3,0,1,0,55,0,48,0,0,0,32,0,0,0,0,0,0,0,48,0,25,0,0,0,28,0,168,0,12,0,0,5,0,0,61,0,24,0,0,0,0,0,1,0,0,0,9,0,0,0,0,0,46,0,0,0,0,0,19,0,1,0,1,0,0,0,0,0,0,0,0,0,0,0,0,0,0,0,0,0,59,0,155,0,107,0,278,0,53,0,0,0,0,0,297,11,53,0,48,23,5,0,0,0,4,0,0,1,0
