0,371,132,102,118,0,79,139,53,45,204,13,279,0,53,60,43,69,58,0,0,0,12,144,0,301,0,0,42,18,0,0,0,0,0,0,29,0,253,19,34,0,26,0,17,0,66,0,9,0,0,0,2,0,9,3,0,0,0,2,69,4,5,46,22,0,8,0,0,0,0,0,0,0,0,0,0,0,0,0,0,0,0,0,0,0,0,0,0,0,0,0,0,0,0,0,0,0,0,1,0,0,0,0,0,0,4,0,0,0,0,0,0,0,0,0,0,0,0,0,0,0,0,0,0,0,5,0,1,0,22,0,0,0,23,0,3,0,0,0,0,0,0,0,1,0,0,0,16,0,13,0,0,0,0,0,0,0,0,0,10,0,0,0,0,0,0,0,0,0,14,0,161,0,1,0,393,95,12,1,0,0,95,0,34,0,0,0,0,0,0,0,0,0,0,0,0,0,6,0,3,0,0,0,0,0,0,0,9,0,622,312,214,141,347,0,14,1,12,6,0,0,0,0,0
371,0,412,48,0,235,92,102,73,100,72,246,0,181,0,28,182,22,0,99,0,0,338,37,355,18,0,258,59,137,6,0,0,152,0,0,0,155,95,352,0,35,0,0,0,0,0,167,0,16,0,0,2,16,8,61,0,8,0,13,0,115,4,57,0,24,0,2,0,0,0,0,0,0,0,0,0,0,0,0,0,0,0,2,0,0,0,0,0,0,0,0,0,0,0,0,0,0,0,0,0,0,0,0,0,0,0,0,0,0,0,0,0,0,0,0,0,0,0,1,0,0,0,0,0,5,0,0,0,0,0,67,0,0,0,84,0,27,0,0,0,0,0,0,0,0,0,91,0,77,1,34,0,117,0,1,0,0,0,0,0,7,0,1,0,0,0,25,2,21,0,11,0,115,0,20,197,522,12,17,0,49,37,19,0,41,0,3,0,0,0,0,0,0,0,2,0,0,0,0,0,8,0,0,0,0,0,0,0,24,0,13,0,0,582,0,0,0,1006,251,348,231,0,0,0
132,412,0,134,105,0,183,0,32,15,56,80,34,0,233,168,69,69,46,0,30,0,533,204,113,123,0,0,270,26,196,0,190,79,0,0,50,0,538,0,2,0,0,0,12,0,0,0,11,0,0,0,12,0,90,0,17,0,13,0,55,7,5,0,11,0,3,0,0,0,0,0,0,0,0,0,1,0,1,0,0,0,0,0,0,0,0,0,0,0,0,0,0,0,0,0,24,0,0,0,0,0,0,0,0,0,0,0,0,0,0,0,0,0,0,0,0,0,1,0,0,0,0,0,15,0,48,0,46,0,109,0,0,0,458,0,183,0,0,0,0,0,74,0,0,0,11,0,21,0,46,0,0,0,0,0,0,1,0,0,19,0,0,0,10,0,98,0,30,0,35,0,291,0,0,0,110,65,0,0,0,0,15,0,17,0,0,0,0,0,3,0,0,0,0,0,0,0,58,0,64,0,0,0,0,0,48,0,154,0,752,195,635,295,757,0,32,1,0,13,25,0,0,0,0
102,48,134,0,0,263,0,112,0,9,96,19,0,65,26,200,60,27,0,146,34,101,171,320,0,73,0,133,0,304,0,54,0,143,0,0,0,0,70,176,0,0,0,0,0,0,0,63,0,0,0,0,0,0,0,77,0,24,0,12,3,9,0,4,0,0,0,0,0,0,0,0,0,0,0,0,0,0,0,0,0,0,0,0,0,0,0,0,0,2,0,0,0,0,0,0,0,0,0,0,0,0,0,0,0,0,0,53,0,0,0,0,0,0,0,0,0,0,0,0,0,0,0,0,0,0,0,1,0,11,0,9,0,0,0,66,0,0,0,0,0,0,0,0,0,0,0,0,0,0,0,0,0,0,0,0,0,0,0,0,0,0,0,0,0,0,0,16,0,23,0,4,9,137,0,0,41,28,7,0,0,0,0,0,0,0,0,0,0,0,0,0,0,0,0,0,0,0,0,0,0,0,0,0,0,0,0,0,0,23,0,0,0,0,154,0,0,0,195,31,254,80,0,3,1
118,0,105,0,0,368,6,0,0,0,112,168,431,210,267,232,4,0,161,209,57,110,111,74,11,0,246,161,0,0,221,52,285,152,29,55,176,56,80,0,61,0,25,12,31,0,141,0,6,0,23,13,0,0,0,0,0,0,0,0,1,0,0,0,4,1,0,0,0,0,0,0,0,0,0,0,0,0,0,0,0,0,0,0,0,0,0,0,0,0,0,0,0,0,0,0,0,0,0,0,0,0,0,0,0,0,0,0,0,0,0,0,0,0,0,0,0,0,0,0,0,0,0,0,0,0,0,0,0,0,3,0,0,0,32,0,0,0,0,0,0,0,0,0,0,0,0,0,7,0,0,0,0,0,0,0,0,0,0,0,2,0,1,1,22,0,221,0,61,0,9,0,118,5,0,0,58,86,23,0,0,0,32,0,15,0,0,0,0,0,0,0,0,0,0,0,0,0,0,0,0,0,0,0,0,0,0,0,0,0,591,325,548,144,369,0,0,0,33,0,55,0,0,0,0
0,235,0,263,368,0,0,44,0,17,369,158,174,243,446,158,0,7,73,104,124,59,53,148,0,21,0,230,0,44,106,104,127,208,0,43,60,83,0,18,10,17,3,0,0,0,0,85,0,0,27,15,0,0,0,21,0,0,0,0,0,0,0,0,0,0,0,0,0,0,0,0,0,0,0,0,0,0,0,0,0,0,0,0,0,0,0,0,0,0,0,0,0,0,0,0,0,0,0,0,0,0,0,0,0,0,0,53,0,0,0,0,0,0,0,0,0,0,0,0,0,0,0,0,0,0,0,0,0,0,0,0,0,0,0,41,0,10,0,8,0,9,0,0,0,0,0,0,0,0,0,15,0,28,0,1,0,2,0,0,0,0,0,0,0,0,0,140,0,71,0,4,0,82,0,0,26,233,41,33,0,20,0,2,0,0,0,0,0,0,0,0,0,0,0,0,0,0,0,0,0,0,0,0,0,0,0,0,0,17,23,0,68,0,207,0,0,0,470,367,361,120,0,0,0
79,92,183,0,6,0,0,0,141,126,0,0,0,0,0,0,10,0,6,0,0,0,27,0,188,136,0,0,32,0,0,0,0,0,0,0,0,0,112,0,0,0,0,0,3,0,0,0,21,0,0,0,51,12,156,0,26,0,12,0,246,20,200,66,0,0,10,0,1,0,0,0,0,0,0,0,0,0,0,0,0,0,0,0,0,0,0,0,0,0,0,0,1,0,0,0,0,0,0,0,0,0,0,0,0,0,0,0,0,0,0,0,0,0,0,0,0,0,0,0,0,0,0,0,0,0,12,0,62,0,65,0,0,0,74,0,50,0,0,0,0,0,22,0,0,0,0,0,2,0,13,0,0,0,2,0,4,0,0,0,39,0,2,0,0,0,7,0,6,0,128,0,151,0,0,0,28,30,0,0,0,0,2,0,0,0,0,0,0,0,0,0,0,0,0,0,0,0,7,0,0,0,0,0,0,0,4,0,19,0,874,116,481,372,950,5,72,7,0,1,0,0,0,0,0
139,102,0,112,0,44,0,0,166,27,0,21,0,21,0,29,0,4,0,27,0,41,0,21,122,136,0,56,9,100,0,0,0,0,0,10,0,14,21,174,0,0,0,0,0,0,0,0,0,0,0,0,0,21,16,209,0,18,0,13,0,89,20,161,0,0,0,0,0,0,0,0,0,0,0,0,0,0,0,0,0,0,0,0,0,8,0,0,0,0,0,0,0,0,0,0,0,0,0,0,0,0,0,0,0,0,0,40,0,0,0,0,0,0,0,0,0,0,0,0,0,0,0,0,0,4,0,0,0,14,0,14,0,0,0,93,0,19,0,11,0,2,0,0,0,0,0,0,0,0,0,1,0,0,0,2,0,0,0,2,0,0,0,3,0,11,0,13,0,21,0,35,0,195,0,0,65,69,0,0,0,0,0,0,0,0,0,0,0,0,0,0,0,0,0,0,0,0,0,1,0,0,0,0,0,1,0,0,0,15,0,0,0,0,570,0,0,0,520,74,468,363,0,31,0
53,73,32,0,0,0,141,166,0,759,64,0,70,0,42,0,0,0,56,0,0,0,0,0,0,218,66,0,8,2,0,0,13,0,0,0,10,0,14,1,0,0,14,0,18,0,0,0,7,0,0,0,14,105,10,245,12,54,145,306,186,18,64,96,64,22,163,364,0,0,0,0,0,0,0,0,0,0,0,0,0,0,0,0,0,0,0,0,0,0,0,0,0,0,0,0,2,0,0,0,0,0,0,0,0,0,7,0,0,0,0,0,0,0,0,0,0,0,0,0,0,0,0,0,6,0,13,0,2,0,79,0,0,0,30,0,0,0,0,0,0,0,2,0,0,0,0,0,64,0,22,0,13,0,2,11,0,10,0,0,26,0,0,0,0,0,0,0,3,0,84,0,141,0,1,0,640,109,6,0,2,0,32,0,122,22,0,0,0,0,0,0,0,0,0,0,0,0,8,0,0,0,0,0,0,0,0,0,13,0,680,150,218,122,414,4,47,2,2,0,0,0,0,0,0
45,100,15,9,0,17,126,27,759,0,0,17,1,5,0,0,12,0,0,18,0,0,0,6,107,21,0,0,0,0,0,0,0,8,0,0,0,0,0,0,0,0,0,0,0,0,0,12,0,0,0,3,52,26,169,231,21,12,46,157,0,36,57,43,0,165,0,164,0,0,0,0,0,0,0,0,0,0,0,0,0,0,0,0,0,0,0,0,0,0,0,0,0,0,0,0,3,0,0,0,0,0,0,0,0,0,0,0,0,0,0,0,0,0,0,0,0,0,0,0,0,0,0,0,1,16,0,11,0,6,0,70,0,0,0,62,0,16,0,0,0,0,9,0,0,0,0,73,0,108,0,7,0,43,0,9,0,9,0,0,0,62,0,2,0,7,0,0,0,16,0,17,0,68,0,0,181,409,0,4,0,4,9,11,0,66,0,0,0,0,0,0,0,0,0,0,0,1,0,0,0,5,0,0,0,0,0,0,0,16,0,0,0,0,784,0,0,0,721,157,223,283,2,49,0
204,72,56,96,112,369,0,0,64,0,0,134,634,30,17,336,0,0,0,137,14,92,4,99,0,0,58,53,0,0,41,35,132,96,0,0,132,22,68,0,66,0,29,0,33,0,101,0,10,0,27,0,0,0,0,0,0,0,1,0,0,0,0,0,5,0,0,0,0,0,0,0,0,0,0,0,0,0,0,0,0,0,0,0,0,0,0,0,0,0,0,0,0,0,0,0,0,0,0,0,1,0,0,0,0,0,0,0,0,0,0,0,0,0,0,0,0,0,0,0,0,0,0,0,0,0,1,0,0,0,0,0,0,0,0,0,0,0,0,0,0,0,0,0,0,0,0,0,11,0,44,0,35,0,0,0,0,0,0,0,2,0,0,0,0,0,70,0,24,0,3,0,57,0,24,0,240,131,44,2,56,0,57,0,40,0,7,3,0,0,0,0,0,0,0,0,0,0,4,0,0,0,0,0,0,0,0,0,0,0,298,266,227,70,159,0,0,0,47,0,45,0,0,0,0
13,246,80,19,168,158,0,21,0,17,134,0,0,604,197,11,9,8,15,44,104,0,109,49,0,0,10,163,0,35,36,27,80,257,0,10,37,91,8,56,4,163,0,0,0,4,0,237,0,43,0,4,0,0,0,8,0,0,0,2,0,5,0,0,0,3,0,1,0,0,0,0,0,0,0,0,0,0,0,0,0,0,0,0,0,0,0,0,0,0,0,0,0,0,0,0,0,0,0,0,0,0,0,0,0,0,0,0,0,0,0,0,0,0,0,0,0,0,0,0,0,0,0,0,0,0,0,0,0,0,0,13,0,0,0,39,0,3,0,8,0,0,0,0,0,0,0,20,0,20,0,41,0,109,0,0,0,2,0,0,0,0,0,0,0,3,0,19,0,9,0,0,0,28,0,34,15,205,8,41,0,83,0,36,0,27,0,16,0,0,0,0,0,0,0,0,0,0,0,0,0,2,0,0,0,0,0,0,0,10,19,4,0,0,102,0,0,0,222,259,123,37,0,0,0
279,0,34,0,431,174,0,0,70,1,634,0,0,505,21,0,0,0,28,285,11,48,8,0,0,0,36,813,0,0,0,8,8,0,20,61,79,21,0,0,176,62,60,53,81,114,259,653,27,42,74,56,0,0,0,0,0,0,0,0,0,0,0,0,0,0,0,0,0,0,0,0,0,0,0,0,0,0,0,0,0,0,0,0,0,0,0,0,0,0,0,0,0,0,0,0,0,0,0,0,0,0,0,0,0,0,0,0,0,0,0,0,0,0,0,0,0,0,0,0,0,0,0,0,0,0,0,0,0,0,0,0,0,0,0,0,0,0,0,0,0,0,0,0,0,0,0,0,0,0,0,0,0,0,0,0,0,0,0,0,0,0,1,0,0,0,19,0,0,2,0,0,0,0,10,0,95,190,126,0,0,0,107,0,67,0,299,0,0,0,0,0,0,0,0,0,0,0,0,0,0,0,0,0,0,0,0,0,14,0,72,137,134,0,0,0,0,0,0,0,0,0,0,0,0
0,181,0,65,210,243,0,21,0,5,30,604,505,0,119,0,0,0,434,25,44,0,0,0,0,0,187,31,0,0,41,0,57,0,131,20,74,34,0,0,10,111,63,16,0,0,0,102,1,61,150,82,0,0,0,0,0,0,0,0,0,0,0,0,0,0,0,0,0,0,0,0,0,0,0,1,0,0,0,0,0,0,0,0,0,0,0,0,0,0,0,0,0,0,0,0,0,0,0,0,0,0,0,0,0,0,0,0,0,0,0,1,0,0,0,0,0,0,0,0,0,2,0,0,0,0,0,1,0,0,0,0,0,0,0,0,0,0,0,0,0,0,0,0,0,0,0,0,0,0,0,0,0,0,0,0,0,0,0,0,0,0,0,0,0,42,0,21,0,27,0,0,0,0,0,0,0,638,30,43,0,68,0,16,0,18,0,49,0,0,0,0,0,0,0,0,0,0,0,0,0,0,0,0,0,0,0,0,0,0,5,0,0,0,10,0,0,0,51,120,152,0,0,0,0
53,0,233,26,267,446,0,0,42,0,17,197,21,119,0,295,39,2,250,177,163,138,323,82,80,0,244,80,0,7,276,57,227,227,33,56,119,66,6,0,0,0,16,0,6,0,18,24,0,0,21,6,0,0,54,0,0,0,0,0,0,0,12,1,3,0,0,0,0,0,0,0,0,0,0,0,0,0,0,0,0,0,0,0,0,0,0,0,0,0,0,0,0,0,0,0,93,0,0,0,0,0,0,0,0,0,0,0,0,0,0,0,0,0,0,0,0,0,0,0,0,0,0,0,0,0,0,0,0,0,0,0,0,0,136,0,32,0,0,0,0,0,0,0,0,0,0,0,14,0,40,0,6,0,0,0,0,0,0,0,0,0,0,0,0,0,103,0,22,0,2,0,22,0,0,0,12,42,0,0,0,0,24,0,54,0,0,0,0,0,0,0,0,0,0,0,0,0,0,0,66,0,0,0,0,0,0,0,54,0,143,246,133,29,78,0,4,0,0,0,0,0,0,0,0
60,28,168,200,232,158,0,29,0,0,336,11,0,0,295,0,39,32,0,372,208,88,329,119,0,115,0,140,0,4,62,102,129,82,0,45,33,17,61,4,0,0,0,0,0,0,0,13,1,0,0,2,0,0,0,62,0,0,0,0,0,0,0,17,0,0,0,0,0,0,0,0,0,0,0,0,0,0,0,0,0,0,0,0,0,126,0,0,0,0,0,0,0,0,0,0,0,0,0,0,0,67,0,0,0,0,0,183,0,0,0,0,0,0,0,0,0,0,0,0,0,0,0,0,0,0,0,0,0,30,1,2,0,0,0,247,0,42,0,28,0,0,0,45,0,0,0,0,0,0,0,0,0,0,0,3,0,0,0,0,0,0,0,0,0,0,0,88,0,35,0,3,0,18,0,0,19,30,0,3,0,0,0,0,0,1,3,0,0,0,0,0,0,0,0,0,0,0,0,0,0,0,0,0,0,0,0,0,0,35,36,22,38,0,45,0,0,0,102,221,62,16,0,0,0
43,182,69,60,4,0,10,0,0,12,0,9,0,0,39,39,0,66,150,0,525,0,138,135,63,101,132,0,270,19,77,0,13,21,63,0,8,0,90,24,0,0,0,0,0,0,0,0,0,0,29,0,90,0,18,1,0,0,0,0,23,0,111,9,0,0,0,0,0,0,5,0,0,0,0,0,0,0,0,0,45,0,0,0,127,0,34,0,0,0,97,0,0,0,0,0,222,0,88,0,11,0,0,0,0,0,69,0,0,0,0,0,0,0,0,0,0,0,0,0,21,0,66,0,0,2,0,0,15,0,0,0,0,0,0,0,135,0,311,0,101,0,263,0,10,0,0,0,0,0,4,0,0,0,10,0,0,0,18,0,0,0,0,0,0,0,2,0,0,0,6,0,40,2,0,0,13,6,0,0,0,0,0,0,0,0,0,0,0,0,0,0,0,0,0,0,0,0,0,0,64,0,0,0,0,0,0,0,0,0,30,229,29,14,11,0,0,0,0,0,3,0,0,0,0
69,22,69,27,0,7,0,4,0,0,0,8,0,0,2,32,66,0,0,44,0,67,99,95,44,48,0,0,29,119,0,13,0,8,0,17,0,2,50,7,0,0,0,0,0,0,0,0,0,0,0,0,0,58,0,15,0,15,0,0,0,0,0,200,0,0,0,0,0,0,0,0,0,0,0,0,0,0,0,0,0,26,0,0,0,212,0,0,0,0,0,20,0,0,0,0,0,0,0,54,0,82,0,0,0,3,0,91,0,0,0,0,0,0,0,0,0,0,0,0,0,0,0,0,0,0,0,0,0,50,0,2,0,0,0,207,0,114,0,147,0,72,0,155,0,0,0,0,0,0,0,0,0,0,0,23,0,0,0,0,0,0,0,0,0,0,0,6,0,0,0,0,8,13,0,0,1,5,0,0,0,0,0,0,0,0,0,0,0,0,0,0,0,0,0,0,0,0,0,0,0,0,0,0,0,0,0,0,0,0,0,1,0,0,11,0,0,0,15,125,13,0,0,0,0
58,0,46,0,161,73,6,0,56,0,0,15,28,434,250,0,150,0,0,185,191,40,171,0,88,0,140,459,0,0,22,0,19,0,145,40,94,18,0,0,8,31,71,42,6,36,64,238,0,7,248,51,0,0,41,0,0,0,0,0,2,0,9,0,0,1,0,0,0,0,0,0,0,0,14,0,0,0,0,0,0,0,0,0,63,0,0,0,0,0,176,0,0,0,45,0,204,0,86,0,0,0,0,0,0,0,195,0,0,0,0,0,0,0,0,0,0,0,0,0,15,0,0,0,0,0,0,0,0,0,0,0,0,0,0,0,0,0,0,0,0,0,0,0,7,0,0,0,13,0,59,0,0,0,0,0,0,0,0,0,0,0,3,0,65,0,38,0,47,0,1,0,0,0,0,0,9,20,0,0,0,0,56,0,36,0,6,0,0,0,0,0,0,0,0,0,0,0,0,0,72,0,0,0,0,0,0,0,39,0,94,225,206,39,24,0,0,0,3,0,7,0,0,0,0
0,99,0,146,209,104,0,27,0,18,137,44,285,25,177,372,0,44,185,0,55,187,0,226,0,65,39,551,0,0,55,27,85,0,0,250,76,159,0,0,9,0,10,103,0,9,0,99,0,10,43,174,0,0,0,0,0,0,0,0,0,0,0,180,0,0,0,0,0,0,0,0,0,0,0,0,0,0,0,0,0,0,0,0,0,421,0,0,0,0,0,0,0,0,0,0,0,0,0,0,0,0,0,0,0,0,0,0,0,0,0,0,0,0,0,0,0,0,0,0,0,29,0,0,0,0,0,0,0,0,0,0,0,0,0,124,0,0,0,0,0,68,0,171,0,0,0,0,0,43,0,0,0,0,0,0,0,0,0,6,0,0,0,0,0,30,0,74,0,81,0,0,0,0,0,0,6,53,25,17,1,0,0,17,0,12,0,0,0,0,0,0,0,0,0,0,0,0,0,0,0,0,0,0,0,0,0,0,0,30,0,0,24,0,45,0,0,0,170,292,189,24,5,0,0
0,0,30,34,57,124,0,0,0,0,14,104,11,44,163,208,525,0,191,55,0,64,129,79,61,0,124,53,36,0,350,32,221,119,85,0,31,47,24,0,1,0,14,0,0,5,0,27,0,0,53,0,59,0,37,0,0,0,0,0,0,0,100,0,0,0,0,0,0,0,36,0,18,0,58,0,0,0,0,0,226,0,0,0,339,0,164,0,0,0,473,0,0,0,0,0,574,0,514,0,177,0,0,0,0,0,0,0,0,0,0,0,0,0,0,0,0,0,0,0,169,0,196,0,0,0,0,0,0,0,0,0,0,0,0,0,80,0,95,0,96,0,271,0,75,0,0,0,0,0,44,0,0,0,3,0,0,0,0,0,0,0,0,0,0,0,29,0,0,0,6,1,21,5,0,0,0,8,1,0,0,0,0,0,0,0,0,0,0,0,0,0,0,0,0,0,0,0,0,0,148,0,0,0,0,0,0,0,26,0,66,228,93,0,31,0,0,0,0,0,0,0,0,0,0
0,0,0,101,110,59,0,41,0,0,92,0,48,0,138,88,0,67,40,187,64,0,0,194,0,74,0,252,0,15,26,20,47,26,0,40,29,24,0,0,3,0,0,37,0,51,0,0,0,2,4,13,0,24,0,0,0,0,0,0,0,0,0,240,0,0,0,0,0,0,0,0,0,0,0,0,0,0,0,0,0,57,0,0,0,285,0,17,0,0,0,0,0,0,0,0,0,0,0,0,0,86,0,0,0,0,0,0,0,0,0,0,0,0,0,0,0,0,0,0,0,0,0,8,0,0,0,0,0,19,0,0,0,12,0,138,0,126,0,188,0,317,0,269,0,30,0,0,0,0,0,0,0,0,0,0,0,0,0,0,0,0,0,0,0,0,0,44,0,0,0,0,0,0,0,0,0,37,0,3,0,0,0,0,0,0,0,0,0,0,0,0,0,0,0,0,0,0,0,0,0,0,0,0,0,0,0,0,0,0,13,0,0,0,24,0,0,0,122,286,70,0,0,0,0
12,338,533,171,111,53,27,0,0,0,4,109,8,0,323,329,138,99,171,0,129,0,0,383,162,58,59,0,43,50,49,0,17,175,0,0,11,37,60,39,0,0,6,0,29,0,0,0,0,0,0,0,63,0,256,0,0,1,0,0,5,0,46,3,0,0,0,0,0,0,0,0,0,0,0,0,0,0,0,0,0,0,0,0,54,0,0,0,0,0,156,0,0,0,0,0,284,0,0,0,0,0,0,0,10,0,264,0,0,0,0,0,0,0,0,0,0,0,0,0,0,0,0,0,0,0,29,0,31,0,0,0,0,0,114,0,144,0,81,0,0,0,227,0,0,0,0,0,4,0,35,0,0,0,3,0,0,0,2,0,0,0,0,0,0,0,0,0,0,0,2,0,30,0,0,0,31,29,2,8,0,0,10,0,9,0,0,0,0,0,0,0,0,0,0,0,0,0,0,0,217,0,0,0,0,0,0,0,46,0,28,219,24,9,22,0,0,0,38,7,23,0,0,0,0
144,37,204,320,74,148,0,21,0,6,99,49,0,0,82,119,135,95,0,226,79,194,383,0,36,140,0,79,33,13,19,12,0,6,0,32,21,7,112,9,0,0,0,3,0,0,0,0,0,0,5,0,0,12,0,29,0,16,0,9,0,4,0,182,0,0,0,0,0,0,0,0,0,0,0,0,0,0,0,0,0,0,0,0,0,189,0,0,0,0,0,0,0,0,0,0,0,0,0,0,0,86,0,0,0,0,0,168,0,0,0,0,0,0,0,0,0,0,0,0,0,0,0,0,0,0,0,0,0,19,0,0,0,0,0,247,0,66,0,45,0,36,0,76,0,0,0,0,0,7,0,0,0,0,0,4,0,0,0,0,0,3,0,0,0,0,0,42,0,0,0,0,16,33,0,0,11,36,0,2,0,0,10,0,0,3,0,0,0,0,0,0,0,0,0,0,0,0,0,0,0,18,0,0,0,0,0,0,0,10,28,13,15,0,0,0,0,0,42,286,36,9,0,0,0
0,355,113,0,11,0,188,122,0,107,0,0,0,0,80,0,63,44,88,0,61,0,162,36,0,247,0,0,88,11,5,0,1,0,0,0,2,3,84,9,0,0,0,0,0,0,0,0,0,0,0,0,22,30,225,20,23,0,11,0,66,21,87,89,0,0,0,0,0,0,0,0,0,0,0,0,0,0,0,0,0,0,0,0,0,0,0,0,0,0,0,0,0,0,0,0,66,0,0,0,0,0,0,0,0,0,31,0,0,0,0,0,0,0,0,0,0,0,0,0,0,0,0,0,0,0,1,0,66,0,0,0,0,0,86,0,124,0,56,0,0,2,88,1,0,0,0,0,0,0,0,0,0,0,3,0,0,0,7,0,0,0,0,0,0,0,0,0,0,0,11,0,74,0,0,0,0,10,0,0,0,0,2,0,0,0,0,0,0,0,0,0,0,0,0,0,0,0,0,0,62,0,0,0,0,0,1,0,18,0,69,146,76,37,70,0,3,0,0,0,0,0,0,0,0
301,18,123,73,0,21,136,136,218,21,0,0,0,0,0,115,101,48,0,65,0,74,58,140,247,0,0,21,31,158,1,0,0,22,0,10,0,0,60,48,0,0,0,0,0,0,0,0,0,0,0,0,4,30,0,227,0,45,0,0,0,11,15,81,0,0,0,0,0,0,0,0,0,0,0,0,0,0,0,0,0,0,0,0,0,28,0,0,0,0,0,19,0,0,0,0,0,0,0,0,0,0,0,0,0,0,0,72,0,0,0,0,0,0,0,0,0,0,0,0,0,0,0,0,0,0,1,0,0,68,0,0,0,0,0,243,0,75,0,48,0,0,0,0,0,0,0,0,0,0,0,0,0,0,0,9,0,0,0,6,0,0,0,0,0,0,0,0,0,0,0,4,0,34,0,0,19,13,0,0,0,0,0,0,0,0,0,0,0,0,0,0,0,0,0,0,0,0,0,0,0,27,0,0,0,0,0,0,0,17,0,2,0,0,67,0,0,0,120,234,52,36,0,0,0
0,0,0,0,246,0,0,0,66,0,58,10,36,187,244,0,132,0,140,39,124,0,59,0,0,0,0,340,23,0,38,0,0,0,18,0,131,0,4,0,10,121,221,43,90,183,73,815,15,166,340,19,11,0,0,0,0,0,0,0,16,0,0,0,0,0,0,0,0,1,37,0,0,0,0,0,0,0,0,0,0,0,0,0,192,0,0,0,0,0,0,0,0,0,0,0,0,0,0,0,0,0,0,0,0,0,0,0,0,0,0,0,0,0,0,0,0,0,0,0,107,0,107,0,0,0,0,0,0,0,0,0,0,0,0,0,0,0,0,0,87,0,0,0,94,0,0,0,19,0,0,0,0,0,0,0,0,0,0,0,0,0,0,0,196,0,15,0,126,0,0,0,15,0,0,0,8,43,0,0,0,0,57,0,62,0,89,0,0,0,0,0,0,0,0,0,1,0,0,0,0,0,0,0,0,0,0,0,0,0,42,351,432,38,28,0,0,7,6,5,0,0,0,0,2
0,258,0,133,161,230,0,56,0,0,53,163,813,31,80,140,0,0,459,551,53,252,0,79,0,21,340,0,0,0,42,4,56,0,141,43,57,74,0,0,48,30,129,222,24,99,85,266,3,33,235,191,0,0,0,0,0,0,0,0,0,0,0,72,0,0,0,0,0,0,0,0,0,0,0,0,0,0,0,6,0,0,0,0,0,523,0,70,0,0,0,0,0,10,0,0,0,0,0,0,0,0,0,0,0,0,0,0,0,0,0,0,0,0,0,0,0,0,0,0,0,0,0,0,0,0,0,0,0,0,0,12,0,0,0,155,0,110,0,96,0,205,0,321,0,53,0,21,0,13,0,0,3,26,0,0,0,0,0,0,0,0,0,6,12,241,0,31,0,126,0,0,0,15,0,0,0,107,33,14,0,0,0,0,0,11,19,5,0,0,0,0,0,0,0,0,0,0,0,0,0,18,0,0,0,0,0,0,0,0,0,18,0,0,49,0,0,0,167,879,587,48,0,0,21
42,59,270,0,0,0,32,9,8,0,0,0,0,0,0,0,270,29,0,0,36,0,43,33,88,31,23,0,0,0,68,0,24,2,126,0,92,0,7,0,0,0,0,0,0,0,0,0,0,0,83,0,15,0,4,0,0,0,0,0,7,1,13,0,0,0,0,0,0,0,0,0,0,0,0,0,0,0,0,0,0,0,0,0,20,0,10,0,0,0,0,0,0,0,0,0,35,0,33,0,0,0,0,0,0,0,0,0,0,0,0,0,0,0,0,0,0,0,0,0,14,0,16,0,0,0,0,0,0,0,0,0,0,0,0,0,21,0,122,0,95,0,35,0,25,0,0,0,0,0,0,0,0,0,2,0,1,0,2,0,1,0,0,0,0,0,0,0,0,0,0,0,0,0,0,0,10,5,0,0,1,0,3,0,0,0,0,0,0,0,0,0,0,0,0,0,0,0,0,0,18,0,0,0,0,0,0,0,0,0,0,19,0,0,0,0,0,0,0,0,0,0,0,0,0
18,137,26,304,0,44,0,100,2,0,0,35,0,0,7,4,19,119,0,0,0,15,50,13,11,158,0,0,0,0,0,10,0,47,0,65,0,8,6,1,0,0,0,8,0,0,0,0,0,0,0,12,0,29,0,12,0,0,0,0,0,13,0,200,0,0,0,0,0,0,0,0,0,0,0,0,0,0,0,0,0,0,0,0,0,99,0,0,0,0,0,0,0,0,0,0,0,0,0,0,0,0,0,0,0,0,0,56,0,0,0,0,0,0,0,0,0,0,0,0,0,0,0,0,0,0,0,0,0,8,0,0,0,0,0,45,1,64,0,115,0,81,0,72,0,0,0,0,0,3,0,0,0,0,0,16,0,0,0,0,0,0,0,0,0,0,0,0,0,0,0,0,0,2,0,0,0,8,1,0,0,0,1,0,0,0,0,0,0,0,0,0,0,0,0,0,0,0,0,0,0,0,0,0,0,0,0,0,0,0,0,0,0,0,0,0,0,0,4,63,0,3,0,0,0
0,6,196,0,221,106,0,0,0,0,41,36,0,41,276,62,77,0,22,55,350,26,49,19,5,1,38,42,68,0,0,23,8,48,197,0,30,19,2,0,0,0,0,1,0,0,0,13,0,0,54,0,4,0,0,0,0,0,0,0,0,0,19,0,0,0,0,0,0,0,0,0,0,0,13,0,0,0,0,0,48,0,0,0,0,0,27,0,0,0,0,0,0,0,0,0,31,0,0,0,0,0,0,0,0,0,0,0,0,0,0,0,0,0,0,0,0,0,0,0,31,0,43,0,0,0,0,0,0,0,0,0,0,0,0,0,0,0,35,0,37,0,21,0,22,0,0,0,0,0,0,0,0,0,0,0,0,0,0,0,0,0,0,0,3,0,7,0,0,0,0,0,0,0,0,0,10,5,0,0,0,0,5,0,0,0,0,0,0,0,0,0,0,0,0,0,0,0,0,0,0,0,0,0,0,0,0,0,0,0,22,70,26,9,17,0,0,0,0,0,0,0,0,0,0
0,0,0,54,52,104,0,0,0,0,35,27,8,0,57,102,0,13,0,27,32,20,0,12,0,0,0,4,0,10,23,0,19,0,0,30,9,1,0,2,0,0,0,0,0,0,0,0,0,0,0,5,0,0,0,0,0,0,0,0,0,0,0,48,0,0,0,0,0,0,0,0,0,0,0,0,0,0,0,0,0,0,0,0,0,30,0,0,0,0,0,4,0,0,0,0,0,0,0,0,0,0,0,0,0,0,0,0,0,0,0,0,0,0,0,0,0,0,0,0,0,0,0,0,0,0,0,0,0,0,0,0,0,0,0,15,0,13,0,23,0,37,0,0,0,0,0,0,0,0,0,0,0,0,0,0,0,0,0,0,0,0,0,0,0,0,0,4,0,0,0,0,0,3,0,0,0,21,0,10,0,0,0,0,0,0,0,0,0,0,0,0,0,0,0,0,0,0,0,0,0,0,0,0,0,2,0,0,0,0,0,0,0,1,13,0,0,0,36,68,23,5,0,0,0
0,0,190,0,285,127,0,0,13,0,132,80,8,57,227,129,13,0,19,85,221,47,17,0,1,0,0,56,24,0,8,19,0,58,33,0,102,21,3,0,0,0,3,0,0,0,0,13,0,0,14,3,0,0,0,0,0,0,0,0,25,1,20,0,0,0,0,0,0,0,1,0,0,0,0,0,0,0,0,0,0,0,0,0,8,0,14,0,0,0,0,0,0,0,0,0,0,0,0,0,0,0,0,0,0,0,0,0,0,0,0,0,0,0,0,0,0,0,0,0,17,0,0,0,0,0,0,0,0,0,0,0,0,1,0,0,0,0,46,0,52,0,12,0,26,0,0,0,0,0,0,0,0,0,3,0,6,0,0,0,0,0,0,0,3,0,34,0,0,0,4,0,0,0,0,0,25,0,11,0,0,0,0,0,5,0,0,1,0,0,0,0,0,0,0,0,0,0,0,0,0,0,0,0,0,0,0,0,0,0,19,73,31,0,12,0,0,0,9,0,0,0,0,0,0
0,152,79,143,152,208,0,0,0,8,96,257,0,0,227,82,21,8,0,0,119,26,175,6,0,22,0,0,2,47,48,0,58,0,0,65,16,171,14,3,0,0,0,20,0,0,0,0,0,0,0,32,0,19,0,0,0,2,0,0,0,17,0,67,0,1,0,0,0,0,0,0,0,0,0,0,0,0,0,0,0,0,0,0,0,0,0,0,0,0,0,0,0,0,0,0,0,0,0,0,0,0,0,0,0,0,0,0,0,0,0,0,0,0,0,0,0,0,0,0,0,0,0,0,0,0,0,0,0,0,0,0,0,0,0,0,0,32,0,108,0,144,0,39,0,65,0,0,0,0,0,0,0,0,0,6,0,25,0,11,0,0,0,0,0,0,5,49,0,12,0,2,0,22,0,0,4,66,0,50,0,0,1,0,0,10,0,0,0,0,0,0,0,0,0,0,0,0,0,0,0,0,0,0,0,0,0,0,0,0,15,0,0,0,13,0,0,0,36,113,24,20,0,0,0
0,0,0,0,29,0,0,0,0,0,0,0,20,131,33,0,63,0,145,0,85,0,0,0,0,0,18,141,126,0,197,0,33,0,0,6,41,0,7,0,1,7,37,0,2,0,0,111,1,0,108,0,0,0,0,0,0,0,0,0,0,0,7,0,0,0,0,0,0,0,13,0,0,0,0,0,0,0,0,0,71,0,0,0,55,0,0,0,0,0,0,0,0,0,0,0,72,0,0,0,0,0,0,0,0,0,0,0,0,0,0,0,0,0,0,0,0,0,0,0,0,0,52,0,0,0,0,0,0,0,0,0,0,0,0,0,0,0,0,0,0,0,0,0,39,0,0,0,0,0,7,0,0,0,0,0,0,0,0,0,0,2,0,0,35,0,31,0,32,0,0,0,8,0,2,0,0,12,0,0,0,0,5,0,0,0,0,0,0,0,0,0,0,0,0,0,0,0,0,0,0,0,0,0,0,0,0,0,0,0,72,100,108,28,20,0,0,0,0,0,0,0,0,0,0
0,0,0,0,55,43,0,10,0,0,0,10,61,20,56,45,0,17,40,250,0,40,0,32,0,10,0,43,0,65,0,30,0,65,6,0,0,44,0,36,0,0,3,28,0,3,0,0,0,1,0,29,0,0,0,0,0,3,0,0,0,10,0,54,0,0,0,0,0,0,0,0,0,0,0,0,0,0,0,0,0,0,0,0,0,106,0,0,0,0,0,0,0,0,0,0,0,0,0,0,0,0,0,0,0,0,0,0,0,0,0,0,0,0,0,0,0,0,0,0,0,8,0,0,0,0,0,0,0,0,0,0,0,0,0,38,0,0,0,126,0,190,0,99,0,45,0,0,0,0,0,0,0,0,0,0,0,19,0,0,0,0,0,0,0,10,0,86,0,48,0,0,0,17,0,0,0,25,0,2,0,0,0,0,0,0,0,0,0,0,0,0,0,0,0,0,0,0,0,0,0,0,0,0,0,0,0,0,0,0,0,0,0,0,44,0,0,0,151,213,159,33,0,0,0
29,0,50,0,176,60,0,0,10,0,132,37,79,74,119,33,8,0,94,76,31,29,11,21,2,0,131,57,92,0,30,9,102,16,41,0,0,7,72,0,0,0,51,4,13,0,0,24,1,0,120,0,14,0,0,0,0,0,0,0,98,0,20,0,2,0,0,0,0,0,38,0,0,0,42,0,0,0,0,0,118,0,0,0,76,0,71,0,0,0,98,0,0,0,0,0,41,0,227,0,0,0,0,0,0,0,51,0,0,0,0,0,0,0,0,0,0,0,0,0,75,0,84,0,0,1,0,0,0,0,0,0,0,0,0,0,0,0,161,0,211,0,21,0,197,0,0,0,0,2,0,0,0,0,0,0,32,0,3,0,0,2,18,0,25,0,55,0,49,0,44,0,60,0,0,0,18,15,18,0,0,0,0,0,0,0,0,0,0,0,0,0,0,0,0,0,0,0,0,0,0,0,0,0,0,0,0,0,0,0,35,41,86,17,18,0,2,0,0,0,0,0,0,0,0
0,155,0,0,56,83,0,14,0,0,22,91,21,34,66,17,0,2,18,159,47,24,37,7,3,0,0,74,0,8,19,1,21,171,0,44,7,0,0,31,0,0,0,111,0,23,0,0,0,0,0,69,0,12,0,0,0,0,0,0,0,86,0,34,0,0,0,0,0,0,0,0,0,7,0,11,0,0,0,5,0,54,0,0,0,269,0,32,0,0,0,0,0,0,0,0,0,0,0,0,0,0,0,0,0,0,0,0,0,0,0,0,0,0,0,0,0,0,0,0,0,53,0,7,0,0,0,0,0,0,0,0,0,0,0,26,0,0,0,103,0,197,0,156,0,138,0,0,0,0,0,0,0,0,0,6,0,66,0,17,0,0,0,0,0,7,0,93,0,44,0,4,0,39,0,0,0,15,0,61,0,0,0,0,0,5,0,1,0,0,0,0,0,0,0,0,0,0,0,0,0,0,0,0,0,0,0,0,0,0,0,2,0,0,15,0,0,0,63,74,107,14,0,0,0
253,95,538,70,80,0,112,21,14,0,68,8,0,0,6,61,90,50,0,0,24,0,60,112,84,60,4,0,7,6,2,0,3,14,7,0,72,0,0,5,0,0,0,0,0,0,0,0,0,0,6,0,3,1,3,0,0,0,0,0,44,3,19,0,0,0,0,0,0,0,0,0,0,0,0,0,0,0,0,0,0,0,0,0,8,0,0,0,0,0,6,0,0,0,0,0,6,0,0,0,0,0,0,0,0,0,0,0,0,0,0,0,0,0,0,0,0,0,0,0,4,0,0,0,0,0,0,0,0,0,0,0,0,0,0,0,3,0,42,0,52,0,9,0,20,0,0,0,0,0,0,0,0,0,1,0,7,0,0,0,0,0,0,0,0,0,8,0,3,0,0,0,158,0,0,0,43,13,5,0,0,0,16,0,3,0,0,0,0,0,0,0,0,0,0,0,0,0,0,0,0,0,0,0,0,0,0,0,0,0,3,115,17,2,0,0,0,0,0,2,0,1,0,0,0
19,352,0,176,0,18,0,174,1,0,0,56,0,0,0,4,24,7,0,0,0,0,39,9,9,48,0,0,0,1,0,2,0,3,0,36,0,31,5,0,0,0,0,6,0,0,0,0,0,0,0,7,0,43,1,12,0,5,0,0,0,23,0,61,0,0,0,0,0,0,0,0,0,0,0,0,0,0,0,0,0,0,0,0,0,0,0,0,0,0,0,0,0,0,0,0,0,0,0,0,0,0,0,5,0,0,0,0,0,0,0,0,0,0,0,0,0,0,0,0,0,0,0,0,0,0,0,0,0,10,0,0,0,0,0,0,0,30,0,146,0,123,0,46,0,53,0,0,0,0,0,0,0,0,0,14,0,17,0,19,0,0,0,0,0,0,0,0,0,0,0,0,0,25,0,0,1,8,0,12,0,0,0,0,0,0,0,0,0,0,0,0,0,0,0,0,0,0,0,0,1,0,0,0,0,0,0,0,0,0,0,0,0,0,4,0,0,0,0,94,0,0,0,0,0
34,0,2,0,61,10,0,0,0,0,66,4,176,10,0,0,0,0,8,9,1,3,0,0,0,0,10,48,0,0,0,0,0,0,1,0,0,0,0,0,0,46,13,0,17,108,185,280,75,273,0,0,0,0,0,0,0,0,0,0,0,0,0,0,0,0,0,0,0,0,0,0,0,0,0,0,0,0,0,0,0,0,0,0,0,0,0,0,0,0,0,0,0,0,0,4,0,0,0,0,0,0,0,0,0,0,0,0,0,0,0,0,0,0,0,0,0,0,0,0,0,0,0,0,0,0,0,0,0,0,0,0,0,0,0,0,0,0,0,0,0,0,0,0,0,0,0,0,0,0,0,0,0,0,0,0,0,0,0,0,0,0,0,0,0,19,0,0,2,0,0,0,0,0,0,0,20,30,64,0,8,0,22,0,13,0,193,0,0,0,0,0,0,0,0,0,0,0,0,0,0,0,0,0,0,0,0,0,0,0,0,38,0,0,0,0,0,0,0,17,4,0,0,0,25
0,35,0,0,0,17,0,0,0,0,0,163,62,111,0,0,0,0,31,0,0,0,0,0,0,0,121,30,0,0,0,0,0,0,7,0,0,0,0,0,46,0,39,0,18,21,36,225,0,59,25,0,0,0,0,1,0,0,0,0,0,0,0,0,0,0,0,0,0,0,0,0,0,0,0,0,0,0,0,0,0,0,0,0,0,0,0,0,0,0,0,0,0,0,0,0,0,0,0,0,0,0,0,0,0,0,0,0,0,0,0,0,0,0,0,0,0,0,0,0,0,0,0,0,0,0,0,0,0,0,0,0,0,0,0,0,0,0,0,0,0,0,0,0,0,0,0,0,0,0,0,4,0,0,0,0,0,0,0,0,0,0,0,0,4,4,0,0,0,0,0,0,0,0,0,0,0,154,0,3,0,5,0,1,0,0,7,21,0,0,0,0,0,0,0,0,0,0,0,0,0,0,0,0,0,0,0,0,0,0,0,0,0,0,0,0,0,0,0,4,0,0,0,0,3
26,0,0,0,25,3,0,0,14,0,29,0,60,63,16,0,0,0,71,10,14,0,6,0,0,0,221,129,0,0,0,0,3,0,37,3,51,0,0,0,13,39,0,0,47,49,23,235,4,80,44,0,0,0,0,0,0,0,0,0,4,0,2,0,0,0,0,0,0,0,6,0,0,0,5,0,0,0,1,0,9,0,0,0,23,0,15,0,0,0,0,0,0,0,0,0,0,0,27,0,0,0,0,0,0,0,0,0,0,0,0,0,0,0,0,0,0,0,0,0,0,0,0,0,0,0,0,0,0,0,1,0,0,0,0,0,0,0,0,0,10,0,8,0,4,0,0,0,0,0,0,0,0,0,0,0,0,0,0,0,0,2,5,0,46,0,7,0,0,0,4,0,9,0,0,0,0,14,13,0,0,0,16,0,10,0,25,0,0,0,0,0,2,0,0,0,0,0,0,0,8,0,0,0,0,0,0,0,0,0,29,111,64,7,9,0,0,1,0,0,0,0,0,0,0
0,0,0,0,12,0,0,0,0,0,0,0,53,16,0,0,0,0,42,103,0,37,0,3,0,0,43,222,0,8,1,0,0,20,0,28,4,111,0,6,0,0,0,0,2,111,3,7,0,33,12,49,0,8,0,0,0,0,0,0,0,11,0,0,0,0,0,0,0,0,0,0,0,0,0,0,0,0,0,0,0,85,0,0,0,210,0,0,0,0,0,0,0,0,0,0,0,0,0,0,0,0,0,0,0,1,0,0,0,0,0,0,0,0,0,0,0,0,0,0,0,40,0,9,0,0,0,0,0,0,0,3,0,0,0,0,0,24,0,45,0,137,0,117,0,62,0,0,0,0,0,0,0,0,0,0,0,14,0,6,0,0,0,6,0,51,1,13,0,16,0,8,0,4,0,0,0,49,1,0,0,0,0,0,0,0,0,151,0,0,0,0,0,0,0,0,0,0,0,0,0,0,0,0,0,0,0,0,0,0,0,0,0,0,0,0,0,0,23,72,63,5,0,0,0
17,0,12,0,31,0,3,0,18,0,33,0,81,0,6,0,0,0,6,0,0,0,29,0,0,0,90,24,0,0,0,0,0,0,2,0,13,0,0,0,17,18,47,2,0,28,124,124,220,148,34,0,0,0,0,0,0,0,0,0,0,0,0,0,1,0,0,0,0,0,0,0,0,0,0,0,2,0,0,0,7,0,0,0,0,0,6,0,0,0,0,0,0,0,9,0,0,0,0,0,6,0,0,0,0,0,0,0,0,0,0,0,0,0,0,0,0,0,0,0,0,0,0,0,0,0,0,0,0,0,0,0,0,0,0,0,7,0,0,0,0,0,0,0,0,0,0,0,1,0,5,1,0,0,0,0,0,0,0,0,0,0,0,0,216,0,8,0,52,0,0,0,0,0,0,0,10,0,18,0,6,0,23,0,0,0,115,0,0,0,0,0,0,0,0,0,0,0,0,0,0,0,0,0,0,0,0,0,0,0,19,219,171,0,0,0,0,107,0,9,3,0,0,0,4
0,0,0,0,0,0,0,0,0,0,0,4,114,0,0,0,0,0,36,9,5,51,0,0,0,0,183,99,0,0,0,0,0,0,0,3,0,23,0,0,108,21,49,111,28,0,180,59,5,147,35,45,0,2,0,0,0,0,0,0,0,3,0,6,0,0,0,0,0,2,0,0,0,0,0,0,0,14,0,0,0,50,0,19,0,129,0,32,0,0,0,0,0,0,0,57,0,0,0,0,0,0,0,0,0,2,0,0,0,0,0,0,0,0,0,0,0,0,0,0,0,18,0,0,0,0,0,0,0,0,0,0,0,0,0,0,0,0,0,0,0,0,0,40,0,35,0,0,0,0,0,0,0,0,0,0,0,0,0,0,0,0,0,7,0,205,0,5,0,115,0,7,0,18,0,0,0,85,0,0,0,0,0,0,0,0,23,59,0,0,0,0,0,0,0,0,0,0,0,0,0,0,0,0,0,0,0,0,0,9,0,9,0,0,6,0,0,3,24,244,219,7,0,0,123
66,0,0,0,141,0,0,0,0,0,101,0,259,0,18,0,0,0,64,0,0,0,0,0,0,0,73,85,0,0,0,0,0,0,0,0,0,0,0,0,185,36,23,3,124,180,0,336,281,561,0,0,0,0,0,0,0,0,0,0,0,0,0,0,0,0,1,0,2,0,0,0,0,0,0,0,0,0,0,0,0,0,0,0,0,0,0,0,1,0,0,0,0,0,0,0,0,0,0,0,0,0,0,0,0,0,0,0,0,0,0,0,0,0,0,0,0,0,0,0,0,0,0,0,0,0,0,0,0,0,0,0,0,0,0,0,0,0,0,0,0,0,0,0,0,0,0,0,0,0,0,0,0,0,0,0,0,0,0,0,0,0,0,0,69,35,0,0,4,0,0,0,0,0,0,0,21,21,36,0,0,0,31,0,17,0,313,0,0,0,0,0,0,0,0,0,0,0,0,0,0,0,0,0,0,0,0,0,0,0,0,288,86,0,0,0,0,87,0,33,0,0,0,0,57
0,167,0,63,0,85,0,0,0,12,0,237,653,102,24,13,0,0,238,99,27,0,0,0,0,0,815,266,0,0,13,0,13,0,111,0,24,0,0,0,280,225,235,7,124,59,336,0,15,115,225,13,0,0,0,0,0,0,0,0,0,0,0,0,0,0,0,0,0,1,0,0,0,0,0,0,0,0,0,0,0,0,0,0,0,0,0,0,0,0,0,0,0,1,0,0,0,0,0,0,0,0,0,0,0,0,0,0,0,0,0,0,0,0,0,0,0,0,0,0,0,0,0,0,0,0,0,0,0,0,0,0,0,0,0,18,0,0,0,0,0,0,0,0,0,1,0,0,0,0,0,0,0,0,0,0,0,0,0,0,0,0,0,1,0,24,0,0,0,0,0,0,0,0,0,0,0,379,11,0,0,0,0,0,0,3,77,58,0,0,0,0,0,0,0,0,0,0,0,0,0,0,0,0,0,0,0,0,0,0,0,25,0,0,0,0,0,4,0,161,54,0,0,0,86
9,0,11,0,6,0,21,0,7,0,10,0,27,1,0,1,0,0,0,0,0,0,0,0,0,0,15,3,0,0,0,0,0,0,1,0,1,0,0,0,75,0,4,0,220,5,281,15,0,19,1,0,9,0,18,0,22,0,42,0,4,0,0,0,0,0,0,0,4,0,0,0,0,0,0,0,2,1,0,0,0,0,3,0,0,0,0,0,0,0,0,0,1,0,6,0,2,0,0,0,2,0,6,0,4,0,0,1,1,0,0,0,0,0,0,0,0,0,0,0,0,0,0,0,0,0,3,0,3,0,0,0,3,1,6,0,22,0,2,0,11,0,21,0,6,0,0,0,0,0,4,1,8,0,6,0,0,0,0,0,19,0,2,0,16,3,1,0,9,2,0,0,9,0,2,0,7,0,16,0,12,0,0,0,1,0,196,0,25,0,0,0,47,0,4,0,0,0,0,0,22,0,38,0,21,0,0,0,6,2,68,80,62,6,52,7,1,6,1,4,0,0,0,0,0
0,16,0,0,0,0,0,0,0,0,0,43,42,61,0,0,0,0,7,10,0,2,0,0,0,0,166,33,0,0,0,0,0,0,0,1,0,0,0,0,273,59,80,33,148,147,561,115,19,0,22,0,0,0,0,0,0,0,0,0,0,0,0,0,0,0,0,0,0,6,0,0,0,0,0,0,0,9,0,0,0,0,0,14,0,0,0,0,0,0,0,0,0,8,0,25,0,0,0,0,0,0,0,1,0,0,0,0,0,0,0,0,0,0,0,0,0,0,0,0,0,0,0,0,0,0,0,0,0,0,0,0,0,0,0,0,0,5,0,0,0,0,0,7,0,0,0,0,0,0,0,5,0,0,0,0,0,0,0,0,0,0,0,0,0,57,0,1,0,35,0,0,0,0,0,0,0,108,2,2,0,0,0,0,0,0,74,12,0,0,0,0,0,0,0,0,0,0,0,0,0,2,0,0,0,3,0,0,0,0,0,3,0,0,0,0,0,2,4,69,6,0,0,0,40
0,0,0,0,23,27,0,0,0,0,27,0,74,150,21,0,29,0,248,43,53,4,0,5,0,0,340,235,83,0,54,0,14,0,108,0,120,0,6,0,0,25,44,12,34,35,0,225,1,22,0,14,0,0,0,0,2,0,2,0,0,0,0,0,0,0,0,3,0,0,20,0,8,0,0,0,3,0,0,0,0,0,0,0,0,0,62,0,0,0,63,0,0,0,0,0,73,0,0,0,0,0,0,0,0,0,46,0,0,0,0,0,0,0,0,0,0,0,0,0,65,0,73,0,0,0,0,0,0,0,0,0,0,0,0,0,0,0,57,0,0,0,0,0,91,0,0,0,0,0,0,0,0,0,0,0,0,0,0,0,1,0,0,0,61,0,16,0,101,0,10,0,50,0,0,0,17,36,43,0,0,0,0,0,0,0,57,0,0,0,0,0,0,0,0,0,0,0,0,0,0,0,0,0,7,0,0,0,3,0,30,75,65,15,15,0,0,0,0,0,0,0,0,0,0
0,0,0,0,13,15,0,0,0,3,0,4,56,82,6,2,0,0,51,174,0,13,0,0,0,0,19,191,0,12,0,5,3,32,0,29,0,69,0,7,0,0,0,49,0,45,0,13,0,0,14,0,0,8,0,0,0,6,0,0,0,16,0,13,0,0,0,0,0,0,0,0,0,5,0,13,0,0,0,7,0,64,0,0,0,118,0,0,0,0,0,0,0,2,0,17,0,0,0,0,0,0,0,0,0,0,0,0,0,0,0,0,0,0,0,0,0,0,0,0,0,24,0,0,0,0,0,0,0,0,0,1,0,0,0,0,0,0,0,68,0,107,0,73,0,72,1,0,0,1,0,0,0,0,0,0,0,24,0,5,0,0,0,6,0,31,0,18,0,73,0,17,0,32,0,0,0,0,0,0,0,0,0,0,0,0,0,19,0,0,0,0,0,0,0,0,0,0,0,0,0,0,0,0,0,0,0,0,0,0,0,0,0,0,0,0,0,0,42,146,116,15,0,0,0
2,2,12,0,0,0,51,0,14,52,0,0,0,0,0,0,90,0,0,0,59,0,63,0,22,4,11,0,15,0,4,0,0,0,0,0,14,0,3,0,0,0,0,0,0,0,0,0,9,0,0,0,0,3,53,11,102,7,50,53,31,2,28,0,0,12,4,75,0,0,0,0,0,0,0,0,1,0,0,0,0,0,0,0,5,0,0,0,0,0,0,0,0,0,0,0,6,0,2,0,0,0,0,0,0,0,0,0,0,0,0,0,0,0,0,0,0,0,0,0,0,0,0,0,0,0,0,0,43,0,0,0,0,0,2,0,27,0,177,1,17,0,26,0,16,0,0,0,0,0,0,0,0,0,88,1,19,1,34,0,20,1,3,0,1,0,0,0,1,0,85,0,9,0,0,0,2,0,0,0,0,0,0,0,0,2,0,0,0,0,0,0,0,0,0,0,0,0,0,0,3,1,0,0,0,0,0,0,0,0,90,166,122,104,124,0,15,0,0,0,0,0,0,0,0
0,16,0,0,0,0,12,21,105,26,0,0,0,0,0,0,0,58,0,0,0,24,0,12,30,30,0,0,0,29,0,0,0,19,0,0,0,12,1,43,0,0,0,8,0,2,0,0,0,0,0,8,3,0,26,78,0,113,14,24,4,45,11,58,0,0,0,2,0,1,0,0,0,0,0,0,0,0,0,0,0,0,0,0,0,0,0,0,0,0,0,0,0,0,0,0,0,0,0,0,0,11,0,0,0,0,0,0,0,0,0,0,0,0,0,0,0,0,0,0,0,0,0,0,0,0,0,2,0,96,0,5,0,6,0,91,0,120,0,292,0,87,0,63,0,29,0,0,0,0,0,0,0,0,0,227,0,30,0,139,0,34,0,0,0,0,0,0,0,0,0,54,0,18,0,0,9,25,0,0,0,0,0,0,0,1,0,0,0,0,0,0,0,0,0,0,0,0,0,0,0,0,0,0,0,0,0,0,0,0,0,0,1,0,113,0,0,0,103,152,72,92,0,8,0
9,8,90,0,0,0,156,16,10,169,0,0,0,0,54,0,18,0,41,0,37,0,256,0,225,0,0,0,4,0,0,0,0,0,0,0,0,0,3,1,0,0,0,0,0,0,0,0,18,0,0,0,53,26,0,38,46,10,40,41,19,5,37,13,2,0,1,78,0,0,0,0,0,0,0,0,0,0,0,0,0,0,0,0,0,0,0,0,0,0,0,0,0,0,0,0,32,0,0,0,0,0,0,0,0,0,0,0,0,0,0,0,0,0,0,0,0,0,0,0,0,0,0,0,0,0,0,0,94,0,0,0,3,0,43,0,114,0,18,0,5,0,48,0,2,0,0,0,0,0,0,0,0,0,23,0,2,2,18,0,25,0,0,0,0,0,0,0,3,0,146,0,13,0,0,0,0,0,0,0,0,0,0,0,0,0,0,0,0,0,0,0,0,0,0,0,0,0,0,0,43,0,0,0,0,0,0,0,8,0,232,84,185,127,222,0,58,0,2,1,0,0,0,0,0
3,61,0,77,0,21,0,209,245,231,0,8,0,0,0,62,1,15,0,0,0,0,0,29,20,227,0,0,0,12,0,0,0,0,0,0,0,0,0,12,0,1,0,0,0,0,0,0,0,0,0,0,11,78,38,0,0,66,34,191,2,8,9,27,0,2,13,3,0,0,0,1,0,0,0,0,0,0,0,0,0,0,0,0,0,0,0,0,0,0,0,0,0,0,0,0,3,0,0,0,0,0,0,0,0,0,0,25,0,0,0,0,0,0,0,0,0,0,0,0,0,0,0,0,0,0,0,3,0,96,0,41,0,0,0,179,0,49,0,19,0,0,0,11,0,0,0,0,0,0,0,0,0,0,1,34,0,4,0,11,0,12,0,0,0,3,0,0,0,0,0,57,0,44,0,0,7,8,0,0,0,0,0,0,0,1,0,0,0,0,0,0,0,0,0,0,0,0,0,0,3,16,1,0,0,0,0,0,0,5,0,0,0,0,197,0,0,0,147,286,135,153,0,14,0
0,0,17,0,0,0,26,0,12,21,0,0,0,0,0,0,0,0,0,0,0,0,0,0,23,0,0,0,0,0,0,0,0,0,0,0,0,0,0,0,0,0,0,0,0,0,0,0,22,0,2,0,102,0,46,0,0,0,19,27,4,0,4,1,11,63,5,61,0,0,0,0,0,0,0,0,0,0,0,0,0,0,0,0,0,0,0,0,0,0,0,0,0,0,0,0,0,0,0,0,0,0,0,0,0,0,0,0,0,0,0,0,0,0,0,0,0,0,0,0,0,0,0,0,5,0,4,0,113,0,48,0,0,0,12,0,28,0,10,9,0,0,11,0,0,6,3,0,2,0,0,0,0,0,36,17,8,0,34,27,114,36,28,0,0,0,0,0,7,0,182,0,8,0,0,0,3,0,0,0,0,7,0,0,0,15,0,0,0,0,0,0,0,0,0,0,0,0,0,0,0,0,0,0,0,0,0,0,0,0,343,124,393,274,529,9,81,0,0,2,0,0,0,0,0
0,8,0,24,0,0,0,18,54,12,0,0,0,0,0,0,0,15,0,0,0,0,1,16,0,45,0,0,0,0,0,0,0,2,0,3,0,0,0,5,0,0,0,0,0,0,0,0,0,0,0,6,7,113,10,66,0,0,33,113,0,2,0,20,0,6,0,24,0,3,0,0,0,0,0,0,0,0,0,0,0,0,0,0,0,0,0,0,0,0,0,0,0,0,0,0,0,0,0,0,0,0,0,0,0,0,0,0,0,0,0,0,0,0,0,0,0,0,0,0,0,0,0,0,0,0,0,0,0,103,0,41,0,0,0,33,0,25,2,15,0,0,0,0,0,0,0,5,0,0,0,0,0,0,0,103,4,2,2,93,0,60,0,14,0,4,0,0,0,15,0,287,0,18,0,0,2,0,0,0,0,0,0,0,0,1,0,0,0,0,0,0,0,0,0,0,0,0,0,0,0,1,0,0,0,0,0,0,0,0,0,0,0,0,581,0,0,0,380,149,697,538,28,52,0
0,0,13,0,0,0,12,0,145,46,1,0,0,0,0,0,0,0,0,0,0,0,0,0,11,0,0,0,0,0,0,0,0,0,0,0,0,0,0,0,0,0,0,0,0,0,0,0,42,0,2,0,50,14,40,34,19,33,0,166,48,5,27,0,97,167,440,450,0,0,0,0,0,0,0,0,0,0,0,0,0,0,0,0,0,0,0,0,0,0,0,0,4,0,0,0,0,0,0,0,0,0,0,0,0,0,0,0,0,0,0,0,0,0,0,0,0,0,0,0,0,0,0,0,0,0,0,0,11,0,26,0,0,0,0,0,0,0,1,5,0,0,0,0,0,7,0,0,12,0,0,0,0,0,7,45,11,7,0,41,41,34,4,0,0,0,2,0,0,0,144,0,0,0,0,0,37,0,0,0,0,0,0,1,93,79,0,0,0,0,0,0,0,0,0,0,0,0,0,0,0,0,0,0,0,0,0,0,1,0,1173,609,532,555,1393,17,247,6,3,0,0,0,0,0,0
2,13,0,12,0,0,0,13,306,157,0,2,0,0,0,0,0,0,0,0,0,0,0,9,0,0,0,0,0,0,0,0,0,0,0,0,0,0,0,0,0,0,0,0,0,0,0,0,0,0,0,0,53,24,41,191,27,113,166,0,0,9,4,12,24,111,125,222,0,0,0,0,0,0,0,0,0,1,0,0,0,0,0,0,0,0,0,0,0,0,0,0,0,0,0,0,0,0,0,0,0,0,0,0,0,0,0,0,0,0,0,0,0,0,0,0,0,0,0,0,0,0,0,0,0,11,0,0,0,16,0,96,0,0,0,42,0,16,0,0,0,0,0,0,1,1,0,0,0,23,0,0,0,0,10,11,12,1,14,15,0,77,0,0,0,5,0,0,0,6,0,0,0,0,0,0,28,2,0,0,0,0,0,0,42,4,0,0,0,0,0,0,0,0,0,0,0,0,0,0,0,0,0,0,0,0,0,0,0,10,0,0,0,0,1214,0,0,0,926,366,361,571,36,57,2
69,0,55,3,1,0,246,0,186,0,0,0,0,0,0,0,23,0,2,0,0,0,5,0,66,0,16,0,7,0,0,0,25,0,0,0,98,0,44,0,0,0,4,0,0,0,0,0,4,0,0,0,31,4,19,2,4,0,48,0,0,0,65,0,0,0,0,0,0,0,3,0,0,0,10,0,0,0,0,0,0,0,0,0,0,0,20,0,0,0,0,0,0,0,0,0,0,0,0,0,0,0,0,0,0,0,0,0,0,0,0,0,0,0,0,0,0,0,0,0,18,0,20,0,0,0,0,0,4,0,0,0,0,0,0,0,0,0,171,0,129,0,14,0,440,0,0,0,0,0,0,0,0,0,3,0,141,0,0,0,0,0,6,0,0,0,0,0,9,0,171,0,100,0,0,0,0,0,0,0,0,0,0,0,3,0,0,0,0,0,0,0,0,0,0,0,0,0,0,0,0,0,0,0,0,0,0,0,0,0,5,16,86,0,16,0,10,0,0,0,0,0,0,0,0
4,115,7,9,0,0,20,89,18,36,0,5,0,0,0,0,0,0,0,0,0,0,0,4,21,11,0,0,1,13,0,0,1,17,0,10,0,86,3,23,0,0,0,11,0,3,0,0,0,0,0,16,2,45,5,8,0,2,5,9,0,0,1,29,0,1,0,0,0,0,0,0,0,0,0,0,0,0,0,0,0,0,0,0,0,0,0,0,0,0,0,0,0,0,0,0,0,0,0,0,0,0,0,0,0,0,0,0,0,0,0,0,0,0,0,0,0,0,0,0,0,4,0,0,0,0,0,0,0,0,0,0,0,0,0,0,0,0,0,60,0,43,0,8,0,75,0,0,0,0,0,0,0,0,0,3,0,213,0,23,0,0,0,0,0,1,0,0,0,4,0,31,0,92,0,0,3,14,0,2,0,0,0,0,0,0,0,0,0,0,0,0,0,0,0,0,0,0,0,0,0,0,0,0,0,0,0,0,0,0,0,0,0,0,28,0,0,0,17,125,20,32,0,0,0
5,4,5,0,0,0,200,20,64,57,0,0,0,0,12,0,111,0,9,0,100,0,46,0,87,15,0,0,13,0,19,0,20,0,7,0,20,0,19,0,0,0,2,0,0,0,0,0,0,0,0,0,28,11,37,9,4,0,27,4,65,1,0,8,0,0,0,3,0,0,0,0,0,0,11,0,0,0,0,0,0,0,0,0,0,0,0,0,0,0,0,0,0,0,0,0,0,0,0,0,0,0,0,0,0,0,0,0,0,0,0,0,0,0,0,0,0,0,0,0,0,0,46,0,0,0,0,0,6,0,0,0,0,0,0,1,37,0,373,0,138,0,105,0,23,0,0,0,0,0,0,0,0,0,46,1,8,0,69,0,0,0,0,0,0,0,0,0,0,0,56,0,31,0,0,0,6,0,0,0,0,0,0,0,0,0,0,0,0,0,0,0,0,0,0,0,0,0,0,0,0,0,0,0,0,0,0,0,0,0,20,47,32,16,26,0,8,0,0,0,0,0,0,0,0
46,57,0,4,0,0,66,161,96,43,0,0,0,0,1,17,9,200,0,180,0,240,3,182,89,81,0,72,0,200,0,48,0,67,0,54,0,34,0,61,0,0,0,0,0,6,0,0,0,0,0,13,0,58,13,27,1,20,0,12,0,29,8,0,0,0,0,0,0,0,0,0,0,0,0,0,0,0,0,0,0,0,0,0,0,0,0,0,0,0,0,0,0,0,0,0,0,0,0,3,0,0,0,0,0,0,0,0,0,0,0,0,0,0,0,0,0,0,0,0,0,0,1,0,0,0,0,0,0,19,0,3,0,5,0,0,0,0,0,96,0,36,0,0,0,23,0,1,0,0,0,0,0,0,0,77,0,7,0,57,0,0,0,0,0,1,0,1,0,1,0,0,0,10,0,0,4,29,0,0,0,0,0,0,0,0,0,0,0,0,0,0,0,0,0,0,0,0,0,0,0,0,0,0,0,0,0,0,0,0,0,0,0,0,35,0,0,0,52,193,14,47,0,0,0
22,0,11,0,4,0,0,0,64,0,5,0,0,0,3,0,0,0,0,0,0,0,0,0,0,0,0,0,0,0,0,0,0,0,0,0,2,0,0,0,0,0,0,0,1,0,0,0,0,0,0,0,0,0,2,0,11,0,97,24,0,0,0,0,0,102,117,53,0,0,0,0,0,0,0,0,0,0,0,0,0,0,0,0,0,0,0,0,0,0,0,0,0,0,0,0,0,0,0,0,0,0,0,0,0,0,0,0,0,0,0,0,0,0,0,0,0,0,0,0,0,0,0,0,0,0,2,0,0,0,88,0,1,0,0,0,0,0,0,21,0,0,0,0,0,22,0,0,45,27,3,0,0,0,5,15,4,1,4,33,345,101,2,0,0,0,0,0,0,0,0,0,1,0,6,7,58,0,0,0,44,36,3,0,248,9,0,0,0,0,0,0,0,0,0,0,0,0,0,0,0,0,1,0,0,0,0,0,2,0,29,18,0,0,0,0,0,0,0,0,0,0,0,0,0
0,24,0,0,1,0,0,0,22,165,0,3,0,0,0,0,0,0,1,0,0,0,0,0,0,0,0,0,0,0,0,0,0,1,0,0,0,0,0,0,0,0,0,0,0,0,0,0,0,0,0,0,12,0,0,2,63,6,167,111,0,1,0,0,102,0,68,492,0,0,0,3,0,0,0,1,0,0,0,0,0,0,0,0,0,0,0,0,0,0,0,0,0,0,0,0,0,0,0,0,0,0,0,0,0,0,0,0,0,0,0,0,0,0,0,0,0,0,0,0,0,0,0,0,0,12,1,0,19,0,46,62,2,0,0,9,0,2,48,3,0,0,0,0,17,21,0,43,29,176,0,0,0,13,21,5,22,1,62,5,216,259,0,0,0,0,1,0,0,0,0,0,0,0,2,61,12,0,0,1,15,189,0,9,44,97,0,0,0,0,0,0,0,0,0,0,0,0,0,0,0,0,0,0,0,0,0,0,0,3,0,0,0,0,56,0,0,0,63,27,0,0,0,0,0
8,0,3,0,0,0,10,0,163,0,0,0,0,0,0,0,0,0,0,0,0,0,0,0,0,0,0,0,0,0,0,0,0,0,0,0,0,0,0,0,0,0,0,0,0,0,1,0,0,0,0,0,4,0,1,13,5,0,440,125,0,0,0,0,117,68,0,209,0,0,0,0,0,0,0,0,0,0,0,0,0,0,0,0,0,0,0,0,0,0,0,0,0,0,0,0,0,0,0,0,0,0,0,0,0,0,0,0,0,0,0,0,0,0,0,0,0,0,0,0,0,0,0,0,2,0,0,0,0,0,13,0,0,0,0,0,0,0,0,0,0,0,0,0,0,0,0,0,13,0,0,0,0,0,0,12,1,6,0,16,21,21,0,0,0,0,0,0,0,0,0,0,0,0,0,0,118,0,0,0,0,2,0,0,376,24,0,0,0,0,0,0,0,0,0,0,0,0,0,0,0,0,0,0,0,0,0,0,0,0,45,86,16,0,51,0,5,0,0,0,0,0,0,0,0
0,2,0,0,0,0,0,0,364,164,0,1,0,0,0,0,0,0,0,0,0,0,0,0,0,0,0,0,0,0,0,0,0,0,0,0,0,0,0,0,0,0,0,0,0,0,0,0,0,0,3,0,75,2,78,3,61,24,450,222,0,0,3,0,53,492,209,0,0,0,0,1,0,0,0,0,0,0,0,0,0,0,0,0,0,0,0,0,0,0,0,0,0,0,0,0,0,0,0,0,0,0,0,0,0,0,0,0,0,0,0,0,0,0,0,0,0,0,0,0,0,0,0,0,0,0,0,0,0,0,0,63,0,0,0,0,0,0,5,1,0,0,0,0,0,2,1,0,0,90,0,0,0,0,31,2,24,1,0,0,13,73,0,0,0,0,0,0,0,0,0,1,0,0,0,2,81,21,0,0,0,0,0,1,68,189,0,0,0,0,0,0,0,0,0,0,0,0,0,0,0,0,0,0,0,0,0,0,0,0,0,0,0,0,240,0,0,0,306,246,0,77,0,4,0
0,0,0,0,0,0,1,0,0,0,0,0,0,0,0,0,0,0,0,0,0,0,0,0,0,0,0,0,0,0,0,0,0,0,0,0,0,0,0,0,0,0,0,0,0,0,2,0,4,0,0,0,0,0,0,0,0,0,0,0,0,0,0,0,0,0,0,0,0,0,6,0,9,0,3,0,122,0,29,0,0,0,4,0,0,0,0,0,2,0,0,0,19,0,0,0,0,0,0,0,0,0,103,0,22,0,0,0,21,0,3,0,2,0,1,0,0,0,0,0,0,0,8,0,0,0,0,0,3,0,0,0,0,2,0,0,40,0,0,0,19,0,0,0,0,0,0,0,0,0,0,5,3,0,0,0,0,0,0,0,0,0,2,0,6,0,0,0,94,0,8,0,0,0,3,0,0,0,0,0,0,0,0,0,0,0,0,0,57,0,0,0,0,0,56,0,0,0,15,0,0,0,34,0,0,0,0,0,5,2,72,0,131,2,21,84,47,0,0,0,0,0,0,0,0
0,0,0,0,0,0,0,0,0,0,0,0,0,0,0,0,0,0,0,0,0,0,0,0,0,0,1,0,0,0,0,0,0,0,0,0,0,0,0,0,0,0,0,0,0,2,0,1,0,6,0,0,0,1,0,0,0,3,0,0,0,0,0,0,0,0,0,0,0,0,0,0,0,1,0,0,0,51,0,0,0,0,0,5,0,0,0,0,0,5,0,0,0,57,0,4,0,0,0,0,0,0,0,129,0,0,0,0,0,23,0,5,0,11,0,0,0,1,0,0,0,0,0,0,0,0,0,1,0,0,0,0,0,2,0,12,0,0,0,0,0,0,0,0,0,0,0,0,0,0,0,1,0,1,0,0,0,0,0,0,0,0,0,0,0,16,0,0,0,44,0,13,0,0,0,1,0,2,0,0,0,0,0,0,0,0,1,0,0,15,0,0,0,0,0,0,0,0,0,5,0,3,0,6,0,8,0,0,0,0,0,0,0,0,0,0,0,0,22,1,57,1,8,31,0
0,0,0,0,0,0,0,0,0,0,0,0,0,0,0,0,5,0,0,0,36,0,0,0,0,0,37,0,0,0,0,0,1,0,13,0,38,0,0,0,0,0,6,0,0,0,0,0,0,0,20,0,0,0,0,0,0,0,0,0,3,0,0,0,0,0,0,0,6,0,0,0,326,0,381,0,16,0,162,0,0,0,0,0,0,0,20,0,0,0,0,0,0,0,0,0,2,0,0,0,0,0,0,0,0,0,0,0,0,0,0,0,0,0,0,0,0,0,0,0,61,0,17,0,43,19,0,0,57,4,45,9,8,0,0,0,51,0,59,0,83,0,35,0,53,1,31,0,52,17,64,0,41,8,0,0,12,0,1,0,15,0,52,0,0,0,0,0,72,0,33,0,20,0,35,0,0,0,0,0,65,11,0,0,21,0,0,0,0,0,0,1,0,0,0,0,0,0,0,0,10,0,0,0,0,0,0,0,0,0,10,0,61,0,27,0,4,0,0,0,0,0,0,0,0
0,0,0,0,0,0,0,0,0,0,0,0,0,0,0,0,0,0,0,0,0,0,0,0,0,0,0,0,0,0,0,0,0,0,0,0,0,0,0,0,0,0,0,0,0,0,0,0,0,0,0,0,0,0,0,1,0,0,0,0,0,0,0,0,0,3,0,1,0,0,0,0,0,256,0,391,0,33,0,68,0,0,0,6,0,0,0,151,0,0,0,0,0,0,0,0,0,1,0,0,0,0,0,0,0,0,0,0,0,0,0,0,0,0,0,0,0,0,0,0,0,15,0,15,0,21,0,0,9,41,20,54,0,0,0,0,0,8,0,29,0,57,0,0,0,101,0,23,0,21,0,33,0,9,0,0,0,3,2,5,25,23,0,37,0,0,0,0,0,29,0,5,0,10,0,10,0,0,0,0,0,49,0,0,0,30,0,0,0,0,0,0,0,0,0,0,0,0,0,0,0,0,0,0,0,0,0,0,0,0,0,0,0,0,0,0,0,0,32,0,9,0,0,1,0
0,0,0,0,0,0,0,0,0,0,0,0,0,0,0,0,0,0,0,0,18,0,0,0,0,0,0,0,0,0,0,0,0,0,0,0,0,0,0,0,0,0,0,0,0,0,0,0,0,0,8,0,0,0,0,0,0,0,0,0,0,0,0,0,0,0,0,0,9,0,326,0,0,0,166,0,77,0,243,0,0,0,21,0,7,0,3,0,0,0,0,0,0,0,0,0,0,0,0,0,0,0,0,0,5,0,0,0,0,0,0,0,0,0,0,0,0,0,0,0,27,0,14,0,21,0,11,0,8,0,15,1,5,0,0,0,30,1,12,0,57,0,76,0,35,0,19,0,5,0,77,0,7,0,0,0,2,0,0,0,0,0,81,0,0,0,0,0,10,0,0,0,0,0,6,0,0,0,0,0,24,4,0,0,4,0,0,0,0,0,0,0,0,0,0,0,0,0,0,0,24,0,21,0,0,0,0,0,24,0,161,0,16,2,14,0,0,0,0,0,0,0,0,0,0
0,0,0,0,0,0,0,0,0,0,0,0,0,0,0,0,0,0,0,0,0,0,0,0,0,0,0,0,0,0,0,0,0,0,0,0,0,7,0,0,0,0,0,0,0,0,0,0,0,0,0,5,0,0,0,0,0,0,0,0,0,0,0,0,0,0,0,0,0,1,0,256,0,0,0,220,0,53,0,39,0,5,0,16,0,0,0,57,0,0,0,0,0,0,0,3,0,2,0,0,0,0,0,0,0,0,0,0,0,0,0,0,0,0,0,0,0,0,0,0,0,23,0,7,0,10,2,23,0,10,0,9,0,0,0,156,0,38,0,16,0,56,1,23,0,77,0,34,0,0,0,100,0,12,0,0,0,0,0,0,0,0,0,28,0,0,0,3,0,3,0,0,0,0,0,0,0,0,0,0,20,59,0,0,0,0,0,0,0,0,0,0,0,0,0,0,0,0,0,29,0,41,0,26,0,0,0,0,0,56,0,0,0,0,13,0,0,0,93,1,10,0,0,0,0
0,0,0,0,0,0,0,0,0,0,0,0,0,0,0,0,0,0,14,0,58,0,0,0,0,0,0,0,0,0,13,0,0,0,0,0,42,0,0,0,0,0,5,0,0,0,0,0,0,0,0,0,0,0,0,0,0,0,0,0,10,0,11,0,0,0,0,0,3,0,381,0,166,0,0,0,25,0,358,0,10,0,55,0,89,0,62,0,0,0,4,0,0,0,5,0,6,0,0,0,0,0,0,0,0,0,0,0,0,0,0,0,1,0,0,0,0,0,0,0,245,0,91,0,0,37,0,0,40,0,33,0,10,4,69,0,94,0,25,0,145,0,282,0,133,0,11,0,17,4,54,0,26,0,0,0,5,0,0,0,1,0,21,0,0,0,0,0,31,0,13,0,11,0,22,0,0,0,0,0,66,4,0,0,10,0,0,0,0,0,0,0,34,0,0,0,3,0,0,0,93,0,80,0,20,0,55,0,0,0,57,0,0,0,0,1,0,0,0,0,0,0,0,0,0
0,0,0,0,0,0,0,0,0,0,0,0,0,1,0,0,0,0,0,0,0,0,0,0,0,0,0,0,0,0,0,0,0,0,0,0,0,11,0,0,0,0,0,0,0,0,0,0,0,0,0,13,0,0,0,0,0,0,0,0,0,0,0,0,0,1,0,0,0,0,0,391,0,220,0,0,0,29,0,135,0,15,0,0,0,13,0,165,0,0,0,0,0,0,0,4,0,0,0,0,0,0,0,0,0,0,0,0,0,0,0,0,0,0,0,0,0,0,0,0,0,248,0,21,0,26,0,0,8,44,20,56,0,0,0,79,0,18,0,24,0,50,0,30,0,91,3,19,6,6,2,52,0,0,0,0,0,4,4,4,14,11,0,16,0,0,0,0,0,6,0,7,0,15,0,3,0,0,0,0,0,55,0,0,0,1,0,0,0,0,0,0,0,0,0,0,0,1,0,0,0,0,0,2,0,0,0,0,0,35,0,0,0,0,0,0,0,0,0,0,3,0,0,0,0
0,0,1,0,0,0,0,0,0,0,0,0,0,0,0,0,0,0,0,0,0,0,0,0,0,0,0,0,0,0,0,0,0,0,0,0,0,0,0,0,0,0,0,0,2,0,0,0,2,0,3,0,1,0,0,0,0,0,0,0,0,0,0,0,0,0,0,0,122,0,16,0,77,0,25,0,0,0,23,0,0,0,57,0,16,0,17,0,1,0,0,0,9,0,0,0,0,0,0,0,0,1,36,0,0,0,5,0,5,0,0,0,0,0,0,0,0,0,0,0,16,0,10,0,0,0,0,0,0,0,0,0,0,0,6,0,0,0,0,0,15,0,16,0,0,0,0,0,0,0,0,0,0,0,0,0,0,0,0,0,0,0,0,0,13,0,0,0,46,0,3,0,0,0,0,0,0,0,1,0,0,0,0,0,0,0,0,0,37,0,0,0,26,0,25,0,0,0,0,0,22,0,0,0,0,0,3,0,0,0,7,0,18,0,6,8,1,0,0,0,0,0,0,0,0
0,0,0,0,0,0,0,0,0,0,0,0,0,0,0,0,0,0,0,0,0,0,0,0,0,0,0,0,0,0,0,0,0,0,0,0,0,0,0,0,0,0,0,0,0,14,0,0,1,9,0,0,0,0,0,0,0,0,0,1,0,0,0,0,0,0,0,0,0,51,0,33,0,53,0,29,0,0,0,32,0,30,0,160,0,0,0,128,0,6,1,0,0,112,0,32,0,0,0,0,0,7,0,77,0,0,0,6,0,1,0,0,0,0,0,0,0,0,0,0,0,14,0,2,0,0,0,0,0,1,0,0,0,4,0,90,0,62,0,2,0,14,0,20,0,0,0,0,1,0,0,24,0,0,0,0,0,2,0,1,0,0,0,6,0,26,0,0,0,39,0,13,0,0,0,0,0,0,0,0,0,20,0,0,0,0,0,0,0,99,0,0,0,0,0,45,0,0,0,0,0,32,0,32,0,31,0,13,0,36,0,0,0,0,5,0,0,0,35,3,26,2,6,1,1
0,0,1,0,0,0,0,0,0,0,0,0,0,0,0,0,0,0,0,0,0,0,0,0,0,0,0,0,0,0,0,0,0,0,0,0,0,0,0,0,0,0,1,0,0,0,0,0,0,0,0,0,0,0,0,0,0,0,0,0,0,0,0,0,0,0,0,0,29,0,162,0,243,0,358,0,23,0,0,0,3,0,117,0,0,0,15,0,0,0,0,0,0,0,0,0,0,0,0,0,0,0,3,0,0,0,0,0,0,0,0,0,0,0,0,0,0,0,0,0,106,0,25,0,0,0,0,0,9,0,0,0,0,0,0,0,33,0,0,0,43,0,78,0,23,0,0,0,0,0,0,0,0,0,0,0,0,0,0,0,0,0,0,0,0,0,0,0,11,0,0,0,0,0,0,0,0,0,0,0,0,0,0,0,0,0,0,0,0,0,0,0,0,0,0,0,0,0,0,0,37,0,0,0,0,0,0,0,0,0,184,0,5,0,58,3,0,0,0,0,0,0,0,0,0
