0,418,45,171,44,0,20,152,28,105,27,0,35,0,40,0,24,134,13,0,15,0,7,90,4,297,50,0,51,0,12,0,55,0,0,0,23,0,324,0,14,0,0,0,0,0,26,0,10,0,0,0,0,0,7,51,0,0,4,0,0,0,118,11,21,0,0,0,0,0,0,0,0,0,0,0,0,0,0,0,0,0,0,0,0,0,0,0,0,0,0,0,0,0,0,0,0,0,0,0,0,0,0,0,0,0,0,0,0,0,0,0,0,0,0,0,0,0,0,0,0,0,0,0,8,0,0,0,0,0,32,0,2,0,22,0,4,0,0,0,1,0,0,0,0,0,0,0,50,0,28,0,18,0,0,0,3,0,0,0,0,0,0,0,9,0,0,0,45,0,0,0,327,0,0,0,388,172,10,0,0,0,116,3,32,0,2,0,0,0,0,0,0,0,0,0,4,0,7,0,6,0,0,0,0,0,2,0,20,0,311,133,172,0,73,0,0,0,4,0,4,0,0,0,0
418,0,502,36,110,89,0,59,0,31,116,175,0,49,0,22,210,92,0,42,35,0,390,50,214,10,0,78,0,224,0,0,0,285,0,0,0,498,0,660,0,14,0,0,0,0,0,26,0,0,0,0,0,0,7,43,0,0,0,5,0,133,42,59,0,27,0,0,0,1,0,0,0,0,0,0,0,0,0,0,0,0,0,0,0,0,0,0,0,0,0,0,0,0,0,0,0,0,0,0,0,0,0,0,0,0,12,0,0,0,0,0,0,0,0,0,0,0,0,0,0,0,0,0,0,4,0,3,0,0,0,0,0,0,0,89,0,29,0,0,0,0,0,0,0,0,0,0,0,21,0,73,0,95,0,0,0,0,0,0,0,3,0,3,0,0,0,0,0,52,0,36,0,366,0,0,292,502,0,3,0,0,0,39,0,77,0,0,0,0,0,0,0,0,0,0,0,0,0,14,0,25,0,0,0,0,0,31,0,25,0,0,0,0,240,0,0,0,597,313,280,82,0,10,0
45,502,0,0,95,0,17,0,25,0,16,66,55,0,109,65,47,111,0,0,58,0,134,107,140,229,79,0,73,0,54,0,0,0,0,0,0,0,468,8,12,0,0,0,0,0,22,0,9,0,0,0,23,0,42,0,0,0,0,0,0,0,175,7,18,0,0,0,0,0,0,0,12,0,0,0,0,0,0,0,0,0,0,0,0,0,0,0,0,0,0,0,0,0,0,0,0,0,0,0,0,0,0,0,0,0,0,0,0,0,0,0,0,0,0,0,0,0,0,0,0,0,0,0,30,0,24,0,0,0,63,0,6,0,189,0,50,0,0,0,0,0,46,0,0,0,6,0,68,0,37,0,0,0,15,0,0,0,0,0,17,0,0,0,8,0,0,0,46,0,11,0,374,0,3,0,107,126,0,0,0,0,0,6,15,0,0,0,0,0,0,0,0,0,0,0,10,0,29,0,44,0,0,0,0,0,0,0,68,0,703,133,311,0,183,1,0,0,8,0,0,1,0,0,0
171,36,0,0,0,107,0,25,0,5,96,27,0,0,23,207,101,91,0,58,20,54,155,128,0,38,0,0,0,175,0,0,0,253,0,0,0,262,0,429,0,3,0,0,0,0,0,0,0,0,0,0,0,12,0,119,0,0,0,0,0,0,0,14,0,0,0,0,0,0,0,0,0,0,0,0,0,0,0,0,0,0,0,0,0,0,0,0,0,0,0,0,0,0,0,0,0,0,0,0,0,0,0,0,0,8,0,0,0,0,0,0,0,0,0,0,0,0,0,0,0,0,0,0,0,0,1,0,0,0,0,20,0,0,0,186,0,75,0,0,0,0,0,28,0,0,0,0,0,0,0,8,0,0,0,0,0,0,0,0,0,0,0,0,0,0,0,0,0,0,0,0,0,172,0,0,68,36,0,3,0,0,0,0,0,0,0,0,0,0,0,0,0,0,0,0,0,0,0,0,0,0,0,0,0,0,0,13,0,51,0,0,0,0,184,0,0,0,537,69,229,0,0,0,0
44,110,95,0,0,305,8,0,13,0,106,175,286,53,175,521,0,0,135,269,229,45,38,99,13,0,280,0,0,0,174,0,302,0,135,0,214,0,45,0,46,0,0,0,20,0,94,0,6,0,36,0,2,0,0,0,0,0,0,0,0,0,2,0,0,0,0,0,0,0,0,0,0,0,0,0,0,0,0,0,0,0,0,0,0,0,0,0,0,0,0,0,0,0,0,0,0,0,0,0,0,0,0,0,13,0,0,0,0,0,0,0,0,0,0,0,0,0,0,0,0,0,0,0,0,0,4,0,0,0,0,0,0,0,57,0,0,0,0,0,0,0,0,0,0,0,0,0,31,0,38,0,25,0,0,0,0,0,0,0,0,0,0,0,34,0,265,0,54,0,0,0,129,0,0,0,400,362,127,0,0,0,54,0,34,0,0,0,0,0,0,0,0,0,0,0,6,0,0,0,0,0,0,0,0,0,0,0,25,0,530,239,384,0,78,0,0,0,9,2,0,0,0,0,0
0,89,0,107,305,0,0,20,0,32,133,129,104,137,475,222,6,29,265,165,86,252,74,99,0,17,0,150,0,87,0,189,18,494,0,286,0,285,0,0,0,18,0,0,0,19,0,58,0,0,2,33,0,20,0,47,0,0,0,0,0,0,0,11,0,17,0,0,0,0,0,0,0,0,0,0,0,0,0,0,0,0,0,0,0,0,0,0,0,0,0,0,0,0,0,0,0,19,0,0,0,0,0,0,0,0,0,0,0,0,0,0,0,0,0,0,0,0,0,0,0,0,0,0,0,0,0,5,0,0,0,11,0,0,0,345,0,114,0,0,0,0,0,0,0,0,0,0,0,0,0,116,0,109,0,0,0,0,0,2,0,0,0,6,0,93,0,189,0,78,0,21,0,0,0,0,89,424,13,33,0,0,0,6,0,26,0,5,0,0,0,0,0,0,0,0,0,0,0,32,0,64,0,0,0,0,0,0,0,120,0,0,0,0,166,0,0,0,797,359,573,40,9,0,0
20,0,17,0,8,0,0,0,85,374,6,0,8,0,0,0,3,16,0,0,0,0,25,0,217,85,0,0,0,0,0,0,0,0,1,0,0,0,0,0,0,0,0,0,0,0,0,0,49,0,0,0,223,48,265,234,25,7,24,0,337,0,408,50,38,0,106,59,1,0,0,0,0,0,0,0,0,0,0,0,0,0,0,0,0,0,0,0,0,0,0,0,0,0,0,0,0,0,0,0,4,0,0,0,0,0,0,0,0,0,0,0,0,0,0,0,0,0,0,0,0,0,0,0,0,0,28,0,0,0,220,0,0,0,98,0,47,0,0,0,0,0,44,0,0,0,0,0,61,0,18,0,0,0,11,1,0,0,23,0,76,0,10,0,7,0,10,0,65,0,403,0,288,0,0,0,62,79,0,0,0,1,0,11,23,12,0,0,0,0,0,0,0,0,0,0,0,0,0,0,0,0,0,0,0,0,3,0,76,0,889,167,463,487,446,5,160,0,0,0,0,0,0,0,0
152,59,0,25,0,20,0,0,140,102,0,9,0,2,0,25,0,16,3,0,0,0,0,15,158,39,0,5,0,24,0,0,0,0,0,0,0,0,0,283,0,2,0,0,0,0,0,0,0,0,0,0,14,15,27,276,0,21,0,0,0,249,69,238,0,0,0,0,0,0,0,0,0,0,0,0,0,0,0,0,0,0,0,0,0,0,0,0,0,0,0,0,0,0,0,0,0,0,0,0,0,0,0,0,0,0,0,0,0,0,0,0,0,0,0,0,0,0,0,0,0,0,0,0,0,25,0,10,0,0,0,37,0,0,0,61,0,38,0,0,0,0,1,0,0,0,0,5,0,7,0,6,0,0,0,0,0,0,0,0,0,3,0,6,0,0,0,0,0,47,0,84,0,194,0,0,68,46,0,0,0,0,0,0,0,1,0,0,0,0,0,0,0,0,0,0,0,0,0,0,0,0,0,0,0,0,0,17,0,53,0,0,0,0,520,0,0,0,562,75,295,393,47,104,1
28,0,25,0,13,0,85,140,0,429,8,0,0,0,30,1,3,0,0,0,0,0,0,0,0,62,0,0,2,0,0,0,0,0,0,0,0,0,15,0,0,0,0,0,0,0,0,0,11,0,0,0,229,65,19,294,4,45,71,74,133,0,231,24,85,13,97,131,0,0,0,0,0,0,0,0,0,0,0,0,0,0,0,0,0,0,0,0,0,0,0,0,0,0,0,0,0,0,0,0,0,0,0,0,0,0,0,0,0,0,0,0,0,0,0,0,0,0,0,0,0,0,0,0,19,0,0,0,0,0,74,0,0,0,28,0,2,0,0,0,0,0,0,0,0,0,0,0,113,0,15,0,7,0,17,4,17,0,0,0,36,0,0,0,0,0,0,0,36,0,190,0,121,0,0,0,278,136,10,0,0,0,6,3,207,32,0,0,0,0,0,0,0,0,0,0,7,0,7,0,0,0,0,0,0,0,0,0,32,0,250,142,185,138,108,1,0,0,0,0,0,0,0,0,0
105,31,0,5,0,32,374,102,429,0,0,59,0,9,0,0,20,2,0,0,0,0,0,0,228,0,0,29,0,0,0,0,0,0,0,0,0,7,0,0,0,0,0,0,0,0,0,15,0,0,0,0,98,70,204,204,9,71,0,55,0,291,101,218,0,249,0,255,0,2,0,0,0,0,0,0,0,0,0,0,0,0,0,0,0,0,0,0,0,0,0,1,0,0,0,0,0,0,0,0,0,0,0,0,0,0,0,0,0,0,0,0,0,0,0,0,0,0,0,0,0,0,0,0,0,48,0,80,0,0,0,82,0,0,0,33,0,7,0,0,0,0,0,0,0,0,0,62,0,126,0,141,0,53,0,0,0,0,0,3,0,12,0,3,0,0,0,0,0,32,0,181,0,106,0,2,180,435,0,1,0,0,0,11,10,95,0,0,0,0,0,0,0,0,0,0,0,0,0,0,0,23,0,0,0,0,0,95,0,118,0,0,0,0,332,0,0,0,555,200,229,314,62,64,0
27,116,16,96,106,133,6,0,8,0,0,116,261,0,51,346,18,11,23,0,109,0,0,185,0,0,157,0,30,0,163,0,248,0,30,0,156,0,55,0,129,0,0,0,0,0,70,0,14,0,0,0,0,0,0,0,0,0,0,0,0,0,0,0,9,0,0,0,0,0,0,0,0,0,0,0,0,0,0,0,0,0,0,0,0,0,0,0,0,0,0,0,0,0,0,0,0,0,0,0,0,0,0,0,0,0,0,0,0,0,0,0,0,0,0,0,0,0,0,0,0,0,0,0,3,0,0,0,0,0,14,0,0,0,0,0,2,0,0,0,0,0,0,0,0,0,0,0,10,0,15,0,0,0,0,0,0,0,0,0,0,0,0,0,11,0,136,0,54,0,5,0,79,0,0,0,419,202,137,0,49,0,53,0,20,0,0,0,0,0,0,0,0,0,0,0,0,0,0,0,0,0,0,0,0,0,0,0,7,0,212,132,124,0,21,5,0,0,8,0,0,0,0,0,0
0,175,66,27,175,129,0,9,0,59,116,0,13,386,307,91,12,0,0,86,87,231,122,119,0,2,14,277,0,0,16,211,0,432,0,220,0,278,0,0,0,169,0,0,0,27,2,131,0,0,0,0,0,0,0,0,0,0,0,0,0,0,0,9,0,21,0,0,0,0,0,0,0,0,0,0,0,0,0,0,0,0,0,0,0,7,0,0,0,0,0,0,0,0,0,0,0,0,0,0,0,0,0,0,0,0,0,0,0,0,0,0,0,3,0,0,0,0,0,0,0,0,0,0,0,0,0,0,0,0,0,0,0,0,0,85,0,0,0,0,0,0,0,0,0,0,0,0,0,21,0,151,0,150,0,0,0,0,0,0,0,0,0,0,0,0,0,88,0,0,0,0,0,154,0,0,60,496,0,26,0,112,0,49,0,118,0,4,0,0,0,0,0,0,0,0,0,0,0,0,0,30,0,0,0,0,0,33,0,55,0,0,0,0,53,0,0,0,443,307,235,0,13,0,0
35,0,55,0,286,104,8,0,0,0,261,13,0,271,70,63,0,0,124,491,58,55,0,0,0,0,273,368,0,0,0,0,0,0,218,0,59,0,0,0,121,49,152,0,17,29,149,177,72,0,516,0,0,0,0,0,0,0,0,0,0,0,0,0,0,0,0,0,0,0,0,0,0,0,0,0,0,0,0,0,0,0,0,0,0,0,0,0,0,0,0,0,0,0,0,0,0,0,0,0,0,0,0,0,0,0,0,0,0,0,0,0,1,0,0,0,0,0,0,0,0,0,0,0,0,0,0,0,0,0,10,0,0,0,0,0,0,0,0,0,0,0,0,0,0,0,0,0,0,0,0,0,0,0,0,0,0,0,0,0,0,0,0,0,0,0,30,0,0,0,0,0,0,0,0,0,403,182,163,0,36,0,27,0,0,0,265,0,0,0,0,0,0,0,0,0,0,0,0,0,0,0,0,0,0,0,0,0,0,0,67,124,200,0,0,0,0,0,0,2,0,0,0,0,0
0,49,0,0,53,137,0,2,0,9,0,386,271,0,79,13,0,0,630,56,102,44,0,3,0,0,381,273,0,0,2,0,0,0,0,328,0,139,0,0,71,316,0,59,0,41,58,183,0,43,25,185,0,0,0,0,0,0,0,0,0,0,0,0,0,11,0,0,0,0,0,0,0,0,0,0,0,0,0,0,0,0,0,0,0,0,0,0,0,0,0,0,0,5,0,0,0,0,0,0,0,0,0,0,0,0,0,0,0,0,0,0,0,0,0,0,0,0,0,0,0,0,0,0,0,0,0,0,0,0,0,0,0,0,0,0,0,0,0,0,0,0,0,0,0,0,0,0,0,0,0,82,0,96,0,0,0,1,0,0,0,0,0,0,0,0,0,0,0,0,0,0,0,0,0,0,59,651,0,55,0,82,0,45,0,58,71,60,0,0,0,0,0,0,0,0,0,0,0,0,0,0,0,0,0,0,0,0,0,40,0,7,0,0,0,0,0,0,86,302,159,0,0,0,0
40,0,109,23,175,475,0,0,30,0,51,307,70,79,0,756,54,0,308,225,247,38,376,45,51,0,256,0,0,0,200,14,161,0,28,0,89,0,0,0,13,0,0,0,21,0,44,0,5,0,8,0,0,0,0,0,0,0,0,0,0,0,41,0,22,0,0,0,0,0,0,0,0,0,0,0,0,0,0,0,0,0,0,0,0,0,0,0,0,0,24,0,0,0,0,0,45,0,0,0,0,0,0,0,0,0,0,0,0,0,0,0,0,0,0,0,0,0,0,0,0,0,0,0,0,0,21,0,0,0,0,0,0,0,225,0,113,0,0,0,0,0,100,0,0,0,52,0,92,0,79,0,48,0,0,0,0,0,0,0,0,0,0,0,0,0,171,0,52,0,0,0,30,0,0,0,147,258,11,5,0,0,80,0,80,0,0,0,0,0,0,0,0,0,0,0,16,0,29,0,113,0,0,0,0,0,0,0,83,0,248,181,200,0,64,0,0,0,0,0,0,0,2,0,0
0,22,65,207,521,222,0,25,1,0,346,91,63,13,756,0,0,146,164,181,170,439,131,233,0,36,0,98,0,89,24,176,0,233,0,116,0,130,0,0,0,0,0,0,0,3,0,0,0,0,0,29,0,25,0,175,0,0,0,0,0,0,0,37,0,13,0,0,0,0,0,0,0,0,0,0,0,0,0,0,0,202,0,0,0,73,0,63,0,0,0,64,0,0,0,81,0,0,0,223,0,108,0,0,0,0,0,355,0,0,0,0,0,0,0,0,0,0,0,0,0,0,0,0,0,0,0,0,0,0,0,0,0,0,0,778,1,229,0,0,0,0,0,270,0,0,0,0,0,0,0,57,0,59,0,13,0,0,0,16,0,0,0,0,0,42,0,108,0,75,0,15,0,100,0,4,63,163,28,53,0,0,0,0,0,37,0,0,0,0,0,0,0,0,0,0,0,0,0,76,0,0,0,0,0,0,0,0,0,121,0,0,0,0,105,0,0,0,404,193,279,37,0,0,0
24,210,47,101,0,6,3,0,3,20,18,12,0,0,54,0,0,49,100,0,145,0,267,45,188,88,157,0,168,0,114,0,129,0,11,0,9,0,218,6,0,0,0,0,0,0,0,0,4,0,0,0,52,0,23,13,22,0,0,0,0,0,258,2,0,0,0,0,0,0,0,0,0,0,16,0,0,0,0,0,0,0,0,0,165,0,55,0,0,0,100,0,0,0,0,0,151,0,329,0,215,0,0,0,23,0,375,0,0,0,0,0,0,0,0,0,0,0,0,0,22,0,22,0,0,0,0,0,0,0,0,0,0,0,0,0,143,0,3,0,47,0,216,0,1,0,0,0,0,0,0,0,1,0,128,0,0,0,41,0,24,0,0,0,0,0,8,0,34,0,0,0,43,0,0,0,16,10,0,0,0,0,26,0,0,0,0,0,0,0,0,0,0,0,0,0,0,0,0,0,74,0,0,0,0,0,0,0,0,0,38,115,53,0,29,0,10,0,0,0,0,0,0,0,0
134,92,111,91,0,29,16,16,0,2,11,0,0,0,0,146,49,0,0,71,0,82,58,214,46,135,0,0,0,250,0,37,0,67,0,14,0,20,0,133,0,2,0,0,0,0,0,0,0,0,0,0,0,51,0,55,0,86,0,6,0,2,0,184,0,0,0,0,0,0,0,0,0,0,0,0,0,0,0,0,0,130,0,0,0,70,0,0,0,0,0,114,0,0,0,78,0,0,0,216,0,138,0,0,0,0,0,259,0,0,0,0,0,0,0,0,0,0,0,0,0,0,0,0,0,0,0,0,0,122,0,0,0,0,0,365,0,212,0,235,0,157,0,486,0,0,0,0,0,0,0,0,0,0,0,77,0,0,0,173,0,9,0,0,0,0,0,0,0,0,0,0,0,25,0,0,0,7,0,5,0,0,3,16,0,0,0,0,0,0,0,0,0,0,0,0,0,0,0,0,0,0,0,0,0,0,0,0,0,0,0,0,0,0,0,0,0,0,29,199,26,0,0,2,0
13,0,0,0,135,265,0,3,0,0,23,0,124,630,308,164,100,0,0,1005,340,148,176,0,0,0,250,478,0,0,57,0,0,0,217,0,22,0,0,0,12,65,22,0,15,16,14,163,4,0,122,31,0,0,0,0,0,0,0,0,0,0,36,0,0,0,0,0,0,0,0,0,0,0,0,0,0,0,0,0,0,0,0,0,0,0,0,0,0,0,0,0,0,0,0,0,0,0,0,0,0,0,0,0,0,0,0,0,0,0,0,0,0,0,0,0,0,0,0,0,0,0,0,0,0,0,0,0,0,0,0,0,4,0,0,0,0,0,0,0,0,0,0,0,0,0,0,0,44,0,0,0,0,0,0,0,0,0,0,0,0,0,0,0,40,0,47,0,21,0,0,0,0,0,0,0,126,163,18,0,0,0,61,0,0,0,0,0,0,0,0,0,0,0,0,0,0,0,0,0,0,0,0,0,0,0,0,0,0,0,89,283,108,0,0,0,0,0,0,0,0,0,0,0,0
0,42,0,58,269,165,0,0,0,0,0,86,491,56,225,181,0,71,1005,0,98,299,0,96,0,0,171,301,0,0,0,69,0,0,0,389,0,59,0,0,26,17,3,82,0,50,9,76,0,24,17,203,0,47,0,35,0,0,0,0,0,0,0,59,0,0,0,0,0,0,0,0,0,0,0,0,0,0,0,0,0,276,0,0,0,0,0,132,0,0,0,0,0,0,0,96,0,46,0,0,0,0,0,0,0,0,0,177,0,0,0,0,0,0,0,0,0,0,0,0,0,0,0,0,0,0,0,0,0,0,0,0,0,0,0,408,0,103,0,0,0,0,0,286,0,0,0,0,0,0,0,155,0,144,0,0,0,0,0,0,0,0,0,0,0,156,0,24,0,0,0,24,0,0,0,0,75,193,0,18,0,0,0,12,0,0,20,23,0,0,0,0,0,0,0,0,0,4,0,0,0,0,0,0,0,0,0,0,0,94,0,0,0,0,47,0,0,0,244,266,268,0,14,0,0
15,35,58,20,229,86,0,0,0,0,109,87,58,102,247,170,145,0,340,98,0,25,325,40,0,0,370,49,80,0,107,0,56,0,94,0,12,3,20,0,0,20,7,0,72,0,25,0,4,0,30,0,22,0,0,0,0,0,0,0,0,0,164,0,0,0,0,0,0,0,37,0,0,0,55,0,0,0,0,0,0,0,0,0,222,0,152,0,0,0,64,0,0,0,0,0,76,0,509,0,327,0,0,0,0,0,0,0,0,0,0,0,0,0,0,0,0,0,0,0,87,0,32,0,0,0,0,0,0,0,0,0,0,0,0,0,0,0,0,0,0,0,141,0,37,0,0,0,0,0,0,0,0,0,18,0,0,0,0,0,6,0,0,0,0,0,63,0,36,0,0,0,0,0,0,0,23,16,67,1,0,0,25,0,0,0,0,0,0,0,0,0,0,0,0,0,0,0,0,0,20,0,0,0,0,0,0,0,0,0,351,626,160,46,57,0,0,0,3,0,0,0,0,0,0
0,0,0,54,45,252,0,0,0,0,0,231,55,44,38,439,0,82,148,299,25,0,8,259,0,0,21,201,0,66,0,102,0,19,0,79,0,10,0,14,4,0,1,58,0,21,0,7,0,0,0,55,0,11,0,0,0,0,0,0,0,0,0,69,0,0,0,0,0,0,0,0,0,0,0,0,0,0,0,0,0,340,0,0,0,125,0,130,0,0,0,54,0,0,0,82,0,0,0,326,0,0,0,0,0,0,0,0,0,0,0,0,0,0,0,0,0,0,0,0,0,61,0,24,0,0,0,0,0,0,0,0,0,0,0,185,0,0,0,0,0,249,0,486,0,49,0,0,0,1,0,0,0,0,0,0,0,0,0,0,0,0,0,0,0,36,0,14,0,0,0,8,0,0,0,0,0,15,0,72,0,0,0,0,0,0,0,8,0,0,0,0,0,0,0,0,0,0,0,0,0,0,0,0,0,0,0,0,0,0,0,0,0,0,35,0,0,0,262,345,114,0,0,0,0
7,390,134,155,38,74,25,0,0,0,0,122,0,0,376,131,267,58,176,0,325,8,0,152,158,92,181,0,172,0,105,0,263,7,0,0,69,6,395,0,0,0,0,0,28,0,0,0,0,0,0,0,20,0,77,0,0,0,0,0,0,0,154,0,12,0,0,0,0,0,0,0,0,0,0,0,0,0,0,0,0,0,0,0,0,0,0,0,0,0,78,0,0,0,0,0,117,0,0,0,0,0,0,0,0,0,199,0,0,0,0,0,0,0,0,0,0,0,0,0,0,0,0,0,24,0,0,0,0,0,0,0,21,0,314,0,335,0,0,0,0,0,237,0,0,0,46,0,53,0,38,0,18,0,84,0,0,0,0,0,0,0,0,0,0,0,145,0,59,0,0,0,235,0,0,0,65,65,0,0,0,0,5,1,20,0,0,0,0,0,0,0,0,0,0,0,0,0,44,0,201,0,0,0,0,0,0,0,65,0,565,113,280,117,196,0,0,0,8,0,0,0,0,0,0
90,50,107,128,99,99,0,15,0,0,185,119,0,3,45,233,45,214,0,96,40,259,152,0,0,51,0,18,0,197,0,78,11,204,0,26,0,69,5,205,0,3,0,0,0,0,0,0,0,0,0,0,0,6,0,44,0,12,0,0,0,0,0,23,0,0,0,0,0,0,0,0,0,0,0,1,0,0,0,0,0,111,0,0,0,39,0,0,0,0,0,63,0,0,0,56,0,32,0,151,0,77,0,0,0,0,0,175,0,0,0,0,0,0,0,0,0,0,0,0,0,0,0,2,0,0,0,0,0,0,0,0,0,0,0,240,0,0,0,36,0,25,0,193,0,8,0,0,0,0,0,0,0,0,0,8,0,0,0,0,0,5,0,0,0,0,0,17,0,22,0,0,0,80,0,0,17,41,0,48,0,0,0,0,0,0,0,0,0,0,0,0,0,0,0,0,0,0,0,0,0,0,0,0,0,0,0,0,0,9,0,0,0,0,82,0,0,0,164,180,147,20,0,0,0
4,214,140,0,13,0,217,158,0,228,0,0,0,0,51,0,188,46,0,0,0,0,158,0,0,148,21,0,95,1,0,0,0,0,4,0,12,0,292,11,0,0,0,0,0,0,0,0,17,0,0,0,70,5,315,67,60,0,0,0,147,0,515,23,3,0,0,0,0,0,0,0,0,0,7,0,0,0,0,0,0,0,0,0,0,0,0,0,0,0,0,0,0,0,0,0,0,0,0,0,0,0,0,0,0,0,0,0,0,0,0,0,0,0,0,0,0,0,0,0,0,0,0,0,9,0,24,0,0,0,12,0,14,0,262,0,232,0,0,0,0,0,239,0,0,0,6,0,13,0,11,0,0,0,64,0,0,0,27,0,34,0,0,0,0,0,0,0,21,0,47,0,225,0,0,0,12,29,0,0,0,0,1,4,4,0,0,0,0,0,0,0,0,0,0,0,0,0,0,0,103,0,0,0,0,0,10,0,67,0,445,91,239,224,232,0,43,0,0,0,0,0,0,0,0
297,10,229,38,0,17,85,39,62,0,0,2,0,0,0,36,88,135,0,0,0,0,92,51,148,0,0,4,0,210,0,0,0,60,0,0,0,128,0,584,0,1,0,2,0,0,1,0,0,0,0,0,0,12,0,254,0,42,0,0,0,71,15,105,0,0,0,0,0,0,0,0,0,0,0,0,0,0,0,0,0,0,0,0,0,0,0,0,0,0,1,36,0,0,0,0,0,0,0,0,0,36,0,0,0,0,0,173,0,0,0,0,0,0,0,0,0,0,0,0,0,0,0,1,0,0,0,0,0,33,0,7,0,7,0,482,0,129,0,38,0,28,0,122,0,0,0,0,1,0,0,0,2,0,0,30,0,0,0,30,0,0,0,0,0,0,0,0,0,24,0,8,0,144,0,0,34,13,0,0,3,0,0,1,0,0,0,0,0,0,0,0,0,0,0,0,0,0,0,0,0,0,0,0,0,0,0,0,0,9,3,0,0,0,238,0,0,0,311,107,203,148,11,0,0
50,0,79,0,280,0,0,0,0,0,157,14,273,381,256,0,157,0,250,171,370,21,181,0,21,0,0,554,32,0,35,0,12,0,88,0,137,0,10,0,46,250,179,73,279,108,170,616,39,39,214,0,18,0,0,0,0,0,0,0,22,0,118,0,0,0,0,0,0,0,90,0,0,0,168,0,0,0,0,0,447,0,0,0,0,0,0,0,0,0,0,0,0,0,0,0,0,0,797,0,582,0,0,0,0,0,0,0,0,0,0,0,0,0,0,0,0,0,0,0,137,0,0,0,0,0,0,0,0,0,0,0,0,0,0,0,0,0,0,0,0,0,0,0,88,0,0,0,0,0,0,0,0,0,0,0,0,0,0,0,0,0,31,0,56,0,19,0,0,0,0,0,0,0,0,0,59,106,54,0,0,0,75,0,0,0,77,0,0,0,0,0,0,0,0,0,0,0,0,0,0,0,0,0,0,0,0,0,0,0,0,386,277,0,0,0,0,21,0,11,0,0,0,0,0
0,78,0,0,0,150,0,5,0,29,0,277,368,273,0,98,0,0,478,301,49,201,0,18,0,4,554,0,0,24,0,84,0,32,0,130,0,135,0,8,179,78,0,212,0,354,103,190,0,96,0,245,0,33,0,19,0,0,0,0,0,0,0,0,0,35,0,0,0,0,0,0,0,0,0,12,0,0,0,0,0,0,0,0,0,111,0,0,0,0,0,0,0,0,0,0,0,0,0,0,0,0,0,0,0,0,0,0,0,0,0,0,0,0,0,0,0,0,0,0,0,0,0,0,0,0,0,0,0,0,0,0,0,0,0,258,0,0,0,0,0,369,0,0,0,0,0,0,0,0,0,0,0,181,0,0,0,0,0,0,0,0,0,0,0,80,0,13,0,36,0,0,0,15,0,0,29,202,0,25,0,82,0,20,0,109,79,10,0,0,0,0,0,0,0,4,0,0,0,0,0,0,0,0,0,0,0,28,0,61,0,7,0,0,31,0,0,0,78,540,317,35,15,0,0
51,0,73,0,0,0,0,0,2,0,30,0,0,0,0,0,168,0,0,0,80,0,172,0,95,0,32,0,0,0,23,0,6,0,35,0,25,0,4,0,0,0,0,0,4,0,0,0,0,0,21,0,17,0,9,0,0,0,0,0,0,0,52,0,0,0,0,0,0,0,8,0,0,0,32,0,0,0,0,0,0,0,0,0,117,0,74,0,0,0,0,0,0,0,90,0,0,0,270,0,109,0,0,0,0,0,87,0,0,0,0,0,0,0,0,0,0,0,0,0,56,0,25,0,0,0,0,0,0,0,0,0,0,0,0,0,37,0,19,0,26,0,58,0,7,0,0,0,0,0,0,0,0,0,0,0,0,0,11,0,0,0,0,0,0,0,0,0,0,0,0,0,0,0,0,0,10,0,0,0,0,0,12,0,0,0,0,0,0,0,0,0,0,0,0,0,0,0,0,0,0,0,0,0,0,0,0,0,0,0,8,33,0,0,0,0,0,0,0,0,0,0,0,0,0
0,224,0,175,0,87,0,24,0,0,0,0,0,0,0,89,0,250,0,0,0,66,0,197,1,210,0,24,0,0,0,33,0,34,0,47,0,30,0,38,0,0,0,13,0,6,0,0,0,0,0,21,0,20,0,46,0,10,0,1,0,3,0,93,0,0,0,0,0,0,0,0,0,0,0,0,0,0,0,0,0,0,0,0,0,34,0,25,0,0,0,0,0,0,0,0,0,0,0,0,0,0,0,0,0,0,0,0,0,0,0,0,0,0,0,0,0,0,0,0,0,0,0,0,0,0,0,0,0,22,0,0,0,0,0,86,0,79,0,303,0,203,0,303,0,45,0,0,0,0,0,0,0,0,0,44,0,1,0,139,0,0,0,0,0,0,0,0,0,0,0,0,0,0,0,0,0,0,0,51,0,0,0,11,0,0,0,0,0,0,0,0,0,0,0,0,0,0,0,0,0,0,0,0,0,0,0,0,0,0,0,0,0,0,0,0,0,0,36,88,16,0,0,0,0
12,0,54,0,174,0,0,0,0,0,163,16,0,2,200,24,114,0,57,0,107,0,105,0,0,0,35,0,23,0,0,0,5,0,16,0,23,0,15,0,0,0,18,0,0,0,0,0,0,0,30,0,9,0,0,0,0,0,0,0,4,0,57,0,0,0,0,0,0,0,0,0,0,0,48,0,0,0,0,0,153,0,0,0,165,0,97,0,0,0,45,0,0,0,0,0,0,0,385,0,259,0,0,0,0,0,0,0,0,0,0,0,0,0,0,0,0,0,0,0,74,0,0,0,0,0,0,0,0,0,0,0,0,0,0,0,33,0,0,0,34,0,0,0,7,0,0,0,0,0,0,0,0,0,0,0,0,0,13,0,0,0,0,0,0,0,79,0,34,0,0,0,0,0,0,0,0,0,108,0,0,0,0,0,0,0,0,0,0,0,0,0,0,0,0,0,0,0,0,0,0,0,0,0,0,0,0,0,0,0,191,248,86,18,27,0,0,0,0,0,0,0,0,0,0
0,0,0,0,0,189,0,0,0,0,0,211,0,0,14,176,0,37,0,69,0,102,0,78,0,0,0,84,0,33,0,0,0,9,0,29,0,8,0,11,0,0,0,36,0,6,0,0,0,0,0,32,0,0,0,0,0,0,0,0,0,0,0,10,0,0,0,0,0,0,0,0,0,0,0,0,0,0,0,0,0,0,0,0,0,21,0,0,0,0,0,0,0,0,0,13,0,0,0,0,0,0,0,0,0,0,0,0,0,0,0,0,0,0,0,0,0,0,0,0,0,5,0,0,0,0,0,0,0,0,0,0,0,0,0,0,0,0,0,92,0,129,0,102,0,26,0,0,0,0,0,0,0,0,0,0,0,1,0,32,0,0,0,0,0,0,0,56,0,26,0,3,0,18,0,0,0,0,0,81,0,0,0,0,0,0,0,3,0,0,0,0,0,0,0,0,0,0,0,0,0,0,0,0,0,0,0,0,0,0,1,0,0,0,0,0,0,0,131,74,81,0,0,0,0
55,0,0,0,302,18,0,0,0,0,248,0,0,0,161,0,129,0,0,0,56,0,263,11,0,0,12,0,6,0,5,0,0,0,10,0,169,0,1,0,0,0,10,0,8,0,0,0,0,0,13,0,11,0,0,0,0,0,0,0,7,0,24,0,0,0,0,0,0,0,12,0,0,0,32,0,0,0,0,0,110,0,0,0,0,0,0,0,0,0,0,0,0,0,0,0,0,0,214,0,128,0,0,0,0,0,0,0,0,0,0,0,0,0,0,0,0,0,0,0,40,0,0,0,0,0,0,0,0,0,0,0,0,0,0,0,0,0,24,0,0,0,0,0,24,0,0,0,0,0,0,0,0,0,0,0,11,0,7,0,6,0,7,0,0,0,45,0,16,0,4,0,25,0,0,0,0,0,197,0,0,0,0,0,0,0,0,0,0,0,0,0,0,0,0,0,0,0,0,0,0,0,0,0,0,0,0,0,0,0,140,247,86,0,21,0,0,0,5,0,0,0,0,0,0
0,285,0,253,0,494,0,0,0,0,0,432,0,0,0,233,0,67,0,0,0,19,7,204,0,60,0,32,0,34,0,9,0,0,0,43,0,116,0,2,0,0,0,22,0,0,0,0,0,0,0,24,0,5,0,0,0,0,0,0,0,6,1,17,0,0,0,0,0,0,0,0,0,0,0,0,0,0,0,0,0,0,0,0,0,26,0,0,0,0,0,0,0,0,0,0,0,0,0,0,0,0,0,0,0,0,0,0,0,0,0,0,0,0,0,0,0,0,0,0,0,0,0,7,0,0,0,0,0,0,0,0,0,0,0,0,0,0,0,148,0,205,0,160,0,47,0,0,0,0,0,0,0,0,0,5,0,5,0,0,0,0,0,0,0,6,0,64,0,0,0,0,0,44,0,0,0,0,0,217,0,0,0,0,0,0,0,0,0,0,0,0,0,0,0,0,0,0,0,0,0,0,0,0,0,0,0,0,0,0,0,0,0,0,25,0,0,0,56,158,84,5,0,0,0
0,0,0,0,135,0,1,0,0,0,30,0,218,0,28,0,11,0,217,0,94,0,0,0,4,0,88,0,35,0,16,0,10,0,0,0,147,0,12,0,0,0,2,0,2,0,0,0,3,0,40,0,0,0,0,0,0,0,0,0,0,0,15,0,0,0,0,0,0,0,25,0,0,0,37,0,0,0,0,0,97,0,0,0,0,0,55,0,0,0,0,0,0,0,0,0,0,0,198,0,166,0,0,0,0,0,0,0,0,0,0,0,0,0,0,0,0,0,0,0,32,0,0,0,0,0,0,0,0,0,0,0,0,0,0,0,21,0,0,0,0,0,0,0,18,0,0,0,0,0,0,0,0,0,0,0,0,0,0,0,0,0,0,0,56,0,71,0,36,0,3,0,0,0,0,0,23,8,46,0,0,0,12,0,0,0,0,0,0,0,0,0,0,0,0,0,0,0,0,0,0,0,0,0,0,0,0,0,0,0,150,299,189,23,19,0,1,0,0,0,0,0,0,0,0
0,0,0,0,0,286,0,0,0,0,0,220,0,328,0,116,0,14,0,389,0,79,0,26,0,0,0,130,0,47,0,29,0,43,0,0,0,239,0,10,0,0,0,60,0,15,0,4,0,0,0,85,0,0,0,0,0,0,0,0,0,0,0,11,0,0,0,0,0,0,0,0,0,0,0,0,0,0,0,0,0,0,0,0,0,0,0,0,0,0,0,0,0,0,0,0,0,0,0,0,0,0,0,0,0,0,0,0,0,0,0,0,0,0,0,0,0,0,0,0,0,0,0,0,0,0,0,0,0,0,0,0,0,0,0,0,0,0,0,200,0,211,0,131,0,68,0,0,0,0,0,0,0,0,0,12,0,0,0,0,0,0,0,0,0,85,0,117,0,28,0,0,0,25,0,0,0,0,0,104,0,0,0,0,0,0,0,51,0,0,0,0,0,0,0,0,0,0,0,0,0,0,0,0,0,0,0,0,0,0,0,0,0,0,43,0,0,0,171,246,230,18,0,0,0
23,0,0,0,214,0,0,0,0,0,156,0,59,0,89,0,9,0,22,0,12,0,69,0,12,0,137,0,25,0,23,0,169,0,147,0,0,0,50,0,2,0,39,0,45,0,0,0,0,0,60,0,11,0,0,0,0,0,0,0,17,0,16,0,0,0,0,0,0,0,57,0,0,0,68,0,0,0,0,0,133,0,0,0,83,0,97,0,0,0,0,0,0,0,0,0,0,0,204,0,157,0,0,0,0,0,0,0,0,0,0,0,0,0,0,0,0,0,0,0,0,0,11,0,0,0,0,0,0,0,0,0,0,0,0,0,0,0,58,0,46,0,36,0,75,0,0,0,0,0,0,0,0,0,0,0,27,0,0,0,0,0,32,0,25,0,53,0,38,0,16,0,28,0,0,0,22,0,105,0,0,0,19,0,0,0,0,0,0,0,0,0,0,0,0,0,0,0,0,0,0,0,0,0,0,0,0,0,0,0,51,101,122,0,9,0,0,1,3,0,0,0,0,0,0
0,498,0,262,0,285,0,0,0,7,0,278,0,139,0,130,0,20,0,59,3,10,6,69,0,128,0,135,0,30,0,8,0,116,0,239,0,0,0,116,0,0,0,73,0,29,0,0,0,0,0,70,0,7,0,0,0,0,0,0,0,24,0,12,0,0,0,0,0,0,0,4,0,0,0,0,0,0,0,0,0,0,0,0,0,0,0,0,0,0,0,0,0,0,0,6,0,0,0,0,0,0,0,0,0,0,0,0,0,0,0,0,0,0,0,0,0,0,0,0,0,0,0,3,0,0,0,0,0,0,0,0,0,0,0,0,0,0,0,191,0,259,0,75,0,113,0,0,0,0,0,0,0,0,0,6,0,0,0,42,0,0,0,0,0,60,0,57,0,35,0,11,0,97,0,0,0,47,0,149,0,0,0,40,0,0,0,38,0,0,0,0,0,0,0,0,0,0,0,0,0,0,0,0,0,0,0,0,0,0,0,0,0,0,9,0,0,0,32,211,107,14,3,0,0
324,0,468,0,45,0,0,0,15,0,55,0,0,0,0,0,218,0,0,0,20,0,395,5,292,0,10,0,4,0,15,0,1,0,12,0,50,0,0,0,0,0,0,0,2,0,0,0,0,0,6,0,38,0,0,0,0,0,0,0,11,0,40,0,0,0,0,0,0,0,14,0,0,0,34,0,0,0,0,0,94,0,0,0,0,0,54,0,0,0,0,0,0,0,0,0,0,0,129,0,0,0,0,0,0,0,0,0,0,0,0,0,0,0,0,0,0,0,0,0,45,0,23,0,0,0,0,0,0,0,0,0,0,0,0,0,53,0,41,0,51,0,54,0,41,0,0,0,0,0,0,0,0,0,0,0,13,0,16,0,0,0,8,0,0,0,54,0,0,0,3,0,68,0,0,0,51,0,14,0,0,0,137,0,0,0,0,0,0,0,0,0,0,0,0,0,0,0,0,0,0,0,0,0,0,0,0,0,0,0,33,174,20,0,0,0,0,0,0,0,0,0,0,0,0
0,660,8,429,0,0,0,283,0,0,0,0,0,0,0,0,6,133,0,0,0,14,0,205,11,584,0,8,0,38,0,11,0,2,0,10,0,116,0,0,0,0,0,13,0,0,0,0,0,0,0,0,0,5,0,17,0,0,0,0,0,11,0,45,0,0,0,0,0,0,0,0,0,0,0,0,0,0,0,0,0,0,0,0,0,0,0,0,0,0,0,0,0,0,0,0,0,0,0,0,0,0,0,0,0,0,0,0,0,0,0,0,0,0,0,0,0,0,0,0,0,0,0,0,0,0,0,0,0,0,0,2,0,0,0,9,0,0,0,62,0,29,0,20,0,40,0,0,0,0,0,0,0,0,0,8,0,9,0,43,0,0,0,0,0,0,0,12,0,0,0,1,0,24,0,0,0,0,0,49,0,0,0,69,0,0,0,0,0,0,0,0,0,0,0,0,0,0,0,0,0,0,0,0,0,0,0,0,0,0,0,0,0,0,0,0,0,0,10,113,13,12,0,0,0
14,0,12,0,46,0,0,0,0,0,129,0,121,71,13,0,0,0,12,26,0,4,0,0,0,0,46,179,0,0,0,0,0,0,0,0,2,0,0,0,0,88,94,28,24,67,133,330,51,33,79,0,0,0,0,0,0,0,0,0,0,0,0,0,5,0,0,0,0,0,0,0,0,0,0,0,0,0,1,0,0,0,0,0,0,0,0,0,0,0,0,0,0,0,0,0,0,0,0,0,0,0,0,0,0,0,0,0,0,0,0,0,0,0,0,0,0,0,0,0,0,0,0,0,0,0,0,0,0,0,0,0,0,0,0,0,0,0,0,0,0,0,0,0,0,0,0,0,0,0,0,0,0,0,0,0,0,0,0,0,0,0,0,0,0,0,0,0,0,0,0,0,0,0,0,0,54,65,45,0,0,0,19,0,0,0,156,0,0,0,0,0,0,0,0,0,0,0,0,0,0,0,0,0,0,0,0,0,0,0,0,164,39,0,0,0,0,9,0,17,2,0,0,0,0
0,14,0,3,0,18,0,2,0,0,0,169,49,316,0,0,0,2,65,17,20,0,0,3,0,1,250,78,0,0,0,0,0,0,0,0,0,0,0,0,88,0,0,18,31,20,143,143,6,100,0,3,0,0,0,0,0,0,0,0,0,0,0,0,0,0,0,0,0,0,0,0,0,0,0,0,0,0,0,0,0,0,0,0,0,0,0,0,0,0,0,0,0,0,0,0,0,0,0,0,0,0,0,0,0,0,0,0,0,0,0,0,0,0,0,0,0,0,0,0,0,0,0,0,0,0,0,0,0,0,0,0,0,0,0,0,0,0,0,0,0,0,0,0,0,0,0,0,0,0,0,0,0,0,0,0,0,0,0,0,0,0,0,0,0,15,0,0,0,0,0,0,0,0,0,0,0,263,0,35,0,60,0,14,0,0,53,4,0,0,0,0,0,0,0,0,0,0,0,0,0,0,0,0,0,1,0,0,0,0,0,8,0,0,0,0,0,0,33,107,13,0,0,0,16
0,0,0,0,0,0,0,0,0,0,0,0,152,0,0,0,0,0,22,3,7,1,0,0,0,0,179,0,0,0,18,0,10,0,2,0,39,0,0,0,94,0,0,0,77,0,49,45,17,4,49,0,0,0,0,0,0,0,4,0,0,0,0,0,0,0,0,0,1,0,27,0,0,0,33,0,0,0,0,0,34,0,0,0,22,0,0,0,0,0,8,0,0,0,0,0,0,0,62,0,52,0,0,0,0,0,21,0,0,0,0,0,0,0,0,0,0,0,0,0,0,0,0,0,0,0,0,0,0,0,0,0,0,0,0,0,0,0,0,0,0,0,0,0,0,0,0,0,0,0,0,0,0,0,2,0,0,0,0,0,0,0,0,0,43,0,25,0,2,0,19,0,8,0,0,0,6,7,7,0,0,0,0,0,0,0,162,0,0,0,0,0,0,0,0,0,0,0,0,0,0,0,0,0,0,0,0,0,0,0,48,105,68,11,18,0,0,6,0,0,0,0,0,0,0
0,0,0,0,0,0,0,0,0,0,0,0,0,59,0,0,0,0,0,82,0,58,0,0,0,2,73,212,0,13,0,36,0,22,0,60,0,73,0,13,28,18,0,0,0,224,22,77,0,77,0,98,0,0,0,6,0,22,0,0,0,4,0,0,0,0,0,0,0,0,0,32,0,0,0,25,0,0,0,0,0,216,0,0,0,60,0,72,0,0,0,0,0,0,0,32,0,0,0,0,0,0,0,0,0,0,0,0,0,0,0,0,0,0,0,0,0,0,0,0,0,51,0,15,0,0,0,0,0,0,0,0,0,0,0,0,0,0,0,71,0,131,0,143,0,85,0,0,0,0,0,0,0,0,0,0,0,0,0,0,0,0,0,8,0,64,0,21,0,29,0,0,0,11,0,0,0,25,0,0,0,0,0,0,0,0,12,49,0,0,0,0,0,0,0,0,0,0,0,0,0,0,0,0,0,0,0,0,0,0,0,0,0,0,0,0,0,0,49,178,198,0,0,0,0
0,0,0,0,20,0,0,0,0,0,0,0,17,0,21,0,0,0,15,0,72,0,28,0,0,0,279,0,4,0,0,0,8,0,2,0,45,0,2,0,24,31,77,0,0,26,208,115,172,57,47,0,0,0,6,0,0,0,0,0,6,0,45,0,0,0,1,0,0,0,41,0,0,0,72,0,0,0,0,0,0,0,0,0,0,0,0,0,0,0,0,0,0,0,140,0,31,0,280,0,230,0,0,0,0,0,107,0,0,0,0,0,0,0,0,0,0,0,0,0,0,0,0,0,0,0,0,0,0,0,0,0,0,0,0,0,0,0,0,0,0,0,0,0,0,0,0,0,0,0,0,0,0,0,7,0,0,0,0,0,0,0,0,0,104,0,22,0,43,0,21,0,14,0,0,0,21,27,12,0,0,0,7,0,0,0,80,0,0,0,0,0,0,0,0,0,0,0,0,0,6,0,0,0,0,0,0,0,0,0,55,189,189,17,16,0,0,120,0,13,0,0,0,0,0
0,0,0,0,0,19,0,0,0,0,0,27,29,41,0,3,0,0,16,50,0,21,0,0,0,0,108,354,0,6,0,6,0,0,0,15,0,29,0,0,67,20,0,224,26,0,100,169,0,193,14,78,0,0,0,11,0,12,0,0,0,0,0,3,0,0,0,0,0,6,0,11,0,0,0,0,0,5,0,0,0,116,0,34,0,31,0,0,0,22,0,0,0,16,0,34,0,0,0,52,0,0,0,0,0,0,0,14,0,0,0,0,0,0,0,0,0,1,0,1,0,36,0,7,0,2,0,1,0,0,0,0,0,0,0,60,0,0,0,0,0,65,0,54,0,39,0,0,0,0,0,0,0,0,0,0,0,4,0,0,0,0,0,0,0,193,0,13,0,65,0,23,0,6,0,0,0,50,0,6,0,0,0,0,0,0,27,2,0,0,0,0,0,0,0,0,0,0,0,0,0,17,0,6,0,0,0,0,0,0,0,12,0,0,13,0,0,0,44,198,159,7,0,0,48
26,0,22,0,94,0,0,0,0,0,70,2,149,58,44,0,0,0,14,9,25,0,0,0,0,1,170,103,0,0,0,0,0,0,0,0,0,0,0,0,133,143,49,22,208,100,0,410,126,152,27,0,3,0,0,0,0,0,0,0,0,0,27,0,0,0,0,0,0,0,0,0,0,0,0,0,0,0,0,0,0,0,0,0,0,0,0,0,0,0,16,0,0,0,0,0,0,0,0,0,0,0,5,0,0,0,0,0,0,0,0,0,0,0,0,0,0,0,0,0,0,0,0,0,0,0,0,0,1,0,0,0,0,0,0,0,0,0,0,0,0,0,0,0,0,0,0,0,0,0,0,0,16,0,0,0,0,0,0,0,0,0,0,0,22,0,0,0,0,0,0,0,0,0,0,0,0,104,31,0,0,0,23,0,0,0,134,0,0,0,0,0,0,0,0,0,0,0,0,0,0,0,0,0,0,0,0,0,0,0,0,489,84,0,0,0,0,68,0,32,0,0,0,0,0
0,26,0,0,0,58,0,0,0,15,0,131,177,183,0,0,0,0,163,76,0,7,0,0,0,0,616,190,0,0,0,0,0,0,0,4,0,0,0,0,330,143,45,77,115,169,410,0,14,161,42,31,0,9,0,0,0,0,0,0,0,0,0,0,0,0,0,0,0,0,0,0,0,0,0,0,0,0,0,0,0,0,0,0,0,0,0,0,0,0,0,0,0,10,0,0,0,0,0,0,0,0,0,0,0,0,0,0,0,0,0,0,0,0,0,0,0,0,0,0,0,0,0,0,0,0,0,0,0,0,0,3,0,0,0,0,0,0,0,0,0,0,0,0,0,0,0,0,0,0,0,0,0,0,0,1,0,0,0,0,0,0,0,0,0,0,0,0,0,0,0,0,0,0,0,0,0,135,0,5,0,0,0,0,0,0,155,3,0,0,0,0,0,0,0,0,0,0,0,0,0,0,0,0,0,6,0,0,0,0,0,39,0,0,0,0,0,0,0,651,97,0,4,0,40
10,0,9,0,6,0,49,0,11,0,14,0,72,0,5,0,4,0,4,0,4,0,0,0,17,0,39,0,0,0,0,0,0,0,3,0,0,0,0,0,51,6,17,0,172,0,126,14,0,19,10,0,0,0,19,0,0,0,0,0,8,0,7,0,0,0,0,0,11,0,0,0,1,0,12,0,0,0,4,0,0,0,11,0,9,0,6,0,14,0,0,0,23,0,19,0,0,0,0,0,15,0,12,0,3,0,0,0,0,0,0,0,0,0,0,0,0,0,3,0,0,0,0,0,0,0,0,0,0,0,9,0,0,0,9,0,0,0,0,0,0,0,0,0,2,0,0,0,0,0,20,0,0,0,5,0,0,0,0,0,26,0,2,0,19,0,5,0,20,0,5,0,22,0,0,0,76,8,19,0,30,0,10,0,6,0,118,0,16,0,0,0,29,0,7,0,15,0,15,0,0,0,0,0,0,0,21,0,17,0,96,125,265,24,121,17,8,5,0,4,8,1,0,0,0
0,0,0,0,0,0,0,0,0,0,0,0,0,43,0,0,0,0,0,24,0,0,0,0,0,0,39,96,0,0,0,0,0,0,0,0,0,0,0,0,33,100,4,77,57,193,152,161,19,0,0,3,0,0,0,0,0,0,0,0,0,0,0,0,0,7,0,0,0,0,0,0,0,0,0,0,0,0,0,0,0,127,0,26,0,39,0,72,0,13,0,0,0,0,0,30,0,2,0,85,0,18,0,9,0,0,0,0,0,0,0,0,0,0,0,0,0,0,0,0,0,34,0,9,0,12,0,4,0,0,0,0,0,0,0,19,0,0,0,0,0,0,0,58,0,12,0,3,0,0,0,50,0,66,0,0,0,0,0,0,0,0,0,0,0,37,0,0,0,18,0,3,0,4,0,34,0,149,0,17,0,68,0,0,0,26,49,9,0,5,0,0,0,0,0,3,0,8,0,2,0,0,0,5,0,0,0,0,0,0,0,21,0,0,21,0,0,0,29,32,38,18,0,0,5
0,0,0,0,36,2,0,0,0,0,0,0,516,25,8,0,0,0,122,17,30,0,0,0,0,0,214,0,21,0,30,0,13,0,40,0,60,0,6,0,79,0,49,0,47,14,27,42,10,0,0,0,0,0,0,0,14,0,0,0,5,0,13,0,0,0,0,0,6,0,45,0,0,0,43,0,0,0,0,0,70,0,0,0,34,0,55,0,0,0,0,0,0,0,88,0,10,0,116,0,108,0,0,0,0,0,45,0,1,0,0,0,0,0,0,0,0,0,0,0,29,0,0,0,0,0,0,0,0,0,0,0,0,0,0,0,0,0,0,0,0,0,0,0,6,0,0,0,0,0,0,0,0,0,0,0,4,0,0,0,11,0,22,0,76,0,42,0,77,0,27,0,15,0,0,0,0,6,19,0,0,0,5,0,0,0,79,0,0,0,0,0,0,0,0,0,0,0,0,0,0,0,0,0,0,0,0,0,0,0,72,150,191,31,28,0,0,0,0,0,0,0,0,0,0
0,0,0,0,0,33,0,0,0,0,0,0,0,185,0,29,0,0,31,203,0,55,0,0,0,0,0,245,0,21,0,32,0,24,0,85,0,70,0,0,0,3,0,98,0,78,0,31,0,3,0,0,0,3,0,0,0,0,0,0,0,0,0,8,0,0,0,0,0,5,0,30,0,0,0,24,0,0,0,6,0,188,0,0,0,0,0,77,0,0,0,11,0,15,0,0,0,0,0,0,0,0,0,0,0,0,0,0,0,0,0,0,0,0,0,0,0,0,0,0,0,56,0,17,0,0,0,0,0,0,0,0,0,0,0,0,0,0,0,0,0,163,0,141,0,126,0,0,0,0,0,0,0,0,0,0,0,0,0,0,0,0,0,0,0,89,0,23,0,69,0,54,0,30,0,0,0,0,0,0,0,0,0,0,0,0,3,29,0,4,0,0,0,0,0,0,0,0,0,0,0,0,0,0,0,0,0,0,0,0,0,0,0,0,0,0,0,0,73,164,147,0,13,0,0
0,0,23,0,2,0,223,14,229,98,0,0,0,0,0,0,52,0,0,0,22,0,20,0,70,0,18,0,17,0,9,0,11,0,0,0,11,0,38,0,0,0,0,0,0,0,3,0,0,0,0,0,0,19,205,42,127,12,53,28,163,1,113,8,0,0,0,35,0,0,0,0,2,0,0,0,0,0,0,0,0,0,0,0,130,0,0,0,0,0,28,0,0,0,0,0,55,0,211,0,96,0,0,0,0,0,0,0,0,0,0,0,0,0,0,0,0,0,0,0,0,0,37,0,0,0,0,0,72,0,21,0,31,0,0,0,295,0,142,0,157,0,249,0,29,0,0,1,0,0,0,0,0,0,516,0,78,0,200,0,40,0,0,0,0,0,0,0,7,0,126,0,5,0,0,0,0,2,0,0,0,0,76,0,8,2,0,0,0,0,0,0,0,0,0,0,0,0,0,0,26,0,0,0,0,0,0,0,13,0,70,108,108,76,36,0,28,0,0,0,0,0,0,0,0
0,0,0,12,0,20,48,15,65,70,0,0,0,0,0,25,0,51,0,47,0,11,0,6,5,12,0,33,0,20,0,0,0,5,0,0,0,7,0,5,0,0,0,0,0,0,0,9,0,0,0,3,19,0,36,125,9,115,33,44,0,108,3,144,0,0,27,29,0,0,0,0,0,0,0,0,0,0,0,0,0,0,0,0,0,0,0,0,0,0,0,0,0,0,0,0,0,0,0,0,0,0,0,3,0,0,0,15,0,0,0,0,0,0,0,0,0,0,0,0,0,0,0,0,0,14,0,0,0,36,0,7,0,13,0,47,0,47,0,77,0,8,0,34,0,1,0,0,0,0,0,0,0,0,0,96,0,35,0,158,0,2,0,0,0,0,0,0,0,0,0,11,0,1,0,0,4,10,0,1,0,0,0,5,3,0,0,0,0,0,0,0,0,0,0,0,0,0,0,0,0,0,0,0,0,0,0,0,0,3,0,0,0,0,9,0,0,0,28,199,15,23,0,0,0
7,7,42,0,0,0,265,27,19,204,0,0,0,0,0,0,23,0,0,0,0,0,77,0,315,0,0,0,9,0,0,0,0,0,0,0,0,0,0,0,0,0,0,0,6,0,0,0,19,0,0,0,205,36,0,102,84,0,33,28,97,0,23,15,27,0,65,55,3,0,0,0,0,0,0,0,0,0,0,0,0,0,0,0,0,0,0,0,0,0,0,0,0,0,0,0,0,0,0,0,0,0,0,0,0,0,0,0,0,0,0,0,0,0,0,0,0,0,0,0,0,0,0,0,0,3,18,0,57,0,64,0,0,0,101,0,209,0,6,0,0,0,82,0,0,0,0,0,0,0,0,0,0,0,85,1,33,0,19,0,80,0,0,0,0,0,0,0,23,0,245,0,0,0,0,0,0,7,0,0,2,0,0,0,5,4,0,0,0,0,0,0,0,0,0,0,0,0,0,0,30,0,0,0,0,0,0,0,0,0,300,84,270,300,184,0,106,0,0,0,0,0,0,0,0
51,43,0,119,0,47,234,276,294,204,0,0,0,0,0,175,13,55,0,35,0,0,0,44,67,254,0,19,0,46,0,0,0,0,0,0,0,0,0,17,0,0,0,6,0,11,0,0,0,0,0,0,42,125,102,0,9,232,25,65,0,120,45,170,0,24,17,143,0,0,0,0,0,0,0,0,0,0,0,0,0,0,0,0,0,0,0,0,0,0,0,0,0,0,0,0,0,0,0,0,0,0,0,0,0,0,0,0,0,0,0,0,0,0,0,0,0,0,0,0,0,0,0,0,0,29,0,9,0,50,0,106,0,34,0,399,0,292,0,54,0,19,0,62,0,0,0,6,0,10,0,0,0,0,0,115,0,15,0,50,0,37,0,0,0,7,0,0,0,24,0,292,0,55,0,0,19,15,0,0,0,0,0,6,0,1,0,0,0,0,0,0,0,0,0,0,0,0,0,0,0,43,0,0,0,0,0,0,0,65,0,0,0,0,280,0,0,0,430,331,382,514,75,102,0
0,0,0,0,0,0,25,0,4,9,0,0,0,0,0,0,22,0,0,0,0,0,0,0,60,0,0,0,0,0,0,0,0,0,0,0,0,0,0,0,0,0,0,0,0,0,0,0,0,0,14,0,127,9,84,9,0,7,48,27,0,0,17,0,22,20,12,41,5,0,0,0,0,0,0,0,0,0,0,0,0,0,0,0,0,0,0,0,0,0,3,0,7,0,0,0,0,0,0,0,0,0,0,0,0,0,0,0,0,0,0,0,0,0,0,0,0,0,0,0,0,0,0,0,3,0,4,0,51,0,65,0,12,0,20,0,35,0,10,0,0,0,17,0,21,0,0,0,0,0,0,0,0,0,160,6,91,0,96,5,80,6,90,0,6,0,18,0,54,0,284,0,19,0,7,4,0,0,0,0,0,8,0,0,0,2,0,0,0,0,0,0,0,0,0,0,0,0,0,0,0,0,0,0,0,0,0,0,2,0,498,155,942,982,704,0,0,0,1,0,0,0,0,0,0
0,0,0,0,0,0,7,21,45,71,0,0,0,0,0,0,0,86,0,0,0,0,0,12,0,42,0,0,0,10,0,0,0,0,0,0,0,0,0,0,0,0,0,22,0,12,0,0,0,0,0,0,12,115,0,232,7,0,22,243,0,0,0,31,1,0,33,9,0,0,0,0,0,0,0,0,0,3,0,0,0,0,0,0,0,0,0,0,0,0,0,0,0,4,0,0,0,0,0,0,0,4,0,0,0,0,0,0,0,0,0,0,0,0,0,0,0,0,0,0,0,0,0,0,0,36,0,5,0,16,0,33,0,32,0,76,0,44,0,21,0,7,0,0,0,0,0,0,0,2,0,0,0,0,0,112,0,13,0,132,1,55,0,16,0,12,0,0,0,47,0,457,0,0,0,0,0,0,0,0,0,0,0,0,8,3,0,0,0,0,0,0,0,0,0,0,0,0,0,0,0,0,0,0,0,0,0,0,0,0,0,0,0,0,402,0,0,0,440,136,631,656,56,44,0
4,0,0,0,0,0,24,0,71,0,0,0,0,0,0,0,0,0,0,0,0,0,0,0,0,0,0,0,0,0,0,0,0,0,0,0,0,0,0,0,0,0,4,0,0,0,0,0,0,0,0,0,53,33,33,25,48,22,0,154,0,0,0,0,122,54,318,102,4,0,0,0,0,0,0,0,0,0,0,0,0,0,0,0,0,0,0,0,0,0,0,0,0,0,0,0,0,0,0,0,0,0,0,0,0,0,0,0,0,0,0,0,0,0,0,0,0,0,0,0,0,0,0,0,0,0,0,0,2,0,46,0,0,0,0,0,5,0,0,0,0,0,0,0,6,0,0,0,6,0,0,0,0,0,48,15,97,0,6,16,36,11,0,0,0,0,7,0,25,0,88,0,6,0,12,6,6,2,0,0,0,0,1,0,33,7,0,0,0,0,0,0,0,0,0,0,0,0,0,0,0,0,0,0,0,0,0,0,5,0,515,279,534,881,595,0,141,6,2,0,0,0,0,0,0
0,5,0,0,0,0,0,0,74,55,0,0,0,0,0,0,0,6,0,0,0,0,0,0,0,0,0,0,0,1,0,0,0,0,0,0,0,0,0,0,0,0,0,0,0,0,0,0,0,0,0,0,28,44,28,65,27,243,154,0,0,84,0,0,41,101,172,281,0,0,0,0,0,0,0,0,0,0,0,0,0,0,0,0,0,0,0,0,0,0,0,0,0,0,0,0,0,0,0,0,0,0,0,0,0,0,0,0,0,0,0,0,0,0,0,0,0,0,0,0,0,0,0,0,0,25,0,7,0,3,0,71,0,0,0,7,0,0,0,1,0,0,0,0,0,17,0,0,0,19,0,0,0,0,6,66,1,95,0,25,6,77,0,31,0,5,0,0,0,0,0,223,0,0,4,23,8,0,0,0,3,0,0,0,26,50,0,0,0,0,0,0,0,0,0,0,0,0,0,0,0,0,0,0,0,0,0,0,0,0,0,2,0,0,966,0,0,0,1016,672,704,1018,123,39,0
0,0,0,0,0,0,337,0,133,0,0,0,0,0,0,0,0,0,0,0,0,0,0,0,147,0,22,0,0,0,4,0,7,0,0,0,17,0,11,0,0,0,0,0,6,0,0,0,8,0,5,0,163,0,97,0,0,0,0,0,0,0,85,0,0,0,0,0,0,0,3,0,0,0,6,0,0,0,0,0,0,0,0,0,0,0,0,0,0,0,0,0,0,0,0,0,0,0,0,0,0,0,0,0,0,0,0,0,0,0,0,0,0,0,0,0,0,0,0,0,0,0,0,0,0,0,0,0,0,0,0,0,0,0,0,0,30,0,70,0,33,0,31,0,99,0,0,0,0,0,0,0,0,0,72,0,113,0,16,0,0,0,9,0,0,0,0,0,0,0,75,0,44,0,0,0,37,0,0,0,0,0,48,0,0,0,0,0,0,0,0,0,0,0,0,0,0,0,0,0,0,0,0,0,0,0,0,0,0,0,54,142,74,69,0,0,16,0,0,0,0,0,0,0,0
0,133,0,0,0,0,0,249,0,291,0,0,0,0,0,0,0,2,0,0,0,0,0,0,0,71,0,0,0,3,0,0,0,6,0,0,0,24,0,11,0,0,0,4,0,0,0,0,0,0,0,0,1,108,0,120,0,0,0,84,0,0,0,122,0,0,0,15,0,0,0,0,0,0,0,0,0,0,0,1,0,0,0,0,0,0,0,0,0,0,0,0,0,0,0,0,0,0,0,0,0,0,0,0,0,0,0,0,0,0,0,0,0,0,0,0,0,0,0,0,0,0,0,0,0,3,0,0,0,0,0,0,0,0,0,0,0,0,0,135,0,42,0,0,0,218,0,0,0,0,0,0,0,0,0,11,0,214,0,55,0,0,0,3,0,0,0,0,0,2,0,89,0,12,0,0,0,93,0,0,0,0,0,77,0,0,0,0,0,0,0,0,0,0,0,0,0,0,0,0,0,0,0,0,0,0,0,0,0,0,0,0,0,0,0,0,0,0,17,255,79,37,0,7,0
118,42,175,0,2,0,408,69,231,101,0,0,0,0,41,0,258,0,36,0,164,0,154,0,515,15,118,0,52,0,57,0,24,1,15,0,16,0,40,0,0,0,0,0,45,0,27,0,7,0,13,0,113,3,23,45,17,0,0,0,85,0,0,11,0,0,0,2,0,0,9,0,0,0,26,0,0,0,0,0,0,0,0,0,230,0,90,0,0,0,41,0,0,0,0,0,85,0,329,0,161,0,0,0,0,0,0,0,0,0,0,0,0,0,0,0,0,0,0,0,71,0,54,0,0,0,0,0,0,0,0,0,0,0,0,0,174,0,78,0,109,0,247,0,21,0,0,0,0,0,0,0,0,0,131,0,37,0,134,0,22,0,0,0,0,0,0,0,0,0,7,0,11,0,0,0,46,0,0,0,0,0,136,3,0,2,0,0,0,0,0,0,0,0,0,0,0,0,0,0,19,0,0,0,0,0,0,0,0,0,36,179,18,17,15,0,7,0,0,0,0,0,0,0,0
11,59,7,14,0,11,50,238,24,218,0,9,0,0,0,37,2,184,0,59,0,69,0,23,23,105,0,0,0,93,0,10,0,17,0,11,0,12,0,45,0,0,0,0,0,3,0,0,0,0,0,8,8,144,15,170,0,31,0,0,0,122,11,0,0,0,0,15,0,0,0,0,0,0,0,0,0,0,0,0,0,0,0,0,0,0,0,0,0,0,0,0,0,0,0,0,0,0,0,0,0,0,0,0,0,0,0,0,0,0,0,0,0,0,0,0,0,0,0,0,0,0,0,0,0,0,0,0,0,0,0,4,0,0,0,0,0,0,0,59,0,15,0,11,0,31,0,0,0,0,0,0,0,0,0,25,0,33,0,50,0,1,0,0,0,0,0,0,0,0,0,10,1,7,0,0,0,60,0,0,0,0,0,101,0,2,0,0,0,0,0,0,0,0,0,0,0,0,0,0,0,0,0,0,0,0,0,0,0,0,0,0,0,0,13,0,0,0,39,364,21,0,2,3,0
21,0,18,0,0,0,38,0,85,0,9,0,0,0,22,0,0,0,0,0,0,0,12,0,3,0,0,0,0,0,0,0,0,0,0,0,0,0,0,0,5,0,0,0,0,0,0,0,0,0,0,0,0,0,27,0,22,1,122,41,0,0,0,0,0,0,142,0,0,0,0,0,0,0,0,0,0,0,0,0,0,0,0,0,0,0,0,0,0,0,0,0,0,0,0,0,0,0,0,0,0,0,0,0,0,0,0,0,0,0,0,0,0,0,0,0,0,0,0,0,0,0,0,0,15,0,3,0,0,0,40,0,0,0,12,0,0,0,34,17,0,4,0,0,103,0,9,0,65,0,16,0,9,0,5,12,28,0,6,40,151,0,0,0,0,0,0,0,0,0,0,0,0,0,87,14,15,0,0,0,211,60,31,0,215,0,0,0,0,0,0,0,0,0,0,0,7,0,7,0,0,0,0,0,0,0,3,0,17,0,112,27,0,0,170,0,0,0,0,0,0,0,0,0,0
0,27,0,0,0,17,0,0,13,249,0,21,0,11,0,13,0,0,0,0,0,0,0,0,0,0,0,35,0,0,0,0,0,0,0,0,0,0,0,0,0,0,0,0,0,0,0,0,0,7,0,0,0,0,0,24,20,0,54,101,0,0,0,0,0,0,32,282,0,0,0,12,0,0,0,3,0,0,0,0,0,0,0,3,0,0,0,8,0,0,0,0,0,0,0,0,0,1,0,0,0,0,0,0,0,0,0,0,0,0,0,0,0,0,0,0,0,0,0,0,0,0,0,0,0,25,0,14,4,0,0,35,0,0,0,6,0,2,3,47,0,2,0,0,0,104,0,70,0,123,0,53,0,38,2,10,0,0,0,3,0,330,0,0,0,0,0,0,0,0,0,0,0,0,3,69,0,6,0,0,24,152,0,4,10,112,0,0,0,0,0,0,0,0,0,0,0,0,0,0,0,0,0,0,0,0,0,30,0,24,2,0,0,0,75,0,0,0,111,0,0,0,0,0,0
0,0,0,0,0,0,106,0,97,0,0,0,0,0,0,0,0,0,0,0,0,0,0,0,0,0,0,0,0,0,0,0,0,0,0,0,0,0,0,0,0,0,0,0,1,0,0,0,0,0,0,0,0,27,65,17,12,33,318,172,0,0,0,0,142,32,0,60,0,0,0,0,0,0,0,0,0,0,0,0,0,0,0,0,0,0,0,0,0,0,0,0,0,0,0,0,0,0,0,0,0,0,0,0,0,0,0,0,0,0,0,0,0,0,0,0,0,0,0,0,0,0,0,0,0,0,0,0,0,0,45,0,0,0,0,0,0,0,0,0,0,0,0,0,2,0,0,0,30,0,0,0,0,0,15,8,10,1,0,5,58,8,0,0,0,0,0,0,3,0,18,0,0,0,22,6,53,0,0,0,0,6,9,0,375,0,0,0,0,0,0,0,0,0,0,0,0,0,0,0,0,0,0,0,0,0,1,0,2,0,57,66,49,129,61,0,15,0,0,0,0,0,0,0,0
0,0,0,0,0,0,59,0,131,255,0,0,0,0,0,0,0,0,0,0,0,0,0,0,0,0,0,0,0,0,0,0,0,0,0,0,0,0,0,0,0,0,0,0,0,0,0,0,0,0,0,0,35,29,55,143,41,9,102,281,0,15,2,15,0,282,60,0,0,0,0,0,0,0,0,0,0,0,0,0,0,0,0,0,0,0,0,0,0,0,0,0,0,0,0,0,0,0,0,0,0,0,0,0,0,0,0,0,0,0,0,0,0,0,0,0,0,0,0,0,0,0,0,0,0,37,0,18,0,0,0,33,0,0,0,0,0,0,2,1,0,0,0,0,0,3,0,17,0,54,0,7,0,0,0,19,0,13,3,7,3,14,0,0,0,0,0,0,0,0,0,0,0,0,2,37,16,57,0,0,0,0,0,0,16,282,0,0,0,0,0,0,0,0,0,0,0,0,0,0,0,0,0,0,0,0,0,0,0,0,0,0,0,0,80,0,0,0,91,124,52,0,0,0,0
0,0,0,0,0,0,1,0,0,0,0,0,0,0,0,0,0,0,0,0,0,0,0,0,0,0,0,0,0,0,0,0,0,0,0,0,0,0,0,0,0,0,1,0,0,0,0,0,11,0,6,0,0,0,3,0,5,0,4,0,0,0,0,0,0,0,0,0,0,0,0,0,0,0,0,0,112,0,21,0,0,0,48,0,0,0,6,0,44,0,0,0,132,0,8,0,0,0,0,0,2,0,192,0,0,0,32,0,13,0,21,0,6,0,17,0,0,0,0,0,0,0,0,0,0,0,0,0,0,0,0,0,0,0,0,0,0,0,0,0,0,0,0,0,0,0,0,0,0,0,0,0,0,0,0,0,0,0,0,0,0,0,0,0,34,0,0,0,183,0,7,0,4,0,0,0,0,0,0,0,0,0,0,0,0,0,0,0,0,0,0,0,0,0,0,0,0,0,0,0,0,0,0,0,0,0,0,0,0,0,35,7,62,0,0,41,59,0,0,0,0,0,0,0,0
0,1,0,0,0,0,0,0,0,2,0,0,0,0,0,0,0,0,0,0,0,0,0,0,0,0,0,0,0,0,0,0,0,0,0,0,0,0,0,0,0,0,0,0,0,6,0,0,0,0,0,5,0,0,0,0,0,0,0,0,0,0,0,0,0,0,0,0,0,0,0,0,0,2,0,0,0,51,0,0,0,0,0,36,0,0,0,7,0,10,0,0,0,30,0,9,0,0,0,0,0,2,0,103,0,0,0,0,0,48,0,1,0,0,0,0,0,9,0,0,0,1,0,0,0,0,0,0,0,0,0,0,0,0,0,0,0,0,0,0,0,0,0,0,0,0,0,0,0,0,0,0,0,0,0,0,0,0,0,0,0,0,0,0,0,26,0,0,0,64,0,8,0,0,0,0,0,0,0,0,0,1,0,0,0,0,0,0,0,0,0,3,0,0,0,8,0,0,0,3,0,0,0,0,0,0,0,0,0,0,0,0,0,0,0,0,0,0,7,7,68,0,11,10,0
0,0,0,0,0,0,0,0,0,0,0,0,0,0,0,0,0,0,0,0,37,0,0,0,0,0,90,0,8,0,0,0,12,0,25,0,57,0,14,0,0,0,27,0,41,0,0,0,0,0,45,0,0,0,0,0,0,0,0,0,3,0,9,0,0,0,0,0,0,0,0,0,179,0,135,0,0,0,67,0,8,0,8,0,0,0,30,0,0,0,0,0,0,0,6,0,0,0,0,0,0,0,0,0,0,3,0,0,0,0,0,0,0,0,0,0,0,0,0,0,34,0,5,0,43,0,88,0,31,0,9,0,41,0,0,3,0,0,3,0,56,0,19,0,46,0,29,7,17,0,25,0,7,1,1,0,7,0,0,0,0,0,61,0,0,0,71,0,10,0,21,0,47,0,7,0,0,0,0,0,0,0,0,0,4,0,0,0,0,0,0,0,0,0,0,0,0,0,0,0,0,0,0,0,0,0,0,0,84,0,121,5,16,0,0,0,0,0,0,0,0,0,0,0,0
0,0,0,0,0,0,0,0,0,0,0,0,0,0,0,0,0,0,0,0,0,0,0,0,0,0,0,0,0,0,0,0,0,0,0,0,0,4,0,0,0,0,0,32,0,11,0,0,0,0,0,30,0,0,0,0,0,0,0,0,0,0,0,0,0,12,0,0,0,0,0,0,0,122,0,222,0,17,0,6,0,0,0,0,0,0,0,31,0,0,1,0,0,0,0,0,0,0,0,0,0,0,0,0,0,0,0,0,0,0,0,0,0,0,0,0,0,0,0,0,0,5,0,3,0,115,0,0,0,0,0,32,0,29,0,0,0,0,0,12,0,46,0,24,0,94,0,42,0,66,0,0,0,7,0,0,0,4,0,9,0,8,0,43,0,0,0,21,0,7,0,29,0,0,0,4,0,0,0,1,6,26,0,0,0,0,0,0,0,0,0,0,0,0,0,0,0,0,0,12,0,0,0,0,0,0,0,0,0,60,0,0,0,0,0,0,0,0,58,23,40,0,0,1,0
0,0,12,0,0,0,0,0,0,0,0,0,0,0,0,0,0,0,0,0,0,0,0,0,0,0,0,0,0,0,0,0,0,0,0,0,0,0,0,0,0,0,0,0,0,0,0,0,1,0,0,0,2,0,0,0,0,0,0,0,0,0,0,0,0,0,0,0,0,0,179,0,0,0,220,0,28,0,196,0,0,0,21,0,0,0,10,0,0,0,6,0,2,0,0,0,0,0,0,0,0,0,0,0,0,0,0,0,0,0,0,0,0,0,0,0,0,0,0,0,37,0,0,0,42,0,127,0,0,0,9,0,38,0,220,0,0,0,0,0,34,0,46,0,22,0,14,0,3,0,51,0,0,0,0,0,0,0,2,0,0,0,28,0,0,0,10,0,15,0,6,0,0,0,0,0,0,0,0,0,0,0,0,0,1,0,0,0,0,0,0,0,0,0,0,0,74,0,252,0,75,0,0,0,61,0,299,0,279,0,339,3,9,0,45,0,1,0,0,0,0,0,0,0,0
0,0,0,0,0,0,0,0,0,0,0,0,0,0,0,0,0,0,0,0,0,0,0,0,0,0,0,0,0,0,0,0,0,0,0,0,0,0,0,0,0,0,0,0,0,0,0,0,0,0,0,0,0,0,0,0,0,0,0,0,0,0,0,0,0,0,0,0,0,2,0,122,0,0,1,201,0,62,0,48,0,0,0,9,0,22,0,104,0,1,0,0,0,6,0,0,0,0,0,15,0,0,0,2,0,0,0,0,0,0,0,0,0,0,0,0,0,0,0,0,0,59,0,11,0,97,0,111,0,0,0,0,0,0,0,236,0,0,0,0,0,15,0,45,0,18,0,0,0,27,0,0,0,8,0,0,0,0,0,0,0,0,0,68,0,0,0,6,0,3,0,0,0,0,0,3,0,0,0,0,0,25,0,0,0,0,0,0,0,0,0,0,0,0,0,8,0,0,0,231,0,130,0,399,0,0,0,260,0,242,0,0,0,0,21,0,0,0,150,0,13,0,0,0,0
0,0,0,0,0,0,0,0,0,0,0,0,0,0,0,0,16,0,0,0,55,0,0,0,7,0,168,0,32,0,48,0,32,0,37,0,68,0,34,0,0,0,33,0,72,0,0,0,12,0,43,0,0,0,0,0,0,0,0,0,6,0,26,0,0,0,0,0,0,0,135,0,220,1,0,0,20,0,158,0,39,0,20,0,99,0,52,0,0,0,11,0,11,0,17,0,22,0,0,0,9,0,0,0,0,0,0,0,0,0,0,0,0,0,0,0,0,0,1,0,103,0,64,0,41,19,45,6,9,0,0,11,22,1,197,0,73,0,0,0,119,0,228,0,98,0,44,11,31,17,33,0,16,0,0,0,14,0,0,0,0,0,62,0,0,0,59,0,13,0,16,0,30,0,17,0,0,0,0,0,43,8,0,0,0,0,0,0,0,0,0,0,0,0,2,0,0,0,144,0,105,0,0,0,0,0,117,0,188,0,177,0,28,0,19,2,0,0,0,0,0,0,0,0,0
0,0,0,0,0,0,0,0,0,0,0,0,0,0,0,0,0,0,0,0,0,0,0,1,0,0,0,12,0,0,0,0,0,0,0,0,0,0,0,0,0,0,0,25,0,0,0,0,0,0,0,24,0,0,0,0,0,0,0,0,0,0,0,0,0,3,0,0,0,0,0,222,0,201,0,0,0,15,0,17,0,7,0,0,0,10,0,75,0,0,0,0,0,0,0,2,0,0,0,2,0,0,0,0,0,0,0,0,0,0,0,0,0,0,0,0,0,0,0,0,0,153,0,77,0,132,0,153,0,0,0,0,0,0,0,149,0,91,0,9,0,64,0,103,0,171,0,53,0,0,0,60,0,23,0,0,0,0,0,0,0,0,0,77,0,0,0,0,0,0,0,0,0,17,0,0,0,0,0,0,8,51,0,0,0,0,0,0,0,0,0,0,0,0,0,0,0,0,0,85,0,0,0,79,0,0,0,224,0,245,0,0,0,0,7,0,0,0,72,16,16,0,0,0,0
0,0,0,0,0,0,0,0,0,0,0,0,0,0,0,0,0,0,0,0,0,0,0,0,0,0,0,0,0,0,0,0,0,0,0,0,0,0,0,0,0,0,0,0,0,0,0,0,0,0,0,0,0,0,0,0,0,0,0,0,0,0,0,0,0,0,0,0,112,0,0,0,28,0,20,0,0,0,33,0,0,0,113,0,0,0,67,0,11,0,29,0,31,0,21,0,0,0,0,0,3,0,28,0,22,0,32,0,3,0,1,0,0,0,1,0,1,0,0,0,5,0,0,0,0,0,0,0,0,0,0,0,0,0,0,0,0,0,0,0,0,0,0,0,0,0,0,0,2,0,0,0,0,0,0,0,0,0,0,0,0,0,3,0,9,0,0,0,119,0,2,0,0,0,0,0,0,0,0,0,0,0,0,0,0,0,0,0,0,0,0,0,0,0,0,0,0,0,0,0,0,0,0,0,0,0,0,0,0,0,22,3,32,0,0,0,35,0,0,0,0,0,0,0,0
0,0,0,0,0,0,0,0,0,0,0,0,0,0,0,0,0,0,0,0,0,0,0,0,0,0,0,0,0,0,0,0,0,0,0,0,0,0,0,0,0,0,0,0,0,5,0,0,0,0,0,0,0,0,0,0,0,3,0,0,0,0,0,0,0,0,0,0,0,51,0,17,0,62,0,15,0,0,0,29,0,77,0,190,0,0,0,172,0,0,0,0,0,150,0,56,0,0,0,38,0,32,0,202,0,0,0,0,0,38,0,4,0,0,0,0,0,11,0,0,0,25,0,3,0,0,0,0,0,0,0,0,0,0,0,32,0,0,0,0,0,0,0,0,0,0,0,0,0,0,2,0,0,0,0,0,0,0,0,0,0,0,0,5,0,11,0,0,0,98,0,8,0,0,0,0,0,0,0,0,3,0,0,0,0,0,0,0,0,121,0,0,0,0,0,70,0,16,0,0,0,93,0,59,0,0,0,0,0,0,0,0,0,0,21,0,0,0,27,12,60,0,27,0,0
0,0,0,0,0,0,0,0,0,0,0,0,0,0,0,0,0,0,0,0,0,0,0,0,0,0,0,0,0,0,0,0,0,0,0,0,0,0,0,0,1,0,0,0,0,0,0,0,4,0,0,0,0,0,0,0,0,0,0,0,0,0,0,0,0,0,0,0,21,0,67,0,196,0,158,0,33,0,0,0,17,0,87,0,29,0,115,0,4,0,32,1,32,0,18,0,0,0,5,0,0,0,34,0,0,0,0,0,10,0,0,0,0,0,0,0,5,0,0,0,53,0,10,0,0,0,0,0,0,0,0,0,0,0,0,0,0,0,0,0,18,0,0,0,0,0,0,0,0,0,0,0,0,0,0,0,0,0,0,0,0,0,0,0,12,0,0,0,73,0,0,0,0,0,0,0,0,0,0,0,0,0,0,0,0,0,0,0,0,0,0,0,181,0,19,0,0,0,206,0,125,0,218,0,143,0,0,0,146,0,167,3,47,0,33,6,37,0,0,0,0,0,0,0,0
